1504198190213	534627244581	7.0	-30.0	0.0	95.0	
1504198190230	534647386182	7.0	-30.597213745117188	0.0	95.0	
1504198190248	534667527784	7.0	-30.25823974609375	0.0	95.0	
1504198190266	534687669385	7.0	-30.0	0.0	95.0	
1504198190301	534707810987	7.0	-30.0	0.0	95.0	
1504198190316	534727952589	7.0	-30.0	0.0	95.0	
1504198190335	534748094190	7.0	-30.0	0.0	95.0	
1504198190353	534768235792	7.0	-30.0	0.0	95.0	
1504198190371	534788377393	7.0	-30.0	0.0	95.0	
1504198190389	534808518995	7.0	-30.0	0.0	95.0	
1504198190405	534828660596	7.0	-30.0	0.0	95.0	
1504198190441	534848802198	7.0	-31.0	0.0	95.0	
1504198190457	534868943799	7.0	-31.0	0.0	95.0	
1504198190476	534889085401	7.0	-31.0	0.0	95.0	
1504198190494	534909227003	7.0	-31.0	0.0	95.0	
1504198190511	534929368604	7.0	-31.0	0.0	95.0	
1504198190530	534949510206	7.0	-31.0	0.0	95.0	
1504198190547	534969651807	7.0	-31.0	0.0	95.0	
1504198190582	534989793409	7.0	-31.0	0.0	95.0	
1504198190598	535009935010	7.0	-31.0	0.0	95.0	
1504198190619	535030076612	7.0	-31.0	0.0	95.0	
1504198190639	535050218214	7.0	-31.0	0.0	95.0	
1504198190655	535070359815	7.0	-31.0	0.0	95.0	
1504198190671	535090501417	7.0	-31.0	0.0	95.0	
1504198190690	535110643018	7.0	-31.0	0.0	95.0	
1504198190724	535130784620	7.0	-31.069320678710938	0.0	95.0	
1504198190739	535150926221	7.0	-31.786468505859375	0.0	95.0	
1504198190758	535171067823	7.0	-31.0	0.0	95.0	
1504198190776	535191209424	7.0	-31.0	0.0	95.0	
1504198190795	535211351026	7.0	-31.0	0.0	95.0	
1504198190811	535231492628	7.0	-31.0	0.0	95.0	
1504198190828	535251634229	7.0	-31.0	0.0	95.0	
1504198190864	535271775831	7.0	-31.0	0.0	95.0	
1504198190881	535291917432	7.0	-31.227035522460938	0.0	95.0	
1504198190901	535312059034	6.62847900390625	-32.0	0.0	95.0	
1504198190917	535332200635	6.0	-31.483535766601563	0.0	95.0	
1504198190935	535352342237	6.0	-31.0	0.0	95.0	
1504198190954	535372483839	6.0	-31.0	0.0	95.0	
1504198190970	535392625440	6.0	-31.0	0.0	95.0	
1504198191009	535412767042	6.0	-31.0	0.0	95.0	
1504198191022	535432908643	6.0	-31.0	0.0	95.0	
1504198191041	535453050245	6.0	-31.0	0.0	95.0	
1504198191059	535473191846	6.0	-31.0	0.0	95.0	
1504198191077	535493333448	6.0	-31.0	0.0	95.0	
1504198191095	535513475049	6.0	-31.0	0.0	95.0	
1504198191113	535533616651	6.0	-31.0	0.963531494140625	95.0	
1504198191145	535553758253	6.0	-31.0	1.0	95.0	
1504198191162	535573899854	6.0	-31.0	1.0	95.0	
1504198191182	535594041456	6.0	-31.0	1.0	95.0	
1504198191198	535614183057	6.0	-31.0	1.0	95.0	
1504198191220	535634324659	6.0	-30.313705444335938	1.0	95.0	
1504198191235	535654466260	6.0	-30.0	1.0	95.0	
1504198191255	535674607862	6.9757232666015625	-30.0	1.0	95.0	
1504198191287	535694749464	7.0	-29.119781494140625	1.0	95.0	
1504198191306	535714891065	7.0	-30.0	1.0	95.0	
1504198191321	535735032667	7.0	-30.0	1.0	95.0	
1504198191341	535755174268	7.0	-30.0	1.0	95.0	
1504198191358	535775315870	7.0	-30.69842529296875	1.0	95.0	
1504198191378	535795457471	6.15625	-31.84375	1.0	95.0	
1504198191399	535815599073	6.0	-32.98785400390625	1.0	95.0	
1504198191431	535835740674	4.8665618896484375	-33.0	0.0	95.0	
1504198191446	535855882276	4.27777099609375	-32.72222900390625	0.0	95.0	
1504198191466	535876023878	5.0	-31.577133178710938	0.0	95.0	
1504198191482	535896165479	5.56671142578125	-30.43328857421875	0.0	95.0	
1504198191498	535916307081	6.0	-30.0	0.0	95.0	
1504198191518	535936448682	6.85614013671875	-30.0	0.0	95.0	
1504198191553	535956590284	7.0017242431640625	-30.0	0.0	95.0	
1504198191569	535976731885	8.0	-30.0	0.0	95.0	
1504198191587	535996873487	8.0	-30.291152954101563	0.2911529541015625	95.0	
1504198191603	536017015089	8.0	-31.0	0.56500244140625	95.0	
1504198191621	536037156690	8.0	-30.420150756835938	0.0	95.0	
1504198191649	536057298292	7.27557373046875	-30.0	0.0	95.0	
1504198191659	536077439893	7.0	-30.0	-0.869781494140625	95.0	
1504198191694	536097581495	7.0	-28.98614501953125	-2.0	95.0	
1504198191711	536117723096	7.0	-27.842025756835938	-2.1579742431640625	95.0	
1504198191727	536137864698	7.0	-27.0	-3.0	95.0	
1504198191744	536158006299	7.0	-26.552093505859375	-3.0	95.0	
1504198191762	536178147901	7.0	-26.0	-2.40728759765625	95.0	
1504198191782	536198289503	7.0	-25.262161254882813	-2.0	95.0	
1504198191800	536218431104	7.0	-24.11785888671875	-1.11785888671875	95.0	
1504198191833	536238572706	7.0	-24.0	-1.0	95.0	
1504198191852	536258714307	7.0	-24.0	-1.0	95.0	
1504198191869	536278855909	7.0	-24.0	-1.0	95.0	
1504198191885	536298997510	7.0	-24.0	-0.53900146484375	95.0	
1504198191905	536319139112	7.0	-24.0	0.0	95.0	
1504198191921	536339280714	7.0	-24.0	0.0	95.0	
1504198191942	536359422315	7.0	-24.0	0.0	95.0	
1504198191975	536379563917	7.0	-24.0	0.0	95.0	
1504198191994	536399705518	7.0	-24.0	0.0	95.0	
1504198192009	536419847120	6.67071533203125	-24.32928466796875	0.0	95.0	
1504198192026	536439988721	6.0	-25.0	0.0	95.0	
1504198192046	536460130323	6.0	-25.6180419921875	0.0	95.0	
1504198192064	536480271924	6.0	-26.0	0.0	95.0	
1504198192080	536500413526	6.0	-26.907974243164063	0.0	95.0	
1504198192117	536520555128	6.0	-27.051986694335938	0.0519866943359375	95.0	
1504198192133	536540696729	6.0	-28.1961669921875	1.1961669921875	95.0	
1504198192151	536560838331	6.3414154052734375	-29.0	2.0	95.0	
1504198192169	536580979932	7.0	-29.0	2.0	95.0	
1504198192187	536601121534	7.0	-29.0	2.0	95.0	
1504198192204	536621263135	7.0	-29.0	1.223968505859375	95.0	
1504198192222	536641404737	7.0	-29.0	1.0	95.0	
1504198192258	536661546339	7.0642242431640625	-28.0	0.9357757568359375	95.0	
1504198192281	536681687940	8.0	-28.0	0.0	95.0	
1504198192292	536701829542	8.0	-28.0	0.0	95.0	
1504198192308	536721971143	8.0	-28.0	0.0	95.0	
1504198192330	536742112745	7.357025146484375	-27.357025146484375	0.0	95.0	
1504198192347	536762254346	7.0	-26.211807250976563	0.0	95.0	
1504198192364	536782395948	7.0	-24.13519287109375	-0.932403564453125	95.0	
1504198192399	536802537549	7.0	-21.922012329101563	-2.0	95.0	
1504198192416	536822679151	7.0	-21.0	-2.0	95.0	
1504198192434	536842820753	7.0	-21.0	-2.0	95.0	
1504198192449	536862962354	7.0	-21.511260986328125	-1.488739013671875	95.0	
1504198192469	536883103956	7.0	-22.65625	-1.0	95.0	
1504198192487	536903245557	7.0	-23.0	-1.0	95.0	
1504198192506	536923387159	7.0	-23.9461669921875	-1.0	95.0	
1504198192539	536943528760	7.0	-23.0	-1.0	95.0	
1504198192556	536963670362	7.0	-23.0	-1.0	95.0	
1504198192575	536983811964	7.0	-23.0	-1.0	95.0	
1504198192590	537003953565	6.4757080078125	-22.4757080078125	-1.0	95.0	
1504198192608	537024095167	6.0	-22.668975830078125	-1.0	95.0	
1504198192626	537044236768	6.0	-23.0	-1.0	95.0	
1504198192646	537064378370	5.041595458984375	-23.0	-1.0	95.0	
1504198192681	537084519971	5.0	-23.1024169921875	-1.0	95.0	
1504198192703	537104661573	5.0	-24.0	-1.0	95.0	
1504198192714	537124803174	5.3923492431640625	-24.0	-1.0	95.0	
1504198192732	537144944776	6.0	-24.0	-1.0	95.0	
1504198192752	537165086378	6.0	-24.0	-1.0	95.0	
1504198192768	537185227979	6.0	-24.826675415039063	-1.0	95.0	
1504198192787	537205369581	6.9705352783203125	-25.0	-1.0	95.0	
1504198192821	537225511182	7.0	-25.0	0.0	95.0	
1504198192843	537245652784	7.260406494140625	-25.0	0.0	95.0	
1504198192856	537265794385	8.0	-25.0	0.0	95.0	
1504198192872	537285935987	8.0	-25.0	0.0	95.0	
1504198192891	537306077589	8.0	-25.0	0.0	95.0	
1504198192910	537326219190	8.0	-25.0	0.0	95.0	
1504198192927	537346360792	8.984375	-25.0	0.0	95.0	
1504198192967	537366502393	9.0	-25.0	0.0	95.0	
1504198192980	537386643995	9.0	-25.0	0.0	95.0	
1504198192997	537406785596	9.0	-25.0	0.0	95.0	
1504198193014	537426927198	9.0	-25.0	0.0	95.0	
1504198193032	537447068799	9.0	-25.0	0.0	95.0	
1504198193050	537467210401	9.0	-25.0	0.0	95.0	
1504198193068	537487352003	9.0	-25.0	0.0	95.0	
1504198193104	537507493604	9.0	-25.140625	0.0	95.0	
1504198193120	537527635206	9.0	-26.0	0.0	95.0	
1504198193138	537547776807	9.0	-26.4305419921875	0.4305419921875	95.0	
1504198193155	537567918409	9.0	-27.0	1.0	95.0	
1504198193176	537588060010	9.0	-27.0	1.0	95.0	
1504198193191	537608201612	9.0	-27.86480712890625	1.0	95.0	
1504198193227	537628343214	9.0	-28.0	1.0	95.0	
1504198193244	537648484815	9.0	-28.0	1.0	95.0	
1504198193261	537668626417	9.0	-28.0	1.0	95.0	
1504198193279	537688768018	9.0	-28.0	1.0	95.0	
1504198193295	537708909620	9.0	-28.0	1.0	95.0	
1504198193314	537729051221	9.0	-28.0	1.0	95.0	
1504198193334	537749192823	9.0	-28.0	1.0	95.0	
1504198193367	537769334424	9.0	-27.97747802734375	1.0	95.0	
1504198193384	537789476026	9.0	-27.0	1.0	95.0	
1504198193402	537809617628	9.0	-27.0	1.0	95.0	
1504198193421	537829759229	9.0	-27.0	1.0	95.0	
1504198193437	537849900831	9.0	-27.0	0.3993072509765625	95.0	
1504198193455	537870042432	9.0	-27.0	0.0	95.0	
1504198193473	537890184034	9.0	-26.109375	0.0	95.0	
1504198193508	537910325635	9.0	-26.0	0.0	95.0	
1504198193528	537930467237	9.0	-26.0	0.0	95.0	
1504198193543	537950608839	9.0	-26.0	0.0	95.0	
1504198193562	537970750440	9.0	-26.0	0.0	95.0	
1504198193578	537990892042	9.0	-26.0	0.0	95.0	
1504198193596	538011033643	9.7586669921875	-26.0	0.0	95.0	
1504198193614	538031175245	10.0	-26.0	0.0	95.0	
1504198193650	538051316846	10.0	-26.0	0.0	95.0	
1504198193667	538071458448	10.0	-26.0	0.0	95.0	
1504198193684	538091600049	9.6632080078125	-26.0	0.0	95.0	
1504198193704	538111741651	9.481796264648438	-26.0	0.0	95.0	
1504198193720	538131883253	10.0	-26.0	0.0	95.0	
1504198193736	538152024854	10.0	-26.0	0.0	95.0	
1504198193758	538172166456	10.0	-26.0	0.0	95.0	
1504198193792	538192308057	10.0	-26.0	0.0	95.0	
1504198193808	538212449659	10.0	-26.0	0.0	95.0	
1504198193826	538232591260	10.0	-26.0	0.0	95.0	
1504198193843	538252732862	9.506072998046875	-26.0	0.0	95.0	
1504198193862	538272874464	9.0	-26.0	0.0	95.0	
1504198193877	538293016065	9.0	-26.0	0.0	95.0	
1504198193898	538313157667	9.0	-26.0	0.0	95.0	
1504198193931	538333299268	10.0	-27.0	1.0	95.0	
1504198193949	538353440870	10.0	-27.0	1.2183685302734375	95.0	
1504198193967	538373582471	10.0	-26.637786865234375	2.362213134765625	95.0	
1504198193986	538393724073	10.0	-26.0	3.0	95.0	
1504198194009	538413865674	10.0	-26.0	3.651641845703125	95.0	
1504198194021	538434007276	10.0	-25.203125	4.796875	95.0	
1504198194037	538454148878	10.941070556640625	-24.058929443359375	5.0	95.0	
1504198194072	538474290479	11.0	-22.914932250976563	6.0	95.0	
1504198194089	538494432081	11.0	-22.0	5.769500732421875	95.0	
1504198194107	538514573682	11.375	-22.0	5.0	95.0	
1504198194124	538534715284	12.0	-22.0	5.0	95.0	
1504198194142	538554856885	12.0	-21.3350830078125	5.0	95.0	
1504198194161	538574998487	12.0	-21.809356689453125	5.0	95.0	
1504198194186	538595140089	12.953201293945313	-22.0	5.0	95.0	
1504198194214	538615281690	13.098785400390625	-22.098785400390625	6.098785400390625	95.0	
1504198194234	538635423292	14.2430419921875	-23.0	7.2430419921875	95.0	
1504198194249	538655564893	15.0	-23.388214111328125	8.388214111328125	95.0	
1504198194267	538675706495	15.532058715820313	-24.0	9.0	95.0	
1504198194285	538695848096	16.0	-23.322921752929688	9.0	95.0	
1504198194301	538715989698	16.0	-23.0	9.0	95.0	
1504198194321	538736131299	16.0	-23.0	9.0	95.0	
1504198194353	538756272901	15.888900756835938	-23.0	8.888900756835938	95.0	
1504198194371	538776414503	15.0	-23.0	8.0	95.0	
1504198194390	538796556104	15.0	-23.400344848632813	8.0	95.0	
1504198194407	538816697706	15.0	-24.0	8.0	95.0	
1504198194431	538836839307	15.0	-24.0	8.0	95.0	
1504198194446	538856980909	15.0	-24.835067749023438	8.0	95.0	
1504198194464	538877122510	15.0	-24.020797729492188	8.0	95.0	
1504198194496	538897264112	15.0	-24.0	7.0	95.0	
1504198194513	538917405714	14.73138427734375	-23.73138427734375	7.0	95.0	
1504198194532	538937547315	14.0	-23.0	7.0	95.0	
1504198194550	538957688917	14.0	-23.0	6.4448394775390625	95.0	
1504198194566	538977830518	13.308090209960938	-23.691909790039063	6.0	95.0	
1504198194582	538997972120	13.0	-24.0	6.0	95.0	
1504198194602	539018113721	13.0	-24.0	5.039520263671875	95.0	
1504198194636	539038255323	12.903793334960938	-24.0	5.0	95.0	
1504198194654	539058396924	12.0	-24.0	5.0	95.0	
1504198194671	539078538526	12.0	-24.0	4.6351165771484375	95.0	
1504198194689	539098680128	12.0	-24.0	4.0	95.0	
1504198194709	539118821729	12.0	-24.0	4.0	95.0	
1504198194723	539138963331	12.0	-24.76934814453125	4.0	95.0	
1504198194742	539159104932	12.0	-25.0	4.0	95.0	
1504198194779	539179246534	12.0	-24.0	3.0	95.0	
1504198194796	539199388135	11.827896118164063	-24.0	3.0	95.0	
1504198194812	539219529737	11.0	-24.0	3.0	95.0	
1504198194833	539239671339	11.0	-24.0	3.0	95.0	
1504198194849	539259812940	11.0	-24.576583862304688	3.0	95.0	
1504198194866	539279954542	11.0	-25.0	3.0	95.0	
1504198194883	539300096143	11.0	-25.845352172851563	3.0	95.0	
1504198194903	539320237745	11.0	-26.0	3.0	95.0	
1504198194937	539340379346	11.0	-27.0	3.0	95.0	
1504198194954	539360520948	11.0	-27.0	3.0	95.0	
1504198194971	539380662549	11.0	-27.0	3.0	95.0	
1504198194988	539400804151	11.0	-27.0	3.0	95.0	
1504198195006	539420945753	11.0	-27.0	3.0	95.0	
1504198195025	539441087354	11.0	-27.0	3.0	95.0	
1504198195042	539461228956	11.0	-27.0	3.0	95.0	
1504198195078	539481370557	11.0	-27.0	3.0	95.0	
1504198195095	539501512159	11.0	-27.0	3.0	95.0	
1504198195112	539521653760	11.0	-27.0	3.0	95.0	
1504198195131	539541795362	11.0	-27.0	3.0	95.0	
1504198195146	539561936964	10.40447998046875	-27.0	3.0	95.0	
1504198195165	539582078565	10.0	-27.0	3.0	95.0	
1504198195184	539602220167	10.0	-27.0	3.0	95.0	
1504198195200	539622361768	10.0	-27.0	2.0	95.0	
1504198195235	539642503370	10.0	-27.0	2.0	95.0	
1504198195253	539662644971	10.0	-27.0	2.0	95.0	
1504198195279	539682786573	10.0	-27.0	2.0	95.0	
1504198195288	539702928174	10.0	-27.0	2.0	95.0	
1504198195307	539723069776	10.0	-27.0	2.0	95.0	
1504198195323	539743211378	10.0	-27.0	2.0	95.0	
1504198195350	539763352979	10.0	-27.0	2.0	95.0	
1504198195391	539783494581	10.0	-26.924270629882813	2.0	95.0	
1504198195407	539803636182	9.788665771484375	-26.0	2.0	95.0	
1504198195424	539823777784	9.0	-26.0	2.0	95.0	
1504198195432	539843919385	9.0	-26.0	2.0	95.0	
1504198195448	539864060987	9.0	-26.0	2.0	95.0	
1504198195464	539884202589	9.0	-26.0	2.0	95.0	
1504198195482	539904344190	9.0	-26.0	2.0	95.0	
1504198195517	539924485792	9.0	-26.0	2.0	95.0	
1504198195534	539944627393	9.0	-26.0	2.0	95.0	
1504198195552	539964768995	9.0	-26.0	2.0	95.0	
1504198195568	539984910596	9.0	-26.0	2.0	95.0	
1504198195587	540005052198	9.0	-26.0	2.0	95.0	
1504198195606	540025193799	9.0	-26.0	2.0	95.0	
1504198195623	540045335401	9.826446533203125	-26.0	2.0	95.0	
1504198195640	540065477003	9.039520263671875	-26.0	1.039520263671875	95.0	
1504198195678	540085618604	9.0	-26.0	1.0	95.0	
1504198195694	540105760206	9.0	-26.0	1.0	95.0	
1504198195715	540125901807	9.0	-26.0	1.0	95.0	
1504198195728	540146043409	9.0	-25.500869750976563	1.0	95.0	
1504198195746	540166185010	9.0	-25.0	0.3659820556640625	95.0	
1504198195765	540186326612	9.0	-25.0	0.0	95.0	
1504198195781	540206468214	9.0	-24.096389770507813	0.0	95.0	
1504198195816	540226609815	8.0	-23.962203979492188	-1.0377960205078125	95.0	
1504198195835	540246751417	8.0	-23.0	-2.1721038818359375	95.0	
1504198195851	540266893018	8.0	-23.0	-3.30755615234375	95.0	
1504198195869	540287034620	8.0	-23.0	-4.0	95.0	
1504198195887	540307176221	8.0	-22.424407958984375	-4.575592041015625	95.0	
1504198195904	540327317823	8.0	-22.710830688476563	-5.0	95.0	
1504198195923	540347459424	8.0	-23.0	-5.0	95.0	
1504198195949	540367619951	8.0	-23.0	-5.0	95.0	
1504198195975	540387761553	9.0	-23.1151123046875	-6.0	95.0	
1504198195994	540407903154	9.0	-24.0	-6.0	95.0	
1504198196009	540428044756	9.0	-24.383819580078125	-6.0	95.0	
1504198196029	540448186357	9.0	-25.0	-5.481109619140625	95.0	
1504198196045	540468327959	9.0	-25.0	-4.3414306640625	95.0	
1504198196063	540488469560	9.0	-24.197586059570313	-3.1975860595703125	95.0	
1504198196081	540508611162	9.0	-24.0	-2.0537261962890625	95.0	
1504198196116	540528752764	8.908157348632813	-23.0	-1.0	95.0	
1504198196135	540548894365	8.0	-22.764312744140625	-1.0	95.0	
1504198196150	540569035967	8.0	-22.0	-1.0	95.0	
1504198196169	540589177568	8.0	-22.0	-1.0	95.0	
1504198196188	540609319170	7.332763671875	-22.0	-1.0	95.0	
1504198196206	540629460771	7.0	-22.8125	-1.0	95.0	
1504198196223	540649602373	7.0	-23.0	-1.9566650390625	95.0	
1504198196257	540669743974	6.0	-24.0	-2.0	95.0	
1504198196275	540689885576	6.0	-24.0	-2.244354248046875	95.0	
1504198196292	540710027178	6.0	-23.611785888671875	-3.0	95.0	
1504198196310	540730168779	6.0	-23.0	-3.0	95.0	
1504198196327	540750310381	6.0	-23.0	-3.0	95.0	
1504198196345	540770451982	6.0	-23.0	-2.1785125732421875	95.0	
1504198196363	540790593584	6.0	-23.0	-2.0	95.0	
1504198196399	540810735185	6.0	-22.0	-2.0	95.0	
1504198196415	540830876787	6.0	-22.0	-2.0	95.0	
1504198196432	540851018389	6.3975677490234375	-22.0	-2.0	95.0	
1504198196470	540871159990	7.0	-22.0	-2.0	95.0	
1504198196478	540891301592	7.0	-22.0	-2.0	95.0	
1504198196487	540911443193	6.1698455810546875	-22.0	-2.0	95.0	
1504198196504	540931584795	6.0	-22.0	-2.0	95.0	
1504198196540	540951726396	6.0	-22.0	-2.0	95.0	
1504198196558	540971867998	6.0	-22.0	-2.263427734375	95.0	
1504198196573	540992009599	6.0	-22.0	-3.0	95.0	
1504198196592	541012151201	6.0	-22.0	-3.0	95.0	
1504198196614	541032292803	6.0	-22.0	-3.0	95.0	
1504198196628	541052434404	6.0	-22.0	-3.0	95.0	
1504198196645	541072576006	6.0	-22.984375	-3.0	95.0	
1504198196680	541092717607	5.0	-23.0	-2.0	95.0	
1504198196698	541112859209	5.0	-23.0	-2.2720947265625	95.0	
1504198196715	541133000810	5.4159393310546875	-22.584060668945313	-3.0	95.0	
1504198196744	541153142412	6.0	-22.0	-3.559783935546875	95.0	
1504198196753	541173284014	6.0	-22.0	-4.0	95.0	
1504198196768	541193425615	6.849212646484375	-22.0	-4.0	95.0	
1504198196785	541213567217	7.0	-22.0	-3.0069427490234375	95.0	
1504198196822	541233708818	8.0	-22.13690185546875	-2.86309814453125	95.0	
1504198196839	541253850420	8.28076171875	-23.0	-1.71923828125	95.0	
1504198196855	541273992021	9.0	-23.425338745117188	-0.5746612548828125	95.0	
1504198196875	541294133623	9.0	-23.4298095703125	0.0	95.0	
1504198196891	541314275224	9.714035034179688	-23.0	0.7140350341796875	95.0	
1504198196910	541334416826	10.0	-23.0	1.857879638671875	95.0	
1504198196944	541354558428	10.0	-22.0	3.0017242431640625	95.0	
1504198196962	541374700029	10.0	-22.0	4.0	95.0	
1504198196981	541394841631	10.0	-22.0	4.0	95.0	
1504198196997	541414983232	9.56500244140625	-22.0	4.0	95.0	
1504198197016	541435124834	9.0	-22.0	3.4211578369140625	95.0	
1504198197034	541455266435	8.277297973632813	-21.277297973632813	2.2772979736328125	95.0	
1504198197050	541475408037	8.0	-21.0	2.0	95.0	
1504198197085	541495549639	6.9878692626953125	-20.0	1.0	95.0	
1504198197115	541515691240	6.0	-20.0	1.0	95.0	
1504198197125	541535832842	5.7001800537109375	-19.700180053710938	1.0	95.0	
1504198197139	541555974443	5.0	-19.0	1.0	95.0	
1504198197156	541576116045	5.0	-19.0	0.4124908447265625	95.0	
1504198197174	541596257646	5.0	-19.0	0.0	95.0	
1504198197191	541616399248	5.8767242431640625	-19.876724243164063	0.0	95.0	
1504198197227	541636540849	6.0	-20.0	0.0	95.0	
1504198197246	541656682451	6.0	-20.0	0.0	95.0	
1504198197262	541676824053	6.0	-20.0	0.0	95.0	
1504198197279	541696965654	6.0	-20.0	0.0	95.0	
1504198197299	541717107256	6.0	-20.0	0.0	95.0	
1504198197315	541737248857	6.0	-20.0	0.0	95.0	
1504198197332	541757390459	6.0	-20.0	0.0	95.0	
1504198197368	541777532060	6.0	-20.0	0.0	95.0	
1504198197385	541797673662	6.0	-20.0	0.0	95.0	
1504198197404	541817815264	6.0	-20.0	0.0	95.0	
1504198197420	541837956865	6.0	-20.0	0.0	95.0	
1504198197438	541858098467	6.0	-20.0	0.0	95.0	
1504198197457	541878240068	6.0	-20.0	0.0	95.0	
1504198197473	541898381670	6.0	-20.0	0.0	95.0	
1504198197508	541918523271	6.0	-20.038192749023438	0.0	95.0	
1504198197526	541938664873	6.0	-20.816299438476563	0.0	95.0	
1504198197543	541958806474	6.0	-20.0	0.0	95.0	
1504198197561	541978948076	6.0	-20.0	0.0	95.0	
1504198197580	541999089678	6.0	-20.0	0.0	95.0	
1504198197600	542019231279	6.0	-20.0	0.0	95.0	
1504198197620	542039372881	6.0	-20.0	0.0	95.0	
1504198197650	542059514482	6.0	-20.0	0.0	95.0	
1504198197670	542079656084	6.0	-20.0	0.0	95.0	
1504198197685	542099797685	6.0	-20.0	0.0	95.0	
1504198197701	542119939287	6.0	-20.0	0.0	95.0	
1504198197722	542140080889	6.0	-20.0	0.0	95.0	
1504198197738	542160222490	6.0	-20.0	0.0	95.0	
1504198197756	542180364092	6.0	-20.0	0.0	95.0	
1504198197791	542200505693	6.0	-20.0	0.0	95.0	
1504198197810	542220647295	5.7989654541015625	-20.0	-0.2010345458984375	95.0	
1504198197828	542240788896	5.0	-20.0	-1.0	95.0	
1504198197847	542260930498	5.0	-20.0	-1.0	95.0	
1504198197865	542281072099	5.0	-20.0	-1.0	95.0	
1504198197881	542301213701	5.0	-20.0	-1.0	95.0	
1504198197900	542321355303	5.0	-20.0	-1.0	95.0	
1504198197933	542341496904	5.0	-20.0	-1.0	95.0	
1504198197952	542361638506	5.0	-20.0	-1.0	95.0	
1504198197967	542381780107	5.0	-20.0	-1.0	95.0	
1504198197987	542401921709	5.0	-20.0	-1.4991302490234375	95.0	
1504198198004	542422063310	5.0	-20.0	-2.0	95.0	
1504198198019	542442204912	5.0	-20.0	-2.0	95.0	
1504198198042	542462346514	5.0	-20.0	-2.0	95.0	
1504198198073	542482488115	5.0	-20.0	-2.0	95.0	
1504198198090	542502629717	5.0	-20.0	-1.7799072265625	95.0	
1504198198108	542522771318	5.0	-20.0	-1.0	95.0	
1504198198125	542542912920	5.0	-20.0	-1.0	95.0	
1504198198145	542563054521	5.0	-20.0	-1.0	95.0	
1504198198162	542583196123	5.0	-20.0	-1.0	95.0	
1504198198184	542603337724	5.0	-20.0	-1.0	95.0	
1504198198215	542623479326	5.0849151611328125	-20.0	-1.0	95.0	
1504198198238	542643620928	6.0	-20.0	-1.0	95.0	
1504198198250	542663762529	6.0	-20.0	-1.0	95.0	
1504198198266	542683904131	6.0	-20.0	-1.0	95.0	
1504198198283	542704045732	6.0	-20.0	-1.0	95.0	
1504198198303	542724187334	6.0	-20.0	-1.0	95.0	
1504198198319	542744328935	6.0	-20.0	-1.0	95.0	
1504198198355	542764470537	6.0	-20.0	-1.0	95.0	
1504198198372	542784612139	6.0	-20.0	-1.0	95.0	
1504198198426	542804753740	6.0	-20.0	-1.0	95.0	
1504198198432	542824895342	6.0	-20.0	-1.0	95.0	
1504198198462	542845036943	6.0	-20.0	-1.0	95.0	
1504198198491	542865178545	6.0	-20.0	-1.0	95.0	
1504198198516	542885320146	6.0	-20.0	-1.0	95.0	
1504198198543	542905461748	6.0	-20.0	-1.0	95.0	
1504198198555	542925603349	5.752166748046875	-20.0	-1.247833251953125	95.0	
1504198198567	542945744951	5.0	-20.0	-2.0	95.0	
1504198198574	542965886553	5.0	-20.0	-2.0	95.0	
1504198198583	542986028154	5.0	-20.0	-2.0	95.0	
1504198198594	543006169756	5.0	-20.0	-2.0	95.0	
1504198198604	543026311357	5.0	-20.0	-2.0	95.0	
1504198198639	543046452959	5.0	-20.0	-2.0	95.0	
1504198198663	543066594560	5.0	-20.0	-2.0	95.0	
1504198198680	543086736162	5.0	-20.0	-1.5996551513671875	95.0	
1504198198690	543106877764	5.0	-20.0	-1.0	95.0	
1504198198710	543127019365	5.0	-20.0	-1.0	95.0	
1504198198727	543147160967	5.0	-20.0	-1.0	95.0	
1504198198743	543167302568	5.0	-20.0	-1.0	95.0	
1504198198780	543187444170	5.0	-20.0	-1.0	95.0	
1504198198798	543207585771	5.0	-20.0	-1.0	95.0	
1504198198815	543227727373	5.0	-20.0	-1.4097137451171875	95.0	
1504198198832	543247868974	5.0	-20.0	-2.0	95.0	
1504198198847	543268010576	5.69842529296875	-20.0	-2.0	95.0	
1504198198867	543288152178	6.0	-20.0	-2.0	95.0	
1504198198886	543308293779	6.0	-20.0	-2.0	95.0	
1504198198919	543328435381	6.0	-20.0	-2.0	95.0	
1504198198938	543348576982	6.0	-20.0	-2.0	95.0	
1504198198955	543368718584	6.0	-20.0	-2.0	95.0	
1504198198971	543388860185	6.0	-20.0	-2.0	95.0	
1504198198989	543409001787	6.0	-20.0	-2.0	95.0	
1504198199008	543429143389	6.0	-20.0	-2.0	95.0	
1504198199025	543449284990	6.0	-20.0	-2.0	95.0	
1504198199060	543469426592	6.0	-20.0	-2.0	95.0	
1504198199077	543489568193	6.0	-20.0	-2.0	95.0	
1504198199097	543509709795	6.0	-20.0	-1.571929931640625	95.0	
1504198199112	543529851396	6.0	-20.571914672851563	-1.0	95.0	
1504198199129	543549992998	6.0	-21.0	-1.0	95.0	
1504198199150	543570134599	6.0	-21.0	-1.0	95.0	
1504198199183	543590276201	6.0	-21.0	-1.0	95.0	
1504198199201	543610417803	6.0	-21.0	-1.0	95.0	
1504198199218	543630559404	6.0	-21.0	-1.0	95.0	
1504198199241	543650701006	6.0	-21.0	-1.0	95.0	
1504198199255	543670842607	6.0	-21.0	-1.0	95.0	
1504198199270	543690984209	6.0	-21.0	-1.0	95.0	
1504198199300	543711125810	6.0	-21.0	-1.0	95.0	
1504198199325	543731267412	6.0	-21.0	-1.0	95.0	
1504198199343	543751409014	6.0	-21.0	-1.1576995849609375	95.0	
1504198199361	543771550615	6.0	-21.302078247070313	-2.0	95.0	
1504198199378	543791692217	6.0	-22.0	-2.0	95.0	
1504198199395	543811833818	5.409027099609375	-22.0	-2.0	95.0	
1504198199413	543831975420	5.0	-22.0	-2.0	95.0	
1504198199430	543852117021	5.0	-21.121322631835938	-2.0	95.0	
1504198199465	543872258623	5.0	-21.0	-2.0	95.0	
1504198199484	543892400224	5.0	-21.0	-2.0	95.0	
1504198199501	543912541826	5.0	-21.0	-2.0	95.0	
1504198199519	543932683428	5.0	-21.0	-2.0	95.0	
1504198199536	543952825029	5.0	-21.0	-2.0	95.0	
1504198199552	543972966631	5.0	-21.0	-2.0	95.0	
1504198199578	543993108232	5.888885498046875	-21.0	-2.0	95.0	
1504198199607	544013249834	6.0	-21.0	-2.0	95.0	
1504198199624	544033391435	6.0	-21.0	-1.8232269287109375	95.0	
1504198199644	544053533037	6.0	-21.0	-1.0	95.0	
1504198199659	544073674639	6.4644622802734375	-21.0	-1.0	95.0	
1504198199683	544093816240	7.0	-21.0	-1.0	95.0	
1504198199693	544113957842	7.0	-21.0	-1.7538909912109375	95.0	
1504198199712	544134099443	7.0	-21.0	-2.0	95.0	
1504198199748	544154241045	6.0	-21.0	-2.0	95.0	
1504198199764	544174382646	6.0	-21.0	-2.0	95.0	
1504198199785	544194524248	6.0	-21.0	-2.0	95.0	
1504198199802	544214665849	6.0	-21.0	-2.0	95.0	
1504198199819	544234807451	6.0	-21.0	-2.0	95.0	
1504198199835	544254949053	6.0	-21.0	-2.0	95.0	
1504198199853	544275090654	6.0	-21.0	-2.0	95.0	
1504198199889	544295232256	6.0	-20.949661254882813	-2.0	95.0	
1504198199905	544315373857	6.0	-20.0	-2.0	95.0	
1504198199924	544335515459	6.0	-20.0	-2.0	95.0	
1504198199941	544355657060	6.0	-20.0	-2.0	95.0	
1504198199960	544375798662	6.0	-20.0	-2.0	95.0	
1504198199975	544395940264	6.0	-20.0	-2.0	95.0	
1504198199995	544416081865	6.0	-20.0	-2.0	95.0	
1504198200030	544436223467	5.9393463134765625	-20.0	-2.0	95.0	
1504198200049	544456365068	5.0	-20.0	-2.0	95.0	
1504198200068	544476506670	5.0	-20.0	-2.0	95.0	
1504198200085	544496648271	5.0	-20.0	-2.0	95.0	
1504198200100	544516789873	5.0	-20.0	-2.0	95.0	
1504198200117	544536931474	5.0	-19.21875	-2.0	95.0	
1504198200133	544557073076	5.0	-19.0	-2.0	95.0	
1504198200170	544577214678	5.0	-19.0	-2.0	95.0	
1504198200187	544597356279	5.0	-19.0	-2.0	95.0	
1504198200205	544617497881	5.0	-19.0	-2.0	95.0	
1504198200223	544637639482	5.0	-19.0	-2.0	95.0	
1504198200241	544657781084	5.0	-19.0	-1.3535614013671875	95.0	
1504198200259	544677922685	5.0	-18.209716796875	-1.0	95.0	
1504198200274	544698064287	5.0	-18.0	-1.0	95.0	
1504198200313	544718205889	5.0	-18.0	-1.0	95.0	
1504198200329	544738347490	5.0	-18.0	-1.0	95.0	
1504198200346	544758489092	5.0	-18.0	-1.0	95.0	
1504198200364	544778630693	5.0	-18.0	-1.0	95.0	
1504198200382	544798772295	5.0	-18.0	-0.3448944091796875	95.0	
1504198200399	544818913896	5.0	-18.0	0.0	95.0	
1504198200417	544839055498	5.9427947998046875	-18.0	0.0	95.0	
1504198200457	544859197099	6.0	-18.08837890625	0.0	95.0	
1504198200471	544879338701	6.0	-19.0	0.0	95.0	
1504198200492	544899480303	6.0	-19.0	0.0	95.0	
1504198200508	544919621904	6.0	-19.0	0.0	95.0	
1504198200525	544939763506	6.0	-19.0	0.0	95.0	
1504198200541	544959905107	6.0	-19.0	0.0	95.0	
1504198200557	544980046709	6.0	-19.0	0.0	95.0	
1504198200593	545000188310	5.9029541015625	-19.0	0.0	95.0	
1504198200612	545020329912	5.0	-19.0	0.0	95.0	
1504198200628	545040471514	5.0	-19.0	0.0	95.0	
1504198200647	545060613115	5.0	-19.0	0.0	95.0	
1504198200665	545080754717	5.0	-19.0	0.0	95.0	
1504198200683	545100896318	5.818023681640625	-19.0	0.0	95.0	
1504198200698	545121037920	6.0	-19.0	0.0	95.0	
1504198200736	545141179521	7.0	-18.894287109375	0.0	95.0	
1504198200756	545161321123	7.0	-18.0	0.0	95.0	
1504198200771	545181462724	7.0	-18.0	0.0	95.0	
1504198200791	545201604326	7.0	-18.0	0.0	95.0	
1504198200813	545221745928	7.0	-18.0	0.0	95.0	
1504198200824	545241887529	7.0	-18.0	0.0	95.0	
1504198200850	545262029131	7.0	-18.0	0.0	95.0	
1504198200875	545282170732	7.0	-18.0	0.0	95.0	
1504198200893	545302312334	7.0	-18.0	0.0	95.0	
1504198200912	545322453935	7.0	-18.0	0.0	95.0	
1504198200929	545342595537	7.0	-18.0	0.0	95.0	
1504198200949	545362737139	7.0	-18.691497802734375	0.0	95.0	
1504198200967	545382878740	7.0	-19.0	0.0	95.0	
1504198200981	545403020342	6.01910400390625	-19.0	0.0	95.0	
1504198201019	545423161943	6.0	-17.875228881835938	0.0	95.0	
1504198201034	545443303545	6.0	-17.0	0.0	95.0	
1504198201063	545463445146	5.5875244140625	-16.5875244140625	0.0	95.0	
1504198201072	545483586748	5.5563201904296875	-16.0	-0.5563201904296875	95.0	
1504198201091	545503728349	6.0	-16.0	-1.0	95.0	
1504198201110	545523869951	6.0	-16.845748901367188	-1.0	95.0	
1504198201127	545544011553	6.0	-17.0	-1.0	95.0	
1504198201159	545564153154	5.0	-17.0	-1.0	95.0	
1504198201176	545584294756	5.0	-17.0	-1.0	95.0	
1504198201194	545604436357	5.0	-17.0	-1.0	95.0	
1504198201216	545624577959	5.0	-17.0	-1.0	95.0	
1504198201230	545644719560	5.0	-17.0	-1.0	95.0	
1504198201245	545664861162	5.0	-17.0	-1.0	95.0	
1504198201262	545685002764	5.0	-17.0	-1.0	95.0	
1504198201298	545705144365	5.0	-17.0	-1.0	95.0	
1504198201316	545725285967	5.0	-17.0	-1.0	95.0	
1504198201333	545745427568	5.0	-17.0	-1.0	95.0	
1504198201352	545765569170	5.57537841796875	-17.0	-1.0	95.0	
1504198201376	545785710771	6.0	-17.0	-1.0	95.0	
1504198201403	545805852373	6.0	-17.0	-1.0	95.0	
1504198201424	545825993974	6.0	-17.0	-1.0	95.0	
1504198201440	545846135576	6.0	-17.0	-1.0	95.0	
1504198201458	545866277178	6.0	-17.0	-1.0	95.0	
1504198201475	545886418779	6.0	-17.440200805664063	-1.0	95.0	
1504198201497	545906560381	6.0	-18.0	-1.0	95.0	
1504198201512	545926701982	6.0	-18.0	-1.0	95.0	
1504198201531	545946843584	6.0	-18.0	-1.0	95.0	
1504198201563	545966985185	6.0	-19.0	-1.0	95.0	
1504198201582	545987126787	6.0	-19.0	-1.0	95.0	
1504198201616	546007268389	6.0	-19.0	-1.0	95.0	
1504198201626	546027409990	6.0	-19.0	-0.5511322021484375	95.0	
1504198201635	546047551592	6.0	-19.0	0.0	95.0	
1504198201651	546067693193	6.0	-19.0	0.0	95.0	
1504198201673	546087834795	6.0	-19.0	0.0	95.0	
1504198201704	546107976396	6.0	-19.0	0.0	95.0	
1504198201721	546128117998	6.0	-19.0	0.0	95.0	
1504198201740	546148259599	6.0	-19.0	0.0	95.0	
1504198201758	546168401201	6.0	-19.0	0.0	95.0	
1504198201775	546188542803	6.0	-18.396881103515625	0.0	95.0	
1504198201800	546208684404	6.0	-18.0	0.0	95.0	
1504198201811	546228826006	6.0	-18.0	0.0	95.0	
1504198201846	546248967607	6.0	-18.0	0.0	95.0	
1504198201864	546269109209	6.0	-18.0	0.0	95.0	
1504198201882	546289250810	6.3240814208984375	-18.0	0.0	95.0	
1504198201899	546309392412	7.0	-18.0	0.0	95.0	
1504198201915	546329534014	7.0	-18.0	0.0	95.0	
1504198201933	546349675615	7.0	-18.0	0.0	95.0	
1504198201953	546369817217	7.0	-18.0	0.0	95.0	
1504198201986	546389958818	7.0	-18.0	0.0	95.0	
1504198202004	546410100420	7.0	-18.0	0.0	95.0	
1504198202026	546430242021	7.0	-18.0	0.0	95.0	
1504198202040	546450383623	7.0	-18.476593017578125	0.0	95.0	
1504198202057	546470525224	7.0	-19.0	0.0	95.0	
1504198202075	546490666826	7.0	-19.0	0.0	95.0	
1504198202092	546510808428	7.0	-19.0	0.0	95.0	
1504198202129	546530950029	6.9462890625	-19.0	0.0	95.0	
1504198202150	546551091631	6.19757080078125	-19.0	-0.19757080078125	95.0	
1504198202170	546571233232	7.0	-19.0	-1.0	95.0	
1504198202186	546591374834	7.0	-19.0	-1.0	95.0	
1504198202197	546611516435	7.0	-19.0	-1.0	95.0	
1504198202218	546631658037	7.0	-19.0	-1.0	95.0	
1504198202233	546651799639	6.0814666748046875	-19.0	-1.0	95.0	
1504198202267	546671941240	6.0	-19.0	-1.0	95.0	
1504198202289	546692082842	6.0	-19.0	-1.0	95.0	
1504198202305	546712224443	6.0	-19.0	-1.0	95.0	
1504198202322	546732366045	6.0	-19.0	-1.0	95.0	
1504198202339	546752507646	6.0	-19.0	-1.0	95.0	
1504198202356	546772649248	6.0	-19.0	-1.0	95.0	
1504198202375	546792790849	6.0	-19.0	-0.0727996826171875	95.0	
1504198202407	546812932451	6.0	-19.0	0.0	95.0	
1504198202426	546833074053	6.0	-19.0	0.0	95.0	
1504198202444	546853215654	6.0	-19.0	0.0	95.0	
1504198202462	546873357256	6.0	-19.0	0.0	95.0	
1504198202480	546893498857	6.0	-19.0	0.0	95.0	
1504198202496	546913640459	6.0	-19.0	0.0	95.0	
1504198202514	546933782060	6.0	-19.0	0.0	95.0	
1504198202548	546953923662	6.0	-19.0	0.0	95.0	
1504198202568	546974065264	6.0	-19.0	0.0	95.0	
1504198202587	546994206865	6.0	-19.0	0.0	95.0	
1504198202602	547014348467	6.0	-19.0	0.0	95.0	
1504198202622	547034490068	6.0	-19.0	0.0	95.0	
1504198202640	547054631670	5.1975860595703125	-19.0	-0.8024139404296875	95.0	
1504198202656	547074773271	5.0	-19.946273803710938	-1.0	95.0	
1504198202689	547094914873	5.0	-20.0	-1.0	95.0	
1504198202709	547115056474	5.0	-20.0	-0.765625	95.0	
1504198202726	547135198076	5.0	-20.0	0.0	95.0	
1504198202742	547155339678	5.0	-20.0	0.0	95.0	
1504198202763	547175481279	5.0	-20.0	0.0	95.0	
1504198202780	547195622881	5.0	-20.0	0.0	95.0	
1504198202810	547215764482	5.0	-20.0	0.0	95.0	
1504198202833	547235906084	5.0	-20.0	0.0	95.0	
1504198202849	547256047685	5.244354248046875	-20.0	-0.244354248046875	95.0	
1504198202868	547276189287	6.0	-20.0	-1.0	95.0	
1504198202887	547296330889	6.0	-20.0	-1.0	95.0	
1504198202904	547316472490	6.0	-20.0	-1.0	95.0	
1504198202923	547336614092	6.0	-20.0	-1.0	95.0	
1504198202943	547356755693	6.0	-20.0	-1.0	95.0	
1504198202988	547376897295	6.0	-20.0	-1.0	95.0	
1504198203001	547397038896	6.0	-20.0	-1.0	95.0	
1504198203011	547417180498	6.0	-20.0	-1.0	95.0	
1504198203025	547437322099	6.0	-19.459274291992188	-1.0	95.0	
1504198203048	547457463701	6.0	-19.0	-1.0	95.0	
1504198203062	547477605303	6.0	-19.0	-1.0	95.0	
1504198203079	547497746904	6.0	-19.0	-1.0	95.0	
1504198203113	547517888506	6.0	-19.0	-2.0	95.0	
1504198203132	547538030107	6.0	-19.0	-2.0	95.0	
1504198203160	547558171709	6.0	-19.0	-2.0	95.0	
1504198203165	547578313310	6.0	-19.0	-2.0	95.0	
1504198203186	547598454912	6.0	-19.0	-2.0	95.0	
1504198203203	547618596514	6.0	-19.0	-2.0	95.0	
1504198203221	547638738115	6.0	-19.0	-2.0	95.0	
1504198203254	547658879717	6.0	-19.0	-1.0	95.0	
1504198203273	547679021318	6.0	-19.0	-1.0	95.0	
1504198203290	547699162920	6.0	-18.584060668945313	-1.0	95.0	
1504198203308	547719304521	6.0	-18.0	-1.0	95.0	
1504198203326	547739446123	6.0	-18.0	-1.0	95.0	
1504198203343	547759587724	6.0	-18.0	-1.0	95.0	
1504198203361	547779729326	6.0	-18.0	-1.0	95.0	
1504198203400	547799870928	6.0	-18.0	-1.0	95.0	
1504198203414	547820012529	6.0	-18.0	-1.0	95.0	
1504198203433	547840154131	6.0	-18.0	-1.0	95.0	
1504198203449	547860295732	6.0	-18.0	-1.0	95.0	
1504198203467	547880437334	6.0	-18.0	-1.0	95.0	
1504198203486	547900578935	6.0	-18.0	-1.0	95.0	
1504198203519	547920720537	6.0	-18.0	-1.0	95.0	
1504198203536	547940862139	6.0	-18.0	-1.0	95.0	
1504198203555	547961003740	6.0	-18.0	-1.0	95.0	
1504198203572	547981145342	6.0	-18.0	-1.0	95.0	
1504198203589	548001286943	6.0	-18.0	-1.0	95.0	
1504198203609	548021428545	6.0	-18.0	-1.0	95.0	
1504198203624	548041570146	6.0	-18.866546630859375	-1.0	95.0	
1504198203660	548061711748	6.0	-18.989608764648438	-1.0	95.0	
1504198203677	548081853349	6.0	-18.0	-1.0	95.0	
1504198203695	548101994951	6.0	-18.0	-1.0	95.0	
1504198203713	548122136553	6.0	-18.0	-1.0	95.0	
1504198203732	548142278154	6.0	-18.0	-1.0	95.0	
1504198203755	548162419756	6.0	-18.0	-1.0	95.0	
1504198203767	548182561357	6.0	-18.0	-1.0	95.0	
1504198203808	548202702959	6.0	-17.0	-1.0	95.0	
1504198203817	548222844560	6.0	-17.0	-1.0	95.0	
1504198203839	548242986162	6.0	-16.691513061523438	-0.6915130615234375	95.0	
1504198203853	548263127764	6.0	-16.0	0.0	95.0	
1504198203871	548283269365	6.5961761474609375	-16.0	0.0	95.0	
1504198203889	548303410967	7.0	-16.0	0.0	95.0	
1504198203910	548323552568	7.0	-16.0	0.0	95.0	
1504198203943	548343694170	7.0	-16.029449462890625	0.0	95.0	
1504198203960	548363835771	7.0	-17.0	0.0	95.0	
1504198203978	548383977373	7.0	-17.0	0.0	95.0	
1504198203999	548404118974	7.0	-17.0	-0.46099853515625	95.0	
1504198204014	548424260576	7.0	-17.0	-1.0	95.0	
1504198204034	548444402178	6.24957275390625	-16.24957275390625	-1.0	95.0	
1504198204054	548464543779	6.0	-16.0	-1.0	95.0	
1504198204084	548484685381	6.0	-16.0	-1.0	95.0	
1504198204104	548504826982	6.0	-16.0	-1.0	95.0	
1504198204142	548524968584	6.0	-16.0	-1.0	95.0	
1504198204157	548545110185	6.0	-16.471389770507813	-0.5286102294921875	95.0	
1504198204165	548565251787	6.0	-17.0	0.0	95.0	
1504198204172	548585393389	6.0	-17.0	0.0	95.0	
1504198204189	548605534990	6.0	-16.097061157226563	0.0	95.0	
1504198204225	548625676592	6.0	-16.0	0.0	95.0	
1504198204240	548645818193	6.0	-16.190963745117188	0.0	95.0	
1504198204259	548665959795	6.0	-17.0	0.0	95.0	
1504198204279	548686101396	6.0	-17.0	0.0	95.0	
1504198204301	548706242998	6.0	-17.0	0.0	95.0	
1504198204317	548726384599	6.0	-17.0	0.0	95.0	
1504198204336	548746526201	6.0	-17.0	0.0	95.0	
1504198204367	548766667803	6.0	-17.0	0.0	95.0	
1504198204385	548786809404	6.0	-17.0	0.0	95.0	
1504198204410	548806951006	6.0	-17.0	0.0	95.0	
1504198204422	548827092607	6.0	-17.0	0.0	95.0	
1504198204438	548847234209	6.0	-17.0	0.0	95.0	
1504198204456	548867375810	6.0	-17.0	0.0	95.0	
1504198204471	548887517412	6.0	-17.0	0.0	95.0	
1504198204506	548907659014	6.06585693359375	-17.0	0.0	95.0	
1504198204524	548927800615	7.0	-17.0	0.0	95.0	
1504198204540	548947942217	7.0	-17.0	0.0	95.0	
1504198204560	548968083818	7.0	-17.0	0.498260498046875	95.0	
1504198204577	548988225420	7.0	-16.357025146484375	1.0	95.0	
1504198204601	549008367021	7.0	-16.0	1.7868194580078125	95.0	
1504198204622	549028508623	7.0	-16.0	1.0709381103515625	95.0	
1504198204650	549048650224	6.9290771484375	-15.0	0.9290771484375	95.0	
1504198204665	549068791826	6.212799072265625	-15.0	0.0	95.0	
1504198204681	549088933428	7.0	-15.0	0.0	95.0	
1504198204714	549109075029	7.0	-15.496536254882813	0.0	95.0	
1504198204738	549129216631	7.0	-16.0	0.0	95.0	
1504198204755	549149358232	7.0	-16.0	0.0	95.0	
1504198204773	549169499834	6.0778656005859375	-16.0	0.0	95.0	
1504198204808	549189641435	6.0	-16.0	0.0	95.0	
1504198204818	549209783037	6.0	-16.0	0.0	95.0	
1504198204831	549229924639	6.0	-16.0	0.0	95.0	
1504198204850	549250066240	6.0	-16.0	0.0	95.0	
1504198204861	549270207842	6.0	-16.0	0.0	95.0	
1504198204878	549290349443	6.0	-16.0	0.0	95.0	
1504198204894	549310491045	6.91522216796875	-16.0	0.0	95.0	
1504198204931	549330632646	7.0	-16.057083129882813	0.0	95.0	
1504198204947	549350774248	7.0	-17.0	0.0	95.0	
1504198204964	549370915849	7.0	-16.6591796875	0.0	95.0	
1504198204985	549391057451	7.0	-16.0	-0.482696533203125	95.0	
1504198205003	549411199053	7.0	-15.375442504882813	-1.0	95.0	
1504198205035	549431340654	7.0	-15.0	-0.2335662841796875	95.0	
1504198205054	549451482256	7.0	-15.0	0.0	95.0	
1504198205083	549471623857	6.0	-15.0	-1.0	95.0	
1504198205104	549491765459	6.0	-15.1903076171875	-1.0	95.0	
1504198205114	549511907060	6.0	-16.0	-1.0	95.0	
1504198205131	549532048662	6.0	-16.474044799804688	-1.0	95.0	
1504198205142	549552190264	6.0	-17.0	-0.38409423828125	95.0	
1504198205159	549572331865	6.0	-17.757781982421875	0.0	95.0	
1504198205178	549592473467	6.0	-18.0	0.0	95.0	
1504198205211	549612615068	6.0	-18.0	0.0	95.0	
1504198205230	549632756670	6.0	-18.0	0.183380126953125	95.0	
1504198205245	549652898271	6.0	-18.0	1.0	95.0	
1504198205267	549673039873	6.0	-18.0	1.0	95.0	
1504198205304	549693181474	6.0	-18.0	1.0	95.0	
1504198205311	549713323076	6.0	-18.0	1.0	95.0	
1504198205335	549733464678	6.0	-17.107269287109375	1.0	95.0	
1504198205357	549753606279	6.0345916748046875	-17.0	0.0	95.0	
1504198205371	549773747881	7.0	-17.0	0.1764678955078125	95.0	
1504198205387	549793889482	7.0	-17.0	1.0	95.0	
1504198205405	549814031084	7.0	-17.0	1.0	95.0	
1504198205423	549834172685	7.0	-17.0	1.0	95.0	
1504198205446	549854314287	7.0	-17.743942260742188	1.0	95.0	
1504198205465	549874455889	6.11419677734375	-18.0	1.0	95.0	
1504198205500	549894597490	5.0	-18.0	1.0	95.0	
1504198205516	549914739092	5.0	-18.169540405273438	1.0	95.0	
1504198205531	549934880693	5.0	-19.0	1.0	95.0	
1504198205548	549955022295	5.0	-19.0	1.0	95.0	
1504198205564	549975163896	5.593414306640625	-19.0	1.0	95.0	
1504198205582	549995305498	6.0	-19.0	1.0	95.0	
1504198205611	550015447099	6.8771514892578125	-18.122848510742188	1.0	95.0	
1504198205642	550035588701	6.9809722900390625	-18.0	0.9809722900390625	95.0	
1504198205653	550055730303	6.0	-17.839111328125	0.0	95.0	
1504198205669	550075871904	6.0	-17.0	0.0	95.0	
1504198205687	550096013506	6.0	-17.0	0.0	95.0	
1504198205709	550116155107	5.4134979248046875	-17.0	0.0	95.0	
1504198205729	550136296709	5.0	-17.0	0.0	95.0	
1504198205742	550156438310	5.0	-17.0	0.0	95.0	
1504198205777	550176579912	5.0	-17.0	0.0	95.0	
1504198205796	550196721514	5.0	-17.0	0.0	95.0	
1504198205809	550216863115	5.29583740234375	-17.29583740234375	0.0	95.0	
1504198205828	550237004717	6.0	-18.0	0.437713623046875	95.0	
1504198205849	550257146318	6.0	-18.579574584960938	1.0	95.0	
1504198205872	550277287920	6.0	-19.0	1.0	95.0	
1504198205889	550297429521	5.136688232421875	-19.0	1.0	95.0	
1504198205960	550317571123	5.0	-19.0	0.0	95.0	
1504198205992	550337694140	5.0	-18.852951049804688	0.0	95.0	
1504198206009	550357835742	5.0	-18.288925170898438	0.0	95.0	
1504198206022	550377977344	5.0	-19.0	0.0	95.0	
1504198206028	550398118945	5.0	-19.572662353515625	0.0	95.0	
1504198206046	550418260547	5.0	-20.0	0.0	95.0	
1504198206061	550438402148	5.0	-20.0	0.0	95.0	
1504198206071	550458543750	4.0034637451171875	-20.0	0.0	95.0	
1504198206092	550478685351	4.0	-19.0	-1.0	95.0	
1504198206102	550498826953	4.0	-19.0	-1.0	95.0	
1504198206118	550518968555	4.0	-18.577865600585938	-1.0	95.0	
1504198206140	550539110156	4.0	-18.0	-1.0	95.0	
1504198206155	550559251758	4.0	-18.0	-1.0	95.0	
1504198206166	550579393359	4.0	-17.152252197265625	-1.0	95.0	
1504198206183	550599534961	4.0	-17.0	-1.0	95.0	
1504198206217	550619676562	4.0	-17.0	-1.0	95.0	
1504198206232	550639818164	4.0	-17.0	-1.0	95.0	
1504198206251	550659959765	4.0	-17.0	-1.0	95.0	
1504198206268	550680101367	4.0	-17.0	-1.0	95.0	
1504198206287	550700242969	4.0	-17.0	-1.0	95.0	
1504198206313	550720384570	4.0	-17.0	-1.0	95.0	
1504198206323	550740526172	4.0	-17.0	-1.0	95.0	
1504198206358	550760667773	4.0	-17.0	-1.0	95.0	
1504198206373	550780809375	4.0	-17.0	-1.0	95.0	
1504198206396	550800950976	4.0	-17.0	-1.0	95.0	
1504198206410	550821092578	4.0	-17.0	-1.0	95.0	
1504198206431	550841234180	4.0	-17.0	-1.0	95.0	
1504198206446	550861375781	4.0	-17.0	-1.0	95.0	
1504198206463	550881517383	4.0	-17.0	-1.0	95.0	
1504198206499	550901658984	5.0	-17.0	-1.0	95.0	
1504198206514	550921800586	5.0	-17.0	-1.0	95.0	
1504198206542	550941942187	5.0	-17.0	-1.0	95.0	
1504198206550	550962083789	5.0	-17.0	-0.4584808349609375	95.0	
1504198206570	550982225390	5.0	-17.0	0.0	95.0	
1504198206587	551002366992	5.0	-17.0	0.0	95.0	
1504198206604	551022508594	5.0	-17.0	0.0	95.0	
1504198206639	551042650195	5.0	-17.0	0.0	95.0	
1504198206657	551062791797	5.0	-17.0	0.0	95.0	
1504198206672	551082933398	5.0	-17.0	0.0	95.0	
1504198206691	551103075000	5.0	-17.0	0.0	95.0	
1504198206711	551123216601	5.0	-17.0	0.0	95.0	
1504198206728	551143358203	5.0	-17.0	0.0	95.0	
1504198206745	551163499805	5.0	-17.0	0.0	95.0	
1504198206779	551183641406	5.0	-17.0	0.0	95.0	
1504198206800	551203783008	5.0	-17.0	0.0	95.0	
1504198206814	551223924609	5.0	-17.0	0.0	95.0	
1504198206833	551244066211	5.0	-17.527679443359375	-0.527679443359375	95.0	
1504198206851	551264207812	5.0	-18.0	-1.0	95.0	
1504198206880	551284349414	5.0	-18.0	-1.0	95.0	
1504198206888	551304491015	5.0	-17.046722412109375	-1.0	95.0	
1504198206922	551324632617	5.0	-17.0	-1.0	95.0	
1504198206939	551344774219	5.0	-17.0	-1.0	95.0	
1504198206955	551364915820	5.0	-17.0	-1.0	95.0	
1504198206974	551385057422	5.0	-17.0	-1.0	95.0	
1504198206992	551405199023	5.660888671875	-17.0	-1.0	95.0	
1504198207009	551425340625	6.0	-17.0	-1.802764892578125	95.0	
1504198207028	551445482226	6.0	-17.0	-2.0	95.0	
1504198207062	551465623828	6.0	-17.0	-2.0	95.0	
1504198207080	551485765430	6.0	-17.0	-1.771636962890625	95.0	
1504198207096	551505907031	6.0	-17.0	-1.0	95.0	
1504198207119	551526048633	6.0	-17.0	-1.0	95.0	
1504198207135	551546190234	6.0	-17.0	-1.0	95.0	
1504198207151	551566331836	6.79583740234375	-17.0	-0.20416259765625	95.0	
1504198207167	551586473437	7.0	-17.937713623046875	0.0	95.0	
1504198207209	551606615039	7.0	-18.0	-0.0795745849609375	95.0	
1504198207222	551626756640	7.2214508056640625	-18.0	-1.0	95.0	
1504198207237	551646898242	8.0	-18.0	-1.0	95.0	
1504198207255	551667039844	8.0	-18.0	-1.0	95.0	
1504198207277	551687181445	8.0	-17.352951049804688	-1.0	95.0	
1504198207300	551707323047	7.2110748291015625	-17.0	-1.0	95.0	
1504198207322	551727464648	7.0	-17.0	-1.9307861328125	95.0	
1504198207345	551747606250	6.0	-16.0	-1.927337646484375	95.0	
1504198207362	551767747851	6.0	-15.785476684570313	-1.0	95.0	
1504198207378	551787889453	6.0	-15.0	-1.0	95.0	
1504198207397	551808031055	6.0	-15.0	-1.0	95.0	
1504198207414	551828172656	6.0	-15.0	-1.0	95.0	
1504198207432	551848314258	6.0	-15.0	-1.0	95.0	
1504198207452	551868455859	6.0	-15.0	-1.0	95.0	
1504198207485	551888597461	6.0	-16.0	-1.0	95.0	
1504198207504	551908739062	6.0	-16.20587158203125	-1.0	95.0	
1504198207519	551928880664	6.0	-17.0	-1.347747802734375	95.0	
1504198207538	551949022265	6.0	-17.0	-2.0	95.0	
1504198207557	551969163867	6.0	-17.0	-2.6314849853515625	95.0	
1504198207574	551989305469	6.0	-17.0	-3.0	95.0	
1504198207592	552009447070	6.91522216796875	-17.0	-3.0	95.0	
1504198207627	552029588672	6.9429168701171875	-17.0	-3.0	95.0	
1504198207658	552049730273	6.0	-16.801040649414063	-3.0	95.0	
1504198207671	552069871875	6.0	-16.0	-3.0	95.0	
1504198207689	552090013476	6.0	-15.517303466796875	-3.482696533203125	95.0	
1504198207696	552110155078	6.0	-15.624557495117188	-4.0	95.0	
1504198207717	552130296680	6.0	-16.766433715820313	-4.0	95.0	
1504198207739	552150438281	6.0	-17.908294677734375	-4.0	95.0	
1504198207769	552170579883	6.0	-18.0	-4.0	95.0	
1504198207784	552190721484	6.0	-17.807968139648438	-4.0	95.0	
1504198207805	552210863086	6.3339080810546875	-17.0	-4.0	95.0	
1504198207820	552231004687	7.0	-17.0	-3.52423095703125	95.0	
1504198207841	552251146289	7.0	-17.0	-3.0	95.0	
1504198207855	552271287890	7.0	-17.0	-3.0	95.0	
1504198207876	552291429492	7.0	-17.0	-3.0	95.0	
1504198207909	552311571094	7.0	-17.0	-3.0	95.0	
1504198207926	552331712695	7.0	-17.0	-3.0	95.0	
1504198207942	552351854297	7.0	-17.0	-2.67474365234375	95.0	
1504198207961	552371995898	7.0	-17.0	-2.0	95.0	
1504198207980	552392137500	7.0	-17.0	-2.0	95.0	
1504198207997	552412279101	7.0	-17.0	-2.0	95.0	
1504198208014	552432420703	7.0	-17.0	-2.0	95.0	
1504198208049	552452562305	7.0	-17.0	-2.0	95.0	
1504198208068	552472703906	7.0	-17.0	-2.0	95.0	
1504198208083	552492845508	7.0	-17.0	-2.0	95.0	
1504198208102	552512987109	7.0	-17.0	-2.0	95.0	
1504198208121	552533128711	7.0	-17.0	-2.0	95.0	
1504198208138	552553270312	7.0	-17.0	-2.0	95.0	
1504198208155	552573411914	7.0	-17.0	-2.88580322265625	95.0	
1504198208192	552593553515	7.0	-17.0	-3.0	95.0	
1504198208208	552613695117	7.0	-17.0	-3.0	95.0	
1504198208224	552633836719	7.0	-17.0	-3.0	95.0	
1504198208242	552653978320	7.0	-17.0	-3.0	95.0	
1504198208260	552674119922	7.0	-17.0	-3.0	95.0	
1504198208279	552694261523	7.0	-17.0	-3.0	95.0	
1504198208298	552714403125	7.0	-17.878890991210938	-3.0	95.0	
1504198208331	552734544726	7.0	-18.0	-3.0	95.0	
1504198208349	552754686328	7.0	-18.0	-3.0	95.0	
1504198208370	552774827930	7.0	-18.0	-3.0	95.0	
1504198208388	552794969531	7.0	-18.0	-3.0	95.0	
1504198208405	552815111133	7.0	-18.0	-3.0	95.0	
1504198208420	552835252734	7.0	-18.728363037109375	-3.0	95.0	
1504198208438	552855394336	7.0	-19.0	-3.0	95.0	
1504198208479	552875535937	6.0	-19.012100219726563	-3.0	95.0	
1504198208493	552895677539	6.0	-20.0	-3.0	95.0	
1504198208506	552915819140	6.0	-20.0	-3.0	95.0	
1504198208527	552935960742	5.562286376953125	-19.562286376953125	-3.0	95.0	
1504198208542	552956102344	5.0	-19.0	-3.0	95.0	
1504198208561	552976243945	5.0	-19.0	-2.2785491943359375	95.0	
1504198208578	552996385547	5.863311767578125	-19.0	-2.0	95.0	
1504198208614	553016527148	6.0	-19.0	-1.0	95.0	
1504198208632	553036668750	6.1470489501953125	-19.0	-1.0	95.0	
1504198208647	553056810351	7.0	-19.0	-1.0	95.0	
1504198208668	553076951953	7.0	-19.0	-1.0	95.0	
1504198208687	553097093555	7.0	-19.0	-1.0	95.0	
1504198208704	553117235156	7.0	-19.0	-1.0	95.0	
1504198208722	553137376758	6.1436004638671875	-19.0	-1.0	95.0	
1504198208737	553157518359	6.0	-19.998260498046875	-1.0	95.0	
1504198208772	553177659961	5.85986328125	-21.0	0.0	95.0	
1504198208792	553197801562	5.0	-21.0	0.0	95.0	
1504198208808	553217943164	5.0	-21.423873901367188	0.0	95.0	
1504198208829	553238084765	5.0	-22.0	0.0	95.0	
1504198208843	553258226367	5.0	-22.0	0.0	95.0	
1504198208863	553278367969	5.847747802734375	-22.847747802734375	0.0	95.0	
1504198208879	553298509570	6.0	-23.0	0.0	95.0	
1504198208912	553318651172	7.0	-23.0	0.0	95.0	
1504198208930	553338792773	7.0	-23.0	-0.273345947265625	95.0	
1504198208949	553358934375	7.0	-23.41522216796875	-1.0	95.0	
1504198208966	553379075976	7.0	-24.0	-1.0	95.0	
1504198208987	553399217578	7.0	-24.0	-1.0	95.0	
1504198209003	553419359180	6.1591796875	-24.8408203125	-0.1591796875	95.0	
1504198209017	553439500781	6.0	-25.0	0.0	95.0	
1504198209057	553459642383	5.8754425048828125	-26.124557495117188	0.0	95.0	
1504198209072	553479783984	5.0	-27.0	0.2664337158203125	95.0	
1504198209090	553499925586	5.0	-27.408294677734375	1.0	95.0	
1504198209107	553520067187	5.0	-28.0	1.0	95.0	
1504198209128	553540208789	4.3079681396484375	-28.0	1.0	95.0	
1504198209143	553560350390	4.0	-28.0	1.0	95.0	
1504198209161	553580491992	4.0	-28.97576904296875	1.0	95.0	
1504198209203	553600633594	4.0	-29.117645263671875	2.0	95.0	
1504198209213	553620775195	4.0	-30.519012451171875	2.2595062255859375	95.0	
1504198209230	553640916797	4.0	-32.40138244628906	3.4013824462890625	95.0	
1504198209248	553661058398	4.0	-33.543243408203125	4.543243408203125	95.0	
1504198209264	553681200000	4.68511962890625	-34.68511962890625	5.68511962890625	95.0	
1504198209283	553701341601	5.0	-35.0	6.0	95.0	
1504198209303	553721483203	5.0	-35.0	6.0	95.0	
1504198209337	553741624805	4.0	-35.0	4.8910064697265625	95.0	
1504198209355	553761766406	4.0	-35.0	3.7491455078125	95.0	
1504198209375	553781908008	4.0	-35.0	2.607269287109375	95.0	
1504198209388	553802049609	3.4654083251953125	-34.46540832519531	1.4654083251953125	95.0	
1504198209408	553822191211	3.0	-34.0	0.3235321044921875	95.0	
1504198209427	553842332812	2.181671142578125	-34.0	0.0	95.0	
1504198209441	553862474414	1.039794921875	-33.039794921875	0.0	95.0	
1504198209478	553882616015	1.0	-33.0	0.0	95.0	
1504198209495	553902757617	1.0	-32.75605773925781	0.0	95.0	
1504198209511	553922899219	1.0	-32.0	0.0	95.0	
1504198209530	553943040820	1.0	-32.0	0.0	95.0	
1504198209548	553963182422	1.6695404052734375	-32.0	0.0	95.0	
1504198209567	553983324023	2.0	-32.0	0.0	95.0	
1504198209583	554003465625	2.0	-31.046722412109375	0.0	95.0	
1504198209619	554023607226	2.0	-30.90484619140625	0.0	95.0	
1504198209636	554043748828	2.0	-30.0	0.0	95.0	
1504198209652	554063890430	2.0	-29.621109008789063	0.0	95.0	
1504198209673	554084032031	2.0	-29.0	0.0	95.0	
1504198209689	554104173633	2.0	-28.337371826171875	0.0	95.0	
1504198209706	554124315234	2.0	-28.0	0.0	95.0	
1504198209725	554144456836	2.0	-27.053634643554688	0.0	95.0	
1504198209759	554164598437	2.0	-27.0	-0.08807373046875	95.0	
1504198209779	554184740039	2.0	-26.771636962890625	-1.0	95.0	
1504198209793	554204881640	2.0	-26.0	-1.0	95.0	
1504198209815	554225023242	2.0	-26.0	-1.0	95.0	
1504198209832	554245164844	2.0	-26.653976440429688	-1.0	95.0	
1504198209848	554265306445	2.79583740234375	-27.0	-1.0	95.0	
1504198209865	554285448047	3.0	-27.0	-1.0	95.0	
1504198209900	554305589648	3.0	-28.0	-1.0	95.0	
1504198209918	554325731250	3.2214508056640625	-28.0	-1.0	95.0	
1504198209934	554345872851	4.0	-28.0	-0.636688232421875	95.0	
1504198209953	554366014453	4.0	-28.0	0.0	95.0	
1504198209972	554386156055	4.0	-28.0	0.0	95.0	
1504198209990	554406297656	4.0	-28.0	0.0	95.0	
1504198210017	554426439258	4.0	-28.0	0.0	95.0	
1504198210042	554446580859	4.0	-28.0	0.0	95.0	
1504198210059	554466722461	4.0	-28.0	0.0	95.0	
1504198210079	554486864062	4.0	-28.0	0.0	95.0	
1504198210100	554507005664	4.0	-28.0	0.0	95.0	
1504198210118	554527147265	4.0	-27.35986328125	0.0	95.0	
1504198210133	554547288867	4.0	-27.0	0.0	95.0	
1504198210152	554567430469	4.0	-27.0	0.0	95.0	
1504198210182	554587572070	4.0	-27.0	0.0	95.0	
1504198210200	554607713672	4.0	-27.0	0.0	95.0	
1504198210216	554627855273	4.0	-27.0	0.0	95.0	
1504198210235	554647996875	4.0	-27.0	0.0	95.0	
1504198210255	554668138476	3.3685150146484375	-27.0	0.0	95.0	
1504198210271	554688280078	3.0	-27.0	0.773345947265625	95.0	
1504198210289	554708421680	3.0	-27.0	1.0	95.0	
1504198210323	554728563281	3.0570831298828125	-26.0	2.0	95.0	
1504198210341	554748704883	4.0	-26.0	2.0	95.0	
1504198210357	554768846484	4.0	-26.0	2.3408203125	95.0	
1504198210377	554788988086	4.0	-26.0	3.0	95.0	
1504198210393	554809129687	4.0	-25.375442504882813	3.0	95.0	
1504198210412	554829271289	4.0	-25.0	2.2335662841796875	95.0	
1504198210429	554849412890	4.0	-25.0	2.0	95.0	
1504198210465	554869554492	3.0	-25.0	1.9498291015625	95.0	
1504198210481	554889696094	3.0	-25.0	1.0	95.0	
1504198210498	554909837695	3.0	-25.0	1.0	95.0	
1504198210517	554929979297	3.0	-25.0	0.52423095703125	95.0	
1504198210534	554950120898	2.382354736328125	-25.0	0.0	95.0	
1504198210552	554970262500	2.0	-25.759506225585938	0.0	95.0	
1504198210572	554990404101	2.0	-26.0	0.0	95.0	
1504198210608	555010545703	2.0	-26.043243408203125	0.0	95.0	
1504198210622	555030687305	2.0	-27.0	0.0	95.0	
1504198210650	555050828906	2.0	-27.0	0.0	95.0	
1504198210659	555070970508	2.4688568115234375	-27.468856811523438	0.0	95.0	
1504198210676	555091112109	3.0	-28.0	0.0	95.0	
1504198210694	555111253711	3.0	-28.0	0.0	95.0	
1504198210711	555131395312	3.0	-28.0	0.0	95.0	
1504198210745	555151536914	3.0	-28.0	0.0	95.0	
1504198210764	555171678515	3.0	-28.0	0.0	95.0	
1504198210781	555191820117	3.0	-28.0	0.0	95.0	
1504198210797	555211961719	3.0	-28.460205078125	0.0	95.0	
1504198210816	555232103320	3.0	-29.0	0.0	95.0	
1504198210835	555252244922	3.0	-29.0	0.0	95.0	
1504198210851	555272386523	3.0	-29.0	0.0	95.0	
1504198210888	555292528125	3.0	-29.0	0.0	95.0	
1504198210905	555312669726	3.1695404052734375	-28.830459594726563	0.0	95.0	
1504198210922	555332811328	4.0	-28.0	0.0	95.0	
1504198210938	555352952930	3.546722412109375	-28.0	0.0	95.0	
1504198210958	555373094531	3.0	-28.0	0.0	95.0	
1504198210975	555393236133	3.0	-28.0	0.0	95.0	
1504198210994	555413377734	3.0	-28.878890991210938	0.0	95.0	
1504198211030	555433519336	4.0	-29.0	0.0	95.0	
1504198211046	555453660937	4.0	-29.0	0.0	95.0	
1504198211063	555473802539	4.0	-29.0	0.0	95.0	
1504198211080	555493944140	4.0	-29.0	0.0	95.0	
1504198211100	555514085742	4.0	-29.0	0.0	95.0	
1504198211116	555534227344	4.0	-29.0	0.0	95.0	
1504198211135	555554368945	4.0	-29.0	0.0	95.0	
1504198211169	555574510547	4.0	-29.012100219726563	0.0	95.0	
1504198211187	555594652148	4.0	-30.0	0.0	95.0	
1504198211205	555614793750	4.0	-30.0	0.0	95.0	
1504198211220	555634935351	4.0	-30.0	0.0	95.0	
1504198211239	555655076953	4.0	-30.579574584960938	0.0	95.0	
1504198211259	555675218555	4.0	-31.0	0.0	95.0	
1504198211275	555695360156	4.0	-31.0	0.0	95.0	
1504198211317	555715501758	4.0	-31.00518798828125	-1.0	95.0	
1504198211330	555735643359	4.0	-32.0	-1.0	95.0	
1504198211345	555755784961	3.7110748291015625	-32.0	-1.0	95.0	
1504198211362	555775926562	3.0	-32.4307861328125	-1.4307861328125	95.0	
1504198211380	555796068164	3.0	-33.0	-2.0	95.0	
1504198211397	555816209765	3.0	-33.0	-2.0	95.0	
1504198211416	555836351367	3.0	-33.0	-2.0	95.0	
1504198211439	555856492969	3.0	-32.001739501953125	-2.0	95.0	
1504198211469	555876634570	3.14013671875	-31.85986328125	-1.85986328125	95.0	
1504198211487	555896776172	4.0	-31.0	-1.0	95.0	
1504198211502	555916917773	4.0	-31.0	-1.0	95.0	
1504198211525	555937059375	4.0	-31.0	-0.43426513671875	95.0	
1504198211539	555957200976	4.0	-31.0	0.0	95.0	
1504198211561	555977342578	4.8494720458984375	-31.0	0.0	95.0	
1504198211581	555997484180	5.0	-31.0	0.0	95.0	
1504198211610	556017625781	4.866790771484375	-30.866790771484375	0.0	95.0	
1504198211628	556037767383	4.0	-30.0	0.0	95.0	
1504198211644	556057908984	4.0	-30.0	0.0	95.0	
1504198211663	556078050586	4.0	-30.0	0.0	95.0	
1504198211685	556098192187	4.0	-30.0	0.0	95.0	
1504198211699	556118333789	4.0	-30.0	0.0	95.0	
1504198211715	556138475390	4.0	-30.0	0.0	95.0	
1504198211752	556158616992	4.0	-30.0	0.0	95.0	
1504198211773	556178758594	4.0	-30.0	0.0	95.0	
1504198211785	556198900195	4.0	-30.0	0.0	95.0	
1504198211804	556219041797	4.5501708984375	-30.0	0.0	95.0	
1504198211821	556239183398	5.0	-30.0	0.0	95.0	
1504198211845	556259325000	5.0	-30.0	0.0	95.0	
1504198211857	556279466601	5.0	-30.0	0.0	95.0	
1504198211892	556299608203	5.0	-30.0	0.0	95.0	
1504198211910	556319749805	5.0	-30.0	0.2595062255859375	95.0	
1504198211926	556339891406	5.0	-30.0	1.0	95.0	
1504198211949	556360033008	5.0	-30.0	1.0	95.0	
1504198211965	556380174609	5.0	-30.0	1.0	95.0	
1504198211981	556400316211	5.0	-30.0	1.0	95.0	
1504198212007	556420457812	5.0	-30.0	1.0	95.0	
1504198212033	556440599414	5.0	-30.0	0.0	95.0	
1504198212052	556460741015	5.0	-30.0	0.0	95.0	
1504198212066	556480882617	5.0	-30.0	0.0	95.0	
1504198212085	556501024219	5.0	-30.536331176757813	0.0	95.0	
1504198212105	556521165820	5.0	-31.0	0.0	95.0	
1504198212121	556541307422	5.0	-31.0	0.0	95.0	
1504198212156	556561449023	5.0	-31.0	0.0	95.0	
1504198212181	556581590625	5.0	-31.0	0.0	95.0	
1504198212192	556601732226	5.0	-31.0	0.0	95.0	
1504198212208	556621873828	4.61419677734375	-31.0	-0.38580322265625	95.0	
1504198212232	556642015430	4.0	-31.0	-1.0	95.0	
1504198212244	556662157031	3.3304595947265625	-31.669540405273438	-1.0	95.0	
1504198212264	556682298633	3.0	-32.0	-0.1885833740234375	95.0	
1504198212281	556702440234	3.0	-32.0	0.0	95.0	
1504198212323	556722581836	3.0	-32.0	0.0	95.0	
1504198212340	556742723437	3.0	-31.762985229492188	0.0	95.0	
1504198212355	556762865039	3.3788909912109375	-31.0	0.0	95.0	
1504198212384	556783006640	4.0	-31.520751953125	0.0	95.0	
1504198212399	556803148242	4.0	-32.0	0.0	95.0	
1504198212408	556823289844	4.0	-32.0	0.0	95.0	
1504198212424	556843431445	4.0	-32.0	0.0	95.0	
1504198212459	556863573047	3.0	-32.0	0.0	95.0	
1504198212474	556883714648	3.0	-32.0	0.0	95.0	
1504198212495	556903856250	3.0	-32.0	0.0	95.0	
1504198212510	556923997851	3.0	-31.486160278320313	0.0	95.0	
1504198212528	556944139453	3.0	-31.0	0.0	95.0	
1504198212545	556964281055	3.0	-31.0	0.0	95.0	
1504198212566	556984422656	3.0	-31.0	0.0	95.0	
1504198212598	557004564258	3.0	-31.0	0.0	95.0	
1504198212617	557024705859	3.0	-31.0	0.0	95.0	
1504198212636	557044847461	3.0	-31.0	0.0	95.0	
1504198212650	557064989062	3.0	-30.49481201171875	0.0	95.0	
1504198212668	557085130664	3.0	-30.0	0.0	95.0	
1504198212688	557105272265	3.0	-30.0	0.0	95.0	
1504198212704	557125413867	3.0	-30.9307861328125	0.0	95.0	
1504198212738	557145555469	3.0	-31.0	0.0	95.0	
1504198212756	557165697070	3.0	-31.0	0.0	95.0	
1504198212775	557185838672	3.0	-31.0	0.0	95.0	
1504198212791	557205980273	3.0	-31.0	0.0	95.0	
1504198212808	557226121875	3.0	-31.0	0.0	95.0	
1504198212826	557246263476	3.0	-31.0	0.0	95.0	
1504198212846	557266405078	3.0	-31.0	0.0	95.0	
1504198212878	557286546680	3.0	-31.0	0.0	95.0	
1504198212897	557306688281	3.0	-31.0	0.0	95.0	
1504198212914	557326829883	3.0	-31.0	0.0	95.0	
1504198212932	557346971484	3.0	-31.0	0.0	95.0	
1504198212951	557367113086	3.0	-31.0	0.0	95.0	
1504198212967	557387254687	3.0	-31.0	0.0	95.0	
1504198212984	557407396289	3.0	-31.0	0.0	95.0	
1504198213020	557427537890	3.0	-31.0	-0.0588226318359375	95.0	
1504198213039	557447679492	3.0	-31.0	-1.0	95.0	
1504198213055	557467821094	3.0	-31.0	-1.0	95.0	
1504198213072	557487962695	3.0	-31.0	-1.0	95.0	
1504198213094	557508104297	3.0	-31.0	-1.0	95.0	
1504198213111	557528245898	3.0	-31.0	-1.0	95.0	
1504198213126	557548387500	3.0	-31.0	-1.0	95.0	
1504198213162	557568529101	3.0	-31.0	0.0	95.0	
1504198213179	557588670703	3.0	-31.0	0.0	95.0	
1504198213197	557608812305	3.0	-31.0	0.0	95.0	
1504198213215	557628953906	3.0	-31.0	0.0	95.0	
1504198213232	557649095508	3.0	-31.0	0.0	95.0	
1504198213250	557669237109	3.0	-31.0	0.0	95.0	
1504198213274	557689378711	3.0	-31.0	0.0	95.0	
1504198213303	557709520312	3.0	-31.0	0.0	95.0	
1504198213319	557729661914	3.0	-31.0	0.0	95.0	
1504198213337	557749803515	3.0	-31.0	0.0	95.0	
1504198213354	557769945117	3.0	-31.0	0.0	95.0	
1504198213375	557790086719	3.0	-31.0	0.0	95.0	
1504198213390	557810228320	3.0	-31.0	0.0	95.0	
1504198213410	557830369922	3.0	-31.0	0.0	95.0	
1504198213443	557850511523	3.0	-31.0	0.0	95.0	
1504198213461	557870653125	3.0	-31.0	0.0	95.0	
1504198213478	557890794726	3.0	-31.0	0.0	95.0	
1504198213495	557910936328	3.0	-31.0	0.0	95.0	
1504198213515	557931077930	3.0	-31.0	0.0	95.0	
1504198213533	557951219531	3.0	-31.0	0.0	95.0	
1504198213549	557971361133	3.0	-31.0	0.0	95.0	
1504198213587	557991502734	3.0	-31.0	0.0	95.0	
1504198213603	558011644336	3.0	-31.0	0.0	95.0	
1504198213619	558031785937	3.0	-31.0	0.0	95.0	
1504198213638	558051927539	3.0	-31.0	0.0	95.0	
1504198213654	558072069140	3.0	-31.0	0.0	95.0	
1504198213672	558092210742	3.0	-31.0	0.0	95.0	
1504198213692	558112352344	3.0	-31.0	0.0	95.0	
1504198213725	558132493945	3.0	-31.0	0.0	95.0	
1504198213743	558152635547	3.0	-31.0	0.0	95.0	
1504198213761	558172777148	2.6955108642578125	-31.0	0.0	95.0	
1504198213777	558192918750	2.0	-31.0	0.0	95.0	
1504198213797	558213060351	2.0	-31.0	0.0	95.0	
1504198213814	558233201953	2.0	-31.0	-0.7301025390625	95.0	
1504198213831	558253343555	2.0	-31.0	-1.0	95.0	
1504198213866	558273485156	2.0	-31.0	-1.0	95.0	
1504198213884	558293626758	1.84429931640625	-31.0	-1.0	95.0	
1504198213903	558313768359	1.0	-31.0	-1.0	95.0	
1504198213919	558333909961	1.0	-31.0	-1.0	95.0	
1504198213935	558354051562	1.0	-31.0	-1.0	95.0	
1504198213957	558374193164	1.0	-30.276824951171875	-1.0	95.0	
1504198213973	558394334765	1.0	-30.0	-1.0	95.0	
1504198214008	558414476367	1.0	-30.0	-1.0	95.0	
1504198214025	558434617969	1.0	-30.0	-1.0	95.0	
1504198214043	558454759570	1.0	-30.0	-1.0	95.0	
1504198214062	558474901172	1.0	-30.0	-1.0	95.0	
1504198214077	558495042773	1.0	-30.0	-1.0	95.0	
1504198214096	558515184375	1.0	-30.0	-1.0	95.0	
1504198214115	558535325976	1.0	-30.0	-1.0	95.0	
1504198214131	558555467578	1.998260498046875	-30.0	-1.0	95.0	
1504198214169	558575609180	2.0	-30.0	-1.0	95.0	
1504198214184	558595750781	2.0	-30.0	-1.0	95.0	
1504198214201	558615892383	2.0	-30.0	-1.0	95.0	
1504198214219	558636033984	2.0	-30.0	-1.0	95.0	
1504198214237	558656175586	2.0	-30.0	-1.0	95.0	
1504198214255	558676317187	2.0	-30.0	-1.0	95.0	
1504198214272	558696458789	2.0	-30.0	-1.0	95.0	
1504198214308	558716600390	2.0	-30.0	-1.0	95.0	
1504198214327	558736741992	2.0	-30.0	-1.0	95.0	
1504198214343	558756883594	2.0	-30.0	-1.0	95.0	
1504198214359	558777025195	2.0	-30.0	-1.0	95.0	
1504198214380	558797166797	2.0	-30.0	-1.0	95.0	
1504198214395	558817308398	2.0	-30.0	-1.0	95.0	
1504198214413	558837450000	2.0	-30.0	-1.9844207763671875	95.0	
1504198214449	558857591601	1.0	-29.873931884765625	-3.126068115234375	95.0	
1504198214465	558877733203	0.7335662841796875	-29.0	-4.0	95.0	
1504198214485	558897874805	0.408294677734375	-28.591705322265625	-4.0	95.0	
1504198214500	558918016406	1.0	-27.4498291015625	-4.0	95.0	
1504198214519	558938158008	1.6920318603515625	-27.0	-4.0	95.0	
1504198214539	558958299609	2.0	-27.0	-3.1660919189453125	95.0	
1504198214555	558978441211	2.97576904296875	-26.02423095703125	-2.02423095703125	95.0	
1504198214590	558998582812	3.117645263671875	-25.882354736328125	-1.882354736328125	95.0	
1504198214608	559018724414	4.0	-25.0	-1.0	95.0	
1504198214624	559038866015	4.0	-24.598617553710938	-1.0	95.0	
1504198214642	559059007617	4.543243408203125	-24.0	-1.0	95.0	
1504198214660	559079149219	4.31488037109375	-23.31488037109375	-1.68511962890625	95.0	
1504198214677	559099290820	4.0	-23.0	-2.8269805908203125	95.0	
1504198214695	559119432422	4.0	-22.031143188476563	-4.937713623046875	95.0	
1504198214729	559139574023	3.0	-20.778564453125	-7.0	95.0	
1504198214749	559159715625	2.747406005859375	-18.49481201171875	-7.0	95.0	
1504198214766	559179857226	2.0	-16.211090087890625	-6.6055450439453125	95.0	
1504198214782	559199998828	2.0	-14.463668823242188	-4.927337646484375	95.0	
1504198214802	559220140430	2.0	-14.0	-3.321807861328125	95.0	
1504198214819	559240282031	2.0	-13.179931640625	-2.179931640625	95.0	
1504198214836	559260423633	2.0	-13.0	-2.0	95.0	
1504198214871	559280565234	3.0	-12.896194458007813	-1.0	95.0	
1504198214890	559300706836	3.24566650390625	-12.0	-1.0	95.0	
1504198214908	559320848437	4.0	-11.613128662109375	-1.386871337890625	95.0	
1504198214922	559340990039	4.527679443359375	-11.0	-2.527679443359375	95.0	
1504198214942	559361131640	5.0	-10.330459594726563	-3.6695404052734375	95.0	
1504198214961	559381273242	5.0	-9.188583374023438	-4.8114166259765625	95.0	
1504198214977	559401414844	5.0	-8.046722412109375	-5.953277587890625	95.0	
1504198215012	559421556445	4.90484619140625	-7.0	-6.0	95.0	
1504198215029	559441698047	4.0	-6.7629852294921875	-5.7629852294921875	95.0	
1504198215047	559461839648	4.0	-5.6211090087890625	-4.6211090087890625	95.0	
1504198215065	559481981250	4.0	-5.0	-3.479248046875	95.0	
1504198215083	559502122851	4.0	-5.0	-3.0	95.0	
1504198215101	559522264453	4.8044891357421875	-4.1955108642578125	-2.1955108642578125	95.0	
1504198215120	559542406055	5.0	-4.0	-1.0536346435546875	95.0	
1504198215154	559562547656	5.088226318359375	-5.088226318359375	-1.0	95.0	
1504198215171	559582689258	6.0	-6.2301025390625	-0.7698974609375	95.0	
1504198215189	559602830859	5.6280364990234375	-7.3719635009765625	0.0	95.0	
1504198215204	559622972461	5.0	-8.513839721679688	0.0	95.0	
1504198215225	559643114062	5.0	-9.65570068359375	0.0	95.0	
1504198215241	559663255664	5.0	-10.797576904296875	0.0	95.0	
1504198215260	559683397265	5.0	-11.939437866210938	0.0	95.0	
1504198215295	559703538867	4.9186859130859375	-13.081314086914063	0.0	95.0	
1504198215312	559723680469	4.0	-14.223175048828125	0.0	95.0	
1504198215331	559743822070	4.0	-15.36505126953125	-0.36505126953125	95.0	
1504198215346	559763963672	4.0	-16.506912231445313	-1.5069122314453125	95.0	
1504198215366	559784105273	4.0	-17.648788452148438	-2.6487884521484375	95.0	
1504198215384	559804246875	4.0	-18.0	-3.0	95.0	
1504198215402	559824388476	3.0692138671875	-18.9307861328125	-3.0	95.0	
1504198215437	559844530078	3.0	-20.0	-4.0	95.0	
1504198215466	559864671680	3.0	-20.214523315429688	-4.0	95.0	
1504198215491	559884813281	3.0	-21.0	-4.0	95.0	
1504198215517	559904954883	2.501739501953125	-21.0	-4.0	95.0	
1504198215537	559925096484	2.0	-21.0	-4.0	95.0	
1504198215567	559945238086	2.0	-21.781997680664063	-4.0	95.0	
1504198215600	559965379687	2.0	-22.0	-4.0	95.0	
1504198215645	559985521289	3.0	-22.0	-4.0	95.0	
1504198215663	560005662890	3.0	-22.0	-3.792388916015625	95.0	
1504198215681	560025804492	3.0	-22.0	-3.0	95.0	
1504198215704	560045946094	3.0	-22.0	-3.0	95.0	
1504198215712	560066087695	3.0	-22.0	-3.0	95.0	
1504198215724	560086229297	3.77508544921875	-22.0	-3.77508544921875	95.0	
1504198215735	560106370898	4.0	-22.0	-4.0	95.0	
1504198215757	560126512500	4.0	-22.0	-4.0	95.0	
1504198215769	560146654101	4.0	-21.79931640625	-4.0	95.0	
1504198215788	560166795703	4.0	-20.657440185546875	-4.0	95.0	
1504198215801	560186937305	4.0	-20.0	-4.0	95.0	
1504198215807	560207078906	4.0	-20.0	-4.0	95.0	
1504198215818	560227220508	4.0	-19.231842041015625	-4.0	95.0	
1504198215829	560247362109	4.0	-19.0	-4.0	95.0	
1504198215858	560267503711	4.0	-19.0	-4.0	95.0	
1504198215882	560287645312	4.0	-19.0	-4.0	95.0	
1504198215897	560307786914	4.0	-19.0	-4.0	95.0	
1504198215913	560327928515	4.0	-19.0	-4.0	95.0	
1504198215927	560348071862	4.0	-19.0	-4.0	95.0	
1504198215947	560368213464	4.0	-19.0	-4.0	95.0	
1504198215969	560388355065	4.0	-19.0	-4.0	95.0	
1504198216000	560408496667	4.0	-19.0	-3.956756591796875	95.0	
1504198216018	560428638268	4.0	-19.0	-3.0	95.0	
1504198216037	560448779870	4.0	-19.0	-3.3269805908203125	95.0	
1504198216056	560468921471	4.0	-19.0	-4.0	95.0	
1504198216080	560489063073	4.0	-19.0	-4.0	95.0	
1504198216100	560509204675	4.0	-19.0	-4.0	95.0	
1504198216119	560529346276	4.0	-19.0	-4.0	95.0	
1504198216142	560549487878	4.0	-19.0	-4.0	95.0	
1504198216158	560569629479	4.0	-19.0	-3.821807861328125	95.0	
1504198216181	560589771081	4.0	-19.0	-3.0	95.0	
1504198216194	560609912682	4.0	-19.0	-3.0	95.0	
1504198216209	560630054284	4.0	-19.0	-3.0	95.0	
1504198216231	560650195885	4.0	-19.0	-3.0	95.0	
1504198216257	560670337487	4.887542724609375	-19.0	-2.112457275390625	95.0	
1504198216284	560690479089	5.0	-19.0	-2.0	95.0	
1504198216300	560710620690	5.0	-19.0	-2.0	95.0	
1504198216316	560730762292	5.0	-18.687393188476563	-1.6873931884765625	95.0	
1504198216339	560750903893	5.0	-18.0	-1.0	95.0	
1504198216350	560771045495	5.0	-18.0	-1.0	95.0	
1504198216371	560791187096	5.0	-18.0	-1.0	95.0	
1504198216388	560811328698	5.0	-18.0	-1.0	95.0	
1504198216422	560831470300	5.0	-18.0	-1.0	95.0	
1504198216445	560851611901	5.162628173828125	-17.837371826171875	-1.0	95.0	
1504198216466	560871753503	6.0	-17.0	-1.0	95.0	
1504198216488	560891895104	6.0	-17.0	-1.0	95.0	
1504198216507	560912036706	6.0	-17.0	-1.0	95.0	
1504198216522	560932178307	6.0	-17.0	-0.2698974609375	95.0	
1504198216545	560952319909	6.0	-17.0	0.0	95.0	
1504198216572	560972461510	6.0	-17.0	0.0	95.0	
1504198216589	560992603112	6.0	-17.0	0.0	95.0	
1504198216606	561012744714	6.297576904296875	-17.0	0.0	95.0	
1504198216619	561032886315	7.0	-17.439437866210938	0.0	95.0	
1504198216633	561053027917	7.0	-18.0	0.0	95.0	
1504198216653	561073169518	7.0	-18.0	0.0	95.0	
1504198216670	561093311120	7.0	-18.86505126953125	0.0	95.0	
1504198216708	561113452721	7.0	-19.0	0.0	95.0	
1504198216725	561133594323	7.0	-19.0	0.0	95.0	
1504198216762	561153735925	7.0	-19.0	0.0	95.0	
1504198216785	561173877526	7.0	-19.0	0.0	95.0	
1504198216790	561194019128	7.0	-19.0	0.0	95.0	
1504198216802	561214160729	7.0	-19.0	0.0	95.0	
1504198216811	561234302331	7.0	-19.0	0.8563995361328125	95.0	
1504198216830	561254443932	7.0	-19.0	1.0	95.0	
1504198216866	561274585534	7.0	-19.0	1.0	95.0	
1504198216881	561294727135	7.0	-19.0	1.0	95.0	
1504198216899	561314868737	7.0	-19.0	1.0	95.0	
1504198216925	561335010339	7.0	-19.0	0.43426513671875	95.0	
1504198216938	561355151940	7.0	-19.0	0.0	95.0	
1504198216952	561375293542	7.0	-19.0	0.0	95.0	
1504198216970	561395435143	7.0	-19.0	0.0	95.0	
1504198217005	561415576745	7.0	-19.0	0.0	95.0	
1504198217024	561435718346	7.0	-19.0	0.0	95.0	
1504198217043	561455859948	7.0	-18.583053588867188	0.0	95.0	
1504198217057	561476001550	7.0	-18.0	0.0	95.0	
1504198217074	561496143151	7.0	-18.0	0.0	95.0	
1504198217109	561516284753	7.0	-18.0	0.0	95.0	
1504198217145	561536426354	7.0	-18.0	0.0	95.0	
1504198217199	561556567956	7.0	-18.0	0.0	95.0	
1504198217221	561576709557	7.0	-18.0	0.0	95.0	
1504198217234	561596851159	7.0	-18.0	0.0	95.0	
1504198217240	561616992760	7.0	-18.0	0.0	95.0	
1504198217250	561637134362	7.0	-18.0	0.0	95.0	
1504198217258	561657275964	7.0	-18.0	0.0	95.0	
1504198217272	561677417565	7.0	-18.0	0.0	95.0	
1504198217290	561697559167	6.0	-18.0	0.0	95.0	
1504198217304	561717700768	6.0	-18.0	-0.2595062255859375	95.0	
1504198217338	561737842370	6.0	-18.0	-1.0	95.0	
1504198217348	561757983971	6.0	-18.0	-1.0	95.0	
1504198217358	561778125573	6.0	-18.0	-0.31488037109375	95.0	
1504198217374	561798267175	6.0	-18.0	0.0	95.0	
1504198217392	561818408776	6.0	-18.0	0.0	95.0	
1504198217428	561838550378	6.0	-17.8892822265625	0.0	95.0	
1504198217446	561858691979	6.0	-17.0	0.0	95.0	
1504198217463	561878833581	6.0	-17.0	0.0	95.0	
1504198217482	561898975182	6.0	-17.536331176757813	0.0	95.0	
1504198217498	561919116784	6.678192138671875	-18.0	0.0	95.0	
1504198217518	561939258385	7.0	-18.0	0.0	95.0	
1504198217535	561959399987	6.0380706787109375	-18.0	0.0	95.0	
1504198217574	561979541589	6.0	-19.0	-1.0	95.0	
1504198217615	561999683190	6.0	-19.24566650390625	-1.0	95.0	
1504198217641	562019824792	6.0	-20.0	-1.0	95.0	
1504198217652	562039966393	6.0	-20.0	-1.0	95.0	
1504198217667	562060107995	6.0	-20.0	-1.0	95.0	
1504198217677	562080249596	6.0	-20.0	-0.13177490234375	95.0	
1504198217696	562100391198	6.0	-20.0	0.0	95.0	
1504198217712	562120532800	6.0	-20.24908447265625	0.0	95.0	
1504198217726	562140674401	5.5595703125	-21.0	0.0	95.0	
1504198217744	562160816003	5.0	-21.0	0.0	95.0	
1504198217763	562180957604	5.0	-21.0	0.0	95.0	
1504198217804	562201099206	5.0	-22.0	0.0	95.0	
1504198217820	562221240807	5.0	-22.202163696289063	0.0	95.0	
1504198217836	562241382409	5.0	-23.39349365234375	0.0	95.0	
1504198217850	562261524010	5.0	-24.0	0.0	95.0	
1504198217875	562281665612	5.0	-24.77435302734375	0.0	95.0	
1504198217902	562301807214	5.0	-25.0	0.0	95.0	
1504198217953	562321948815	5.0	-26.0	0.114776611328125	95.0	
1504198217982	562342090417	5.0	-26.262603759765625	1.0	95.0	
1504198218009	562362232018	4.589569091796875	-27.410430908203125	1.0	95.0	
1504198218020	562382373620	4.0	-28.557281494140625	1.0	95.0	
1504198218031	562402515221	4.6994781494140625	-29.0	1.0	95.0	
1504198218046	562422656823	5.0	-29.8336181640625	1.0	95.0	
1504198218056	562442798425	5.0	-30.0	1.0	95.0	
1504198218071	562462940026	5.0	-30.097763061523438	1.0	95.0	
1504198218083	562483081628	5.0	-31.229843139648438	0.7701568603515625	95.0	
1504198218096	562503223229	5.0	-32.0	0.0	95.0	
1504198218115	562523364831	5.0	-32.0	0.0	95.0	
1504198218132	562543506432	5.0	-32.0	0.0	95.0	
1504198218154	562563648034	5.0	-32.0	0.0	95.0	
1504198218170	562583789635	5.0	-32.0	0.0	95.0	
1504198218202	562603931237	5.0	-33.0	0.0	95.0	
1504198218226	562624072839	5.0	-33.0	0.0	95.0	
1504198218253	562644214440	5.0	-33.28643798828125	-0.28643798828125	95.0	
1504198218281	562664356042	5.0	-34.0	-1.0	95.0	
1504198218303	562684497643	5.0	-33.44940185546875	-1.0	95.0	
1504198218329	562704639245	5.0	-32.31733703613281	-1.0	95.0	
1504198218355	562724780846	5.0	-31.185256958007813	-1.0	95.0	
1504198218381	562744922448	5.0	-30.053176879882813	-1.0	95.0	
1504198218427	562765064050	4.921112060546875	-28.84222412109375	-1.0	95.0	
1504198218453	562785205651	4.0	-26.789031982421875	-1.0	95.0	
1504198218462	562805347253	4.0	-25.656951904296875	-1.343048095703125	95.0	
1504198218479	562825488854	4.475128173828125	-25.0	-2.0	95.0	
1504198218488	562845630456	5.0	-24.392807006835938	-2.0	95.0	
1504198218505	562865772057	5.7392730712890625	-24.0	-2.0	95.0	
1504198218522	562885913659	6.8713531494140625	-23.128646850585938	-1.1286468505859375	95.0	
1504198218571	562906055260	7.0051422119140625	-23.0	-1.0	95.0	
1504198218588	562926196862	8.0	-22.86279296875	-0.86279296875	95.0	
1504198218612	562946338464	8.269287109375	-22.0	0.0	95.0	
1504198218645	562966480065	9.0	-21.5986328125	0.0	95.0	
1504198218666	562986621667	9.0	-21.0	0.0	95.0	
1504198218699	563006763268	9.0	-20.334487915039063	0.0	95.0	
1504198218732	563026904870	9.0	-20.0	0.0	95.0	
1504198218768	563047046471	9.0	-20.0	0.0	95.0	
1504198218830	563067188073	9.0	-19.0	-1.061737060546875	95.0	
1504198218860	563087329675	9.0	-18.806182861328125	-2.0	95.0	
1504198218879	563107471276	9.0	-17.674102783203125	-2.0	95.0	
1504198218891	563127612878	9.0	-17.0	-2.0	95.0	
1504198218899	563147754479	9.590042114257813	-16.409957885742188	-1.4099578857421875	95.0	
1504198218907	563167896081	10.0	-16.0	-0.2778778076171875	95.0	
1504198218916	563188037682	10.854202270507813	-16.0	0.0	95.0	
1504198218922	563208179284	11.0	-16.0	0.98626708984375	95.0	
1504198218937	563228320885	11.11834716796875	-16.0	2.0	95.0	
1504198218946	563248462487	12.0	-15.74957275390625	2.0	95.0	
1504198218955	563268604089	12.0	-15.0	2.0	95.0	
1504198218961	563288745690	11.485427856445313	-15.0	1.4854278564453125	95.0	
1504198218974	563308887292	11.0	-15.0	1.0	95.0	
1504198218981	563329028893	11.0	-15.0	0.221282958984375	95.0	
1504198218993	563349170495	10.089202880859375	-15.0	0.0	95.0	
1504198219024	563369312096	9.0	-14.957122802734375	0.0	95.0	
1504198219032	563389453698	9.0	-13.825057983398438	0.0	95.0	
1504198219043	563409595300	9.0	-13.0	0.0	95.0	
1504198219051	563429736901	9.0	-13.0	0.4408111572265625	95.0	
1504198219061	563449878503	9.0	-13.0	2.145782470703125	95.0	
1504198219086	563470020104	9.704971313476563	-13.0	3.7049713134765625	95.0	
1504198219105	563490161706	10.0	-12.1629638671875	5.674072265625	95.0	
1504198219122	563510303307	10.0	-12.0	6.0	95.0	
1504198219141	563530444909	11.0	-11.1011962890625	5.8988037109375	95.0	
1504198219159	563550586510	11.0	-12.0	4.5228271484375	95.0	
1504198219177	563570728112	11.0	-12.0	2.18560791015625	95.0	
1504198219187	563590869714	10.404678344726563	-12.0	0.4046783447265625	95.0	
1504198219199	563611011315	10.0	-12.783782958984375	0.0	95.0	
1504198219207	563631152917	10.0	-13.0	0.0	95.0	
1504198219242	563651294518	11.0	-12.839935302734375	1.160064697265625	95.0	
1504198219259	563671436120	11.0	-12.0	2.3477325439453125	95.0	
1504198219277	563691577721	11.535964965820313	-12.0	3.0	95.0	
1504198219296	563711719323	12.723007202148438	-12.723007202148438	3.0	95.0	
1504198219313	563731860925	13.0	-13.911697387695313	3.0	95.0	
1504198219352	563752002526	14.0	-14.0	1.900909423828125	95.0	
1504198219367	563772144128	14.287765502929688	-14.0	0.7122344970703125	95.0	
1504198219384	563792285729	15.0	-13.524337768554688	0.0	95.0	
1504198219404	563812427331	15.0	-13.0	0.0	95.0	
1504198219419	563832568932	15.0	-12.177398681640625	0.0	95.0	
1504198219437	563852710534	15.0	-12.972122192382813	0.0	95.0	
1504198219473	563872852135	14.880630493164063	-13.0	0.0	95.0	
1504198219491	563892993737	14.0	-13.0	-0.2598876953125	95.0	
1504198219514	563913135339	13.604141235351563	-13.0	-1.0	95.0	
1504198219529	563933276940	13.0	-12.468170166015625	-1.0	95.0	
1504198219554	563953418542	13.0	-12.0	-1.0	95.0	
1504198219588	563973560143	13.0	-12.0	-1.0	95.0	
1504198219638	563993701745	12.06024169921875	-12.93975830078125	-1.0	95.0	
1504198219695	564013843346	12.0	-14.0	-1.0	95.0	
1504198219718	564033984948	12.0	-14.0	-1.0	95.0	
1504198219749	564054126550	12.0	-14.0	-1.0	95.0	
1504198219779	564074268151	12.0	-14.0	-1.0	95.0	
1504198219807	564094409753	12.0	-14.0	-1.0	95.0	
1504198219835	564114551354	12.0	-14.754287719726563	-1.0	95.0	
1504198219868	564134692956	12.0	-15.0	-1.0	95.0	
1504198219901	564154834557	12.0	-14.974197387695313	0.0	95.0	
1504198219915	564174976159	12.0	-14.0	0.0	95.0	
1504198219930	564195117760	12.0	-14.0	0.0	95.0	
1504198219947	564215259362	12.0	-14.0	0.0	95.0	
1504198219959	564235400964	12.0	-14.0	0.0	95.0	
1504198219973	564255542565	12.0	-13.294326782226563	0.0	95.0	
1504198219990	564275684167	12.0	-13.0	0.0	95.0	
1504198220008	564295825768	12.0	-13.0	0.0	95.0	
1504198220038	564315967370	11.88641357421875	-13.0	0.0	95.0	
1504198220060	564336108971	11.0	-13.0	0.0	95.0	
1504198220078	564356250573	11.0	-13.0	0.0	95.0	
1504198220091	564376392175	10.480209350585938	-13.0	0.0	95.0	
1504198220108	564396533776	10.0	-13.0	0.0	95.0	
1504198220117	564416675378	10.0	-13.0	0.0	95.0	
1504198220127	564436816979	10.0	-13.0	0.0	95.0	
1504198220142	564456958581	10.0	-13.0	0.0	95.0	
1504198220152	564477100182	10.0	-13.0	0.0	95.0	
1504198220164	564497241784	10.0	-13.0	0.0	95.0	
1504198220173	564517383385	10.0	-13.0	0.0	95.0	
1504198220178	564537524987	10.0	-13.0	0.0	95.0	
1504198220187	564557666589	10.0	-13.743545532226563	0.0	95.0	
1504198220195	564577808190	10.0	-14.0	0.0	95.0	
1504198220212	564597949792	10.0	-14.0	0.0	95.0	
1504198220218	564618091393	10.0	-14.0	0.0	95.0	
1504198220229	564638232995	10.0	-14.0	0.0	95.0	
1504198220248	564658374596	10.0	-14.0	0.0	95.0	
1504198220268	564678516198	10.0	-14.0	0.0	95.0	
1504198220284	564698657800	10.0	-13.306381225585938	0.0	95.0	
1504198220300	564718799401	10.0	-13.0	0.0	95.0	
1504198220317	564738941003	10.0	-13.0	0.0	95.0	
1504198220357	564759082604	10.0	-13.0	0.0	95.0	
1504198220370	564779224206	9.762481689453125	-13.0	0.0	95.0	
1504198220389	564799365807	9.0	-13.0	0.0	95.0	
1504198220408	564819507409	9.0	-13.0	0.0	95.0	
1504198220425	564839649010	9.0	-13.0	0.0	95.0	
1504198220441	564859790612	9.0	-13.0	0.0	95.0	
1504198220460	564879932214	9.0	-13.0	0.0	95.0	
1504198220493	564900073815	9.0	-13.0	0.0	95.0	
1504198220511	564920215417	9.0	-13.0	0.0	95.0	
1504198220528	564940357018	9.0	-13.0	0.0	95.0	
1504198220547	564960498620	9.0	-13.0	0.0	95.0	
1504198220570	564980640221	9.0	-13.0	0.0	95.0	
1504198220585	565000781823	9.0	-13.0	-0.7314910888671875	95.0	
1504198220599	565020923425	9.0	-13.0	-1.0	95.0	
1504198220633	565041065026	8.996566772460938	-13.0	-1.0	95.0	
1504198220651	565061206628	8.0	-13.0	-1.0	95.0	
1504198220671	565081348229	8.0	-13.0	-1.0	95.0	
1504198220690	565101489831	8.411346435546875	-13.0	-1.0	95.0	
1504198220707	565121631432	9.0	-13.0	-1.0	95.0	
1504198220723	565141773034	9.0	-13.0	-1.0	95.0	
1504198220740	565161914635	9.0	-13.0	-1.0	95.0	
1504198220758	565182056237	9.0	-13.0	-1.0	95.0	
1504198220792	565202197839	9.0	-13.0	-1.0	95.0	
1504198220810	565222339440	9.0	-13.0	-1.0	95.0	
1504198220830	565242481042	9.0	-13.0	-1.0	95.0	
1504198220846	565262622643	8.502593994140625	-13.0	-1.0	95.0	
1504198220863	565282764245	8.0	-13.0	-1.0	95.0	
1504198220883	565302905846	8.0	-13.0	-1.0	95.0	
1504198220899	565323047448	8.0	-13.0	-1.0	95.0	
1504198220934	565343189050	9.0	-14.0	-0.9586944580078125	95.0	
1504198220951	565363330651	9.0	-14.0	0.0	95.0	
1504198220969	565383472253	9.0	-14.0	0.0	95.0	
1504198220987	565403613854	9.0	-14.0	0.0	95.0	
1504198221004	565423755456	9.0	-14.0	0.0	95.0	
1504198221023	565443897057	9.0	-14.0	0.0	95.0	
1504198221040	565464038659	9.0	-14.0	0.0	95.0	
1504198221056	565484180260	9.0	-14.99139404296875	0.0	95.0	
1504198221093	565504321862	8.0	-15.0	-1.0	95.0	
1504198221110	565524463464	8.0	-15.0	-1.263336181640625	95.0	
1504198221127	565544605065	8.0	-15.0	-2.0	95.0	
1504198221146	565564746667	8.0	-15.0	-2.0	95.0	
1504198221162	565584888268	8.0	-15.0	-2.0	95.0	
1504198221180	565605029870	8.807220458984375	-15.0	-1.192779541015625	95.0	
1504198221196	565625171471	9.0	-15.0	-1.0	95.0	
1504198221232	565645313073	9.0	-14.0	-1.0	95.0	
1504198221251	565665454675	9.0	-13.78125	-1.0	95.0	
1504198221268	565685596276	9.0	-13.0	-1.0	95.0	
1504198221286	565705737878	9.0	-13.0	-1.0	95.0	
1504198221305	565725879479	9.0	-13.0	-1.0	95.0	
1504198221322	565746021081	9.0	-13.802078247070313	-1.0	95.0	
1504198221337	565766162682	9.0	-14.0	-1.0	95.0	
1504198221376	565786304284	8.90625	-14.0	-1.0	95.0	
1504198221394	565806445885	8.0	-14.0	-1.0	95.0	
1504198221411	565826587487	8.385406494140625	-14.0	-1.0	95.0	
1504198221428	565846729089	9.0	-14.0	-1.0	95.0	
1504198221447	565866870690	8.322921752929688	-14.0	-1.0	95.0	
1504198221464	565887012292	8.0	-14.0	-1.0	95.0	
1504198221481	565907153893	8.0	-14.0	-1.0	95.0	
1504198221517	565927295495	8.0	-14.0	-1.0	95.0	
1504198221533	565947437096	8.0	-14.0	-1.0	95.0	
1504198221551	565967578698	8.0	-14.0	-1.0	95.0	
1504198221572	565987720300	8.0	-14.0	-1.0	95.0	
1504198221585	566007861901	8.0	-14.0	-1.0	95.0	
1504198221603	566028003503	8.0	-14.84375	-1.0	95.0	
1504198221619	566048145104	8.0	-15.0	-1.0	95.0	
1504198221656	566068286706	7.0	-15.0	-1.0	95.0	
1504198221675	566088428307	7.0	-15.28125	-1.0	95.0	
1504198221698	566108569909	7.0	-16.0	-1.0	95.0	
1504198221710	566128711510	7.0	-15.427093505859375	-1.0	95.0	
1504198221731	566148853112	7.0	-15.0	-1.0	95.0	
1504198221747	566168994714	7.0	-15.0	-1.8645782470703125	95.0	
1504198221780	566189136315	7.0	-14.989593505859375	-2.0	95.0	
1504198221798	566209277917	7.0	-14.0	-2.0	95.0	
1504198221815	566229419518	7.0	-14.0	-2.3020782470703125	95.0	
1504198221833	566249561120	7.0	-14.0	-3.0	95.0	
1504198221850	566269702721	7.0	-14.0	-3.0	95.0	
1504198221867	566289844323	7.0	-14.0	-3.0	95.0	
1504198221887	566309985925	7.0	-14.0	-3.885406494140625	95.0	
1504198221920	566330127526	7.0	-15.0	-4.0	95.0	
1504198221939	566350269128	7.0	-15.0	-4.0	95.0	
1504198221955	566370410729	7.0	-15.0	-4.0	95.0	
1504198221973	566390552331	7.0	-15.0	-4.0	95.0	
1504198221992	566410693932	7.0	-14.385421752929688	-4.0	95.0	
1504198222009	566430835534	7.0	-14.0	-4.0	95.0	
1504198222026	566450977135	7.0	-14.0	-4.0	95.0	
1504198222062	566471118737	7.0	-14.0	-4.0	95.0	
1504198222079	566491260339	7.0	-14.0	-4.0	95.0	
1504198222097	566511401940	7.0	-14.0	-4.0	95.0	
1504198222115	566531543542	7.0	-14.0	-3.5104217529296875	95.0	
1504198222131	566551685143	7.0	-14.0	-3.0	95.0	
1504198222152	566571826745	7.0	-14.0	-3.0	95.0	
1504198222168	566591968346	7.0	-14.0	-3.0	95.0	
1504198222202	566612109948	7.072906494140625	-13.927093505859375	-3.0	95.0	
1504198222221	566632251550	7.78125	-13.0	-3.0	95.0	
1504198222239	566652393151	7.0	-13.0	-2.6354217529296875	95.0	
1504198222257	566672534753	7.0	-12.489593505859375	-2.0	95.0	
1504198222275	566692676354	6.34375	-12.0	-2.0	95.0	
1504198222291	566712817956	6.0	-12.0	-2.8020782470703125	95.0	
1504198222311	566732959557	6.0	-12.0	-3.0	95.0	
1504198222344	566753101159	6.0	-12.0	-3.0	95.0	
1504198222362	566773242760	6.0	-12.0	-3.0	95.0	
1504198222381	566793384362	6.0	-12.385406494140625	-3.0	95.0	
1504198222397	566813525964	6.0	-13.0	-3.53125	95.0	
1504198222417	566833667565	6.0	-13.0	-4.0	95.0	
1504198222432	566853809167	6.0	-13.0	-4.0	95.0	
1504198222450	566873950768	6.0	-13.0	-4.0	95.0	
1504198222484	566894092370	6.0	-13.0	-4.0	95.0	
1504198222505	566914233971	6.0	-13.0	-4.0	95.0	
1504198222523	566934375573	6.0	-12.59375	-4.0	95.0	
1504198222539	566954517175	6.0	-12.0	-4.0	95.0	
1504198222556	566974658776	6.0	-12.697906494140625	-4.0	95.0	
1504198222575	566994800378	6.0	-13.0	-4.0	95.0	
1504198222591	567014941979	5.0104217529296875	-13.0	-4.0	95.0	
1504198222625	567035083581	5.0	-13.0	-4.0	95.0	
1504198222643	567055225182	5.0	-13.0	-4.0	95.0	
1504198222660	567075366784	5.0	-13.0	-4.0	95.0	
1504198222678	567095508385	5.0	-13.0	-4.0	95.0	
1504198222697	567115649987	5.0	-13.0	-4.0	95.0	
1504198222715	567135791589	5.0	-13.0	-4.0	95.0	
1504198222748	567155933190	5.010406494140625	-13.0	-4.0	95.0	
1504198222768	567176074792	6.0	-13.0	-4.0	95.0	
1504198222787	567196216393	6.0	-13.0	-4.0	95.0	
1504198222803	567216357995	6.0	-13.0	-3.552093505859375	95.0	
1504198222820	567236499596	5.40625	-13.0	-3.0	95.0	
1504198222838	567256641198	5.0	-13.0	-3.0	95.0	
1504198222855	567276782800	5.0	-13.0	-3.0	95.0	
1504198222889	567296924401	5.0	-13.0	-3.0	95.0	
1504198222908	567317066003	5.0	-13.0	-3.0	95.0	
1504198222925	567337207604	5.0	-13.0	-3.0	95.0	
1504198222945	567357349206	5.0	-13.0	-3.0	95.0	
1504198222961	567377490807	5.0	-13.0	-3.0	95.0	
1504198222979	567397632409	5.0	-13.0	-3.0	95.0	
1504198222997	567417774010	5.0	-13.0	-3.0	95.0	
1504198223030	567437915612	5.0	-13.0	-3.0	95.0	
1504198223050	567458057214	5.0	-13.197906494140625	-3.0	95.0	
1504198223067	567478198815	5.0	-14.0	-3.0	95.0	
1504198223084	567498340417	5.0	-14.0	-3.0	95.0	
1504198223104	567518482018	5.635406494140625	-14.0	-3.0	95.0	
1504198223120	567538623620	6.0	-13.21875	-3.0	95.0	
1504198223137	567558765221	6.0	-13.0	-3.0	95.0	
1504198223171	567578906823	6.0	-13.0	-3.0	95.0	
1504198223190	567599048425	6.0	-13.0	-3.0	95.0	
1504198223208	567619190026	6.0	-12.635421752929688	-3.0	95.0	
1504198223224	567639331628	6.0	-12.0	-3.0	95.0	
1504198223242	567659473229	6.0	-12.0	-3.0	95.0	
1504198223261	567679614831	6.0	-12.0	-3.0	95.0	
1504198223279	567699756432	5.052093505859375	-12.0	-3.0	95.0	
1504198223315	567719898034	5.09375	-12.09375	-2.90625	95.0	
1504198223331	567740039635	6.0	-13.0	-2.0	95.0	
1504198223348	567760181237	6.0	-13.0	-2.0	95.0	
1504198223369	567780322839	6.0	-13.0	-2.53125	95.0	
1504198223385	567800464440	6.0	-12.322921752929688	-3.0	95.0	
1504198223402	567820606042	6.0	-12.0	-3.0	95.0	
1504198223422	567840747643	6.0	-12.0	-3.0	95.0	
1504198223456	567860889245	6.0	-11.885421752929688	-2.8854217529296875	95.0	
1504198223472	567881030846	6.0	-11.0	-2.0	95.0	
1504198223489	567901172448	6.0	-11.0	-2.40625	95.0	
1504198223507	567921314050	6.0	-11.0	-3.0	95.0	
1504198223528	567941455651	6.0	-11.0	-3.0	95.0	
1504198223543	567961597253	6.0	-11.0	-3.0	95.0	
1504198223561	567981738854	6.0	-11.0	-3.0	95.0	
1504198223595	568001880456	5.0	-11.0	-3.0	95.0	
1504198223613	568022022057	5.0	-11.0	-3.0	95.0	
1504198223631	568042163659	5.0	-11.0	-3.0	95.0	
1504198223648	568062305260	5.0	-11.0	-3.0	95.0	
1504198223666	568082446862	5.0	-11.0	-3.0	95.0	
1504198223686	568102588464	5.0	-11.0	-3.0	95.0	
1504198223716	568122730065	5.010406494140625	-11.0	-3.0	95.0	
1504198223736	568142871667	6.0	-11.0	-3.0	95.0	
1504198223754	568163013268	6.0	-10.697921752929688	-3.0	95.0	
1504198223774	568183154870	6.0	-10.0	-3.0	95.0	
1504198223790	568203296471	6.0	-9.40625	-3.0	95.0	
1504198223808	568223438073	6.0	-9.0	-3.0	95.0	
1504198223825	568243579675	6.885406494140625	-9.0	-2.114593505859375	95.0	
1504198223858	568263721276	7.0	-9.0	-2.0	95.0	
1504198223877	568283862878	7.0	-9.177078247070313	-2.0	95.0	
1504198223895	568304004479	6.677093505859375	-10.0	-2.0	95.0	
1504198223915	568324146081	6.0	-10.46875	-1.53125	95.0	
1504198223932	568344287682	6.0	-11.0	-1.0	95.0	
1504198223952	568364429284	6.0	-11.0	-1.0	95.0	
1504198223965	568384570885	6.0	-11.0	-1.0	95.0	
1504198223999	568404712487	5.0	-10.0	-1.0	95.0	
1504198224017	568424854089	5.0	-10.0	-1.197906494140625	95.0	
1504198224035	568444995690	5.0	-9.65625	-2.0	95.0	
1504198224054	568465137292	5.0	-9.0	-2.0	95.0	
1504198224070	568485278893	5.0	-9.0	-2.0	95.0	
1504198224089	568505420495	5.0	-9.0	-2.0	95.0	
1504198224106	568525562096	5.0	-9.927078247070313	-1.0729217529296875	95.0	
1504198224142	568545703698	6.0	-9.0	-2.0	95.0	
1504198224159	568565845300	6.0	-9.0	-2.0	95.0	
1504198224178	568585986901	6.0	-9.0	-2.0	95.0	
1504198224195	568606128503	6.0	-9.0	-2.0	95.0	
1504198224213	568626270104	6.0	-9.0	-2.0	95.0	
1504198224229	568646411706	6.0	-9.0	-2.0	95.0	
1504198224247	568666553307	6.0	-9.0	-2.0	95.0	
1504198224282	568686694909	6.0	-9.0	-2.0	95.0	
1504198224302	568706836510	6.0	-9.0	-2.0	95.0	
1504198224319	568726978112	6.0	-9.0	-2.0	95.0	
1504198224338	568747119714	5.46875	-9.0	-2.0	95.0	
1504198224353	568767261315	5.0	-9.0	-2.0	95.0	
1504198224372	568787402917	5.0	-9.0	-1.177093505859375	95.0	
1504198224388	568807544518	5.0	-9.0	-1.0	95.0	
1504198224424	568827686120	5.0	-9.0	-1.0	95.0	
1504198224441	568847827721	5.0	-9.0	-1.0	95.0	
1504198224459	568867969323	5.0	-9.0	-1.0	95.0	
1504198224476	568888110925	5.0	-9.0	-1.0	95.0	
1504198224494	568908252526	5.0	-9.0	-1.0	95.0	
1504198224511	568928394128	5.0	-9.0	-1.0	95.0	
1504198224531	568948535729	5.0	-9.0	-1.0	95.0	
1504198224565	568968677331	5.0	-9.0	-1.0	95.0	
1504198224587	568988818932	5.0	-9.0	-1.0	95.0	
1504198224603	569008960534	5.0	-9.0	-1.0	95.0	
1504198224617	569029102135	5.0	-9.0	-1.0	95.0	
1504198224639	569049243737	5.71875	-9.0	-1.71875	95.0	
1504198224653	569069385339	6.0	-9.0	-2.0	95.0	
1504198224688	569089526940	5.989593505859375	-9.0	-2.0	95.0	
1504198224706	569109668542	5.0	-9.15625	-2.0	95.0	
1504198224727	569129810143	5.0	-10.0	-2.0	95.0	
1504198224741	569149951745	5.0	-10.0	-2.0	95.0	
1504198224759	569170093346	5.0	-10.0	-2.0	95.0	
1504198224775	569190234948	5.0	-10.739578247070313	-2.0	95.0	
1504198224795	569210376550	5.0	-11.0	-2.0	95.0	
1504198224829	569230518151	5.0	-11.0	-2.0	95.0	
1504198224846	569250659753	5.0	-11.0	-2.0	95.0	
1504198224863	569270801354	5.0	-11.0	-2.0	95.0	
1504198224882	569290942956	5.0	-10.53125	-2.0	95.0	
1504198224900	569311084557	5.0	-10.0	-2.0	95.0	
1504198224916	569331226159	5.0	-10.0	-2.0	95.0	
1504198224935	569351367760	5.0	-10.0	-2.0	95.0	
1504198224970	569371509362	5.0	-11.0	-2.0	95.0	
1504198224988	569391650964	5.0	-11.0	-2.0	95.0	
1504198225005	569411792565	5.0	-11.0	-2.0	95.0	
1504198225023	569431934167	5.0	-11.0	-2.0	95.0	
1504198225041	569452075768	5.0	-11.0	-2.0	95.0	
1504198225059	569472217370	5.0	-11.0	-2.0	95.0	
1504198225076	569492358971	5.0	-11.0	-2.0	95.0	
1504198225113	569512500573	5.0	-11.0	-2.0	95.0	
1504198225129	569532642175	5.0	-11.0	-2.0	95.0	
1504198225147	569552783776	5.0	-11.0	-2.0	95.0	
1504198225164	569572925378	5.0	-11.0	-2.0	95.0	
1504198225182	569593066979	5.0	-11.0	-2.0	95.0	
1504198225199	569613208581	5.0	-11.0	-2.0	95.0	
