1507562723637	1216136153783	256.0	-48.891754150390625	-3.108245849609375	-1.0	
1507562723656	1216156295385	256.0	-48.0	-4.0	-1.0	
1507562723673	1216176436986	256.0	-48.0	-4.0	-1.0	
1507562723690	1216196578588	255.4897003173828	-48.0	-4.0	-1.0	
1507562723710	1216216720189	255.0	-48.644317626953125	-4.0	-1.0	
1507562723727	1216236861791	255.0	-49.77833557128906	-4.0	-1.0	
1507562723743	1216257003392	255.0	-50.0	-4.0	-1.0	
1507562723781	1216277144994	255.0	-50.0	-4.0	-1.0	
1507562723798	1216297286595	255.0	-50.18040466308594	-4.0	-1.0	
1507562723816	1216317428197	255.0	-51.0	-4.0	-1.0	
1507562723836	1216337569799	255.0	-51.0	-4.0	-1.0	
1507562723850	1216357711400	255.0	-51.58247375488281	-4.0	-1.0	
1507562723870	1216377853002	255.0	-52.0	-4.0	-1.0	
1507562723886	1216397994603	255.0	-52.0	-4.0	-1.0	
1507562723904	1216418136205	254.01547241210938	-52.0	-4.0	-1.0	
1507562723941	1216438277806	254.0	-52.11854553222656	-4.1185455322265625	-1.0	
1507562723958	1216458419408	254.0	-53.0	-5.0	-1.0	
1507562723977	1216478561010	254.0	-53.0	-5.0	-1.0	
1507562723994	1216498702611	253.47938537597656	-53.52061462402344	-5.5206146240234375	-1.0	
1507562724011	1216518844213	253.0	-54.654632568359375	-6.0	-1.0	
1507562724033	1216538985814	252.2113494873047	-55.78865051269531	-6.7886505126953125	-1.0	
1507562724046	1216559127416	251.07733154296875	-56.92266845703125	-7.0	-1.0	
1507562724084	1216579269017	249.9433135986328	-58.05668640136719	-8.056686401367188	-1.0	
1507562724101	1216599410619	248.8092803955078	-59.19071960449219	-9.190719604492188	-1.0	
1507562724120	1216619552220	247.35052490234375	-60.64947509765625	-10.0	-1.0	
1507562724138	1216639693822	245.08248901367188	-62.917510986328125	-10.458755493164063	-1.0	
1507562724155	1216659835424	243.4072265625	-65.185546875	-11.5927734375	-1.0	
1507562724173	1216679977025	241.54641723632813	-67.45358276367188	-12.0	-1.0	
1507562724192	1216700118627	240.13917541503906	-68.86082458496094	-12.860824584960938	-1.0	
1507562724208	1216720260228	239.00515747070313	-69.99484252929688	-13.0	-1.0	
1507562724244	1216740401830	237.8711395263672	-71.0	-13.0	-1.0	
1507562724263	1216760543431	236.73712158203125	-71.26287841796875	-13.26287841796875	-1.0	
1507562724283	1216780685033	236.0	-72.0	-14.0	-1.0	
1507562724297	1216800826635	235.46908569335938	-72.0	-14.0	-1.0	
1507562724315	1216820968236	235.0	-72.66494750976563	-14.0	-1.0	
1507562724334	1216841109838	234.20103454589844	-73.0	-14.0	-1.0	
1507562724351	1216861251439	234.0	-73.0	-14.0	-1.0	
1507562724387	1216881393041	233.93299865722656	-73.06700134277344	-14.0	-1.0	
1507562724405	1216901534642	233.0	-74.0	-14.0	-1.0	
1507562724423	1216921676244	232.6649627685547	-74.0	-14.0	-1.0	
1507562724441	1216941817845	232.0	-74.46907043457031	-14.0	-1.0	
1507562724458	1216961959447	231.39691162109375	-75.0	-14.0	-1.0	
1507562724477	1216982101049	231.0	-75.0	-14.0	-1.0	
1507562724495	1217002242650	230.12887573242188	-75.87112426757813	-14.0	-1.0	
1507562724534	1217022384252	229.99485778808594	-76.0	-14.0	-1.0	
1507562724548	1217042525853	229.0	-76.0	-14.0	-1.0	
1507562724567	1217062667455	228.726806640625	-76.273193359375	-14.0	-1.0	
1507562724584	1217082809056	228.0	-77.0	-14.0	-1.0	
1507562724602	1217102950658	227.45877075195313	-77.0	-14.541229248046875	-1.0	
1507562724622	1217123092260	227.0	-77.0	-15.0	-1.0	
1507562724637	1217143233861	227.0	-77.0	-15.0	-1.0	
1507562724656	1217163375463	227.0	-77.0	-15.0	-1.0	
1507562724693	1217183517064	227.0	-77.0	-15.0	-1.0	
1507562724711	1217203658666	227.0	-77.0	-15.0	-1.0	
1507562724732	1217223800267	227.34535217285156	-77.0	-15.0	-1.0	
1507562724745	1217243941869	228.0	-77.0	-14.5206298828125	-1.0	
1507562724763	1217264083470	228.61338806152344	-76.38661193847656	-14.0	-1.0	
1507562724783	1217284225072	229.74742126464844	-75.25257873535156	-14.0	-1.0	
1507562724801	1217304366674	230.88143920898438	-74.11856079101563	-14.0	-1.0	
1507562724834	1217324508275	232.03091430664063	-72.98454284667969	-13.0	-1.0	
1507562724855	1217344649877	234.14947509765625	-71.7010498046875	-12.85052490234375	-1.0	
1507562724872	1217364791478	235.56698608398438	-69.71650695800781	-12.0	-1.0	
1507562724889	1217384933080	237.41751098632813	-68.16497802734375	-11.582489013671875	-1.0	
1507562724905	1217405074681	238.55154418945313	-65.89691162109375	-11.0	-1.0	
1507562724923	1217425216283	240.37112426757813	-64.31443786621094	-10.314437866210938	-1.0	
1507562724941	1217445357885	241.819580078125	-63.180419921875	-10.0	-1.0	
1507562724959	1217465499486	242.95359802246094	-61.092803955078125	-9.046401977539063	-1.0	
1507562724995	1217485641088	244.08761596679688	-59.82476806640625	-9.0	-1.0	
1507562725011	1217505782689	245.22164916992188	-57.55670166015625	-9.0	-1.0	
1507562725030	1217525924291	246.0	-55.64433288574219	-9.0	-1.0	
1507562725049	1217546065892	246.48968505859375	-54.51031494140625	-8.51031494140625	-1.0	
1507562725069	1217566207494	247.6237030029297	-53.37629699707031	-8.0	-1.0	
1507562725084	1217586349095	248.75772094726563	-52.242279052734375	-8.0	-1.0	
1507562725102	1217606490697	249.89173889160156	-51.10826110839844	-7.1082611083984375	-1.0	
1507562725136	1217626632299	251.02577209472656	-49.97422790527344	-6.9742279052734375	-1.0	
1507562725155	1217646773900	252.0	-48.8402099609375	-6.0	-1.0	
1507562725172	1217666915502	252.29380798339844	-47.412384033203125	-6.0	-1.0	
1507562725191	1217687057103	253.0	-45.572174072265625	-6.0	-1.0	
1507562725208	1217707198705	253.0	-44.43815612792969	-6.0	-1.0	
1507562725226	1217727340306	253.0	-43.30413818359375	-6.0	-1.0	
1507562725244	1217747481908	253.0	-42.17010498046875	-6.82989501953125	-1.0	
1507562725264	1217767623510	253.0	-41.03608703613281	-7.0	-1.0	
1507562725298	1217787765111	253.0	-39.902069091796875	-8.0	-1.0	
1507562725317	1217807906713	253.0	-38.76805114746094	-8.0	-1.0	
1507562725337	1217828048314	253.0	-37.634033203125	-8.0	-1.0	
1507562725354	1217848189916	253.5	-37.0	-8.0	-1.0	
1507562725369	1217868331517	254.0	-36.36598205566406	-8.0	-1.0	
1507562725387	1217888473119	254.0	-35.231964111328125	-8.0	-1.0	
1507562725405	1217908614720	254.0	-34.09794616699219	-7.0979461669921875	-1.0	
1507562725441	1217928756322	253.0	-33.0	-7.0	-1.0	
1507562725459	1217948897924	252.8299102783203	-32.82991027832031	-7.0	-1.0	
1507562725477	1217969039525	251.6958770751953	-32.0	-7.0	-1.0	
1507562725495	1217989181127	250.56185913085938	-32.0	-7.0	-1.0	
1507562725514	1218009322728	249.42784118652344	-32.57215881347656	-7.0	-1.0	
1507562725531	1218029464330	249.0	-33.0	-6.2938232421875	-1.0	
1507562725550	1218049605931	248.15980529785156	-33.0	-6.0	-1.0	
1507562725569	1218069747533	247.02578735351563	-33.0	-5.025787353515625	-1.0	
1507562725603	1218089889135	245.89175415039063	-33.0	-4.0	-1.0	
1507562725619	1218110030736	244.75857543945313	-33.0	-3.758575439453125	-1.0	
1507562725637	1218130172338	243.6290740966797	-32.62907409667969	-3.0	-1.0	
1507562725656	1218150313939	242.50086975097656	-32.0	-2.5008697509765625	-1.0	
1507562725673	1218170455541	242.0	-32.0	-2.0	-1.0	
1507562725691	1218190597142	242.0	-32.0	-2.0	-1.0	
1507562725711	1218210738744	242.0	-31.159408569335938	-2.0	-1.0	
1507562725727	1218230880345	242.0	-31.0	-2.0	-1.0	
1507562725763	1218251021947	242.0	-31.05712890625	-2.0	-1.0	
1507562725780	1218271163549	241.83389282226563	-32.0	-1.833892822265625	-1.0	
1507562725798	1218291305150	241.0	-32.0	-1.0	-1.0	
1507562725815	1218311446752	241.0	-32.0	-1.0	-1.0	
1507562725835	1218331588353	241.0	-32.0	-1.0	-1.0	
1507562725852	1218351729955	241.0	-31.401016235351563	-1.0	-1.0	
1507562725872	1218371871556	241.0	-31.0	-1.707550048828125	-1.0	
1507562725889	1218392013158	241.0	-31.0	-2.0	-1.0	
1507562725904	1218412154760	240.0756378173828	-31.0	-2.0	-1.0	
1507562725941	1218432296361	240.0	-31.0	-2.0	-1.0	
1507562725959	1218452437963	240.0	-30.85906982421875	-2.0	-1.0	
1507562725976	1218472579564	239.7512664794922	-30.0	-2.0	-1.0	
1507562725994	1218492721166	239.0	-30.0	-2.0	-1.0	
1507562726012	1218512862767	239.0	-30.0	-2.0	-1.0	
1507562726031	1218533004369	238.42617797851563	-30.573822021484375	-2.0	-1.0	
1507562726049	1218553145970	238.0	-31.0	-2.0	-1.0	
1507562726065	1218573287572	237.20973205566406	-31.0	-2.0	-1.0	
1507562726083	1218593429174	237.0	-31.0	-1.1008453369140625	-1.0	
1507562726119	1218613570775	237.0	-31.0	-1.0	-1.0	
1507562726140	1218633712377	237.0	-31.0	-1.0	-1.0	
1507562726155	1218653853978	237.0	-31.0	-1.0	-1.0	
1507562726173	1218673995580	237.0	-31.331085205078125	-1.0	-1.0	
1507562726191	1218694137181	237.0	-32.0	-1.0	-1.0	
1507562726208	1218714278783	237.0	-32.0	-1.0	-1.0	
1507562726226	1218734420385	237.65603637695313	-32.0	-1.0	-1.0	
1507562726244	1218754561986	238.0	-32.76469421386719	-1.0	-1.0	
1507562726262	1218774703588	238.0	-33.0	-1.0	-1.0	
1507562726280	1218794845189	238.98150634765625	-33.98150634765625	-1.0	-1.0	
1507562726316	1218814986791	239.10597229003906	-35.10597229003906	-1.0	-1.0	
1507562726334	1218835128392	240.23458862304688	-36.234588623046875	-1.234588623046875	-1.0	
1507562726351	1218855269994	241.36471557617188	-37.364715576171875	-2.0	-1.0	
1507562726370	1218875411595	242.0	-38.989715576171875	-2.0	-1.0	
1507562726391	1218895553197	242.625	-40.625	-2.0	-1.0	
1507562726406	1218915694799	243.755126953125	-42.51025390625	-2.0	-1.0	
1507562726423	1218935836400	244.88526916503906	-43.88526916503906	-2.0	-1.0	
1507562726459	1218955978002	246.01539611816406	-46.01539611816406	-1.0	-1.0	
1507562726476	1218976119603	247.14553833007813	-47.145538330078125	-1.0	-1.0	
1507562726495	1218996261205	248.0	-48.27568054199219	-1.0	-1.0	
1507562726512	1219016402806	248.0	-49.40580749511719	-1.0	-1.0	
1507562726529	1219036544408	248.0	-50.53594970703125	-1.53594970703125	-1.0	
1507562726548	1219056686010	248.0	-51.66609191894531	-2.0	-1.0	
1507562726567	1219076827611	248.0	-52.79621887207031	-2.7962188720703125	-1.0	
1507562726584	1219096969213	247.07363891601563	-53.0	-3.0	-1.0	
1507562726620	1219117110814	247.0	-53.0	-3.0	-1.0	
1507562726641	1219137252416	247.0	-53.0	-3.0	-1.0	
1507562726657	1219157394017	246.6832275390625	-53.0	-3.0	-1.0	
1507562726673	1219177535619	246.0	-53.44691467285156	-3.4469146728515625	-1.0	
1507562726691	1219197677220	245.42295837402344	-54.0	-4.0	-1.0	
1507562726710	1219217818822	245.0	-54.0	-4.0	-1.0	
1507562726727	1219237960424	244.1626739501953	-54.83732604980469	-4.0	-1.0	
1507562726745	1219258102025	244.0	-55.96745300292969	-4.0	-1.0	
1507562726781	1219278243627	242.90240478515625	-56.09759521484375	-5.0	-1.0	
1507562726798	1219298385228	242.0	-57.0	-5.0	-1.0	
1507562726816	1219318526830	241.6421356201172	-57.35786437988281	-5.3578643798828125	-1.0	
1507562726833	1219338668431	241.0	-58.0	-6.0	-1.0	
1507562726851	1219358810033	240.38185119628906	-58.61814880371094	-6.0	-1.0	
1507562726869	1219378951635	240.0	-59.0	-6.0	-1.0	
1507562726891	1219399093236	239.12158203125	-59.87841796875	-6.0	-1.0	
1507562726923	1219419234838	238.99143981933594	-60.0	-7.0	-1.0	
1507562726941	1219439376439	238.0	-60.13868713378906	-7.0	-1.0	
1507562726958	1219459518041	238.0	-61.0	-7.0	-1.0	
1507562726976	1219479659642	238.0	-61.0	-7.0	-1.0	
1507562726994	1219499801244	238.0	-61.0	-7.0	-1.0	
1507562727012	1219519942845	238.0	-61.0	-7.0	-1.0	
1507562727030	1219540084447	238.0	-61.0	-7.0	-1.0	
1507562727048	1219560226049	237.0804901123047	-61.91950988769531	-7.0	-1.0	
1507562727084	1219580367650	237.0	-62.0	-7.0	-1.0	
1507562727101	1219600509252	237.0	-62.0	-7.0	-1.0	
1507562727119	1219620650853	237.0	-62.0	-7.0	-1.0	
1507562727137	1219640792455	237.0	-62.0	-7.0	-1.0	
1507562727157	1219660934056	237.0	-62.0	-7.0	-1.0	
1507562727172	1219681075658	237.0	-62.0	-7.0	-1.0	
1507562727190	1219701217260	237.0	-62.0	-7.0	-1.0	
1507562727208	1219721358861	237.0	-62.0	-7.0	-1.0	
1507562727244	1219741500463	237.0	-62.0	-7.0	-1.0	
1507562727262	1219761642064	237.0	-62.0	-7.22088623046875	-1.0	
1507562727280	1219781783666	237.0	-62.0	-8.0	-1.0	
1507562727298	1219801925267	237.0	-62.0	-8.0	-1.0	
1507562727315	1219822066869	237.0	-62.0	-8.0	-1.0	
1507562727334	1219842208470	237.0	-62.0	-8.0	-1.0	
1507562727352	1219862350072	237.0	-62.87156677246094	-8.0	-1.0	
1507562727387	1219882491674	237.0	-63.0	-8.0	-1.0	
1507562727409	1219902633275	236.8681640625	-63.0	-8.0	-1.0	
1507562727423	1219922774877	236.0	-63.0	-8.0	-1.0	
1507562727441	1219942916478	236.0	-63.0	-8.0	-1.0	
1507562727460	1219963058080	236.0	-63.0	-8.0	-1.0	
1507562727476	1219983199681	236.6523895263672	-63.0	-8.0	-1.0	
1507562727494	1220003341283	237.0	-63.0	-8.0	-1.0	
1507562727512	1220023482885	237.0	-62.08734130859375	-8.0	-1.0	
1507562727552	1220043624486	237.0	-62.0	-7.9571990966796875	-1.0	
1507562727567	1220063766088	237.17294311523438	-62.0	-7.0	-1.0	
1507562727583	1220083907689	238.0	-62.0	-7.0	-1.0	
1507562727603	1220104049291	238.0	-62.0	-7.0	-1.0	
1507562727621	1220124190892	238.5633544921875	-61.4366455078125	-6.4366455078125	-1.0	
1507562727637	1220144332494	239.0	-61.0	-6.0	-1.0	
1507562727659	1220164474095	239.0	-61.0	-6.0	-1.0	
1507562727674	1220184615697	239.0	-61.0	-6.0	-1.0	
1507562727711	1220204757299	240.0	-60.0	-5.916107177734375	1.0	
1507562727737	1220224898900	240.2140350341797	-60.0	-5.0	1.0	
1507562727746	1220245040502	241.0	-60.0	-5.0	1.0	
1507562727767	1220265182103	241.0	-59.52569580078125	-5.0	1.0	
1507562727780	1220285323705	241.6044464111328	-59.0	-5.0	1.0	
1507562727800	1220305465306	242.0	-59.0	-5.0	1.0	
1507562727819	1220325606908	242.0	-58.135284423828125	-5.0	1.0	
1507562727836	1220345748510	242.0	-58.0	-5.0	1.0	
1507562727872	1220365890111	242.0	-58.0	-5.0	1.0	
1507562727890	1220386031713	242.0	-58.0	-5.0	1.0	
1507562727907	1220406173314	242.0	-58.0	-5.0	1.0	
1507562727926	1220426314916	242.0	-58.0	-5.0	1.0	
1507562727947	1220446456517	242.0	-58.0	-5.0	1.0	
1507562727965	1220466598119	242.0	-58.0	-4.2243194580078125	1.0	
1507562727979	1220486739720	242.0	-58.0	-4.0	1.0	
1507562728014	1220506881322	242.0	-58.0	-4.0	1.0	
1507562728033	1220527022924	242.0	-58.0	-4.0	1.0	
1507562728049	1220547164525	242.0	-58.0	-4.0	1.0	
1507562728067	1220567306127	242.0	-58.0	-4.0	1.0	
1507562728084	1220587447728	242.0	-58.0	-4.0	1.0	
1507562728105	1220607589330	242.0	-58.0	-4.0	1.0	
1507562728122	1220627730931	242.8167724609375	-57.1832275390625	-4.0	1.0	
1507562728140	1220647872533	243.0	-57.0	-4.0	1.0	
1507562728178	1220668014135	243.0	-57.0	-4.0	1.0	
1507562728197	1220688155736	243.0	-57.0	-4.0	1.0	
1507562728214	1220708297338	243.0	-57.0	-4.0	1.0	
1507562728228	1220728438939	243.0	-57.0	-4.0	1.0	
1507562728244	1220748580541	243.0	-57.0	-4.0	1.0	
1507562728264	1220768722142	243.0	-57.0	-4.0	1.0	
1507562728282	1220788863744	243.0	-57.0	-3.1421356201171875	1.0	
1507562728301	1220809005345	243.0	-57.0	-3.0	1.0	
1507562728341	1220829146947	243.0	-57.0	-3.0	1.0	
1507562728358	1220849288549	243.0	-57.0	-3.0	1.0	
1507562728371	1220869430150	243.0	-57.0	-3.0	1.0	
1507562728388	1220889571752	243.0	-57.0	-3.0	1.0	
1507562728411	1220909713353	243.0	-56.36131286621094	-3.0	1.0	
1507562728433	1220929854955	243.76882934570313	-56.0	-3.0	1.0	
1507562728448	1220949996556	244.0	-56.0	-3.0	1.0	
1507562728482	1220970138158	244.0290985107422	-55.0	-3.0	1.0	
1507562728496	1220990279760	245.15924072265625	-54.84075927734375	-3.0	1.0	
1507562728513	1221010421361	246.2893829345703	-54.0	-3.0	1.0	
1507562728531	1221030562963	247.4195098876953	-53.160980224609375	-3.0	1.0	
1507562728549	1221050704564	248.54965209960938	-51.450347900390625	-2.450347900390625	1.0	
1507562728569	1221070846166	249.67979431152344	-50.32020568847656	-2.0	1.0	
1507562728586	1221090987767	250.0	-49.19007873535156	-2.0	1.0	
1507562728603	1221111129369	250.9400634765625	-48.0599365234375	-1.0599365234375	1.0	
1507562728643	1221131270970	252.0	-48.0	-1.0	1.0	
1507562728662	1221151412572	252.0	-48.0	-1.0	1.0	
1507562728681	1221171554174	252.0	-48.0	-1.0	1.0	
1507562728697	1221191695775	251.53939819335938	-48.0	-1.0	1.0	
1507562728709	1221211837377	251.0	-48.0	-1.0	1.0	
1507562728729	1221231978978	251.0	-48.72088623046875	-1.0	1.0	
1507562728754	1221252120580	251.0	-49.0	-1.0	1.0	
1507562728765	1221272262181	251.0	-49.0	-1.0	1.0	
1507562728800	1221292403783	251.0	-49.0	-1.0	1.0	
1507562728821	1221312545385	251.0	-49.0	-1.0	1.0	
1507562728840	1221332686986	251.0	-49.0	-1.0	1.0	
1507562728857	1221352828588	251.0	-49.0	-1.0	1.0	
1507562728876	1221372970189	251.0	-49.0	-1.0	1.0	
1507562728893	1221393111791	251.0	-49.0	-1.0	1.0	
1507562728910	1221413253392	251.0	-49.0	-1.0	1.0	
1507562728949	1221433394994	250.97775268554688	-49.022247314453125	-1.0	1.0	
1507562728964	1221453536595	250.0	-50.0	-1.0	1.0	
1507562728979	1221473678197	250.0	-50.0	-1.28253173828125	1.0	
1507562728998	1221493819799	250.0	-50.0	-2.0	1.0	
1507562729013	1221513961400	250.0	-50.0	-2.0	1.0	
1507562729032	1221534103002	250.0	-50.0	-2.0	1.0	
1507562729050	1221554244603	250.0	-50.0	-2.0	1.0	
1507562729070	1221574386205	250.0	-50.0	-2.0	1.0	
1507562729106	1221594527806	250.0	-50.0	-2.0	1.0	
1507562729121	1221614669408	250.0	-50.0	-2.0	1.0	
1507562729140	1221634811010	250.0	-50.0	-2.0	1.0	
1507562729157	1221654952611	250.0	-50.0	-2.0	1.0	
1507562729175	1221675094213	250.0	-50.0	-2.0	1.0	
1507562729196	1221695235814	250.0	-50.0	-2.0	1.0	
1507562729211	1221715377416	250.0	-50.0	-2.0	1.0	
1507562729230	1221735519017	250.0	-50.0	-2.0	1.0	
1507562729273	1221755660619	250.0	-50.0	-2.0	1.0	
1507562729282	1221775802220	250.0	-50.0	-2.0	1.0	
1507562729301	1221795943822	250.0	-50.0	-2.0	1.0	
1507562729317	1221816085424	250.0	-50.0	-2.0	1.0	
1507562729334	1221836227025	250.0	-50.0	-2.0	1.0	
1507562729354	1221856368627	250.0	-50.0	-2.0	1.0	
1507562729371	1221876510228	250.0	-50.0	-2.0	1.0	
1507562729409	1221896651830	250.0	-50.0	-2.0	1.0	
1507562729428	1221916793431	250.0	-50.0	-2.0	1.0	
1507562729459	1221936935033	250.0	-50.0	-2.0	1.0	
1507562729471	1221957076635	250.0	-50.0	-2.0	1.0	
1507562729476	1221977218236	250.0	-50.0	-2.0	1.0	
1507562729497	1221997359838	250.0	-50.0	-2.0	1.0	
1507562729541	1222017501439	250.0	-50.0	-2.0	1.0	
1507562729556	1222037643041	250.0	-50.0	-2.0	1.0	
1507562729586	1222057784642	250.0	-50.0	-2.0	1.0	
1507562729598	1222077926244	250.0	-50.0	-2.0	1.0	
1507562729622	1222098067845	250.0	-50.0	-2.0	1.0	
1507562729631	1222118209447	250.0	-50.0	-2.0	1.0	
1507562729637	1222138351049	250.0	-50.0	-2.0	1.0	
1507562729658	1222158492650	250.0	-50.0	-2.0	1.0	
1507562729675	1222178634252	250.0	-50.0	-2.0	1.0	
1507562729694	1222198775853	250.0	-50.0	-2.0	1.0	
1507562729729	1222218917455	250.0	-50.0	-2.0	1.0	
1507562729746	1222239059056	250.0	-50.0	-2.0	1.0	
1507562729769	1222259200658	250.0	-50.0	-2.0	1.0	
1507562729786	1222279342260	250.0	-50.0	-2.0	1.0	
1507562729798	1222299483861	250.0	-50.0	-2.0	1.0	
1507562729819	1222319625463	250.0	-50.0	-2.0	1.0	
1507562729844	1222339767064	250.0	-50.0	-2.0	1.0	
1507562729872	1222359908666	250.0	-50.0	-2.0	1.0	
1507562729889	1222380050267	250.0	-50.0	-2.0	1.0	
1507562729906	1222400191869	250.0	-50.0	-2.0	1.0	
1507562729925	1222420333470	250.0	-50.0	-2.0	1.0	
1507562729941	1222440475072	250.0	-50.0	-2.0	1.0	
1507562729964	1222460616674	250.0	-50.0	-2.0	1.0	
1507562729984	1222480758275	250.0	-50.0	-2.0	1.0	
1507562729996	1222500899877	250.0	-50.0	-2.0	1.0	
1507562730034	1222521041478	250.0	-50.0	-2.0	1.0	
1507562730053	1222541183080	250.0	-50.0	-2.0	1.0	
1507562730068	1222561324681	250.0	-50.0	-2.0	1.0	
1507562730086	1222581466283	250.0	-50.0	-2.0	1.0	
1507562730103	1222601607885	250.0	-50.0	-2.0	1.0	
1507562730126	1222621749486	250.0	-50.0	-2.0	1.0	
1507562730140	1222641891088	250.0	-50.0	-2.0	1.0	
1507562730157	1222662032689	250.0	-50.0	-2.0	1.0	
1507562730198	1222682174291	250.0	-50.0	-2.0	1.0	
1507562730210	1222702315892	250.0	-50.0	-2.0	1.0	
1507562730238	1222722457494	250.0	-50.0	-2.0	1.0	
1507562730250	1222742599095	250.0	-50.0	-2.0	1.0	
1507562730265	1222762740697	250.0	-50.0	-2.0	1.0	
1507562730282	1222782882299	250.0	-50.0	-2.0	1.0	
1507562730306	1222803023900	250.0	-50.0	-2.0	1.0	
1507562730339	1222823165502	250.0	-50.0	-2.0	1.0	
1507562730356	1222843307103	250.0	-50.0	-2.0	1.0	
1507562730380	1222863448705	250.0	-50.0	-2.0	1.0	
1507562730389	1222883590306	250.0	-50.0	-2.0	1.0	
1507562730406	1222903731908	250.0	-50.0	-2.0	1.0	
1507562730425	1222923873510	250.0	-50.0	-2.0	1.0	
1507562730445	1222944015111	250.0	-50.0	-2.0	1.0	
1507562730461	1222964156713	250.0	-50.0	-2.0	1.0	
1507562730497	1222984298314	250.0	-50.0	-2.0	1.0	
1507562730515	1223004439916	250.0	-50.0	-2.0	1.0	
1507562730537	1223024581517	250.0	-50.0	-2.0	1.0	
1507562730551	1223044723119	250.0	-50.0	-2.0	1.0	
1507562730567	1223064864720	250.0	-50.0	-2.0	1.0	
1507562730585	1223085006322	250.0	-50.0	-2.0	1.0	
1507562730603	1223105147924	250.0	-50.0	-2.0	1.0	
1507562730623	1223125289525	250.0	-50.0	-2.0	1.0	
1507562730657	1223145431127	250.08389282226563	-50.0	-2.0	1.0	
1507562730675	1223165572728	251.0	-50.0	-2.0	1.0	
1507562730693	1223185714330	251.0	-50.0	-2.0	1.0	
1507562730710	1223205855931	251.0	-50.0	-2.0	1.0	
1507562730728	1223225997533	251.0	-50.0	-2.0	1.0	
1507562730750	1223246139135	251.0	-50.0	-2.0	1.0	
1507562730763	1223266280736	251.0	-50.0	-2.0	1.0	
1507562730786	1223286422338	251.0	-50.0	-2.0	1.0	
1507562730817	1223306563939	251.0	-50.0	-1.0	1.0	
1507562730836	1223326705541	251.0	-50.0	-1.0	1.0	
1507562730855	1223346847142	251.0	-50.0	-1.0	1.0	
1507562730869	1223366988744	251.0	-50.0	-1.0	1.0	
1507562730892	1223387130345	251.0	-50.0	-1.0	1.0	
1507562730908	1223407271947	251.0	-50.0	-1.0	1.0	
1507562730925	1223427413549	251.0	-49.09419250488281	-1.0	1.0	
1507562730962	1223447555150	251.0	-49.0	-1.0	1.0	
1507562730979	1223467696752	251.0	-49.0	-1.0	1.0	
1507562730997	1223487838353	251.0	-49.0	-1.0	1.0	
1507562731021	1223507979955	251.0	-49.0	-1.0	1.0	
1507562731031	1223528121556	251.0	-49.0	-1.0	1.0	
1507562731059	1223548263158	251.0	-49.0	-1.0	1.0	
1507562731071	1223568404760	251.0	-49.0	-1.0	1.0	
1507562731087	1223588546361	251.0	-49.0	-1.0	1.0	
1507562731122	1223608687963	251.0	-49.0	-1.0	1.0	
1507562731140	1223628829564	251.0	-49.0	-1.0	1.0	
1507562731156	1223648971166	251.0	-49.0	-1.0	1.0	
1507562731175	1223669112767	251.0	-49.0	-1.0	1.0	
1507562731191	1223689254369	251.0	-49.0	-1.0	1.0	
1507562731211	1223709395970	251.0	-48.27226257324219	-1.0	1.0	
1507562731228	1223729537572	251.0	-48.0	-1.0	1.0	
1507562731249	1223749679174	251.0	-48.0	-1.0	1.0	
1507562731287	1223769820775	250.0	-46.88185119628906	-1.0	1.0	
1507562731301	1223789962377	250.24827575683594	-45.75172424316406	-1.0	1.0	
1507562731329	1223810103978	251.0	-44.62158203125	-1.0	1.0	
1507562731334	1223830245580	251.0	-43.49143981933594	-1.0	1.0	
1507562731353	1223850387181	251.63868713378906	-43.0	-1.0	1.0	
1507562731372	1223870528783	252.0	-42.231170654296875	-1.0	1.0	
1507562731389	1223890670385	252.0	-42.0	-1.0	1.0	
1507562731425	1223910811986	252.0	-42.0	-1.0	1.0	
1507562731445	1223930953588	252.0	-42.0	-1.0	1.0	
1507562731460	1223951095189	252.0	-42.0	-1.0	1.0	
1507562731478	1223971236791	251.5804901123047	-42.0	-1.0	1.0	
1507562731497	1223991378392	251.0	-42.0	-1.0	1.0	
1507562731519	1224011519994	251.0	-42.0	-1.0	1.0	
1507562731537	1224031661595	251.0	-41.19007873535156	-1.0	1.0	
1507562731555	1224051803197	251.0	-41.0	-1.0	1.0	
1507562731597	1224071944799	251.0	-40.0	-1.0	1.0	
1507562731603	1224092086400	251.0	-40.0	-1.0	1.0	
1507562731622	1224112228002	251.0	-40.0	-1.0	1.0	
1507562731641	1224132369603	251.0	-40.460601806640625	-1.0	1.0	
1507562731656	1224152511205	250.4092559814453	-41.0	-1.0	1.0	
1507562731676	1224172652806	250.0	-41.72088623046875	-1.0	1.0	
1507562731693	1224192794408	250.0	-42.0	-1.0	1.0	
1507562731710	1224212936010	250.0	-42.98115539550781	-1.9811553955078125	1.0	
1507562731753	1224233077611	249.0	-43.0	-2.0	1.0	
1507562731765	1224253219213	249.0	-43.0	-2.0	1.0	
1507562731786	1224273360814	249.0	-43.37156677246094	-2.0	1.0	
1507562731803	1224293502416	249.0	-44.0	-2.0	1.0	
1507562731826	1224313644017	249.0	-44.0	-2.0	1.0	
1507562731836	1224333785619	249.0	-44.0	-2.0	1.0	
1507562731860	1224353927220	249.0	-44.0	-2.0	1.0	
1507562731875	1224374068822	249.0	-44.0	-1.0203857421875	1.0	
1507562731908	1224394210424	249.10015869140625	-44.0	-1.0	1.0	
1507562731925	1224414352025	250.0	-44.0	-1.0	1.0	
1507562731945	1224434493627	250.0	-44.0	-1.0	1.0	
1507562731962	1224454635228	250.0	-44.0	-1.0	1.0	
1507562731977	1224474776830	250.0	-44.0	-1.0	1.0	
1507562731996	1224494918431	250.0	-44.0	-1.0	1.0	
1507562732015	1224515060033	250.0	-44.0	-1.0	1.0	
1507562732033	1224535201635	250.0	-44.0	-1.0	1.0	
1507562732070	1224555343236	250.0	-44.0	-1.0	1.0	
1507562732089	1224575484838	250.183349609375	-44.0	-0.816650390625	1.0	
1507562732106	1224595626439	251.0	-44.0	0.0	1.0	
1507562732126	1224615768041	251.0	-44.0	0.0	1.0	
1507562732137	1224635909642	251.0	-44.54498291015625	0.0	1.0	
1507562732157	1224656051244	251.0	-45.0	0.0	1.0	
1507562732176	1224676192845	251.0	-45.0	0.0	1.0	
1507562732200	1224696334447	251.0	-45.0	0.0	1.0	
1507562732237	1224716476049	251.0	-45.02545166015625	0.0	1.0	
1507562732246	1224736617650	251.0	-46.0	0.0	1.0	
1507562732270	1224756759252	251.0	-46.0	0.0	1.0	
1507562732283	1224776900853	251.0	-46.0	0.0	1.0	
1507562732299	1224797042455	251.0	-46.0	0.0	1.0	
1507562732318	1224817184056	251.0	-46.0	0.0	1.0	
1507562732338	1224837325658	251.0	-46.0	0.0	1.0	
1507562732357	1224857467260	251.0	-46.0	0.0	1.0	
1507562732374	1224877608861	251.0	-46.0	0.0	1.0	
1507562732408	1224897750463	251.0	-46.11016845703125	0.0	1.0	
1507562732427	1224917892064	251.0	-47.0	0.0	1.0	
1507562732445	1224938033666	251.0	-47.0	0.0	1.0	
1507562732459	1224958175267	251.0	-47.0	0.0	1.0	
1507562732485	1224978316869	251.0	-47.0	0.0	1.0	
1507562732498	1224998458470	251.0	-47.0	0.0	1.0	
1507562732517	1225018600072	251.0	-47.0	0.0	1.0	
1507562732536	1225038741674	251.0	-47.0	0.0	1.0	
1507562732572	1225058883275	251.0	-47.0	0.0	1.0	
1507562732589	1225079024877	251.0	-47.19354248046875	0.0	1.0	
1507562732605	1225099166478	251.0	-48.0	0.0	1.0	
1507562732623	1225119308080	251.0	-48.0	0.0	1.0	
1507562732638	1225139449681	251.0	-48.0	0.0	1.0	
1507562732659	1225159591283	251.0	-48.0	0.0	1.0	
1507562732675	1225179732885	251.0	-48.0	0.0	1.0	
1507562732694	1225199874486	251.0	-48.0	0.0	1.0	
1507562732728	1225220016088	251.0	-48.0	0.0	1.0	
1507562732751	1225240157689	251.0	-47.84381103515625	0.0	1.0	
1507562732779	1225260299291	251.0	-47.0	0.0	1.0	
1507562732791	1225280440892	251.0	-47.0	0.0	1.0	
1507562732798	1225300582494	251.0	-47.517822265625	0.0	1.0	
1507562732820	1225320724095	251.0	-48.0	0.0	1.0	
1507562732839	1225340865697	251.0	-48.0	0.0	1.0	
1507562732856	1225361007299	251.0	-48.0	0.0	1.0	
1507562732882	1225381148900	251.0	-48.0	0.0	1.0	
1507562732908	1225401290502	251.0	-48.0	0.0	1.0	
1507562732931	1225421432103	251.0	-48.0	0.0	1.0	
1507562732947	1225441573705	251.0	-48.0	0.0	1.0	
1507562732960	1225461715306	251.0	-48.0	0.0	1.0	
1507562732979	1225481856908	251.0	-48.0	0.0	1.0	
1507562732996	1225501998510	251.0	-48.0	0.0	1.0	
1507562733014	1225522140111	251.0	-48.0	0.0	1.0	
1507562733037	1225542281713	251.0	-48.0	0.0	1.0	
1507562733068	1225562405192	251.0	-48.0	0.0	1.0	
1507562733089	1225582546794	251.0	-48.0	0.0	1.0	
1507562733104	1225602688395	251.0	-48.0	0.0	1.0	
1507562733125	1225622829997	251.0	-48.0	0.0	1.0	
1507562733140	1225642971598	251.0	-48.0	0.0	1.0	
1507562733158	1225663113200	251.0	-48.0	0.0	1.0	
1507562733176	1225683254802	251.0	-48.0	0.0	1.0	
1507562733194	1225703396403	251.0	-48.0	0.0	1.0	
1507562733229	1225723538005	251.0	-48.0	0.0	1.0	
1507562733248	1225743679606	251.0	-48.0	0.0	1.0	
1507562733262	1225763821208	251.0	-48.0	0.0	1.0	
1507562733284	1225783962809	251.0	-48.0	0.0	1.0	
1507562733301	1225804104411	251.0	-48.0	0.0	1.0	
1507562733318	1225824246013	251.0	-48.0	0.0	1.0	
1507562733337	1225844387614	251.0	-48.0	0.0	1.0	
1507562733362	1225864529216	251.0	-48.0	0.0	1.0	
1507562733389	1225884670817	251.0	-48.0	0.0	1.0	
1507562733414	1225904812419	251.0	-48.0	0.0	1.0	
1507562733432	1225924954020	251.0	-48.0	0.0	1.0	
1507562733443	1225945095622	251.0	-48.0	0.0	1.0	
1507562733476	1225965237223	251.0	-48.0	0.0	1.0	
1507562733483	1225985378825	251.0	-48.0	0.0	1.0	
1507562733509	1226005520427	251.0	-48.0	0.0	1.0	
1507562733519	1226025662028	251.0	-48.0	0.0	1.0	
1507562733549	1226045803630	251.0	-48.0	0.0	1.0	
1507562733569	1226065945231	251.0	-48.0	0.0	1.0	
1507562733587	1226086086833	251.0	-48.0	0.0	1.0	
1507562733602	1226106228434	251.0	-48.0	0.0	1.0	
1507562733620	1226126370036	251.0	-48.0	0.0	1.0	
1507562733657	1226146511638	251.0	-48.0	0.0	1.0	
1507562733664	1226166653239	251.0	-48.0	0.0	1.0	
1507562733676	1226186794841	251.0	-48.0	0.0	1.0	
1507562733711	1226206936442	251.0	-48.0	0.0	1.0	
1507562733729	1226227078044	251.0	-48.0	0.0	1.0	
1507562733746	1226247219645	251.0	-48.0	0.0	1.0	
1507562733763	1226267361247	251.0	-48.0	0.0	1.0	
1507562733783	1226287502848	251.0	-48.0	0.0	1.0	
1507562733800	1226307644450	251.0	-48.0	0.0	1.0	
1507562733820	1226327786052	251.0	-48.0	0.0	1.0	
1507562733854	1226347927653	251.0	-48.0	0.0	1.0	
1507562733872	1226368069255	251.0	-48.0	0.0	1.0	
1507562733890	1226388210856	251.0	-48.0	0.0	1.0	
1507562733910	1226408352458	251.0	-48.0	0.0	1.0	
1507562733923	1226428494059	251.0	-48.0	0.0	1.0	
1507562733944	1226448635661	251.0	-48.0	0.0	1.0	
1507562733961	1226468777263	251.0	-48.0	0.0	1.0	
1507562733978	1226488918864	251.0	-48.0	0.0	1.0	
1507562734015	1226509060466	251.0	-48.0	0.0	1.0	
1507562734032	1226529202067	251.0	-48.0	0.0	1.0	
1507562734051	1226549343669	251.0	-48.0	0.0	1.0	
1507562734069	1226569485270	251.0	-48.0	0.0	1.0	
1507562734085	1226589626872	251.0	-48.0	0.0	1.0	
1507562734106	1226609768473	251.0	-48.780059814453125	0.0	1.0	
1507562734122	1226629910075	251.0	-49.0	0.0	1.0	
1507562734159	1226650051677	251.0	-49.0	0.0	1.0	
1507562734180	1226670193278	251.0	-49.0	0.0	1.0	
1507562734196	1226690334880	251.0	-49.0	0.0	1.0	
1507562734212	1226710476481	251.0	-49.0	0.0	1.0	
1507562734229	1226730618083	251.0	-49.0	0.0	1.0	
1507562734245	1226750759684	251.0	-49.0	0.0	1.0	
1507562734266	1226770901286	250.1477813720703	-49.0	0.0	1.0	
1507562734283	1226791042888	250.0	-49.0	0.0	1.0	
1507562734319	1226811184489	250.0	-49.0	0.0	1.0	
1507562734337	1226831326091	250.0	-49.0	0.0	1.0	
1507562734354	1226851467692	250.0	-49.3883056640625	0.0	1.0	
1507562734370	1226871609294	250.0	-50.0	0.0	1.0	
1507562734390	1226891750895	250.0	-50.0	0.0	1.0	
1507562734406	1226911892497	250.0	-50.0	0.0	1.0	
1507562734427	1226932034098	250.0	-50.0	0.0	1.0	
1507562734461	1226952175700	250.0	-50.0	0.0	1.0	
1507562734480	1226972317302	250.0	-50.0	0.0	1.0	
1507562734499	1226992458903	250.0	-50.0	0.0	1.0	
1507562734516	1227012600505	250.0	-50.0	0.0	1.0	
1507562734533	1227032742106	250.0	-50.0	0.0	1.0	
1507562734552	1227052883708	250.0	-50.0	0.0	1.0	
1507562734568	1227073025309	250.0	-50.0	0.0	1.0	
1507562734592	1227093166911	250.0	-50.0	0.0	1.0	
1507562734628	1227113308513	250.0	-50.0	0.0	1.0	
1507562734646	1227133450114	250.0	-49.73539733886719	0.0	1.0	
1507562734659	1227153591716	250.0	-49.0	0.0	1.0	
1507562734677	1227173733317	250.0	-49.0	0.0	1.0	
1507562734698	1227193874919	250.0	-49.0	0.0	1.0	
1507562734715	1227214016520	250.0	-49.0	0.0	1.0	
1507562734727	1227234158122	250.0	-49.0	0.0	1.0	
1507562734765	1227254299723	250.0	-49.0	0.0	1.0	
1507562734783	1227274441325	250.0	-49.0	0.0	1.0	
1507562734801	1227294582927	250.0	-49.0	0.0	1.0	
1507562734820	1227314724528	250.0	-49.0	0.0	1.0	
1507562734841	1227334866130	250.60479736328125	-49.0	0.0	1.0	
1507562734857	1227355007731	251.0	-49.0	0.0	1.0	
1507562734873	1227375149333	251.0	-49.0	0.0	1.0	
1507562734909	1227395290934	251.0	-48.993133544921875	0.0	1.0	
1507562734926	1227415432536	251.0	-48.0	0.0	1.0	
1507562734943	1227435574138	251.0	-48.0	0.0	1.0	
1507562734961	1227455715739	251.0	-48.0	0.0	1.0	
1507562734983	1227475857341	251.0	-48.0	0.0	1.0	
1507562734996	1227495998942	251.0	-48.0	0.0	1.0	
1507562735016	1227516140544	251.0	-48.0	0.0	1.0	
1507562735032	1227536282145	251.0	-48.0	0.0	1.0	
1507562735067	1227556423747	251.0	-48.0	0.0	1.0	
1507562735086	1227576565348	251.0	-48.213043212890625	0.0	1.0	
1507562735104	1227596706950	251.0	-49.0	0.0	1.0	
1507562735122	1227616848552	250.51890563964844	-49.0	-0.4810943603515625	1.0	
1507562735140	1227636990153	250.0	-49.0	-1.0	1.0	
1507562735157	1227657131755	250.0	-49.0	-1.0	1.0	
1507562735177	1227677273356	250.0	-49.0	-1.0	1.0	
1507562735211	1227697414958	250.0	-49.0	-1.0	1.0	
1507562735229	1227717556559	250.0	-48.84880065917969	-1.0	1.0	
1507562735251	1227737698161	250.0	-48.0	-1.0	1.0	
1507562735264	1227757839763	250.0	-48.0	-0.5807647705078125	1.0	
1507562735283	1227777981364	250.0	-48.0	0.0	1.0	
1507562735300	1227798122966	250.68727111816406	-47.31272888183594	0.0	1.0	
1507562735318	1227818264567	251.0	-47.0	0.0	1.0	
1507562735339	1227838406169	251.0	-47.0	0.0	1.0	
1507562735372	1227858547770	250.91065979003906	-47.0	-0.0893402099609375	1.0	
1507562735390	1227878689372	250.0	-47.223358154296875	-1.0	1.0	
1507562735409	1227898830973	250.0	-48.0	-1.0	1.0	
1507562735426	1227918972575	250.0	-48.0	-1.0	1.0	
1507562735445	1227939114177	250.0	-48.0	-1.0	1.0	
1507562735462	1227959255778	250.75384521484375	-48.75384521484375	-1.0	1.0	
1507562735480	1227979397380	251.0	-49.0	-1.0	1.0	
1507562735520	1227999538981	251.0	-48.0	-1.0	1.0	
1507562735536	1228019680583	251.0	-48.0	-1.0	1.0	
1507562735553	1228039822184	251.0	-48.0	-1.0	1.0	
1507562735570	1228059963786	251.0	-48.0	-1.0	1.0	
1507562735588	1228080105388	251.0	-48.0	-1.0	1.0	
1507562735603	1228100246989	251.0	-48.0	-0.3888092041015625	1.0	
1507562735625	1228120388591	251.0	-48.0	0.0	1.0	
1507562735641	1228140530192	251.0	-48.0	0.0	1.0	
1507562735660	1228160671794	251.0	-48.0	0.0	1.0	
1507562735694	1228180813395	251.0	-48.0	0.0	1.0	
1507562735709	1228200954997	251.0	-48.0	0.0	1.0	
1507562735730	1228221096598	251.0	-48.0	0.0	1.0	
1507562735753	1228241238200	251.0	-48.46427917480469	0.0	1.0	
1507562735764	1228261379802	251.0	-49.0	0.0	1.0	
1507562735794	1228281521403	251.0	-49.0	0.0	1.0	
1507562735802	1228301663005	251.0	-49.0	0.0	1.0	
1507562735821	1228321804606	251.0	-49.95237731933594	0.0	1.0	
1507562735856	1228341946208	251.0	-50.0	-0.0746917724609375	1.0	
1507562735871	1228362087809	251.0	-50.0	-1.0	1.0	
1507562735890	1228382229411	251.0	-50.0	-1.0	1.0	
1507562735909	1228402371013	251.0	-50.0	-0.560272216796875	1.0	
1507562735925	1228422512614	251.0	-49.43878173828125	0.0	1.0	
1507562735948	1228442654216	251.0	-49.0	0.0	1.0	
1507562735964	1228462795817	251.0	-49.0	0.0	1.0	
1507562735984	1228482937419	251.0	-49.0	0.0	1.0	
1507562736020	1228503079020	251.0	-49.0	0.0	1.0	
1507562736032	1228523220622	251.0	-49.0	0.0	1.0	
1507562736053	1228543362223	251.0	-49.0	0.0	1.0	
1507562736069	1228563503825	251.0	-49.0	0.0	1.0	
1507562736085	1228583645427	251.0	-49.0	0.0	1.0	
1507562736105	1228603787028	251.0	-49.65815734863281	0.0	1.0	
1507562736124	1228623928630	251.0	-50.0	0.0	1.0	
1507562736143	1228644070231	251.0	-50.0	0.0	1.0	
1507562736177	1228664211833	251.0	-50.0	0.0	1.0	
1507562736194	1228684353434	251.0	-50.0	0.0	1.0	
1507562736213	1228704495036	251.0	-50.0	0.0	1.0	
1507562736233	1228724636638	251.0	-50.0	0.0	1.0	
1507562736257	1228744778239	251.0	-50.0	0.0	1.0	
1507562736270	1228764919841	250.36672973632813	-50.0	0.0	1.0	
1507562736289	1228785061442	250.0	-50.755096435546875	0.0	1.0	
1507562736307	1228805203044	250.0	-51.0	0.0	1.0	
1507562736322	1228825344645	250.0	-51.0	0.0	1.0	
1507562736354	1228845486247	249.87925720214844	-52.0	-1.0	1.0	
1507562736375	1228865627848	249.0	-52.243194580078125	-1.0	1.0	
1507562736395	1228885769450	248.63497924804688	-53.365020751953125	-1.0	1.0	
1507562736418	1228905911052	248.0	-54.0	-1.0	1.0	
1507562736432	1228926052653	248.0	-54.0	-1.0	1.0	
1507562736451	1228946194255	248.0	-54.0	-1.0	1.0	
1507562736470	1228966335856	248.0	-54.0	-1.0	1.0	
1507562736480	1228986477458	248.0	-54.0	-1.0	1.0	
1507562736521	1229006619059	248.0	-53.903228759765625	-1.0	1.0	
1507562736535	1229026760661	248.0	-53.0	-1.0	1.0	
1507562736552	1229046902263	248.3401336669922	-52.65986633300781	-1.0	1.0	
1507562736572	1229067043864	249.0	-52.0	-1.0	1.0	
1507562736591	1229087185466	249.0	-52.0	-0.4166717529296875	1.0	
1507562736606	1229107327067	249.0	-52.0	0.0	1.0	
1507562736625	1229127468669	249.0	-52.0	0.0	1.0	
1507562736643	1229147610270	249.0	-52.0	0.0	1.0	
1507562736675	1229167751872	249.0	-52.0	-0.0714263916015625	1.0	
1507562736692	1229187893473	249.0	-52.19354248046875	-1.0	1.0	
1507562736714	1229208035075	249.0	-53.0	-1.0	1.0	
1507562736731	1229228176677	248.56292724609375	-53.43707275390625	-1.0	1.0	
1507562736748	1229248318278	248.0	-54.0	-1.0	1.0	
1507562736765	1229268459880	248.0	-53.319732666015625	-1.0	1.0	
1507562736789	1229288601481	248.0	-53.0	-1.0	1.0	
1507562736802	1229308743083	248.92359924316406	-53.0	-1.0	1.0	
1507562736840	1229328884684	250.0	-53.0	0.0	1.0	
1507562736853	1229349026286	250.16836547851563	-52.831634521484375	0.0	1.0	
1507562736873	1229369167888	251.29031372070313	-52.0	0.0	1.0	
1507562736892	1229389309489	252.0	-51.58843994140625	0.41156005859375	1.0	
1507562736909	1229409451091	252.0	-51.0	1.0	1.0	
1507562736927	1229429592692	252.0	-51.0	1.0	1.0	
1507562736946	1229449734294	252.0	-50.22279357910156	1.0	1.0	
1507562736963	1229469875895	252.0	-50.0	1.0	1.0	
1507562736999	1229490017497	252.0	-50.0	1.0	1.0	
1507562737014	1229510159098	252.0	-50.0	1.0	1.0	
1507562737039	1229530300700	252.0	-50.0	0.7346954345703125	1.0	
1507562737056	1229550442302	252.0	-50.0	0.0	1.0	
1507562737070	1229570583903	252.0	-50.0	0.0	1.0	
1507562737089	1229590725505	252.0	-50.0	0.0	1.0	
1507562737107	1229610867106	252.0	-50.0	0.0	1.0	
1507562737124	1229631008708	252.0	-50.0	0.0	1.0	
1507562737145	1229651150309	252.0	-50.0	0.0	1.0	
1507562737177	1229671291911	252.0	-50.0	0.0	1.0	
1507562737195	1229691433513	252.0	-49.76020812988281	0.0	1.0	
1507562737215	1229711575114	252.0	-49.0	0.0	1.0	
1507562737229	1229731716716	252.0	-49.0	0.0	1.0	
1507562737246	1229751858317	252.0	-49.0	0.0	1.0	
1507562737268	1229771999919	252.0	-49.0	0.0	1.0	
1507562737289	1229792141520	252.0	-49.0	0.0	1.0	
1507562737304	1229812283122	252.0	-49.0	0.0	1.0	
1507562737340	1229832424723	252.0	-49.0	0.0	1.0	
1507562737356	1229852566325	252.0	-49.0	0.0	1.0	
1507562737375	1229872707927	252.0	-49.0	0.0	1.0	
1507562737393	1229892849528	252.0	-49.0	0.0	1.0	
1507562737408	1229912991130	252.0	-49.0	0.0	1.0	
1507562737428	1229933132731	252.0	-49.0	0.0	1.0	
1507562737446	1229953274333	252.0	-49.0	0.0	1.0	
1507562737462	1229973415934	252.0	-49.0	0.0	1.0	
1507562737499	1229993557536	252.0	-49.0	0.0	1.0	
1507562737516	1230013699138	252.0	-49.0	0.0	1.0	
1507562737542	1230033840739	252.0	-49.0	0.0	1.0	
1507562737551	1230053982341	252.0	-49.0	0.0	1.0	
1507562737583	1230074123942	252.0	-49.0	0.0	1.0	
1507562737594	1230094265544	252.0	-49.0	0.0	1.0	
1507562737607	1230114407145	252.0	-49.0	0.0	1.0	
1507562737624	1230134548747	252.0	-49.0	0.0	1.0	
1507562737659	1230154690348	252.0	-50.0	0.0	1.0	
1507562737676	1230174831950	252.22203063964844	-50.0	0.0	1.0	
1507562737695	1230194973552	253.0	-50.0	0.0	1.0	
1507562737712	1230215115153	253.0	-50.0	0.0	1.0	
1507562737728	1230235256755	253.0	-50.0	0.0	1.0	
1507562737749	1230255398356	253.0	-50.0	0.0	1.0	
1507562737767	1230275539958	253.0	-50.0	0.0	1.0	
1507562737799	1230295681559	253.0	-50.0	0.0	1.0	
1507562737822	1230315823161	253.0	-50.0	0.0	1.0	
1507562737846	1230335964763	253.0	-50.0	0.0	1.0	
1507562737858	1230356106364	253.0	-50.0	0.0	1.0	
1507562737872	1230376247966	253.0	-50.0	0.0	1.0	
1507562737892	1230396389567	253.0	-50.0	0.0	1.0	
1507562737910	1230416531169	253.0	-50.0	0.0	1.0	
1507562737928	1230436672770	253.0	-50.0	0.0	1.0	
1507562737962	1230456814372	253.0	-50.0	0.0	1.0	
1507562737980	1230476955973	253.0	-50.0	0.0	1.0	
1507562737998	1230497097575	253.0	-50.0	0.0	1.0	
1507562738014	1230517239177	253.0	-50.0	0.0	1.0	
1507562738033	1230537380778	253.0	-50.0	0.0	1.0	
1507562738059	1230557522380	253.0	-50.0	0.0	1.0	
1507562738070	1230577663981	253.0	-50.0	0.0	1.0	
1507562738103	1230597805583	253.0	-50.0	0.0	1.0	
1507562738123	1230617947184	253.0	-49.76896667480469	0.0	1.0	
1507562738141	1230638088786	253.0	-49.0	0.0	1.0	
1507562738158	1230658230388	253.0	-49.0	0.0	1.0	
1507562738177	1230678371989	253.0	-49.0	0.0	1.0	
1507562738194	1230698513591	253.0	-49.0	0.0	1.0	
1507562738212	1230718655192	253.0	-49.0	0.0	1.0	
1507562738248	1230738796794	253.0	-47.94828796386719	0.0	1.0	
1507562738264	1230758938395	253.0	-46.81068420410156	0.0	1.0	
1507562738284	1230779079997	253.32528686523438	-45.674713134765625	0.0	1.0	
1507562738306	1230799221598	254.0	-44.07586669921875	0.0	1.0	
1507562738319	1230819363200	254.0	-42.40104675292969	0.5989532470703125	1.0	
1507562738338	1230839504802	254.7362060546875	-41.2637939453125	1.0	1.0	
1507562738355	1230859646403	255.0	-41.0	1.0	1.0	
1507562738392	1230879788005	255.0	-40.0	0.99139404296875	1.0	
1507562738409	1230899929606	255.0	-40.0	0.0	1.0	
1507562738425	1230920071208	254.71725463867188	-39.717254638671875	0.0	1.0	
1507562738450	1230940212809	254.0	-39.0	0.0	1.0	
1507562738463	1230960354411	254.0	-38.443115234375	0.0	1.0	
1507562738480	1230980496013	254.0	-38.0	0.0	1.0	
1507562738500	1231000637614	254.0	-38.0	0.0	1.0	
1507562738516	1231020779216	254.0	-38.0	0.0	1.0	
1507562738553	1231040920817	255.0	-38.0	0.0	1.0	
1507562738575	1231061062419	255.0	-38.24095153808594	0.0	1.0	
1507562738585	1231081204020	255.0	-39.37757873535156	0.0	1.0	
1507562738603	1231101345622	255.0	-40.0	0.0	1.0	
1507562738625	1231121487223	255.0	-40.0	0.0	1.0	
1507562738641	1231141628825	254.2120819091797	-40.0	0.0	1.0	
1507562738660	1231161770427	254.0	-40.0	0.0	1.0	
1507562738694	1231181912028	252.93804931640625	-39.93804931640625	0.0	1.0	
1507562738712	1231202053630	252.0	-39.0	0.0	1.0	
1507562738729	1231222195231	251.66552734375	-39.0	0.0	1.0	
1507562738750	1231242336833	251.0	-39.0	0.471588134765625	1.0	
1507562738764	1231262478434	250.39138793945313	-39.0	1.0	1.0	
1507562738786	1231282620036	250.0	-39.0	1.7452545166015625	1.0	
1507562738804	1231302761638	250.0	-39.0	2.88275146484375	1.0	
1507562738839	1231322903239	250.0	-39.0	3.0	1.0	
1507562738858	1231343044841	250.0	-39.15516662597656	3.0	1.0	
1507562738877	1231363186442	250.0	-40.0	3.0	1.0	
1507562738889	1231383328044	250.0	-40.42930603027344	2.5706939697265625	1.0	
1507562738911	1231403469645	250.0	-41.0	2.0	1.0	
1507562738929	1231423611247	249.2977752685547	-41.70222473144531	2.0	1.0	
1507562738946	1231443752848	249.0	-42.0	2.0	1.0	
1507562738962	1231463894450	249.0	-42.0	1.02410888671875	1.0	
1507562738998	1231484036052	248.8964385986328	-41.0	1.0	1.0	
1507562739016	1231504177653	248.0	-41.0	1.0	1.0	
1507562739034	1231524319255	248.0	-41.0	0.65594482421875	1.0	
1507562739050	1231544460856	247.53651428222656	-41.0	0.0	1.0	
1507562739073	1231564602458	247.0	-41.0	0.0	1.0	
1507562739089	1231584744059	247.0	-41.70338439941406	0.0	1.0	
1507562739105	1231604885661	247.0	-42.0	0.0	1.0	
1507562739123	1231625027263	247.0	-42.0	0.0	1.0	
1507562739158	1231645168864	247.0	-42.0	0.0	1.0	
1507562739178	1231665310466	247.0	-42.0	0.0	1.0	
1507562739195	1231685452067	247.0	-41.696624755859375	0.0	1.0	
1507562739211	1231705593669	247.0	-41.0	0.0	1.0	
1507562739229	1231725735270	247.0	-41.0	0.0	1.0	
1507562739248	1231745876872	247.0	-41.0	0.0	1.0	
1507562739265	1231766018473	247.7826690673828	-41.0	0.0	1.0	
1507562739284	1231786160075	248.0	-41.0	0.9032135009765625	1.0	
1507562739324	1231806301677	248.0	-41.0	1.0	1.0	
1507562739339	1231826443278	248.0	-41.0	1.0	1.0	
1507562739355	1231846584880	248.0	-41.0	1.0	1.0	
1507562739371	1231866726481	248.0	-41.0	1.0	1.0	
1507562739390	1231886868083	248.0	-41.0	1.0	1.0	
1507562739408	1231907009684	248.0	-41.0	1.0	1.0	
1507562739426	1231927151286	248.0	-41.74192810058594	1.0	1.0	
1507562739444	1231947292888	248.0	-42.0	1.0	1.0	
1507562739462	1231967434489	248.0	-42.0	1.0	1.0	
1507562739498	1231987576091	248.1018524169922	-42.0	1.0	1.0	
1507562739514	1232007717692	249.0	-42.0	1.0	1.0	
1507562739534	1232027859294	249.0	-42.0	1.0	1.0	
1507562739553	1232048000895	249.0	-42.0	1.0	1.0	
1507562739569	1232068142497	249.0	-41.41865539550781	1.0	1.0	
1507562739590	1232088284098	249.70118713378906	-41.0	1.0	1.0	
1507562739605	1232108425700	250.0	-40.17826843261719	1.0	1.0	
1507562739624	1232128567302	250.0	-38.11865234375	1.0	1.0	
1507562739659	1232148708903	250.0611114501953	-36.93888854980469	0.0	1.0	
1507562739674	1232168850505	251.0	-35.81864929199219	0.0	1.0	
1507562739695	1232188992106	250.69949340820313	-34.39898681640625	0.0	1.0	
1507562739712	1232209133708	250.0	-32.578948974609375	-0.421051025390625	1.0	
1507562739728	1232229275309	249.45933532714844	-30.918670654296875	-1.0	1.0	
1507562739748	1232249416911	249.0	-29.339569091796875	-1.0	1.0	
1507562739766	1232269558513	249.0	-29.0	-1.780975341796875	1.0	
1507562739786	1232289700114	249.0	-28.100006103515625	-2.0	1.0	
1507562739822	1232309841716	249.02037048339844	-28.020370483398438	-2.0	1.0	
1507562739840	1232329983317	250.0	-29.140670776367188	-1.8593292236328125	1.0	
1507562739858	1232350124919	250.0	-30.0	-1.0	1.0	
1507562739873	1232370266520	250.0	-30.380294799804688	-1.0	1.0	
1507562739892	1232390408122	250.0	-31.5	-1.0	1.0	
1507562739910	1232410549723	250.0	-32.0	-1.0	1.0	
1507562739928	1232430691325	250.0	-32.0	-1.0	1.0	
1507562739946	1232450832927	250.85931396484375	-32.85931396484375	-1.0	1.0	
1507562739963	1232470974528	251.0	-33.0	-1.0	1.0	
1507562739996	1232491116130	251.0	-33.09999084472656	-1.0	1.0	
1507562740016	1232511257731	251.0	-34.0	-1.0	1.0	
1507562740035	1232531399333	251.0	-34.0	-1.0	1.0	
1507562740056	1232551540934	251.0	-34.459320068359375	-1.0	1.0	
1507562740071	1232571682536	251.5789337158203	-35.0	-1.0	1.0	
1507562740089	1232591824138	252.0	-35.0	-1.0	1.0	
1507562740111	1232611965739	252.0	-35.0	-0.181365966796875	1.0	
1507562740123	1232632107341	252.0	-35.0	0.0	1.0	
1507562740157	1232652248942	251.0	-35.0	0.0	1.0	
1507562740178	1232672390544	251.0	-35.178253173828125	0.0	1.0	
1507562740196	1232692532145	250.70120239257813	-36.0	0.298797607421875	1.0	
1507562740215	1232712673747	250.0	-36.0	1.0	1.0	
1507562740232	1232732815348	250.0	-36.0	1.0	1.0	
1507562740249	1232752956950	250.0	-35.34126281738281	1.0	1.0	
1507562740268	1232773098552	250.0	-35.0	1.0	1.0	
1507562740285	1232793240153	249.10186767578125	-35.0	1.0	1.0	
1507562740320	1232813381755	248.9813690185547	-34.0	2.0	1.0	
1507562740341	1232833523356	248.0	-34.0	2.0	1.0	
1507562740359	1232853664958	248.0	-33.741943359375	2.0	1.0	
1507562740375	1232873806559	247.62203979492188	-33.0	2.0	1.0	
1507562740392	1232893948161	247.0	-33.0	2.0	1.0	
1507562740408	1232914089763	247.0	-33.0	2.0	1.0	
1507562740430	1232934231364	247.0	-33.0	2.0	1.0	
1507562740446	1232954372966	247.0	-33.85737609863281	2.8573760986328125	1.0	
1507562740461	1232974514567	247.0	-34.0	3.0	1.0	
1507562740499	1232994656169	247.0	-34.096771240234375	3.0	1.0	
1507562740517	1233014797770	247.0	-35.0	3.0	1.0	
1507562740537	1233034939372	247.0	-35.0	3.0	1.0	
1507562740552	1233055080973	246.53346252441406	-35.0	3.0	1.0	
1507562740569	1233075222575	246.0	-35.0	3.0	1.0	
1507562740591	1233095364177	246.0	-35.0	3.0	1.0	
1507562740610	1233115505778	245.13722229003906	-35.0	3.0	1.0	
1507562740622	1233135647380	245.0	-35.0	3.0	1.0	
1507562740662	1233155788981	244.0	-35.0	3.0	1.0	
1507562740679	1233175930583	244.0	-35.0	3.0	1.0	
1507562740698	1233196072184	244.0	-35.38935852050781	3.3893585205078125	1.0	
1507562740714	1233216213786	244.0	-36.0	4.0	1.0	
1507562740733	1233236355388	244.0	-36.0	4.0	1.0	
1507562740749	1233256496989	244.0	-36.0	4.0	1.0	
1507562740766	1233276638591	244.0	-36.0	4.0	1.0	
1507562740801	1233296780192	244.0	-36.04801940917969	4.0	1.0	
1507562740821	1233316921794	244.0	-37.0	4.0	1.0	
1507562740838	1233337063395	244.0	-37.0	4.0	1.0	
1507562740862	1233357204997	244.0	-37.0	4.4434814453125	1.0	
1507562740873	1233377346598	244.0	-36.42539978027344	5.0	1.0	
1507562740892	1233397488200	244.0	-36.0	5.0	1.0	
1507562740911	1233417629802	244.83876037597656	-36.0	5.0	1.0	
1507562740928	1233437771403	245.0	-36.0	5.0	1.0	
1507562740962	1233457913005	245.0	-37.0	5.0	1.0	
1507562740981	1233478054606	245.0	-37.0	5.2332611083984375	1.0	
1507562740998	1233498196208	245.0	-37.0	6.0	1.0	
1507562741019	1233518337809	245.0	-37.0	6.0	1.0	
1507562741034	1233538479411	245.0	-37.0	6.0	1.0	
1507562741058	1233558621013	245.0	-37.761566162109375	6.0	1.0	
1507562741072	1233578762614	245.0	-38.0	6.0	1.0	
1507562741111	1233598904216	245.0	-38.0	6.0	1.0	
1507562741124	1233619045817	245.0	-37.84391784667969	6.0	1.0	
1507562741142	1233639187419	245.0	-37.0	6.0	1.0	
1507562741160	1233659329020	245.0	-37.0	6.0	1.0	
1507562741176	1233679470622	245.0	-36.448638916015625	6.0	1.0	
1507562741201	1233699612223	245.0	-36.0	6.0	1.0	
1507562741213	1233719753825	245.0	-36.0	6.0	1.0	
1507562741235	1233739895427	245.0	-36.0	6.0	1.0	
1507562741266	1233760037028	245.0	-36.0	6.0	1.0	
1507562741284	1233780178630	245.0	-36.0	6.0	1.0	
1507562741305	1233800320231	245.0	-36.34132385253906	6.0	1.0	
1507562741320	1233820461833	245.0	-37.0	6.0	1.0	
1507562741337	1233840603434	245.60548400878906	-37.0	6.6054840087890625	1.0	
1507562741361	1233860745036	246.0	-37.0	7.0	1.0	
1507562741373	1233880886638	246.0	-37.0	7.0	1.0	
1507562741394	1233901028239	245.0	-37.0	6.0	1.0	
1507562741428	1233921169841	245.0	-36.0	6.0	1.0	
1507562741446	1233941311442	245.0	-36.0	6.2641448974609375	1.0	
1507562741463	1233961453044	245.0	-36.0	7.0	1.0	
1507562741480	1233981594645	245.0	-36.0	7.0	1.0	
1507562741499	1234001736247	245.0	-36.0	7.0	1.0	
1507562741516	1234021877848	245.0	-35.20927429199219	7.0	1.0	
1507562741534	1234042019450	245.0	-35.0	7.0	1.0	
1507562741568	1234062161052	245.0	-34.0	7.0	1.0	
1507562741588	1234082302653	245.0	-34.0	7.0	1.0	
1507562741605	1234102444255	245.0	-34.0	7.0	1.0	
1507562741628	1234122585856	245.0	-34.0	7.0	1.0	
1507562741641	1234142727458	245.0	-34.0	7.0	1.0	
1507562741662	1234162869059	245.0	-34.71354675292969	7.0	1.0	
1507562741678	1234183010661	245.0	-35.0	7.0	1.0	
1507562741697	1234203152263	245.0	-35.0	7.0	1.0	
1507562741729	1234223293864	244.89195251464844	-35.0	7.0	1.0	
1507562741748	1234243435466	244.0	-35.0	6.7598724365234375	1.0	
1507562741768	1234263577067	244.0	-35.0	6.0	1.0	
1507562741784	1234283718669	244.0	-34.49571228027344	6.0	1.0	
1507562741803	1234303860270	244.0	-34.0	6.0	1.0	
1507562741821	1234324001872	243.23287963867188	-34.0	6.0	1.0	
1507562741838	1234344143473	243.0	-34.0	6.0	1.0	
1507562741871	1234364285075	242.96913146972656	-34.0	6.0	1.0	
1507562741895	1234384426677	242.0	-34.0	6.0	1.0	
1507562741910	1234404568278	242.0	-34.0	6.0	1.0	
1507562741929	1234424709880	242.0	-34.0	6.0	1.0	
1507562741944	1234444851481	242.0	-34.0	6.0	1.0	
1507562741963	1234464993083	242.0	-34.0	6.0	1.0	
1507562741985	1234485134684	242.8216094970703	-34.0	6.0	1.0	
1507562742002	1234505276286	243.0	-34.0	6.0	1.0	
1507562742032	1234525417888	243.0	-34.0	6.085601806640625	1.0	
1507562742051	1234545559489	243.2161102294922	-34.0	7.0	1.0	
1507562742075	1234565701091	244.0	-34.0	7.3481903076171875	1.0	
1507562742090	1234585842692	244.0	-34.0	8.0	1.0	
1507562742106	1234605984294	244.61233520507813	-34.0	8.0	1.0	
1507562742126	1234626125895	245.0	-34.744415283203125	8.0	1.0	
1507562742143	1234646267497	245.0	-35.0	8.0	1.0	
1507562742176	1234666409098	245.00685119628906	-35.0	8.0	1.0	
1507562742192	1234686550700	246.0	-35.0	8.0	1.0	
1507562742213	1234706692302	246.0	-35.0	8.0	1.0	
1507562742237	1234726833903	246.0	-35.0	8.0	1.0	
1507562742247	1234746975505	246.0	-35.0	8.0	1.0	
1507562742267	1234767117106	246.0	-35.0	8.0	1.0	
1507562742287	1234787258708	246.79759216308594	-35.0	8.0	1.0	
1507562742304	1234807400309	247.0	-35.0	8.0	1.0	
1507562742339	1234827541911	247.0	-35.061737060546875	8.0	1.0	
1507562742354	1234847683513	247.0	-36.0	8.0	1.0	
1507562742376	1234867825114	247.0	-36.0	8.0	1.0	
1507562742391	1234887966716	247.0	-36.0	8.0	1.0	
1507562742410	1234908108317	247.0	-36.0	8.0	1.0	
1507562742426	1234928249919	247.0	-36.0	8.0	1.0	
1507562742446	1234948391520	247.0	-36.85247802734375	8.0	1.0	
1507562742463	1234968533122	247.9828643798828	-37.0	8.0	1.0	
1507562742499	1234988674723	248.0	-37.0	8.0	1.0	
1507562742515	1235008816325	248.0	-37.0	8.0	1.0	
1507562742536	1235028957927	248.0	-37.0	8.0	1.0	
1507562742554	1235049099528	248.0	-37.0	8.0	1.0	
1507562742572	1235069241130	248.0	-37.0	8.0	1.0	
1507562742588	1235089382731	248.0	-37.0	8.0	1.0	
1507562742606	1235109524333	248.0	-37.0	8.0	1.0	
1507562742642	1235129665934	248.0	-37.03773498535156	8.037734985351563	1.0	
1507562742663	1235149807536	247.8302001953125	-38.0	9.0	1.0	
1507562742679	1235169949138	247.0	-38.0	9.0	1.0	
1507562742699	1235190090739	247.0	-38.43223571777344	9.0	1.0	
1507562742712	1235210232341	247.0	-39.0	9.0	1.0	
1507562742741	1235230373942	247.0	-39.69639587402344	9.0	1.0	
1507562742751	1235250515544	247.0	-40.0	9.0	1.0	
1507562742767	1235270657145	247.0	-40.0	9.0	1.0	
1507562742803	1235290798747	247.0	-41.0	9.0	1.0	
1507562742817	1235310940348	247.0	-41.0	9.0	1.0	
1507562742843	1235331081950	247.0	-41.0	9.0	1.0	
1507562742857	1235351223552	247.0	-41.0	9.0	1.0	
1507562742888	1235371365153	247.0	-41.0	9.0	1.0	
1507562742918	1235391506755	247.0	-41.0	9.0	1.0	
1507562742930	1235411648356	247.0	-41.0	9.0	1.0	
1507562742956	1235431789958	247.0	-41.0	9.0	1.0	
1507562742962	1235451931559	247.0	-41.0	9.0	1.0	
1507562742978	1235472073161	247.0	-41.0	9.0	1.0	
1507562742998	1235492214763	247.0	-41.0	9.0	1.0	
1507562743019	1235512356364	247.0	-41.0	9.0	1.0	
1507562743037	1235532497966	247.0	-41.0	9.0	1.0	
1507562743058	1235552639567	247.0	-41.0	9.0	1.0	
1507562743072	1235572789477	247.0	-41.0	9.0	1.0	
1507562743110	1235592931078	247.0	-41.0	9.0	1.0	
1507562743123	1235613072680	247.0	-41.0	9.0	1.0	
1507562743141	1235633214281	247.0	-41.0	9.0	1.0	
1507562743168	1235653355883	247.0	-41.0	9.0	1.0	
1507562743182	1235673497485	247.0	-41.0	9.0	1.0	
1507562743195	1235693639086	247.0	-41.0	9.0	1.0	
1507562743214	1235713780688	247.0	-41.0	9.0	1.0	
1507562743232	1235733922289	247.0	-41.0	9.0	1.0	
1507562743279	1235754063891	247.0	-41.0	9.0	1.0	
1507562743287	1235774205492	247.0	-41.0	9.0	1.0	
1507562743300	1235794347094	247.0	-41.0	9.0	1.0	
1507562743317	1235814488696	247.0	-41.0	9.0	1.0	
1507562743339	1235834630297	247.0	-41.0	9.0	1.0	
1507562743357	1235854771899	247.0	-41.0	9.0	1.0	
1507562743374	1235874913500	247.0	-41.0	9.0	1.0	
1507562743426	1235895055102	247.0	-42.0	9.0	1.0	
1507562743433	1235915196703	247.0	-42.0	9.0	1.0	
1507562743445	1235935338305	247.0	-42.0	9.0	1.0	
1507562743465	1235955479906	247.0	-42.0	9.0	1.0	
1507562743478	1235975621508	247.0	-42.0	9.0	1.0	
1507562743501	1235995763110	247.0	-42.0	9.0	1.0	
1507562743515	1236015904711	247.0	-42.0	9.0	1.0	
1507562743538	1236036046313	247.0	-42.0	9.0	1.0	
1507562743570	1236056187914	247.0	-42.0	9.0	1.0	
1507562743588	1236076329516	247.0	-42.0	9.0	1.0	
1507562743604	1236096471117	247.0	-42.0	9.0	1.0	
1507562743626	1236116612719	247.0	-42.0	9.0	1.0	
1507562743639	1236136754321	247.0	-41.38160705566406	9.0	1.0	
1507562743665	1236156895922	247.0	-41.0	9.0	1.0	
1507562743679	1236177037524	247.0	-41.0	9.0	1.0	
1507562743699	1236197179125	247.0	-41.0	9.0	1.0	
1507562743731	1236217320727	247.0	-41.0	9.0	1.0	
1507562743749	1236237462328	247.0	-41.0	9.0	1.0	
1507562743764	1236257603930	247.0	-41.0	9.356033325195313	1.0	
1507562743785	1236277745531	247.0	-41.0	10.0	1.0	
1507562743800	1236297887133	247.0	-41.0	10.0	1.0	
1507562743824	1236318028735	247.0	-41.0	10.0	1.0	
1507562743837	1236338170336	247.0	-41.0	10.0	1.0	
1507562743856	1236358311938	247.0	-41.0	10.0	1.0	
1507562743891	1236378453539	247.0	-41.0	10.0	1.0	
1507562743909	1236398595141	247.0	-41.0	10.0	1.0	
1507562743929	1236418736742	247.0	-41.0	10.0	1.0	
1507562743945	1236438878344	247.0	-41.0	10.0	1.0	
1507562743962	1236459019946	247.0	-41.0	10.0	1.0	
1507562743981	1236479161547	247.0	-41.0	10.0	1.0	
1507562744000	1236499303149	247.0	-41.0	9.173477172851563	1.0	
1507562744019	1236519444750	247.0	-41.0	9.0	1.0	
1507562744054	1236539586352	247.0	-41.0	9.0	1.0	
1507562744071	1236559727953	247.0	-41.0	9.0	1.0	
1507562744086	1236579869555	247.0	-41.0	9.0	1.0	
1507562744105	1236600011156	247.0	-41.0	9.0	1.0	
1507562744123	1236620152758	247.0	-41.0	9.0	1.0	
1507562744142	1236640294360	247.0	-41.0	9.0	1.0	
1507562744160	1236660435961	247.0	-41.0	9.0	1.0	
1507562744185	1236680577563	247.0	-41.0	9.0	1.0	
1507562744215	1236700719164	247.0	-40.94728088378906	9.0	1.0	
1507562744229	1236720860766	247.0	-40.0	9.0	1.0	
1507562744249	1236741002367	247.0	-40.0	9.0	1.0	
1507562744268	1236761143969	247.0	-40.0	9.0	1.0	
1507562744284	1236781285571	247.0	-40.0	9.0	1.0	
1507562744303	1236801427172	247.0	-40.0	9.0	1.0	
1507562744321	1236821568774	247.0	-40.0	9.0	1.0	
1507562744341	1236841710375	247.90985107421875	-40.0	9.0	1.0	
1507562744374	1236861851977	248.0	-40.0	9.0	1.0	
1507562744390	1236881993578	248.0	-40.0	9.0	1.0	
1507562744411	1236902135180	248.0	-40.0	9.0	1.0	
1507562744431	1236922276781	248.0	-40.0	9.0	1.0	
1507562744444	1236942418383	248.0	-40.0	9.0	1.0	
1507562744464	1236962559985	248.0	-40.0	9.0	1.0	
1507562744483	1236982701586	248.0	-40.0	9.0	1.0	
1507562744502	1237002843188	248.0	-40.0	9.0	1.0	
1507562744535	1237022984789	248.0	-40.0	9.0	1.0	
1507562744551	1237043126391	248.0	-40.0	9.0	1.0	
1507562744571	1237063267992	248.0	-40.0	9.0	1.0	
1507562744589	1237083409594	248.0	-40.0	9.0	1.0	
1507562744605	1237103551196	248.0	-40.0	9.0	1.0	
1507562744626	1237123692797	248.0	-40.0	9.0	1.0	
1507562744643	1237143834399	248.0	-40.0	9.0	1.0	
1507562744661	1237163976000	248.0	-40.0	9.0	1.0	
1507562744682	1237184117602	248.0	-40.0	9.0	1.0	
1507562744711	1237204259203	247.0	-40.0	9.0	1.0	
1507562744732	1237224400805	247.2380828857422	-40.0	9.0	1.0	
1507562744749	1237244542406	248.0	-40.0	9.0	1.0	
1507562744769	1237264684008	248.0	-40.0	9.0	1.0	
1507562744785	1237284825610	248.0	-40.0	9.0	1.0	
1507562744805	1237304967211	248.0	-40.0	9.0	1.0	
1507562744823	1237325108813	248.0	-40.0	9.0	1.0	
1507562744840	1237345250414	248.0	-40.0	9.0	1.0	
1507562744871	1237365392016	248.0	-40.0	9.0	-1.0	
1507562744891	1237385533617	248.0	-40.0	9.0	-1.0	
1507562744909	1237405675219	248.0	-40.0	9.0	-1.0	
1507562744926	1237425816821	248.0	-40.0	9.0	-1.0	
1507562744948	1237445958422	248.0	-40.0	9.0	-1.0	
1507562744963	1237466100024	248.0	-39.29081726074219	9.0	-1.0	
1507562744980	1237486241625	248.0	-39.0	9.0	-1.0	
1507562744997	1237506383227	248.0	-39.0	9.0	-1.0	
1507562745033	1237526524828	248.0	-39.0	9.0	-1.0	
1507562745052	1237546666430	248.0	-39.0	9.0	-1.0	
1507562745069	1237566808031	248.0	-39.0	9.0	-1.0	
1507562745090	1237586949633	248.0	-39.0	9.0	-1.0	
1507562745106	1237607091235	248.0	-39.0	9.0	-1.0	
1507562745125	1237627232836	248.0	-39.0	9.0	-1.0	
1507562745142	1237647374438	248.0	-39.0	9.0	-1.0	
1507562745162	1237667516039	248.0	-39.0	9.0	-1.0	
1507562745200	1237687657641	248.0	-39.0	9.0	-1.0	
1507562745212	1237707799242	248.0	-39.0	9.0	-1.0	
1507562745235	1237727940844	248.0	-39.0	9.0	-1.0	
1507562745248	1237748082446	248.0	-39.0	9.0	-1.0	
1507562745265	1237768224047	248.0	-39.0	9.0	-1.0	
1507562745286	1237788365649	248.0	-39.0	9.0	-1.0	
1507562745302	1237808507250	248.0	-39.0	9.0	-1.0	
1507562745320	1237828648852	248.0	-39.0	9.0	-1.0	
1507562745358	1237848790453	248.0	-39.0	9.0	-1.0	
1507562745376	1237868932055	248.0	-39.0	9.0	-1.0	
1507562745392	1237889073656	248.0	-39.0	9.0	-1.0	
1507562745409	1237909215258	248.0	-39.0	9.0	-1.0	
1507562745426	1237929356860	248.0	-39.0	9.0	-1.0	
1507562745448	1237949498461	248.0	-39.0	9.0	-1.0	
1507562745462	1237969640063	248.0	-39.0	9.0	-1.0	
1507562745481	1237989781664	248.0	-39.0	9.0	-1.0	
1507562745516	1238009923266	248.0	-39.0	9.0	-1.0	
1507562745535	1238030064867	248.0	-39.0	9.0	-1.0	
1507562745555	1238050206469	248.0	-39.0	9.0	-1.0	
1507562745572	1238070348071	248.0	-39.0	9.0	-1.0	
1507562745588	1238090489672	248.0	-39.0	9.0	-1.0	
1507562745605	1238110631274	248.0	-39.0	9.0	-1.0	
1507562745623	1238130772875	248.0	-39.0	9.0	-1.0	
1507562745640	1238150914477	248.0	-39.0	9.0	-1.0	
1507562745657	1238171056078	248.0	-39.0	9.0	-1.0	
1507562745700	1238191197680	248.0	-39.0	9.0	-1.0	
1507562745715	1238211339281	248.0	-39.0	9.0	-1.0	
1507562745730	1238231480883	248.0	-39.0	9.0	-1.0	
1507562745749	1238251622485	248.0	-39.0	9.0	-1.0	
1507562745764	1238271764086	248.0	-39.0	9.0	-1.0	
1507562745784	1238291905688	248.0	-39.0	9.0	-1.0	
1507562745800	1238312047289	248.0	-39.0	9.0	-1.0	
1507562745819	1238332188891	248.0	-39.0	9.0	-1.0	
1507562745855	1238352330492	248.0	-39.0	9.0	-1.0	
1507562745874	1238372472094	248.0	-39.0	9.0	-1.0	
1507562745892	1238392613696	248.0	-39.0	9.0	-1.0	
1507562745910	1238412755297	248.0	-39.0	9.0	-1.0	
1507562745926	1238432896899	248.0	-39.0	9.0	-1.0	
1507562745945	1238453038500	247.2874298095703	-39.0	9.0	-1.0	
1507562745965	1238473180102	247.0	-39.0	9.0	-1.0	
1507562745987	1238493321703	247.0	-39.0	9.0	-1.0	
1507562746016	1238513463305	247.0	-39.0	9.0	-1.0	
1507562746040	1238533604906	247.0	-39.0	9.0	-1.0	
1507562746053	1238553746508	247.0	-39.0	9.0	-1.0	
1507562746070	1238573888110	247.0	-39.0	9.0	-1.0	
1507562746087	1238594029711	247.0	-39.0	9.0	-1.0	
1507562746106	1238614171313	247.0	-39.76033020019531	9.0	-1.0	
1507562746122	1238634312914	247.0	-40.0	9.0	-1.0	
1507562746158	1238654454516	246.96380615234375	-40.0	9.0	-1.0	
1507562746176	1238674596117	246.0	-40.0	9.0	-1.0	
1507562746195	1238694737719	246.0	-40.31205749511719	9.0	-1.0	
1507562746219	1238714879321	245.5500030517578	-41.0	8.550003051757813	-1.0	
1507562746230	1238735020922	245.0	-41.0	8.0	-1.0	
1507562746250	1238755162524	245.0	-41.0	8.0	-1.0	
1507562746269	1238775304125	244.13621520996094	-41.0	7.1362152099609375	-1.0	
1507562746304	1238795445727	243.998291015625	-41.0	6.998291015625	-1.0	
1507562746323	1238815587328	243.0	-40.8603515625	6.0	-1.0	
1507562746340	1238835728930	243.0	-40.0	6.0	-1.0	
1507562746359	1238855870531	242.58448791503906	-40.0	5.5844879150390625	-1.0	
1507562746373	1238876012133	242.0	-39.446563720703125	5.0	-1.0	
1507562746392	1238896153735	241.30862426757813	-39.0	5.0	-1.0	
1507562746409	1238916295336	241.0	-39.0	4.1707000732421875	-1.0	
1507562746426	1238936436938	240.0327606201172	-39.0	4.0	-1.0	
1507562746469	1238956578539	240.0	-39.0	4.0	-1.0	
1507562746482	1238976720141	240.0	-39.0	4.0	-1.0	
1507562746502	1238996861742	240.0	-39.0	4.0	-1.0	
1507562746518	1239017003344	239.48104858398438	-39.0	4.0	-1.0	
1507562746534	1239037144946	239.0	-39.0	4.0	-1.0	
1507562746551	1239057286547	239.0	-39.0	4.0	-1.0	
1507562746570	1239077428149	239.0	-39.0	4.0	-1.0	
1507562746607	1239097569750	239.0	-39.0	4.0	-1.0	
1507562746624	1239117711352	239.0	-39.0	4.0	-1.0	
1507562746642	1239137852953	238.65345764160156	-39.0	4.0	-1.0	
1507562746660	1239157994555	238.0	-39.48448181152344	4.0	-1.0	
1507562746679	1239178136156	238.0	-40.0	4.0	-1.0	
1507562746700	1239198277758	238.0	-40.0	4.0	-1.0	
1507562746712	1239218419360	238.0	-40.0	4.0	-1.0	
1507562746747	1239238560961	238.0	-40.0	4.0	-1.0	
1507562746768	1239258702563	238.0	-40.0	4.0	-1.0	
1507562746785	1239278844164	238.0	-40.0	4.0	-1.0	
1507562746802	1239298985766	238.0	-40.0	4.0	-1.0	
1507562746821	1239319127367	238.0	-40.0	4.0	-1.0	
1507562746838	1239339268969	238.0	-40.0	4.0	-1.0	
1507562746859	1239359410571	238.86378479003906	-40.0	4.0	-1.0	
1507562746893	1239379552172	239.0	-40.0	5.0	-1.0	
1507562746909	1239399693774	239.0	-40.0	5.0	-1.0	
1507562746928	1239419835375	239.0	-40.0	5.0	-1.0	
1507562746946	1239439976977	239.0	-40.0	5.0	-1.0	
1507562746963	1239460118578	239.0	-40.0	5.0	-1.0	
1507562746991	1239480260180	239.0	-40.0	5.0	-1.0	
1507562746998	1239500401781	239.0	-40.0	5.0	-1.0	
1507562747017	1239520543383	239.0	-40.0	5.0	-1.0	
1507562747052	1239540684985	239.10516357421875	-39.0	5.0	-1.0	
1507562747069	1239560826586	240.0	-39.0	5.0	-1.0	
1507562747088	1239580968188	240.0	-39.0	5.0	-1.0	
1507562747107	1239601109789	240.51895141601563	-39.0	5.518951416015625	-1.0	
1507562747125	1239621251391	241.0	-39.0	6.0	-1.0	
1507562747143	1239641392992	241.0	-39.0	6.0	-1.0	
1507562747159	1239661534594	241.0	-39.0	6.0	-1.0	
1507562747197	1239681676196	242.0	-38.9293212890625	6.0706787109375	-1.0	
1507562747213	1239701817797	242.2086181640625	-38.0	7.0	-1.0	
1507562747230	1239721959399	243.0	-38.0	7.0	-1.0	
1507562747256	1239742101000	243.0	-38.0	7.0	-1.0	
1507562747268	1239762242602	243.6092071533203	-37.39079284667969	7.0	-1.0	
1507562747284	1239782384203	244.0	-37.0	7.7367401123046875	-1.0	
1507562747304	1239802525805	244.8649444580078	-37.0	8.0	-1.0	
1507562747323	1239822667406	245.0	-37.0	8.0	-1.0	
1507562747358	1239842809008	245.11944580078125	-37.0	8.11944580078125	-1.0	
1507562747373	1239862950610	246.0	-36.75386047363281	9.0	-1.0	
1507562747395	1239883092211	246.0	-36.0	9.0	-1.0	
1507562747413	1239903233813	246.50169372558594	-36.0	9.0	-1.0	
1507562747429	1239923375414	247.0	-36.0	9.0	-1.0	
1507562747449	1239943517016	247.0	-36.0	9.0	-1.0	
1507562747465	1239963658617	247.0	-36.0	9.0	-1.0	
1507562747507	1239983800219	247.0	-36.0	10.0	-1.0	
1507562747515	1240003941821	247.13845825195313	-36.0	10.0	-1.0	
1507562747535	1240024083422	248.0	-36.0	10.0	-1.0	
1507562747690	1240044225024	247.60580444335938	-36.0	10.0	-1.0	
1507562747692	1240064366625	247.0	-36.0	10.0	-1.0	
1507562747694	1240084508227	247.0	-36.0	10.0	-1.0	
1507562747696	1240104649828	247.0	-36.0	10.0	-1.0	
1507562747699	1240124791430	247.0	-36.0	10.0	-1.0	
1507562747702	1240144933031	247.0	-37.0	10.0	-1.0	
1507562747705	1240165074633	247.15896606445313	-37.0	10.0	-1.0	
1507562747706	1240185216235	248.0	-37.0	10.0	-1.0	
1507562747712	1240205357836	248.0	-37.0	10.0	-1.0	
1507562747730	1240225499438	248.0	-37.0	10.0	-1.0	
1507562747752	1240245641039	248.0	-37.0	10.0	-1.0	
1507562747768	1240265782641	248.0	-37.0	10.0	-1.0	
1507562747784	1240285924242	248.0	-37.0	10.0	-1.0	
1507562747820	1240306065844	248.0	-37.0	10.0	-1.0	
1507562747838	1240326207446	248.0	-37.0	10.0	-1.0	
1507562747854	1240346349047	248.0	-37.0	10.0	-1.0	
1507562747872	1240366490649	248.0	-37.0	10.0	-1.0	
1507562747890	1240386632250	247.43856811523438	-37.0	9.438568115234375	-1.0	
1507562747909	1240406773852	247.0	-36.31111145019531	7.622222900390625	-1.0	
1507562747955	1240426915453	246.18431091308594	-35.18431091308594	3.73724365234375	-1.0	
1507562747972	1240447057055	245.05641174316406	-34.05641174316406	0.1692352294921875	-1.0	
1507562747981	1240467198656	244.0	-32.856658935546875	-4.2150115966796875	-1.0	
1507562747998	1240487340258	244.0	-30.603424072265625	-7.1982879638671875	-1.0	
1507562748018	1240507481860	244.0	-28.347015380859375	-8.0	-1.0	
1507562748034	1240527623461	244.45391845703125	-26.54608154296875	-7.54608154296875	-1.0	
1507562748051	1240547765063	245.58119201660156	-24.837615966796875	-5.837615966796875	-1.0	
1507562748069	1240567906664	246.7093963623047	-24.0	-3.581207275390625	-1.0	
1507562748087	1240588048266	248.67233276367188	-24.0	-2.1638336181640625	-1.0	
1507562748105	1240608189867	249.96409606933594	-24.0	-0.071807861328125	-1.0	
1507562748142	1240628331469	251.09059143066406	-25.090591430664063	0.0905914306640625	-1.0	
1507562748159	1240648473071	252.2187957763672	-26.218795776367188	1.2187957763671875	-1.0	
1507562748178	1240668614672	253.34640502929688	-27.346405029296875	2.0	-1.0	
1507562748199	1240688756274	254.0	-28.946990966796875	2.4734954833984375	-1.0	
1507562748212	1240708897875	254.60169982910156	-30.601699829101563	3.0	-1.0	
1507562748231	1240729039477	255.0	-31.728668212890625	3.728668212890625	-1.0	
1507562748248	1240749181078	255.0	-32.85639953613281	4.0	-1.0	
1507562748270	1240769322680	255.0	-33.0	4.9829254150390625	-1.0	
1507562748302	1240789464281	256.0	-34.0	5.0	-1.0	
1507562748318	1240809605883	256.0	-34.0	5.2389068603515625	-1.0	
1507562748337	1240829747485	256.0	-34.0	6.0	-1.0	
1507562748356	1240849889086	256.0	-34.0	6.0	-1.0	
1507562748377	1240870030688	256.0	-34.0	6.0	-1.0	
1507562748395	1240890172289	256.0	-34.0	6.0	-1.0	
1507562748410	1240910313891	256.0	-34.0	6.0	-1.0	
1507562748446	1240930455492	256.0	-34.0	6.0	-1.0	
1507562748464	1240950597094	256.0	-34.0	6.0	-1.0	
1507562748479	1240970738696	256.0	-34.0	6.0	-1.0	
1507562748499	1240990880297	256.0	-34.0	6.0	-1.0	
1507562748518	1241011021899	256.0	-34.0	6.0	1.0	
1507562748539	1241031163500	255.35897827148438	-34.0	6.0	1.0	
1507562748554	1241051305102	255.0	-34.0	6.0	1.0	
1507562748571	1241071446703	255.0	-34.0	6.0	1.0	
1507562748605	1241091588305	255.0	-34.0	6.0	1.0	
1507562748625	1241111729906	255.0	-34.0	6.0	1.0	
1507562748640	1241131871508	255.0	-34.0	6.0	1.0	
1507562748660	1241152013110	255.0	-34.0	6.0	1.0	
1507562748677	1241172154711	255.0	-34.0	6.0	1.0	
1507562748695	1241192296313	255.0	-34.0	6.0	1.0	
1507562748713	1241212437914	254.21197509765625	-34.0	6.0	1.0	
1507562748732	1241232579516	254.0	-34.916229248046875	6.0	1.0	
1507562748767	1241252721117	254.042724609375	-35.0	6.0	1.0	
1507562748785	1241272862719	255.0	-35.0	6.0	1.0	
1507562748804	1241293004321	255.0	-35.0	6.0	1.0	
1507562748821	1241313145922	255.0	-35.0	6.0	1.0	
1507562748838	1241333287524	255.0	-35.0	6.5538330078125	1.0	
1507562748857	1241353429125	254.31912231445313	-35.0	7.0	1.0	
1507562748874	1241373570727	254.0	-35.0	6.19146728515625	1.0	
1507562748893	1241393712328	254.0	-35.0	6.0	1.0	
1507562748927	1241413853930	254.0	-35.0	6.0	1.0	
1507562748946	1241433995531	254.0	-35.0	6.0	1.0	
1507562748965	1241454137133	254.0	-35.0	6.0	1.0	
1507562748982	1241474278735	253.55384826660156	-35.0	6.0	1.0	
1507562748999	1241494420336	251.853271484375	-35.0	6.0	1.0	
1507562749017	1241514561938	250.2991485595703	-35.70085144042969	5.2991485595703125	1.0	
1507562749034	1241534703539	249.17236328125	-36.0	4.17236328125	1.0	
1507562749054	1241554845141	247.08889770507813	-36.95555114746094	4.0	1.0	
1507562749089	1241574986742	246.0	-38.0	3.0	1.0	
1507562749105	1241595128344	246.0	-38.0	3.0	1.0	
1507562749125	1241615269946	245.6615447998047	-38.0	3.0	1.0	
1507562749144	1241635411547	245.0	-38.0	3.0	1.0	
1507562749161	1241655553149	244.40684509277344	-38.0	3.0	1.0	
1507562749179	1241675694750	243.27987670898438	-38.0	2.279876708984375	1.0	
1507562749196	1241695836352	242.1521453857422	-38.0	2.0	1.0	
1507562749219	1241715977953	242.0	-38.0	2.0	1.0	
1507562749252	1241736119555	241.0	-38.0	1.0	1.0	
1507562749267	1241756261156	241.0	-38.0	1.0	1.0	
1507562749287	1241776402758	241.0	-38.0	1.0	1.0	
1507562749305	1241796544360	241.0	-38.0	0.5145416259765625	1.0	
1507562749326	1241816685961	240.3873748779297	-38.61262512207031	0.0	1.0	
1507562749339	1241836827563	240.0	-39.0	0.0	1.0	
1507562749357	1241856969164	240.0	-39.0	0.0	1.0	
1507562749376	1241877110766	239.005126953125	-39.0	0.994873046875	1.0	
1507562749410	1241897252367	239.12306213378906	-39.0	1.0	1.0	
1507562749428	1241917393969	240.0	-39.25083923339844	1.0	1.0	
1507562749450	1241937535571	240.0	-40.0	1.0	1.0	
1507562749467	1241957677172	240.0	-40.0	1.0	1.0	
1507562749481	1241977818774	240.0	-40.0	1.0	1.0	
1507562749500	1241997960375	240.0	-40.0	1.76068115234375	1.0	
1507562749518	1242018101977	240.0	-40.0	2.0	1.0	
1507562749553	1242038243578	241.0	-39.0	2.0	1.0	
1507562749577	1242058385180	241.14334106445313	-38.856658935546875	2.0	1.0	
1507562749587	1242078526781	242.0	-38.0	2.27008056640625	1.0	
1507562749607	1242098668383	242.39759826660156	-37.60240173339844	3.0	1.0	
1507562749625	1242118809985	243.5247802734375	-37.0	3.5247802734375	1.0	
1507562749644	1242138951586	244.65298461914063	-36.347015380859375	4.652984619140625	1.0	
1507562749661	1242159093188	245.0	-35.22013854980469	5.7798614501953125	1.0	
1507562749678	1242179234789	245.90768432617188	-35.0	6.0	1.0	
1507562749715	1242199376391	247.03582763671875	-33.96417236328125	7.0	1.0	
1507562749733	1242219517992	248.16238403320313	-33.0	7.0	1.0	
1507562749754	1242239659594	249.29058837890625	-32.70941162109375	7.29058837890625	1.0	
1507562749771	1242259801196	250.41807556152344	-32.0	8.0	1.0	
1507562749787	1242279942797	251.5452880859375	-31.4547119140625	8.5452880859375	1.0	
1507562749808	1242300084399	252.67234802246094	-31.0	9.0	1.0	
1507562749821	1242320226000	253.79998779296875	-31.0	9.0	1.0	
1507562749843	1242340367602	254.0	-30.071807861328125	9.0	1.0	
1507562749877	1242360509203	254.0546875	-30.0	10.0	1.0	
1507562749890	1242380650805	255.0	-30.0	10.0	1.0	
1507562749915	1242400792406	255.0	-30.310577392578125	10.0	1.0	
1507562749928	1242420934008	255.0	-31.0	10.0	1.0	
1507562749945	1242441075610	255.0	-31.0	10.0	1.0	
1507562749967	1242461217211	255.0	-31.0	9.307693481445313	1.0	
1507562749985	1242481358813	255.0	-31.820510864257813	9.0	1.0	
1507562750000	1242501500414	255.0	-32.0	9.0	1.0	
1507562750042	1242521642016	255.0	-32.0	9.0	1.0	
1507562750054	1242541783617	255.0	-32.20306396484375	9.0	1.0	
1507562750072	1242561925219	255.0	-33.0	9.0	1.0	
1507562750090	1242582066821	255.0	-33.0	9.0	1.0	
1507562750110	1242602208422	255.0	-33.0	9.0	1.0	
1507562750128	1242622350024	255.0	-33.0	9.0	1.0	
1507562750142	1242642491625	254.16041564941406	-33.0	9.839584350585938	1.0	
1507562750162	1242662633227	254.0	-33.0	10.0	1.0	
1507562750195	1242682774828	254.0	-33.0	10.0	1.0	
1507562750212	1242702916430	254.0	-33.0	10.0	1.0	
1507562750233	1242723058031	254.0	-33.0	10.0	1.0	
1507562750250	1242743199633	254.0	-33.47691345214844	10.0	1.0	
1507562750268	1242763341235	254.0	-34.0	10.0	1.0	
1507562750295	1242783482836	254.0	-34.0	10.0	1.0	
1507562750305	1242803624438	254.0	-34.0	10.0	1.0	
1507562750320	1242823766039	254.0	-34.0	10.0	1.0	
1507562750359	1242843907641	254.0	-34.0	10.0	1.0	
1507562750374	1242864049242	254.0	-34.0	10.0	1.0	
1507562750392	1242884190844	254.0	-34.0	10.0	1.0	
1507562750414	1242904332446	254.0	-34.0	10.0	1.0	
1507562750428	1242924474047	254.0	-34.0	10.0	1.0	
1507562750453	1242944615649	254.0	-34.0	10.0	1.0	
1507562750464	1242964757250	254.0	-34.0	10.0	1.0	
1507562750503	1242984898852	254.0	-34.0	10.0	1.0	
1507562750519	1243005040453	254.0	-34.0	10.0	1.0	
1507562750536	1243025182055	254.0	-34.0	10.0	1.0	
1507562750554	1243045323656	254.0	-34.0	10.0	1.0	
1507562750574	1243065465258	254.0	-34.0	10.0	1.0	
1507562750596	1243085606860	254.0	-34.0	9.355560302734375	1.0	
1507562750615	1243105748461	254.0	-34.0	9.0	1.0	
1507562750624	1243125890063	254.0	-34.89930725097656	9.0	1.0	
1507562750661	1243146031664	254.0	-35.0	9.0	1.0	
1507562750676	1243166173266	254.0	-35.0	9.155288696289063	1.0	
1507562750696	1243186314867	254.0	-35.0	10.0	1.0	
1507562750717	1243206456469	254.0	-35.0	10.0	1.0	
1507562750731	1243226598071	254.0	-35.0	10.0	1.0	
1507562750752	1243246739672	254.0	-35.0	10.0	1.0	
1507562750769	1243266881274	254.0	-35.0	10.0	1.0	
1507562750785	1243287022875	254.0	-35.919647216796875	10.0	1.0	
1507562750822	1243307164477	254.0	-36.0	10.0	1.0	
1507562750836	1243327306078	254.0	-36.174346923828125	10.0	1.0	
1507562750865	1243347447680	254.0	-37.0	10.0	1.0	
1507562750875	1243367589281	254.0	-37.0	10.0	1.0	
1507562750898	1243387730883	254.0	-37.0	9.4427490234375	1.0	
1507562750909	1243407872485	254.0	-37.684295654296875	9.684295654296875	1.0	
1507562750932	1243428014086	254.0	-38.0	10.0	1.0	
1507562750952	1243448155688	254.0	-38.0	10.0	1.0	
1507562750983	1243468297289	254.0	-38.0	10.0	1.0	
1507562750997	1243488438891	254.0	-38.0	10.0	1.0	
1507562751017	1243508580492	254.0	-38.0	10.0	1.0	
1507562751036	1243528722094	254.0	-38.0	10.0	1.0	
1507562751053	1243548863696	254.0	-38.0	10.0	1.0	
1507562751072	1243569005297	254.0	-38.0	10.0	1.0	
1507562751115	1243589146899	254.0	-38.0	10.0	1.0	
1507562751120	1243609288500	254.0	-38.0	10.0	1.0	
1507562751143	1243629430102	254.0	-38.0	10.0	1.0	
1507562751159	1243649571703	254.0	-38.0	10.0	1.0	
1507562751179	1243669713305	254.0	-38.0	10.0	1.0	
1507562751199	1243689854906	254.0	-38.0	10.0	1.0	
1507562751216	1243709996508	254.0	-38.0	10.0	1.0	
1507562751244	1243730138110	254.0	-38.0	10.0	1.0	
1507562751255	1243750279711	254.0	-38.0	10.0	1.0	
1507562751271	1243770421313	254.0	-38.0	10.0	1.0	
1507562751304	1243790562914	254.0	-38.10597229003906	10.0	1.0	
1507562751328	1243810704516	254.0	-39.0	10.0	1.0	
1507562751341	1243830846117	254.0	-39.0	10.0	1.0	
1507562751358	1243850987719	254.0	-39.0	10.0	1.0	
1507562751378	1243871129321	254.0	-39.0	10.0	1.0	
1507562751392	1243891270922	254.0	-39.0	10.0	1.0	
1507562751411	1243911412524	254.0	-39.0	10.0	1.0	
1507562751428	1243931554125	254.0	-39.0	10.0	1.0	
1507562751463	1243951695727	254.0	-39.0	10.0	1.0	
1507562751482	1243971837328	254.0	-39.0	10.0	1.0	
1507562751500	1243991978930	254.0	-39.0	10.0	1.0	
1507562751517	1244012120531	254.0	-39.0	10.0	1.0	
1507562751545	1244032262133	254.0	-39.0	10.0	1.0	
1507562751557	1244052403735	254.0	-38.23590087890625	10.0	1.0	
1507562751574	1244072545336	254.0	-38.0	10.0	1.0	
1507562751619	1244092686938	254.0	-38.0	10.0	1.0	
1507562751628	1244112828539	254.0	-38.0	10.0	1.0	
1507562751642	1244132970141	254.0	-38.0	10.0	1.0	
1507562751662	1244153111742	254.0	-38.0	10.0	1.0	
1507562751679	1244173253344	253.4709930419922	-38.0	10.0	1.0	
1507562751696	1244193394946	253.0	-38.0	10.0	1.0	
1507562751714	1244213536547	253.0	-38.0	10.0	1.0	
1507562751734	1244233678149	253.0	-38.0	10.0	1.0	
1507562751767	1244253819750	253.0	-38.0	10.0	1.0	
1507562751784	1244273961352	253.0	-38.0	10.0	1.0	
1507562751803	1244294102953	253.0	-38.0	10.0	1.0	
1507562751839	1244314244555	253.0	-38.0	10.0	1.0	
1507562751840	1244334386156	253.0	-38.0	10.0	1.0	
1507562751859	1244354527758	253.0	-38.0	10.0	1.0	
1507562751880	1244374669360	253.0	-38.0	10.0	1.0	
1507562751893	1244394810961	253.0	-38.0	10.0	1.0	
1507562751929	1244414952563	254.0	-38.0	10.0	1.0	
1507562751945	1244435094164	254.0	-38.0	10.0	1.0	
1507562751966	1244455235766	254.0	-38.0	10.0	1.0	
1507562751982	1244475377367	254.0	-38.0	10.0	1.0	
1507562751998	1244495518969	254.0	-38.0	10.0	1.0	
1507562752017	1244515660571	254.0	-38.0	10.0	1.0	
1507562752038	1244535802172	254.0	-38.0	10.0	1.0	
1507562752060	1244555943774	254.0	-38.0	10.0	1.0	
1507562752088	1244576085375	254.0	-38.0	10.0	1.0	
1507562752109	1244596226977	254.0	-38.0	10.0	1.0	
1507562752129	1244616368578	254.0	-38.0	10.0	1.0	
1507562752148	1244636510180	254.0	-38.0	10.0	1.0	
1507562752159	1244656651781	254.0	-38.0	10.0	1.0	
1507562752179	1244676793383	254.0	-38.0	10.0	1.0	
1507562752198	1244696934985	254.0	-38.0	10.0	1.0	
1507562752215	1244717076586	254.0	-38.0	10.0	1.0	
1507562752262	1244737218188	254.0	-38.0	10.0	1.0	
1507562752270	1244757359789	254.0	-38.0	10.0	1.0	
1507562752286	1244777501391	254.0	-38.0	10.0	1.0	
1507562752303	1244797642992	254.0	-38.0	10.0	1.0	
1507562752321	1244817784594	254.0	-38.0	10.0	1.0	
1507562752339	1244837926196	254.0	-38.0	10.0	1.0	
1507562752357	1244858067797	254.0	-38.0	10.0	1.0	
1507562752375	1244878209399	254.0	-38.0	10.0	1.0	
1507562752410	1244898351000	254.0	-38.0	10.0	1.0	
1507562752432	1244918492602	254.0	-38.0	10.0	1.0	
1507562752450	1244938634203	254.0	-38.0	10.0	1.0	
1507562752465	1244958775805	254.0	-38.0	10.0	1.0	
1507562752486	1244978917406	254.0	-38.0	10.0	1.0	
1507562752503	1244999059008	254.0	-38.0	10.0	1.0	
1507562752520	1245019200610	254.0	-38.0	10.0	1.0	
1507562752555	1245039342211	254.0	-38.0	10.0	1.0	
1507562752570	1245059483813	254.0	-38.0	10.0	1.0	
1507562752592	1245079625414	254.0	-38.0	10.0	1.0	
1507562752608	1245099767016	254.0	-38.0	10.0	1.0	
1507562752625	1245119908617	254.0	-38.0	10.0	1.0	
1507562752649	1245140050219	254.0	-38.0	10.0	1.0	
1507562752662	1245160191821	254.0	-38.0	10.0	1.0	
1507562752680	1245180333422	254.0	-38.0	10.0	1.0	
1507562752724	1245200475024	254.0	-38.0	10.0	1.0	
1507562752735	1245220616625	254.0	-38.0	10.0	1.0	
1507562752758	1245240758227	254.0	-38.0	10.0	1.0	
1507562752771	1245260899828	254.0	-38.0	10.0	1.0	
1507562752793	1245281041430	254.0	-38.0	10.0	1.0	
1507562752811	1245301183031	254.0	-38.0	10.0	1.0	
1507562752842	1245321324633	254.0	-38.0	9.204788208007813	1.0	
1507562752848	1245341466235	254.0	-38.0	9.0	1.0	
1507562752874	1245361607836	254.0	-38.0	9.051193237304688	1.0	
1507562752893	1245381749438	254.0	-38.0	10.0	1.0	
1507562752918	1245401891039	254.0	-38.0	10.0	1.0	
1507562752930	1245422032641	254.0	-38.0	10.0	1.0	
1507562752954	1245442174242	254.0	-38.0	10.0	1.0	
1507562752967	1245462315844	254.0	-38.0	10.0	1.0	
1507562752982	1245482457446	254.0	-38.0	10.0	1.0	
1507562753001	1245502599047	254.0	-38.0	10.0	1.0	
1507562753037	1245522740649	254.0	-38.0	10.0	1.0	
1507562753055	1245542882250	254.0	-38.0	10.0	1.0	
1507562753072	1245563042241	254.0	-38.0	10.0	1.0	
1507562753096	1245583183842	254.0	-38.0	10.0	1.0	
1507562753107	1245603325444	254.0	-38.0	10.0	1.0	
1507562753127	1245623467045	254.0	-38.0	10.0	1.0	
1507562753142	1245643608647	254.0	-38.0	10.0	1.0	
1507562753164	1245663750249	254.0	-38.0	10.0	1.0	
1507562753195	1245683891850	254.0	-38.0	10.0	1.0	
1507562753214	1245704033452	254.0	-38.0	10.0	1.0	
1507562753234	1245724175053	254.0	-38.0	10.0	1.0	
1507562753255	1245744316655	254.0	-38.0	10.0	1.0	
1507562753267	1245764458256	254.0	-38.0	10.0	1.0	
1507562753292	1245784599858	254.0	-38.0	9.271804809570313	1.0	
1507562753307	1245804741460	254.0	-38.0	9.854934692382813	1.0	
1507562753326	1245824883061	254.0	-38.0	10.0	1.0	
1507562753355	1245845024663	254.0	-38.0	10.0	1.0	
1507562753375	1245865166264	254.0	-38.0	10.0	1.0	
1507562753393	1245885307866	254.0	-38.0	10.0	1.0	
1507562753414	1245905449467	254.0	-38.0	10.0	1.0	
1507562753429	1245925591069	254.0	-38.0	10.0	1.0	
1507562753447	1245945732670	254.0	-38.0	10.0	1.0	
1507562753464	1245965874272	254.0	-38.0	10.0	1.0	
1507562753502	1245986015874	254.0	-38.0	10.0	1.0	
1507562753516	1246006157475	254.0	-38.0	10.0	1.0	
1507562753536	1246026299077	254.0	-38.0	10.0	1.0	
1507562753556	1246046440678	254.0	-38.0	10.0	1.0	
1507562753574	1246066582280	254.0	-38.0	10.0	1.0	
1507562753590	1246086723881	254.0	-38.0	10.0	1.0	
1507562753608	1246106865483	254.0	-38.0	10.0	1.0	
1507562753626	1246127007085	254.0	-38.0	10.0	1.0	
1507562753660	1246147148686	254.0	-38.0	10.0	1.0	
1507562753685	1246167290288	254.0	-38.0	10.0	1.0	
1507562753698	1246187431889	254.0	-38.0	10.0	1.0	
1507562753718	1246207573491	254.40512084960938	-38.0	10.0	1.0	
1507562753733	1246227715092	255.0	-38.0	10.0	1.0	
1507562753752	1246247856694	255.0	-38.0	10.0	1.0	
1507562753770	1246267998295	255.0	-38.0	10.0	1.0	
1507562753787	1246288139897	255.0	-38.0	10.0	1.0	
1507562753822	1246308281499	255.0	-38.0	10.0	1.0	
1507562753841	1246328423100	255.0	-38.0	10.0	1.0	
1507562753859	1246348564702	255.0	-38.0	10.0	1.0	
1507562753879	1246368706303	255.0	-38.0	10.0	1.0	
1507562753898	1246388847905	255.0	-38.0	10.0	1.0	
1507562753911	1246408989506	255.0	-38.0	10.0	1.0	
1507562753944	1246429131108	255.0	-38.0	10.0	1.0	
1507562753955	1246449272710	255.0	-38.0	10.0	1.0	
1507562753982	1246469414311	255.0	-38.0	10.0	1.0	
1507562754001	1246489555913	255.0	-38.0	10.0	1.0	
1507562754024	1246509697514	255.0	-38.0	10.0	1.0	
1507562754038	1246529839116	255.0	-38.0	10.0	1.0	
1507562754056	1246549980717	255.0	-38.0	10.0	1.0	
1507562754071	1246570122319	255.0	-38.0	10.0	1.0	
1507562754091	1246590263920	254.1726531982422	-38.0	9.172653198242188	1.0	
1507562754108	1246610405522	254.0	-38.95555114746094	9.0	1.0	
1507562754142	1246630547124	252.91795349121094	-39.08204650878906	8.0	1.0	
1507562754166	1246650688725	251.7897491455078	-40.21025085449219	7.7897491455078125	1.0	
1507562754186	1246670830327	250.66212463378906	-41.33787536621094	6.6621246337890625	1.0	
1507562754197	1246690971928	249.07009887695313	-42.0	5.5350494384765625	1.0	
1507562754218	1246711113530	246.81570434570313	-42.59214782714844	4.4078521728515625	1.0	
1507562754233	1246731255131	244.56069946289063	-43.0	3.2803497314453125	1.0	
1507562754253	1246751396733	241.45643615722656	-43.0	2.1521453857421875	1.0	
1507562754268	1246771538335	239.05120849609375	-43.0	1.025604248046875	1.0	
1507562754305	1246791679936	237.89744567871094	-44.10255432128906	0.0	1.0	
1507562754329	1246811821538	237.0	-45.0	0.0	1.0	
1507562754344	1246831963139	237.3572540283203	-45.35725402832031	0.0	1.0	
1507562754357	1246852104741	238.0	-46.48463439941406	0.0	1.0	
1507562754375	1246872246342	238.0	-47.0	0.0	1.0	
1507562754394	1246892387944	238.7401580810547	-46.25984191894531	0.0	1.0	
1507562754412	1246912529545	239.86688232421875	-46.0	0.0	1.0	
1507562754429	1246932671147	240.0	-46.0	0.9948577880859375	1.0	
1507562754467	1246952812749	241.12286376953125	-47.0	1.12286376953125	1.0	
1507562754485	1246972954350	242.2495574951172	-46.75044250488281	2.0	1.0	
1507562754503	1246993095952	243.3771209716797	-45.62287902832031	2.0	1.0	
1507562754520	1247013237553	244.5042724609375	-44.4957275390625	2.5042724609375	1.0	
1507562754539	1247033379155	245.63247680664063	-42.73504638671875	3.632476806640625	1.0	
1507562754554	1247053520756	246.75938415527344	-40.481231689453125	4.0	1.0	
1507562754577	1247073662358	247.88717651367188	-38.22564697265625	4.887176513671875	1.0	
1507562754623	1247093803960	249.01535034179688	-35.953948974609375	6.0	1.0	
1507562754651	1247113945561	250.0	-32.71624755859375	6.141876220703125	1.0	
1507562754656	1247134087163	250.26962280273438	-30.730377197265625	7.0	1.0	
1507562754665	1247154228764	251.0	-29.20684814453125	7.0	1.0	
1507562754684	1247174370366	251.0	-27.4752197265625	7.0	1.0	
1507562754701	1247194511967	251.0	-27.0	7.0	1.0	
1507562754717	1247214653569	251.77947998046875	-27.0	7.77947998046875	1.0	
1507562754734	1247234795170	252.0	-27.0	8.0	1.0	
1507562754771	1247254936772	252.0	-27.0	8.0	1.0	
1507562754795	1247275078374	252.0	-27.162109375	8.0	1.0	
1507562754804	1247295219975	252.0	-28.28887939453125	8.0	1.0	
1507562754822	1247315361577	252.0	-29.0	8.0	1.0	
1507562754841	1247335503178	252.0	-29.544357299804688	8.0	1.0	
1507562754859	1247355644780	252.0	-30.671783447265625	8.0	1.0	
1507562754876	1247375786381	252.0	-31.0	8.0	1.0	
1507562754896	1247395927983	252.0	-31.926620483398438	8.0	1.0	
1507562754931	1247416069585	252.0	-32.0546875	8.0	1.0	
1507562754955	1247436211186	252.0	-33.0	8.0	1.0	
1507562754965	1247456352788	252.0	-33.30938720703125	8.0	1.0	
1507562754982	1247476494389	252.0	-34.0	8.0	1.0	
1507562755004	1247496635991	252.0	-34.0	8.0	1.0	
1507562755023	1247516777592	252.0	-34.69230651855469	8.0	1.0	
1507562755038	1247536919194	252.0	-35.0	8.0	1.0	
1507562755058	1247557060795	252.0	-35.0	8.0	1.0	
1507562755089	1247577202397	252.0	-35.0	9.0	1.0	
1507562755115	1247597343999	252.0	-35.0	9.0	1.0	
1507562755126	1247617485600	252.0	-35.0	8.670654296875	1.0	
1507562755143	1247637627202	252.0	-35.0	8.0	1.0	
1507562755160	1247657768803	252.0	-35.0	8.0	1.0	
1507562755188	1247677910405	252.0	-35.0	8.711593627929688	1.0	
1507562755202	1247698052006	252.0	-35.0	9.0	1.0	
1507562755221	1247718193608	252.0	-35.0	9.0	1.0	
1507562755251	1247738335210	253.0	-35.0	9.0	1.0	
1507562755287	1247758476811	253.0	-35.0	9.0	1.0	
1507562755295	1247778618413	253.0	-35.0	9.0	1.0	
1507562755310	1247798760014	253.0	-35.0	9.0	1.0	
1507562755320	1247818901616	253.0	-35.0	9.0	1.0	
1507562755339	1247839043217	253.0	-35.0	9.0	1.0	
1507562755357	1247859184819	253.0	-35.0	9.0	1.0	
1507562755377	1247879326420	253.0	-35.0	9.0	1.0	
1507562755410	1247899468022	253.0	-35.0	9.0	1.0	
1507562755428	1247919609624	253.0	-35.0	9.0	1.0	
1507562755450	1247939751225	253.0	-35.36921691894531	9.0	1.0	
1507562755465	1247959892827	253.0	-36.0	9.0	1.0	
1507562755480	1247980034428	253.0	-36.62391662597656	9.0	1.0	
1507562755499	1248000176030	253.0	-37.0	9.0	1.0	
1507562755518	1248020317631	253.0	-37.87882995605469	9.0	1.0	
1507562755552	1248040459233	253.0	-38.0	9.0	1.0	
1507562755571	1248060600835	253.0	-38.133331298828125	9.0	1.0	
1507562755589	1248080742436	253.0	-39.0	9.0	1.0	
1507562755608	1248100884038	253.0	-39.0	9.0	1.0	
1507562755625	1248121025639	253.0	-39.0	9.0	1.0	
1507562755646	1248141167241	253.0	-38.355560302734375	9.0	1.0	
1507562755660	1248161308842	253.0	-38.0	9.0	1.0	
1507562755679	1248181450444	253.0	-38.0	9.0	1.0	
1507562755717	1248201592045	253.0	-38.0	9.0	1.0	
1507562755735	1248221733647	253.0	-38.0	9.0	1.0	
1507562755752	1248241875249	253.0	-37.71844482421875	9.0	1.0	
1507562755770	1248262016850	253.0	-37.0	9.0	1.0	
1507562755789	1248282158452	253.0	-37.0	9.0	1.0	
1507562755807	1248302300053	253.0	-37.0	9.0	1.0	
1507562755823	1248322441655	253.0	-37.79144287109375	9.0	1.0	
1507562755840	1248342583256	253.0	-38.0	9.0	1.0	
1507562755874	1248362724858	253.0	-38.0	9.0	1.0	
1507562755894	1248382866460	253.0	-38.0	9.0	1.0	
1507562755911	1248403008061	253.0	-38.0	9.0	1.0	
1507562755929	1248423149663	253.0	-38.0	9.0	1.0	
1507562755948	1248443291264	253.0	-38.0	9.0	1.0	
1507562755970	1248463432866	253.68374633789063	-38.0	9.0	1.0	
1507562755984	1248483574467	254.0	-38.0	9.0	1.0	
1507562756001	1248503716069	253.0614471435547	-38.0	9.0	1.0	
1507562756039	1248523857670	253.0	-38.0	9.0	1.0	
1507562756073	1248543999272	253.0	-38.0	9.0	1.0	
1507562756098	1248564140874	253.3213653564453	-38.0	9.0	1.0	
1507562756105	1248584282475	254.0	-38.0	9.0	1.0	
1507562756112	1248604424077	254.0	-38.0	9.0	1.0	
1507562756128	1248624565678	254.0	-38.0	9.0	1.0	
1507562756144	1248644707280	254.0	-38.0	9.0	1.0	
1507562756161	1248664848881	254.0	-38.0	9.0	1.0	
1507562756197	1248684990483	254.0	-38.0	9.0	1.0	
1507562756220	1248705132085	254.0	-38.0	9.0	1.0	
1507562756232	1248725273686	254.0	-38.0	9.0	1.0	
1507562756251	1248745415288	254.0	-38.0	9.0	1.0	
1507562756269	1248765556889	254.0	-38.0	9.0	1.0	
1507562756288	1248785698491	254.0	-38.0	9.0	1.0	
1507562756308	1248805840092	254.0	-38.0	9.0	1.0	
1507562756324	1248825981694	254.0	-38.0	9.0	1.0	
1507562756358	1248846123295	254.0	-38.0	9.0	1.0	
1507562756376	1248866264897	254.0	-38.0	9.0	1.0	
1507562756394	1248886406499	254.0	-38.0	9.0	1.0	
1507562756412	1248906548100	254.0	-38.0	9.0	1.0	
1507562756429	1248926689702	254.0	-38.0	9.0	1.0	
1507562756448	1248946831303	254.0	-38.0	9.0	1.0	
1507562756472	1248966972905	254.0	-38.0	9.0	1.0	
1507562756486	1248987114506	254.0	-38.0	9.0	1.0	
1507562756521	1249007256108	254.0	-38.0	9.0	1.0	
1507562756539	1249027397710	254.0	-38.0	9.0	1.0	
1507562756556	1249047539311	254.0	-38.0	9.0	1.0	
1507562756573	1249067680913	254.0	-38.0	9.0	1.0	
1507562756592	1249087822514	254.0	-38.0	9.0	1.0	
1507562756610	1249107964116	254.0	-38.0	9.0	1.0	
1507562756626	1249128105717	254.0	-38.0	9.0	1.0	
1507562756663	1249148247319	254.0	-38.0	9.0	1.0	
1507562756679	1249168388920	254.0	-38.0	9.0	1.0	
1507562756696	1249188530522	254.0	-38.0	9.0	1.0	
1507562756719	1249208672124	254.0	-38.0	9.0	1.0	
1507562756733	1249228813725	254.0	-38.0	9.0	1.0	
1507562756751	1249248955327	254.0	-38.0	9.0	1.0	
1507562756771	1249269096928	254.0	-38.0	9.0	1.0	
1507562756786	1249289238530	254.0	-38.0	9.0	1.0	
1507562756825	1249309380131	254.0	-38.0	9.0	1.0	
1507562756841	1249329521733	254.0	-38.0	9.0	1.0	
1507562756859	1249349663335	254.0	-38.0	9.0	1.0	
1507562756877	1249369804936	254.42050170898438	-38.0	9.0	1.0	
1507562756908	1249389946538	255.0	-38.0	9.0	1.0	
1507562756963	1249410088139	255.67576599121094	-38.0	9.0	1.0	
1507562756995	1249430229741	256.80340576171875	-37.19659423828125	9.0	1.0	
1507562757002	1249450371342	257.9300231933594	-37.0	9.0	1.0	
1507562757012	1249470512944	259.1162109375	-36.0	9.0	1.0	
1507562757018	1249490654545	261.1860046386719	-35.813995361328125	9.0	1.0	
1507562757023	1249510796147	262.31280517578125	-35.0	9.0	1.0	
1507562757036	1249530937749	263.0	-35.0	9.0	1.0	
1507562757054	1249551079350	263.5682373046875	-35.0	9.568252563476563	1.0	
1507562757072	1249571220952	264.0	-35.0	10.0	1.0	
1507562757090	1249591362553	264.0	-35.82252502441406	10.0	1.0	
1507562757108	1249611504155	263.049560546875	-36.0	10.0	1.0	
1507562757143	1249631645756	263.0	-37.0	9.9215087890625	1.0	
1507562757161	1249651787358	262.79486083984375	-37.20512390136719	9.0	1.0	
1507562757178	1249671928960	262.0	-38.0	9.0	1.0	
1507562757198	1249692070561	261.53924560546875	-38.0	9.0	1.0	
1507562757219	1249712212163	261.0	-38.0	9.0	1.0	
1507562757232	1249732353764	261.0	-38.71501159667969	9.0	1.0	
1507562757251	1249752495366	260.15728759765625	-39.0	9.0	1.0	
1507562757268	1249772636967	259.029052734375	-38.02906799316406	9.0	1.0	
1507562757305	1249792778569	258.902587890625	-38.0	9.0	1.0	
1507562757323	1249812920170	257.77435302734375	-37.77436828613281	8.774368286132813	1.0	
1507562757339	1249833061772	256.6467590332031	-37.0	8.0	1.0	
1507562757359	1249853203374	255.51966857910156	-37.0	8.0	1.0	
1507562757375	1249873344975	254.3925018310547	-37.60749816894531	8.0	1.0	
1507562757393	1249893486577	254.0	-38.73503112792969	8.0	1.0	
1507562757417	1249913628178	253.1367645263672	-39.86323547363281	7.1367645263671875	1.0	
1507562757430	1249933769780	253.0	-40.0	7.0	1.0	
1507562757469	1249953911381	252.0	-41.0	7.0	1.0	
1507562757483	1249974052983	251.7542724609375	-41.0	7.0	1.0	
1507562757501	1249994194585	251.0	-41.0	7.0	1.0	
1507562757519	1250014336186	251.0	-40.4991455078125	7.5008544921875	1.0	
1507562757536	1250034477788	251.0	-39.37202453613281	8.0	1.0	
1507562757555	1250054619389	251.0	-38.24444580078125	8.0	1.0	
1507562757574	1250074760991	251.0	-38.0	8.0	1.0	
1507562757609	1250094902592	252.0	-37.0	8.0	1.0	
1507562757627	1250115044194	252.13821411132813	-37.0	8.0	1.0	
1507562757644	1250135185795	253.26495361328125	-37.0	8.0	1.0	
1507562757663	1250155327397	254.78631591796875	-37.0	8.393157958984375	1.0	
1507562757679	1250175468999	256.5204772949219	-36.479522705078125	9.0	1.0	
1507562757700	1250195610600	257.6478576660156	-36.0	9.0	1.0	
1507562757719	1250215752202	258.77471923828125	-36.0	9.774734497070313	1.0	
1507562757736	1250235893803	259.9025573730469	-35.097442626953125	10.0	1.0	
1507562757768	1250256035405	261.03070068359375	-35.0	10.0	1.0	
1507562757788	1250276177006	262.0	-34.842742919921875	10.0	1.0	
1507562757806	1250296318608	262.28546142578125	-34.0	10.0	1.0	
1507562757823	1250316460210	263.0	-34.0	10.0	1.0	
1507562757840	1250336601811	263.0	-33.4598388671875	10.0	1.0	
1507562757858	1250356743413	263.0	-33.0	10.0	1.0	
1507562757876	1250376885014	263.0	-33.0	10.0	1.0	
1507562757896	1250397026616	262.0769348144531	-33.923065185546875	10.0	1.0	
1507562757930	1250417168217	262.0	-34.0	10.0	1.0	
1507562757953	1250437309819	262.0	-34.177764892578125	10.0	1.0	
1507562757970	1250457451420	261.6945495605469	-35.0	10.0	1.0	
1507562757985	1250477593022	261.0	-35.0	10.0	1.0	
1507562758001	1250497734624	261.0	-35.559722900390625	9.440277099609375	1.0	
1507562758020	1250517876225	260.3128356933594	-36.0	9.0	1.0	
1507562758037	1250538017827	260.0	-36.0	9.0	1.0	
1507562758055	1250558159428	259.05804443359375	-36.94197082519531	9.0	1.0	
1507562758090	1250578301030	258.929931640625	-37.0	8.929916381835938	1.0	
1507562758108	1250598442631	257.80206298828125	-36.80206298828125	8.0	1.0	
1507562758125	1250618584233	257.0	-36.0	8.0	1.0	
1507562758143	1250638725835	256.54779052734375	-36.0	8.0	1.0	
1507562758160	1250658867436	256.0	-36.57948303222656	8.0	1.0	
1507562758180	1250679009038	255.2923126220703	-37.0	8.0	1.0	
1507562758198	1250699150639	255.0	-37.83445739746094	8.0	1.0	
1507562758224	1250719292241	255.0	-38.0	8.0	1.0	
1507562758256	1250739433842	255.0	-39.0	8.0	1.0	
1507562758269	1250759575444	255.0	-38.78291320800781	8.0	1.0	
1507562758289	1250779717045	254.65530395507813	-38.0	8.0	1.0	
1507562758306	1250799858647	254.0	-38.0	8.0	1.0	
1507562758323	1250820000249	254.59999084472656	-37.40000915527344	8.0	1.0	
1507562758340	1250840141850	255.0	-37.0	8.0	1.0	
1507562758359	1250860283452	255.0	-37.0	8.0	1.0	
1507562758377	1250880425053	255.0	-37.0	8.0	1.0	
1507562758412	1250900566655	256.0	-37.0	8.0	1.0	
1507562758430	1250920708256	256.23760986328125	-37.0	8.0	1.0	
1507562758449	1250940849858	257.0	-37.0	8.0	1.0	
1507562758466	1250960991460	257.4923095703125	-36.50770568847656	8.492294311523438	1.0	
1507562758485	1250981133061	258.0	-36.0	9.0	1.0	
1507562758502	1251001274663	258.0	-36.0	9.0	1.0	
1507562758520	1251021416264	258.0	-35.124786376953125	9.0	1.0	
1507562758556	1251041557866	259.0	-35.0	9.0	1.0	
1507562758573	1251061699467	259.0	-34.870086669921875	9.0	1.0	
1507562758590	1251081841069	259.0	-34.0	9.0	1.0	
1507562758609	1251101982670	259.0	-34.384613037109375	9.0	1.0	
