1504808482260	8130236555720	14.0	-25.0	0.0	-1.0	
1504808482277	8130256697321	14.0	-25.0	0.0	-1.0	
1504808482313	8130276838923	14.0	-25.0	0.0	-1.0	
1504808482329	8130296980524	14.0	-25.0	0.0	-1.0	
1504808482349	8130317122126	14.0	-25.0	0.0	-1.0	
1504808482366	8130337263727	14.0	-25.0	0.0	-1.0	
1504808482383	8130357405329	14.0	-25.0	0.0	-1.0	
1504808482400	8130377546931	14.0	-25.0	0.0	-1.0	
1504808482422	8130397688532	14.0	-25.0	0.0	-1.0	
1504808482453	8130417830134	14.0	-25.0	0.0	-1.0	
1504808482470	8130437971735	14.0	-25.0	0.0	-1.0	
1504808482488	8130458113337	14.0	-25.0	0.0	-1.0	
1504808482507	8130478254938	14.0	-25.0	0.0	-1.0	
1504808482527	8130498396540	14.0	-25.0	0.0	-1.0	
1504808482541	8130518538142	14.0	-25.0	0.0	-1.0	
1504808482559	8130538679743	14.0	-25.0	0.0	-1.0	
1504808482594	8130558821345	14.0	-25.0	0.0	-1.0	
1504808482611	8130578962946	14.0	-25.0	0.0	-1.0	
1504808482629	8130599104548	14.0	-24.641876220703125	0.0	-1.0	
1504808482647	8130619246149	14.0	-24.0	0.0	-1.0	
1504808482665	8130639387751	14.0	-24.0	0.0	-1.0	
1504808482685	8130659529352	14.0	-24.0	0.0	-1.0	
1504808482700	8130679670954	14.0	-24.0	0.0	-1.0	
1504808482736	8130699812556	14.0	-23.0	0.0	-1.0	
1504808482752	8130719954157	14.0	-23.0	0.0	-1.0	
1504808482773	8130740095759	14.0	-23.0	0.0	-1.0	
1504808482788	8130760237360	14.0	-23.0	-0.4965362548828125	-1.0	
1504808482808	8130780378962	14.0	-23.0	-1.0	-1.0	
1504808482823	8130800520563	14.0	-23.0	-1.0	-1.0	
1504808482845	8130820662165	14.0	-23.0	-1.0	-1.0	
1504808482877	8130840803767	14.0	-23.0	-1.0	-1.0	
1504808482895	8130860945368	14.0	-23.0	-1.0	-1.0	
1504808482911	8130881086970	14.0	-23.0	-1.0	-1.0	
1504808482930	8130901228571	14.0	-23.0	-1.0	-1.0	
1504808482950	8130921370173	14.0	-23.0	-1.0	-1.0	
1504808482965	8130941511774	14.0	-23.0	-1.0	-1.0	
1504808482982	8130961653376	14.0	-23.0	-1.0	-1.0	
1504808483017	8130981794977	14.0	-23.0	-1.0	-1.0	
1504808483034	8131001936579	14.0	-23.0	-1.0	-1.0	
1504808483053	8131022078181	14.0	-23.0	-1.0	-1.0	
1504808483070	8131042219782	14.0	-23.0	-1.0	-1.0	
1504808483090	8131062361384	14.0	-22.371978759765625	-1.0	-1.0	
1504808483107	8131082502985	14.0	-22.769882202148438	-1.0	-1.0	
1504808483123	8131102644587	14.0	-23.0	-1.0	-1.0	
1504808483160	8131122786188	14.0	-22.0	-1.0	-1.0	
1504808483177	8131142927790	14.0	-22.0	-1.0	-1.0	
1504808483193	8131163069392	14.0	-22.0	-1.0	-1.0	
1504808483215	8131183210993	14.0	-22.48095703125	-1.0	-1.0	
1504808483228	8131203352595	14.0	-23.0	-1.0	-1.0	
1504808483247	8131223494196	14.0	-23.0	-1.0	-1.0	
1504808483265	8131243635798	14.0	-23.0	-1.0	-1.0	
1504808483299	8131263777399	14.0	-23.0	-1.0	-1.0	
1504808483317	8131283919001	14.0	-23.0	-1.0	-1.0	
1504808483334	8131304060602	14.0	-23.0	-1.0	-1.0	
1504808483366	8131324202204	14.0	-23.0	-1.0	-1.0	
1504808483372	8131344343806	14.0	-23.0	-1.0	-1.0	
1504808483387	8131364485407	14.0	-23.0	-1.0	-1.0	
1504808483406	8131384627009	14.0	-23.0	-1.0	-1.0	
1504808483440	8131404768610	14.0	-23.0	-1.0	-1.0	
1504808483460	8131424910212	14.0	-23.0	-1.0	-1.0	
1504808483481	8131445051813	14.0	-23.0	-1.0	-1.0	
1504808483495	8131465193415	14.0	-23.0	-1.0	-1.0	
1504808483515	8131485335017	14.0	-23.0	-1.0	-1.0	
1504808483532	8131505476618	14.0	-23.0	-1.0	-1.0	
1504808483547	8131525618220	14.0	-23.0	-1.0	-1.0	
1504808483581	8131545759821	14.0	-23.0	-1.0	-1.0	
1504808483601	8131565901423	14.0	-23.0	-1.0	-1.0	
1504808483618	8131586043024	14.0	-23.0	-1.0	-1.0	
1504808483638	8131606184626	14.0	-23.0	-1.0	-1.0	
1504808483654	8131626326227	14.0	-23.0	-1.0	-1.0	
1504808483679	8131646467829	14.0	-23.0	-1.0	-1.0	
1504808483687	8131666609431	14.0	-23.0	-1.0	-1.0	
1504808483725	8131686751032	14.0	-22.965347290039063	-0.9653472900390625	-1.0	
1504808483747	8131706876513	14.0	-22.0	0.0	-1.0	
1504808483758	8131727018114	14.0	-22.0	0.0	-1.0	
1504808483775	8131747159716	14.0	-22.0	0.0	-1.0	
1504808483794	8131767301317	14.0	-22.0	0.0	-1.0	
1504808483816	8131787442919	14.0	-22.0	0.0	-1.0	
1504808483834	8131807584521	14.0	-22.0	0.0	-1.0	
1504808483863	8131827726122	14.0	-22.0	0.0	-1.0	
1504808483882	8131847867724	14.0	-22.0	0.0	-1.0	
1504808483899	8131868009325	14.0	-22.0	0.0	-1.0	
1504808483927	8131888150927	14.0	-22.0	0.0	-1.0	
1504808483940	8131908292528	14.0	-22.0	0.0	-1.0	
1504808483953	8131928434130	14.0	-22.0	0.0	-1.0	
1504808483969	8131948575731	14.0	-22.0	0.0	-1.0	
1504808484006	8131968717333	14.0	-22.0	0.0	-1.0	
1504808484023	8131988858935	14.0	-22.0	0.0	-1.0	
1504808484040	8132009000536	14.0	-22.0	0.0	-1.0	
1504808484057	8132029142138	14.0	-22.0	0.0	-1.0	
1504808484076	8132049283739	14.0	-22.0	0.0	-1.0	
1504808484092	8132069425341	14.0	-22.0	0.0	-1.0	
1504808484110	8132089566942	14.0	-22.0	0.0	-1.0	
1504808484144	8132109708544	14.0	-22.0	0.0	-1.0	
1504808484163	8132129850146	14.0	-22.0	0.0	-1.0	
1504808484180	8132149991747	14.0	-22.0	0.0	-1.0	
1504808484201	8132170133349	14.0	-22.0	0.0	-1.0	
1504808484217	8132190274950	14.0	-22.0	0.0	-1.0	
1504808484233	8132210416552	14.0	-22.0	0.0	-1.0	
1504808484251	8132230558153	14.0	-22.0	0.0	-1.0	
1504808484288	8132250699755	14.0	-22.0	0.0	-1.0	
1504808484304	8132270841356	14.0	-22.0	0.0	-1.0	
1504808484324	8132290982958	14.0	-22.0	0.0	-1.0	
1504808484340	8132311124560	14.0	-22.0	0.0	-1.0	
1504808484359	8132331266161	14.0	-22.0	0.0	-1.0	
1504808484376	8132351407763	14.0	-22.0	0.0	-1.0	
1504808484393	8132371549364	14.0	-22.0	0.0	-1.0	
1504808484429	8132391690966	14.0	-22.0	0.0	-1.0	
1504808484445	8132411832567	14.0	-22.0	0.0	-1.0	
1504808484464	8132431974169	14.0	-22.0	0.0	-1.0	
1504808484480	8132452115771	14.0	-22.0	0.0	-1.0	
1504808484499	8132472257372	14.0	-22.0	0.0	-1.0	
1504808484517	8132492398974	14.0	-22.0	0.0	-1.0	
1504808484547	8132512540575	14.0	-22.0	0.0	-1.0	
1504808484570	8132532682177	14.0	-22.0	0.0	-1.0	
1504808484586	8132552823778	14.0	-22.0	0.0	-1.0	
1504808484604	8132572965380	14.0	-22.0	0.0	-1.0	
1504808484621	8132593106981	14.0	-22.0	0.0	-1.0	
1504808484639	8132613248583	14.0	-22.0	0.0	-1.0	
1504808484659	8132633390185	14.0	-22.0	0.0	-1.0	
1504808484677	8132653531786	14.0	-22.0	0.0	-1.0	
1504808484709	8132673673388	14.0	-22.0	0.0	-1.0	
1504808484728	8132693814989	14.0	-22.0	0.0	-1.0	
1504808484748	8132713956591	14.0	-22.0	0.0	-1.0	
1504808484762	8132734098192	14.0	-22.0	0.0	-1.0	
1504808484780	8132754239794	14.0	-22.0	0.0	-1.0	
1504808484805	8132774381396	14.0	-22.0	0.0	-1.0	
1504808484815	8132794522997	14.0	-22.0	0.0	-1.0	
1504808484832	8132814664599	14.0	-22.0	0.0	-1.0	
1504808484868	8132834806200	14.0	-22.0	0.0	-1.0	
1504808484885	8132854947802	14.0	-22.0	0.0	-1.0	
1504808484903	8132875089403	14.0	-22.0	0.0	-1.0	
1504808484923	8132895231005	14.0	-22.0	0.0	-1.0	
1504808484938	8132915372606	14.0	-22.0	0.0	-1.0	
1504808484958	8132935514208	14.0	-22.0	0.0	-1.0	
1504808484973	8132955655810	14.0	-22.0	0.0	-1.0	
1504808485012	8132975797411	14.0	-22.0	0.0	-1.0	
1504808485027	8132995939013	14.0	-22.0	0.0	-1.0	
1504808485049	8133016080614	14.0	-22.0	0.0	-1.0	
1504808485068	8133036222216	14.0	-22.0	0.0	-1.0	
1504808485082	8133056363817	14.0	-22.0	0.0	-1.0	
1504808485099	8133076505419	14.0	-22.0	0.0	-1.0	
1504808485116	8133096647021	14.0	-22.0	0.0	-1.0	
1504808485150	8133116788622	14.0	-22.0	0.0	-1.0	
1504808485168	8133136930224	14.0	-22.0	0.0	-1.0	
1504808485195	8133157071825	14.0	-22.0	0.0	-1.0	
1504808485202	8133177213427	14.0	-22.0	0.0	-1.0	
1504808485221	8133197355028	14.0	-22.0	0.0	-1.0	
1504808485243	8133217496630	14.0	-22.0	0.0	-1.0	
1504808485255	8133237638231	14.0	-22.0	0.0	-1.0	
1504808485291	8133257779833	14.0	-22.0	0.0	-1.0	
1504808485309	8133277921435	14.0	-22.0	0.0	-1.0	
1504808485331	8133298063036	14.0	-22.0	0.0	-1.0	
1504808485345	8133318204638	14.0	-22.0	0.0	-1.0	
1504808485362	8133338346239	14.0	-22.0	0.0	-1.0	
1504808485382	8133358487841	14.0	-22.0	0.0	-1.0	
1504808485397	8133378629442	14.0	-22.0	0.0	-1.0	
1504808485434	8133398771044	14.0	-22.0	0.0	-1.0	
1504808485455	8133418912646	14.0	-22.0	0.0	-1.0	
1504808485472	8133439054247	14.0	-22.0	0.0	-1.0	
1504808485485	8133459195849	14.0	-22.545913696289063	0.0	-1.0	
1504808485506	8133479337450	14.0	-23.0	0.0	-1.0	
1504808485523	8133499479052	14.0	-23.0	0.0	-1.0	
1504808485537	8133519620653	14.0	-23.0	0.0	-1.0	
1504808485586	8133539762255	14.0	-23.0	0.0	-1.0	
1504808485594	8133559903856	14.0	-23.0	0.0	-1.0	
1504808485616	8133580045458	14.0	-23.0	0.0	-1.0	
1504808485626	8133600187060	14.0	-23.0	0.0	-1.0	
1504808485644	8133620328661	14.0	-23.0	0.0	-1.0	
1504808485665	8133640470263	14.0	-23.0	0.0	-1.0	
1504808485678	8133660611864	14.0	-22.032882690429688	0.0	-1.0	
1504808485722	8133680753466	14.0	-22.0	0.0	-1.0	
1504808485734	8133700895067	14.0	-22.0	0.0	-1.0	
1504808485750	8133721036669	14.0	-22.0	0.0	-1.0	
1504808485768	8133741178271	14.0	-22.536331176757813	0.0	-1.0	
1504808485787	8133761319872	14.0	-22.321807861328125	0.0	-1.0	
1504808485812	8133781461474	14.0	-22.0	0.0	-1.0	
1504808485824	8133801603075	14.0	-22.0	0.0	-1.0	
1504808485861	8133821744677	14.0	-22.0	0.0	-1.0	
1504808485872	8133841886278	14.0	-22.0	0.0	-1.0	
1504808485895	8133862027880	14.0	-22.0	0.0	-1.0	
1504808485914	8133882169481	14.0	-22.0	0.0	-1.0	
1504808485927	8133902311083	14.0	-22.0	0.0	-1.0	
1504808485946	8133922452685	14.0	-22.0	0.0	-1.0	
1504808485961	8133942594286	14.0	-22.0	0.0	-1.0	
1504808485997	8133962735888	14.0	-22.0	0.0	-1.0	
1504808486025	8133982877489	14.0	-22.0	0.0	-1.0	
1504808486033	8134003019091	14.0	-22.0	0.0	-1.0	
1504808486049	8134023160692	14.0	-22.0	0.0	-1.0	
1504808486068	8134043302294	14.0	-22.0	0.0	-1.0	
1504808486083	8134063443896	14.0	-22.0	0.0	-1.0	
1504808486103	8134083585497	14.0	-22.0	0.0	-1.0	
1504808486137	8134103727099	14.0	-22.0	0.0	-1.0	
1504808486162	8134123868700	14.0	-22.0	0.0	-1.0	
1504808486175	8134144010302	14.0	-22.0	0.0	-1.0	
1504808486194	8134164151903	14.0	-22.0	0.0	-1.0	
1504808486209	8134184293505	14.0	-22.0	0.0	-1.0	
1504808486228	8134204435106	14.0	-22.0	0.0	-1.0	
1504808486243	8134224576708	14.0	-22.0	0.0	-1.0	
1504808486278	8134244718310	14.0	-22.0	0.0	-1.0	
1504808486310	8134264859911	14.0	-22.0	0.0	-1.0	
1504808486321	8134285001513	14.0	-22.0	0.0	-1.0	
1504808486331	8134305143114	14.0	-22.0	0.0	-1.0	
1504808486348	8134325284716	14.0	-22.0	0.0	-1.0	
1504808486366	8134345426317	14.0	-22.0	0.0	-1.0	
1504808486389	8134365567919	14.0	-22.0	0.0	-1.0	
1504808486419	8134385709521	14.0	-22.084762573242188	0.0	-1.0	
1504808486436	8134405851122	14.0	-23.0	0.0	-1.0	
1504808486454	8134425992724	14.0	-23.0	0.0	-1.0	
1504808486471	8134446134325	14.0	-23.0	0.0	-1.0	
1504808486492	8134466275927	14.0	-23.0	0.0	-1.0	
1504808486506	8134486417528	14.0	-23.0	0.0	-1.0	
1504808486524	8134506559130	14.0	-23.0	0.0	-1.0	
1504808486566	8134526700731	14.0	-23.0	0.0	-1.0	
1504808486578	8134546842333	14.0	-23.0	0.0	-1.0	
1504808486597	8134566983935	14.0	-23.0	0.0	-1.0	
1504808486615	8134587125536	14.0	-23.0	0.0	-1.0	
1504808486631	8134607267138	14.0	-23.0	0.0	-1.0	
1504808486650	8134627408739	14.0	-23.0	0.0	-1.0	
1504808486667	8134647550341	14.0	-23.0	0.0	-1.0	
1504808486701	8134667691942	14.0	-23.0	0.0	-1.0	
1504808486718	8134687833544	14.0	-23.0	0.0	-1.0	
1504808486736	8134707975146	14.0	-23.0	0.0	-1.0	
1504808486754	8134728116747	14.0	-23.0	0.0	-1.0	
1504808486771	8134748258349	14.0	-23.0	0.0	-1.0	
1504808486789	8134768399950	14.0	-23.0	0.0	-1.0	
1504808486808	8134788541552	14.0	-23.0	0.0	-1.0	
1504808486841	8134808683153	14.0	-23.0	0.0	-1.0	
1504808486861	8134828824755	14.0	-23.0	0.0	-1.0	
1504808486877	8134848966356	14.0	-23.0	0.0	-1.0	
1504808486895	8134869107958	14.0	-23.0	0.0	-1.0	
1504808486917	8134889249560	14.0	-23.0	0.0	-1.0	
1504808486930	8134909391161	14.0	-23.0	0.0	-1.0	
1504808486950	8134929532763	14.0	-23.0	0.0	-1.0	
1504808486986	8134949674364	14.0	-23.0	0.0	-1.0	
1504808487000	8134969815966	14.0	-23.0	0.0	-1.0	
1504808487018	8134989957567	14.0	-23.0	0.0	-1.0	
1504808487035	8135010099169	14.0	-23.0	0.0	-1.0	
1504808487055	8135030240771	14.0	-23.0	0.0	-1.0	
1504808487070	8135050382372	14.0	-23.0	0.0	-1.0	
1504808487091	8135070523974	14.0	-23.0	0.0	-1.0	
1504808487124	8135090665575	14.0	-23.0	0.0	-1.0	
1504808487141	8135110807177	14.0	-23.0	0.0	-1.0	
1504808487160	8135130948778	14.0	-23.0	0.0	-1.0	
1504808487185	8135151090380	14.0	-23.0	0.0	-1.0	
1504808487194	8135171231981	14.0	-23.0	0.0	-1.0	
1504808487211	8135191373583	14.0	-23.0	0.0	-1.0	
1504808487232	8135211515185	14.0	-23.0	0.0	-1.0	
1504808487266	8135231656786	14.0	-23.0	0.0	-1.0	
1504808487284	8135251798388	14.0	-23.0	0.0	-1.0	
1504808487300	8135271939989	14.0	-23.0	0.0	-1.0	
1504808487318	8135292081591	14.0	-23.0	0.0	-1.0	
1504808487335	8135312223192	14.0	-23.0	0.0	-1.0	
1504808487354	8135332364794	14.0	-23.0	0.0	-1.0	
1504808487370	8135352506396	14.0	-23.0	0.0	-1.0	
1504808487405	8135372647997	14.0	-23.0	0.0	-1.0	
1504808487429	8135392789599	14.0	-23.0	0.0	-1.0	
1504808487446	8135412931200	14.0	-23.0	0.0	-1.0	
1504808487461	8135433072802	14.0	-23.0	0.0	-1.0	
1504808487476	8135453214403	14.0	-23.0	0.0	-1.0	
1504808487497	8135473356005	14.0	-23.0	0.0	-1.0	
1504808487520	8135493497606	14.0	-23.0	0.0	-1.0	
1504808487546	8135513639208	14.0	-23.0	0.0	-1.0	
1504808487566	8135533780810	14.0	-23.0	0.0	-1.0	
1504808487584	8135553922411	14.0	-23.0	0.0	-1.0	
1504808487601	8135574064013	14.0	-23.0	0.0	-1.0	
1504808487623	8135594205614	14.0	-23.0	0.0	-1.0	
1504808487635	8135614347216	14.0	-23.0	0.0	-1.0	
1504808487655	8135634488817	14.0	-23.0	0.0	-1.0	
1504808487688	8135654630419	14.0	-23.0	0.0	-1.0	
1504808487712	8135674772021	14.0	-23.0	0.0	-1.0	
1504808487725	8135694913622	14.0	-23.0	0.0	-1.0	
1504808487740	8135715055224	14.0	-23.0	0.0	-1.0	
1504808487760	8135735196825	14.0	-23.0	0.0	-1.0	
1504808487777	8135755338427	14.0	-23.0	0.0	-1.0	
1504808487795	8135775480028	14.0	-23.0	0.0	-1.0	
1504808487829	8135795621630	14.0	-23.0	0.0	-1.0	
1504808487846	8135815763231	14.0	-23.0	0.0	-1.0	
1504808487864	8135835904833	14.0	-23.0	0.0	-1.0	
1504808487882	8135856046435	14.0	-23.0	0.0	-1.0	
1504808487899	8135876188036	14.0	-23.0	0.0	-1.0	
1504808487920	8135896329638	14.0	-23.0	0.0	-1.0	
1504808487934	8135916471239	14.0	-23.0	0.0	-1.0	
1504808487974	8135936612841	14.0	-23.0	0.0	-1.0	
1504808487988	8135956754442	14.0	-23.0	0.0	-1.0	
1504808488006	8135976896044	14.0	-23.0	0.0	-1.0	
1504808488024	8135997037646	14.0	-23.0	0.0	-1.0	
1504808488040	8136017179247	14.0	-23.0	0.0	-1.0	
1504808488058	8136037320849	14.0	-23.0	0.0	-1.0	
1504808488076	8136057462450	14.0	-23.0	0.0	-1.0	
1504808488112	8136077604052	14.0	-23.0	0.0	-1.0	
1504808488130	8136097745653	14.0	-23.0	0.0	-1.0	
1504808488146	8136117887255	14.0	-22.688583374023438	0.0	-1.0	
1504808488166	8136138028856	14.0	-22.453277587890625	0.0	-1.0	
1504808488181	8136158170458	14.0	-23.0	0.0	-1.0	
1504808488199	8136178312060	14.0	-23.0	0.0	-1.0	
1504808488217	8136198453661	14.0	-23.0	0.0	-1.0	
1504808488255	8136218595263	14.0	-23.0	0.0	-1.0	
1504808488276	8136238736864	14.0	-23.0	0.0	-1.0	
1504808488288	8136258878466	14.0	-23.0	0.0	-1.0	
1504808488304	8136279020067	14.0	-23.0	0.0	-1.0	
1504808488326	8136299161669	14.0	-23.0	0.0	-1.0	
1504808488341	8136319303271	14.0	-23.0	0.0	-1.0	
1504808488358	8136339444872	14.0	-23.0	0.0	-1.0	
1504808488395	8136359586474	14.0	-23.0	0.0	-1.0	
1504808488411	8136379728075	14.0	-23.0	0.0	-1.0	
1504808488429	8136399869677	14.0	-23.0	0.0	-1.0	
1504808488449	8136420011278	14.0	-23.0	0.0	-1.0	
1504808488466	8136440152880	14.0	-23.0	0.0	-1.0	
1504808488481	8136460294481	14.0	-23.0	0.0	-1.0	
1504808488641	8136480436083	14.0	-23.0	0.0	-1.0	
1504808488647	8136500577685	14.0	-23.0	0.0	-1.0	
1504808488663	8136520719286	14.0	-23.0	0.0	-1.0	
1504808488666	8136540860888	14.0	-23.0	0.0	-1.0	
1504808488670	8136561002489	14.0	-23.0	0.0	-1.0	
1504808488671	8136581144091	14.0	-23.0	0.0	-1.0	
1504808488706	8136601285692	14.0	-23.0	0.0	-1.0	
1504808488769	8136621427294	14.0	-23.0	0.0	-1.0	
1504808488775	8136641568896	14.0	-23.0	0.0	-1.0	
1504808488890	8136661710497	14.0	-23.0	0.0	-1.0	
1504808489205	8136681852099	14.0	-23.0	0.0	-1.0	
1504808489210	8136701993700	14.0	-23.0	0.0	-1.0	
1504808489211	8136722135302	14.0	-23.0	0.0	-1.0	
1504808489240	8136742276903	14.0	-23.0	0.0	-1.0	
1504808489242	8136762418505	14.0	-23.0	0.0	-1.0	
1504808489335	8136782560106	14.0	-23.0	0.0	-1.0	
1504808489367	8136802701708	14.0	-23.0	0.0	-1.0	
1504808489388	8136822843310	14.0	-23.0	0.0	-1.0	
1504808489431	8136842984911	14.0	-23.0	0.0	-1.0	
1504808489434	8136863126513	14.0	-23.0	0.0	-1.0	
1504808489437	8136883268114	14.0	-23.0	0.0	-1.0	
1504808489442	8136903409716	14.0	-23.0	0.0	-1.0	
1504808489446	8136923551317	14.0	-23.0	0.0	-1.0	
1504808489452	8136943692919	14.0	-23.0	0.0	-1.0	
1504808489454	8136963834521	14.0	-23.0	0.0	-1.0	
1504808489460	8136983976122	14.0	-23.0	0.0	-1.0	
1504808489463	8137004117724	14.0	-23.0	0.0	-1.0	
1504808489465	8137024259325	14.0	-23.0	0.0	-1.0	
1504808489472	8137044400927	14.0	-23.0	0.0	-1.0	
1504808489480	8137064542528	14.0	-23.0	0.0	-1.0	
1504808489487	8137084684130	14.0	-23.0	0.0	-1.0	
1504808489492	8137104825731	14.0	-23.0	0.0	-1.0	
1504808489495	8137124967333	14.0	-23.0	0.0	-1.0	
1504808489499	8137145108935	14.0	-23.0	0.0	-1.0	
1504808489503	8137165250536	14.0	-23.0	0.0	-1.0	
1504808489507	8137185392138	14.0	-23.0	0.0	-1.0	
1504808489509	8137205533739	14.0	-23.0	0.0	-1.0	
1504808489557	8137225675341	15.0	-23.0	0.0	-1.0	
1504808489562	8137245816942	15.0	-23.0	0.0	-1.0	
1504808489570	8137265958544	15.0	-23.0	0.0	-1.0	
1504808489577	8137286100146	15.0	-23.0	0.0	-1.0	
1504808489588	8137306241747	15.0	-23.0	0.0	-1.0	
1504808489591	8137326383349	15.0	-23.0	0.0	-1.0	
1504808489593	8137346524950	15.0	-23.0	0.0	-1.0	
1504808489604	8137366666552	15.0	-23.0	0.0	-1.0	
1504808489606	8137386808153	15.0	-23.0	0.0	-1.0	
1504808489613	8137406949755	15.0	-23.0	0.0	-1.0	
1504808489631	8137427091356	15.0	-23.0	0.0	-1.0	
1504808489636	8137447232958	15.0	-23.0	0.0	-1.0	
1504808489641	8137467374560	15.0	-23.0	0.0	-1.0	
1504808489645	8137487516161	15.0	-23.0	0.0	-1.0	
1504808489649	8137507657763	15.0	-23.0	0.0	-1.0	
1504808489651	8137527799364	15.0	-23.0	0.0	-1.0	
1504808489654	8137547940966	15.0	-23.0	0.0	-1.0	
1504808489657	8137568082567	15.0	-23.0	0.0	-1.0	
1504808489658	8137588224169	15.0	-23.0	0.0	-1.0	
1504808489661	8137608365771	15.0	-23.0	0.0	-1.0	
1504808489663	8137628507372	15.0	-23.0	0.0	-1.0	
1504808489679	8137648648974	14.0	-23.0	0.0	-1.0	
1504808489704	8137668790575	14.0	-23.0	0.0	-1.0	
1504808489714	8137688932177	14.0	-23.0	0.0	-1.0	
1504808489865	8137709073778	14.0	-23.0	0.0	-1.0	
1504808489867	8137729215380	14.0	-23.0	0.0	-1.0	
1504808489869	8137749356981	14.0	-23.0	0.0	-1.0	
1504808489871	8137769498583	14.0	-23.0	0.0	-1.0	
1504808489874	8137789640185	14.0	-23.0	0.0	-1.0	
1504808489877	8137809781786	14.252593994140625	-23.0	0.0	-1.0	
1504808489879	8137829923388	14.605545043945313	-23.0	0.0	-1.0	
1504808489881	8137850064989	14.0	-23.0	0.0	-1.0	
1504808489893	8137870206591	14.0	-23.0	0.0	-1.0	
1504808489909	8137890348192	14.0	-23.0	0.0	-1.0	
1504808489933	8137910489794	14.0	-23.0	0.0	-1.0	
1504808489969	8137930631396	14.0	-23.0	0.0	-1.0	
1504808489987	8137950772997	14.0	-23.0	0.0	-1.0	
1504808489999	8137970914599	14.0	-23.0	0.0	-1.0	
1504808490015	8137991056200	14.0	-23.0	0.0	-1.0	
1504808490032	8138011197802	14.0	-23.0	0.0	-1.0	
1504808490050	8138031339403	14.0	-23.0	0.0	-1.0	
1504808490067	8138051481005	14.0	-23.0	0.0	-1.0	
1504808490105	8138071622606	14.0	-23.0	0.0	-1.0	
1504808490120	8138091764208	14.0	-23.0	0.0	-1.0	
1504808490173	8138111905810	14.0	-23.0	0.0	-1.0	
1504808490179	8138132047411	14.0	-23.0	0.0	-1.0	
1504808490181	8138152189013	14.0	-23.0	0.0	-1.0	
1504808490192	8138172330614	14.0	-23.0	0.0	-1.0	
1504808490209	8138192472216	14.0	-23.0	0.0	-1.0	
1504808490244	8138212613817	14.0	-23.0	0.0	-1.0	
1504808490282	8138232755419	14.0	-23.0	0.0	-1.0	
1504808490286	8138252897021	14.0	-23.0	0.0	-1.0	
1504808490298	8138273038622	14.0	-23.0	0.0	-1.0	
1504808490314	8138293180224	14.0	-23.0	0.0	-1.0	
1504808490331	8138313321825	14.0	-23.0	0.0	-1.0	
1504808490373	8138333463427	14.0	-23.0	0.0	-1.0	
1504808490388	8138353605028	14.0	-23.0	0.0	-1.0	
1504808490404	8138373746630	14.0	-23.0	0.0	-1.0	
1504808490461	8138393888231	14.0	-23.0	0.0	-1.0	
1504808490464	8138414029833	14.0	-23.0	0.0	-1.0	
1504808490487	8138434171435	14.0	-23.0	0.0	-1.0	
1504808490490	8138454313036	14.0	-23.0	0.0	-1.0	
1504808490493	8138474454638	14.0	-23.0	0.0	-1.0	
1504808490537	8138494596239	14.0	-23.0	0.0	-1.0	
1504808490542	8138514737841	14.0	-23.0	0.0	-1.0	
1504808490562	8138534879442	14.0	-23.0	0.0	-1.0	
1504808490666	8138555021044	14.0	-23.0	0.0	-1.0	
1504808490670	8138575162646	14.0	-23.0	0.0	-1.0	
1504808490673	8138595304247	14.0	-23.0	0.0	-1.0	
1504808490675	8138615445849	14.0	-23.0	0.0	-1.0	
1504808490681	8138635587450	14.0	-23.0	0.0	-1.0	
1504808490722	8138655729052	14.0	-23.0	0.0	-1.0	
1504808490756	8138675870653	14.0	-23.0	0.0	-1.0	
1504808490766	8138696012255	14.0	-23.0	0.0	-1.0	
1504808490772	8138716153856	14.0	-23.0	0.0	-1.0	
1504808490774	8138736295458	14.0	-23.0	0.0	-1.0	
1504808490777	8138756437060	14.0	-23.0	0.0	-1.0	
1504808490820	8138776578661	14.0	-23.0	0.0	-1.0	
1504808490828	8138796720263	14.0	-23.0	0.0	-1.0	
1504808490842	8138816861864	14.0	-23.0	0.0	-1.0	
1504808490865	8138837003466	14.0	-23.0	0.0	-1.0	
1504808490882	8138857145067	14.0	-23.0	0.0	-1.0	
1504808490896	8138877286669	14.0	-23.0	0.0	-1.0	
1504808490913	8138897428271	14.0	-23.0	0.0	-1.0	
1504808490948	8138917569872	14.0	-23.0	0.0	-1.0	
1504808490966	8138937711474	14.0	-23.0	0.0	-1.0	
1504808490985	8138957853075	14.0	-23.0	0.0	-1.0	
1504808491001	8138977994677	14.0	-23.0	0.0	-1.0	
1504808491020	8138998136278	14.0	-23.0	0.0	-1.0	
1504808491044	8139018277880	14.0	-23.0	0.0	-1.0	
1504808491056	8139038419481	14.0	-23.0	0.0	-1.0	
1504808491095	8139058561083	14.0	-23.0	0.0	-1.0	
1504808491108	8139078702685	14.0	-23.0	0.0	-1.0	
1504808491125	8139098844286	14.0	-23.0	0.0	-1.0	
1504808491145	8139118985888	14.0	-23.0	0.0	-1.0	
1504808491160	8139139127489	14.0	-23.0	0.0	-1.0	
1504808491177	8139159269091	14.0	-23.0	0.0	-1.0	
1504808491197	8139179410692	14.0	-23.0	0.0	-1.0	
1504808491268	8139199552294	14.0	-23.0	0.0	-1.0	
1504808491285	8139219693896	14.0	-23.0	0.0	-1.0	
1504808491288	8139239835497	14.0	-23.0	0.0	-1.0	
1504808491318	8139259977099	14.0	-23.0	0.0	-1.0	
1504808491318	8139280118700	14.0	-23.0	0.0	-1.0	
1504808491321	8139300260302	14.0	-23.0	0.0	-1.0	
1504808491337	8139320401903	14.0	-23.0	0.0	-1.0	
1504808491378	8139340543505	14.0	-23.0	0.0	-1.0	
1504808491454	8139360685106	14.0	-23.0	0.0	-1.0	
1504808491457	8139380826708	14.0	-23.0	0.0	-1.0	
1504808491587	8139400968310	14.0	-23.0	0.0	-1.0	
1504808491588	8139421109911	14.0	-23.0	0.0	-1.0	
1504808491591	8139441251513	14.0	-23.0	0.0	-1.0	
1504808491732	8139461393114	14.0	-23.0	0.0	-1.0	
1504808491788	8139481534716	14.0	-23.0	0.0	-1.0	
1504808491792	8139501676317	14.0	-23.0	0.0	-1.0	
1504808491804	8139521817919	14.0	-23.0	0.0	-1.0	
1504808491807	8139541959521	14.0	-23.0	0.0	-1.0	
1504808491816	8139562101122	14.0	-23.0	0.0	-1.0	
1504808491818	8139582242724	14.0	-23.0	0.0	-1.0	
1504808491822	8139602384325	14.0	-23.0	0.0	-1.0	
1504808491829	8139622525927	14.0	-23.0	0.0	-1.0	
1504808491837	8139642667528	14.0	-23.0	0.0	-1.0	
1504808491841	8139662809130	14.0	-23.0	0.0	-1.0	
1504808491854	8139682950731	14.0	-23.0	0.0	-1.0	
1504808491857	8139703092333	14.0	-23.0	0.0	-1.0	
1504808491872	8139723233935	14.0	-23.0	0.0	-1.0	
1504808491877	8139743375536	14.0	-23.0	0.0	-1.0	
1504808491881	8139763517138	14.0	-23.0	0.0	-1.0	
1504808491886	8139783658739	14.0	-23.0	0.0	-1.0	
1504808491892	8139803800341	14.0	-23.0	0.0	-1.0	
1504808491897	8139823941942	14.0	-23.0	0.0	-1.0	
1504808491898	8139844083544	14.0	-23.0	0.0	-1.0	
1504808491910	8139864225146	14.0	-23.0	0.0	-1.0	
1504808491912	8139884366747	14.0	-23.0	0.0	-1.0	
1504808491939	8139904508349	14.0	-23.0	0.0	-1.0	
1504808491954	8139924649950	14.0	-23.0	0.0	-1.0	
1504808491973	8139944791552	14.0	-23.0	0.0	-1.0	
1504808491989	8139964933153	14.0	-23.0	0.0	-1.0	
1504808492005	8139985074755	14.0	-23.0	0.0	-1.0	
1504808492023	8140005216356	14.0	-23.0	0.0	-1.0	
1504808492041	8140025357958	14.0	-23.0	0.0	-1.0	
1504808492084	8140045499560	14.0	-23.0	0.0	-1.0	
1504808492094	8140065641161	14.0	-23.0	0.0	-1.0	
1504808492112	8140085782763	14.0	-23.0	0.0	-1.0	
1504808492128	8140105924364	14.0	-23.0	0.0	-1.0	
1504808492151	8140126065966	14.0	-23.0	0.0	-1.0	
1504808492165	8140146207567	14.0	-23.0	0.0	-1.0	
1504808492183	8140166349169	14.0	-23.0	0.0	-1.0	
1504808492217	8140186490771	14.0	-23.0	0.0	-1.0	
1504808492237	8140206632372	14.0	-23.0	0.0	-1.0	
1504808492255	8140226773974	14.0	-23.0	0.0	-1.0	
1504808492270	8140246915575	14.0	-23.0	0.0	-1.0	
1504808492292	8140267057177	14.0	-23.0	0.0	-1.0	
1504808492307	8140287198778	14.0	-23.0	0.0	-1.0	
1504808492323	8140307340380	14.0	-23.0	0.0	-1.0	
1504808492358	8140327481981	14.0	-23.0	0.0	-1.0	
1504808492377	8140347623583	14.0	-23.0	0.0	-1.0	
1504808492394	8140367765185	14.0	-23.0	0.0	-1.0	
1504808492413	8140387906786	14.0	-23.0	0.0	-1.0	
1504808492429	8140408048388	14.0	-23.0	0.0	-1.0	
1504808492447	8140428189989	14.0	-23.0	0.0	-1.0	
1504808492470	8140448331591	14.0	-23.0	0.0	-1.0	
1504808492499	8140468473192	14.0	-23.0	0.0	-1.0	
1504808492517	8140488614794	14.0	-23.0	0.0	-1.0	
1504808492537	8140508756396	14.0	-23.0	0.0	-1.0	
1504808492552	8140528897997	14.0	-23.0	0.0	-1.0	
1504808492570	8140549039599	14.0	-23.0	0.0	-1.0	
1504808492600	8140569181200	14.0	-23.0	0.0	-1.0	
1504808492663	8140589322802	14.0	-23.0	0.0	-1.0	
1504808492702	8140609464403	14.0	-23.0	0.0	-1.0	
1504808492707	8140629606005	14.0	-23.0	0.0	-1.0	
1504808492710	8140649747606	14.0	-23.0	0.0	-1.0	
1504808492711	8140669889208	14.0	-23.0	0.0	-1.0	
1504808492712	8140690030810	14.0	-23.0	0.0	-1.0	
1504808492734	8140710172411	14.0	-23.0	0.0	-1.0	
1504808492749	8140730314013	14.0	-23.0	0.0	-1.0	
1504808492796	8140750455614	14.0	-23.0	0.0	-1.0	
1504808492800	8140770597216	14.0	-23.0	0.0	-1.0	
1504808492820	8140790738817	14.0	-23.0	0.0	-1.0	
1504808492842	8140810880419	14.0	-23.0	0.0	-1.0	
1504808492852	8140831022021	14.0	-23.0	0.0	-1.0	
1504808492877	8140851163622	14.0	-23.0	0.0	-1.0	
1504808492950	8140871305224	14.0	-23.0	0.0	-1.0	
1504808492963	8140891446825	14.0	-23.0	0.0	-1.0	
1504808492976	8140911588427	14.0	-23.0	0.0	-1.0	
1504808492978	8140931730028	14.0	-23.0	0.0	-1.0	
1504808492981	8140951871630	14.0	-23.0	0.0	-1.0	
1504808492996	8140972013231	14.0	-23.0	0.0	-1.0	
1504808493010	8140992154833	14.0	-23.0	0.0	-1.0	
1504808493028	8141012296435	14.0	-23.0	0.0	-1.0	
1504808493051	8141032438036	14.0	-23.0	0.0	-1.0	
1504808493086	8141052579638	14.0	-23.0	0.0	-1.0	
1504808493101	8141072721239	14.0	-23.0	0.0	-1.0	
1504808493146	8141092862841	14.0	-23.0	0.0	-1.0	
1504808493150	8141113004442	14.0	-23.0	0.0	-1.0	
1504808493153	8141133146044	14.0	-23.0	0.0	-1.0	
1504808493172	8141153287646	14.0	-23.0	0.0	-1.0	
1504808493192	8141173429247	14.0	-23.0	0.0	-1.0	
1504808493222	8141193570849	14.0	-23.0	0.0	-1.0	
1504808493240	8141213712450	14.0	-23.0	0.0	-1.0	
1504808493267	8141233854052	14.0	-23.0	0.0	-1.0	
1504808493332	8141253995653	14.0	-23.0	0.0	-1.0	
1504808493334	8141274137255	14.0	-23.0	0.0	-1.0	
1504808493337	8141294278856	14.0	-23.0	0.0	-1.0	
1504808493405	8141314420458	14.0	-23.0	0.0	-1.0	
1504808493426	8141334562060	14.0	-23.0	0.0	-1.0	
1504808493433	8141354703661	14.0	-23.0	0.0	-1.0	
1504808493437	8141374845263	14.0	-23.0	0.0	-1.0	
1504808493447	8141394986864	14.0	-23.0	0.0	-1.0	
1504808493450	8141415128466	14.0	-23.0	0.0	-1.0	
1504808493452	8141435270067	14.0	-23.0	0.0	-1.0	
1504808493484	8141455411669	14.0	-23.0	0.0	-1.0	
1504808493504	8141475553271	14.0	-23.0	0.0	-1.0	
1504808493525	8141495694872	14.0	-23.0	0.0	-1.0	
1504808493698	8141515836474	14.0	-23.0	0.0	-1.0	
1504808493700	8141535978075	14.0	-23.0	0.0	-1.0	
1504808493702	8141556119677	14.0	-23.0	0.0	-1.0	
1504808493710	8141576261278	14.0	-23.0	0.0	-1.0	
1504808493715	8141596402880	14.0	-23.0	0.0	-1.0	
1504808493728	8141616544481	14.0	-23.0	0.0	-1.0	
1504808493731	8141636686083	14.0	-23.0	0.0	-1.0	
1504808493734	8141656827685	14.0	-23.0	0.0	-1.0	
1504808493736	8141676969286	14.0	-23.0	0.0	-1.0	
1504808493738	8141697110888	14.0	-23.0	0.0	-1.0	
1504808493746	8141717257564	14.0	-23.0	0.0	-1.0	
1504808493752	8141737399166	14.0	-23.0	0.0	-1.0	
1504808493790	8141757540767	14.0	-23.0	0.0	-1.0	
1504808493804	8141777682369	14.0	-23.0	0.0	-1.0	
1504808493884	8141797823971	14.0	-23.0	0.0	-1.0	
1504808493892	8141817965572	14.0	-23.0	0.0	-1.0	
1504808493900	8141838107174	14.0	-23.0	0.0	-1.0	
1504808493905	8141858248775	14.0	-23.0	0.0	-1.0	
1504808493909	8141878390377	14.0	-23.0	0.0	-1.0	
1504808493932	8141898531978	14.0	-23.0	0.0	-1.0	
1504808493945	8141918673580	14.0	-23.0	0.0	-1.0	
1504808493963	8141938815181	14.0	-23.0	0.0	-1.0	
1504808493983	8141958956783	14.0	-23.0	0.0	-1.0	
1504808493998	8141979098385	14.0	-23.0	0.0	-1.0	
1504808494015	8141999239986	14.0	-23.0	0.0	-1.0	
1504808494035	8142019381588	14.0	-23.0	0.0	-1.0	
1504808494068	8142039523189	14.0	-23.0	0.0	-1.0	
1504808494086	8142059664791	14.0	-23.0	0.0	-1.0	
1504808494105	8142079806392	14.0	-23.0	0.0	-1.0	
1504808494121	8142099947994	14.0	-23.0	0.0	-1.0	
1504808494140	8142120089596	14.0	-23.0	0.0	-1.0	
1504808494164	8142140231197	14.0	-23.0	0.0	-1.0	
1504808494176	8142160372799	14.0	-23.0	0.0	-1.0	
1504808494209	8142180514400	14.0	-23.0	0.0	-1.0	
1504808494227	8142200656002	14.0	-23.0	0.0	-1.0	
1504808494244	8142220797603	14.0	-23.0	0.0	-1.0	
1504808494263	8142240939205	14.0	-23.0	0.0	-1.0	
1504808494279	8142261080806	14.0	-23.0	0.0	-1.0	
1504808494303	8142281222408	14.0	-23.0	0.0	-1.0	
1504808494320	8142301364010	14.0	-23.0	0.0	-1.0	
1504808494355	8142321505611	14.0	-23.0	0.0	-1.0	
1504808494371	8142341647213	14.0	-23.0	0.0	-1.0	
1504808494387	8142361788814	14.0	-23.0	0.0	-1.0	
1504808494448	8142381930416	14.0	-23.0	0.0	-1.0	
1504808494474	8142402072017	14.0	-23.0	0.0	-1.0	
1504808494475	8142422213619	14.0	-23.0	0.0	-1.0	
1504808494486	8142442355221	14.0	-23.0	0.0	-1.0	
1504808494519	8142462496822	14.0	-23.0	0.0	-1.0	
1504808494522	8142482638424	14.0	-23.0	0.0	-1.0	
1504808494526	8142502780025	14.0	-23.0	0.0	-1.0	
1504808494545	8142522921627	14.0	-23.0	0.0	-1.0	
1504808494561	8142543063228	14.0	-23.0	0.0	-1.0	
1504808494581	8142563204830	14.0	-23.0	0.0	-1.0	
1504808494597	8142583346431	14.0	-23.0	0.0	-1.0	
1504808494632	8142603488033	14.0	-23.0	0.0	-1.0	
1504808494650	8142623629635	14.0	-23.0	0.0	-1.0	
1504808494667	8142643771236	14.0	-23.0	0.0	-1.0	
1504808494685	8142663912838	14.0	-23.0	0.0	-1.0	
1504808494703	8142684054439	14.0	-23.0	0.0	-1.0	
1504808494722	8142704196041	14.0	-23.0	0.0	-1.0	
1504808494769	8142724337642	14.0	-23.0	0.0	-1.0	
1504808494775	8142744479244	14.0	-23.0	0.0	-1.0	
1504808494794	8142764620846	14.0	-23.0	0.0	-1.0	
1504808494812	8142784762447	14.0	-23.0	0.0	-1.0	
1504808494829	8142804904049	14.0	-23.0	0.0	-1.0	
1504808494847	8142825045650	14.0	-23.0	0.0	-1.0	
1504808494866	8142845187252	14.0	-23.0	0.0	-1.0	
1504808494880	8142865328853	14.0	-23.0	0.0	-1.0	
1504808494917	8142885470455	14.0	-23.0	0.0	-1.0	
1504808494932	8142905612056	14.0	-23.0	0.0	-1.0	
1504808494950	8142925753658	14.0	-23.0	0.0	-1.0	
1504808494968	8142945895260	14.0	-23.0	0.0	-1.0	
1504808494984	8142966036861	14.0	-23.0	0.0	-1.0	
1504808495022	8142986178463	14.0	-23.0	0.0	-1.0	
1504808495024	8143006320064	14.0	-23.0	0.0	-1.0	
1504808495154	8143026461666	14.0	-23.0	0.0	-1.0	
1504808495158	8143046603267	14.0	-23.0	0.0	-1.0	
1504808495166	8143066744869	14.0	-23.0	0.0	-1.0	
1504808495170	8143086886471	14.0	-23.0	0.0	-1.0	
1504808495175	8143107028072	14.0	-23.0	0.0	-1.0	
1504808495186	8143127169674	14.0	-23.0	0.0	-1.0	
1504808495194	8143147311275	14.0	-23.0	0.0	-1.0	
1504808495204	8143167452877	14.0	-23.0	0.0	-1.0	
1504808495214	8143187594478	14.0	-23.0	0.0	-1.0	
1504808495232	8143207736080	14.0	-23.0	0.0	-1.0	
1504808495255	8143227877681	14.0	-23.0	0.0	-1.0	
1504808495268	8143248019283	14.0	-23.0	0.0	-1.0	
1504808495287	8143268160885	14.0	-23.0	0.0	-1.0	
1504808495301	8143288302486	14.0	-23.0	0.0	-1.0	
1504808495338	8143308444088	14.0	-23.0	0.0	-1.0	
1504808495356	8143328585689	14.0	-23.0	0.0	-1.0	
1504808495380	8143348727291	14.0	-23.0	0.0	-1.0	
1504808495390	8143368868892	14.0	-23.0	0.0	-1.0	
1504808495408	8143389010494	14.0	-23.0	0.0	-1.0	
1504808495428	8143409152096	14.0	-23.0	0.0	-1.0	
1504808495444	8143429293697	14.0	-23.0	0.0	-1.0	
1504808495479	8143449435299	14.0	-23.0	0.0	-1.0	
1504808495501	8143469576900	14.0	-23.0	0.0	-1.0	
1504808495514	8143489718502	14.0	-23.0	0.0	-1.0	
1504808495532	8143509860103	14.484420776367188	-23.0	0.0	-1.0	
1504808495548	8143530001705	15.0	-23.0	0.0	-1.0	
1504808495566	8143550143306	15.0	-23.0	0.0	-1.0	
1504808495584	8143570284908	15.0	-23.0	0.0	-1.0	
1504808495619	8143590426510	14.0	-23.0	0.0	-1.0	
1504808495644	8143610568111	14.19549560546875	-23.0	0.0	-1.0	
1504808495655	8143630709713	14.662643432617188	-23.0	0.0	-1.0	
1504808495671	8143650851314	14.0	-23.0	0.0	-1.0	
1504808495690	8143670992916	14.0	-23.0	0.0	-1.0	
1504808495707	8143691134517	14.0	-23.0	0.0	-1.0	
1504808495725	8143711276119	14.0	-23.0	0.0	-1.0	
1504808495760	8143731417721	14.0	-23.0	0.0	-1.0	
1504808495787	8143751559322	14.0	-23.0	0.0	-1.0	
1504808495805	8143771700924	14.0	-23.0	0.0	-1.0	
1504808495816	8143791842525	14.0	-23.0	0.0	-1.0	
1504808495830	8143811984127	14.0	-23.0	0.0	-1.0	
1504808495849	8143832125728	14.0	-23.0	0.0	-1.0	
1504808495866	8143852267330	14.0	-23.0	0.0	-1.0	
1504808495910	8143872408931	14.043319702148438	-23.0	0.0	-1.0	
1504808495927	8143892550533	14.813156127929688	-23.0	0.0	-1.0	
1504808495938	8143912692135	14.328704833984375	-23.0	0.0	-1.0	
1504808495954	8143932833736	15.0	-23.0	0.0	-1.0	
1504808495973	8143952975338	14.387557983398438	-23.0	0.0	-1.0	
1504808495989	8143973116939	14.0	-23.0	0.0	-1.0	
1504808496019	8143993258541	14.0	-23.0	0.0	-1.0	
1504808496043	8144013400142	14.0	-23.0	0.0	-1.0	
1504808496060	8144033541744	14.0	-23.0	0.0	-1.0	
1504808496077	8144053683346	14.0	-23.0	0.0	-1.0	
1504808496100	8144073824947	14.0	-23.0	0.0	-1.0	
1504808496113	8144093966549	14.0	-23.0	0.0	-1.0	
1504808496136	8144114108150	14.0	-23.0	0.0	-1.0	
1504808496148	8144134249752	14.0	-23.0	0.0	-1.0	
1504808496184	8144154391353	14.0	-23.0	0.0	-1.0	
1504808496200	8144174532955	14.0	-23.0	0.0	-1.0	
1504808496221	8144194674556	14.0	-23.0	0.0	-1.0	
1504808496239	8144214816158	14.0	-23.0	0.0	-1.0	
1504808496254	8144234957760	14.0	-23.0	0.0	-1.0	
1504808496272	8144255099361	14.0	-23.0	0.0	-1.0	
1504808496288	8144275240963	14.0	-23.0	0.0	-1.0	
1504808496324	8144295382564	14.0	-23.0	0.0	-1.0	
1504808496342	8144315524166	14.0	-23.0	0.0	-1.0	
1504808496366	8144335665767	14.0	-23.0	0.0	-1.0	
1504808496377	8144355807369	14.0	-23.0	0.0	-1.0	
1504808496395	8144375948971	14.0	-23.0	0.0	-1.0	
1504808496412	8144396090572	14.0	-23.0	0.0	-1.0	
1504808496434	8144416232174	14.0	-23.0	0.0	-1.0	
1504808496464	8144436373775	14.0	-23.0	0.0	-1.0	
1504808496483	8144456515377	14.0	-23.0	0.0	-1.0	
1504808496501	8144476656978	14.0	-23.0	0.0	-1.0	
1504808496521	8144496798580	14.0	-23.0	0.0	-1.0	
1504808496536	8144516940181	14.0	-23.0	0.0	-1.0	
1504808496553	8144537081783	14.0	-23.0	0.0	-1.0	
1504808496577	8144557223385	14.0	-23.0	0.0	-1.0	
1504808496606	8144577364986	14.0	-23.0	0.0	-1.0	
1504808496627	8144597506588	14.0	-23.0	0.0	-1.0	
1504808496642	8144617648189	14.0	-23.0	0.0	-1.0	
1504808496660	8144637789791	14.0	-23.0	0.0	-1.0	
1504808496677	8144657931392	14.0	-23.0	0.0	-1.0	
1504808496701	8144678072994	14.0	-23.0	0.0	-1.0	
1504808496712	8144698214596	14.0	-23.0	0.0	-1.0	
1504808496747	8144718356197	14.0	-23.0	0.0	-1.0	
1504808496765	8144738497799	14.0	-23.0	0.0	-1.0	
1504808496782	8144758639400	14.0	-23.0	0.0	-1.0	
1504808496858	8144778781002	14.0	-23.0	0.0	-1.0	
1504808496860	8144798922603	14.0	-23.0	0.0	-1.0	
1504808496864	8144819064205	14.0	-23.0	0.0	-1.0	
1504808496866	8144839205806	14.0	-23.0	0.0	-1.0	
1504808496887	8144859347408	14.0	-23.0	0.0	-1.0	
1504808496906	8144879489010	14.0	-23.0	0.0	-1.0	
1504808496922	8144899630611	14.0	-23.0	0.0	-1.0	
1504808496940	8144919772213	14.0	-23.0	0.0	-1.0	
1504808496963	8144939913814	14.0	-23.0	0.0	-1.0	
1504808496976	8144960055416	14.0	-23.0	0.0	-1.0	
1504808496993	8144980197017	14.0	-23.0	0.0	-1.0	
1504808497028	8145000338619	14.0	-23.0	0.0	-1.0	
1504808497047	8145020480221	14.0	-23.0	0.0	-1.0	
1504808497065	8145040621822	14.0	-23.0	0.0	-1.0	
1504808497084	8145060763424	14.0	-23.0	0.0	-1.0	
1504808497099	8145080905025	14.0	-23.0	0.0	-1.0	
1504808497118	8145101046627	14.0	-23.0	0.0	-1.0	
1504808497136	8145121188228	14.0	-23.0	0.0	-1.0	
1504808497154	8145141329830	14.0	-23.0	0.0	-1.0	
1504808497187	8145161471431	14.0	-23.0	0.0	-1.0	
1504808497206	8145181613033	14.0	-23.0	0.0	-1.0	
1504808497239	8145201754635	14.0	-23.0	0.0	-1.0	
1504808497241	8145221896236	14.0	-23.0	0.0	-1.0	
1504808497258	8145242037838	14.0	-23.0	0.0	-1.0	
1504808497276	8145262179439	14.0	-23.0	0.0	-1.0	
1504808497294	8145282321041	14.0	-23.0	0.0	-1.0	
1504808497328	8145302462642	14.0	-23.0	0.0	-1.0	
1504808497347	8145322604244	14.0	-23.0	0.0	-1.0	
1504808497364	8145342745846	14.0	-23.0	0.0	-1.0	
1504808497389	8145362887447	14.0	-23.0	0.0	-1.0	
1504808497399	8145383029049	14.0	-23.0	0.0	-1.0	
1504808497417	8145403170650	14.0	-23.0	0.0	-1.0	
1504808497434	8145423312252	14.0	-23.0	0.0	-1.0	
1504808497474	8145443453853	14.0	-23.0	0.0	-1.0	
1504808497497	8145463595455	14.0	-23.0	0.0	2.0	
1504808497511	8145483737056	14.0	-23.0	0.0	2.0	
1504808497523	8145503878658	14.0	-23.0	0.0	2.0	
1504808497542	8145524020260	14.0	-23.0	0.0	2.0	
1504808497561	8145544161861	14.0	-23.0	0.0	2.0	
1504808497579	8145564303463	14.0	-23.0	0.0	2.0	
1504808497612	8145584445064	14.0	-23.0	0.0	2.0	
1504808497630	8145604586666	14.0	-23.0	0.0	2.0	
1504808497650	8145624728267	14.0	-23.0	0.0	2.0	
1504808497667	8145644869869	14.0	-23.0	0.0	2.0	
1504808497690	8145665011471	14.0	-23.0	0.0	2.0	
1504808497708	8145685153072	14.0	-23.0	0.0	2.0	
1504808497722	8145705294674	14.0	-23.0	0.0	2.0	
1504808497757	8145725436275	14.0	-23.0	0.0	2.0	
1504808497770	8145745577877	14.0	-23.0	0.0	2.0	
1504808497791	8145765719478	14.0	-23.0	0.0	2.0	
1504808497807	8145785861080	14.0	-23.0	0.0	2.0	
1504808497824	8145806002681	14.0	-23.0	0.0	2.0	
1504808497841	8145826144283	14.0	-23.0	0.0	2.0	
1504808497859	8145846285885	14.0	-23.0	0.0	2.0	
1504808497894	8145866427486	14.0	-23.0	0.0	2.0	
1504808497916	8145886569088	14.0	-23.0	0.0	2.0	
1504808497930	8145906710689	14.0	-23.0	0.0	2.0	
1504808497947	8145926852291	14.0	-23.0	0.0	2.0	
1504808497968	8145946993892	14.0	-23.0	0.0	2.0	
1504808498008	8145967135494	14.0	-23.0	0.0	2.0	
1504808498018	8145987277096	14.0	-23.0	0.0	2.0	
1504808498042	8146007418697	14.0	-23.0	0.0	2.0	
1504808498053	8146027560299	14.0	-23.0	0.0	2.0	
1504808498107	8146047701900	14.0	-23.0	0.0	2.0	
1504808498133	8146067843502	14.0	-23.0	0.0	2.0	
1504808498146	8146087985103	14.0	-23.0	0.0	2.0	
1504808498162	8146108126705	14.0	-23.0	0.0	2.0	
1504808498179	8146128268306	14.0	-23.0	0.0	2.0	
1504808498241	8146148409908	14.0	-23.0	0.0	2.0	
1504808498270	8146168551510	14.0	-23.0	0.0	2.0	
1504808498303	8146188693111	14.0	-23.0	0.0	2.0	
1504808498311	8146208834713	14.0	-23.0	0.0	2.0	
1504808498334	8146228976314	14.0	-23.0	0.0	2.0	
1504808498353	8146249117916	14.0	-23.0	0.0	2.0	
1504808498371	8146269259517	14.0	-23.0	0.0	2.0	
1504808498407	8146289401119	14.0	-23.0	0.0	2.0	
1504808498428	8146309542721	14.0	-23.0	0.0	2.0	
1504808498444	8146329684322	14.0	-23.0	0.0	2.0	
1504808498450	8146349825924	14.0	-23.0	0.0	2.0	
1504808498466	8146369967525	14.0	-23.0	0.0	2.0	
1504808498482	8146390109127	14.0	-23.0	0.0	2.0	
1504808498494	8146410250728	14.0	-23.0	0.0	2.0	
1504808498554	8146430392330	14.0	-23.0	0.0	2.0	
1504808498569	8146450533931	14.0	-23.0	0.0	2.0	
1504808498586	8146470675533	14.0	-23.0	0.0	2.0	
1504808498598	8146490817135	14.0	-23.0	0.0	2.0	
1504808498619	8146510958736	14.0	-23.0	0.0	2.0	
1504808498631	8146531100338	14.0	-23.0	0.0	2.0	
1504808498681	8146551241939	14.0	-23.0	0.0	2.0	
1504808498700	8146571383541	14.0	-23.0	0.0	2.0	
1504808498720	8146591525142	14.0	-23.0	0.0	2.0	
1504808498736	8146611666744	14.0	-23.0	0.0	2.0	
1504808498750	8146631808346	14.0	-23.0	0.0	2.0	
1504808498770	8146651949947	14.0	-23.0	0.0	2.0	
1504808498797	8146672091549	14.0	-23.0	0.0	2.0	
1504808498810	8146692233150	14.0	-23.0	0.0	2.0	
1504808498826	8146712374752	14.0	-23.0	0.0	2.0	
1504808498853	8146732516353	14.0	-23.0	0.0	2.0	
1504808498870	8146752657955	14.0	-23.0	0.0	2.0	
1504808498887	8146772799556	14.0	-23.0	0.0	2.0	
1504808498908	8146792941158	14.0	-23.0	0.0	2.0	
1504808498921	8146813082760	14.0	-23.0	0.0	2.0	
1504808498934	8146833224361	14.0	-23.0	0.0	2.0	
1504808498951	8146853365963	14.0	-23.0	0.0	2.0	
1504808498963	8146873507564	14.0	-23.0	0.0	2.0	
1504808498981	8146893649166	14.0	-23.0	0.0	2.0	
1504808498989	8146913790767	14.0	-23.0	0.0	2.0	
1504808498998	8146933932369	14.0	-23.0	0.0	2.0	
1504808499036	8146954073971	14.0	-23.0	0.0	2.0	
1504808499060	8146974215572	14.0	-23.0	0.0	2.0	
1504808499094	8146994357174	14.0	-23.0	0.0	2.0	
1504808499127	8147014498775	14.0	-23.0	0.0	2.0	
1504808499156	8147034640377	14.0	-23.0	0.0	2.0	
1504808499164	8147054781978	14.0	-23.0	0.0	2.0	
1504808499186	8147074923580	14.0	-23.0	0.0	2.0	
1504808499205	8147095065181	14.0	-23.0	0.0	2.0	
1504808499240	8147115206783	14.0	-23.0	0.0	2.0	
1504808499263	8147135348385	14.0	-23.0	0.0	2.0	
1504808499286	8147155489986	14.0	-23.0	0.0	2.0	
1504808499296	8147175631588	14.0	-23.0	0.0	2.0	
1504808499310	8147195773189	14.0	-23.0	0.0	2.0	
1504808499327	8147215914791	14.0	-23.0	0.0	2.0	
1504808499335	8147236056392	14.0	-23.0	0.0	2.0	
1504808499344	8147256197994	14.0	-23.0	0.0	2.0	
1504808499370	8147276339596	14.0	-23.0	0.0	2.0	
1504808499385	8147296481197	14.0	-23.0	0.0	2.0	
1504808499405	8147316622799	14.0	-23.0	0.0	2.0	
1504808499422	8147336764400	14.0	-23.0	0.0	2.0	
1504808499454	8147356906002	14.0	-23.0	0.0	2.0	
1504808499486	8147377047603	14.0	-23.0	0.0	2.0	
1504808499511	8147397189205	14.0	-23.0	0.0	2.0	
1504808499565	8147417330806	14.0	-23.0	0.0	2.0	
1504808499586	8147437472408	14.0	-23.0	0.0	2.0	
1504808499601	8147457614010	14.0	-23.0	0.0	2.0	
1504808499620	8147477755611	14.0	-23.0	0.0	2.0	
1504808499632	8147497897213	14.0	-23.0	0.0	2.0	
1504808499641	8147518038814	14.0	-23.0	0.0	2.0	
1504808499651	8147538180416	14.0	-23.0	0.0	2.0	
1504808499676	8147558322017	14.0	-23.0	0.0	2.0	
1504808499694	8147578463619	14.0	-23.0	0.0	2.0	
1504808499711	8147598605221	14.0	-23.0	0.0	2.0	
1504808499721	8147618746822	14.0	-23.0	0.0	2.0	
1504808499745	8147638888424	14.0	-23.0	0.0	2.0	
1504808499769	8147659030025	14.0	-23.0	0.0	2.0	
1504808499793	8147679171627	14.0	-23.0	0.0	2.0	
1504808499822	8147699313228	14.0	-23.0	0.0	2.0	
1504808499854	8147719454830	14.0	-23.0	0.0	2.0	
1504808499863	8147739596431	14.0	-23.0	0.0	2.0	
1504808499883	8147759738033	14.0	-23.0	0.0	2.0	
1504808499890	8147779879635	14.0	-23.0	0.0	2.0	
1504808499904	8147800021236	14.0	-23.0	0.0	2.0	
1504808499914	8147820162838	14.0	-23.0	0.0	2.0	
1504808499944	8147840304439	14.0	-23.0	0.0	2.0	
1504808499965	8147860446041	14.0	-23.0	0.0	2.0	
1504808500017	8147880587642	14.0	-23.0	0.0	2.0	
1504808500060	8147900729244	14.0	-23.0	0.0	2.0	
1504808500144	8147920870846	14.0	-23.0	0.0	2.0	
1504808500165	8147941012447	14.0	-23.0	0.0	2.0	
1504808500183	8147961154049	14.0	-23.0	0.0	2.0	
1504808500207	8147981295650	14.0	-23.0	0.0	2.0	
1504808500247	8148001437252	14.0	-23.0	0.0	2.0	
1504808500272	8148021578853	14.0	-23.0	0.0	2.0	
1504808500293	8148041720455	14.0	-23.0	0.0	2.0	
1504808500315	8148061862056	14.0	-23.0	0.0	2.0	
1504808500341	8148082003658	14.0	-23.0	0.0	2.0	
1504808500351	8148102145260	14.0	-23.0	0.0	2.0	
1504808500391	8148122286861	14.0	-23.0	0.0	2.0	
1504808500407	8148142428463	14.0	-23.0	0.0	2.0	
1504808500423	8148162570064	14.0	-23.0	0.0	2.0	
1504808500449	8148182711666	14.0	-23.0	0.0	2.0	
1504808500454	8148202853267	14.0	-23.0	0.0	2.0	
1504808500471	8148222994869	14.0	-23.0	0.0	2.0	
1504808500482	8148243136471	14.0	-23.0	0.0	2.0	
1504808500522	8148263278072	14.0	-23.0	0.0	2.0	
1504808500535	8148283419674	14.0	-23.0	0.0	2.0	
1504808500551	8148303561275	14.0	-23.0	0.0	2.0	
1504808500568	8148323702877	14.0	-23.0	0.0	2.0	
1504808500584	8148343844478	14.0	-23.0	0.0	2.0	
1504808500595	8148363986080	14.0	-23.0	0.0	2.0	
1504808500621	8148384127681	14.0	-23.0	0.0	2.0	
1504808500677	8148404269283	14.0	-23.0	0.0	2.0	
1504808500692	8148424410885	14.0	-23.0	0.0	2.0	
1504808500713	8148444552486	14.0	-23.0	0.0	2.0	
1504808500724	8148464694088	14.0	-23.0	0.0	2.0	
1504808500736	8148484835689	14.0	-23.0	0.0	2.0	
1504808500746	8148504977291	14.0	-23.0	0.0	2.0	
1504808500762	8148525118892	14.0	-23.0	0.0	2.0	
1504808500792	8148545260494	14.0	-23.0	0.0	2.0	
1504808500804	8148565402096	14.0	-23.0	0.0	2.0	
1504808500826	8148585543697	14.0	-23.0	0.0	2.0	
1504808500850	8148605685299	14.0	-23.0	0.0	2.0	
1504808500857	8148625826900	14.0	-23.0	0.0	2.0	
1504808500874	8148645968502	14.0	-23.0	0.0	2.0	
1504808500891	8148666110103	14.0	-23.0	0.0	2.0	
1504808500911	8148686251705	14.0	-23.0	0.0	2.0	
1504808500921	8148706393306	14.0	-23.0	0.0	2.0	
1504808500932	8148726534908	14.0	-23.0	0.0	2.0	
1504808500947	8148746676510	14.0	-23.0	0.0	2.0	
1504808500965	8148766818111	14.0	-23.0	0.0	2.0	
1504808500989	8148786959713	14.0	-23.0	0.0	2.0	
1504808501021	8148807101314	14.0	-23.0	0.0	2.0	
1504808501042	8148827242916	14.0	-23.0	0.0	2.0	
1504808501056	8148847384517	14.0	-23.0	0.0	2.0	
1504808501065	8148867526119	14.0	-23.0	0.0	2.0	
1504808501071	8148887667721	14.0	-23.0	0.0	2.0	
1504808501087	8148907809322	14.0	-23.0	0.0	2.0	
1504808501101	8148927950924	14.0	-23.0	0.0	2.0	
1504808501174	8148948092525	14.0	-23.0	0.0	2.0	
1504808501206	8148968234127	14.0	-23.0	0.0	2.0	
1504808501218	8148988375728	14.0	-23.0	0.0	2.0	
1504808501239	8149008517330	14.0	-23.0	0.0	2.0	
1504808501250	8149028658931	14.0	-23.0	0.0	2.0	
1504808501265	8149048800533	14.0	-23.0	0.0	2.0	
1504808501287	8149068942135	14.0	-23.0	0.0	2.0	
1504808501303	8149089083736	14.0	-23.0	0.0	2.0	
1504808501361	8149109225338	14.0	-23.0	0.0	2.0	
1504808501376	8149129366939	14.0	-23.0	0.0	2.0	
1504808501400	8149149508541	14.0	-23.0	0.0	2.0	
1504808501418	8149169650142	14.0	-23.0	0.0	2.0	
1504808501477	8149189791744	14.0	-23.0	0.0	2.0	
1504808501489	8149209933346	14.0	-23.0	0.0	2.0	
1504808501517	8149230074947	14.0	-23.0	0.0	2.0	
1504808501536	8149250216549	14.0	-23.0	0.0	2.0	
1504808501554	8149270358150	14.0	-23.0	0.0	2.0	
1504808501576	8149290499752	14.0	-23.0	0.0	2.0	
1504808501585	8149310641353	14.0	-23.0	0.0	2.0	
1504808501600	8149330782955	14.0	-23.0	0.0	2.0	
1504808501620	8149350924556	14.0	-23.0	0.0	2.0	
1504808501631	8149371066158	14.0	-23.0	0.0	2.0	
1504808501654	8149391207760	14.0	-23.0	0.0	2.0	
1504808501702	8149411349361	14.0	-23.0	0.0	2.0	
1504808501723	8149431490963	14.0	-23.0	0.0	2.0	
1504808501741	8149451632564	14.0	-23.0	0.0	2.0	
1504808501880	8149471774166	14.0	-23.0	0.0	2.0	
1504808501912	8149491915767	14.0	-23.0	0.0	2.0	
1504808502013	8149512057369	14.0	-24.0	0.0	2.0	
1504808502049	8149532198971	14.0	-24.0	0.0	2.0	
1504808502075	8149552340572	14.0	-24.0	0.0	2.0	
1504808502094	8149572482174	14.0	-24.0	0.0	2.0	
1504808502109	8149592623775	14.0	-24.0	0.0	2.0	
1504808502131	8149612765377	14.0	-24.0	0.0	2.0	
1504808502151	8149632906978	14.0	-24.0	0.0	2.0	
1504808502174	8149653048580	14.0	-24.0	0.0	2.0	
1504808502188	8149673190181	14.0	-24.0	0.0	2.0	
1504808502209	8149693331783	14.0	-24.0	0.0	2.0	
1504808502226	8149713473385	14.0	-24.0	0.0	2.0	
1504808502241	8149733614986	14.0	-24.0	0.0	2.0	
1504808502259	8149753756588	14.0	-24.0	0.0	2.0	
1504808502286	8149773898189	14.0	-24.0	0.0	2.0	
1504808502314	8149794039791	14.0	-24.0	0.0	2.0	
1504808502331	8149814181392	14.0	-24.0	0.0	2.0	
1504808502355	8149834322994	14.0	-24.0	0.0	2.0	
1504808502371	8149854464596	14.0	-24.0	0.0	2.0	
1504808502385	8149874606197	14.0	-24.0	0.0	2.0	
1504808502399	8149894747799	14.0	-24.0	0.0	2.0	
1504808502429	8149914889400	14.0	-24.0	0.0	2.0	
1504808502445	8149935031002	14.0	-24.0	0.0	2.0	
1504808502509	8149955172603	14.0	-24.0	0.0	2.0	
1504808502524	8149975314205	14.0	-24.0	0.0	2.0	
1504808502560	8149995455806	14.0	-24.0	0.0	2.0	
1504808502573	8150015597408	14.0	-24.0	0.0	2.0	
1504808502602	8150035739010	14.0	-24.0	0.0	2.0	
1504808502634	8150055880611	14.0	-24.0	0.0	2.0	
1504808502661	8150076022213	14.0	-24.0	0.0	2.0	
1504808502682	8150096163814	14.0	-24.0	0.0	2.0	
1504808502715	8150116305416	14.0	-24.0	0.0	2.0	
1504808502740	8150136447017	14.0	-24.0	0.0	2.0	
1504808502750	8150156588619	14.0	-24.0	0.0	2.0	
1504808502768	8150176730221	14.0	-24.0	0.0	2.0	
1504808502786	8150196871822	14.0	-24.0	0.0	2.0	
1504808502818	8150217013424	14.0	-24.0	0.0	2.0	
1504808502829	8150237155025	14.0	-24.0	0.0	2.0	
1504808502840	8150257296627	14.0	-24.0	0.0	2.0	
1504808502858	8150277438228	14.0	-24.0	0.0	2.0	
1504808502875	8150297579830	14.0	-24.0	0.0	2.0	
1504808502890	8150317721431	14.0	-24.0	0.0	2.0	
1504808502918	8150337863033	14.0	-24.0	0.0	2.0	
1504808502958	8150358004635	14.0	-24.0	0.0	2.0	
1504808502977	8150378146236	14.0	-24.0	0.0	2.0	
1504808502997	8150398287838	14.0	-24.0	0.0	2.0	
1504808503013	8150418429439	14.0	-24.0	0.0	2.0	
1504808503022	8150438571041	14.0	-24.0	0.0	2.0	
1504808503035	8150458712642	14.0	-24.0	0.0	2.0	
1504808503051	8150478854244	14.0	-24.0	0.0	2.0	
1504808503076	8150498995846	14.0	-24.0	0.0	2.0	
1504808503091	8150519137447	14.0	-24.0	0.0	2.0	
1504808503103	8150539279049	14.0	-24.0	0.0	2.0	
1504808503113	8150559420650	14.0	-24.0	0.0	2.0	
1504808503132	8150579562252	14.0	-24.0	0.0	2.0	
1504808503146	8150599703853	14.0	-24.0	0.0	2.0	
1504808503159	8150619845455	14.0	-24.0	0.0	2.0	
1504808503177	8150639987056	14.0	-24.0	0.0	2.0	
1504808503189	8150660128658	14.0	-24.0	0.0	2.0	
1504808503211	8150680270260	14.0	-24.0	0.0	2.0	
1504808503221	8150700411861	14.0	-24.0	0.0	2.0	
1504808503237	8150720553463	14.0	-24.0	0.0	2.0	
1504808503250	8150740695064	14.0	-24.0	0.0	2.0	
1504808503267	8150760836666	14.0	-24.0	0.0	2.0	
1504808503288	8150780978267	14.0	-24.0	0.0	2.0	
1504808503302	8150801119869	14.0	-24.0	0.0	2.0	
1504808503314	8150821261471	14.0	-24.0	0.0	2.0	
1504808503320	8150841403072	14.0	-24.0	0.0	2.0	
1504808503328	8150861544674	14.0	-24.0	0.0	2.0	
1504808503336	8150881686275	14.0	-24.0	0.0	2.0	
1504808503343	8150901827877	14.0	-24.0	0.0	2.0	
1504808503363	8150921969478	14.0	-24.0	0.0	2.0	
1504808503388	8150942111080	14.0	-24.0	0.0	2.0	
1504808503404	8150962252681	14.0	-24.0	0.0	2.0	
1504808503415	8150982394283	14.0	-24.0	0.0	2.0	
1504808503443	8151002535885	14.0	-24.0	0.0	2.0	
1504808503456	8151022677486	14.0	-24.0	0.0	2.0	
1504808503478	8151042819088	14.0	-24.0	0.0	2.0	
1504808503491	8151062960689	14.0	-24.0	0.0	2.0	
1504808503505	8151083102291	14.0	-24.0	0.0	2.0	
1504808503517	8151103243892	14.0	-24.0	0.0	2.0	
1504808503525	8151123385494	14.0	-24.0	0.0	2.0	
1504808503552	8151143527096	14.0	-24.0	0.0	2.0	
1504808503559	8151163668697	14.0	-24.0	0.0	2.0	
1504808503584	8151183810299	14.0	-24.0	0.0	2.0	
1504808503604	8151203951900	14.0	-24.0	0.0	2.0	
1504808503619	8151224093502	14.0	-24.0	0.0	2.0	
1504808503640	8151244235103	14.0	-24.0	0.0	2.0	
1504808503666	8151264376705	14.0	-24.0	0.0	2.0	
1504808503680	8151284518306	14.0	-24.0	0.0	2.0	
1504808503688	8151304659908	14.0	-24.0	0.0	2.0	
1504808503694	8151324801510	14.0	-24.0	0.0	2.0	
1504808503768	8151344943111	14.0	-24.0	0.0	2.0	
1504808503781	8151365084713	14.0	-24.0	0.0	2.0	
1504808503793	8151385226314	14.0	-24.0	0.0	2.0	
1504808503803	8151405367916	14.0	-24.0	0.0	2.0	
1504808503818	8151425509517	14.0	-24.0	0.0	2.0	
1504808503840	8151445651119	14.0	-24.0	0.0	2.0	
1504808503854	8151465792721	14.0	-24.0	0.0	2.0	
1504808503871	8151485934322	14.0	-24.0	0.0	2.0	
1504808503893	8151506075924	14.0	-24.0	0.0	2.0	
1504808503911	8151526217525	14.0	-24.0	0.0	2.0	
1504808503920	8151546359127	14.0	-24.0	0.0	2.0	
1504808503940	8151566500728	14.0	-24.0	0.0	2.0	
1504808503958	8151586642330	14.0	-24.0	0.0	2.0	
1504808503994	8151606783931	14.0	-23.979171752929688	0.0	2.0	
1504808504021	8151626925533	14.0	-23.0	0.0	2.0	
1504808504042	8151647067135	14.0	-23.0	0.0	2.0	
1504808504072	8151667208736	14.0	-23.0	0.0	2.0	
1504808504094	8151687350338	14.0	-23.0	0.0	2.0	
1504808504110	8151707491939	14.0	-23.0	0.0	2.0	
1504808504120	8151727642131	14.0	-23.0	0.0	2.0	
1504808504212	8151747783732	14.0	-23.0	0.0	2.0	
1504808504268	8151767925334	14.0	-23.0	0.0	2.0	
1504808504294	8151788066936	14.0	-23.0	0.0	2.0	
1504808504322	8151808208537	14.0	-23.0	0.0	2.0	
1504808504330	8151828350139	14.0	-23.0	0.0	2.0	
1504808504349	8151848491740	14.0	-23.0	0.0	2.0	
1504808504388	8151868633342	14.0	-23.0	0.0	2.0	
1504808504497	8151888774943	14.0	-23.0	0.0	2.0	
1504808504525	8151908916545	14.0	-23.0	0.0	2.0	
1504808504537	8151929058146	14.0	-23.0	0.0	2.0	
1504808504562	8151949199748	14.0	-23.0	0.0	2.0	
1504808504573	8151969341350	14.0	-23.0	0.0	2.0	
1504808504599	8151989482951	14.0	-23.0	0.0	2.0	
1504808504634	8152009624553	14.0	-23.0	0.0	2.0	
1504808504669	8152029766154	14.0	-23.0	0.0	2.0	
1504808504697	8152049907756	14.0	-23.0	0.0	2.0	
1504808504726	8152070049357	14.0	-23.0	0.0	2.0	
1504808504736	8152090190959	14.0	-23.0	0.0	2.0	
1504808504753	8152110332561	14.0	-23.0	0.0	2.0	
1504808504775	8152130474162	14.0	-23.0	0.0	2.0	
1504808504799	8152150615764	14.0	-23.0	0.0	2.0	
1504808504829	8152170757365	14.0	-23.0	0.0	2.0	
1504808504849	8152190898967	14.0	-23.0	0.0	2.0	
1504808504866	8152211040568	14.0	-23.354156494140625	0.0	2.0	
1504808504877	8152231182170	14.0	-24.0	0.0	2.0	
1504808504887	8152251323771	14.0	-24.0	0.0	2.0	
1504808504902	8152271465373	14.0	-24.0	0.0	2.0	
1504808504930	8152291606975	14.0	-23.067596435546875	0.0	2.0	
1504808504951	8152311748576	14.0	-23.0	0.0	2.0	
1504808504963	8152331890178	14.0	-23.0	0.0	2.0	
1504808504982	8152352031779	14.0	-23.365676879882813	0.0	2.0	
1504808504988	8152372173381	14.0	-24.0	0.0	2.0	
1504808505016	8152392314982	14.0	-24.0	0.0	2.0	
1504808505024	8152412456584	14.0	-24.0	0.0	2.0	
1504808505044	8152432598186	14.0	-24.0	0.0	2.0	
1504808505063	8152452739787	14.0	-24.0	0.0	2.0	
1504808505096	8152472881389	14.0	-23.767776489257813	0.0	2.0	
1504808505117	8152493022990	14.0	-23.0	0.0	2.0	
1504808505125	8152513164592	14.0	-23.0	0.0	2.0	
1504808505145	8152533306193	14.0	-23.0	0.0	2.0	
1504808505161	8152553447795	14.0	-23.0	0.0	2.0	
1504808505173	8152573589396	14.0	-23.0	0.0	2.0	
1504808505192	8152593730998	14.0	-23.0	0.0	2.0	
1504808505203	8152613872600	14.0	-23.0	0.0	2.0	
1504808505218	8152634014201	14.0	-23.0	0.0	2.0	
1504808505224	8152654155803	14.0	-23.532058715820313	0.0	2.0	
1504808505236	8152674297404	14.0	-24.0	0.0	2.0	
1504808505249	8152694439006	14.0	-24.0	0.0	2.0	
1504808505266	8152714580607	14.0	-24.0	0.0	2.0	
1504808505285	8152734722209	14.0	-23.890625	0.0	2.0	
1504808505309	8152754863811	14.0	-23.0	0.0	2.0	
1504808505338	8152775005412	14.0	-23.0	0.0	2.0	
1504808505345	8152795147014	14.0	-23.0	0.0	2.0	
1504808505360	8152815288615	14.0	-23.0	0.0	2.0	
1504808505375	8152835430217	14.0	-23.0	0.0	2.0	
1504808505387	8152855571818	14.0	-23.0	0.0	2.0	
1504808505413	8152875713420	14.0	-23.0	0.0	2.0	
1504808505427	8152895855021	14.0	-23.0	0.0	2.0	
1504808505440	8152915996623	14.0	-23.0	0.0	2.0	
1504808505451	8152936138225	14.0	-23.0	0.0	2.0	
1504808505482	8152956279826	14.0	-23.0	0.0	2.0	
1504808505493	8152976421428	14.0	-23.0	0.0	2.0	
1504808505507	8152996563029	14.0	-23.0	0.0	2.0	
1504808505526	8153016704631	14.0	-23.0	0.0	2.0	
1504808505545	8153036846232	14.0	-23.276031494140625	0.0	2.0	
1504808505559	8153056987834	14.0	-24.0	0.0	2.0	
1504808505573	8153077129436	14.0	-24.0	0.0	2.0	
1504808505586	8153097271037	14.0	-24.0	0.0	2.0	
1504808505596	8153117412639	14.0	-24.0	0.0	2.0	
1504808505614	8153137554240	14.0	-24.0	0.0	2.0	
1504808505627	8153157695842	14.0	-24.0	0.0	2.0	
1504808505647	8153177837443	14.0	-24.0	0.0	2.0	
1504808505656	8153197979045	14.0	-24.0	0.0	2.0	
1504808505663	8153218120646	14.0	-24.0	0.0	2.0	
1504808505677	8153238262248	14.0	-24.0	0.0	2.0	
1504808505693	8153258403850	14.0	-24.0	0.0	2.0	
1504808505720	8153278545451	14.0	-24.0	0.0	2.0	
1504808505729	8153298687053	14.0	-24.0	0.0	2.0	
1504808505744	8153318828654	14.0	-24.0	0.0	2.0	
1504808505764	8153338970256	14.0	-24.0	0.0	2.0	
1504808505786	8153359111857	14.0	-24.0	0.0	2.0	
1504808505796	8153379253459	14.0	-24.0	0.0	2.0	
1504808505828	8153399395061	14.0	-24.0	0.0	2.0	
1504808505849	8153419536662	14.0	-24.0	0.0	2.0	
1504808505867	8153439678264	14.0	-24.0	0.0	2.0	
1504808505878	8153459819865	14.0	-24.0	0.0	2.0	
1504808505891	8153479961467	14.0	-24.0	0.0	2.0	
1504808505911	8153500103068	14.0	-24.0	0.0	2.0	
1504808505926	8153520244670	14.0	-24.0	0.0	2.0	
1504808505941	8153540386271	14.0	-24.0	0.0	2.0	
1504808505960	8153560527873	14.0	-24.0	0.0	2.0	
1504808505973	8153580669475	14.0	-24.0	0.0	2.0	
1504808505988	8153600811076	14.0	-24.0	0.0	2.0	
1504808506010	8153620952678	14.0	-24.0	0.0	2.0	
1504808506044	8153641094279	14.0	-24.0	0.0	-1.0	
1504808506053	8153661235881	14.0	-24.0	0.0	-1.0	
1504808506054	8153681377482	14.0	-24.0	0.0	-1.0	
1504808506067	8153701519084	14.0	-24.0	0.0	-1.0	
1504808506070	8153721660686	14.0	-24.0	0.0	-1.0	
1504808506074	8153741802287	14.0	-24.0	0.0	-1.0	
1504808506079	8153761943889	14.0	-24.0	0.0	-1.0	
1504808506082	8153782085490	14.0	-24.0	0.0	-1.0	
1504808506085	8153802227092	14.0	-24.0	0.0	-1.0	
1504808506096	8153822368693	14.0	-24.0	0.0	-1.0	
1504808506136	8153842510295	14.0	-24.0	0.0	-1.0	
1504808506149	8153862651896	14.0	-24.0	0.0	-1.0	
1504808506160	8153882793498	14.0	-24.0	0.0	-1.0	
1504808506176	8153902935100	14.0	-24.0	0.0	-1.0	
1504808506178	8153923076701	14.0	-24.0	0.0	-1.0	
1504808506181	8153943218303	14.0	-24.0	0.0	-1.0	
1504808506182	8153963359904	14.0	-24.0	0.0	-1.0	
1504808506200	8153983501506	14.0	-24.0	0.0	-1.0	
1504808506210	8154003643107	14.0	-24.0	0.0	-1.0	
1504808506211	8154023784709	14.0	-24.0	0.0	-1.0	
1504808506215	8154043926311	14.0	-24.0	0.0	-1.0	
1504808506217	8154064067912	14.0	-24.0	0.0	-1.0	
1504808506244	8154084209514	14.0	-24.0	0.0	-1.0	
1504808506258	8154104351115	14.0	-24.0	0.0	-1.0	
1504808506273	8154124492717	14.0	-24.0	0.0	-1.0	
1504808506278	8154144634318	14.0	-24.0	0.0	-1.0	
1504808506279	8154164775920	14.0	-24.0	0.0	-1.0	
1504808506281	8154184917521	14.0	-24.0	0.0	-1.0	
1504808506283	8154205059123	14.0	-24.0	0.0	-1.0	
1504808506286	8154225200725	14.0	-24.0	0.0	-1.0	
1504808506289	8154245342326	14.0	-24.0	0.0	-1.0	
1504808506299	8154265483928	14.0	-24.0	0.0	-1.0	
1504808506317	8154285625529	14.0	-24.0	0.0	-1.0	
1504808506339	8154305767131	14.0	-24.0	0.0	-1.0	
1504808506354	8154325908732	14.0	-24.0	0.0	-1.0	
1504808506372	8154346050334	14.0	-24.0	0.0	-1.0	
1504808506388	8154366191936	14.0	-24.0	0.0	-1.0	
1504808506406	8154386333537	14.0	-24.0	0.0	-1.0	
1504808506440	8154406475139	14.0	-24.0	0.0	-1.0	
1504808506458	8154426616740	14.0	-24.0	0.0	-1.0	
1504808506487	8154446758342	14.0	-24.0	0.0	-1.0	
1504808506497	8154466899943	14.0	-24.0	0.0	-1.0	
1504808506514	8154487041545	14.0	-24.0	0.0	-1.0	
1504808506531	8154507183146	14.0	-24.0	0.0	-1.0	
1504808506547	8154527324748	14.0	-24.0	0.0	-1.0	
1504808506581	8154547466350	14.0	-24.0	0.0	-1.0	
1504808506600	8154567607951	14.0	-24.0	0.0	-1.0	
1504808506617	8154587749553	14.0	-24.0	0.0	-1.0	
1504808506636	8154607891154	14.0	-24.0	0.0	-1.0	
1504808506659	8154628032756	14.0	-24.0	0.0	-1.0	
1504808506669	8154648174357	14.0	-24.0	0.0	-1.0	
1504808506688	8154668315959	14.0	-24.0	0.0	-1.0	
1504808506724	8154688457561	14.0	-24.0	0.0	-1.0	
1504808506744	8154708599162	14.0	-24.0	0.0	-1.0	
1504808506757	8154728740764	14.0	-24.0	0.0	-1.0	
1504808506777	8154748882365	14.0	-24.0	0.0	-1.0	
1504808506796	8154769023967	14.0	-24.0	0.0	-1.0	
1504808506816	8154789165568	14.0	-24.0	0.0	-1.0	
1504808506830	8154809307170	14.0	-24.0	0.0	-1.0	
1504808506867	8154829448771	14.0	-24.0	0.0	-1.0	
1504808506881	8154849590373	14.0	-24.0	0.0	-1.0	
1504808506899	8154869731975	14.0	-24.0	0.0	-1.0	
1504808506926	8154889873576	14.0	-24.0	0.0	-1.0	
1504808506934	8154910015178	14.0	-24.0	0.0	-1.0	
1504808506953	8154930156779	14.0	-24.0	0.0	-1.0	
1504808506977	8154950298381	14.0	-24.0	0.0	-1.0	
1504808507008	8154970439982	14.0	-24.0	0.0	-1.0	
1504808507024	8154990581584	14.0	-24.0	0.0	-1.0	
1504808507039	8155010723186	14.0	-24.0	0.0	-1.0	
1504808507057	8155030864787	14.0	-24.0	0.0	-1.0	
1504808507075	8155051006389	14.0	-24.0	0.0	-1.0	
1504808507092	8155071147990	14.0	-24.0	0.0	-1.0	
1504808507127	8155091289592	14.0	-24.0	0.0	-1.0	
1504808507146	8155111431193	14.0	-24.0	0.0	-1.0	
1504808507166	8155131572795	14.0	-24.0	0.0	-1.0	
1504808507186	8155151714396	14.0	-24.0	0.0	-1.0	
1504808507200	8155171855998	14.0	-24.0	0.0	-1.0	
1504808507217	8155191997600	14.0	-24.0	0.0	-1.0	
1504808507236	8155212139201	14.0	-24.0	0.0	-1.0	
1504808507274	8155232280803	14.0	-23.979217529296875	0.0	-1.0	
1504808507287	8155252422404	14.0	-23.164642333984375	0.0	-1.0	
1504808507305	8155272564006	14.0	-24.0	0.0	-1.0	
1504808507323	8155292705607	14.0	-24.0	0.0	-1.0	
1504808507339	8155312847209	14.0	-24.0	0.0	-1.0	
1504808507359	8155332988811	14.0	-24.0	0.0	-1.0	
1504808507374	8155353130412	14.0	-24.0	0.0	-1.0	
1504808507410	8155373272014	14.0	-24.0	0.0	-1.0	
1504808507429	8155393413615	14.0	-24.0	0.0	-1.0	
1504808507445	8155413555217	14.0	-24.0	0.0	-1.0	
1504808507463	8155433696818	14.0	-24.0	0.0	-1.0	
1504808507487	8155453838420	14.0	-24.0	0.0	-1.0	
1504808507501	8155473980021	14.0	-24.0	0.0	-1.0	
1504808507516	8155494121623	14.0	-24.0	0.0	-1.0	
1504808507551	8155514263225	14.0	-24.0	0.0	-1.0	
1504808507568	8155534404826	14.0	-24.0	0.0	-1.0	
1504808507586	8155554546428	14.0	-24.0	0.0	-1.0	
1504808507603	8155574688029	14.0	-24.0	0.0	-1.0	
1504808507623	8155594829631	14.0	-24.0	0.0	-1.0	
1504808507644	8155614971232	14.0	-24.0	0.0	-1.0	
1504808507658	8155635112834	14.0	-24.0	0.0	-1.0	
1504808507693	8155655254436	14.0	-24.0	0.0	-1.0	
1504808507711	8155675396037	14.0	-24.0	0.0	-1.0	
1504808507731	8155695537639	14.0	-24.0	0.0	-1.0	
1504808507745	8155715679240	14.0	-24.0	0.0	-1.0	
1504808507762	8155735820842	14.0	-24.0	0.0	-1.0	
1504808507780	8155755962443	14.0	-24.0	0.0	-1.0	
1504808507803	8155776104045	14.0	-24.0	0.0	-1.0	
1504808507832	8155796245646	14.0	-24.0	0.0	-1.0	
1504808507853	8155816387248	14.0	-24.0	0.0	-1.0	
1504808507869	8155836528850	14.0	-24.0	0.0	-1.0	
1504808507886	8155856670451	14.0	-24.0	0.0	-1.0	
1504808507903	8155876812053	14.0	-24.0	0.0	-1.0	
1504808507921	8155896953654	14.0	-24.0	0.0	-1.0	
1504808507939	8155917095256	14.0	-24.0	0.0	-1.0	
1504808507975	8155937236857	14.0	-24.0	0.0	-1.0	
1504808507992	8155957378459	14.176467895507813	-24.0	0.0	-1.0	
1504808508011	8155977520061	14.681671142578125	-24.0	0.0	-1.0	
1504808508026	8155997661662	14.0	-24.0	0.0	-1.0	
1504808508048	8156017803264	14.0	-24.0	0.0	-1.0	
1504808508065	8156037944865	14.0	-24.0	0.0	-1.0	
1504808508082	8156058086467	14.0	-24.0	0.0	-1.0	
1504808508127	8156078228068	14.02593994140625	-24.0	0.0	-1.0	
1504808508133	8156098369670	14.832473754882813	-24.0	0.0	-1.0	
1504808508150	8156118511271	14.0	-24.0	0.0	-1.0	
1504808508174	8156138652873	14.0	-24.0	0.0	-1.0	
1504808508189	8156158794475	14.0	-24.0	0.0	-1.0	
1504808508203	8156178936076	14.0	-24.0	0.0	-1.0	
1504808508221	8156199077678	14.0	-24.0	0.0	-1.0	
1504808508256	8156219219279	14.0	-24.0	0.0	-1.0	
1504808508280	8156239360881	14.0	-24.0	0.0	-1.0	
1504808508291	8156259502482	14.0	-24.0	0.0	-1.0	
1504808508309	8156279644084	14.0	-24.0	0.0	-1.0	
1504808508329	8156299785686	14.0	-24.0	0.0	-1.0	
1504808508349	8156319927287	14.0	-24.0	0.0	-1.0	
1504808508365	8156340068889	14.0	-24.0	0.0	-1.0	
1504808508398	8156360210490	14.0	-24.0	0.0	-1.0	
1504808508414	8156380352092	14.0	-24.0	0.0	-1.0	
1504808508432	8156400493693	14.0	-24.0	0.0	-1.0	
1504808508450	8156420635295	14.0	-24.0	0.0	-1.0	
1504808508467	8156440776896	14.0	-24.0	0.0	-1.0	
1504808508488	8156460918498	14.0	-24.0	0.0	-1.0	
1504808508502	8156481060100	14.0	-24.0	0.0	-1.0	
1504808508520	8156501201701	14.0	-24.0	0.0	-1.0	
1504808508555	8156521343303	14.0	-24.0	0.0	-1.0	
1504808508577	8156541484904	14.0	-24.0	0.0	-1.0	
1504808508594	8156561626506	14.0	-24.0	0.0	-1.0	
1504808508608	8156581768107	14.0	-24.0	0.0	-1.0	
1504808508626	8156601909709	14.0	-24.0	0.0	-1.0	
1504808508644	8156622051311	14.0	-24.0	0.0	-1.0	
1504808508662	8156642192912	14.0	-24.0	0.0	-1.0	
1504808508699	8156662334514	14.0	-24.0	0.0	-1.0	
1504808508714	8156682476115	14.0	-24.0	0.0	-1.0	
1504808508732	8156702617717	14.0	-24.0	0.0	-1.0	
1504808508749	8156722759318	14.0	-24.0	0.0	-1.0	
1504808508767	8156742900920	14.0	-24.0	0.0	-1.0	
1504808508788	8156763042521	14.0	-24.0	0.0	-1.0	
1504808508803	8156783184123	14.0	-24.0	0.0	-1.0	
1504808508840	8156803325725	14.0	-24.0	0.0	-1.0	
1504808508858	8156823467326	14.0	-24.0	0.0	-1.0	
1504808508873	8156843608928	14.0	-24.0	0.0	-1.0	
1504808508890	8156863750529	14.0	-24.0	0.0	-1.0	
1504808508909	8156883892131	14.0	-24.0	0.0	-1.0	
1504808508925	8156904033732	14.0	-24.0	0.0	-1.0	
1504808508943	8156924175334	14.0	-24.0	0.0	-1.0	
1504808508978	8156944316936	14.0	-24.0	0.0	-1.0	
1504808508995	8156964458537	14.0	-24.0	0.0	-1.0	
1504808509014	8156984600139	14.0	-24.0	0.0	-1.0	
1504808509032	8157004741740	14.0	-24.0	0.0	-1.0	
1504808509050	8157024883342	14.0	-24.0	0.0	-1.0	
1504808509075	8157045024943	14.0	-24.0	0.0	-1.0	
1504808509084	8157065166545	14.0	-24.0	0.0	-1.0	
1504808509124	8157085308146	14.0	-24.0	0.0	-1.0	
1504808509137	8157105449748	14.0	-24.0	0.0	-1.0	
1504808509155	8157125591350	14.0	-24.0	0.0	-1.0	
1504808509174	8157145732951	14.0	-24.0	0.0	-1.0	
1504808509190	8157165874553	14.0	-24.0	0.0	-1.0	
1504808509207	8157186016154	14.0	-24.0	0.0	-1.0	
1504808509233	8157206157756	14.0	-24.0	0.0	-1.0	
1504808509260	8157226299357	14.0	-24.0	0.0	-1.0	
1504808509283	8157246440959	14.0	-24.0	0.0	-1.0	
1504808509295	8157266582561	14.0	-24.0	0.0	-1.0	
1504808509313	8157286724162	14.0	-24.0	0.0	-1.0	
1504808509331	8157306865764	14.0	-24.0	0.0	-1.0	
1504808509353	8157327007365	14.0	-24.0	0.0	-1.0	
1504808509366	8157347148967	14.0	-24.0	0.0	-1.0	
1504808509409	8157367290568	14.0	-24.0	0.0	-1.0	
1504808509439	8157387432170	14.0	-24.0	0.0	-1.0	
1504808509442	8157407573771	14.0	-24.0	0.0	-1.0	
1504808509454	8157427715373	14.0	-24.0	0.0	-1.0	
1504808509478	8157447856975	14.0	-24.0	0.0	-1.0	
1504808509497	8157467998576	14.0	-24.0	0.0	-1.0	
1504808509509	8157488140178	14.0	-24.0	0.0	-1.0	
1504808509543	8157508281779	14.0	-24.0	0.0	-1.0	
1504808509560	8157528423381	14.0	-24.0	0.0	-1.0	
1504808509582	8157548564982	14.0	-24.0	0.0	-1.0	
1504808509596	8157568706584	14.0	-24.0	0.0	-1.0	
1504808509614	8157588848186	14.0	-24.0	0.0	-1.0	
1504808509630	8157608989787	14.0	-24.0	0.0	-1.0	
1504808509653	8157629131389	14.0	-24.0	0.0	-1.0	
1504808509683	8157649272990	14.0	-24.0	0.0	-1.0	
1504808509701	8157669414592	14.0	-24.0	0.0	-1.0	
1504808509718	8157689556193	14.0	-24.0	0.0	-1.0	
1504808509736	8157709697795	14.0	-24.0	0.0	-1.0	
1504808509753	8157729839396	14.0	-24.0	0.0	-1.0	
1504808509771	8157749980998	14.0	-24.0	0.0	-1.0	
1504808509789	8157770122600	14.0	-24.0	0.0	-1.0	
1504808509826	8157790264201	14.0	-24.0	0.0	-1.0	
1504808509842	8157810405803	14.0	-24.0	0.0	-1.0	
1504808509860	8157830547404	14.0	-24.0	0.0	-1.0	
1504808509877	8157850689006	14.0	-24.0	0.0	-1.0	
1504808509895	8157870830607	14.0	-24.0	0.0	-1.0	
1504808509920	8157890972209	14.0	-24.0	0.0	-1.0	
1504808509931	8157911113811	14.0	-24.0	0.0	-1.0	
1504808509991	8157931255412	14.0	-24.0	0.0	-1.0	
1504808509994	8157951397014	14.0	-24.0	0.0	-1.0	
1504808510005	8157971538615	14.0	-24.0	0.0	-1.0	
1504808510018	8157991680217	14.0	-24.0	0.0	-1.0	
1504808510070	8158011821818	14.0	-24.0	0.0	-1.0	
1504808510077	8158031963420	14.0	-24.0	0.0	-1.0	
1504808510088	8158052105021	14.0	-24.0	0.0	-1.0	
1504808510106	8158072246623	14.0	-24.0	0.0	-1.0	
1504808510128	8158092388225	14.0	-24.0	0.0	-1.0	
1504808510145	8158112529826	14.0	-24.0	0.0	-1.0	
1504808510159	8158132671428	14.0	-24.0	0.0	-1.0	
1504808510187	8158152813029	14.0	-24.0	0.0	-1.0	
1504808510194	8158172954631	14.0	-24.0	0.0	-1.0	
1504808510215	8158193096232	14.0	-24.0	0.0	-1.0	
1504808510249	8158213237834	14.0	-24.0	0.0	-1.0	
1504808510266	8158233379436	14.0	-24.0	0.0	-1.0	
1504808510282	8158253521037	14.0	-24.0	0.0	-1.0	
1504808510306	8158273662639	14.0	-24.0	0.0	-1.0	
1504808510318	8158293804240	14.0	-24.0	0.0	-1.0	
1504808510353	8158313945842	14.0	-24.0	0.0	-1.0	
1504808510355	8158334087443	14.0	-24.0	0.0	-1.0	
1504808510389	8158354229045	14.0	-24.0	0.0	-1.0	
1504808510406	8158374370646	14.0	-24.0	0.0	-1.0	
1504808510423	8158394512248	14.0	-24.0	0.0	-1.0	
1504808510444	8158414653850	14.0	-24.0	0.0	-1.0	
1504808510465	8158434795451	14.0	-24.0	0.0	-1.0	
1504808510478	8158454937053	14.0	-24.0	0.0	-1.0	
1504808510494	8158475078654	14.0	-24.0	0.0	-1.0	
1504808510561	8158495220256	14.0	-24.0	0.0	-1.0	
1504808510569	8158515361857	14.0	-24.0	0.0	-1.0	
1504808510573	8158535503459	14.0	-24.0	0.0	-1.0	
1504808510583	8158555645061	14.0	-24.0	0.0	-1.0	
1504808510600	8158575786662	14.0	-24.0	0.0	-1.0	
1504808510621	8158595928264	14.0	-24.0	0.0	-1.0	
1504808510636	8158616069865	14.0	-24.0	0.0	-1.0	
1504808510658	8158636211467	14.0	-24.0	0.0	-1.0	
1504808510689	8158656353068	14.0	-24.0	0.0	-1.0	
1504808510717	8158676494670	14.0	-24.0	0.0	-1.0	
1504808510723	8158696636271	14.0	-24.0	0.0	-1.0	
1504808510741	8158716777873	14.0	-24.0	0.0	-1.0	
1504808510760	8158736919475	14.0	-24.0	0.0	-1.0	
1504808510776	8158757061076	14.0	-24.0	0.0	-1.0	
1504808510793	8158777202678	14.0	-24.0	0.0	-1.0	
1504808510829	8158797344279	14.0	-24.0	0.0	-1.0	
1504808510850	8158817485881	14.0	-24.0	0.0	-1.0	
1504808510864	8158837627482	14.0	-24.0	0.0	-1.0	
1504808510882	8158857769084	14.0	-24.0	0.0	-1.0	
1504808510899	8158877910686	14.0	-24.0	0.0	-1.0	
1504808510918	8158898052287	14.0	-24.0	0.0	-1.0	
1504808510934	8158918193889	14.0	-24.0	0.0	-1.0	
1504808510974	8158938335490	14.0	-24.0	0.0	-1.0	
1504808510988	8158958477092	14.0	-24.0	0.0	-1.0	
1504808511007	8158978618693	14.0	-24.0	0.0	-1.0	
1504808511023	8158998760295	14.0	-24.0	0.0	-1.0	
1504808511041	8159018901896	14.0	-24.0	0.0	-1.0	
1504808511058	8159039043498	14.0	-24.0	0.0	-1.0	
1504808511076	8159059185100	14.0	-24.0	0.0	-1.0	
1504808511112	8159079326701	14.0	-24.0	0.0	-1.0	
1504808511129	8159099468303	14.0	-24.0	0.0	-1.0	
1504808511148	8159119609904	14.0	-24.0	0.0	-1.0	
1504808511164	8159139751506	14.0	-24.0	0.0	-1.0	
1504808511182	8159159893107	14.0	-24.0	0.0	-1.0	
1504808511199	8159180034709	14.0	-24.0	0.0	-1.0	
1504808511216	8159200176311	14.0	-24.0	0.0	-1.0	
1504808511252	8159220317912	14.0	-24.0	0.0	-1.0	
1504808511270	8159240459514	13.761245727539063	-24.0	0.0	-1.0	
1504808511287	8159260601115	13.0	-24.0	0.0	-1.0	
1504808511307	8159280742717	13.0	-24.0	0.0	-1.0	
1504808511323	8159300884318	13.662628173828125	-24.0	0.0	-1.0	
1504808511341	8159321025920	14.0	-24.0	0.0	-1.0	
1504808511358	8159341167521	14.0	-24.0	0.0	-1.0	
1504808511395	8159361309123	14.0	-24.0	0.0	-1.0	
1504808511411	8159381450725	14.0	-24.0	0.0	-1.0	
1504808511429	8159401592326	14.0	-24.0	0.0	-1.0	
1504808511447	8159421733928	14.0	-24.0	0.0	-1.0	
1504808511465	8159441875529	14.0	-24.0	0.0	-1.0	
1504808511481	8159462017131	14.0	-24.0	0.0	-1.0	
1504808511503	8159482158732	14.0	-24.0	0.0	-1.0	
1504808511534	8159502300334	14.0	-24.0	0.0	-1.0	
1504808511552	8159522441936	14.0	-24.0	0.0	-1.0	
1504808511570	8159542583537	14.0	-24.0	0.0	-1.0	
1504808511586	8159562725139	14.0	-24.0	0.0	-1.0	
1504808511605	8159582866740	14.0	-24.0	0.0	-1.0	
1504808511621	8159603008342	14.0	-24.0	0.0	-1.0	
1504808511640	8159623149943	14.0	-24.0	0.0	-1.0	
1504808511674	8159643291545	14.0	-24.0	0.0	-1.0	
1504808511693	8159663433146	14.0	-24.0	0.0	-1.0	
1504808511710	8159683574748	14.0	-24.0	0.0	-1.0	
1504808511728	8159703716350	14.0	-24.0	0.0	-1.0	
1504808511746	8159723857951	14.0	-24.0	0.0	-1.0	
1504808511770	8159743999553	14.0	-24.0	0.0	-1.0	
1504808511781	8159764141154	14.0	-24.0	0.0	-1.0	
1504808511816	8159784282756	14.0	-24.0	0.0	-1.0	
1504808511834	8159804424357	14.0	-24.0	0.0	-1.0	
1504808511851	8159824565959	14.0	-24.0	0.0	-1.0	
1504808511870	8159844707561	14.0	-24.0	0.0	-1.0	
1504808511887	8159864849162	14.0	-24.0	0.0	-1.0	
1504808511904	8159884990764	14.0	-24.0	0.0	-1.0	
1504808511922	8159905132365	14.0	-24.0	0.0	-1.0	
1504808511957	8159925273967	14.0	-24.0	0.0	-1.0	
1504808511975	8159945415568	14.0	-24.0	0.0	-1.0	
1504808511992	8159965557170	13.667831420898438	-24.0	0.0	-1.0	
1504808512010	8159985698771	13.473220825195313	-24.0	0.0	-1.0	
1504808512032	8160005840373	14.0	-24.0	0.0	-1.0	
1504808512045	8160025981975	14.0	-24.0	0.0	-1.0	
1504808512065	8160046123576	14.0	-24.0	0.0	-1.0	
1504808512099	8160066265178	14.0	-24.0	0.0	-1.0	
1504808512117	8160086406779	14.0	-24.0	0.0	-1.0	
1504808512134	8160106548381	14.0	-24.0	0.0	-1.0	
1504808512152	8160126689982	14.0	-24.0	0.0	-1.0	
1504808512171	8160146831584	14.0	-24.0	0.0	-1.0	
1504808512186	8160166973186	14.0	-24.0	0.0	-1.0	
1504808512204	8160187114787	14.0	-24.0	0.0	-1.0	
1504808512240	8160207256389	14.0	-24.0	0.0	-1.0	
1504808512257	8160227397990	14.0	-24.0	0.0	-1.0	
1504808512274	8160247539592	14.0	-24.0	0.0	-1.0	
1504808512298	8160267681193	14.0	-24.0	0.0	-1.0	
1504808512309	8160287822795	14.0	-24.0	0.0	-1.0	
1504808512329	8160307964396	14.0	-24.0	0.0	-1.0	
1504808512345	8160328105998	14.0	-24.0	0.0	-1.0	
1504808512379	8160348247600	14.0	-24.0	0.0	-1.0	
1504808512397	8160368389201	14.0	-24.0	0.0	-1.0	
1504808512415	8160388530803	14.0	-24.0	0.0	-1.0	
1504808512433	8160408672404	14.0	-24.0	0.0	-1.0	
1504808512452	8160428814006	14.0	-24.0	0.0	-1.0	
1504808512468	8160448955607	14.0	-24.0	0.0	-1.0	
1504808512485	8160469097209	14.0	-24.0	0.0	-1.0	
1504808512526	8160489238811	14.0	-24.0	0.0	-1.0	
1504808512538	8160509380412	14.0	-24.0	0.0	-1.0	
1504808512561	8160529522014	14.0	-24.0	0.0	-1.0	
1504808512574	8160549663615	14.0	-24.0	0.0	-1.0	
1504808512591	8160569805217	14.0	-24.0	0.0	-1.0	
1504808512610	8160589946818	14.0	-24.0	0.0	-1.0	
1504808512627	8160610088420	14.0	-24.0	0.0	-1.0	
1504808512645	8160630230021	14.0	-24.0	0.0	-1.0	
1504808512680	8160650371623	14.0	-24.0	0.0	-1.0	
1504808512697	8160670513225	14.0	-24.0	0.0	-1.0	
1504808512715	8160690654826	14.0	-24.0	0.0	-1.0	
1504808512732	8160710796428	14.0	-24.0	0.0	-1.0	
1504808512750	8160730938029	14.0	-24.0	0.0	-1.0	
1504808512771	8160751079631	14.0	-24.0	0.0	-1.0	
1504808512785	8160771221232	14.0	-24.0	0.0	-1.0	
1504808512824	8160791362834	14.0	-24.0	0.0	-1.0	
1504808512841	8160811504436	14.0	-24.0	0.0	-1.0	
1504808512858	8160831646037	14.0	-24.0	0.0	-1.0	
1504808512874	8160851787639	14.0	-24.0	0.0	-1.0	
1504808512891	8160871929240	14.0	-24.0	0.0	-1.0	
1504808512909	8160892070842	14.0	-24.0	0.0	-1.0	
1504808512929	8160912212443	14.0	-24.0	0.0	-1.0	
1504808512964	8160932354045	14.0	-24.0	0.0	-1.0	
1504808512983	8160952495646	14.0	-24.0	0.0	-1.0	
1504808512997	8160972637248	14.0	-24.0	0.0	-1.0	
1504808513015	8160992778850	14.0	-24.0	0.0	-1.0	
1504808513032	8161012920451	14.0	-24.0	0.0	-1.0	
1504808513050	8161033062053	14.0	-24.0	0.0	-1.0	
1504808513067	8161053203654	14.0	-24.0	0.0	-1.0	
1504808513103	8161073345256	14.0	-24.0	0.0	-1.0	
1504808513120	8161093486857	14.0	-24.0	0.0	-1.0	
1504808513139	8161113628459	14.0	-24.0	0.0	-1.0	
1504808513155	8161133770061	14.0	-24.0	0.0	-1.0	
1504808513175	8161153911662	14.0	-24.0	0.0	-1.0	
1504808513191	8161174053264	14.0	-24.0	0.0	-1.0	
1504808513208	8161194194865	14.0	-24.0	0.0	-1.0	
1504808513244	8161214336467	14.0	-24.0	0.0	-1.0	
1504808513263	8161234478068	14.0	-24.0	0.0	-1.0	
1504808513278	8161254619670	14.0	-24.0	0.0	-1.0	
1504808513298	8161274761271	14.0	-24.0	0.0	-1.0	
1504808513313	8161294902873	14.0	-24.0	0.0	-1.0	
1504808513333	8161315044475	14.0	-24.0	0.0	-1.0	
1504808513351	8161335186076	14.0	-24.0	0.0	-1.0	
1504808513384	8161355327678	14.0	-24.0	0.0	-1.0	
1504808513402	8161375469279	14.0	-24.0	0.0	-1.0	
1504808513420	8161395610881	14.0	-24.0	0.0	-1.0	
1504808513438	8161415752482	14.0	-24.0	0.0	-1.0	
1504808513455	8161435894084	14.0	-24.0	0.0	-1.0	
1504808513473	8161456035686	14.0	-24.0	0.0	-1.0	
1504808513490	8161476177287	14.0	-24.0	0.0	-1.0	
1504808513525	8161496318889	14.0	-24.0	0.0	-1.0	
1504808513543	8161516460490	14.0	-24.0	0.0	-1.0	
1504808513561	8161536602092	14.0	-24.0	0.0	-1.0	
1504808513578	8161556743693	14.0	-24.0	0.0	-1.0	
1504808513596	8161576885295	14.0	-24.0	0.0	-1.0	
1504808513620	8161597026896	14.0	-24.0	0.0	-1.0	
1504808513636	8161617168498	14.0	-24.0	0.0	-1.0	
1504808513668	8161637310100	14.0	-24.0	0.0	-1.0	
1504808513684	8161657451701	14.0	-24.0	0.0	-1.0	
1504808513703	8161677593303	14.0	-24.0	0.0	-1.0	
1504808513720	8161697734904	14.0	-24.0	0.0	-1.0	
1504808513736	8161717885596	14.0	-24.0	0.0	-1.0	
1504808513754	8161738027197	14.0	-24.0	0.0	-1.0	
1504808513772	8161758168799	14.0	-24.0	0.0	-1.0	
1504808513807	8161778310401	14.0	-24.0	0.0	-1.0	
1504808513825	8161798452002	14.0	-24.0	0.0	-1.0	
1504808513843	8161818593604	14.0	-24.0	0.0	-1.0	
1504808513861	8161838735205	14.0	-24.0	0.0	-1.0	
1504808513880	8161858876807	14.0	-24.0	0.0	-1.0	
1504808513896	8161879018408	14.0	-24.0	0.0	-1.0	
1504808513913	8161899160010	14.0	-24.0	0.0	-1.0	
1504808513949	8161919301611	14.0	-24.0	0.0	-1.0	
1504808513968	8161939443213	14.0	-24.0	0.0	-1.0	
1504808513984	8161959584815	14.0	-24.0	0.0	-1.0	
1504808514006	8161979726416	14.0	-24.0	0.0	-1.0	
1504808514019	8161999868018	14.0	-24.0	0.0	-1.0	
1504808514040	8162020009619	14.0	-24.0	0.0	-1.0	
1504808514054	8162040151221	14.0	-24.0	0.0	-1.0	
1504808514090	8162060292822	14.0	-24.0	0.0	-1.0	
1504808514108	8162080434424	14.0	-24.0	0.0	-1.0	
1504808514125	8162100576026	14.0	-24.0	0.0	-1.0	
1504808514146	8162120717627	14.0	-24.0	0.0	-1.0	
1504808514160	8162140859229	14.0	-24.0	0.0	-1.0	
1504808514177	8162161000830	14.0	-24.0	0.0	-1.0	
1504808514196	8162181142432	14.0	-24.0	0.0	-1.0	
1504808514230	8162201284033	14.0	-24.0	0.0	-1.0	
1504808514250	8162221425635	14.0	-24.0	0.0	-1.0	
1504808514266	8162241567236	14.0	-24.0	0.0	-1.0	
1504808514284	8162261708838	14.0	-24.0	0.0	-1.0	
1504808514301	8162281850440	14.0	-24.0	0.0	-1.0	
1504808514319	8162301992041	14.0	-24.0	0.0	-1.0	
1504808514336	8162322133643	14.0	-24.0	0.0	-1.0	
1504808514373	8162342275244	14.0	-24.0	0.0	-1.0	
1504808514389	8162362416846	14.0	-24.0	0.0	-1.0	
1504808514412	8162382558447	14.0	-24.0	0.0	-1.0	
1504808514424	8162402700049	14.0	-24.0	0.0	-1.0	
1504808514445	8162422841651	14.0	-24.0	0.0	-1.0	
1504808514461	8162442983252	14.0	-24.0	0.0	-1.0	
1504808514478	8162463124854	14.0	-24.0	0.0	-1.0	
1504808514513	8162483266455	14.0	-24.0	0.0	-1.0	
1504808514531	8162503408057	14.0	-24.0	0.0	-1.0	
1504808514548	8162523549658	14.0	-24.0	0.0	-1.0	
1504808514566	8162543691260	14.0	-24.0	0.0	-1.0	
1504808514583	8162563832861	14.0	-24.0	0.0	-1.0	
1504808514601	8162583974463	14.0	-24.0	0.0	-1.0	
1504808514619	8162604116065	14.0	-24.0	0.0	-1.0	
1504808514656	8162624257666	14.0	-24.0	0.0	-1.0	
1504808514679	8162644399268	14.0	-24.0	0.0	-1.0	
1504808514690	8162664540869	14.0	-24.0	0.0	-1.0	
1504808514709	8162684682471	14.0	-24.0	0.0	-1.0	
1504808514725	8162704824072	14.0	-24.0	0.0	-1.0	
1504808514743	8162724965674	14.0	-24.0	0.0	-1.0	
1504808514760	8162745107276	14.0	-24.0	0.0	-1.0	
1504808514777	8162765248877	14.0	-24.0	0.0	-1.0	
1504808514813	8162785390479	14.0	-24.0	0.0	-1.0	
1504808514831	8162805532080	14.0	-24.0	0.0	-1.0	
1504808514847	8162825673682	14.0	-24.0	0.0	-1.0	
1504808514869	8162845815283	14.0	-24.0	0.0	-1.0	
1504808514884	8162865956885	14.0	-24.0	0.0	-1.0	
1504808514901	8162886098486	14.0	-24.0	0.0	-1.0	
1504808514918	8162906240088	14.0	-24.0	0.0	-1.0	
1504808514953	8162926381690	14.0	-24.0	0.0	-1.0	
1504808514971	8162946523291	14.0	-24.0	0.0	-1.0	
1504808515000	8162966664893	14.0	-24.0	0.0	-1.0	
1504808515006	8162986806494	14.0	-24.0	0.0	-1.0	
1504808515023	8163006948096	14.0	-24.0	0.0	-1.0	
1504808515046	8163027089697	14.0	-24.0	0.0	-1.0	
1504808515059	8163047231299	14.0	-24.0	0.0	-1.0	
1504808515094	8163067372901	14.0	-24.0	0.0	-1.0	
1504808515112	8163087514502	14.0	-24.0	0.0	-1.0	
1504808515131	8163107656104	14.0	-24.0	0.0	-1.0	
1504808515147	8163127797705	14.0	-24.0	0.0	-1.0	
1504808515165	8163147939307	14.0	-24.0	0.0	-1.0	
1504808515182	8163168080908	14.0	-24.0	0.0	-1.0	
1504808515204	8163188222510	14.0	-24.0	0.0	-1.0	
1504808515235	8163208364111	14.0	-24.0	0.0	-1.0	
1504808515254	8163228505713	14.0	-24.0	0.0	-1.0	
1504808515270	8163248647315	14.0	-24.0	0.0	-1.0	
1504808515287	8163268788916	14.0	-24.0	0.0	-1.0	
1504808515306	8163288930518	14.0	-24.0	0.0	-1.0	
1504808515323	8163309072119	14.0	-24.0	0.0	-1.0	
1504808515340	8163329213721	14.0	-24.0	0.0	-1.0	
1504808515376	8163349355322	14.0	-24.0	0.0	-1.0	
1504808515393	8163369496924	14.0	-24.0	0.0	-1.0	
1504808515413	8163389638526	14.0	-24.0	0.0	-1.0	
1504808515429	8163409780127	14.0	-24.0	0.0	-1.0	
1504808515447	8163429921729	14.0	-24.0	0.0	-1.0	
1504808515468	8163450063330	13.192047119140625	-24.0	0.0	-1.0	
1504808515483	8163470204932	13.949813842773438	-24.0	0.0	-1.0	
1504808515517	8163490346533	14.0	-24.0	0.0	-1.0	
1504808515535	8163510488135	14.0	-24.0	0.0	-1.0	
1504808515551	8163530629736	14.0	-24.0	0.0	-1.0	
1504808515574	8163550771338	14.0	-24.0	0.0	-1.0	
1504808515588	8163570912940	14.0	-24.0	0.0	-1.0	
1504808515607	8163591054541	14.0	-24.0	0.0	-1.0	
1504808515623	8163611196143	14.0	-24.0	0.0	-1.0	
1504808515658	8163631337744	14.0	-24.0	0.0	-1.0	
1504808515676	8163651479346	14.0	-24.0	0.0	-1.0	
1504808515693	8163671620947	14.0	-24.0	0.0	-1.0	
1504808515711	8163691762549	13.49481201171875	-24.0	0.0	-1.0	
1504808515732	8163711904151	13.0	-24.0	0.0	-1.0	
1504808515746	8163732045752	13.0	-24.0	0.0	-1.0	
1504808515764	8163752187354	13.0	-24.0	0.0	-1.0	
1504808515799	8163772328955	13.0	-24.0	0.0	-1.0	
1504808515817	8163792470557	13.0	-24.0	0.0	-1.0	
1504808515838	8163812612158	13.0	-24.0	0.0	-1.0	
1504808515852	8163832753760	13.0	-24.0	0.0	-1.0	
1504808515869	8163852895361	13.0	-24.0	0.0	-1.0	
1504808515888	8163873036963	13.0	-24.0	0.0	-1.0	
1504808515906	8163893178565	13.92041015625	-24.0	0.0	-1.0	
1504808515940	8163913320166	14.0	-24.0	0.0	-1.0	
1504808515957	8163933461768	14.0	-24.0	0.0	-1.0	
1504808515976	8163953603369	13.654586791992188	-24.0	0.0	-1.0	
1504808515996	8163973744971	13.0	-24.0	0.0	-1.0	
1504808516011	8163993886572	13.0	-24.0	0.0	-1.0	
1504808516028	8164014028174	13.0	-24.0	0.0	-1.0	
1504808516047	8164034169776	13.0	-24.0	0.0	-1.0	
1504808516081	8164054311377	13.0	-24.0	0.0	-1.0	
1504808516099	8164074452979	13.0	-24.0	0.0	-1.0	
1504808516116	8164094594580	13.0	-24.0	0.0	-1.0	
1504808516134	8164114736182	13.0	-24.0	0.0	-1.0	
1504808516155	8164134877783	13.0	-24.0	0.0	-1.0	
1504808516169	8164155019385	13.0	-24.0	0.0	-1.0	
1504808516188	8164175160986	13.0	-24.0	0.0	-1.0	
1504808516222	8164195302588	13.0	-24.0	0.0	-1.0	
1504808516240	8164215444190	13.0	-24.0	0.0	-1.0	
1504808516262	8164235585791	13.0	-24.0	0.0	-1.0	
1504808516275	8164255727393	13.0	-24.0	0.0	-1.0	
1504808516292	8164275868994	13.0	-24.0	0.0	-1.0	
1504808516310	8164296010596	13.0	-24.0	0.0	-1.0	
1504808516328	8164316152197	13.0	-24.0	0.0	-1.0	
1504808516364	8164336293799	13.0	-24.0	0.0	-1.0	
1504808516382	8164356435401	13.0	-24.0	0.0	-1.0	
1504808516397	8164376577002	13.0	-24.0	0.0	-1.0	
1504808516416	8164396718604	13.0	-24.0	0.0	-1.0	
1504808516434	8164416860205	13.0	-24.0	0.0	-1.0	
1504808516451	8164437001807	13.0	-24.0	0.0	-1.0	
1504808516469	8164457143408	13.0	-24.0	0.0	-1.0	
1504808516506	8164477285010	13.0	-24.0	0.0	-1.0	
1504808516526	8164497426611	13.0	-24.0	0.0	-1.0	
1504808516539	8164517568213	13.0	-24.0	0.0	-1.0	
1504808516557	8164537709815	13.0	-24.0	0.0	-1.0	
1504808516575	8164557851416	13.0	-24.0	0.0	-1.0	
1504808516593	8164577993018	13.0	-24.0	0.0	-1.0	
1504808516610	8164598134619	13.0	-24.0	0.0	-1.0	
1504808516645	8164618276221	13.0	-24.0	0.0	-1.0	
1504808516663	8164638417822	13.0	-24.0	0.0	-1.0	
1504808516684	8164658559424	13.0	-24.0	0.0	-1.0	
1504808516700	8164678701026	13.0	-24.0	0.0	-1.0	
1504808516715	8164698842627	13.0	-24.0	0.0	-1.0	
1504808516736	8164718984229	13.0	-24.0	0.0	-1.0	
1504808516751	8164739125830	13.0	-24.0	0.0	-1.0	
1504808516792	8164759267432	13.0	-24.0	0.0	-1.0	
1504808516803	8164779409033	13.0	-24.0	0.0	-1.0	
1504808516821	8164799550635	13.0	-24.0	0.0	-1.0	
1504808516839	8164819692236	13.0	-24.0	0.0	-1.0	
1504808516857	8164839833838	13.0	-24.0	0.0	-1.0	
1504808516874	8164859975440	13.0	-24.0	0.0	-1.0	
1504808516892	8164880117041	13.0	-24.0	0.0	-1.0	
1504808516927	8164900258643	13.0	-24.0	0.0	-1.0	
1504808516945	8164920400244	13.0	-24.0	0.0	-1.0	
1504808516962	8164940541846	13.0	-24.0	0.0	-1.0	
1504808516980	8164960683447	13.0	-24.0	0.0	-1.0	
1504808516999	8164980825049	13.0	-24.0	0.0	-1.0	
1504808517015	8165000966651	13.0	-24.0	0.0	-1.0	
1504808517034	8165021108252	13.0	-24.0	0.0	-1.0	
1504808517070	8165041249854	13.0	-24.0	0.0	-1.0	
1504808517086	8165061391455	13.0	-24.0	0.0	-1.0	
1504808517104	8165081533057	13.0	-24.0	0.0	-1.0	
1504808517121	8165101674658	13.0	-24.0	0.0	-1.0	
1504808517139	8165121816260	13.0	-24.0	0.0	-1.0	
1504808517157	8165141957861	13.0	-24.0	0.0	-1.0	
1504808517174	8165162099463	13.0	-24.0	0.0	-1.0	
1504808517209	8165182241065	13.0	-24.0	0.0	-1.0	
1504808517226	8165202382666	13.0	-24.0	0.0	-1.0	
1504808517244	8165222524268	13.0	-24.0	0.0	-1.0	
