1504808307172	7955145618110	17.461288452148438	-26.0	-2.0	95.0	
1504808307195	7955165759711	17.0	-26.0	-2.0	95.0	
1504808307202	7955185901313	17.0	-26.0	-2.0	95.0	
1504808307222	7955206042915	17.0	-26.0	-2.0	95.0	
1504808307256	7955226184516	17.0	-26.0	-2.0	95.0	
1504808307272	7955246326118	17.0	-26.0	-2.0	95.0	
1504808307289	7955266467719	17.361434936523438	-26.0	-2.0	95.0	
1504808307309	7955286609321	18.0	-26.0	-2.0	95.0	
1504808307325	7955306750922	18.0	-26.0	-2.0	95.0	
1504808307342	7955326892524	18.0	-26.0	-2.0	95.0	
1504808307361	7955347034125	18.0	-26.0	-2.0	95.0	
1504808307397	7955367175727	18.0	-25.0	-2.0	95.0	
1504808307419	7955387317329	18.0	-25.182754516601563	-2.0	95.0	
1504808307436	7955407458930	18.0	-26.0	-2.0	95.0	
1504808307452	7955427600532	17.54217529296875	-26.0	-2.0	95.0	
1504808307479	7955447742133	17.0	-26.0	-2.0	95.0	
1504808307485	7955467883735	17.0	-26.0	-2.0	95.0	
1504808307502	7955488025336	17.0	-26.0	-2.0	95.0	
1504808307538	7955508166938	17.0	-26.0	-2.0	95.0	
1504808307556	7955528308540	17.0	-26.0	-2.0	95.0	
1504808307575	7955548450141	17.0	-25.720703125	-2.0	95.0	
1504808307594	7955568591743	17.417236328125	-25.0	-2.0	95.0	
1504808307608	7955588733344	18.0	-25.0	-2.0	95.0	
1504808307625	7955608874946	18.0	-25.0	-2.0	95.0	
1504808307644	7955629016547	18.0	-25.0	-2.0	95.0	
1504808307661	7955649158149	17.032821655273438	-25.0	-2.0	95.0	
1504808307700	7955669299750	17.0	-26.0	-2.0	95.0	
1504808307713	7955689441352	17.0	-26.0	-2.0	95.0	
1504808307732	7955709582954	17.0	-26.0	-2.0	95.0	
1504808307748	7955729724555	17.0	-26.0	-2.0	95.0	
1504808307764	7955749866157	17.0	-26.0	-2.0	95.0	
1504808307784	7955770007758	17.0	-26.0	-2.0	95.0	
1504808307829	7955790149360	17.0	-26.0	-2.0	95.0	
1504808307857	7955810290961	17.0	-26.0	-2.0	95.0	
1504808307865	7955830432563	17.0	-26.0	-2.0	95.0	
1504808307873	7955850574165	17.0	-26.0	-2.0	95.0	
1504808307890	7955870715766	17.0	-26.0	-2.0	95.0	
1504808307905	7955890857368	17.0	-25.286468505859375	-2.0	95.0	
1504808307924	7955910998969	17.0	-25.0	-2.0	95.0	
1504808307967	7955931140571	17.0	-26.0	-2.0	95.0	
1504808307977	7955951282172	17.0	-26.0	-2.0	95.0	
1504808307996	7955971423774	17.0	-26.0	-2.0	95.0	
1504808308012	7955991565375	17.0	-26.0	-2.0	95.0	
1504808308030	7956011706977	17.0	-26.0	-2.0	95.0	
1504808308047	7956031848579	17.0	-26.0	-2.0	95.0	
1504808308066	7956051990180	17.0	-26.0	-2.0	95.0	
1504808308108	7956072131782	17.0	-26.0	-2.0	95.0	
1504808308127	7956092273383	17.0	-26.0	-2.0	95.0	
1504808308136	7956112414985	17.0	-26.0	-2.0	95.0	
1504808308154	7956132556586	17.0	-26.0	-2.0	95.0	
1504808308171	7956152698188	17.0	-26.0	-2.0	95.0	
1504808308187	7956172839790	17.0	-26.0	-2.0	95.0	
1504808308209	7956192981391	17.0	-26.0	-2.0	95.0	
1504808308241	7956213122993	17.0	-26.0	-2.0	95.0	
1504808308260	7956233264594	17.0	-26.0	-2.0	95.0	
1504808308277	7956253406196	17.0	-26.0	-2.0	95.0	
1504808308295	7956273547797	17.0	-26.0	-2.0	95.0	
1504808308316	7956293689399	17.0	-26.0	-2.0	95.0	
1504808308329	7956313831000	17.0	-26.0	-2.776031494140625	95.0	
1504808308349	7956333972602	17.0	-26.0	-3.0	95.0	
1504808308384	7956354114204	17.0	-26.0	-3.0	95.0	
1504808308401	7956374255805	17.0	-26.0	-3.0	95.0	
1504808308425	7956394397407	17.0	-26.0	-3.0	95.0	
1504808308436	7956414539008	17.0	-26.0	-3.0	95.0	
1504808308454	7956434680610	17.0	-26.0	-3.0	95.0	
1504808308475	7956454822211	17.0	-26.0	-3.0	95.0	
1504808308490	7956474963813	17.0	-26.0	-3.0	95.0	
1504808308527	7956495105415	17.0	-26.0	-3.0	95.0	
1504808308543	7956515247016	17.0	-26.0	-3.0	95.0	
1504808308560	7956535388618	17.0	-26.0	-3.0	95.0	
1504808308580	7956555530219	17.0	-26.0	-3.0	95.0	
1504808308596	7956575671821	17.0	-26.0	-3.0	95.0	
1504808308611	7956595813422	17.0	-26.0	-3.0	95.0	
1504808308630	7956615955024	17.0	-26.0	-3.0	95.0	
1504808308666	7956636096625	17.0	-26.0	-3.0	95.0	
1504808308686	7956656238227	17.0	-26.0	-3.0	95.0	
1504808308702	7956676379829	17.0	-26.0	-3.0	95.0	
1504808308719	7956696521430	17.0	-26.0	-3.0	95.0	
1504808308744	7956716663032	17.0	-26.0	-3.0	95.0	
1504808308752	7956736804633	17.0	-26.0	-3.0	95.0	
1504808308772	7956756946235	17.0	-26.0	-3.0	95.0	
1504808308807	7956777087836	17.0	-26.0	-3.0	95.0	
1504808308823	7956797229438	17.0	-26.0	-3.0	95.0	
1504808308844	7956817371040	17.0	-26.0	-3.0	95.0	
1504808308859	7956837512641	17.0	-26.0	-3.0	95.0	
1504808308877	7956857654243	17.0	-26.0	-3.0	95.0	
1504808308894	7956877795844	17.0	-26.0	-3.0	95.0	
1504808308929	7956897937446	17.0	-26.0	-3.0	95.0	
1504808308947	7956918079047	17.0	-26.0	-3.0	95.0	
1504808308964	7956938220649	17.0	-26.0	-3.0	95.0	
1504808308982	7956958362250	17.0	-26.0	-3.0	95.0	
1504808309003	7956978503852	17.0	-26.0	-3.0	95.0	
1504808309017	7956998645454	17.0	-26.0	-3.0	95.0	
1504808309033	7957018787055	17.0	-26.0	-3.0	95.0	
1504808309070	7957038928657	17.0	-26.0	-3.0	95.0	
1504808309089	7957059070258	17.0	-26.0	-3.0	95.0	
1504808309106	7957079211860	17.0	-26.0	-3.0	95.0	
1504808309133	7957099353461	17.0	-26.0	-3.0	95.0	
1504808309140	7957119495063	17.0	-26.0	-3.0	95.0	
1504808309159	7957139636665	17.0	-26.0	-3.0	95.0	
1504808309174	7957159778266	17.0	-26.0	-3.0	95.0	
1504808309210	7957179919868	17.0	-26.0	-3.0	95.0	
1504808309228	7957200061469	17.0	-26.0	-3.0	95.0	
1504808309247	7957220203071	17.0	-26.0	-3.0	95.0	
1504808309266	7957240344672	17.0	-26.0	-3.0	95.0	
1504808309281	7957260486274	17.0	-26.0	-3.0	95.0	
1504808309299	7957280627875	17.0	-26.0	-3.0	95.0	
1504808309317	7957300769477	17.0	-26.0	-3.0	95.0	
1504808309352	7957320911079	17.0	-26.0	-3.0	95.0	
1504808309369	7957341052680	17.0	-26.0	-3.0	95.0	
1504808309387	7957361194282	17.0	-26.0	-3.0	95.0	
1504808309404	7957381335883	17.0	-26.0	-3.0	95.0	
1504808309423	7957401477485	17.0	-26.0	-3.0	95.0	
1504808309440	7957421619086	17.0	-26.0	-3.0	95.0	
1504808309457	7957441760688	17.0	-26.0	-3.0	95.0	
1504808309492	7957461902290	17.0	-26.0	-3.0	95.0	
1504808309510	7957482043891	17.0	-26.0	-3.0	95.0	
1504808309531	7957502185493	17.0	-26.0	-3.0	95.0	
1504808309545	7957522327094	17.0	-26.0	-3.0	95.0	
1504808309563	7957542468696	17.0	-26.0	-3.0	95.0	
1504808309582	7957562610297	17.0	-26.0	-3.0	95.0	
1504808309597	7957582751899	17.0	-26.0	-3.0	95.0	
1504808309634	7957602893500	17.0	-26.0	-3.0	95.0	
1504808309652	7957623035102	17.0	-26.0	-3.0	95.0	
1504808309669	7957643176704	17.0	-26.0	-3.0	95.0	
1504808309691	7957663318305	17.0	-26.0	-3.0	95.0	
1504808309704	7957683459907	17.0	-26.0	-3.0	95.0	
1504808309722	7957703601508	17.0	-26.0	-3.0	95.0	
1504808309739	7957723743110	17.0	-26.0	-3.0	95.0	
1504808309776	7957743884711	17.0	-26.0	-3.0	95.0	
1504808309795	7957764026313	17.0	-26.0	-3.0	95.0	
1504808309810	7957784167915	17.0	-26.0	-3.0	95.0	
1504808309828	7957804309516	17.0	-26.0	-3.0	95.0	
1504808309850	7957824451118	17.0	-26.0	-3.0	95.0	
1504808309863	7957844592719	17.0	-26.0	-3.0	95.0	
1504808309899	7957864734321	17.0	-26.0	-3.0	95.0	
1504808309916	7957884875922	17.0	-26.0	-3.0	95.0	
1504808309938	7957905017524	17.0	-26.0	-3.0	95.0	
1504808309953	7957925159125	17.0	-26.0	-3.0	95.0	
1504808309973	7957945300727	17.0	-26.0	-3.0	95.0	
1504808309990	7957965442329	17.0	-26.0	-3.0	95.0	
1504808310006	7957985583930	17.0	-26.0	-3.0	95.0	
1504808310038	7958005725532	17.0	-26.0	-3.0	95.0	
1504808310059	7958025867133	17.0	-26.0	-3.0	95.0	
1504808310074	7958046008735	17.0	-26.0	-3.0	95.0	
1504808310103	7958066150336	17.0	-26.0	-3.0	95.0	
1504808310110	7958086291938	17.0	-26.0	-3.0	95.0	
1504808310127	7958106433540	17.0	-26.0	-3.0	95.0	
1504808310145	7958126575141	17.0	-26.0	-3.0	95.0	
1504808310179	7958146716743	17.0	-26.0	-3.0	95.0	
1504808310198	7958166858344	17.0	-26.0	-3.0	95.0	
1504808310215	7958186999946	17.0	-26.0	-3.0	95.0	
1504808310232	7958207141547	17.0	-26.0	-3.0	95.0	
1504808310250	7958227283149	17.0	-26.0	-3.0	95.0	
1504808310269	7958247424750	17.0	-26.0	-3.0	95.0	
1504808310287	7958267566352	17.0	-26.0	-3.0	95.0	
1504808310330	7958287707954	17.0	-26.0	-3.0	95.0	
1504808310344	7958307849555	17.0	-26.0	-3.0	95.0	
1504808310367	7958327991157	17.0	-26.0	-3.0	95.0	
1504808310383	7958348132758	17.0	-26.0	-3.0	95.0	
1504808310394	7958368274360	17.0	-26.0	-3.0	95.0	
1504808310413	7958388415961	17.0	-26.0	-3.0	95.0	
1504808310428	7958408557563	17.0	-26.0	-3.0	95.0	
1504808310461	7958428699165	17.0	-26.0	-3.0	95.0	
1504808310479	7958448840766	17.0	-26.0	-3.0	95.0	
1504808310498	7958468982368	17.0	-26.0	-3.0	95.0	
1504808310515	7958489123969	17.0	-26.0	-3.0	95.0	
1504808310534	7958509265571	17.0	-26.0	-3.0	95.0	
1504808310550	7958529407172	17.0	-26.0	-3.0	95.0	
1504808310568	7958549548774	17.0	-26.0	-3.0	95.0	
1504808310602	7958569690375	17.0	-26.0	-3.0	95.0	
1504808310621	7958589831977	17.0	-26.0	-3.0	95.0	
1504808310638	7958609973579	17.0	-26.0	-3.0	95.0	
1504808310656	7958630115180	17.0	-26.0	-3.0	95.0	
1504808310673	7958650256782	17.0	-26.0	-3.0	95.0	
1504808310692	7958670398383	17.0	-26.0	-3.0	95.0	
1504808310711	7958690539985	17.0	-26.0	-3.0	95.0	
1504808310745	7958710681586	17.0	-26.0	-3.0	95.0	
1504808310761	7958730823188	17.0	-26.0	-3.0	95.0	
1504808310780	7958750964790	17.0	-26.0	-3.0	95.0	
1504808310797	7958771106391	17.0	-26.0	-3.0	95.0	
1504808310814	7958791247993	17.0	-26.0	-3.0	95.0	
1504808310833	7958811389594	17.0	-26.0	-3.0	95.0	
1504808310867	7958831531196	17.0	-26.0	-3.0	95.0	
1504808310884	7958851672797	17.0	-26.0	-3.0	95.0	
1504808310902	7958871814399	17.0	-26.0	-3.0	95.0	
1504808310920	7958891956000	17.0	-26.0	-3.0	95.0	
1504808310939	7958912097602	17.0	-26.0	-3.0	95.0	
1504808310956	7958932239204	17.0	-26.0	-3.0	95.0	
1504808310975	7958952380805	17.0	-26.0	-3.0	95.0	
1504808311009	7958972522407	17.0	-26.0	-3.0	95.0	
1504808311025	7958992664008	17.0	-26.0	-3.0	95.0	
1504808311044	7959012805610	17.0	-26.0	-3.0	95.0	
1504808311063	7959032947211	17.0	-26.0	-3.0	95.0	
1504808311079	7959053088813	17.0	-26.0	-3.0	95.0	
1504808311099	7959073230415	17.0	-26.0	-3.0	95.0	
1504808311120	7959093372016	17.0	-26.0	-3.0	95.0	
1504808311149	7959113513618	17.0	-26.0	-2.0	95.0	
1504808311166	7959133655219	17.0	-26.0	-2.0	95.0	
1504808311184	7959153796821	17.0	-26.0	-2.0	95.0	
1504808311203	7959173938422	17.0	-26.0	-2.0	95.0	
1504808311221	7959194080024	17.0	-26.0	-2.0	95.0	
1504808311237	7959214221625	17.0	-26.0	-2.0	95.0	
1504808311255	7959234363227	17.0	-26.0	-2.0	95.0	
1504808311290	7959254504829	17.0	-26.0	-2.0	95.0	
1504808311307	7959274646430	17.0	-26.0	-2.0	95.0	
1504808311325	7959294788032	17.0	-26.0	-2.0	95.0	
1504808311344	7959314929633	17.0	-26.0	-2.0	95.0	
1504808311361	7959335071235	17.0	-26.0	-2.0	95.0	
1504808311383	7959355212836	17.0	-26.0	-2.0	95.0	
1504808311397	7959375354438	17.0	-26.0	-2.0	95.0	
1504808311433	7959395496040	17.0	-26.0	-2.0	95.0	
1504808311449	7959415637641	17.0	-26.0	-2.0	95.0	
1504808311468	7959435779243	17.0	-26.0	-2.0	95.0	
1504808311484	7959455920844	17.0	-26.0	-2.0	95.0	
1504808311502	7959476062446	17.0	-26.0	-2.0	95.0	
1504808311519	7959496204047	17.0	-26.0	-2.0	95.0	
1504808311539	7959516345649	17.0	-26.0	-2.0	95.0	
1504808311572	7959536487250	17.0	-26.0	-2.0	95.0	
1504808311592	7959556628852	17.0	-26.0	-2.0	95.0	
1504808311613	7959576770454	17.0	-26.0	-2.0	95.0	
1504808311625	7959596912055	17.0	-26.0	-2.0	95.0	
1504808311646	7959617053657	17.0	-26.0	-2.0	95.0	
1504808311666	7959637195258	17.0	-26.0	-2.0	95.0	
1504808311678	7959657336860	17.0	-26.0	-2.0	95.0	
1504808311713	7959677478461	17.0	-26.0	-2.0	95.0	
1504808311730	7959697620063	17.0	-26.0	-2.0	95.0	
1504808311754	7959717761665	17.0	-26.0	-2.0	95.0	
1504808311766	7959737903266	17.0	-26.0	-2.0	95.0	
1504808311784	7959758044868	17.0	-26.0	-2.0	95.0	
1504808311803	7959778186469	17.0	-26.0	-2.0	95.0	
1504808311837	7959798328071	17.0	-26.0	-2.0	95.0	
1504808311854	7959818469672	17.0	-26.0	-2.0	95.0	
1504808311889	7959838611274	17.0	-26.0	-2.0	95.0	
1504808311897	7959858752875	17.0	-26.0	-2.0	95.0	
1504808311912	7959878894477	17.0	-26.0	-2.0	95.0	
1504808311925	7959899036079	17.0	-26.0	-2.0	95.0	
1504808311942	7959919177680	17.0	-26.0	-2.0	95.0	
1504808311962	7959939319282	17.0	-26.0	-2.0	95.0	
1504808312001	7959959460883	17.0	-26.0	-2.0	95.0	
1504808312012	7959979602485	17.0	-26.0	-2.0	95.0	
1504808312033	7959999744086	17.0	-26.0	-2.0	95.0	
1504808312053	7960019885688	17.0	-26.0	-2.0	95.0	
1504808312073	7960040027290	17.0	-26.0	-2.0	95.0	
1504808312099	7960060168891	17.0	-26.0	-2.0	95.0	
1504808312117	7960080310493	17.0	-26.0	-2.0	95.0	
1504808312132	7960100452094	17.0	-26.0	-2.0	95.0	
1504808312143	7960120593696	17.0	-26.0	-2.0	95.0	
1504808312176	7960140735297	17.0	-26.0	-2.0	95.0	
1504808312272	7960160876899	17.0	-26.0	-2.0	95.0	
1504808312302	7960181018500	17.0	-26.0	-2.0	95.0	
1504808312319	7960201160102	17.0	-26.0	-2.0	95.0	
1504808312337	7960221301704	17.0	-26.0	-2.0	95.0	
1504808312346	7960241443305	17.0	-26.0	-2.0	95.0	
1504808312362	7960261584907	17.0	-26.0	-2.0	95.0	
1504808312389	7960281726508	17.0	-26.0	-2.0	95.0	
1504808312413	7960301868110	17.0	-26.0	-2.0	95.0	
1504808312428	7960322009711	17.0	-26.0	-2.0	95.0	
1504808312446	7960342151313	17.0	-26.0	-2.0	95.0	
1504808312516	7960362292915	17.0	-26.0	-2.0	95.0	
1504808312527	7960382434516	17.0	-26.0	-2.0	95.0	
1504808312538	7960402576118	17.0	-26.0	-2.0	95.0	
1504808312550	7960422717719	17.0	-26.0	-2.0	95.0	
1504808312566	7960442859321	17.0	-26.0	-2.0	95.0	
1504808312586	7960463000922	17.0	-26.0	-2.0	95.0	
1504808312610	7960483142524	17.0	-26.0	-2.0	95.0	
1504808312614	7960503284125	17.0	-26.0	-2.0	95.0	
1504808312639	7960523425727	17.0	-26.0	-2.0	95.0	
1504808312648	7960543567329	17.0	-26.0	-2.0	95.0	
1504808312672	7960563708930	17.0	-26.0	-2.0	95.0	
1504808312686	7960583850532	17.0	-26.0	-2.0	95.0	
1504808312701	7960603992133	17.0	-26.0	-2.0	95.0	
1504808312710	7960624133735	17.0	-26.0	-2.0	95.0	
1504808312723	7960644275336	17.0	-26.0	-2.0	95.0	
1504808312739	7960664416938	17.0	-26.0	-2.0	95.0	
1504808312748	7960684558540	17.0	-26.0	-2.0	95.0	
1504808312767	7960704700141	17.0	-26.0	-2.0	95.0	
1504808312778	7960724841743	17.0	-26.0	-2.0	95.0	
1504808312793	7960744983344	17.0	-26.0	-2.0	95.0	
1504808312810	7960765124946	17.0	-26.0	-2.0	95.0	
1504808312840	7960785266547	17.0	-26.0	-2.0	95.0	
1504808312851	7960805408149	17.0	-26.0	-2.0	95.0	
1504808312869	7960825549750	17.0	-26.0	-2.0	95.0	
1504808312894	7960845691352	17.0	-26.0	-2.0	95.0	
1504808312904	7960865832954	17.0	-26.0	-2.0	95.0	
1504808312931	7960885974555	17.0	-26.0	-2.0	95.0	
1504808312966	7960906116157	17.0	-26.0	-2.0	95.0	
1504808312978	7960926257758	17.0	-26.0	-2.0	95.0	
1504808313019	7960946399360	17.0	-26.0	-2.0	95.0	
1504808313076	7960966540961	17.0	-26.0	-2.0	95.0	
1504808313094	7960986682563	17.0	-26.0	-2.0	95.0	
1504808313118	7961006824165	17.0	-26.0	-2.0	95.0	
1504808313136	7961026965766	17.0	-26.0	-2.0	95.0	
1504808313187	7961047107368	17.0	-26.0	-2.0	95.0	
1504808313207	7961067248969	17.0	-26.0	-2.0	95.0	
1504808313222	7961087390571	17.0	-26.0	-2.0	95.0	
1504808313242	7961107532172	17.0	-26.0	-2.0	95.0	
1504808313255	7961127673774	17.0	-26.0	-2.0	95.0	
1504808313269	7961147815375	17.0	-26.0	-2.0	95.0	
1504808313283	7961167956977	17.0	-26.0	-2.0	95.0	
1504808313293	7961188098579	17.0	-26.0	-2.0	95.0	
1504808313312	7961208240180	17.0	-26.0	-2.0	95.0	
1504808313323	7961228381782	17.0	-26.0	-2.0	95.0	
1504808313333	7961248523383	17.0	-26.0	-2.0	95.0	
1504808313356	7961268664985	17.0	-26.0	-2.0	95.0	
1504808313369	7961288806586	17.0	-26.0	-2.0	95.0	
1504808313381	7961308948188	17.0	-26.0	-2.0	95.0	
1504808313404	7961329089790	17.0	-26.0	-2.0	95.0	
1504808313410	7961349231391	17.0	-26.0	-2.0	95.0	
1504808313430	7961369372993	17.0	-26.0	-2.0	95.0	
1504808313443	7961389514594	17.0	-26.0	-2.0	95.0	
1504808313470	7961409656196	17.0	-26.0	-2.0	95.0	
1504808313486	7961429797797	17.0	-26.0	-2.0	95.0	
1504808313509	7961449939399	17.0	-26.0	-2.0	95.0	
1504808313522	7961470081000	17.0	-26.0	-2.0	95.0	
1504808313539	7961490222602	17.0	-26.0	-2.0	95.0	
1504808313563	7961510364204	17.0	-26.0	-2.0	95.0	
1504808313582	7961530505805	17.0	-26.0	-2.0	95.0	
1504808313599	7961550647407	17.0	-26.0	-2.0	95.0	
1504808313623	7961570789008	17.0	-26.0	-2.0	95.0	
1504808313641	7961590930610	17.0	-26.0	-2.0	95.0	
1504808313662	7961611072211	17.0	-26.0	-2.0	95.0	
1504808313674	7961631213813	17.0	-26.0	-2.0	95.0	
1504808313681	7961651355415	17.0	-26.0	-2.0	95.0	
1504808313688	7961671497016	17.0	-26.0	-2.0	95.0	
1504808313704	7961691638618	17.0	-26.0	-2.0	95.0	
1504808313740	7961711772010	17.0	-26.0	-2.0	95.0	
1504808313763	7961731913612	17.0	-26.0	-2.0	95.0	
1504808313775	7961752055213	17.0	-26.0	-2.0	95.0	
1504808313793	7961772196815	17.0	-26.0	-2.0	95.0	
1504808313838	7961792338416	17.0	-26.0	-2.0	95.0	
1504808313847	7961812480018	17.0	-26.0	-2.0	95.0	
1504808313854	7961832621620	17.0	-26.0	-2.0	95.0	
1504808313882	7961852763221	17.0	-26.0	-2.0	95.0	
1504808313904	7961872904823	17.0	-26.0	-2.0	95.0	
1504808313918	7961893046424	17.0	-26.0	-2.0	95.0	
1504808313939	7961913188026	17.0	-26.0	-2.0	95.0	
1504808313983	7961933329627	17.0	-26.0	-2.0	95.0	
1504808314007	7961953471229	17.0	-26.0	-2.0	95.0	
1504808314026	7961973612831	17.0	-26.0	-2.0	95.0	
1504808314053	7961993754432	17.0	-26.0	-2.0	95.0	
1504808314070	7962013896034	17.0	-26.0	-2.0	95.0	
1504808314082	7962034037635	17.0	-26.0	-2.0	95.0	
1504808314096	7962054179237	17.0	-26.0	-2.0	95.0	
1504808314107	7962074320838	17.0	-26.0	-2.0	95.0	
1504808314118	7962094462440	17.0	-26.0	-2.0	95.0	
1504808314146	7962114604041	17.0	-26.0	-2.0	95.0	
1504808314163	7962134745643	17.0	-26.0	-2.0	95.0	
1504808314185	7962154887245	17.0	-26.0	-2.0	95.0	
1504808314201	7962175028846	17.0	-26.0	-2.0	95.0	
1504808314216	7962195170448	17.0	-26.0	-2.0	95.0	
1504808314234	7962215312049	17.0	-26.0	-2.0	95.0	
1504808314251	7962235453651	17.0	-26.0	-2.0	95.0	
1504808314289	7962255595252	17.0	-26.0	-2.0	95.0	
1504808314304	7962275736854	17.0	-26.0	-2.0	95.0	
1504808314325	7962295878456	17.0	-26.0	-2.0	95.0	
1504808314342	7962316020057	17.0	-26.0	-2.0	95.0	
1504808314357	7962336161659	17.0	-26.0	-2.0	95.0	
1504808314374	7962356303260	17.0	-26.0	-2.0	95.0	
1504808314409	7962376444862	17.0	-26.0	-2.0	95.0	
1504808314428	7962396586463	17.0	-26.0	-2.0	95.0	
1504808314445	7962416728065	17.0	-26.0	-2.0	95.0	
1504808314466	7962436869666	17.0	-26.0	-2.0	95.0	
1504808314480	7962457011268	17.0	-26.0	-2.0	95.0	
1504808314500	7962477152870	17.0	-26.0	-2.0	95.0	
1504808314516	7962497294471	17.0	-26.0	-2.0	95.0	
1504808314552	7962517436073	17.0	-26.0	-2.0	95.0	
1504808314568	7962537577674	17.0	-26.0	-2.0	95.0	
1504808314586	7962557719276	17.0	-26.0	-2.0	95.0	
1504808314605	7962577860877	17.0	-26.0	-2.0	95.0	
1504808314621	7962598002479	17.0	-26.0	-2.0	95.0	
1504808314639	7962618144081	17.0	-26.0	-2.0	95.0	
1504808314658	7962638285682	17.0	-26.0	-2.0	95.0	
1504808314690	7962658427284	17.0	-26.0	-2.0	95.0	
1504808314711	7962678568885	17.0	-26.0	-2.0	95.0	
1504808314729	7962698710487	17.0	-26.0	-2.0	95.0	
1504808314746	7962718852088	17.0	-26.0	-2.0	95.0	
1504808314764	7962738993690	17.0	-26.0	-2.0	95.0	
1504808314780	7962759135291	17.0	-26.0	-2.0	95.0	
1504808314819	7962779276893	17.0	-25.0	-2.0	95.0	
1504808314838	7962799418495	17.0	-25.176254272460938	-2.0	95.0	
1504808314854	7962819560096	17.0	-26.0	-2.0	95.0	
1504808314880	7962839701698	17.0	-26.0	-2.0	95.0	
1504808314885	7962859843299	17.0	-26.0	-2.0	95.0	
1504808314903	7962879984901	17.0	-26.0	-2.0	95.0	
1504808314922	7962900126502	17.0	-26.0	-2.0	95.0	
1504808314959	7962920268104	17.0	-26.0	-2.0	95.0	
1504808314974	7962940409706	17.0	-26.0	-2.0	95.0	
1504808314992	7962960551307	17.0	-26.0	-2.0	95.0	
1504808315009	7962980692909	17.0	-26.0	-2.0	95.0	
1504808315027	7963000834510	17.0	-26.0	-2.0	95.0	
1504808315044	7963020976112	17.0	-26.0	-2.0	95.0	
1504808315062	7963041117713	17.0	-26.0	-2.0	95.0	
1504808315099	7963061259315	17.0	-26.0	-2.0	95.0	
1504808315119	7963081400916	17.0	-26.0	-2.0	95.0	
1504808315138	7963101542518	17.0	-26.0	-2.0	95.0	
1504808315151	7963121684120	17.0	-26.0	-2.0	95.0	
1504808315170	7963141825721	17.0	-26.0	-2.0	95.0	
1504808315194	7963161967323	17.0	-26.0	-2.0	95.0	
1504808315204	7963182108924	17.0	-26.0	-2.0	95.0	
1504808315241	7963202250526	17.0	-26.0	-2.0	95.0	
1504808315255	7963222392127	17.0	-26.0	-2.0	95.0	
1504808315273	7963242533729	17.0	-26.0	-2.0	95.0	
1504808315290	7963262675331	17.0	-26.0	-2.0	95.0	
1504808315309	7963282816932	17.0	-26.0	-2.0	95.0	
1504808315326	7963302958534	17.0	-26.0	-2.0	95.0	
1504808315352	7963323100135	17.0	-26.0	-2.0	95.0	
1504808315379	7963343241737	17.0	-26.0	-2.0	95.0	
1504808315395	7963363383338	17.0	-26.0	-2.0	95.0	
1504808315418	7963383524940	17.0	-26.0	-2.0	95.0	
1504808315432	7963403666541	17.0	-26.0	-2.0	95.0	
1504808315450	7963423808143	17.0	-26.0	-2.0	95.0	
1504808315467	7963443949745	17.0	-26.0	-2.0	95.0	
1504808315485	7963464091346	17.0	-26.0	-2.0	95.0	
1504808315520	7963484232948	17.0	-26.0	-2.0	95.0	
1504808315537	7963504374549	17.0	-26.0	-2.0	95.0	
1504808315555	7963524516151	17.0	-26.0	-2.0	95.0	
1504808315573	7963544657752	17.0	-26.0	-2.0	95.0	
1504808315591	7963564799354	17.0	-26.0	-2.0	95.0	
1504808315612	7963584940956	17.0	-26.0	-2.0	95.0	
1504808315626	7963605082557	17.0	-26.0	-2.0	95.0	
1504808315644	7963625224159	17.0	-26.0	-2.0	95.0	
1504808315677	7963645365760	17.0	-26.0	-2.0	95.0	
1504808315696	7963665507362	17.0	-26.0	-2.0	95.0	
1504808315714	7963685648963	17.0	-26.0	-2.0	95.0	
1504808315732	7963705790565	17.0	-26.0	-2.0	95.0	
1504808315749	7963725932166	17.0	-26.0	-2.0	95.0	
1504808315768	7963746073768	17.0	-26.0	-2.0	95.0	
1504808315784	7963766215370	17.0	-26.0	-2.0	95.0	
1504808315821	7963786356971	17.0	-26.0	-2.0	95.0	
1504808315836	7963806498573	17.0	-26.0	-2.0	95.0	
1504808315854	7963826640174	17.0	-26.0	-2.0	95.0	
1504808315876	7963846781776	17.0	-26.0	-2.0	95.0	
1504808315890	7963866923377	17.0	-26.0	-2.0	95.0	
1504808315907	7963887064979	17.0	-26.0	-2.0	95.0	
1504808315926	7963907206581	17.0	-26.0	-2.0	95.0	
1504808315963	7963927348182	17.0	-26.0	-2.0	95.0	
1504808315977	7963947489784	17.0	-26.0	-2.0	95.0	
1504808315997	7963967631385	17.0	-26.0	-2.0	95.0	
1504808316013	7963987772987	17.0	-26.0	-2.0	95.0	
1504808316032	7964007914588	17.0	-25.416534423828125	-2.0	95.0	
1504808316048	7964028056190	17.0	-25.0	-2.0	95.0	
1504808316066	7964048197791	17.0	-25.0	-2.0	95.0	
1504808316088	7964068339393	17.0	-25.0	-2.0	95.0	
1504808316118	7964088480995	17.0	-25.0	-2.0	95.0	
1504808316140	7964108622596	17.0	-25.0	-2.0	95.0	
1504808316156	7964128764198	17.0	-25.0	-2.0	95.0	
1504808316178	7964148905799	17.0	-25.0	-2.0	95.0	
1504808316191	7964169047401	17.0	-25.0	-2.0	95.0	
1504808316207	7964189189002	17.0	-25.0	-2.0	95.0	
1504808316225	7964209330604	17.0	-25.0	-2.0	95.0	
1504808316262	7964229472206	17.0	-25.0	-2.0	95.0	
1504808316278	7964249613807	17.0	-25.0	-2.0	95.0	
1504808316296	7964269755409	17.0	-25.0	-2.0	95.0	
1504808316313	7964289897010	17.0	-25.0	-2.0	95.0	
1504808316330	7964310038612	17.0	-25.0	-2.0	95.0	
1504808316349	7964330180213	17.0	-25.0	-2.0	95.0	
1504808316366	7964350321815	17.0	-25.0	-2.0	95.0	
1504808316403	7964370463416	17.0	-25.0	-2.0	95.0	
1504808316418	7964390605018	17.0	-25.0	-2.0	95.0	
1504808316436	7964410746620	17.0	-25.0	-2.0	95.0	
1504808316458	7964430888221	17.0	-25.0	-2.0	95.0	
1504808316471	7964451029823	17.0	-25.0	-2.0	95.0	
1504808316490	7964471171424	17.0	-25.0	-2.0	95.0	
1504808316508	7964491313026	17.0	-25.0	-2.0	95.0	
1504808316524	7964511454627	17.0	-25.0	-2.0	95.0	
1504808316560	7964531596229	17.0	-25.0	-2.0	95.0	
1504808316577	7964551737831	17.0	-25.0	-2.0	95.0	
1504808316595	7964571879432	17.0	-25.0	-2.0	95.0	
1504808316615	7964592021034	17.0	-25.0	-2.0	95.0	
1504808316630	7964612162635	17.0	-25.0	-2.0	95.0	
1504808316648	7964632304237	17.0	-25.0	-2.0	95.0	
1504808316669	7964652445838	17.0	-25.0	-2.0	95.0	
1504808316705	7964672587440	17.0	-25.0	-2.0	95.0	
1504808316719	7964692729041	17.0	-25.0	-2.0	95.0	
1504808316736	7964712870643	17.0	-25.0	-2.0	95.0	
1504808316753	7964733012245	17.0	-25.0	-2.0	95.0	
1504808316772	7964753153846	17.0	-25.0	-2.0	95.0	
1504808316789	7964773295448	17.0	-25.0	-2.0	95.0	
1504808316809	7964793437049	17.0	-25.0	-2.0	95.0	
1504808316842	7964813578651	17.0	-25.0	-2.0	95.0	
1504808316859	7964833720252	17.0	-25.0	-2.0	95.0	
1504808316880	7964853861854	17.0	-25.0	-2.0	95.0	
1504808316894	7964874003456	17.0	-25.0	-2.0	95.0	
1504808316912	7964894145057	17.0	-25.0	-2.0	95.0	
1504808316934	7964914286659	17.0	-25.0	-2.0	95.0	
1504808316947	7964934428260	17.0	-25.0	-2.0	95.0	
1504808316964	7964954569862	17.0	-25.0	-2.0	95.0	
1504808317000	7964974711463	17.0	-25.0	-2.0	95.0	
1504808317018	7964994853065	17.0	-25.0	-2.0	95.0	
1504808317036	7965014994666	17.0	-25.0	-2.0	95.0	
1504808317052	7965035136268	17.0	-25.0	-2.0	95.0	
1504808317070	7965055277870	17.0	-25.0	-2.0	95.0	
1504808317090	7965075419471	17.0	-25.0	-2.0	95.0	
1504808317123	7965095561073	17.0	-25.0	-2.0	95.0	
1504808317141	7965115702674	17.0	-25.0	-2.0	95.0	
1504808317159	7965135844276	17.0	-25.0	-2.0	95.0	
1504808317176	7965155985877	17.0	-25.0	-2.0	95.0	
1504808317198	7965176127479	17.0	-25.0	-2.0	95.0	
1504808317230	7965196269081	17.0	-25.0	-2.0	95.0	
1504808317246	7965216410682	17.0	-25.0	-2.0	95.0	
1504808317264	7965236552284	17.0	-25.0	-2.0	95.0	
1504808317283	7965256693885	17.0	-25.0	-2.0	95.0	
1504808317307	7965276835487	17.0	-25.0	-2.0	95.0	
1504808317322	7965296977088	17.0	-25.0	-2.0	95.0	
1504808317355	7965317118690	17.0	-25.0	-2.0	95.0	
1504808317370	7965337260291	17.0	-25.0	-2.0	95.0	
1504808317387	7965357401893	17.0	-25.0	-2.0	95.0	
1504808317407	7965377543495	17.0	-25.0	-2.0	95.0	
1504808317423	7965397685096	17.0	-25.0	-2.0	95.0	
1504808317441	7965417826698	17.0	-25.0	-2.0	95.0	
1504808317476	7965437968299	17.0	-25.0	-2.0	95.0	
1504808317493	7965458109901	17.0	-25.0	-2.0	95.0	
1504808317511	7965478251502	17.0	-25.0	-2.0	95.0	
1504808317528	7965498393104	17.0	-25.0	-2.0	95.0	
1504808317547	7965518534706	17.0	-25.0	-2.0	95.0	
1504808317566	7965538676307	17.0	-25.0	-2.0	95.0	
1504808317588	7965558817909	17.0	-25.0	-2.0	95.0	
1504808317618	7965578959510	17.0	-25.0	-2.0	95.0	
1504808317641	7965599101112	17.0	-25.0	-2.0	95.0	
1504808317654	7965619242713	17.0	-25.0	-2.0	95.0	
1504808317669	7965639384315	17.0	-25.0	-2.0	95.0	
1504808317690	7965659525916	17.0	-25.0	-2.0	95.0	
1504808317706	7965679667518	17.0	-25.0	-2.0	95.0	
1504808317728	7965699809120	17.0	-25.0	-2.0	95.0	
1504808317741	7965719950721	17.0	-25.0	-2.0	95.0	
1504808317781	7965740092323	17.0	-25.0	-2.0	95.0	
1504808317793	7965760233924	17.0	-25.0	-2.0	95.0	
1504808317810	7965780375526	17.0	-25.0	-2.0	95.0	
1504808317829	7965800517127	17.0	-25.0	-2.0	95.0	
1504808317846	7965820658729	17.0	-25.0	-2.0	95.0	
1504808317864	7965840800331	17.0	-25.0	-2.0	95.0	
1504808317882	7965860941932	17.0	-25.0	-2.0	95.0	
1504808317917	7965881083534	17.0	-25.0	-2.0	95.0	
1504808317937	7965901225135	17.0	-25.0	-2.0	95.0	
1504808317953	7965921366737	17.0	-25.0	-2.0	95.0	
1504808317970	7965941508338	17.0	-25.0	-2.0	95.0	
1504808317992	7965961649940	17.0	-25.0	-2.0	95.0	
1504808318006	7965981791541	17.0	-25.0	-2.0	95.0	
1504808318023	7966001933143	17.0	-25.0	-2.0	95.0	
1504808318058	7966022074745	17.0	-25.0	-2.0	95.0	
1504808318077	7966042216346	17.0	-25.0	-2.0	95.0	
1504808318091	7966062357948	17.0	-25.0	-2.0	95.0	
1504808318112	7966082499549	17.0	-25.0	-2.0	95.0	
1504808318136	7966102641151	17.0	-25.0	-2.0	95.0	
1504808318170	7966122782752	17.0	-25.0	-2.0	95.0	
1504808318185	7966142924354	17.0	-25.0	-2.0	95.0	
1504808318210	7966163065956	17.0	-25.0	-2.0	95.0	
1504808318219	7966183207557	17.0	-25.0	-2.0	95.0	
1504808318235	7966203349159	17.0	-25.0	-2.0	95.0	
1504808318255	7966223490760	17.0	-25.0	-2.0	95.0	
1504808318269	7966243632362	17.0	-25.0	-2.0	95.0	
1504808318287	7966263773963	17.0	-25.0	-2.0	95.0	
1504808318306	7966283915565	17.0	-25.0	-2.0	95.0	
1504808318339	7966304057166	17.0	-25.0	-2.0	95.0	
1504808318357	7966324198768	17.0	-25.0	-2.0	95.0	
1504808318374	7966344340370	17.0	-25.0	-2.0	95.0	
1504808318392	7966364481971	17.0	-25.0	-2.0	95.0	
1504808318411	7966384623573	17.0	-25.0	-2.0	95.0	
1504808318428	7966404765174	17.0	-25.0	-2.0	95.0	
1504808318449	7966424906776	17.0	-25.0	-2.0	95.0	
1504808318481	7966445048377	17.0	-25.0	-2.0	95.0	
1504808318499	7966465189979	17.0	-25.25604248046875	-2.0	95.0	
1504808318518	7966485331581	17.0	-26.0	-2.0	95.0	
1504808318534	7966505473182	17.0	-26.0	-2.0	95.0	
1504808318552	7966525614784	17.0	-26.0	-2.0	95.0	
1504808318572	7966545756385	17.0	-26.0	-2.0	95.0	
1504808318586	7966565897987	17.0	-26.0	-2.0	95.0	
1504808318623	7966586039588	17.0	-26.0	-2.0	95.0	
1504808318640	7966606181190	17.0	-26.0	-2.0	95.0	
1504808318656	7966626322791	17.0	-26.0	-2.0	95.0	
1504808318675	7966646464393	17.0	-26.0	-2.0	95.0	
1504808318699	7966666605995	17.0	-26.0	-2.0	95.0	
1504808318710	7966686747596	17.0	-26.0	-2.0	95.0	
1504808318728	7966706889198	17.0	-26.0	-2.0	95.0	
1504808318762	7966727030799	17.0	-26.0	-2.0	95.0	
1504808318784	7966747172401	17.0	-26.0	-2.0	95.0	
1504808318800	7966767314002	17.0	-26.0	-2.0	95.0	
1504808318815	7966787455604	17.0	-26.0	-2.0	95.0	
1504808318833	7966807597206	17.0	-26.0	-2.0	95.0	
1504808318851	7966827738807	17.0	-26.0	-2.0	95.0	
1504808318869	7966847880409	17.0	-26.0	-2.0	95.0	
1504808318903	7966868022010	17.0	-26.0	-2.0	95.0	
1504808318922	7966888163612	17.0	-26.0	-2.0	95.0	
1504808318938	7966908305213	17.0	-26.0	-2.0	95.0	
1504808318956	7966928446815	17.0	-26.0	-2.0	95.0	
1504808318976	7966948588416	17.0	-26.0	-2.0	95.0	
1504808318993	7966968730018	17.0	-26.0	-2.0	95.0	
1504808319010	7966988871620	17.0	-25.046722412109375	-2.0	95.0	
1504808319048	7967009013221	17.0	-25.0	-2.0	95.0	
1504808319063	7967029154823	17.0	-25.0	-2.0	95.0	
1504808319079	7967049296424	17.0	-25.0	-2.0	95.0	
1504808319099	7967069438026	17.0	-25.0	-2.0	95.0	
1504808319115	7967089579627	17.0	-25.0	-2.0	95.0	
1504808319133	7967109721229	17.0	-25.0	-2.0	95.0	
1504808319155	7967129862831	17.0	-25.0	-2.0	95.0	
1504808319188	7967150004432	17.0	-25.0	-2.0	95.0	
1504808319204	7967170146034	17.0	-25.0	-2.0	95.0	
1504808319220	7967190287635	17.0	-25.0	-2.0	95.0	
1504808319238	7967210429237	17.0	-25.0	-2.0	95.0	
1504808319261	7967230570838	17.0	-25.0	-2.0	95.0	
1504808319280	7967250712440	17.0	-25.0	-2.0	95.0	
1504808319293	7967270854041	17.0	-25.0	-2.0	95.0	
1504808319329	7967290995643	17.0	-25.084762573242188	-2.0	95.0	
1504808319344	7967311137245	17.0	-26.0	-2.0	95.0	
1504808319366	7967331278846	17.0	-26.0	-2.0	95.0	
1504808319380	7967351420448	17.0	-26.0	-2.0	95.0	
1504808319397	7967371562049	17.0	-26.0	-2.0	95.0	
1504808319416	7967391703651	17.0	-26.0	-2.0	95.0	
1504808319432	7967411845252	17.0	-26.0	-2.0	95.0	
1504808319469	7967431986854	17.0	-26.0	-2.0	95.0	
1504808319487	7967452128456	17.0	-26.0	-2.0	95.0	
1504808319503	7967472270057	17.0	-26.0	-2.0	95.0	
1504808319520	7967492411659	17.0	-26.0	-2.0	95.0	
1504808319541	7967512553260	17.0	-26.0	-2.0	95.0	
1504808319557	7967532694862	17.0	-26.0	-2.0	95.0	
1504808319580	7967552836463	17.0	-26.0	-2.0	95.0	
1504808319609	7967572978065	17.0	-26.0	-2.0	95.0	
1504808319627	7967593119666	17.0	-26.0	-2.0	95.0	
1504808319643	7967613261268	17.0	-25.640151977539063	-2.0	95.0	
1504808319664	7967633402870	17.0	-25.0	-1.4982757568359375	95.0	
1504808319680	7967653544471	17.0	-25.0	-1.0	95.0	
1504808319698	7967673686073	17.0	-25.0	-1.0	95.0	
1504808319727	7967693827674	17.0	-25.0	-1.0	95.0	
1504808319758	7967713969276	17.0	-25.0	-1.0709228515625	95.0	
1504808319769	7967734110877	17.0	-25.212799072265625	-2.0	95.0	
1504808319794	7967754252479	17.0	-26.0	-2.0	95.0	
1504808319807	7967774394081	17.0	-26.0	-2.0	95.0	
1504808319823	7967794535682	17.0	-26.0	-2.0	95.0	
1504808319846	7967814677284	17.0	-26.0	-2.0	95.0	
1504808319860	7967834818885	17.0	-26.0	-2.0	95.0	
1504808319907	7967854960487	17.0	-26.0	-2.0	95.0	
1504808319917	7967875102088	17.0	-26.0	-2.0	95.0	
1504808319925	7967895243690	17.0	-26.0	-2.0	95.0	
1504808319947	7967915385291	17.0	-26.0	-2.0	95.0	
1504808319962	7967935526893	17.0	-26.0	-2.0	95.0	
1504808319986	7967955668495	17.0	-26.0	-2.0	95.0	
1504808320012	7967975810096	17.0	-26.0	-2.0	95.0	
1504808320033	7967995951698	17.0	-26.0	-2.0	95.0	
1504808320051	7968016093299	17.0	-26.0	-2.0	95.0	
1504808320068	7968036234901	17.0	-26.0	-2.0	95.0	
1504808320092	7968056376502	17.0	-26.0	-2.0	95.0	
1504808320107	7968076518104	17.0	-26.0	-2.0	95.0	
1504808320134	7968096659706	17.0	-26.0	-2.0	95.0	
1504808320143	7968116801307	17.0	-26.0	-2.0	95.0	
1504808320176	7968136942909	17.0	-26.0	-2.0	95.0	
1504808320190	7968157084510	17.0	-26.0	-2.0	95.0	
1504808320207	7968177226112	17.0	-26.0	-2.0	95.0	
1504808320238	7968197367713	17.0	-26.0	-2.0	95.0	
1504808320244	7968217509315	17.0	-26.0	-2.0	95.0	
1504808320271	7968237650916	17.0	-26.0	-2.0	95.0	
1504808320287	7968257792518	17.0	-26.0	-2.0	95.0	
1504808320318	7968277934120	17.0	-26.0	-2.0	95.0	
1504808320418	7968298075721	17.0	-26.0	-2.0	95.0	
1504808320443	7968318217323	17.0	-26.0	-2.0	95.0	
1504808320472	7968338358924	17.0	-26.0	-1.522491455078125	95.0	
1504808320496	7968358500526	17.0	-26.0	-1.0	95.0	
1504808320517	7968378642127	17.0	-26.0	-1.0	95.0	
1504808320531	7968398783729	17.0	-26.0	-1.9046783447265625	95.0	
1504808320566	7968418925331	17.0	-26.0	-2.0	95.0	
1504808320588	7968439066932	17.0	-26.0	-2.0	95.0	
1504808320597	7968459208534	17.0	-26.0	-2.0	95.0	
1504808320607	7968479350135	17.0	-26.0	-2.0	95.0	
1504808320617	7968499491737	17.0	-26.0	-2.0	95.0	
1504808320649	7968519633338	17.0	-26.0	-2.0	95.0	
1504808320665	7968539774940	17.0	-26.0	-2.0	95.0	
1504808320694	7968559916541	17.0	-26.0	-2.0	95.0	
1504808320713	7968580058143	17.0	-25.816619873046875	-2.0	95.0	
1504808320726	7968600199745	17.0	-25.0	-2.0	95.0	
1504808320782	7968620341346	17.0	-25.0	-2.0	95.0	
1504808320792	7968640482948	17.0	-25.0	-2.0	95.0	
1504808320808	7968660624549	17.0	-25.752593994140625	-2.0	95.0	
1504808320823	7968680766151	17.0	-26.0	-2.0	95.0	
1504808320838	7968700907752	17.0	-26.0	-2.0	95.0	
1504808320848	7968721049354	17.0	-26.0	-2.0	95.0	
1504808320864	7968741190956	17.0	-26.0	-2.0	95.0	
1504808320877	7968761332557	17.0	-26.0	-2.0	95.0	
1504808320884	7968781474159	17.0	-26.0	-2.0	95.0	
1504808320906	7968801615760	17.0	-25.252609252929688	-2.0	95.0	
1504808320917	7968821757362	17.0	-25.0	-2.0	95.0	
1504808320935	7968841898963	17.0	-25.0	-2.0	95.0	
1504808320947	7968862040565	17.0	-25.0	-2.0	95.0	
1504808320955	7968882182166	17.0	-25.0	-2.0	95.0	
1504808320968	7968902323768	17.0	-25.0	-2.0	95.0	
1504808320995	7968922465370	17.0	-25.0	-2.0	95.0	
1504808321007	7968942606971	17.0	-25.0	-2.0	95.0	
1504808321017	7968962748573	17.0	-25.0	-2.0	95.0	
1504808321036	7968982890174	17.0	-25.0	-2.0	95.0	
1504808321050	7969003031776	17.0	-25.0	-1.8304595947265625	95.0	
1504808321071	7969023173377	17.0	-25.0	-1.0	95.0	
1504808321083	7969043314979	17.0	-25.0	-1.0	95.0	
1504808321098	7969063456581	17.0	-25.0	-1.0	95.0	
1504808321137	7969083598182	17.0	-25.0	-1.0	95.0	
1504808321150	7969103739784	17.0	-25.0	-1.0	95.0	
1504808321198	7969123881385	17.0	-25.0	-1.0	95.0	
1504808321221	7969144022987	17.0	-25.0	-1.0	95.0	
1504808321270	7969164164588	17.0	-25.0	-1.0	95.0	
1504808321280	7969184306190	17.0	-25.0	-1.0	95.0	
1504808321298	7969204447791	17.0	-25.0	-1.0	95.0	
1504808321339	7969224589393	17.0	-25.0	-1.0	95.0	
1504808321354	7969244730995	17.0	-25.0	-1.0	95.0	
1504808321375	7969264872596	17.0	-25.0	-1.0	95.0	
1504808321387	7969285014198	17.0	-25.0	-1.0	95.0	
1504808321398	7969305155799	17.0	-25.0	-1.0	95.0	
1504808321406	7969325297401	17.0	-25.0	-1.0	95.0	
1504808321412	7969345439002	17.0	-25.0	-1.0	95.0	
1504808321426	7969365580604	17.0	-25.0	-1.0	95.0	
1504808321441	7969385722206	17.0	-25.0	-1.0	95.0	
1504808321456	7969405863807	17.0	-25.0	-1.0	95.0	
1504808321469	7969426005409	17.0	-25.0	-1.0	95.0	
1504808321477	7969446147010	17.0	-25.0	-1.0	95.0	
1504808321494	7969466288612	17.0	-25.0	-1.0	95.0	
1504808321512	7969486430213	17.0	-25.0	-1.0	95.0	
1504808321532	7969506571815	17.0	-25.0	-1.0	95.0	
1504808321547	7969526713416	17.0	-25.0	-1.0	95.0	
1504808321591	7969546855018	17.0	-25.0	-1.0	95.0	
1504808321609	7969566996620	17.0	-25.0	-1.0	95.0	
1504808321624	7969587138221	17.0	-25.0	-1.0	95.0	
1504808321657	7969607279823	17.0	-25.0	-1.0	95.0	
1504808321664	7969627421424	17.0	-25.0	-1.0	95.0	
1504808321680	7969647563026	17.0	-25.0	-1.0	95.0	
1504808321695	7969667704627	17.0	-25.0	-1.0	95.0	
1504808321811	7969687846229	17.0	-25.0	-1.003448486328125	95.0	
1504808321826	7969707987831	17.0	-25.0	-2.0	95.0	
1504808321836	7969728129432	17.0	-25.0	-2.0	95.0	
1504808321845	7969748271034	17.0	-25.0	-2.0	95.0	
1504808321852	7969768412635	17.0	-25.0	-2.0	95.0	
1504808321861	7969788554237	17.0	-25.0	-1.287200927734375	95.0	
1504808321874	7969808695838	17.0	-25.0	-1.0	95.0	
1504808321890	7969828837440	17.0	-25.0	-1.0	95.0	
1504808321912	7969848979041	17.0	-25.0	-1.0	95.0	
1504808321927	7969869120643	17.0	-25.0	-1.0	95.0	
1504808321942	7969889262245	17.0	-25.0	-1.0	95.0	
1504808321953	7969909403846	17.0	-25.0	-1.0	95.0	
1504808321987	7969929545448	17.0	-25.0	-1.0	95.0	
1504808322004	7969949687049	17.0	-25.0	-1.0	95.0	
1504808322034	7969969828651	17.0	-25.0	-1.0	95.0	
1504808322058	7969989970252	17.0	-25.0	-1.0	95.0	
1504808322079	7970010111854	17.0	-25.0	-1.0	95.0	
1504808322102	7970030253456	17.0	-25.0	-1.0	95.0	
1504808322112	7970050395057	17.0	-25.0	-1.0	95.0	
1504808322141	7970070536659	17.0	-25.0	-1.0	95.0	
1504808322151	7970090678260	17.0	-25.0	-1.0	95.0	
1504808322209	7970110819862	17.0	-25.0	-1.0	95.0	
1504808322354	7970130961463	17.0	-25.0	-1.0	95.0	
1504808322381	7970151103065	17.0	-25.0	-1.0	95.0	
1504808322395	7970171244666	17.0	-25.0	-1.0	95.0	
1504808322410	7970191386268	17.0	-25.0	-1.0	95.0	
1504808322418	7970211527870	17.0	-25.0	-1.0	95.0	
1504808322434	7970231669471	17.0	-25.0	-1.0	95.0	
1504808322449	7970251811073	17.0	-25.0	-1.0	95.0	
1504808322485	7970271952674	17.0	-25.0	-1.0	95.0	
1504808322535	7970292094276	17.0	-25.0	-1.0	95.0	
1504808322552	7970312235877	17.0	-25.0	-1.0	95.0	
1504808322587	7970332377479	17.0	-25.0	-1.0	95.0	
1504808322615	7970352519081	17.0	-25.0	-1.0	95.0	
1504808322624	7970372660682	17.0	-25.0	-1.0	95.0	
1504808322639	7970392802284	17.0	-25.0	-1.0	95.0	
1504808322670	7970412943885	17.0	-25.0	-1.0	95.0	
1504808322682	7970433085487	17.0	-25.0	-1.0	95.0	
1504808322695	7970453227088	17.0	-25.0	-1.0	95.0	
1504808322703	7970473368690	17.0	-25.0	-1.0	95.0	
1504808322716	7970493510291	17.0	-25.0	-1.0	95.0	
1504808322731	7970513651893	17.0	-25.0	-1.0	95.0	
1504808322742	7970533793495	17.0	-25.0	-1.0	95.0	
1504808322768	7970553935096	17.0	-25.0	-1.0	95.0	
1504808322781	7970574076698	17.0	-25.0	-1.0	95.0	
1504808322811	7970594218299	17.0	-25.0	-1.0	95.0	
1504808322817	7970614359901	17.0	-25.0	-1.0	95.0	
1504808322826	7970634501502	17.0	-25.0	-1.0	95.0	
1504808322845	7970654643104	17.0	-25.0	-1.0	95.0	
1504808322858	7970674784706	17.0	-25.0	-1.0	95.0	
1504808322876	7970694926307	17.0	-25.0	-1.0	95.0	
1504808322888	7970715067909	17.0	-25.0	-1.0	95.0	
1504808322963	7970735209510	17.0	-25.0	-1.0	95.0	
1504808322999	7970755351112	17.0	-25.0	-1.0	95.0	
1504808323023	7970775492713	17.0	-25.0	-1.0	95.0	
1504808323069	7970795634315	17.0	-25.0	-1.0	95.0	
1504808323096	7970815775916	17.0	-25.0	-1.0	95.0	
1504808323126	7970835917518	17.0	-26.0	-1.0	95.0	
1504808323140	7970856059120	17.0	-26.0	-1.0	95.0	
1504808323154	7970876200721	17.0	-26.0	-1.0	95.0	
1504808323163	7970896342323	17.0	-26.0	-0.467132568359375	95.0	
1504808323181	7970916483924	17.0	-26.0	0.0	95.0	
1504808323199	7970936625526	17.0	-25.183395385742188	0.0	95.0	
1504808323205	7970956767127	17.0	-25.0	0.0	95.0	
1504808323223	7970976908729	18.0	-25.0	0.0	95.0	
1504808323234	7970997050331	18.0	-25.0	0.0	95.0	
1504808323257	7971017191932	18.0	-25.0	0.0	95.0	
1504808323268	7971037333534	18.0	-25.0	0.0	95.0	
1504808323285	7971057475135	18.0	-25.0	0.0	95.0	
1504808323312	7971077616737	18.0	-25.0	0.0	95.0	
1504808323335	7971097758338	18.0	-25.0	0.0	95.0	
1504808323352	7971117899940	17.096878051757813	-26.0	0.0	95.0	
1504808323362	7971138041541	17.761245727539063	-26.0	0.0	95.0	
1504808323382	7971158183143	17.0	-26.0	0.0	95.0	
1504808323390	7971178324745	17.0	-26.0	0.0	95.0	
1504808323402	7971198466346	17.0	-26.0	0.0	95.0	
1504808323411	7971218607948	17.0	-25.19378662109375	0.0	95.0	
1504808323424	7971238749549	17.0	-25.0	0.0	95.0	
1504808323455	7971258891151	17.908309936523438	-25.0	0.0	95.0	
1504808323478	7971279032752	17.0	-25.233551025390625	0.0	95.0	
1504808323486	7971299174354	17.0	-26.0	0.0	95.0	
1504808323493	7971319315956	17.0	-26.0	0.0	95.0	
1504808323513	7971339457557	17.0	-26.0	0.0	95.0	
1504808323539	7971359599159	17.0	-26.0	0.0	95.0	
1504808323564	7971379740760	17.0	-26.0	0.0	95.0	
1504808323594	7971399882362	17.086502075195313	-25.0	0.0	95.0	
1504808323604	7971420023963	18.0	-25.0	0.0	95.0	
1504808323618	7971440165565	18.0	-25.0	0.0	95.0	
1504808323625	7971460307166	18.0	-25.0	0.0	95.0	
1504808323638	7971480448768	18.0	-25.0	0.0	95.0	
1504808323646	7971500590370	18.0	-25.0	0.0	95.0	
1504808323682	7971520731971	17.060562133789063	-25.0	0.0	95.0	
1504808323706	7971540873573	17.0	-25.0	0.0	95.0	
1504808323721	7971561015174	17.0	-25.0	0.0	95.0	
1504808323735	7971581156776	17.0	-25.0	0.0	95.0	
1504808323773	7971601298377	17.0	-25.0	0.0	95.0	
1504808323804	7971621439979	17.0	-25.0	0.0	95.0	
1504808323820	7971641581581	17.792373657226563	-25.0	0.0	95.0	
1504808323830	7971661723182	17.065750122070313	-25.0	0.0	95.0	
1504808323887	7971681864784	17.0	-25.0	0.0	95.0	
1504808323895	7971702012788	17.0	-25.0	0.0	95.0	
1504808323904	7971722154390	17.0	-25.0	0.0	95.0	
1504808323909	7971742295991	17.0	-25.0	0.0	95.0	
1504808323920	7971762437593	17.0	-25.0	0.0	95.0	
1504808323947	7971782579194	17.0	-25.0	0.0	95.0	
1504808323966	7971802720796	17.0	-25.0	0.0	95.0	
1504808323984	7971822862398	17.0	-25.0	0.0	95.0	
1504808323992	7971843003999	17.0	-25.0	0.0	95.0	
1504808324005	7971863145601	17.0	-25.0	0.0	95.0	
1504808324021	7971883287202	17.0	-25.0	0.0	95.0	
1504808324076	7971903428804	17.0	-25.0	0.0	95.0	
1504808324086	7971923570405	17.0	-25.0	0.0	95.0	
1504808324104	7971943712007	17.0	-25.0	0.0	95.0	
1504808324123	7971963853609	17.0	-25.0	0.0	95.0	
1504808324140	7971983995210	17.0	-25.0	0.0	95.0	
1504808324149	7972004136812	17.0	-25.0	0.0	95.0	
1504808324190	7972024278413	17.0	-25.0	0.0	95.0	
1504808324213	7972044420015	17.0	-25.0	0.0	95.0	
1504808324227	7972064561616	17.778152465820313	-25.0	0.0	95.0	
1504808324242	7972084703218	18.0	-25.0	0.0	95.0	
1504808324257	7972104844819	18.0	-25.0	0.0	95.0	
1504808324268	7972124986421	18.0	-25.0	0.0	95.0	
1504808324283	7972145128023	18.0	-25.0	0.0	95.0	
1504808324292	7972165269624	18.0	-25.0	0.0	95.0	
1504808324302	7972185411226	18.0	-25.0	0.0	95.0	
1504808324317	7972205552827	18.0	-25.0	0.0	95.0	
1504808324329	7972225694429	18.0	-25.0	0.0	95.0	
1504808324350	7972245836030	18.0	-25.0	0.0	95.0	
1504808324363	7972265977632	18.0	-25.0	0.0	95.0	
1504808324372	7972286119234	18.0	-25.0	0.0	95.0	
1504808324387	7972306260835	18.0	-25.0	0.0	95.0	
1504808324394	7972326402437	18.0	-25.0	0.0	95.0	
1504808324403	7972346544038	18.0	-25.0	0.0	95.0	
1504808324413	7972366685640	18.0	-25.0	0.0	95.0	
1504808324425	7972386827241	17.051895141601563	-25.0	0.0	95.0	
1504808324437	7972406968843	17.805892944335938	-25.0	0.0	95.0	
1504808324456	7972427110444	17.0	-25.0	0.0	95.0	
1504808324472	7972447252046	17.0	-25.0	0.0	95.0	
1504808324496	7972467393648	17.0	-25.0	0.0	95.0	
1504808324514	7972487535249	17.0	-25.0	0.0	95.0	
1504808324526	7972507676851	17.0	-25.0	0.0	95.0	
1504808324561	7972527818452	17.0	-25.0	0.0	95.0	
1504808324588	7972547960054	17.0	-25.0	0.0	95.0	
1504808324601	7972568101655	17.332168579101563	-25.0	0.0	95.0	
1504808324616	7972588243257	18.0	-25.0	0.0	95.0	
1504808324636	7972608384859	18.0	-25.0	0.0	95.0	
1504808324653	7972628526460	18.0	-25.0	0.0	95.0	
1504808324674	7972648668062	18.0	-25.0	0.0	95.0	
1504808324701	7972668809663	18.0	-24.956756591796875	0.0	95.0	
1504808324720	7972688951265	18.0	-24.0	0.0	95.0	
1504808324737	7972709092866	18.0	-24.0	0.0	95.0	
1504808324756	7972729234468	18.0	-24.0	0.0	95.0	
1504808324772	7972749376069	17.3892822265625	-24.0	0.0	95.0	
1504808324790	7972769517671	17.0	-24.0	0.0	95.0	
1504808324809	7972789659273	17.0	-24.0	0.0	95.0	
1504808324843	7972809800874	17.0	-24.0	0.0	95.0	
1504808324864	7972829942476	17.0	-24.0	0.0	95.0	
1504808324879	7972850084077	17.0	-24.0	0.0	95.0	
1504808324895	7972870225679	17.0	-24.0	0.0	95.0	
1504808324914	7972890367280	17.0	-24.0	0.0	95.0	
1504808324931	7972910508882	17.0	-24.0	0.0	95.0	
1504808324948	7972930650484	17.0	-24.0	0.0	95.0	
1504808324983	7972950792085	17.0	-24.0	0.0	95.0	
1504808325002	7972970933687	17.0	-24.0	0.0	95.0	
1504808325019	7972991075288	17.0	-24.0	0.0	95.0	
1504808325040	7973011216890	17.0	-24.0	0.0	95.0	
1504808325055	7973031358491	17.0	-24.0	0.0	95.0	
1504808325073	7973051500093	17.0	-24.0	0.0	95.0	
1504808325089	7973071641694	17.0	-24.0	0.0	95.0	
1504808325129	7973091783296	17.027679443359375	-24.0	0.0	95.0	
1504808325142	7973111924898	18.0	-24.0	0.0	95.0	
1504808325166	7973132066499	17.686859130859375	-24.0	0.0	95.0	
1504808325189	7973152208101	17.0	-24.0	0.0	95.0	
1504808325195	7973172349702	17.0	-24.0	0.0	95.0	
1504808325214	7973192491304	17.0	-24.0	0.0	95.0	
1504808325236	7973212632905	17.0	-24.0	0.0	95.0	
1504808325266	7973232774507	18.0	-24.0	0.0	95.0	
1504808325284	7973252916109	18.0	-24.0	0.0	95.0	
1504808325308	7973273057710	18.0	-24.0	0.0	95.0	
1504808325319	7973293199312	17.550186157226563	-24.0	0.0	95.0	
1504808325338	7973313340913	17.591690063476563	-24.0	0.0	95.0	
1504808325354	7973333482515	18.0	-24.0	0.0	95.0	
1504808325371	7973353624116	18.0	-24.0	0.0	95.0	
1504808325407	7973373765718	18.0	-24.0	0.0	95.0	
1504808325424	7973393907319	18.0	-23.839111328125	0.0	95.0	
1504808325442	7973414048921	18.0	-23.0	0.0	95.0	
1504808325461	7973434190523	18.0	-23.0	0.0	95.0	
1504808325489	7973454332124	18.0	-23.0	0.0	95.0	
1504808325499	7973474473726	18.0	-23.0	0.0	95.0	
1504808325517	7973494615327	18.0	-23.0	0.0	95.0	
1504808325549	7973514756929	18.0	-23.0	0.0	95.0	
1504808325565	7973534898530	18.0	-23.0	0.0	95.0	
1504808325583	7973555040132	17.702423095703125	-23.0	0.0	95.0	
1504808325600	7973575181734	17.0	-23.0	0.0	95.0	
1504808325627	7973595323335	17.0	-23.0	0.0	95.0	
1504808325639	7973615464937	17.0	-23.0	0.0	95.0	
1504808325657	7973635606538	17.0	-23.0	0.0	95.0	
1504808325689	7973655748140	18.0	-23.0	0.0	95.0	
1504808325707	7973675889741	18.0	-23.0	0.0	95.0	
1504808325724	7973696031343	18.0	-23.0	0.0	95.0	
1504808325743	7973716172944	18.0	-23.0	0.0	95.0	
1504808325761	7973736314546	18.0	-23.0	0.0	95.0	
1504808325779	7973756456148	17.280288696289063	-23.0	0.0	95.0	
1504808325796	7973776597749	17.0	-23.0	0.0	95.0	
1504808325830	7973796739351	17.0	-23.0	0.0	95.0	
1504808325848	7973816880952	17.14556884765625	-23.0	0.0	95.0	
1504808325865	7973837022554	18.0	-23.0	0.0	95.0	
1504808325883	7973857164155	18.0	-23.0	0.0	95.0	
1504808325901	7973877305757	18.0	-23.0	0.0	95.0	
1504808325922	7973897447359	18.0	-23.0	0.0	95.0	
1504808325934	7973917588960	18.0	-23.0	0.0	95.0	
1504808325953	7973937730562	18.0	-22.001739501953125	0.0	95.0	
1504808325989	7973957872163	18.0	-22.0	0.0	95.0	
1504808326012	7973978013765	18.0	-22.0	0.0	95.0	
1504808326026	7973998155366	18.0	-22.0	0.0	95.0	
1504808326041	7974018296968	18.0	-22.0	0.0	95.0	
1504808326059	7974038438569	18.0	-22.0	0.0	95.0	
1504808326077	7974058580171	18.0	-22.0	0.0	95.0	
1504808326095	7974078721773	18.0	-22.0	0.0	95.0	
1504808326129	7974098863374	18.0	-22.0	0.0	95.0	
1504808326157	7974119004976	18.0	-22.0	0.0	95.0	
1504808326169	7974139146577	18.0	-22.0	0.0	95.0	
1504808326187	7974159288179	18.0	-22.0	0.0	95.0	
1504808326200	7974179429780	18.0	-22.0	0.0	95.0	
1504808326221	7974199571382	18.0	-22.0	0.0	95.0	
1504808326236	7974219712984	18.0	-22.0	0.0	95.0	
1504808326270	7974239854585	18.0	-22.0	0.0	95.0	
1504808326288	7974259996187	18.0	-22.0	0.0	95.0	
1504808326306	7974280137788	18.0	-22.0	0.0	95.0	
1504808326323	7974300279390	18.0	-22.0	0.0	95.0	
1504808326348	7974320420991	18.0	-22.0	0.0	95.0	
1504808326363	7974340562593	18.0	-22.0	0.0	95.0	
1504808326376	7974360704194	18.0	-22.0	0.0	95.0	
1504808326411	7974380845796	18.0	-22.0	0.0	95.0	
1504808326431	7974400987398	18.0	-22.0	0.0	95.0	
1504808326450	7974421128999	18.0	-22.0	0.0	95.0	
1504808326464	7974441270601	18.0	-22.0	0.0	95.0	
1504808326480	7974461412202	18.0	-22.0	0.0	95.0	
1504808326501	7974481553804	18.837356567382813	-22.0	0.0	95.0	
1504808326517	7974501695405	19.0	-22.0	0.0	95.0	
1504808326552	7974521837007	19.0	-22.0	0.0	95.0	
1504808326570	7974541978609	19.0	-22.0	0.0	95.0	
1504808326588	7974562120210	19.0	-22.0	0.0	95.0	
1504808326607	7974582261812	19.0	-21.451568603515625	0.0	95.0	
1504808326622	7974602403413	19.0	-21.0	0.0	95.0	
1504808326642	7974622545015	19.0	-21.0	0.0	95.0	
1504808326660	7974642686616	19.0	-21.0	0.0	95.0	
1504808326695	7974662828218	19.0	-21.0	0.0	95.0	
1504808326715	7974682969819	19.0	-21.0	0.0	95.0	
1504808326729	7974703111421	19.0	-21.0	0.0	95.0	
1504808326746	7974723253023	19.0	-21.0	0.0	95.0	
1504808326764	7974743394624	19.0	-21.0	0.0	95.0	
1504808326781	7974763536226	19.0	-21.0	0.0	95.0	
1504808326808	7974783677827	19.0	-20.029464721679688	0.0	95.0	
1504808326834	7974803819429	19.0	-20.0	0.1124420166015625	95.0	
1504808326852	7974823961030	19.0	-20.0	1.0	95.0	
1504808326879	7974844102632	19.0	-20.0	1.0	95.0	
1504808326888	7974864244234	19.0	-19.461944580078125	1.0	95.0	
1504808326903	7974884385835	19.0	-19.0	1.0	95.0	
1504808326924	7974904527437	19.0	-19.0	1.0	95.0	
1504808326940	7974924669038	19.0	-19.0	1.0	95.0	
1504808326979	7974944810640	19.0	-19.0	1.0	95.0	
1504808326993	7974964952241	19.0	-19.0	1.0	95.0	
1504808327010	7974985093843	19.0	-19.0	1.0	95.0	
1504808327029	7975005235444	19.0	-19.0	1.0	95.0	
1504808327044	7975025377046	19.0	-19.0	1.0	95.0	
1504808327063	7975045518648	19.0	-19.0	1.0	95.0	
1504808327082	7975065660249	19.0	-19.0	1.0	95.0	
1504808327117	7975085801851	19.0	-19.0	1.0	95.0	
1504808327136	7975105943452	19.0	-19.0	1.0	95.0	
1504808327151	7975126085054	19.0	-19.0	1.0	95.0	
1504808327176	7975146226655	19.0	-19.0	1.0	95.0	
1504808327187	7975166368257	19.0	-19.0	1.0	95.0	
1504808327205	7975186509859	19.0	-19.0	1.0	95.0	
1504808327222	7975206651460	19.0	-19.0	1.0	95.0	
1504808327257	7975226793062	19.0	-19.0	1.0	95.0	
1504808327275	7975246934663	19.0	-19.0	1.0	95.0	
1504808327294	7975267076265	19.0	-19.0	1.0	95.0	
1504808327309	7975287217866	19.0	-19.0	1.0	95.0	
1504808327328	7975307359468	19.0	-19.0	1.0	95.0	
1504808327347	7975327501069	19.0	-19.0	1.0	95.0	
1504808327363	7975347642671	19.0	-19.0	1.0	95.0	
1504808327399	7975367784273	19.0	-19.0	1.0	95.0	
1504808327416	7975387925874	19.0	-19.0	1.0	95.0	
1504808327434	7975408067476	19.0	-19.0	1.0	95.0	
1504808327451	7975428209077	19.0	-19.0	1.0	95.0	
1504808327469	7975448350679	19.0	-19.0	1.0	95.0	
1504808327486	7975468492280	19.0	-19.0	1.0	95.0	
1504808327509	7975488633882	19.0	-19.0	1.0	95.0	
1504808327539	7975508775484	19.0	-18.0	1.0	95.0	
1504808327557	7975528917085	19.0	-18.0	1.0	95.0	
1504808327574	7975549058687	19.0	-18.0	1.0	95.0	
1504808327591	7975569200288	19.0	-18.0	1.0	95.0	
1504808327611	7975589341890	19.0	-18.0	1.0	95.0	
1504808327627	7975609483491	19.0	-18.0	1.0	95.0	
1504808327645	7975629625093	19.0	-18.0	1.0	95.0	
1504808327680	7975649766694	19.0	-18.0	1.0	95.0	
1504808327698	7975669908296	19.0	-18.0	1.0	95.0	
1504808327717	7975690049898	19.366775512695313	-18.0	1.0	95.0	
1504808327732	7975710191499	20.0	-18.0	1.0	95.0	
1504808327751	7975730333101	20.0	-18.0	1.0	95.0	
1504808327773	7975750474702	20.0	-18.794113159179688	1.0	95.0	
1504808327786	7975770616304	20.0	-19.0	1.0	95.0	
1504808327822	7975790757905	19.922149658203125	-19.0	0.0	95.0	
1504808327841	7975810899507	19.0	-19.0	0.0	95.0	
1504808327857	7975831041109	19.0	-19.0	0.0	95.0	
1504808327874	7975851182710	19.0	-19.0	0.0	95.0	
1504808327892	7975871324312	19.0	-19.0	0.0	95.0	
1504808327916	7975891465913	19.0	-19.0	0.0	95.0	
1504808327929	7975911607515	19.0	-19.0	0.0	95.0	
1504808327962	7975931749116	19.0	-19.0	0.0	95.0	
1504808327980	7975951890718	19.0	-19.0	0.0	95.0	
1504808327998	7975972032319	19.0	-19.358123779296875	0.0	95.0	
1504808328014	7975992173921	19.0	-20.0	0.0	95.0	
1504808328037	7976012315523	19.0	-20.0	0.0	95.0	
1504808328050	7976032457124	19.0	-20.0	0.0	95.0	
1504808328068	7976052598726	19.0	-20.0	0.0	95.0	
1504808328103	7976072740327	19.0	-19.0	0.0	95.0	
1504808328126	7976092881929	19.0	-19.0	0.0	95.0	
1504808328146	7976113023530	19.0	-19.0	0.0	95.0	
1504808328155	7976133165132	19.0	-19.0	0.0	95.0	
1504808328174	7976153306734	19.0	-19.0	0.0	95.0	
1504808328198	7976173448335	19.0	-19.0	0.0	95.0	
1504808328210	7976193589937	19.0	-19.0	0.0	95.0	
1504808328244	7976213731538	19.0	-19.0	0.0	95.0	
1504808328263	7976233873140	19.0	-19.0	0.0	95.0	
1504808328280	7976254014741	19.0	-19.0	0.0	95.0	
1504808328302	7976274156343	19.0	-19.0	0.0	95.0	
1504808328319	7976294297944	19.0	-19.0	0.0	95.0	
1504808328332	7976314439546	19.0	-19.0	0.0	95.0	
1504808328352	7976334581148	19.0	-19.0	0.0	95.0	
1504808328385	7976354722749	19.0	-19.0	0.0	95.0	
1504808328404	7976374864351	19.0	-19.0	0.0	95.0	
1504808328419	7976395005952	19.0	-19.0	0.0	95.0	
1504808328438	7976415147554	19.0	-19.0	0.0	95.0	
1504808328457	7976435289155	19.0	-19.0	0.0	95.0	
1504808328473	7976455430757	19.0	-19.0	0.0	95.0	
1504808328491	7976475572359	19.0	-19.0	0.0	95.0	
1504808328526	7976495713960	19.0	-19.0	0.0	95.0	
1504808328543	7976515855562	19.0	-19.0	0.0	95.0	
1504808328564	7976535997163	19.0	-19.0	0.0	95.0	
1504808328579	7976556138765	19.0	-19.0	0.0	95.0	
1504808328597	7976576280366	19.0	-19.0	0.0	95.0	
1504808328615	7976596421968	19.0	-19.0	0.0	95.0	
1504808328633	7976616563569	19.0	-19.0	0.0	95.0	
1504808328668	7976636705171	19.0	-19.0	0.0	95.0	
1504808328685	7976656846773	19.0	-19.0	0.0	95.0	
1504808328702	7976676988374	19.0	-19.0	0.0	95.0	
1504808328722	7976697129976	19.0	-19.0	0.0	95.0	
1504808328738	7976717271577	19.0	-19.0	0.0	95.0	
1504808328755	7976737413179	19.0	-19.0	0.0	95.0	
1504808328774	7976757554780	19.0	-19.0	0.0	95.0	
1504808328817	7976777696382	19.0	-19.0	0.0	95.0	
1504808328832	7976797837984	19.0	-19.0	0.0	95.0	
1504808328843	7976817979585	19.0	-19.0	0.0	95.0	
1504808328867	7976838121187	19.0	-19.0	0.0	95.0	
1504808328883	7976858262788	19.0	-19.0	0.0	95.0	
1504808328897	7976878404390	19.0	-19.0	0.0	95.0	
1504808328914	7976898545991	19.0	-19.0	0.0	95.0	
1504808328950	7976918687593	19.0	-19.0	0.0	95.0	
1504808328967	7976938829194	19.0	-19.0	0.0	95.0	
1504808328985	7976958970796	19.0	-19.0	0.0	95.0	
1504808329003	7976979112398	19.0	-19.0	0.0	95.0	
1504808329020	7976999253999	19.0	-19.0	0.0	95.0	
1504808329040	7977019395601	19.0	-19.0	0.0	95.0	
1504808329056	7977039537202	19.0	-19.0	0.0	95.0	
1504808329099	7977059678804	19.0	-19.0	0.0	95.0	
1504808329112	7977079820405	19.0	-19.0	0.0	95.0	
1504808329127	7977099962007	19.0	-19.0	0.0	95.0	
1504808329144	7977120103609	19.0	-19.0	0.0	95.0	
1504808329161	7977140245210	19.0	-19.0	0.0	95.0	
1504808329179	7977160386812	19.0	-19.0	0.0	95.0	
1504808329197	7977180528413	19.0	-19.0	0.0	95.0	
1504808329231	7977200670015	19.0	-19.0	0.0	95.0	
1504808329249	7977220811616	19.0	-19.0	0.0	95.0	
1504808329266	7977240953218	19.0	-19.0	0.0	95.0	
1504808329289	7977261094819	19.0	-19.0	0.0	95.0	
1504808329303	7977281236421	19.0	-19.0	0.0	95.0	
1504808329319	7977301378023	19.0	-19.0	0.0	95.0	
1504808329337	7977321519624	19.0	-19.0	0.0	95.0	
1504808329372	7977341661226	19.0	-19.0	0.0	95.0	
1504808329388	7977361802827	19.0	-19.0	0.0	95.0	
1504808329409	7977381944429	19.0	-19.0	0.0	95.0	
1504808329427	7977402086030	19.0	-19.0	0.0	95.0	
1504808329445	7977422227632	19.0	-19.593414306640625	0.0	95.0	
1504808329468	7977442369234	19.0	-20.0	0.0	95.0	
1504808329478	7977462510835	19.0	-20.0	0.0	95.0	
1504808329513	7977482652437	19.0	-20.0	0.0	95.0	
1504808329530	7977502794038	19.0	-20.0	0.0	95.0	
1504808329549	7977522935640	19.0	-20.0	0.0	95.0	
1504808329580	7977543077241	19.0	-20.0	0.0	95.0	
1504808329585	7977563218843	19.0	-20.0	0.0	95.0	
1504808329602	7977583360444	19.0	-20.0	0.0	95.0	
1504808329628	7977603502046	19.0	-20.0	0.0	95.0	
1504808329654	7977623643648	19.0	-20.0	0.0	95.0	
1504808329672	7977643785249	19.0	-20.0	0.0	95.0	
1504808329698	7977663926851	19.0	-20.0	0.0	95.0	
1504808329708	7977684068452	19.0	-20.0	0.0	95.0	
1504808329726	7977704210054	19.0	-20.0	0.0	95.0	
1504808329742	7977724351655	19.0	-20.0	0.0	95.0	
1504808329770	7977744493257	19.0	-20.0	0.0	95.0	
1504808329795	7977764634859	19.0	-20.0	0.0	95.0	
1504808329815	7977784776460	19.0	-20.0	0.0	95.0	
1504808329832	7977804918062	19.0	-20.0	0.0	95.0	
1504808329848	7977825059663	19.0	-20.0	0.0	95.0	
1504808329865	7977845201265	19.0	-20.0	0.0	95.0	
1504808329887	7977865342866	19.0	-20.0	0.0	95.0	
1504808329906	7977885484468	19.0	-20.0	0.0	95.0	
1504808329936	7977905626069	19.0	-20.0	0.0	95.0	
1504808329952	7977925767671	19.0	-20.0	0.0	95.0	
1504808329971	7977945909273	19.0	-20.0	0.0	95.0	
1504808329992	7977966050874	19.0	-20.0	0.0	95.0	
1504808330007	7977986192476	19.0	-20.0	0.0	95.0	
1504808330025	7978006334077	19.0	-20.0	0.0	95.0	
1504808330042	7978026475679	19.0	-20.0	0.0	95.0	
1504808330067	7978046617280	19.0	-20.0	0.0	95.0	
1504808330094	7978066758882	19.0	-20.0	0.0	95.0	
1504808330120	7978086900484	19.0	-20.0	0.0	95.0	
1504808330130	7978107042085	19.0	-20.0	0.0	95.0	
1504808330154	7978127183687	19.0	-20.0	0.0	95.0	
1504808330165	7978147325288	19.0	-20.0	0.0	95.0	
1504808330183	7978167466890	19.0	-20.0	0.0	95.0	
1504808330202	7978187608491	19.0	-20.0	0.0	95.0	
1504808330244	7978207750093	19.0	-20.0	0.0	95.0	
1504808330255	7978227891694	19.0	-20.0	0.0	95.0	
1504808330273	7978248033296	19.0	-20.0	0.0	95.0	
1504808330289	7978268174898	19.0	-20.0	0.0	95.0	
1504808330307	7978288316499	19.0	-20.0	0.0	95.0	
1504808330324	7978308458101	19.0	-20.0	0.0	95.0	
1504808330341	7978328599702	19.0	-20.0	0.0	95.0	
1504808330376	7978348741304	19.0	-20.0	0.0	95.0	
1504808330393	7978368882905	19.0	-20.0	0.0	95.0	
1504808330416	7978389024507	19.0	-20.0	0.0	95.0	
1504808330429	7978409166109	19.0	-20.0	0.0	95.0	
1504808330447	7978429307710	19.0	-20.0	0.0	95.0	
1504808330465	7978449449312	19.0	-20.0	0.0	95.0	
1504808330482	7978469590913	19.0	-20.0	0.0	95.0	
1504808330520	7978489732515	19.0	-20.0	0.0	95.0	
1504808330536	7978509874116	19.0	-20.0	0.0	95.0	
1504808330552	7978530015718	19.0	-20.0	0.0	95.0	
1504808330572	7978550157319	19.0	-20.0	0.0	95.0	
1504808330589	7978570298921	19.0	-20.0	0.0	95.0	
1504808330606	7978590440523	19.0	-20.0	0.0	95.0	
1504808330629	7978610582124	19.0	-20.0	0.0	95.0	
1504808330658	7978630723726	19.0	-20.0	0.0	95.0	
1504808330681	7978650865327	19.0	-20.0	0.0	95.0	
1504808330693	7978671006929	19.0	-20.0	0.0	95.0	
1504808330711	7978691148530	19.0	-20.0	0.0	95.0	
1504808330731	7978711290132	19.0	-20.0	0.0	95.0	
1504808330747	7978731431734	19.0	-20.0	0.0	95.0	
1504808330769	7978751573335	19.0	-20.0	0.0	95.0	
1504808330808	7978771714937	19.0	-20.0	0.0	95.0	
1504808330817	7978791856538	19.0	-19.740036010742188	0.0	95.0	
1504808330838	7978811998140	19.0	-19.0	0.0	95.0	
1504808330851	7978832139741	19.0	-19.0	0.0	95.0	
1504808330874	7978852281343	19.0	-19.0	0.0	95.0	
1504808330888	7978872422944	19.0	-19.0	0.0	95.0	
1504808330905	7978892564546	19.0	-19.0	0.0	95.0	
1504808330944	7978912706148	19.0	-19.0	0.0	95.0	
1504808330959	7978932847749	19.0	-19.0	0.0	95.0	
1504808330977	7978952989351	19.0	-19.0	0.0	95.0	
1504808331001	7978973130952	19.0	-19.0	0.0	95.0	
1504808331011	7978993272554	19.0	-19.0	0.0	95.0	
1504808331029	7979013414155	19.0	-19.0	0.0	95.0	
1504808331054	7979033555757	19.0	-19.0	0.0	95.0	
1504808331081	7979053697359	19.0	-19.0	0.0	95.0	
1504808331100	7979073838960	19.0	-19.0	0.0	95.0	
1504808331118	7979093980562	19.0	-19.0	0.0	95.0	
1504808331134	7979114122163	19.0	-19.534591674804688	0.0	95.0	
1504808331152	7979134263765	19.0	-20.0	0.0	95.0	
1504808331172	7979154405366	19.0	-20.0	0.0	95.0	
1504808331188	7979174546968	19.0	-19.038070678710938	0.0	95.0	
1504808331225	7979194688569	19.0	-19.0	0.0	95.0	
1504808331241	7979214830171	19.0	-19.0	0.0	95.0	
1504808331261	7979234971773	19.0	-19.0	0.0	95.0	
1504808331277	7979255113374	19.0	-19.0	0.0	95.0	
1504808331297	7979275254976	19.0	-19.0	0.0	95.0	
1504808331311	7979295396577	19.0	-19.0	0.0	95.0	
1504808331333	7979315538179	19.0	-19.0	0.0	95.0	
1504808331364	7979335679780	19.0	-19.0	0.0	95.0	
1504808331385	7979355821382	19.0	-19.0	0.0	95.0	
1504808331399	7979375962984	19.0	-19.0	0.0	95.0	
1504808331418	7979396104585	19.0	-19.0	0.0	95.0	
1504808331438	7979416246187	19.0	-19.667816162109375	0.0	95.0	
1504808331451	7979436387788	19.0	-20.0	0.0	95.0	
1504808331473	7979456529390	19.0	-20.0	0.0	95.0	
1504808331509	7979476670991	19.0	-19.0	0.0	95.0	
1504808331531	7979496812593	19.0	-19.0	0.0	95.0	
1504808331582	7979516954194	19.0	-19.0	0.0	5.0	
1504808331587	7979537095796	19.0	-19.520751953125	0.0	5.0	
1504808331599	7979557237398	19.0	-19.337371826171875	0.0	5.0	
1504808331611	7979577378999	19.0	-19.0	0.0	5.0	
1504808331621	7979597520601	19.0	-19.0	0.0	5.0	
1504808331645	7979617662202	19.0	-19.0	0.0	5.0	
1504808331665	7979637803804	19.0	-19.0	0.0	5.0	
1504808331688	7979657945405	19.0	-19.0	0.0	5.0	
1504808331705	7979678087007	19.0	-19.0	0.0	5.0	
1504808331720	7979698228609	19.0	-19.0	0.0	5.0	
1504808331738	7979718370210	19.0	-19.0	0.0	5.0	
1504808331755	7979738511812	19.0	-19.0	0.0	5.0	
1504808331801	7979758653413	19.0	-19.084762573242188	0.0	5.0	
1504808331817	7979778795015	19.0	-20.0	0.0	5.0	
1504808331832	7979798936616	19.0	-20.0	0.0	5.0	
1504808331844	7979819078218	18.4896240234375	-19.4896240234375	0.0	5.0	
1504808331866	7979839219819	18.652236938476563	-19.0	0.0	5.0	
1504808331882	7979859361421	19.0	-19.0	0.0	5.0	
1504808331926	7979879503023	19.0	-19.0	0.0	5.0	
1504808331946	7979899644624	18.0	-19.0	0.0	5.0	
1504808331964	7979919786226	18.0	-19.0	0.0	5.0	
1504808331973	7979939927827	18.363311767578125	-19.0	0.0	5.0	
1504808331989	7979960069429	19.0	-19.0	0.0	5.0	
1504808332000	7979980211030	18.351821899414063	-19.0	0.0	5.0	
1504808332019	7980000352632	18.0	-19.0	0.0	5.0	
1504808332033	7980020494234	18.932525634765625	-19.0	0.0	5.0	
1504808332069	7980040635835	18.925613403320313	-20.0	0.0	5.0	
1504808332088	7980060777437	18.0	-20.0	0.0	5.0	
1504808332105	7980080919038	18.0	-20.0	0.0	5.0	
1504808332121	7980101060640	18.0	-20.0	0.0	5.0	
1504808332139	7980121202241	18.0	-20.0	0.0	5.0	
1504808332160	7980141343843	18.0	-20.0	0.0	5.0	
1504808332174	7980161485444	18.0	-20.0	0.0	5.0	
1504808332236	7980181627046	18.0	-20.0	0.0	5.0	
1504808332245	7980201768648	18.0	-20.0	0.0	5.0	
1504808332256	7980221910249	18.0	-20.0	0.0	5.0	
1504808332266	7980242051851	18.0	-20.0	0.0	5.0	
1504808332279	7980262193452	18.0	-20.0	0.0	5.0	
1504808332297	7980282335054	18.0	-20.0	0.0	5.0	
1504808332315	7980302476655	18.0	-20.0	0.0	5.0	
1504808332351	7980322618257	18.0	-20.0	0.0	5.0	
1504808332372	7980342759859	18.0	-20.0	0.0	5.0	
1504808332385	7980362901460	18.0	-20.0	0.0	5.0	
1504808332403	7980383043062	18.0	-20.0	0.0	5.0	
1504808332421	7980403184663	18.0	-20.0	0.0	5.0	
1504808332439	7980423326265	18.0	-20.0	0.0	5.0	
1504808332460	7980443467866	18.0	-20.0	0.0	5.0	
1504808332494	7980463609468	18.0	-20.0	0.0	5.0	
1504808332516	7980483751069	18.0	-20.0	0.0	5.0	
1504808332530	7980503892671	18.0	-20.0	0.0	5.0	
1504808332543	7980524034273	18.0	-20.0	0.0	5.0	
1504808332566	7980544175874	18.0	-20.0	0.0	5.0	
1504808332579	7980564317476	18.0	-20.0	0.0	5.0	
1504808332596	7980584459077	18.0	-20.0	0.0	5.0	
1504808332637	7980604600679	18.0	-20.0	0.0	5.0	
1504808332650	7980624742280	18.0	-20.0	0.0	5.0	
1504808332669	7980644883882	18.0	-20.0	0.0	5.0	
1504808332685	7980665025484	18.0	-20.0	0.0	5.0	
1504808332702	7980685167085	18.0	-20.0	0.0	5.0	
1504808332720	7980705308687	18.0	-20.0	0.0	5.0	
1504808332738	7980725450288	18.0	-20.0	0.0	5.0	
1504808332773	7980745591890	18.0	-20.0	0.0	5.0	
1504808332795	7980765733491	18.0	-20.0	0.0	5.0	
1504808332816	7980785875093	18.0	-20.0	0.0	5.0	
1504808332828	7980806016694	18.0	-20.0	0.0	5.0	
1504808332845	7980826158296	18.0	-20.0	0.0	5.0	
1504808332862	7980846299898	18.0	-20.0	0.0	5.0	
1504808332880	7980866441499	18.0	-20.0	0.0	5.0	
1504808332915	7980886583101	18.0	-20.0	0.0	5.0	
1504808332932	7980906724702	18.0	-20.0	0.0	5.0	
1504808332952	7980926866304	18.0	-20.0	0.0	5.0	
1504808332968	7980947007905	18.0	-20.0	0.0	5.0	
1504808332985	7980967149507	18.0	-20.0	0.0	5.0	
1504808333004	7980987291109	18.0	-20.0	0.0	5.0	
1504808333019	7981007432710	18.0	-19.102081298828125	0.0	5.0	
1504808333057	7981027574312	18.0	-19.0	0.0	5.0	
1504808333073	7981047715913	18.0	-19.0	0.0	5.0	
1504808333093	7981067857515	18.0	-19.0	0.0	5.0	
1504808333111	7981087999116	18.0	-19.0	0.0	5.0	
1504808333125	7981108140718	18.0	-19.0	0.0	5.0	
1504808333143	7981128282319	18.0	-19.0	0.0	5.0	
1504808333160	7981148423921	18.0	-19.0	0.0	5.0	
1504808333198	7981168565523	18.0	-19.0	0.0	5.0	
1504808333218	7981188707124	18.0	-19.0	0.0	5.0	
1504808333231	7981208848726	18.0	-19.0	0.0	5.0	
1504808333249	7981228990327	18.0	-19.0	0.0	5.0	
1504808333267	7981249131929	18.0	-19.0	0.0	5.0	
1504808333284	7981269273530	18.0	-19.0	0.0	5.0	
1504808333301	7981289415132	18.0	-19.0	0.0	5.0	
1504808333338	7981309556734	18.0	-19.0	0.0	5.0	
1504808333357	7981329698335	18.0	-19.0	0.0	5.0	
1504808333373	7981349839937	18.0	-19.0	0.0	5.0	
1504808333389	7981369981538	18.0	-19.474868774414063	0.0	5.0	
1504808333410	7981390123140	18.0	-20.0	0.0	5.0	
1504808333425	7981410264741	18.0	-20.0	0.0	5.0	
1504808333443	7981430406343	18.0	-20.0	0.0	5.0	
1504808333479	7981450547944	18.0	-19.0	0.0	5.0	
1504808333495	7981470689546	18.0	-19.0	0.0	5.0	
1504808333516	7981490831148	18.0	-19.0	0.0	5.0	
1504808333532	7981510972749	18.0	-19.0	0.0	5.0	
1504808333548	7981531114351	18.0	-19.0	0.0	5.0	
1504808333566	7981551255952	18.0	-19.770828247070313	0.0	5.0	
1504808333585	7981571397554	18.0	-20.0	0.0	5.0	
1504808333619	7981591539155	18.0	-20.0	0.0	5.0	
1504808333638	7981611680757	18.0	-20.0	0.0	5.0	
1504808333654	7981631822359	18.0	-20.0	0.0	5.0	
1504808333672	7981651963960	18.0	-20.0	0.0	5.0	
1504808333690	7981672105562	18.0	-20.0	0.0	5.0	
1504808333707	7981692247163	18.0	-20.0	0.0	5.0	
1504808333724	7981712388765	18.0	-20.0	0.0	5.0	
1504808333759	7981732508620	18.0	-19.93414306640625	0.0	5.0	
1504808333777	7981752650222	18.0	-19.0	0.0	5.0	
1504808333797	7981772791823	18.0	-19.0	0.0	5.0	
1504808333813	7981792933425	18.0	-19.499130249023438	0.0	5.0	
1504808333830	7981813075027	18.0	-20.0	0.0	5.0	
1504808333851	7981833216628	18.0	-20.0	0.0	5.0	
1504808333867	7981853358230	18.0	-20.0	0.0	5.0	
1504808333907	7981873499831	18.0	-20.0	0.0	5.0	
1504808333920	7981893641433	18.0	-20.0	0.0	5.0	
1504808333936	7981913783034	18.0	-20.0	0.0	5.0	
1504808333956	7981933924636	18.0	-20.0	0.0	5.0	
1504808333972	7981954066238	18.0	-20.0	0.0	5.0	
1504808333989	7981974207839	18.0	-20.0	0.0	5.0	
1504808334006	7981994349441	18.0	-20.0	0.0	5.0	
1504808334047	7982014491042	18.0	-20.0	0.0	5.0	
1504808334063	7982034632644	18.0	-20.0	0.0	5.0	
1504808334091	7982054774245	18.0	-20.0	0.0	5.0	
1504808334104	7982074915847	18.0	-20.0	0.0	5.0	
1504808334119	7982095057448	18.0	-20.0	0.0	5.0	
1504808334134	7982115199050	18.0	-20.0	0.0	5.0	
1504808334158	7982135340652	18.0	-20.0	0.0	5.0	
1504808334184	7982155482253	18.0	-20.0	0.0	5.0	
1504808334201	7982175623855	18.0	-20.0	0.0	5.0	
1504808334221	7982195765456	18.0	-20.0	0.0	5.0	
1504808334237	7982215907058	18.0	-20.0	0.0	5.0	
1504808334258	7982236048659	18.0	-20.0	0.0	5.0	
1504808334271	7982256190261	18.0	-20.0	0.0	5.0	
1504808334290	7982276331863	18.0	-20.0	0.0	5.0	
1504808334325	7982296473464	18.0	-20.0	0.0	5.0	
1504808334342	7982316615066	18.0	-20.0	0.0	5.0	
1504808334359	7982336756667	18.0	-20.0	0.0	5.0	
1504808334380	7982356898269	18.0	-20.0	0.0	5.0	
1504808334394	7982377039870	18.0	-20.0	0.0	5.0	
1504808334413	7982397181472	18.0	-20.0	0.0	5.0	
1504808334430	7982417323073	18.0	-20.0	0.0	5.0	
1504808334468	7982437464675	18.0	-20.0	0.0	5.0	
1504808334486	7982457606277	18.0	-20.0	0.0	5.0	
1504808334500	7982477747878	18.0	-20.0	0.0	5.0	
1504808334518	7982497889480	18.0	-20.0	0.0	5.0	
1504808334537	7982518031081	18.0	-20.0	0.0	5.0	
1504808334552	7982538172683	18.0	-20.0	0.0	5.0	
1504808334569	7982558314284	18.0	-20.0	0.0	5.0	
1504808334606	7982578455886	18.0	-20.0	0.0	5.0	
1504808334623	7982598597488	18.0	-20.0	0.0	5.0	
1504808334643	7982618739089	18.0	-20.0	0.0	5.0	
1504808334658	7982638880691	18.0	-20.0	0.0	5.0	
1504808334676	7982659022292	18.0	-20.0	0.0	5.0	
1504808334694	7982679163894	18.0	-20.0	0.0	5.0	
1504808334710	7982699305495	18.0	-20.0	0.0	5.0	
1504808334748	7982719447097	18.0	-20.0	0.0	5.0	
1504808334764	7982739588698	18.0	-20.0	0.0	5.0	
1504808334782	7982759730300	18.0	-20.0	0.0	5.0	
1504808334801	7982779871902	18.0	-20.0	0.0	5.0	
1504808334817	7982800013503	18.0	-20.0	0.0	5.0	
1504808334835	7982820155105	18.0	-20.0	0.0	5.0	
1504808334851	7982840296706	18.0	-20.0	0.0	5.0	
1504808334893	7982860438308	18.0	-20.0	0.0	5.0	
1504808334909	7982880579909	18.0	-20.0	0.0	5.0	
1504808334923	7982900721511	18.0	-20.0	0.0	5.0	
1504808334941	7982920863113	18.0	-20.0	0.0	5.0	
1504808334959	7982941004714	18.0	-20.0	0.0	5.0	
1504808334976	7982961146316	18.0	-20.0	0.0	5.0	
1504808334997	7982981287917	18.0	-20.0	0.0	5.0	
1504808335028	7983001429519	18.0	-20.0	0.0	5.0	
1504808335046	7983021571120	18.0	-20.0	0.0	5.0	
1504808335065	7983041712722	18.0	-20.0	0.0	5.0	
1504808335082	7983061854323	18.0	-20.0	0.0	5.0	
1504808335099	7983081995925	18.0	-20.0	0.0	5.0	
1504808335118	7983102137527	18.0	-20.0	0.0	5.0	
1504808335152	7983122279128	18.0	-20.0	0.0	5.0	
1504808335175	7983142420730	18.0	-20.0	0.0	5.0	
1504808335188	7983162562331	18.0	-20.0	0.0	5.0	
1504808335206	7983182703933	18.0	-20.0	0.0	5.0	
1504808335232	7983202845534	18.0	-20.0	0.0	5.0	
1504808335240	7983222987136	18.0	-20.0	0.0	5.0	
1504808335259	7983243128738	18.0	-20.0	0.0	5.0	
1504808335293	7983263270339	17.989608764648438	-20.0	0.0	5.0	
1504808335311	7983283411941	17.0	-20.0	0.0	5.0	
1504808335330	7983303553542	17.0	-20.0	0.0	5.0	
1504808335347	7983323695144	17.0	-20.0	0.0	5.0	
1504808335364	7983343836745	17.0	-20.0	0.0	5.0	
1504808335383	7983363978347	17.0	-20.0	0.0	5.0	
1504808335399	7983384119948	17.0	-20.875	0.0	5.0	
1504808335438	7983404261550	17.0	-21.0	0.0	5.0	
1504808335453	7983424403152	17.0	-21.0	0.0	5.0	
1504808335470	7983444544753	17.0	-21.0	0.0	5.0	
1504808335489	7983464686355	17.0	-21.0	0.0	5.0	
1504808335505	7983484827956	17.0	-21.0	0.0	5.0	
1504808335523	7983504969558	17.0	-21.0	0.0	5.0	
1504808335542	7983525111159	17.0	-21.0	0.0	5.0	
1504808335576	7983545252761	17.0	-21.025985717773438	0.0	5.0	
1504808335595	7983565394363	17.0	-22.0	0.0	5.0	
1504808335611	7983585535964	17.0	-22.0	0.0	5.0	
1504808335631	7983605677566	17.0	-22.0	0.0	5.0	
1504808335648	7983625819167	17.0	-22.0	0.0	5.0	
1504808335664	7983645960769	17.0	-22.0	0.0	5.0	
1504808335682	7983666102370	17.0	-22.0	0.0	5.0	
1504808335718	7983686243972	17.0	-22.0	0.0	5.0	
1504808335734	7983706385573	17.0	-22.0	0.0	5.0	
1504808335758	7983726527175	17.0	-22.0	0.0	5.0	
1504808335770	7983746668777	17.0	-22.0	0.0	5.0	
1504808335788	7983766810378	17.0	-22.0	0.0	5.0	
1504808335806	7983786951980	17.0	-22.0	0.0	5.0	
1504808335822	7983807093581	17.0	-22.897735595703125	0.0	5.0	
1504808335858	7983827235183	17.0	-23.0	0.0	5.0	
1504808335875	7983847376784	17.0	-23.0	0.0	5.0	
1504808335893	7983867518386	17.0	-23.0	0.0	5.0	
1504808335911	7983887659988	17.0	-23.0	0.0	5.0	
1504808335932	7983907801589	17.0	-23.0	0.0	5.0	
1504808335946	7983927943191	17.0	-23.0	0.0	5.0	
1504808335967	7983948084792	17.0	-23.0	0.0	5.0	
1504808335999	7983968226394	17.0	-23.0	0.0	5.0	
1504808336018	7983988367995	17.0	-23.0	0.0	5.0	
1504808336034	7984008509597	17.0	-23.0	0.0	5.0	
1504808336054	7984028651198	17.0	-23.0	0.0	5.0	
1504808336070	7984048792800	16.374359130859375	-23.0	0.0	5.0	
1504808336087	7984068934402	16.0	-23.0	0.0	5.0	
1504808336104	7984089076003	16.0	-23.0	0.0	5.0	
1504808336140	7984109217605	16.0	-23.0	0.0	5.0	
1504808336157	7984129359206	16.0	-23.0	0.0	5.0	
1504808336176	7984149500808	16.0	-23.0	0.0	5.0	
1504808336192	7984169642409	16.0	-23.0	0.0	5.0	
1504808336213	7984189784011	16.0	-23.0	0.0	5.0	
1504808336232	7984209925613	16.0	-23.0	0.0	5.0	
1504808336245	7984230067214	16.0	-23.0	0.0	5.0	
1504808336281	7984250208816	16.0	-23.0	0.0	5.0	
1504808336307	7984270350417	16.0	-23.209701538085938	0.0	5.0	
1504808336319	7984290492019	16.0	-24.0	0.0	5.0	
1504808336336	7984310633620	16.0	-24.0	0.0	5.0	
1504808336351	7984330775222	16.0	-24.0	0.0	5.0	
1504808336369	7984350916823	16.0	-24.0	0.0	5.0	
1504808336387	7984371058425	16.9306640625	-24.0	0.0	5.0	
1504808336422	7984391200027	17.0	-23.0	0.0	5.0	
1504808336444	7984411341628	17.0	-23.0	0.0	5.0	
1504808336457	7984431483230	17.0	-23.0	0.0	5.0	
1504808336474	7984451624831	17.0	-23.0	0.0	5.0	
1504808336498	7984471766433	17.0	-23.0	0.0	5.0	
1504808336511	7984491908034	17.0	-23.0	0.0	5.0	
1504808336529	7984512049636	17.0	-23.937606811523438	0.0	5.0	
1504808336563	7984532191238	17.0	-24.0	0.0	5.0	
1504808336580	7984552332839	17.0	-24.0	0.0	5.0	
1504808336599	7984572474441	17.0	-24.0	0.0	5.0	
1504808336615	7984592616042	17.0	-24.0	0.0	5.0	
1504808336638	7984612757644	17.0	-24.0	0.0	5.0	
1504808336659	7984632899245	17.0	-24.0	0.0	5.0	
1504808336675	7984653040847	16.053726196289063	-24.0	0.0	5.0	
1504808336703	7984673182448	16.0	-24.0	0.0	5.0	
1504808336728	7984693324050	16.0	-24.0	0.0	5.0	
1504808336739	7984713465652	16.0	-24.0	0.0	5.0	
1504808336761	7984733607253	16.0	-24.0	0.0	5.0	
1504808336774	7984753748855	16.0	-24.0	0.0	5.0	
1504808336791	7984773890456	16.810760498046875	-24.0	0.0	5.0	
1504808336810	7984794032058	17.0	-24.0	0.0	5.0	
1504808336845	7984814173659	17.0	-24.0	0.0	5.0	
1504808336863	7984834315261	16.757369995117188	-24.0	0.0	5.0	
1504808336880	7984854456863	16.0	-24.0	0.0	5.0	
1504808336897	7984874598464	16.0	-24.0	0.0	5.0	
1504808336916	7984894740066	16.0	-24.0	0.0	5.0	
1504808336932	7984914881667	16.0	-24.0	0.0	5.0	
1504808336950	7984935023269	16.0	-24.0	0.0	5.0	
1504808336986	7984955164870	16.0	-24.0	0.0	5.0	
1504808337003	7984975306472	16.0	-24.0	0.0	5.0	
1504808337026	7984995448073	16.0	-24.0	0.0	5.0	
1504808337038	7985015589675	16.0	-24.0	0.0	5.0	
1504808337056	7985035731277	16.0	-24.0	0.0	5.0	
1504808337075	7985055872878	16.0	-24.0	0.0	5.0	
1504808337098	7985076014480	16.0	-24.0	0.0	5.0	
1504808337127	7985096156081	16.0	-24.0	0.0	5.0	
1504808337145	7985116297683	16.0	-24.0	0.0	5.0	
1504808337163	7985136439284	16.0	-24.0	0.0	5.0	
1504808337181	7985156580886	16.0	-24.0	0.0	5.0	
1504808337197	7985176722488	16.0	-24.0	0.0	5.0	
1504808337216	7985196864089	16.0	-24.0	0.0	5.0	
1504808337233	7985217005691	16.0	-24.0	0.0	5.0	
1504808337287	7985237147292	16.0	-24.0	0.0	5.0	
1504808337294	7985257288894	16.0	-24.0	0.0	5.0	
1504808337308	7985277430495	16.0	-24.0	0.0	5.0	
1504808337321	7985297572097	16.0	-24.0	0.0	5.0	
1504808337339	7985317713698	16.0	-24.0	0.0	5.0	
1504808337356	7985337855300	16.0	-24.0	0.0	5.0	
1504808337372	7985357996902	16.0	-24.0	0.0	5.0	
1504808337408	7985378138503	16.0	-24.0	0.0	5.0	
1504808337427	7985398280105	16.0	-24.0	0.0	5.0	
1504808337447	7985418421706	16.41766357421875	-24.0	0.0	5.0	
1504808337462	7985438563308	17.0	-24.0	0.0	5.0	
1504808337481	7985458704909	17.0	-24.0	0.0	5.0	
1504808337500	7985478846511	17.0	-24.0	0.0	5.0	
1504808337513	7985498988113	17.0	-24.0	0.0	5.0	
1504808337553	7985519129714	17.0	-24.0	0.0	5.0	
1504808337568	7985539271316	17.0	-24.0	0.0	5.0	
1504808337586	7985559412917	17.0	-24.0	0.0	5.0	
1504808337603	7985579554519	17.0	-24.0	0.0	5.0	
1504808337621	7985599696120	17.0	-24.0	0.0	5.0	
1504808337641	7985619837722	17.0	-24.0	0.0	5.0	
1504808337674	7985639979323	17.0	-24.0	0.0	5.0	
1504808337692	7985660120925	17.0	-24.0	0.0	5.0	
1504808337712	7985680262527	17.0	-24.0	0.0	5.0	
1504808337727	7985700404128	17.0	-24.0	0.0	5.0	
1504808337744	7985720545730	17.0	-24.0	0.0	5.0	
1504808337763	7985740687331	17.0	-24.0	0.0	5.0	
1504808337780	7985760828933	17.0	-24.0	0.0	5.0	
1504808337818	7985780970534	17.0	-24.0	0.0	5.0	
1504808337834	7985801112136	17.0	-24.0	0.0	5.0	
1504808337850	7985821253738	17.0	-24.0	0.0	5.0	
1504808337870	7985841395339	17.0	-24.0	0.0	5.0	
1504808337885	7985861536941	17.0	-24.0	0.0	5.0	
1504808337902	7985881678542	17.0	-24.0	0.0	5.0	
1504808337926	7985901820144	17.0	-24.0	0.0	5.0	
1504808337956	7985921961745	17.0	-24.0	0.0	5.0	
1504808337974	7985942103347	17.0	-24.0	0.0	5.0	
1504808337992	7985962244948	17.0	-24.0	0.0	5.0	
1504808338008	7985982386550	17.0	-24.0	0.0	5.0	
1504808338029	7986002528152	17.0	-24.0	0.0	5.0	
1504808338044	7986022669753	17.0	-24.0	0.0	5.0	
1504808338062	7986042811355	17.0	-24.0	0.0	5.0	
1504808338098	7986062952956	17.0	-24.0	0.0	5.0	
1504808338116	7986083094558	17.0	-24.0	0.0	5.0	
1504808338133	7986103236159	17.0	-24.0	0.0	5.0	
1504808338180	7986123377761	17.0	-24.0	0.0	5.0	
1504808338187	7986143519363	17.0	-24.0	0.0	5.0	
1504808338197	7986163660964	17.0	-24.0	0.0	5.0	
1504808338204	7986183802566	17.0	-24.0	0.0	5.0	
1504808338238	7986203944167	17.0	-24.0	0.0	5.0	
1504808338255	7986224085769	17.0	-24.0	0.0	5.0	
1504808338273	7986244227370	17.0	-24.0	0.0	5.0	
1504808338292	7986264368972	17.0	-24.0	0.0	5.0	
1504808338313	7986284510573	17.0	-24.0	0.0	5.0	
1504808338327	7986304652175	17.0	-24.0	0.0	5.0	
1504808338349	7986324793777	17.0	-24.0	0.0	5.0	
1504808338380	7986344935378	17.0	-24.0	0.0	5.0	
1504808338397	7986365076980	17.0	-24.0	0.0	5.0	
1504808338416	7986385218581	17.0	-24.0	0.0	5.0	
1504808338433	7986405360183	17.0	-24.0	0.0	5.0	
1504808338454	7986425501784	17.0	-24.0	0.0	5.0	
1504808338474	7986445643386	17.0	-24.0	0.0	5.0	
1504808338488	7986465784988	17.0	-24.0	0.0	5.0	
1504808338520	7986485926589	17.0	-24.0	0.0	5.0	
1504808338539	7986506068191	17.0	-24.0	0.0	5.0	
1504808338562	7986526209792	17.0	-24.0	0.0	5.0	
1504808338575	7986546351394	17.0	-24.0	0.0	5.0	
1504808338593	7986566492995	17.0	-24.0	0.0	5.0	
1504808338613	7986586634597	17.0	-24.0	0.0	5.0	
1504808338626	7986606776198	17.0	-24.0	0.0	5.0	
1504808338661	7986626917800	17.0	-24.0	0.0	5.0	
1504808338686	7986647059402	17.0	-24.0	0.0	5.0	
1504808338695	7986667201003	17.0	-24.0	0.0	5.0	
1504808338713	7986687342605	17.0	-24.0	0.0	5.0	
1504808338730	7986707484206	17.0	-24.0	0.0	5.0	
1504808338748	7986727625808	17.0	-24.0	0.0	5.0	
1504808338766	7986747767409	17.0	-24.0	0.0	5.0	
1504808338807	7986767909011	17.0	-24.06585693359375	0.0	5.0	
1504808338825	7986788050613	17.0	-25.0	0.0	5.0	
1504808338848	7986808192214	17.0	-25.0	0.0	5.0	
1504808338869	7986828333816	17.0	-25.0	0.0	5.0	
1504808338884	7986848475417	17.0	-24.357025146484375	0.0	5.0	
1504808338900	7986868617019	17.0	-24.0	0.0	5.0	
1504808338907	7986888758620	17.0	-24.0	0.0	5.0	
1504808338948	7986908900222	17.0	-24.0	0.0	2.0	
1504808338960	7986929041823	17.0	-24.0	0.0	2.0	
1504808338977	7986949183425	17.0	-24.0	0.0	2.0	
1504808338995	7986969325027	17.0	-24.0	0.0	2.0	
1504808339012	7986989466628	17.0	-24.0	0.0	2.0	
1504808339035	7987009608230	17.0	-24.0	0.0	2.0	
1504808339050	7987029749831	17.0	-24.0	0.0	2.0	
1504808339086	7987049891433	17.0	-24.0	0.0	2.0	
1504808339105	7987070033034	17.0	-24.0	0.0	2.0	
1504808339125	7987090174636	17.0	-24.0	0.0	2.0	
1504808339141	7987110316238	17.0	-24.0	0.0	2.0	
1504808339157	7987130457839	17.0	-24.0	0.0	2.0	
1504808339173	7987150599441	17.0	-24.0	0.0	2.0	
1504808339198	7987170741042	17.0	-24.0	0.0	2.0	
1504808339225	7987190882644	17.0	-24.0	0.0	2.0	
1504808339242	7987211024245	17.0	-24.0	0.0	2.0	
1504808339264	7987231165847	17.0	-24.0	0.0	2.0	
1504808339281	7987251307448	17.0	-24.0	0.0	2.0	
1504808339296	7987271449050	17.0	-24.0	0.0	2.0	
1504808339319	7987291590652	17.0	-24.0	0.0	2.0	
1504808339333	7987311732253	17.0	-24.0	0.0	2.0	
1504808339371	7987331873855	17.0	-24.0	0.0	2.0	
1504808339383	7987352015456	17.0	-24.0	0.0	2.0	
1504808339403	7987372157058	17.0	-24.0	0.0	2.0	
1504808339418	7987392298659	17.0	-24.0	0.0	2.0	
1504808339440	7987412440261	17.0	-24.0	0.0	2.0	
1504808339454	7987432581863	17.0	-24.0	0.0	2.0	
1504808339471	7987452723464	17.0	-23.038131713867188	0.0	2.0	
1504808339506	7987472865066	17.0	-23.0	0.0	2.0	
1504808339525	7987493006667	17.0	-23.0	0.0	2.0	
1504808339542	7987513148269	17.0	-23.0	0.0	2.0	
1504808339559	7987533289870	17.0	-23.0	0.0	2.0	
1504808339576	7987553431472	17.0	-23.0	0.0	2.0	
1504808339594	7987573573073	17.0	-23.0	0.0	2.0	
1504808339614	7987593714675	17.0	-23.0	0.0	2.0	
1504808339647	7987613856277	17.0	-23.0	0.0	2.0	
1504808339669	7987633997878	17.0	-23.0	0.0	2.0	
1504808339686	7987654139480	17.0	-23.0	0.0	2.0	
1504808339706	7987674281081	17.0	-23.0	0.0	2.0	
1504808339719	7987694422683	17.0	-23.0	0.0	2.0	
1504808339735	7987714564284	17.0	-23.0	0.0	2.0	
1504808339752	7987734705886	17.0	-23.0	0.0	2.0	
1504808339789	7987754847488	17.0	-23.0	0.0	2.0	
1504808339807	7987774989089	17.0	-23.0	0.0	2.0	
1504808339825	7987795130691	17.0	-23.0	0.0	2.0	
1504808339847	7987815272292	17.0	-23.0	0.0	2.0	
1504808339872	7987835413894	17.0	-23.0	0.0	2.0	
1504808339882	7987855555495	17.0	-23.0	0.0	2.0	
1504808339910	7987875697097	17.0	-23.0	0.0	2.0	
1504808339932	7987895838698	17.0	-23.0	0.0	2.0	
1504808339947	7987915980300	17.0	-23.0	0.0	2.0	
1504808339974	7987936121902	17.0	-23.0	0.0	2.0	
1504808339991	7987956263503	17.0	-23.0	0.0	2.0	
1504808340008	7987976405105	17.0	-23.0	0.0	2.0	
1504808340021	7987996546706	17.0	-23.0	0.0	2.0	
1504808340057	7988016688308	17.0	-23.0	0.0	2.0	
1504808340082	7988036829909	17.0	-23.0	0.0	2.0	
1504808340099	7988056971511	17.0	-23.0	0.0	2.0	
1504808340109	7988077113113	17.0	-23.0	0.0	2.0	
1504808340125	7988097254714	17.0	-23.0	0.0	2.0	
1504808340142	7988117396316	17.0	-23.0	0.0	2.0	
1504808340162	7988137537917	17.0	-23.0	0.0	2.0	
1504808340197	7988157679519	17.0	-23.0	0.0	2.0	
1504808340220	7988177821120	17.0	-23.0	0.0	2.0	
1504808340247	7988197962722	17.0	-23.0	0.0	2.0	
1504808340256	7988218104323	17.0	-23.0	0.0	2.0	
1504808340266	7988238245925	17.0	-23.0	0.0	2.0	
1504808340282	7988258387527	17.0	-23.0	0.0	2.0	
1504808340309	7988278529128	17.0	-23.0	0.0	2.0	
1504808340334	7988298670730	17.0	-24.0	0.0	2.0	
1504808340353	7988318812331	17.0	-24.0	0.0	2.0	
1504808340370	7988338953933	17.0	-24.0	0.0	2.0	
1504808340388	7988359095534	17.0	-23.558059692382813	0.0	2.0	
1504808340405	7988379237136	17.0	-23.0	0.0	2.0	
1504808340422	7988399378738	17.0	-23.0	0.0	2.0	
1504808340440	7988419520339	17.0	-23.0	0.0	2.0	
1504808340480	7988439661941	17.0	-23.0	0.0	2.0	
1504808340492	7988459803542	17.0	-23.0	0.0	2.0	
1504808340511	7988479945144	17.0	-23.0	0.0	2.0	
1504808340533	7988500086745	17.0	-23.450592041015625	0.0	2.0	
1504808340546	7988520228347	17.0	-24.0	0.0	2.0	
1504808340568	7988540369948	17.0	-24.0	0.0	2.0	
1504808340587	7988560511550	17.0	-23.11785888671875	0.0	2.0	
1504808340618	7988580653152	17.0	-23.0	0.0	2.0	
1504808340636	7988600794753	17.0	-23.0	0.0	2.0	
1504808340653	7988620936355	17.0	-23.0	0.0	2.0	
1504808340669	7988641077956	17.0	-23.0	0.0	2.0	
1504808340687	7988661219558	17.0	-23.0	0.0	2.0	
1504808340704	7988681361159	17.0	-23.0	0.0	2.0	
1504808340735	7988701502761	17.0	-23.0	0.0	2.0	
1504808340757	7988721644363	17.0	-23.0	0.0	2.0	
1504808340776	7988741785964	17.0	-23.0	0.0	2.0	
1504808340794	7988761927566	17.0	-23.0	0.0	2.0	
1504808340812	7988782069167	17.0	-23.0	0.0	2.0	
1504808340830	7988802210769	17.0	-23.0	0.0	2.0	
1504808340846	7988822352370	17.0	-23.0	0.0	2.0	
1504808340863	7988842493972	17.0	-23.0	0.0	2.0	
1504808340898	7988862635573	17.0	-23.0	0.0	2.0	
1504808340917	7988882777175	17.0	-23.0	0.0	2.0	
1504808340933	7988902918777	17.0	-23.0	0.0	2.0	
1504808340951	7988923060378	17.0	-23.0	0.0	2.0	
1504808340969	7988943201980	17.0	-23.0	0.0	2.0	
1504808340991	7988963343581	17.0	-23.0	0.0	2.0	
1504808341004	7988983485183	17.0	-23.906402587890625	0.0	2.0	
1504808341042	7989003626784	17.0	-24.0	0.0	2.0	
1504808341057	7989023768386	17.0	-24.0	0.0	2.0	
1504808341074	7989043909988	17.0	-24.0	0.0	2.0	
1504808341092	7989064051589	17.0	-23.518203735351563	0.0	2.0	
1504808341110	7989084193191	17.625640869140625	-23.0	0.0	2.0	
1504808341127	7989104334792	18.0	-23.0	0.0	2.0	
1504808341146	7989124476394	18.0	-23.0	0.0	2.0	
1504808341180	7989144617995	18.0	-23.0	0.0	2.0	
1504808341199	7989164759597	17.7972412109375	-23.0	0.0	2.0	
1504808341215	7989184901198	17.0	-23.0	0.0	2.0	
1504808341233	7989205042800	17.0	-23.0	0.0	2.0	
1504808341255	7989225184402	17.0	-23.0	0.0	2.0	
1504808341268	7989245326003	17.0	-23.778152465820313	0.0	2.0	
1504808341286	7989265467605	17.0	-24.0	0.0	2.0	
1504808341321	7989285609206	17.06585693359375	-23.0	0.0	2.0	
1504808341339	7989305750808	18.0	-23.0	0.0	2.0	
1504808341359	7989325892409	18.0	-23.0	0.0	2.0	
1504808341374	7989346034011	18.0	-23.0	0.0	2.0	
1504808341392	7989366175613	18.0	-23.0	0.0	2.0	
1504808341411	7989386317214	18.0	-23.0	0.0	2.0	
1504808341428	7989406458816	17.0693359375	-23.0	0.0	2.0	
1504808341463	7989426600417	17.0	-23.0	0.0	2.0	
1504808341480	7989446742019	17.0	-23.0	0.0	2.0	
1504808341501	7989466883620	17.0	-23.0	0.0	2.0	
1504808341519	7989487025222	17.0	-23.0	0.0	2.0	
1504808341533	7989507166823	17.0	-23.0	0.0	2.0	
1504808341550	7989527308425	17.0	-23.0	0.0	2.0	
1504808341570	7989547450027	17.0	-23.0	0.0	2.0	
1504808341604	7989567591628	17.0	-23.0	0.0	2.0	
1504808341626	7989587733230	17.0	-23.0	0.0	2.0	
1504808341638	7989607874831	17.0	-23.0	0.0	2.0	
1504808341655	7989628016433	17.0	-23.0	0.0	2.0	
1504808341674	7989648158034	17.0	-23.0	0.0	2.0	
1504808341692	7989668299636	17.0	-23.0	0.0	2.0	
1504808341709	7989688441238	17.0	-23.0	0.0	2.0	
1504808341745	7989708582839	17.0	-23.0	0.0	2.0	
1504808341779	7989728724441	17.0	-23.0	0.0	2.0	
1504808341787	7989748866042	17.0	-23.0	0.0	2.0	
1504808341798	7989769007644	17.0	-23.0	0.0	2.0	
1504808341815	7989789149245	17.665496826171875	-23.0	0.0	2.0	
1504808341833	7989809290847	18.0	-23.0	0.0	2.0	
1504808341856	7989829432448	18.0	-23.0	0.0	2.0	
1504808341895	7989849574050	18.0	-23.0	0.0	2.0	
1504808341902	7989869715652	18.0	-23.0	0.0	2.0	
1504808341921	7989889857253	18.0	-23.0	0.0	2.0	
1504808341937	7989909998855	18.0	-23.0	0.0	2.0	
1504808341955	7989930140456	18.0	-23.0	0.0	2.0	
1504808341973	7989950282058	18.0	-23.0	0.0	2.0	
1504808341994	7989970423659	17.038131713867188	-23.0	0.0	2.0	
1504808342027	7989990565261	17.0	-23.0	0.0	2.0	
1504808342050	7990010706863	17.0	-23.0	0.0	2.0	
1504808342061	7990030848464	17.0	-23.0	0.0	2.0	
1504808342078	7990050990066	17.0	-23.0	0.0	2.0	
1504808342097	7990071131667	17.0	-23.0	0.0	2.0	
1504808342114	7990091273269	17.0	-23.0	0.0	2.0	
1504808342136	7990111414870	17.0	-23.0	0.0	2.0	
1504808342167	7990131556472	17.0	-23.0	0.0	2.0	
