1504808237126	7885093112483	19.0	-20.0	0.0	95.0	
1504808237142	7885113254085	19.0	-20.0	0.0	95.0	
1504808237154	7885133395687	19.0	-20.0	0.0	95.0	
1504808237184	7885153537288	19.0	-20.0	0.0	95.0	
1504808237202	7885173678890	19.0	-20.0	0.0	95.0	
1504808237221	7885193820491	19.0	-20.0	0.0	95.0	
1504808237237	7885213962093	19.0	-20.0	0.0	95.0	
1504808237259	7885234103694	19.0	-20.0	0.0	95.0	
1504808237272	7885254245296	19.0	-20.0	0.0	95.0	
1504808237308	7885274386898	19.0	-20.0	0.0	95.0	
1504808237327	7885294528499	19.0	-20.0	0.0	95.0	
1504808237341	7885314670101	19.0	-20.0	0.0	95.0	
1504808237365	7885334811702	19.0	-20.0	0.0	95.0	
1504808237378	7885354953304	19.0	-20.0	0.0	95.0	
1504808237395	7885375094905	19.0	-20.0	0.0	95.0	
1504808237415	7885395236507	19.0	-20.0	0.0	95.0	
1504808237448	7885415378108	19.0	-20.0	0.0	95.0	
1504808237466	7885435519710	19.0	-20.0	0.0	95.0	
1504808237482	7885455661312	19.0	-20.0	0.0	95.0	
1504808237502	7885475802913	19.0	-20.0	0.0	95.0	
1504808237518	7885495944515	19.0	-20.0	0.0	95.0	
1504808237537	7885516086116	19.0	-20.0	0.0	95.0	
1504808237555	7885536227718	19.0	-20.0	0.0	95.0	
1504808237590	7885556369319	19.0	-20.0	0.0	95.0	
1504808237611	7885576510921	19.0	-20.0	0.0	95.0	
1504808237627	7885596652523	19.0	-20.0	0.0	95.0	
1504808237643	7885616794124	19.0	-20.0	0.0	95.0	
1504808237661	7885636935726	19.0	-20.0	0.0	95.0	
1504808237679	7885657077327	19.0	-20.0	0.0	95.0	
1504808237695	7885677218929	19.0	-20.0	0.0	95.0	
1504808237732	7885697360530	19.0	-20.0	0.0	95.0	
1504808237748	7885717502132	19.0	-20.0	0.2256927490234375	95.0	
1504808237765	7885737643733	19.0	-20.0	1.0	95.0	
1504808237783	7885757785335	19.0	-20.0	1.0	95.0	
1504808237801	7885777926937	19.0	-20.0	1.0	95.0	
1504808237819	7885798068538	19.0	-20.0	1.0	95.0	
1504808237839	7885818210140	19.0	-20.0	1.0	95.0	
1504808237873	7885838351741	19.0	-20.0	1.0	95.0	
1504808237894	7885858493343	19.0	-20.0	1.0	95.0	
1504808237906	7885878634944	19.0	-20.0	1.0	95.0	
1504808237925	7885898776546	19.0	-20.0	1.0	95.0	
1504808237945	7885918918148	19.0	-20.0	1.0	95.0	
1504808237961	7885939059749	19.0	-20.0	1.0	95.0	
1504808237980	7885959201351	19.0	-20.0	1.0	95.0	
1504808238013	7885979342952	19.0	-20.0	1.0	95.0	
1504808238030	7885999484554	19.0	-20.0	1.0	95.0	
1504808238046	7886019626155	19.0	-20.0	1.0	95.0	
1504808238066	7886039767757	19.0	-20.0	1.0	95.0	
1504808238084	7886059909358	19.0	-20.0	1.0	95.0	
1504808238103	7886080050960	19.0	-20.0	1.0	95.0	
1504808238119	7886100192562	19.0	-20.0	1.0	95.0	
1504808238157	7886120334163	19.0	-20.0	1.0	95.0	
1504808238171	7886140475765	19.0	-20.0	1.0	95.0	
1504808238187	7886160617366	19.0	-20.0	1.0	95.0	
1504808238207	7886180758968	19.0	-20.0	1.0	95.0	
1504808238224	7886200900569	19.0	-20.0	1.0	95.0	
1504808238241	7886221042171	19.0	-20.0	1.0	95.0	
1504808238277	7886241183773	19.0	-20.0	1.0	95.0	
1504808238294	7886261325374	19.0	-20.0	1.0	95.0	
1504808238314	7886281466976	19.0	-20.0	1.0	95.0	
1504808238328	7886301608577	19.0	-20.0	1.0	95.0	
1504808238346	7886321750179	19.0	-20.0	1.0	95.0	
1504808238367	7886341891780	19.0	-20.0	1.0	95.0	
1504808238383	7886362033382	19.0	-20.0	1.0	95.0	
1504808238421	7886382174983	19.0	-20.0	1.0	95.0	
1504808238435	7886402316585	19.0	-20.0	1.0	95.0	
1504808238452	7886422458187	19.0	-20.0	1.0	95.0	
1504808238469	7886442599788	19.0	-20.0	1.0	95.0	
1504808238488	7886462741390	19.0	-20.0	1.0	95.0	
1504808238507	7886482882991	19.0	-20.0	1.0	95.0	
1504808238525	7886503024593	19.0	-20.0	1.0	95.0	
1504808238560	7886523166194	19.0	-20.0	1.0	95.0	
1504808238580	7886543307796	19.0	-20.0	1.0	95.0	
1504808238595	7886563449398	19.0	-20.0	1.0	95.0	
1504808238611	7886583590999	19.0	-20.0	1.0	95.0	
1504808238633	7886603732601	19.0	-20.0	1.0	95.0	
1504808238652	7886623874202	19.0	-20.0	1.0	95.0	
1504808238666	7886644015804	19.0	-20.0	1.0	95.0	
1504808238700	7886664157405	19.0	-20.0	1.0	95.0	
1504808238718	7886684299007	19.0	-20.0	1.0	95.0	
1504808238737	7886704440608	19.0	-20.0	1.0	95.0	
1504808238751	7886724582210	19.0	-20.0	1.0	95.0	
1504808238770	7886744723812	19.0	-20.0	1.0	95.0	
1504808238793	7886764865413	19.0	-20.0	1.0	95.0	
1504808238807	7886785007015	19.0	-20.0	1.0	95.0	
1504808238841	7886805148616	19.0	-20.0	1.0	95.0	
1504808238858	7886825290218	19.0	-20.0	1.0	95.0	
1504808238875	7886845431819	19.0	-20.0	1.0	95.0	
1504808238894	7886865573421	19.0	-20.0	1.0	95.0	
1504808238909	7886885715023	19.0	-20.0	0.31597900390625	95.0	
1504808238928	7886905856624	19.0	-20.0	0.0	95.0	
1504808238949	7886925998226	19.0	-20.0	0.0	95.0	
1504808238981	7886946139827	19.0	-19.0	0.0	95.0	
1504808238998	7886966281429	19.0	-19.267349243164063	0.0	95.0	
1504808239019	7886986423030	19.0	-20.0	0.0	95.0	
1504808239034	7887006564632	19.0	-20.0	0.0	95.0	
1504808239051	7887026706233	19.0	-20.0	0.0	95.0	
1504808239069	7887046847835	19.0	-20.0	0.0	95.0	
1504808239089	7887066989437	19.0	-20.0	0.0	95.0	
1504808239122	7887087131038	19.0	-20.0	0.0	95.0	
1504808239139	7887107272640	19.0	-20.0	0.0	95.0	
1504808239158	7887127414241	19.0	-20.0	0.0	95.0	
1504808239175	7887147555843	19.0	-20.0	0.0	95.0	
1504808239192	7887167697444	19.0	-20.0	0.0	95.0	
1504808239214	7887187839046	19.0	-20.0	0.0	95.0	
1504808239245	7887207980648	19.0	-20.0	0.0	95.0	
1504808239264	7887228122249	19.0	-20.0	0.0	95.0	
1504808239282	7887248263851	19.0	-20.0	0.30902099609375	95.0	
1504808239299	7887268405452	19.0	-20.0	1.0	95.0	
1504808239317	7887288547054	19.0	-20.0	1.0	95.0	
1504808239333	7887308688655	19.0	-19.25347900390625	1.0	95.0	
1504808239352	7887328830257	19.0	-19.0	1.0	95.0	
1504808239386	7887348971858	19.0	-19.0	1.0	95.0	
1504808239404	7887369113460	19.0	-19.0	1.0	95.0	
1504808239422	7887389255062	19.0	-19.0	1.0	95.0	
1504808239439	7887409396663	19.0	-19.0	1.0	95.0	
1504808239457	7887429538265	19.0	-19.0	1.0	95.0	
1504808239477	7887449679866	19.0	-19.0	1.0	95.0	
1504808239492	7887469821468	19.0	-19.0	1.0	95.0	
1504808239532	7887489963069	19.0	-19.0	1.0	95.0	
1504808239545	7887510104671	19.0	-19.0	1.0	95.0	
1504808239563	7887530246273	19.0	-19.0	1.0	95.0	
1504808239581	7887550387874	19.0	-19.0	1.0	95.0	
1504808239598	7887570529476	19.0	-19.0	1.0	95.0	
1504808239614	7887590671077	19.0	-19.0	1.0	95.0	
1504808239634	7887610812679	19.0	-19.0	1.0	95.0	
1504808239669	7887630954280	19.0	-19.0	1.0	95.0	
1504808239687	7887651095882	19.0	-19.0	1.0	95.0	
1504808239704	7887671237483	19.0	-19.0	1.0	95.0	
1504808239721	7887691379085	19.0	-19.0	1.0	95.0	
1504808239741	7887711520687	19.0	-19.0	1.0	95.0	
1504808239756	7887731662288	19.0	-19.0	1.0	95.0	
1504808239774	7887751803890	19.0	-19.0	1.0	-1.0	
1504808239808	7887771945491	19.0	-19.0	1.0	-1.0	
1504808239825	7887792087093	19.0	-19.0	1.0	-1.0	
1504808239843	7887812228694	19.0	-19.0	1.0	-1.0	
1504808239861	7887832370296	19.0	-19.0	1.0	-1.0	
1504808239878	7887852511898	19.0	-19.0	1.0	-1.0	
1504808239896	7887872653499	19.0	-19.0	1.0	-1.0	
1504808239914	7887892795101	19.0	-19.0	1.0	-1.0	
1504808239950	7887912936702	19.0	-19.0	1.0	-1.0	
1504808239966	7887933078304	19.0	-19.0	1.0	-1.0	
1504808239984	7887953219905	19.0	-19.0	1.0	-1.0	
1504808240003	7887973361507	19.0	-19.0	1.0	-1.0	
1504808240020	7887993503108	19.0	-19.0	1.0	-1.0	
1504808240037	7888013644710	19.0	-19.0	1.0	-1.0	
1504808240055	7888033786312	19.0	-19.0	1.0	-1.0	
1504808240090	7888053927913	19.0	-19.0	1.0	-1.0	
1504808240108	7888074069515	19.0	-19.0	1.0	-1.0	
1504808240125	7888094211116	19.0	-19.0	1.0	-1.0	
1504808240143	7888114352718	19.0	-19.0	1.0	-1.0	
1504808240160	7888134494319	19.0	-19.0	1.0	-1.0	
1504808240178	7888154635921	19.0	-19.0	1.0	-1.0	
1504808240196	7888174777523	19.0	-19.0	1.0	-1.0	
1504808240231	7888194919124	19.0	-19.0	1.0	-1.0	
1504808240248	7888215060726	19.0	-19.0	1.0	-1.0	
1504808240268	7888235202327	19.0	-19.0	1.0	-1.0	
1504808240284	7888255343929	19.0	-19.0	1.0	-1.0	
1504808240302	7888275485530	19.0	-19.0	1.0	-1.0	
1504808240319	7888295627132	19.0	-19.0	1.0	-1.0	
1504808240337	7888315768733	19.0	-19.0	1.0	-1.0	
1504808240372	7888335910335	19.0	-19.0	1.0	-1.0	
1504808240390	7888356051937	19.0	-19.0	1.0	-1.0	
1504808240407	7888376193538	19.0	-19.0	1.0	-1.0	
1504808240425	7888396335140	19.0	-19.0	1.0	-1.0	
1504808240442	7888416476741	19.0	-19.0	1.0	-1.0	
1504808240460	7888436618343	19.0	-19.0	1.0	-1.0	
1504808240478	7888456759944	19.0	-19.0	1.0	-1.0	
1504808240495	7888476901546	19.0	-19.0	1.0	-1.0	
1504808240533	7888497043148	19.0	-19.0	1.0	-1.0	
1504808240549	7888517184749	19.0	-19.0	1.0	-1.0	
1504808240566	7888537326351	19.0	-19.0	1.0	-1.0	
1504808240583	7888557467952	19.0	-19.0	1.0	-1.0	
1504808240600	7888577609554	19.0	-19.0	1.0	-1.0	
1504808240619	7888597751155	19.0	-19.0	1.0	-1.0	
1504808240637	7888617892757	19.0	-19.0	1.0	-1.0	
1504808240671	7888638034358	19.0	-19.0	1.0	-1.0	
1504808240689	7888658175960	19.0	-19.0	1.0	-1.0	
1504808240706	7888678317562	19.0	-19.0	1.0	-1.0	
1504808240724	7888698459163	19.0	-19.0	1.0	-1.0	
1504808240742	7888718600765	19.0	-19.0	1.0	-1.0	
1504808240760	7888738742366	19.0	-19.0	1.0	-1.0	
1504808240777	7888758883968	19.0	-19.0	1.0	-1.0	
1504808240812	7888779025569	19.0	-19.0	1.0	-1.0	
1504808240830	7888799167171	19.0	-19.0	1.0	-1.0	
1504808240847	7888819308773	19.0	-19.0	1.0	-1.0	
1504808240865	7888839450374	19.0	-19.0	1.0	-1.0	
1504808240882	7888859591976	19.0	-19.0	1.0	-1.0	
1504808240901	7888879733577	19.0	-19.0	1.0	-1.0	
1504808240918	7888899875179	19.0	-19.0	1.0	-1.0	
1504808240953	7888920016780	19.0	-19.0	1.0	-1.0	
1504808240971	7888940158382	19.0	-19.0	1.0	-1.0	
1504808240989	7888960299983	19.0	-19.0	1.0	-1.0	
1504808241007	7888980441585	19.0	-19.532867431640625	1.0	-1.0	
1504808241024	7889000583187	19.0	-20.0	1.0	-1.0	
1504808241042	7889020724788	19.0	-20.0	1.0	-1.0	
1504808241061	7889040866390	19.0	-20.0	1.0	-1.0	
1504808241094	7889061007991	19.0	-20.0	1.0	-1.0	
1504808241112	7889081149593	19.0	-20.0	1.0	-1.0	
1504808241129	7889101291194	19.0	-20.0	1.0	-1.0	
1504808241147	7889121432796	19.0	-20.0	1.0	-1.0	
1504808241166	7889141574398	19.0	-20.0	1.0	-1.0	
1504808241182	7889161715999	19.0	-20.0	1.0	-1.0	
1504808241200	7889181857601	19.0	-20.0	1.0	-1.0	
1504808241235	7889201999202	19.0	-20.0	1.0	-1.0	
1504808241253	7889222140804	19.0	-20.0	1.0	-1.0	
1504808241270	7889242282405	19.0	-20.0	1.0	-1.0	
1504808241288	7889262424007	19.0	-20.0	1.0	-1.0	
1504808241305	7889282565608	19.0	-20.0	1.0	-1.0	
1504808241326	7889302707210	19.0	-20.0	1.0	-1.0	
1504808241341	7889322848812	19.0	-20.0	1.0	-1.0	
1504808241376	7889342990413	19.0	-20.0	1.0	-1.0	
1504808241394	7889363132015	19.0	-20.0	1.0	-1.0	
1504808241411	7889383273616	19.0	-20.0	1.0	-1.0	
1504808241430	7889403415218	19.0	-20.0	0.49481201171875	-1.0	
1504808241446	7889423556819	19.0	-20.0	0.0	-1.0	
1504808241464	7889443698421	19.0	-20.0	0.0	-1.0	
1504808241483	7889463840023	19.0	-20.0	0.0	-1.0	
1504808241518	7889483981624	19.0	-20.0	0.0	-1.0	
1504808241535	7889504123226	19.0	-20.0	0.0	-1.0	
1504808241552	7889524264827	19.0	-20.0	0.0	-1.0	
1504808241570	7889544406429	19.0	-20.0	0.0	-1.0	
1504808241590	7889564548030	19.0	-20.0	0.0	-1.0	
1504808241605	7889584689632	19.0	-20.0	0.0	-1.0	
1504808241623	7889604831233	19.0	-20.0	0.0	-1.0	
1504808241658	7889624972835	19.0	-20.0	0.0	-1.0	
1504808241677	7889645114437	19.0	-20.0	0.0	-1.0	
1504808241694	7889665256038	19.0	-20.0	0.0	-1.0	
1504808241711	7889685397640	19.0	-20.0	0.0	-1.0	
1504808241728	7889705539241	19.0	-20.0	0.0	-1.0	
1504808241747	7889725680843	19.0	-20.0	0.0	-1.0	
1504808241764	7889745822444	19.0	-20.0	0.0	-1.0	
1504808241799	7889765964046	19.0	-20.0	0.0	-1.0	
1504808241817	7889786105648	19.0	-20.0	0.0	-1.0	
1504808241834	7889806247249	19.0	-20.0	0.0	-1.0	
1504808241856	7889826388851	19.0	-20.0	0.0	-1.0	
1504808241870	7889846530452	19.0	-20.0	0.0	-1.0	
1504808241888	7889866672054	19.0	-20.0	0.0	-1.0	
1504808241905	7889886813655	19.0	-20.0	0.0	-1.0	
1504808241940	7889906955257	19.0	-20.0	0.0	-1.0	
1504808241959	7889927096858	19.0	-20.0	0.0	-1.0	
1504808241976	7889947238460	19.0	-20.0	0.0	-1.0	
1504808241993	7889967380062	19.0	-20.0	0.0	-1.0	
1504808242011	7889987521663	19.0	-20.0	0.0	-1.0	
1504808242029	7890007663265	19.0	-20.0	0.0	-1.0	
1504808242046	7890027804866	19.0	-20.0	0.0	-1.0	
1504808242081	7890047946468	19.0	-20.0	0.0	-1.0	
1504808242100	7890068088069	19.0	-20.0	0.0	-1.0	
1504808242118	7890088229671	19.0	-20.0	0.0	-1.0	
1504808242134	7890108371273	19.0	-20.0	0.0	-1.0	
1504808242151	7890128512874	19.0	-20.0	0.0	-1.0	
1504808242170	7890148654476	19.0	-20.0	0.0	-1.0	
1504808242194	7890168796077	19.0	-20.0	0.0	-1.0	
1504808242222	7890188937679	19.0	-20.0	0.0	-1.0	
1504808242240	7890209079280	19.0	-20.0	0.0	-1.0	
1504808242258	7890229220882	19.0	-20.0	0.0	-1.0	
1504808242275	7890249362483	19.0	-20.0	0.0	-1.0	
1504808242292	7890269504085	19.0	-20.0	0.0	-1.0	
1504808242310	7890289645687	19.0	-20.0	0.0	-1.0	
1504808242329	7890309787288	19.0	-20.0	0.0	-1.0	
1504808242363	7890329928890	19.0	-20.0	0.0	-1.0	
1504808242382	7890350070491	19.0	-20.0	0.0	-1.0	
1504808242399	7890370212093	19.0	-20.0	0.0	-1.0	
1504808242417	7890390353694	19.0	-20.0	0.0	-1.0	
1504808242434	7890410495296	19.0	-20.0	0.0	-1.0	
1504808242451	7890430636898	19.0	-20.0	0.0	-1.0	
1504808242469	7890450778499	19.0	-20.0	0.0	-1.0	
1504808242505	7890470920101	19.0	-20.0	0.0	-1.0	
1504808242525	7890491061702	19.0	-20.0	0.0	-1.0	
1504808242540	7890511203304	19.0	-20.0	0.0	-1.0	
1504808242557	7890531344905	19.0	-20.0	0.0	-1.0	
1504808242575	7890551486507	19.0	-20.0	0.0	-1.0	
1504808242594	7890571628108	19.0	-20.0	0.0	-1.0	
1504808242610	7890591769710	19.0	-20.0	0.0	-1.0	
1504808242628	7890611911312	19.0	-20.0	0.0	-1.0	
1504808242663	7890632052913	19.0	-20.0	0.0	-1.0	
1504808242680	7890652194515	19.0	-20.0	0.0	-1.0	
1504808242698	7890672336116	19.0	-20.0	0.0	-1.0	
1504808242715	7890692477718	19.0	-20.0	0.0	-1.0	
1504808242733	7890712619319	19.0	-20.0	0.0	-1.0	
1504808242751	7890732760921	19.0	-20.0	0.0	-1.0	
1504808242768	7890752902523	19.0	-20.0	0.0	-1.0	
1504808242804	7890773044124	19.0	-20.0	0.0	-1.0	
1504808242821	7890793185726	19.0	-20.0	0.0	-1.0	
1504808242839	7890813327327	19.0	-20.0	0.0	-1.0	
1504808242856	7890833468929	19.0	-20.0	0.0	-1.0	
1504808242874	7890853610530	19.0	-20.0	0.0	-1.0	
1504808242892	7890873752132	19.0	-20.0	0.0	-1.0	
1504808242911	7890893893733	19.0	-20.0	0.0	-1.0	
1504808242944	7890914035335	19.0	-20.0	0.0	-1.0	
1504808242962	7890934176937	19.0	-20.0	0.0	-1.0	
1504808242980	7890954318538	19.0	-20.0	0.4065704345703125	-1.0	
1504808242997	7890974460140	19.0	-20.0	1.0	-1.0	
1504808243015	7890994601741	19.0	-20.0	0.3096923828125	-1.0	
1504808243033	7891014743343	19.0	-20.0	0.0	-1.0	
1504808243051	7891034884944	19.0	-20.0	0.0	-1.0	
1504808243086	7891055026546	19.0	-20.0	0.0	-1.0	
1504808243104	7891075168148	19.0	-20.0	0.25604248046875	-1.0	
1504808243121	7891095309749	19.0	-20.0	1.0	-1.0	
1504808243138	7891115451351	19.0	-20.0	1.0	-1.0	
1504808243158	7891135592952	19.0	-20.0	1.0	-1.0	
1504808243176	7891155734554	19.0	-20.0	1.0	-1.0	
1504808243192	7891175876155	19.0	-20.0	1.0	-1.0	
1504808243226	7891196017757	19.0	-20.0	1.0	-1.0	
1504808243244	7891216159358	19.0	-20.0	1.0	-1.0	
1504808243262	7891236300960	19.0	-20.0	1.0	-1.0	
1504808243280	7891256442562	19.0	-20.0	1.0	-1.0	
1504808243297	7891276584163	19.0	-20.0	1.0	-1.0	
1504808243315	7891296725765	19.0	-20.0	1.0	-1.0	
1504808243333	7891316867366	19.0	-20.0	1.0	-1.0	
1504808243367	7891337008968	19.0	-20.0	1.0	-1.0	
1504808243385	7891357150569	19.0	-20.0	1.0	-1.0	
1504808243403	7891377292171	19.0	-20.0	1.0	-1.0	
1504808243420	7891397433773	19.0	-20.0	1.0	-1.0	
1504808243442	7891417575374	19.0	-20.0	1.0	-1.0	
1504808243456	7891437716976	19.0	-20.0	1.0	-1.0	
1504808243474	7891457858577	19.0	-20.0	1.0	-1.0	
1504808243509	7891478000179	19.0	-20.0	1.0	-1.0	
1504808243526	7891498141780	19.0	-20.0	1.0	-1.0	
1504808243544	7891518283382	19.0	-20.0	1.0	-1.0	
1504808243561	7891538424983	19.0	-20.0	1.0	-1.0	
1504808243579	7891558566585	19.0	-20.0	1.0	-1.0	
1504808243598	7891578708187	19.0	-20.0	1.0	-1.0	
1504808243614	7891598849788	19.0	-20.0	1.0	-1.0	
1504808243650	7891618991390	19.0	-20.0	1.0	-1.0	
1504808243667	7891639132991	19.0	-20.0	1.0	-1.0	
1504808243685	7891659274593	19.0	-20.0	1.0	-1.0	
1504808243704	7891679416194	19.0	-20.0	1.0	-1.0	
1504808243720	7891699557796	19.0	-20.0	1.0	-1.0	
1504808243738	7891719695153	19.0	-20.0	1.0	-1.0	
1504808243756	7891739836754	19.0	-20.0	1.0	-1.0	
1504808243791	7891759978356	19.0	-20.0	1.0	-1.0	
1504808243809	7891780119957	19.0	-20.0	1.0	-1.0	
1504808243826	7891800261559	19.0	-20.0	1.0	-1.0	
1504808243844	7891820403160	19.0	-20.0	1.0	-1.0	
1504808243861	7891840544762	19.0	-20.0	1.0	-1.0	
1504808243879	7891860686363	19.0	-20.0	1.0	-1.0	
1504808243897	7891880827965	19.0	-20.0	1.0	-1.0	
1504808243932	7891900969567	19.0	-21.0	1.0	-1.0	
1504808243949	7891921111168	19.0	-21.0	1.0	-1.0	
1504808243969	7891941252770	19.0	-21.0	1.0	-1.0	
1504808243985	7891961394371	19.0	-21.0	1.0	-1.0	
1504808244002	7891981535973	19.0	-21.0	1.0	-1.0	
1504808244021	7892001677574	19.0	-21.0	1.0	-1.0	
1504808244037	7892021819176	19.0	-21.0	1.0	-1.0	
1504808244073	7892041960778	19.0	-21.0	1.0	-1.0	
1504808244091	7892062102379	19.0	-21.0	1.0	-1.0	
1504808244108	7892082243981	19.0	-21.0	1.0	-1.0	
1504808244127	7892102385582	19.0	-21.0	1.0	-1.0	
1504808244144	7892122527184	19.0	-21.0	1.0	-1.0	
1504808244161	7892142668785	19.0	-21.0	1.0	-1.0	
1504808244179	7892162810387	19.0	-21.0	1.0	-1.0	
1504808244214	7892182951988	19.0	-21.0	1.0	-1.0	
1504808244233	7892203093590	19.0	-21.0	1.0	-1.0	
1504808244249	7892223235192	19.0	-21.0	1.0	-1.0	
1504808244267	7892243376793	19.0	-21.0	1.0	-1.0	
1504808244284	7892263518395	19.0	-21.0	1.0	-1.0	
1504808244302	7892283659996	19.0	-21.0	1.0	-1.0	
1504808244319	7892303801598	19.0	-21.0	1.0	-1.0	
1504808244355	7892323943199	19.0	-21.0	1.0	-1.0	
1504808244372	7892344084801	19.0	-21.0	1.0	-1.0	
1504808244391	7892364226403	19.0	-21.0	1.0	-1.0	
1504808244408	7892384368004	19.0	-21.0	1.0	-1.0	
1504808244425	7892404509606	19.0	-21.0	1.0	-1.0	
1504808244443	7892424651207	19.0	-21.0	1.0	-1.0	
1504808244460	7892444792809	19.0	-21.0	1.0	-1.0	
1504808244497	7892464934410	19.0	-20.975784301757813	1.0	-1.0	
1504808244514	7892485076012	19.16607666015625	-20.0	1.0	-1.0	
1504808244531	7892505217613	20.0	-20.0	1.0	-1.0	
1504808244549	7892525359215	20.0	-20.0	1.0	-1.0	
1504808244566	7892545500817	20.0	-20.0	1.0	-1.0	
1504808244584	7892565642418	20.0	-20.0	1.0	-1.0	
1504808244602	7892585784020	19.126083374023438	-20.0	1.0	-1.0	
1504808244638	7892605925621	20.0	-20.0	1.0	-1.0	
1504808244654	7892626067223	20.0	-20.0	1.0	-1.0	
1504808244672	7892646208824	20.0	-20.0	1.0	-1.0	
1504808244689	7892666350426	20.0	-19.558837890625	1.0	-1.0	
1504808244707	7892686492028	19.416961669921875	-19.0	1.0	-1.0	
1504808244725	7892706633629	19.0	-19.0	1.0	-1.0	
1504808244743	7892726775231	19.0	-19.0	1.0	-1.0	
1504808244777	7892746916832	19.0	-19.0	1.0	-1.0	
1504808244795	7892767058434	19.0	-19.0	1.0	-1.0	
1504808244814	7892787200035	19.0	-19.0	1.2906494140625	-1.0	
1504808244830	7892807341637	19.0	-19.0	2.0	-1.0	
1504808244848	7892827483238	19.0	-19.0	2.0	-1.0	
1504808244866	7892847624840	19.0	-19.0	2.0	-1.0	
1504808244883	7892867766442	19.0	-19.0	2.0	-1.0	
1504808244902	7892887908043	19.0	-19.0	2.0	-1.0	
1504808244936	7892908049645	20.0	-19.0	2.0	-1.0	
1504808244954	7892928191246	20.0	-19.0	2.0	-1.0	
1504808244972	7892948332848	20.0	-19.0	2.0	-1.0	
1504808244989	7892968474449	20.0	-19.0	2.0	-1.0	
1504808245007	7892988616051	20.0	-19.0	2.0	-1.0	
1504808245027	7893008757653	20.0	-19.0	2.0	-1.0	
1504808245042	7893028899254	20.0	-19.0	2.0	-1.0	
1504808245078	7893049040856	19.0	-19.0	2.0	-1.0	
1504808245095	7893069182457	19.271621704101563	-19.0	2.0	-1.0	
1504808245113	7893089324059	20.0	-19.0	2.0	-1.0	
1504808245130	7893109465660	19.44464111328125	-19.0	2.0	-1.0	
1504808245148	7893129607262	19.0	-19.0	2.0	-1.0	
1504808245165	7893149748863	19.0	-19.0	2.0	-1.0	
1504808245183	7893169890465	19.0	-19.0	2.0	-1.0	
1504808245218	7893190032067	19.0	-19.0	2.0	-1.0	
1504808245236	7893210173668	19.0	-19.0	2.0	-1.0	
1504808245253	7893230315270	19.0	-19.0	2.0	-1.0	
1504808245271	7893250456871	19.0	-19.0	2.0	-1.0	
1504808245291	7893270598473	19.0	-19.0	2.0	-1.0	
1504808245306	7893290740074	19.0	-19.0	2.0	-1.0	
1504808245324	7893310881676	19.0	-19.0	1.0294189453125	-1.0	
1504808245359	7893331023278	19.112442016601563	-19.0	1.0	-1.0	
1504808245377	7893351164879	20.0	-19.0	1.0	-1.0	
1504808245395	7893371306481	20.0	-19.39617919921875	1.0	-1.0	
1504808245411	7893391448082	19.461944580078125	-20.0	1.0	-1.0	
1504808245430	7893411589684	19.678741455078125	-20.0	1.0	-1.0	
1504808245448	7893431731285	19.179931640625	-20.0	1.0	-1.0	
1504808245465	7893451872887	19.0	-20.0	1.0	-1.0	
1504808245500	7893472014488	19.0	-20.0	1.0	-1.0	
1504808245517	7893492156090	19.0	-20.0	1.0	-1.0	
1504808245535	7893512297692	19.0	-20.0	1.0	-1.0	
1504808245555	7893532439293	19.0	-20.0	1.0	-1.0	
1504808245570	7893552580895	19.0	-20.0	1.0	-1.0	
1504808245588	7893572722496	19.0	-20.0	1.0	-1.0	
1504808245606	7893592864098	19.0	-20.0	1.0	-1.0	
1504808245641	7893613005699	19.0	-20.0	1.0	-1.0	
1504808245659	7893633147301	19.0	-20.0	1.0	-1.0	
1504808245676	7893653288903	19.0	-20.0	1.0	-1.0	
1504808245694	7893673430504	19.0	-20.0	1.0	-1.0	
1504808245712	7893693572106	19.0	-20.0	1.0	-1.0	
1504808245729	7893713713707	19.0	-20.0	1.0	-1.0	
1504808245747	7893733855309	19.0	-20.0	1.0	-1.0	
1504808245782	7893753996910	19.0	-20.0	1.0	-1.0	
1504808245800	7893774138512	19.0	-20.0	1.0	-1.0	
1504808245819	7893794280113	19.0	-20.0	1.0	-1.0	
1504808245834	7893814421715	19.0	-20.0	1.0	-1.0	
1504808245853	7893834563317	19.0	-20.0	1.0	-1.0	
1504808245870	7893854704918	19.0	-20.0	1.0	-1.0	
1504808245888	7893874846520	19.0	-20.0	1.0	-1.0	
1504808245924	7893894988121	19.0	-20.0	1.0	-1.0	
1504808245941	7893915129723	19.0	-20.0	1.0	-1.0	
1504808245958	7893935271324	19.359848022460938	-20.0	1.0	-1.0	
1504808245976	7893955412926	20.0	-20.0	1.0	-1.0	
1504808245994	7893975554528	20.0	-20.0	1.0	-1.0	
1504808246012	7893995696129	20.0	-20.0	1.0	-1.0	
1504808246029	7894015837731	20.0	-20.0	1.0	-1.0	
1504808246064	7894035979332	19.0	-20.0	1.0	-1.0	
1504808246084	7894056120934	19.0	-20.0	1.0	-1.0	
1504808246099	7894076262535	19.0	-20.0	1.0	-1.0	
1504808246117	7894096404137	19.0	-20.0	1.0	-1.0	
1504808246135	7894116545738	19.0	-20.63385009765625	1.0	-1.0	
1504808246153	7894136687340	19.0	-21.0	1.0	-1.0	
1504808246170	7894156828942	19.0	-21.0	1.0	-1.0	
1504808246205	7894176970543	19.0	-21.0	1.0	-1.0	
1504808246223	7894197112145	19.0	-21.0	1.0	-1.0	
1504808246240	7894217253746	19.0	-21.0	1.0	-1.0	
1504808246258	7894237395348	19.0	-21.0	1.0	-1.0	
1504808246276	7894257536949	19.0	-21.0	1.0	-1.0	
1504808246293	7894277678551	19.0	-21.0	1.0	-1.0	
1504808246311	7894297820153	19.0	-21.0	1.0	-1.0	
1504808246385	7894317961754	19.0	-22.0	0.0501708984375	95.0	
1504808246426	7894338103356	19.0	-22.0	0.8079681396484375	95.0	
1504808246444	7894358244957	19.0	-22.0	0.0	95.0	
1504808246465	7894378386559	19.0	-22.0	0.0	95.0	
1504808246495	7894398528160	19.0	-22.0	0.61590576171875	95.0	
1504808246526	7894418669762	19.0	-22.0	1.0	95.0	
1504808246579	7894438811363	19.0	-21.100357055664063	1.0	95.0	
1504808246601	7894458952965	19.0	-21.0	1.0	95.0	
1504808246614	7894479094567	19.0	-21.0	1.0	95.0	
1504808246639	7894499236168	19.0	-21.0	1.0	95.0	
1504808246646	7894519377770	19.0	-21.0	1.0	95.0	
1504808246662	7894539519371	19.0	-21.0	1.0	95.0	
1504808246708	7894559660973	19.0	-21.0	1.0	95.0	
1504808246715	7894579802574	19.0	-21.0	1.0	95.0	
1504808246743	7894599944176	19.0	-21.0	0.0	95.0	
1504808246751	7894620085778	19.0	-21.0	0.0	95.0	
1504808246759	7894640227379	19.0	-21.0	0.0	95.0	
1504808246766	7894660368981	19.0	-21.0	0.0	95.0	
1504808246775	7894680510582	19.0	-21.0	0.0	95.0	
1504808246785	7894700652184	19.0	-21.0	0.0	95.0	
1504808246793	7894720793785	19.0	-21.0	0.0	95.0	
1504808246810	7894740935387	19.0	-21.0	0.0	95.0	
1504808246820	7894761076988	19.0	-21.0	0.0	95.0	
1504808246831	7894781218590	19.0	-21.0	0.0	95.0	
1504808246841	7894801360192	19.0	-21.0	0.0	95.0	
1504808246848	7894821501793	19.0	-21.0	0.0	95.0	
1504808246865	7894841643395	19.0	-21.0	0.0	95.0	
1504808246883	7894861784996	19.0	-21.0	0.0	95.0	
1504808246912	7894881926598	19.0	-21.0	0.0	95.0	
1504808246933	7894902068199	19.0	-21.0	0.0	95.0	
1504808246947	7894922209801	19.0	-21.0	0.0	95.0	
1504808246963	7894942351403	19.0	-21.0	0.0	95.0	
1504808246984	7894962493004	19.0	-21.579574584960938	0.0	95.0	
1504808247006	7894982634606	19.0	-22.0	0.0	95.0	
1504808247018	7895002776207	19.0	-22.0	0.0	95.0	
1504808247053	7895022917809	19.0	-22.0	0.0	95.0	
1504808247070	7895043059410	19.0	-22.0	0.0	95.0	
1504808247089	7895063201012	19.0	-22.0	0.0	95.0	
1504808247104	7895083342613	19.0	-22.0	0.0	95.0	
1504808247129	7895103484215	19.0	-22.0	0.0	95.0	
1504808247146	7895123625817	19.0	-22.0	0.0	95.0	
1504808247161	7895143767418	19.0	-22.0	0.0	95.0	
1504808247179	7895163909020	19.0	-22.0	0.0	95.0	
1504808247218	7895184050621	19.0	-22.0	0.0	95.0	
1504808247232	7895204192223	19.0	-22.0	0.0	95.0	
1504808247247	7895224333824	19.0	-22.0	0.0	95.0	
1504808247269	7895244475426	19.0	-22.0	0.0	95.0	
1504808247286	7895264617028	19.0	-22.0	0.0	95.0	
1504808247306	7895284758629	19.0	-22.0	0.0	95.0	
1504808247318	7895304900231	19.0	-22.0	0.0	95.0	
1504808247375	7895325041832	19.0	-22.0	0.0	95.0	
1504808247399	7895345183434	19.0	-22.0	0.0	95.0	
1504808247410	7895365325035	19.0	-22.0	0.0	95.0	
1504808247422	7895385466637	19.0	-22.0	0.0	95.0	
1504808247445	7895405608238	19.0	-22.0	0.0	95.0	
1504808247476	7895425749840	19.0	-22.0	0.0	95.0	
1504808247502	7895445891442	19.0	-22.0	0.0	95.0	
1504808247518	7895466033043	19.0	-22.0	0.0	95.0	
1504808247533	7895486174645	19.0	-22.0	0.0	95.0	
1504808247544	7895506316246	19.0	-22.0	0.0	95.0	
1504808247550	7895526457848	19.0	-22.0	0.0	95.0	
1504808247565	7895546599449	19.0	-22.0	0.0	95.0	
1504808247586	7895566741051	19.0	-22.0	0.0	95.0	
1504808247603	7895586882653	19.0	-22.0	0.0	95.0	
1504808247636	7895607024254	19.0	-21.0	0.0	95.0	
1504808247652	7895627165856	19.0	-21.0	0.0	95.0	
1504808247672	7895647307457	19.0	-21.0	0.0	95.0	
1504808247689	7895667449059	19.0	-21.0	0.0	95.0	
1504808247705	7895687590660	19.0	-21.0	0.0	95.0	
1504808247725	7895707732262	19.0	-21.818328857421875	0.0	95.0	
1504808247741	7895727873863	19.0	-22.0	0.0	95.0	
1504808247777	7895748015465	18.897933959960938	-22.0	0.0	95.0	
1504808247797	7895768157067	18.0	-22.0	0.0	95.0	
1504808247810	7895788298668	18.0	-22.0	-0.3840789794921875	95.0	
1504808247835	7895808440270	18.0	-22.52593994140625	-1.0	95.0	
1504808247846	7895828581871	18.0	-23.0	-1.0	95.0	
1504808247867	7895848723473	18.0	-23.0	-1.0	95.0	
1504808247884	7895868865074	18.0	-23.0	-1.0	95.0	
1504808247927	7895889006676	18.0	-23.0	-1.0	95.0	
1504808247940	7895909148278	18.0	-23.0	-1.0	95.0	
1504808247951	7895929289879	18.0	-23.0	-1.0	95.0	
1504808247969	7895949431481	18.0	-23.517288208007813	-1.0	95.0	
1504808247991	7895969573082	17.340835571289063	-24.0	-1.6591644287109375	95.0	
1504808248008	7895989714684	17.0	-24.801025390625	-2.0	95.0	
1504808248023	7896009856285	17.0	-25.0	-2.0	95.0	
1504808248060	7896029997887	17.0	-25.0	-2.0	95.0	
1504808248078	7896050139488	17.0	-25.0	-2.0	95.0	
1504808248092	7896070281090	17.0	-25.0	-2.0	95.0	
1504808248110	7896090422692	17.0	-25.0	-2.0	95.0	
1504808248128	7896110564293	17.0	-25.0	-2.0	95.0	
1504808248149	7896130705895	17.0	-25.0	-2.0	95.0	
1504808248163	7896150847496	17.0	-25.0	-2.0	95.0	
1504808248200	7896170989098	17.0	-25.0	-2.0	95.0	
1504808248216	7896191130699	17.0	-25.0	-2.0	95.0	
1504808248232	7896211272301	17.0	-25.0	-2.0	95.0	
1504808248252	7896231413903	17.0	-25.0	-1.5	95.0	
1504808248269	7896251555504	17.0	-25.0	-1.0	95.0	
1504808248287	7896271697106	17.0	-25.0	-1.0	95.0	
1504808248307	7896291838707	17.0	-25.0	-1.0	95.0	
1504808248339	7896311980309	17.0	-25.06573486328125	-1.0	95.0	
1504808248358	7896332121910	17.0	-26.0	-1.0	95.0	
1504808248373	7896352263512	17.0	-26.0	-1.0	95.0	
1504808248392	7896372405113	17.0	-26.0	-1.0	95.0	
1504808248411	7896392546715	17.0	-26.0	-1.0	95.0	
1504808248429	7896412688317	17.0	-26.0	-1.0	95.0	
1504808248446	7896432829918	17.0	-25.08477783203125	-1.0	95.0	
1504808248480	7896452971520	17.057083129882813	-25.0	-1.0	95.0	
1504808248498	7896473113121	18.0	-25.0	-1.0	95.0	
1504808248517	7896493254723	18.0	-24.659759521484375	-1.0	95.0	
1504808248532	7896513396324	18.0	-24.0	-1.0	95.0	
1504808248550	7896533537926	18.0	-24.0	-1.0	95.0	
1504808248570	7896553679528	18.0	-24.0	-1.0	95.0	
1504808248586	7896573821129	17.093429565429688	-24.906570434570313	-1.0	95.0	
1504808248621	7896593962731	17.0	-25.0	0.0	95.0	
1504808248639	7896614104332	17.0	-25.0	0.0	95.0	
1504808248657	7896634245934	17.0	-25.0	0.0	95.0	
1504808248674	7896654387535	17.0	-25.0	0.0	95.0	
1504808248691	7896674529137	17.0	-25.0	0.0	95.0	
1504808248709	7896694670738	17.0	-25.0	0.0	95.0	
1504808248729	7896714812340	17.0	-25.0	0.0	95.0	
1504808248761	7896734953942	17.0	-25.0	-0.03900146484375	95.0	
1504808248781	7896755095543	17.0	-25.0	-1.0	95.0	
1504808248798	7896775237145	17.0	-25.0	-1.0	95.0	
1504808248814	7896795378746	17.0	-25.0	-1.0	95.0	
1504808248834	7896815520348	17.0	-25.0	-1.0	95.0	
1504808248868	7896835661949	17.0	-25.0	-1.0	95.0	
1504808248886	7896855803551	17.0	-25.0	-1.0	95.0	
1504808248910	7896875945153	17.0	-25.0	-0.5810699462890625	95.0	
1504808248922	7896896086754	17.0	-25.0	0.0	95.0	
1504808248962	7896916228356	17.0	-25.0	0.0	95.0	
1504808249035	7896936369957	17.0	-25.0	0.0	95.0	
1504808249048	7896956511559	17.0	-25.0	0.0	95.0	
1504808249064	7896976653160	17.0	-25.0	-0.3547821044921875	95.0	
1504808249119	7896996794762	17.0	-25.0	-1.0	95.0	
1504808249161	7897016936363	17.0	-25.0	-1.0	95.0	
1504808249202	7897037077965	17.0	-25.0	-1.0	95.0	
1504808249230	7897057219567	17.0	-25.0	-1.0	95.0	
1504808249254	7897077361168	17.0	-25.0	-1.0	95.0	
1504808249282	7897097502770	17.0	-25.0	-1.0	95.0	
1504808249307	7897117644371	17.0	-25.0	-1.0	95.0	
1504808249315	7897137785973	17.0	-25.0	-1.0	95.0	
1504808249344	7897157927574	17.0	-25.0	-1.0	95.0	
1504808249363	7897178069176	17.0	-25.0	-1.0	95.0	
1504808249371	7897198210778	17.0	-25.0	-1.0	95.0	
1504808249397	7897218352379	17.0	-25.0	-1.0	95.0	
1504808249411	7897238493981	17.0	-25.0	-1.0	95.0	
1504808249438	7897258635582	17.0	-25.0	-1.0	95.0	
1504808249450	7897278777184	17.0	-25.0	-1.0	95.0	
1504808249478	7897298918785	17.0	-25.0	-1.0	95.0	
1504808249498	7897319060387	17.0	-25.0	-1.0	95.0	
1504808249502	7897339201988	17.0	-25.0	-1.0	95.0	
1504808249522	7897359343590	17.0	-25.0	-1.0	95.0	
1504808249541	7897379485192	17.0	-25.0	-1.0	95.0	
1504808249553	7897399626793	17.0	-25.0	-1.0	95.0	
1504808249567	7897419768395	17.0	-25.0	-1.0	95.0	
1504808249602	7897439909996	17.0	-25.0	-1.0	95.0	
1504808249621	7897460051598	17.0	-25.0	-1.0	95.0	
1504808249627	7897480193199	17.0	-25.0	-1.0	95.0	
1504808249658	7897500334801	17.0	-25.0	-1.0	95.0	
1504808249672	7897520476403	17.0	-25.0	-1.0	95.0	
1504808249682	7897540618004	17.0	-25.0	-1.0	95.0	
1504808249695	7897560759606	17.0	-25.0	-1.0	95.0	
1504808249771	7897580901207	17.0	-25.0	-1.0	95.0	
1504808249930	7897601042809	17.0	-25.192703247070313	-1.0	95.0	
1504808250039	7897621184410	17.0	-26.0	-1.0	95.0	
1504808250047	7897641326012	17.0	-26.0	-1.0	95.0	
1504808250055	7897661467613	17.0	-26.0	-1.0	95.0	
1504808250094	7897681609215	17.0	-26.0	-1.0	95.0	
1504808250110	7897701750817	17.0	-26.0	-1.0	95.0	
1504808250158	7897721892418	17.0	-26.0	-1.0	95.0	
1504808250170	7897742034020	17.0	-26.0	-1.0	95.0	
1504808250181	7897762175621	17.0	-26.0	-1.0	95.0	
1504808250189	7897782317223	17.0	-26.0	-1.0	95.0	
1504808250202	7897802458824	17.0	-26.0	-1.0	95.0	
1504808250220	7897822600426	17.0	-26.0	-1.0	95.0	
1504808250234	7897842742028	17.0	-26.0	-1.0	95.0	
1504808250256	7897862883629	17.0	-26.0	-1.0	95.0	
1504808250281	7897883025231	17.0	-26.0	-1.234375	95.0	
1504808250308	7897903166832	17.0	-26.0	-2.0	95.0	
1504808250315	7897923308434	17.0	-26.526031494140625	-2.0	95.0	
1504808250329	7897943450035	17.0	-27.0	-1.328125	95.0	
1504808250373	7897963591637	17.0	-27.0	-1.0	95.0	
1504808250383	7897983733238	17.0	-27.0	-1.0	95.0	
1504808250484	7898003874840	17.0	-27.0	-1.0	95.0	
1504808250512	7898024016442	17.0	-27.0	-1.0	95.0	
1504808250529	7898044158043	17.0	-27.0	-1.0	95.0	
1504808250532	7898064299645	17.0	-27.0	-1.0	95.0	
1504808250543	7898084441246	17.0	-27.0	-1.0	95.0	
1504808250552	7898104582848	17.0	-27.0	-1.0	95.0	
1504808250567	7898124724449	17.0	-27.0	-1.0	95.0	
1504808250588	7898144866051	17.0	-27.0	-1.0	95.0	
1504808250753	7898165007653	17.0	-27.0	-1.0	95.0	
1504808250770	7898185149254	17.0	-27.0	-1.0	95.0	
1504808250776	7898205290856	17.0	-27.0	-1.0	95.0	
1504808250785	7898225432457	17.0	-27.0	-1.0	95.0	
1504808250805	7898245574059	17.0	-27.0	-1.0	95.0	
1504808250823	7898265715660	17.0	-27.0	-1.0	95.0	
1504808250837	7898285857262	17.0	-27.0	-1.0	95.0	
1504808250846	7898305998863	17.0	-27.0	-1.0	95.0	
1504808250857	7898326140465	17.0	-27.0	-1.0	95.0	
1504808250886	7898346282067	17.0	-27.0	-1.0	95.0	
1504808250907	7898366423668	17.0	-27.0	-1.0	95.0	
1504808250916	7898386565270	17.0	-27.0	-1.0	95.0	
1504808250935	7898406706871	17.0	-27.0	-1.0	95.0	
1504808250961	7898426848473	17.0	-27.0	-1.0	95.0	
1504808250976	7898446990074	17.0	-27.0	-1.0	95.0	
1504808250987	7898467131676	17.0	-27.0	-1.0	95.0	
1504808250990	7898487273278	17.0	-27.0	-1.0	95.0	
1504808251001	7898507414879	17.0	-27.0	-1.0	95.0	
1504808251009	7898527556481	17.0	-27.0	-1.0	95.0	
1504808251035	7898547698082	17.0	-27.0	-1.0	95.0	
1504808251149	7898567839684	17.0	-27.0	-1.0	95.0	
1504808251166	7898587981285	17.0	-27.0	-1.0	95.0	
1504808251176	7898608122887	17.0	-27.0	-1.0	95.0	
1504808251181	7898628264488	17.0	-27.0	-1.0	95.0	
1504808251189	7898648406090	17.0	-27.0	-1.0	95.0	
1504808251203	7898668547692	17.0	-27.0	-1.0	95.0	
1504808251222	7898688689293	17.0	-27.0	-1.0	95.0	
1504808251241	7898708830895	17.0	-27.0	-1.0	95.0	
1504808251252	7898728972496	17.0	-27.0	-1.0	95.0	
1504808251260	7898749114098	17.0	-26.494796752929688	-1.5052032470703125	95.0	
1504808251271	7898769255699	17.0	-26.0	-2.0	95.0	
1504808251280	7898789397301	17.0	-26.0	-2.0	95.0	
1504808251288	7898809538903	17.0	-26.0	-2.0	95.0	
1504808251305	7898829680504	17.0	-26.0	-1.911468505859375	95.0	
1504808251322	7898849822106	17.0	-26.0	-1.0	95.0	
1504808251347	7898869963707	17.0	-26.0	-1.0	95.0	
1504808251353	7898890105309	17.0	-26.0	-1.0	95.0	
1504808251360	7898910246910	17.0	-26.0	-1.0	95.0	
1504808251371	7898930388512	17.0	-26.0	-1.0	95.0	
1504808251379	7898950530113	17.0	-26.0	-1.0	95.0	
1504808251405	7898970671715	17.109375	-26.0	-1.0	95.0	
1504808251416	7898990813317	18.0	-26.0	-1.2552032470703125	95.0	
1504808251424	7899010954918	18.0	-26.0	-2.0	95.0	
1504808251427	7899031096520	18.0	-26.0	-2.0	95.0	
1504808251439	7899051238121	17.307296752929688	-26.0	-2.0	95.0	
1504808251448	7899071379723	17.0	-26.0	-2.0	95.0	
1504808251460	7899091521324	17.0	-25.015625	-2.0	95.0	
1504808251474	7899111662926	17.0	-25.0	-2.0	95.0	
1504808251483	7899131804528	17.0	-25.0	-1.723968505859375	95.0	
1504808251496	7899151946129	17.0	-25.0	-1.0	95.0	
1504808251501	7899172087731	17.0	-25.0	-1.0	95.0	
1504808251512	7899192229332	17.0	-25.713531494140625	-1.0	95.0	
1504808251523	7899212370934	17.0	-26.0	-1.0	95.0	
1504808251540	7899232512535	17.0	-26.0	-1.0	95.0	
1504808251549	7899252654137	17.151031494140625	-26.0	-1.0	95.0	
1504808251560	7899272795738	18.0	-26.0	-1.296875	95.0	
1504808251576	7899292937340	18.0	-26.0	-2.0	95.0	
1504808251582	7899313078942	18.0	-26.0	-2.0	95.0	
1504808251590	7899333220543	18.0	-25.265625	-2.0	95.0	
1504808251601	7899353362145	18.0	-25.0	-2.0	95.0	
1504808251620	7899373503746	18.0	-25.0	-2.0	95.0	
1504808251637	7899393645348	17.828125	-25.0	-2.0	95.0	
1504808251652	7899413786949	17.0	-25.0	-2.0	95.0	
1504808251800	7899433928551	17.0	-25.0	-2.0	95.0	
1504808251805	7899454070153	17.0	-25.0	-2.0	95.0	
1504808251845	7899474211754	17.0	-25.755203247070313	-1.2447967529296875	95.0	
1504808251876	7899494353356	17.0	-26.0	-1.0	95.0	
1504808251917	7899514494957	17.0	-26.0	-1.0	95.0	
1504808251925	7899534636559	17.0	-26.0	-1.0	95.0	
1504808251969	7899554778160	17.0	-26.0	-1.0	95.0	
1504808251982	7899574919762	17.0	-26.0	-1.0	95.0	
1504808251989	7899595061363	17.0	-26.0	-1.0	95.0	
1504808252014	7899615202965	17.0	-26.0	-1.776031494140625	95.0	
1504808252028	7899635344567	17.0	-26.0	-2.0	95.0	
1504808252051	7899655486168	17.067703247070313	-26.0	-2.0	95.0	
1504808252071	7899675627770	17.786468505859375	-26.0	-2.0	95.0	
1504808252082	7899695769371	17.0	-26.0	-2.0	95.0	
1504808252091	7899715910973	17.0	-26.0	-2.0	95.0	
1504808252102	7899736052574	17.0	-26.0	-2.0	95.0	
1504808252139	7899756194176	17.0	-26.0	-2.0	95.0	
1504808252153	7899776335778	17.0	-26.0	-2.0	95.0	
1504808252186	7899796477379	17.0	-26.0	-1.911468505859375	95.0	
1504808252197	7899816618981	17.0	-26.0	-1.0	95.0	
1504808252213	7899836760582	17.0	-26.0	-1.0	95.0	
1504808252221	7899856902184	17.0	-26.0	-1.0	95.0	
1504808252232	7899877043785	17.0	-26.0	-1.0	95.0	
1504808252251	7899897185387	17.0	-26.0	-1.0	95.0	
1504808252294	7899917326988	17.0	-26.0	-1.963531494140625	95.0	
1504808252322	7899937468590	17.0	-26.0	-2.0	95.0	
1504808252340	7899957610192	17.0	-26.0	-2.0	95.0	
1504808252379	7899977751793	17.0	-26.0	-2.0	95.0	
1504808252387	7899997893395	17.0	-26.0	-2.0	95.0	
1504808252395	7900018034996	17.0	-26.0	-2.0	95.0	
1504808252408	7900038176598	17.0	-26.0	-2.0	95.0	
1504808252419	7900058318199	17.0	-26.0	-2.0	95.0	
1504808252442	7900078459801	17.0	-26.0	-2.0	95.0	
1504808252514	7900098601403	17.0	-26.0	-2.0	95.0	
1504808252551	7900118743004	17.0	-26.0	-2.0	95.0	
1504808252570	7900138884606	17.0	-26.0	-2.0	95.0	
1504808252577	7900159026207	17.0	-26.0	-2.0	95.0	
1504808252592	7900179167809	17.0	-26.0	-2.0	95.0	
1504808252699	7900199309410	17.0	-26.0	-2.0	95.0	
1504808252709	7900219451012	17.0	-26.0	-2.0	95.0	
1504808252721	7900239592613	17.0	-26.0	-2.0	95.0	
1504808252730	7900259734215	17.0	-26.0	-2.0	95.0	
1504808252740	7900279875817	17.0	-26.0	-2.0	95.0	
1504808252748	7900300017418	17.0	-26.0	-2.0	95.0	
1504808252759	7900320159020	17.0	-26.0	-2.0	95.0	
1504808252802	7900340300621	17.0	-26.0	-2.0	95.0	
1504808252813	7900360442223	17.0	-26.0	-2.0	95.0	
1504808252827	7900380583824	17.0	-26.0	-2.0	95.0	
1504808252839	7900400725426	17.0	-26.0	-1.536468505859375	95.0	
1504808252879	7900420867028	17.0	-26.0	-1.0	95.0	
1504808252887	7900441008629	17.0	-26.0	-1.0	95.0	
1504808252896	7900461150231	17.0	-26.0	-1.0	95.0	
1504808252941	7900481291832	17.0	-26.0	-1.0	95.0	
1504808252952	7900501433434	17.0	-26.0	-1.0	95.0	
1504808252961	7900521575035	17.0	-26.0	-1.0	95.0	
1504808252970	7900541716637	17.0	-26.0	-1.0	95.0	
1504808252977	7900561858238	17.0	-26.0	-1.0	95.0	
1504808252995	7900581999840	17.0	-26.0	-1.776031494140625	95.0	
1504808253010	7900602141442	17.0	-26.0	-2.0	95.0	
1504808253035	7900622283043	17.0	-26.0	-2.0	95.0	
1504808253047	7900642424645	17.0	-26.0	-2.0	95.0	
1504808253074	7900662566246	17.0	-26.0	-1.640625	95.0	
1504808253134	7900682707848	17.0	-26.0	-1.0	95.0	
1504808253157	7900702849449	17.0	-26.0	-1.0	95.0	
1504808253165	7900722991051	17.0	-26.0	-1.0	95.0	
1504808253173	7900743132653	17.0	-26.0	-1.0	95.0	
1504808253190	7900763274254	17.0	-26.0	-1.0	95.0	
1504808253210	7900783415856	17.0	-26.0	-1.0	95.0	
1504808253223	7900803557457	17.0	-26.0	-1.0	95.0	
1504808253229	7900823699059	17.0	-26.0	-1.0	95.0	
1504808253241	7900843840660	17.0	-26.0	-1.0	95.0	
1504808253255	7900863982262	17.0	-26.0	-1.0	95.0	
1504808253275	7900884123863	17.0	-26.0	-1.0	95.0	
1504808253295	7900904265465	17.0	-26.0	-1.0	95.0	
1504808253321	7900924407067	17.0	-26.0	-1.0	95.0	
1504808253331	7900944548668	17.0	-26.0	-1.401031494140625	95.0	
1504808253336	7900964690270	17.0	-26.0	-2.0	95.0	
1504808253345	7900984831871	17.0	-26.0	-1.3072967529296875	95.0	
1504808253363	7901004973473	17.0	-26.0	-1.0	95.0	
1504808253370	7901025115074	17.0	-26.0	-1.0	95.0	
1504808253407	7901045256676	17.0	-26.0	-1.0	95.0	
1504808253421	7901065398278	17.0	-26.0	-1.0	95.0	
1504808253430	7901085539879	17.0	-26.0	-1.0	95.0	
1504808253441	7901105681481	17.0	-26.0	-1.0	95.0	
1504808253457	7901125823082	17.0	-26.0	-1.0	95.0	
1504808253467	7901145964684	17.0	-26.0	-1.0	95.0	
1504808253483	7901166106285	17.0	-26.0	-1.0	95.0	
1504808253501	7901186247887	17.0	-26.0	-1.0	95.0	
1504808253517	7901206389488	17.0	-26.0	-1.0	95.0	
1504808253526	7901226531090	17.0	-26.0	-1.0	95.0	
1504808253533	7901246672692	17.0	-26.0	-1.0	95.0	
1504808253553	7901266814293	17.0	-26.0	-1.0	95.0	
1504808253564	7901286955895	17.0	-26.0	-1.0	95.0	
1504808253581	7901307097496	17.0	-26.0	-1.0	95.0	
1504808253591	7901327239098	17.0	-26.0	-1.0	95.0	
1504808253606	7901347380699	17.0	-26.0	-1.0	95.0	
1504808253614	7901367522301	17.0	-26.0	-1.0	95.0	
1504808253625	7901387663903	17.0	-26.0	-1.0	95.0	
1504808253633	7901407805504	17.0	-26.0	-1.7552032470703125	95.0	
1504808253643	7901427947106	17.0	-26.0	-2.0	95.0	
1504808253682	7901448088707	17.0	-25.0	-1.953125	95.0	
1504808253690	7901468230309	17.0	-25.0	-1.0	95.0	
1504808253702	7901488371910	17.0	-25.0	-1.0	95.0	
1504808253714	7901508513512	17.0	-25.0	-1.0	95.0	
1504808253738	7901528655113	17.0	-25.0	-1.0	95.0	
1504808253748	7901548796715	17.0	-25.0	-1.0	95.0	
1504808253758	7901568938317	17.0	-25.0	-1.0	95.0	
1504808253772	7901589079918	17.0	-25.0	-1.0	95.0	
1504808253783	7901609221520	17.0	-25.0	-1.0	95.0	
1504808253791	7901629363121	17.0	-25.0	-1.0	95.0	
1504808253798	7901649504723	17.0	-25.0	-1.0	95.0	
1504808253809	7901669646324	17.0	-25.0	-1.0	95.0	
1504808253819	7901689787926	17.0	-25.0	-1.0	95.0	
1504808253834	7901709931116	17.0	-25.0	-1.0	95.0	
1504808253860	7901730072717	17.0	-25.0	-1.0	95.0	
1504808253872	7901750214319	17.0	-25.0	-1.0	95.0	
1504808253883	7901770355920	17.0	-25.0	-1.0	95.0	
1504808253890	7901790497522	17.0	-25.0	-1.0	95.0	
1504808253900	7901810639123	17.0	-25.0	-1.0	95.0	
1504808253909	7901830780725	17.0	-25.0	-1.0	95.0	
1504808253919	7901850922326	17.0	-25.0	-1.0	95.0	
1504808253944	7901871063928	17.0	-25.0	-1.0	95.0	
1504808253965	7901891205530	17.0	-25.0	-1.0	95.0	
1504808253976	7901911347131	17.0	-25.0	-1.0	95.0	
1504808253983	7901931488733	17.0	-25.0	-1.0	95.0	
1504808253993	7901951630334	17.0	-25.0	-1.0	95.0	
1504808254005	7901971771936	17.0	-25.0	-1.0	95.0	
1504808254028	7901991913537	17.0	-25.0	-1.0	95.0	
1504808254055	7902012055139	17.0	-25.0	-1.0	95.0	
1504808254076	7902032196741	17.0	-25.0	-1.0	95.0	
1504808254093	7902052338342	17.0	-25.0	-1.0	95.0	
1504808254108	7902072479944	17.0	-25.0	-1.0	95.0	
1504808254121	7902092621545	17.0	-25.0	-1.0	95.0	
1504808254147	7902112763147	17.0	-25.0	-1.0	95.0	
1504808254157	7902132904748	17.0	-25.0	-1.0	95.0	
1504808254196	7902153046350	17.0	-25.0	-1.0	95.0	
1504808254209	7902173187951	17.0	-25.0	-1.0	95.0	
1504808254230	7902193329553	17.0	-25.0	-1.0	95.0	
1504808254248	7902213471155	17.0	-25.0	-1.0	95.0	
1504808254261	7902233612756	17.0	-25.0	-1.0	95.0	
1504808254285	7902253754358	17.0	-25.0	-1.0	95.0	
1504808254296	7902273895959	17.0	-25.0	-1.0	95.0	
1504808254333	7902294037561	17.0	-25.0	-1.0	95.0	
1504808254349	7902314179162	17.0	-25.0	-1.0	95.0	
1504808254369	7902334320764	17.0	-25.0	-1.0	95.0	
1504808254384	7902354462366	17.0	-25.0	-1.0	95.0	
1504808254402	7902374603967	17.0	-25.0	-1.0	95.0	
1504808254422	7902394745569	17.0	-25.0	-1.0	95.0	
1504808254440	7902414887170	17.0	-25.0	-1.0	95.0	
1504808254471	7902435028772	17.0	-25.0	-1.0	95.0	
1504808254490	7902455170373	17.0	-25.0	-1.0	95.0	
1504808254513	7902475311975	17.0	-25.0	-1.0	95.0	
1504808254526	7902495453576	17.0	-25.0	-1.0	95.0	
1504808254547	7902515595178	17.0	-25.0	-1.0	95.0	
1504808254560	7902535736780	17.0	-25.0	-1.0	95.0	
1504808254579	7902555878381	17.0	-25.0	-1.0	95.0	
1504808254612	7902576019983	17.0	-25.0	-0.946380615234375	95.0	
1504808254631	7902596161584	17.0	-25.0	0.0	95.0	
1504808254649	7902616303186	17.0	-25.0	0.0	95.0	
1504808254674	7902636444787	17.0	-25.0	0.0	95.0	
1504808254684	7902656586389	17.0	-25.0	0.0	95.0	
1504808254703	7902676727991	17.0	-25.0	0.0	95.0	
1504808254719	7902696869592	17.0	-25.0	0.0	95.0	
1504808254754	7902717011194	17.0	-25.0	0.0	95.0	
1504808254772	7902737152795	17.0	-25.0	0.0	95.0	
1504808254790	7902757294397	17.0	-25.0	0.0	95.0	
1504808254809	7902777435998	17.0	-25.0	0.0	95.0	
1504808254825	7902797577600	17.0	-25.0	0.0	95.0	
1504808254842	7902817719201	17.0	-25.0	0.0	95.0	
1504808254861	7902837860803	17.0	-25.0	0.0	95.0	
1504808254894	7902858002405	17.0	-25.0	0.0	95.0	
1504808254913	7902878144006	17.0	-25.0	0.0	95.0	
1504808254936	7902898285608	17.0	-25.0	0.0	95.0	
1504808254956	7902918427209	17.0	-25.0	0.0	95.0	
1504808254968	7902938568811	17.0	-25.0	0.0	95.0	
1504808254984	7902958710412	17.0	-25.0	0.0	95.0	
1504808255002	7902978852014	17.0	-25.0	0.0	95.0	
1504808255037	7902998993616	17.0	-25.0	0.0	95.0	
1504808255054	7903019135217	17.0	-25.0	0.0	95.0	
1504808255073	7903039276819	17.0	-25.0	0.0	95.0	
1504808255091	7903059418420	17.0	-25.0	0.0	95.0	
1504808255107	7903079560022	17.0	-25.0	0.0	95.0	
1504808255125	7903099701623	17.0	-25.0	0.0	95.0	
1504808255142	7903119843225	17.0	-25.0	0.0	95.0	
1504808255179	7903139984826	17.0	-25.0	0.0	95.0	
1504808255195	7903160126428	17.0	-25.0	0.0	95.0	
1504808255213	7903180268030	17.0	-25.0	0.0	95.0	
1504808255230	7903200409631	17.0	-25.0	0.0	95.0	
1504808255248	7903220551233	17.0	-25.0	0.0	95.0	
1504808255265	7903240692834	17.0	-25.0	0.0	95.0	
1504808255284	7903260834436	17.0	-25.0	0.0	95.0	
1504808255318	7903280976037	17.0	-25.0	0.0	95.0	
1504808255340	7903301117639	17.0	-25.0	0.0	95.0	
1504808255353	7903321259241	17.0	-25.0	0.0	95.0	
1504808255371	7903341400842	17.0	-25.0	0.0	95.0	
1504808255389	7903361542444	17.0	-25.0	0.0	95.0	
1504808255412	7903381684045	17.740478515625	-25.0	0.0	95.0	
1504808255428	7903401825647	18.0	-25.0	0.0	95.0	
1504808255461	7903421967248	18.0	-25.0	0.0	95.0	
1504808255478	7903442108850	18.0	-25.0	0.0	95.0	
1504808255500	7903462250451	18.0	-25.0	0.0	95.0	
1504808255512	7903482392053	18.0	-25.0	0.0	95.0	
1504808255530	7903502533655	18.0	-25.0	0.0	95.0	
1504808255553	7903522675256	18.0	-25.0	0.0	95.0	
1504808255604	7903542816858	18.0	-25.0	0.0	95.0	
1504808255631	7903562958459	18.0	-24.980972290039063	0.0	95.0	
1504808255642	7903583100061	18.0	-24.0	0.0	95.0	
1504808255658	7903603241662	18.0	-24.0	0.0	95.0	
1504808255668	7903623383264	18.0	-24.0	0.0	95.0	
1504808255679	7903643524866	17.411773681640625	-24.0	0.0	95.0	
1504808255691	7903663666467	17.0	-24.7301025390625	0.0	95.0	
1504808255708	7903683808069	17.0	-25.0	0.0	95.0	
1504808255740	7903703949670	18.0	-25.0	0.0	95.0	
1504808255761	7903724091272	18.0	-25.0	0.0	95.0	
1504808255779	7903744232873	18.0	-25.0	0.0	95.0	
1504808255794	7903764374475	18.0	-25.0	0.0	95.0	
1504808255813	7903784516076	18.0	-25.0	0.0	95.0	
1504808255830	7903804657678	18.0	-24.275100708007813	0.0	95.0	
1504808255847	7903824799280	18.0	-24.0	0.0	95.0	
1504808255881	7903844940881	18.0	-24.0	0.0	95.0	
1504808255901	7903865082483	18.0	-24.0	0.0	95.0	
1504808255917	7903885224084	18.0	-24.0	0.0	95.0	
1504808255935	7903905365686	18.0	-24.0	0.0	95.0	
1504808255956	7903925507287	18.0	-24.0	0.0	95.0	
1504808255973	7903945648889	18.0	-24.719711303710938	0.0	95.0	
1504808255991	7903965790491	18.0	-25.0	0.0	95.0	
1504808256025	7903985932092	17.0	-25.0	0.0	95.0	
1504808256042	7904006073694	17.0	-25.0	0.0	95.0	
1504808256061	7904026215295	17.0	-25.0	0.0	95.0	
1504808256076	7904046356897	17.0	-25.0	0.0	95.0	
1504808256097	7904066498498	17.0	-25.0	0.0	95.0	
1504808256114	7904086640100	17.0	-25.0	0.0	95.0	
1504808256141	7904106781701	17.0	-25.0	0.0	95.0	
1504808256152	7904126923303	17.0	-25.0	0.0	95.0	
1504808256183	7904147064905	17.0	-25.0	0.0	95.0	
1504808256201	7904167206506	17.0	-25.0	0.0	95.0	
1504808256238	7904187348108	17.0	-25.0	0.0	95.0	
1504808256244	7904207489709	17.0	-25.0	0.0	95.0	
1504808256272	7904227631311	17.0	-25.0	0.0	95.0	
1504808256279	7904247772912	17.0	-25.0	0.0	95.0	
1504808256290	7904267914514	17.0	-25.0	0.0	95.0	
1504808256324	7904288056116	17.0	-25.0	0.0	95.0	
1504808256340	7904308197717	17.0	-25.0	0.0	95.0	
1504808256366	7904328339319	17.0	-25.0	0.0	95.0	
1504808256380	7904348480920	17.0	-25.0	0.0	95.0	
1504808256404	7904368622522	17.0	-25.0	0.0	95.0	
1504808256415	7904388764123	17.847747802734375	-25.0	0.0	95.0	
1504808256429	7904408905725	18.0	-25.0	0.0	95.0	
1504808256466	7904429047326	18.0	-25.0	0.0	95.0	
1504808256490	7904449188928	17.72491455078125	-25.0	0.0	95.0	
1504808256501	7904469330530	17.0	-25.0	0.0	95.0	
1504808256516	7904489472131	17.0	-25.0	0.0	95.0	
1504808256542	7904509613733	17.0	-25.0	0.0	95.0	
1504808256557	7904529755334	17.0	-25.0	-0.842559814453125	95.0	
1504808256577	7904549896936	17.0	-25.0	-1.0	95.0	
1504808256607	7904570038537	17.0	-25.0	-1.0	95.0	
1504808256624	7904590180139	17.0	-25.0	-1.0	95.0	
1504808256650	7904610321741	17.0	-25.0	-1.0	95.0	
1504808256663	7904630463342	17.0	-25.0	-1.0	95.0	
1504808256676	7904650604944	17.0	-25.0	-1.0	95.0	
1504808256693	7904670746545	17.0	-25.0	-1.0	95.0	
1504808256714	7904690888147	17.0	-25.0	-1.0	95.0	
1504808256751	7904711029748	17.0	-25.0	-1.0	95.0	
1504808256771	7904731171350	17.0	-25.0	-1.0	95.0	
1504808256783	7904751312951	17.0	-25.0	-1.0	95.0	
1504808256800	7904771454553	17.0	-25.0	-1.0	95.0	
1504808256832	7904791596155	17.0	-25.0	-1.0	95.0	
1504808256840	7904811737756	17.0	-25.0	-1.0	95.0	
1504808256855	7904831879358	17.0	-25.0	-1.0	95.0	
1504808256888	7904852020959	17.0	-25.0	-1.0	95.0	
1504808256905	7904872162561	17.0	-25.0	-1.0	95.0	
1504808256927	7904892304162	17.0	-25.0	-1.0	95.0	
1504808256940	7904912445764	17.0	-25.0	-1.0	95.0	
1504808256958	7904932587366	17.0	-25.0	-1.0	95.0	
1504808256977	7904952728967	17.0	-25.0	-1.0	95.0	
1504808256993	7904972870569	17.0	-25.0	-1.0	95.0	
1504808257028	7904993012170	17.0	-25.0	-1.0	95.0	
1504808257046	7905013153772	17.0	-25.0	-1.0	95.0	
1504808257062	7905033295373	17.0	-25.0	-1.0	95.0	
1504808257084	7905053436975	17.0	-25.0	-1.0	95.0	
1504808257112	7905073578576	17.0	-25.0	-1.6816558837890625	95.0	
1504808257119	7905093720178	17.0	-25.0	-2.0	95.0	
1504808257141	7905113861780	17.0	-25.0	-2.0	95.0	
1504808257169	7905134003381	17.0	-25.0	-2.0	95.0	
1504808257189	7905154144983	17.0	-25.0	-2.0	95.0	
1504808257204	7905174286584	17.0	-25.0	-2.0	95.0	
1504808257229	7905194428186	17.0	-25.0	-2.0	95.0	
1504808257241	7905214569787	17.0	-25.0	-2.0	95.0	
1504808257257	7905234711389	17.0	-25.818328857421875	-2.0	95.0	
1504808257275	7905254852991	17.0	-26.0	-2.0	95.0	
1504808257309	7905274994592	17.0	-26.0	-2.0	95.0	
1504808257330	7905295136194	17.0	-26.0	-2.0	95.0	
1504808257345	7905315277795	17.0	-26.0	-2.0	95.0	
1504808257362	7905335419397	17.0	-25.470596313476563	-2.0	95.0	
1504808257380	7905355560998	17.0	-25.0	-2.0	95.0	
1504808257399	7905375702600	17.0	-25.0	-2.0	95.0	
1504808257415	7905395844201	17.0	-25.0	-2.0	95.0	
1504808257462	7905415985803	17.0	-25.0	-2.0	95.0	
1504808257471	7905436127405	17.0	-25.0	-2.0	95.0	
1504808257489	7905456269006	17.0	-25.0	-2.0	95.0	
1504808257508	7905476410608	17.0	-25.0	-2.0	95.0	
1504808257538	7905496552209	17.0	-25.0	-2.0	95.0	
1504808257544	7905516693811	17.0	-25.0	-2.0	95.0	
1504808257557	7905536835412	17.0	-25.0	-2.0	95.0	
1504808257595	7905556977014	17.0	-25.0	-2.0	95.0	
1504808257613	7905577118616	17.0	-25.0	-2.0	95.0	
1504808257628	7905597260217	17.0	-25.0	-2.0	95.0	
1504808257645	7905617401819	17.0	-25.0	-2.0	95.0	
1504808257664	7905637543420	17.0	-25.662628173828125	-2.0	95.0	
1504808257680	7905657685022	17.0	-26.0	-2.0	95.0	
1504808257697	7905677826623	17.0	-26.0	-2.0	95.0	
1504808257733	7905697968225	17.0	-26.0	-2.0	95.0	
1504808257751	7905718109826	17.0	-26.0	-2.0	95.0	
1504808257769	7905738251428	17.0	-26.0	-2.0	95.0	
1504808257788	7905758393030	17.0	-26.0	-2.0	95.0	
1504808257803	7905778534631	17.0	-26.0	-2.0	95.0	
1504808257822	7905798676233	17.0	-26.0	-2.0	95.0	
1504808257841	7905818817834	17.0	-26.0	-2.0	95.0	
1504808257874	7905838959436	17.0	-26.0	-2.0	95.0	
1504808257891	7905859101037	17.0	-26.0	-2.0	95.0	
1504808257909	7905879242639	17.0	-26.0	-2.0	95.0	
1504808257928	7905899384241	17.0	-26.0	-2.0	95.0	
1504808257944	7905919525842	17.0	-26.0	-2.0	95.0	
1504808257962	7905939667444	17.0	-26.0	-2.0	95.0	
1504808257984	7905959809045	17.0	-26.0	-2.0	95.0	
1504808258016	7905979950647	17.0	-26.0	-2.0	95.0	
1504808258033	7906000092248	17.0	-26.0	-2.0	95.0	
1504808258057	7906020233850	17.0	-26.0	-2.0	95.0	
1504808258068	7906040375451	17.0	-26.0	-2.0	95.0	
1504808258088	7906060517053	17.0	-26.0	-2.0	95.0	
1504808258103	7906080658655	17.0	-26.0	-2.0	95.0	
1504808258120	7906100800256	17.0	-26.0	-2.0	95.0	
1504808258155	7906120941858	17.0	-26.0	-2.0	95.0	
1504808258173	7906141083459	17.0	-26.0	-2.0	95.0	
1504808258191	7906161225061	17.0	-26.0	-2.0	95.0	
1504808258211	7906181366662	17.0	-26.0	-2.0	95.0	
1504808258226	7906201508264	17.0	-26.0	-2.0	95.0	
1504808258247	7906221649866	17.0	-26.78546142578125	-2.0	95.0	
1504808258262	7906241791467	17.0	-27.0	-2.0	95.0	
1504808258297	7906261933069	16.0	-27.0	-2.0	95.0	
1504808258314	7906282074670	16.0	-27.0	-2.0	95.0	
1504808258332	7906302216272	16.0	-27.0	-2.0	95.0	
1504808258349	7906322357873	16.0	-27.0	-2.0	95.0	
1504808258367	7906342499475	16.0	-27.0	-2.0	95.0	
1504808258385	7906362641076	16.0	-27.0	-2.0	95.0	
1504808258404	7906382782678	16.0	-27.0	-2.0	95.0	
1504808258437	7906402924280	16.0	-27.0	-2.0	95.0	
1504808258455	7906423065881	16.0	-27.0	-2.0	95.0	
1504808258475	7906443207483	16.0	-27.0	-2.0	95.0	
1504808258491	7906463349084	16.0	-27.0	-2.0	95.0	
1504808258511	7906483490686	16.0	-27.0	-2.0	95.0	
1504808258526	7906503632287	16.0	-27.0	-2.0	95.0	
1504808258544	7906523773889	16.0	-27.0	-2.0	95.0	
1504808258577	7906543915491	16.0	-27.0	-2.0	95.0	
1504808258596	7906564057092	16.0	-27.0	-2.0	95.0	
1504808258614	7906584198694	16.0	-27.0	-2.0	95.0	
1504808258636	7906604340295	16.0	-27.0	-2.0	95.0	
1504808258653	7906624481897	16.0	-27.0	-2.0	95.0	
1504808258668	7906644623498	16.0	-27.0	-2.0	95.0	
1504808258687	7906664765100	16.0	-27.0	-2.0	95.0	
1504808258720	7906684906701	16.0	-27.0	-2.0	95.0	
1504808258738	7906705048303	16.0	-27.0	-2.0	95.0	
1504808258758	7906725189905	16.0	-27.0	-2.0	95.0	
1504808258778	7906745331506	16.0	-27.0	-2.0	95.0	
1504808258790	7906765473108	16.0	-27.0	-2.0	95.0	
1504808258808	7906785614709	16.0	-27.0	-2.0	95.0	
1504808258828	7906805756311	16.0	-27.0	-2.0	95.0	
1504808258859	7906825897912	16.0	-27.0	-2.0	95.0	
1504808258878	7906846039514	16.0	-27.0	-2.0	95.0	
1504808258896	7906866181116	16.0	-27.0	-2.0	95.0	
1504808258914	7906886322717	16.0	-27.0	-2.0	95.0	
1504808258933	7906906464319	16.0	-27.0	-2.0	95.0	
1504808258948	7906926605920	16.0	-27.0	-2.0	95.0	
1504808258966	7906946747522	16.0	-27.0	-2.0	95.0	
1504808259000	7906966889123	16.0	-27.0	-2.0	95.0	
1504808259020	7906987030725	16.0	-27.0	-2.0	95.0	
1504808259040	7907007172326	16.0	-27.0	-2.0	95.0	
1504808259054	7907027313928	16.0	-27.0	-2.0	95.0	
1504808259072	7907047455530	16.0	-27.0	-2.0	95.0	
1504808259091	7907067597131	16.0	-27.0	-2.0	95.0	
1504808259114	7907087738733	16.0	-27.0	-2.0	95.0	
1504808259143	7907107880334	16.0	-27.0	-2.0	95.0	
1504808259162	7907128021936	16.0	-27.0	-2.0	95.0	
1504808259178	7907148163537	16.0	-27.0	-2.0	95.0	
1504808259195	7907168305139	16.0	-27.0	-2.0	95.0	
1504808259213	7907188446741	16.0	-27.0	-2.0	95.0	
1504808259231	7907208588342	16.0	-27.0	-2.0	95.0	
1504808259256	7907228729944	16.0	-27.0	-2.0	95.0	
1504808259283	7907248871545	16.0	-27.0	-2.0	95.0	
1504808259306	7907269013147	16.0	-27.0	-2.0	95.0	
1504808259326	7907289154748	16.0	-27.0	-2.0	95.0	
1504808259336	7907309296350	16.0	-27.0	-2.0	95.0	
1504808259358	7907329437951	16.0	-27.0	-2.0	95.0	
1504808259372	7907349579553	16.0	-27.0	-2.0	95.0	
1504808259389	7907369721155	16.0	-27.0	-2.0	95.0	
1504808259425	7907389862756	16.0	-27.0	-2.0	95.0	
1504808259442	7907410004358	16.0	-27.0	-2.0	95.0	
1504808259460	7907430145959	16.0	-27.0	-2.0	95.0	
1504808259481	7907450287561	16.0	-27.0	-2.0	95.0	
1504808259496	7907470429162	16.0	-27.0	-2.0	95.0	
1504808259517	7907490570764	16.0	-27.0	-2.0	95.0	
1504808259530	7907510712366	16.0	-27.0	-2.0	95.0	
1504808259567	7907530853967	16.0	-27.0	-2.0	95.0	
1504808259583	7907550995569	16.0	-27.0	-2.0	95.0	
1504808259600	7907571137170	16.0	-27.0	-2.0	95.0	
1504808259618	7907591278772	16.0	-27.0	-2.0	95.0	
1504808259636	7907611420373	16.0	-27.0	-2.0	95.0	
1504808259653	7907631561975	16.0	-27.0	-2.0	95.0	
1504808259673	7907651703576	16.0	-27.0	-2.0	95.0	
1504808259706	7907671845178	16.0	-27.0	-2.0	95.0	
1504808259728	7907691986780	16.0	-27.0	-2.0	95.0	
1504808259742	7907712128381	16.0	-27.0	-2.0	95.0	
1504808259760	7907732269983	16.0	-27.0	-2.0	95.0	
1504808259777	7907752411584	16.0	-27.0	-2.0	95.0	
1504808259794	7907772553186	16.0	-27.0	-2.0	95.0	
1504808259813	7907792694787	16.873687744140625	-26.126312255859375	-2.0	95.0	
1504808259846	7907812836389	17.0	-26.0	-2.0	95.0	
1504808259866	7907832977991	17.0	-26.0	-2.0	95.0	
1504808259884	7907853119592	17.0	-26.0	-2.0	95.0	
1504808259900	7907873261194	17.0	-26.0	-2.0	95.0	
1504808259918	7907893402795	17.0	-26.0	-2.0	95.0	
1504808259937	7907913544397	17.0	-26.0	-2.0	95.0	
1504808259954	7907933685998	17.0	-26.0	-2.0	95.0	
1504808259988	7907953827600	17.0	-26.0	-2.0	95.0	
1504808260006	7907973969201	17.0	-26.0	-2.0	95.0	
1504808260024	7907994110803	17.0	-26.0	-2.0	95.0	
1504808260043	7908014252405	17.0	-26.0	-2.0	95.0	
1504808260059	7908034394006	17.0	-26.0	-2.0	95.0	
1504808260077	7908054535608	17.0	-26.0	-2.0	95.0	
1504808260099	7908074677209	17.0	-26.0	-2.0	95.0	
1504808260135	7908094818811	17.0	-26.0	-2.0	95.0	
1504808260148	7908114960412	17.0	-26.0	-2.0	95.0	
1504808260165	7908135102014	17.0	-26.0	-2.0	95.0	
1504808260187	7908155243616	17.0	-26.0	-2.0	95.0	
1504808260206	7908175385217	17.0	-26.0	-2.0	95.0	
1504808260218	7908195526819	17.0	-26.0	-2.0	95.0	
1504808260235	7908215668420	17.0	-26.0	-2.0	95.0	
1504808260269	7908235810022	17.0	-26.0	-2.0	95.0	
1504808260288	7908255951623	17.0	-26.0	-2.0	95.0	
1504808260306	7908276093225	17.0	-26.0	-2.0	95.0	
1504808260323	7908296234826	17.0	-26.0	-2.0	95.0	
1504808260344	7908316376428	17.0	-26.0	-2.0	95.0	
1504808260362	7908336518030	17.0	-26.0	-2.0	95.0	
1504808260376	7908356659631	17.0	-26.0	-2.0	95.0	
1504808260394	7908376801233	17.0	-26.0	-2.0	95.0	
1504808260430	7908396942834	17.0	-26.0	-2.0	95.0	
1504808260447	7908417084436	17.0	-26.0	-2.0	95.0	
1504808260464	7908437226037	17.0	-26.0	-2.0	95.0	
1504808260482	7908457367639	17.0	-26.0	-2.0	95.0	
1504808260500	7908477509241	17.0	-26.0	-2.0	95.0	
1504808260519	7908497650842	17.0	-26.0	-2.0	95.0	
1504808260535	7908517792444	17.0	-26.0	-2.0	95.0	
1504808260571	7908537934045	17.0	-26.0	-2.0	95.0	
1504808260588	7908558075647	17.0	-26.0	-2.0	95.0	
1504808260608	7908578217248	17.0	-26.0	-2.0	95.0	
1504808260628	7908598358850	17.0	-26.0	-2.0	95.0	
1504808260640	7908618500451	17.0	-26.0	-2.0	95.0	
1504808260659	7908638642053	17.0	-26.0	-2.0	95.0	
1504808260677	7908658783655	17.0	-26.0	-2.0	95.0	
1504808260712	7908678925256	17.0	-26.0	-2.0	95.0	
1504808260729	7908699066858	17.0	-26.0	-2.0	95.0	
1504808260746	7908719208459	17.0	-26.0	-2.0	95.0	
1504808260764	7908739350061	17.0	-26.55535888671875	-2.0	95.0	
1504808260783	7908759491662	17.0	-27.0	-2.0	95.0	
1504808260799	7908779633264	17.0	-27.0	-2.0	95.0	
1504808260817	7908799774866	17.0	-27.0	-2.0	95.0	
1504808260852	7908819916467	17.0	-27.0	-2.0	95.0	
1504808260870	7908840058069	17.0	-27.0	-2.0	95.0	
1504808260891	7908860199670	17.0	-27.0	-2.0	95.0	
1504808260905	7908880341272	17.0	-27.0	-2.0	95.0	
1504808260923	7908900482873	17.0	-27.0	-2.0	95.0	
1504808260949	7908920624475	17.0	-27.0	-2.0	95.0	
1504808260957	7908940766076	17.0	-27.0	-2.0	95.0	
1504808260994	7908960907678	17.0	-27.0	-2.0	95.0	
1504808261010	7908981049280	17.0	-27.0	-2.0	95.0	
1504808261037	7909001190881	17.0	-27.0	-2.0	95.0	
1504808261047	7909021332483	17.0	-27.0	-2.0	95.0	
1504808261063	7909041474084	17.0	-27.0	-1.3119659423828125	95.0	
1504808261082	7909061615686	17.0	-27.0	-1.0	95.0	
1504808261100	7909081757287	17.0	-27.0	-1.0	95.0	
1504808261134	7909101898889	17.0	-27.0	-1.0	95.0	
1504808261154	7909122040491	17.0	-27.0	-1.0	95.0	
1504808261169	7909142182092	17.0	-27.0	-1.0	95.0	
1504808261187	7909162323694	17.0	-27.0	-1.0	95.0	
1504808261207	7909182465295	17.0	-27.0	-1.0	95.0	
1504808261223	7909202606897	17.0	-27.0	-1.0	95.0	
1504808261241	7909222748498	17.0	-27.0	-1.0	95.0	
1504808261277	7909242890100	17.0	-27.0	-1.0	95.0	
1504808261294	7909263031701	17.0	-27.0	-1.0	95.0	
1504808261312	7909283173303	17.0	-27.0	-1.0	95.0	
1504808261330	7909303314905	17.0	-27.0	-1.0	95.0	
1504808261346	7909323456506	17.0	-27.0	-1.0	95.0	
1504808261368	7909343598108	17.0	-27.0	-1.0	95.0	
1504808261380	7909363739709	17.0	-27.0	-1.0	95.0	
1504808261422	7909383881311	17.0	-27.0	-1.0	95.0	
1504808261438	7909404022912	17.0	-27.0	-1.0	95.0	
1504808261451	7909424164514	17.0	-27.0	-1.0	95.0	
1504808261478	7909444306116	17.0	-27.0	-1.0	95.0	
1504808261487	7909464447717	17.0	-27.0	-1.0	95.0	
1504808261504	7909484589319	17.0	-27.0	-1.0	95.0	
1504808261523	7909504730920	17.0	-27.0	-1.0	95.0	
1504808261557	7909524872522	17.0	-27.0	-1.0	95.0	
1504808261575	7909545014123	17.0	-27.0	-1.0	95.0	
1504808261592	7909565155725	17.0	-27.0	-1.0	95.0	
1504808261611	7909585297326	17.0	-27.0	-1.0	95.0	
1504808261629	7909605438928	17.0	-27.0	-1.0	95.0	
1504808261645	7909625580530	17.0	-27.0	-1.0	95.0	
1504808261663	7909645722131	17.0	-27.0	-0.0467987060546875	95.0	
1504808261705	7909665863733	17.0	-27.0	0.0	95.0	
1504808261723	7909686005334	17.0	-27.0	0.0	95.0	
1504808261737	7909706146936	17.0	-27.0	0.0	95.0	
1504808261751	7909726288537	17.0	-27.0	0.0	95.0	
1504808261768	7909746430139	17.0	-27.0	0.0	95.0	
1504808261786	7909766571741	17.0	-27.0	0.0	95.0	
1504808261803	7909786713342	17.0	-27.0	0.0	95.0	
1504808261840	7909806854944	17.0	-27.0	0.0	95.0	
1504808261859	7909826996545	17.0	-27.0	0.0	95.0	
1504808261879	7909847138147	17.0	-27.0	-0.373687744140625	95.0	
1504808261892	7909867279748	17.0	-27.0	-1.0	95.0	
1504808261909	7909887421350	17.0	-27.0	-1.0	95.0	
1504808261927	7909907562951	17.0	-27.0	-0.198974609375	95.0	
1504808261950	7909927704553	17.0	-27.0	0.0	95.0	
1504808261981	7909947846155	17.0	-27.0	0.0	95.0	
1504808261997	7909967987756	17.0	-27.0	-0.2266387939453125	95.0	
1504808262015	7909988129358	17.0	-26.630859375	-1.0	95.0	
1504808262033	7910008270959	17.0	-26.0	-1.0	95.0	
1504808262053	7910028412561	17.0	-26.0	-1.0	95.0	
1504808262082	7910048554162	17.0	-26.0	-1.0	95.0	
1504808262096	7910068695764	17.0	-26.0	-1.0	95.0	
1504808262123	7910088837366	17.0	-26.0	-1.0	95.0	
1504808262149	7910108978967	17.0	-26.0	-1.0	95.0	
1504808262168	7910129120569	17.0	-26.0	-1.0	95.0	
1504808262177	7910149262170	17.0	-26.0	-1.0	95.0	
1504808262192	7910169403772	17.0	-26.0	-1.0	95.0	
1504808262213	7910189545373	17.0	-26.0	-1.0	95.0	
1504808262233	7910209686975	17.0	-26.0	-1.0	95.0	
1504808262265	7910229828576	17.0	-26.0	-1.0	95.0	
1504808262283	7910249970178	17.0	-26.0	-1.0	95.0	
1504808262298	7910270111780	17.0	-26.0	-1.0	95.0	
1504808262318	7910290253381	17.0	-26.0	-1.0	95.0	
1504808262333	7910310394983	17.0	-26.0	-1.0	95.0	
1504808262352	7910330536584	17.0	-26.0	-1.0	95.0	
1504808262369	7910350678186	17.0	-26.0	-1.0	95.0	
1504808262404	7910370819787	17.0709228515625	-26.0	-1.0	95.0	
1504808262420	7910390961389	18.0	-26.0	-1.0	95.0	
1504808262438	7910411102991	18.0	-26.0	-1.0	95.0	
1504808262456	7910431244592	18.0	-26.0	-1.0	95.0	
1504808262479	7910451386194	18.0	-26.0	-1.0	95.0	
1504808262496	7910471527795	18.0	-26.0	-1.0	95.0	
1504808262508	7910491669397	18.0	-25.076126098632813	-1.0	95.0	
1504808262544	7910511810998	18.0	-25.0	-1.0	95.0	
1504808262563	7910531952600	18.0	-25.0	-1.0	95.0	
1504808262580	7910552094201	18.0	-25.0	-1.0	95.0	
1504808262597	7910572235803	18.0	-25.0	-1.0	95.0	
1504808262614	7910592377405	18.0	-25.0	-1.0	95.0	
1504808262633	7910612519006	17.223190307617188	-25.0	-1.0	95.0	
1504808262650	7910632660608	17.918670654296875	-25.0	-1.0	95.0	
1504808262687	7910652802209	18.0	-25.0	-1.0	95.0	
1504808262703	7910672943811	18.0	-25.0	-1.0	95.0	
1504808262720	7910693085412	18.0	-25.0	-1.0	95.0	
1504808262743	7910713227014	18.0	-25.0	-1.0	95.0	
1504808262756	7910733368616	18.0	-25.0	-1.0	95.0	
1504808262773	7910753510217	18.0	-25.0	-1.0	95.0	
1504808262793	7910773651819	18.0	-25.0	-1.0	95.0	
1504808262826	7910793793420	18.0	-25.0	-1.0	95.0	
1504808262844	7910813935022	18.0	-24.80242919921875	-1.0	95.0	
1504808262861	7910834076623	18.0	-24.0	-1.0	95.0	
1504808262879	7910854218225	18.0	-24.0	-1.0	95.0	
1504808262899	7910874359826	18.0	-24.0	-1.0	95.0	
1504808262914	7910894501428	18.0	-24.0	-1.0	95.0	
1504808262933	7910914643030	18.0	-24.0	-1.0	95.0	
1504808262966	7910934784631	18.0	-24.050247192382813	-1.0	95.0	
1504808262985	7910954926233	18.0	-25.0	-1.0	95.0	
1504808263006	7910975067834	18.0	-25.0	-1.0	95.0	
1504808263020	7910995209436	18.0	-25.0	-1.0	95.0	
1504808263040	7911015351037	18.0	-25.0	-1.0	95.0	
1504808263058	7911035492639	18.0	-25.0	-1.0	95.0	
1504808263072	7911055634241	18.0	-25.0	-1.0	95.0	
1504808263106	7911075775842	18.0	-25.0	-1.0	95.0	
1504808263126	7911095917444	18.0	-25.0	-1.0	95.0	
1504808263143	7911116059045	18.0	-25.0	-1.0	95.0	
1504808263163	7911136200647	18.0	-25.0	-1.0	95.0	
1504808263178	7911156342248	18.0	-25.0	-1.0	95.0	
1504808263197	7911176483850	18.0	-25.0	-1.0	95.0	
1504808263216	7911196625451	18.0	-25.0	-1.0	95.0	
1504808263248	7911216767053	18.0	-25.0	-1.0	95.0	
1504808263271	7911236908655	17.816619873046875	-25.0	-1.0	95.0	
1504808263291	7911257050256	17.0	-25.0	-1.0	95.0	
1504808263304	7911277191858	17.0	-25.0	-1.0	95.0	
1504808263322	7911297333459	17.0	-25.0	-1.0	95.0	
1504808263347	7911317475061	17.0	-25.0	-1.0	95.0	
1504808263365	7911337616662	17.0	-25.0	-1.0	95.0	
1504808263392	7911357758264	17.0	-25.0	-0.9636688232421875	95.0	
1504808263407	7911377899866	17.0	-25.0	0.0	95.0	
1504808263427	7911398041467	17.32061767578125	-25.0	-0.32061767578125	95.0	
1504808263450	7911418183069	18.0	-25.0	-1.0	95.0	
1504808263460	7911438324670	18.0	-25.0	-1.0	95.0	
1504808263479	7911458466272	18.0	-25.0	-1.0	95.0	
1504808263495	7911478607873	18.0	-25.0	-1.0	95.0	
1504808263531	7911498749475	18.0	-25.0	-1.0	95.0	
1504808263549	7911518891076	18.0	-25.0	-1.0	95.0	
1504808263566	7911539032678	18.0	-25.0	-1.0	95.0	
1504808263587	7911559174280	17.541534423828125	-25.0	-1.0	95.0	
1504808263602	7911579315881	17.0	-25.0	-1.0	95.0	
1504808263621	7911599457483	17.0	-25.0	-1.0	95.0	
1504808263640	7911619599084	17.0	-25.0	-1.0	95.0	
1504808263671	7911639740686	17.0	-25.0	-1.0	95.0	
1504808263690	7911659882287	17.0	-25.0	-1.0	95.0	
1504808263715	7911680023889	17.0	-25.0	-1.0	95.0	
1504808263726	7911700165491	17.453277587890625	-25.0	-1.0	95.0	
1504808263743	7911720312791	18.0	-24.40484619140625	-1.0	95.0	
1504808263760	7911740454393	18.0	-24.0	-1.0	95.0	
1504808263778	7911760595994	18.0	-24.0	-1.0	95.0	
1504808263811	7911780737596	18.0	-24.0	-1.0	95.0	
1504808263830	7911800879197	18.0	-24.0	-1.0	95.0	
1504808263848	7911821020799	18.0	-24.0	-1.0	95.0	
1504808263867	7911841162400	18.0	-24.0	-1.0	95.0	
1504808263883	7911861304002	18.0	-24.0	-1.0	95.0	
1504808263917	7911881445604	17.26690673828125	-24.0	-1.0	95.0	
1504808263935	7911901587205	17.0	-24.0	-1.0	95.0	
1504808263954	7911921728807	17.0	-25.0	-1.0	95.0	
1504808263971	7911941870408	17.0	-25.0	-0.8408355712890625	95.0	
1504808263989	7911962012010	17.0	-25.0	0.0	95.0	
1504808264011	7911982153611	17.0	-25.0	0.0	95.0	
1504808264027	7912002295213	17.0	-25.0	0.0	95.0	
1504808264042	7912022436815	17.0	-25.0	0.0	95.0	
1504808264065	7912042578416	17.0	-25.0	0.0	95.0	
1504808264094	7912062720018	17.0	-25.0	-0.0121002197265625	95.0	
1504808264112	7912082861619	17.0	-25.0	-1.0	95.0	
1504808264132	7912103003221	17.0	-25.29583740234375	-1.0	95.0	
1504808264148	7912123144822	17.0	-26.0	-1.0	95.0	
1504808264166	7912143286424	17.0	-26.0	-1.0	95.0	
1504808264185	7912163428025	17.0	-26.0	-1.0	95.0	
1504808264203	7912183569627	17.0	-26.0	-1.0	95.0	
1504808264234	7912203711229	17.0	-26.0	-1.0	95.0	
1504808264258	7912223852830	17.0	-26.0	-1.0	95.0	
1504808264271	7912243994432	17.0	-25.707626342773438	-1.0	95.0	
1504808264289	7912264136033	17.0	-25.0	-1.0	95.0	
1504808264308	7912284277635	17.0	-25.0	-1.0	95.0	
1504808264330	7912304419236	17.0	-25.0	-1.0	95.0	
1504808264345	7912324560838	17.0	-25.0	-1.0	95.0	
1504808264376	7912344702440	17.0	-25.001724243164063	-1.0	95.0	
1504808264395	7912364844041	17.0	-26.0	-1.0	95.0	
1504808264413	7912384985643	17.0	-26.0	-1.0	95.0	
1504808264431	7912405127244	17.0	-26.0	-1.0	95.0	
1504808264447	7912425268846	17.0	-26.0	-1.0	95.0	
1504808264466	7912445410447	17.0	-26.0	-1.0	95.0	
1504808264483	7912465552049	17.0	-26.0	-1.0	95.0	
1504808264508	7912485693650	17.0	-26.0	-1.0	95.0	
1504808264535	7912505835252	17.0	-26.0	-1.0	95.0	
1504808264552	7912525976854	17.0	-26.0	-1.0	95.0	
1504808264570	7912546118455	17.0	-26.0	-1.0	95.0	
1504808264594	7912566260057	17.0	-26.0	-1.0	95.0	
1504808264607	7912586401658	17.0	-26.0	-1.0	95.0	
1504808264624	7912606543260	17.0	-26.0	-1.0	95.0	
1504808264641	7912626684861	17.0	-26.0	-1.0	95.0	
1504808264679	7912646826463	17.0	-26.0	-1.0	95.0	
1504808264700	7912666968065	17.0	-26.0	-1.0	95.0	
1504808264712	7912687109666	17.0	-26.0	-1.0	95.0	
1504808264732	7912707251268	17.0	-26.0	-1.0	95.0	
1504808264756	7912727392869	17.0	-26.0	-1.0	95.0	
1504808264765	7912747534471	17.0	-26.0	-1.0	95.0	
1504808264783	7912767676072	17.0	-26.0	-1.0	95.0	
1504808264818	7912787817674	17.0	-26.0	-1.0	95.0	
1504808264835	7912807959275	17.0	-26.0	-1.0	95.0	
1504808264855	7912828100877	17.0	-26.0	-1.0	95.0	
1504808264870	7912848242479	17.0	-26.0	-1.0	95.0	
1504808264888	7912868384080	17.0	-26.0	-1.0	95.0	
1504808264907	7912888525682	17.0	-26.0	-1.0	95.0	
1504808264923	7912908667283	17.0	-26.0	-1.0	95.0	
1504808264966	7912928808885	17.0	-26.0	-1.0	95.0	
1504808264975	7912948950486	17.0	-26.0	-1.0	95.0	
1504808264993	7912969092088	17.0	-26.0	-1.0	95.0	
1504808265012	7912989233690	17.0	-26.0	-1.0	95.0	
1504808265029	7913009375291	17.0	-26.0	-1.0	95.0	
1504808265046	7913029516893	17.0	-26.0	-1.0	95.0	
1504808265064	7913049658494	17.0	-26.0	-1.0	95.0	
1504808265099	7913069800096	17.0	-26.0	-1.0	95.0	
1504808265121	7913089941697	17.0	-26.0	-1.0	95.0	
1504808265134	7913110083299	17.0	-26.0	-1.0	95.0	
1504808265152	7913130224900	17.0	-26.0	-1.0	95.0	
1504808265171	7913150366502	17.0	-26.0	-1.0	95.0	
1504808265188	7913170508104	17.0	-26.0	-1.0	95.0	
1504808265205	7913190649705	17.0	-26.0	-1.0	95.0	
1504808265241	7913210791307	17.0	-26.0	-1.0	95.0	
1504808265258	7913230932908	17.0	-26.0	-1.0	95.0	
1504808265277	7913251074510	17.0	-26.0	-1.0	95.0	
1504808265293	7913271216111	17.0	-26.0	-1.0	95.0	
1504808265311	7913291357713	17.0	-26.0	-1.0	95.0	
1504808265330	7913311499315	17.0	-26.0	-1.0	95.0	
1504808265346	7913331640916	17.0	-26.0	-1.0	95.0	
1504808265385	7913351782518	17.0	-26.0	-1.0	95.0	
1504808265399	7913371924119	17.0	-26.0	-1.0	95.0	
1504808265417	7913392065721	17.0	-26.0	-1.0	95.0	
1504808265436	7913412207322	17.0	-26.0	-1.0	95.0	
1504808265453	7913432348924	17.0	-26.0	-1.0	95.0	
1504808265471	7913452490525	17.0	-26.0	-1.0	95.0	
1504808265488	7913472632127	17.0	-26.0	-1.0	95.0	
1504808265523	7913492773729	17.0	-26.0	-1.0	95.0	
1504808265543	7913512915330	17.0	-26.0	-1.0	95.0	
1504808265558	7913533056932	17.0	-26.0	-1.0	95.0	
1504808265575	7913553198533	17.0	-26.0	-1.0	95.0	
1504808265594	7913573340135	17.0	-26.0	-1.0	95.0	
1504808265611	7913593481736	17.0	-26.0	-1.0	95.0	
1504808265632	7913613623338	17.0	-26.0	-1.0	95.0	
1504808265664	7913633764940	17.0	-26.0	-1.0	95.0	
1504808265681	7913653906541	17.0	-26.0	-1.0	95.0	
1504808265700	7913674048143	17.0	-26.0	-1.0	95.0	
1504808265717	7913694189744	17.0	-26.0	-1.0	95.0	
1504808265735	7913714331346	17.0	-26.0	-1.0	95.0	
1504808265753	7913734472947	17.0	-26.0	-1.0	95.0	
1504808265770	7913754614549	17.0	-26.0	-1.0	95.0	
1504808265805	7913774756150	17.0	-26.0	-1.0	95.0	
1504808265822	7913794897752	17.0	-26.0	-1.0	95.0	
1504808265840	7913815039354	17.0	-26.0	-1.0	95.0	
1504808265860	7913835180955	17.0	-26.0	-1.0	95.0	
1504808265875	7913855322557	17.0	-26.0	-1.0	95.0	
1504808265894	7913875464158	17.0	-26.0	-1.0	95.0	
1504808265917	7913895605760	17.0	-26.0	-1.0	95.0	
1504808265946	7913915747361	17.0	-26.0	-1.0	95.0	
1504808265963	7913935888963	17.0	-26.0	-1.0	95.0	
1504808265981	7913956030565	17.0	-26.0	-1.0	95.0	
1504808265999	7913976172166	17.0	-26.0	-1.0	95.0	
1504808266018	7913996313768	17.0	-26.0	-1.0	95.0	
1504808266036	7914016455369	17.0	-26.0	-1.0	95.0	
1504808266052	7914036596971	17.0	-26.0	-1.0	95.0	
1504808266087	7914056738572	17.0	-26.0	-1.0	95.0	
1504808266105	7914076880174	17.0	-26.0	-1.0	95.0	
1504808266121	7914097021775	17.0	-26.0	-1.0	95.0	
1504808266139	7914117163377	17.0	-26.0	-1.0	95.0	
1504808266157	7914137304979	17.0	-26.0	-1.0	95.0	
1504808266180	7914157446580	17.0	-26.0	-1.0	95.0	
1504808266193	7914177588182	17.0	-26.0	-1.0	95.0	
1504808266228	7914197729783	17.0	-26.0	-1.0	95.0	
1504808266246	7914217871385	17.0	-26.0	-1.0	95.0	
1504808266263	7914238012986	17.0	-26.0	-1.0	95.0	
1504808266282	7914258154588	17.0	-26.0	-1.0	95.0	
1504808266299	7914278296190	17.0	-26.0	-1.0	95.0	
1504808266316	7914298437791	17.0	-26.0	-1.0	95.0	
1504808266334	7914318579393	17.0	-26.0	-1.0	95.0	
1504808266369	7914338720994	17.0	-26.0	-1.0	95.0	
1504808266388	7914358862596	17.0	-26.0	-1.0	95.0	
1504808266404	7914379004197	17.0	-26.0	-1.0	95.0	
1504808266421	7914399145799	17.0	-26.0	-1.0	95.0	
1504808266444	7914419287400	17.0	-26.0	-1.0	95.0	
1504808266456	7914439429002	17.0	-26.0	-1.0	95.0	
1504808266474	7914459570604	17.0	-26.0	-1.0	95.0	
1504808266510	7914479712205	17.0	-26.0	-1.0	95.0	
1504808266527	7914499853807	17.0	-26.0	-1.0	95.0	
1504808266546	7914519995408	17.0	-26.0	-1.0	95.0	
1504808266563	7914540137010	17.0	-26.0	-1.0	95.0	
1504808266579	7914560278611	17.0	-26.0	-1.0	95.0	
1504808266599	7914580420213	17.0	-26.0	-1.0	95.0	
1504808266615	7914600561815	17.0	-26.0	-1.0	95.0	
1504808266651	7914620703416	17.0	-26.0	-1.0	95.0	
1504808266668	7914640845018	17.0	-26.0	-1.0	95.0	
1504808266686	7914660986619	17.0	-26.0	-1.0	95.0	
1504808266708	7914681128221	17.0	-26.0	-1.0	95.0	
1504808266720	7914701269822	17.0	-26.0	-1.0	95.0	
1504808266738	7914721411424	17.0	-26.0	-1.0	95.0	
1504808266756	7914741553025	17.0	-26.0	-1.0	95.0	
1504808266792	7914761694627	17.0	-26.0	-1.0	95.0	
1504808266811	7914781836229	17.0	-26.0	-1.0	95.0	
1504808266827	7914801977830	17.0	-26.0	-1.0	95.0	
1504808266845	7914822119432	17.0	-26.0	-1.0	95.0	
1504808266864	7914842261033	17.0	-26.0	-1.0	95.0	
1504808266880	7914862402635	17.0	-26.0	-1.0	95.0	
1504808266898	7914882544236	17.0	-26.0	-1.0	95.0	
1504808266932	7914902685838	17.0	-26.0	-1.0	95.0	
1504808266950	7914922827440	17.0	-26.0	-1.0	95.0	
1504808266973	7914942969041	17.0	-26.0	-1.0	95.0	
1504808266986	7914963110643	17.0	-26.0	-1.0	95.0	
1504808267002	7914983252244	17.0	-26.0	-1.0	95.0	
1504808267022	7915003393846	17.0	-26.0	-1.0	95.0	
1504808267038	7915023535447	17.0	-26.0	-1.0	95.0	
1504808267074	7915043677049	17.0	-26.0	-1.0	95.0	
1504808267092	7915063818650	17.0	-26.0	-1.0	95.0	
1504808267121	7915083960252	17.0	-26.0	-1.0	95.0	
1504808267140	7915104101854	17.0	-26.0	-1.0	95.0	
1504808267145	7915124243455	17.0	-26.0	-1.0	95.0	
1504808267161	7915144385057	17.0	-26.0	-1.0	95.0	
1504808267181	7915164526658	17.0	-26.0	-1.0	95.0	
1504808267215	7915184668260	17.0	-26.0	-1.0	95.0	
1504808267236	7915204809861	17.0	-26.0	-1.0	95.0	
1504808267249	7915224951463	17.0	-26.0	-1.0	95.0	
1504808267268	7915245093065	17.0	-26.0	-1.0	95.0	
1504808267283	7915265234666	17.0	-26.0	-1.0	95.0	
1504808267302	7915285376268	17.0	-26.0	-1.0	95.0	
1504808267321	7915305517869	17.0	-26.0	-1.0	95.0	
1504808267356	7915325659471	17.0	-26.0	-1.0	95.0	
1504808267377	7915345801072	17.0	-26.0	-1.0	95.0	
1504808267391	7915365942674	17.0	-26.0	-1.0	95.0	
1504808267410	7915386084275	17.0	-26.0	-1.0	95.0	
1504808267425	7915406225877	17.0	-26.0	-1.0	95.0	
1504808267445	7915426367479	17.0	-25.247406005859375	-1.0	95.0	
1504808267461	7915446509080	17.0	-25.0	-1.0	95.0	
1504808267499	7915466650682	17.0	-25.0	-1.0	95.0	
1504808267513	7915486792283	17.0	-25.179916381835938	-1.0	95.0	
1504808267531	7915506933885	17.0	-26.0	-1.0	95.0	
1504808267550	7915527075486	17.0	-26.0	-1.0	95.0	
1504808267566	7915547217088	17.0	-26.0	-1.0	95.0	
1504808267584	7915567358690	17.0	-26.0	-1.0	95.0	
1504808267602	7915587500291	17.0	-26.0	-1.0	95.0	
1504808267637	7915607641893	17.0	-26.0	-1.0	95.0	
1504808267657	7915627783494	17.0	-26.0	-1.0	95.0	
1504808267672	7915647925096	17.0	-26.0	-1.0	95.0	
1504808267690	7915668066697	17.0	-26.0	-1.0	95.0	
1504808267710	7915688208299	17.0	-26.0	-1.0	95.0	
1504808267726	7915708349900	17.0	-26.0	-1.0	95.0	
1504808267744	7915728491502	17.0	-26.0	-1.0	95.0	
1504808267778	7915748633104	17.0	-26.0	-1.0	95.0	
1504808267799	7915768774705	17.0	-26.0	-1.0	95.0	
1504808267817	7915788916307	17.0	-26.0	-1.0	95.0	
1504808267832	7915809057908	17.0	-26.0	-1.0	95.0	
1504808267848	7915829199510	17.0	-26.0	-1.0	95.0	
1504808267869	7915849341111	17.0	-26.0	-1.0	95.0	
1504808267884	7915869482713	17.0	-26.0	-1.0	95.0	
1504808267918	7915889624315	17.0	-26.0	-1.0	95.0	
1504808267937	7915909765916	17.0	-26.0	-1.0	95.0	
1504808267955	7915929907518	17.0	-26.0	-1.0	95.0	
1504808267978	7915950049119	17.0	-26.0	-1.0	95.0	
1504808267991	7915970190721	17.0	-26.0	-1.0	95.0	
1504808268011	7915990332322	17.0	-26.0	-1.0	95.0	
1504808268033	7916010473924	17.0	-26.0	-1.0	95.0	
1504808268059	7916030615525	17.0	-26.0	-1.0	95.0	
1504808268080	7916050757127	17.0	-26.0	-1.0	95.0	
1504808268098	7916070898729	17.0	-26.0	-1.0	95.0	
1504808268115	7916091040330	17.0	-26.0	-1.0	95.0	
1504808268130	7916111181932	17.0	-26.0	-1.0	95.0	
1504808268161	7916131323533	17.0	-26.0	-1.0	95.0	
1504808268172	7916151465135	17.0	-26.0	-1.0	95.0	
1504808268200	7916171606736	17.0	-26.0	-1.0	95.0	
1504808268220	7916191748338	17.0	-26.0	-1.0	95.0	
1504808268238	7916211889940	17.0	-26.0	-1.0	95.0	
1504808268255	7916232031541	17.0	-26.0	-1.0	95.0	
1504808268270	7916252173143	17.0	-26.0	-1.0	95.0	
1504808268292	7916272314744	17.0	-26.0	-1.0	95.0	
1504808268308	7916292456346	17.0	-26.0	-1.0	95.0	
1504808268341	7916312597947	17.0	-26.0	-1.0	95.0	
1504808268360	7916332739549	17.0	-26.0	-1.0	95.0	
1504808268378	7916352881150	17.0	-26.0	-1.0	95.0	
1504808268399	7916373022752	17.0	-26.0	-1.0	95.0	
1504808268413	7916393164354	17.0	-26.0	-1.0	95.0	
1504808268430	7916413305955	17.0	-26.0	-1.0	95.0	
1504808268449	7916433447557	17.0	-26.0	-1.0	95.0	
1504808268482	7916453589158	17.0	-26.0	-1.0	95.0	
1504808268501	7916473730760	17.0	-26.0	-1.0	95.0	
1504808268519	7916493872361	17.0	-26.0	-1.0	95.0	
1504808268536	7916514013963	17.0	-26.0	-1.0	95.0	
1504808268556	7916534155565	17.0	-26.0	-1.0	95.0	
1504808268572	7916554297166	17.0	-26.0	-1.0	95.0	
1504808268589	7916574438768	17.0	-26.0	-1.0	95.0	
1504808268618	7916594580369	17.0	-26.0	-1.0	95.0	
1504808268642	7916614721971	17.0	-26.0	-1.0	95.0	
1504808268661	7916634863572	17.0	-26.0	-1.0	95.0	
1504808268679	7916655005174	17.0	-26.0	-1.0	95.0	
1504808268694	7916675146775	17.0	-26.0	-1.0	95.0	
1504808268714	7916695288377	17.0	-26.0	-1.0	95.0	
1504808268730	7916715429979	17.0	-26.0	-1.0	95.0	
1504808268751	7916735571580	17.0	-26.0	-1.0	95.0	
1504808268783	7916755713182	17.0	-26.0	-1.0	95.0	
1504808268801	7916775854783	17.0	-26.0	-1.0	95.0	
1504808268824	7916795996385	17.0	-26.0	-1.0	95.0	
1504808268834	7916816137986	17.0	-26.0	-1.0	95.0	
1504808268853	7916836279588	17.0	-26.0	-1.0	95.0	
1504808268871	7916856421190	17.0	-26.0	-1.0	95.0	
1504808268889	7916876562791	17.0	-26.0	-1.0	95.0	
1504808268929	7916896704393	17.0	-26.0	-1.0	95.0	
1504808268943	7916916845994	17.0	-26.0	-1.0	95.0	
1504808268961	7916936987596	17.0	-26.0	-1.0	95.0	
1504808268977	7916957129197	17.0	-26.0	-1.0	95.0	
1504808268994	7916977270799	17.0	-26.0	-1.0	95.0	
1504808269012	7916997412400	17.0	-26.0	-1.0	95.0	
1504808269029	7917017554002	17.0	-26.0	-1.0	95.0	
1504808269065	7917037695604	17.0	-26.0	-1.0	95.0	
1504808269086	7917057837205	17.0	-26.0	-1.0	95.0	
1504808269099	7917077978807	17.0	-26.0	-1.0	95.0	
1504808269116	7917098120408	17.0	-26.0	-1.0	95.0	
1504808269137	7917118262010	17.0	-26.0	-1.0	95.0	
1504808269152	7917138403611	17.0	-26.0	-1.0	95.0	
1504808269170	7917158545213	17.0	-26.0	-1.0	95.0	
1504808269206	7917178686815	17.0	-26.0	-1.0	95.0	
1504808269223	7917198828416	17.0	-26.0	-1.0	95.0	
1504808269244	7917218970018	17.0	-26.0	-1.0	95.0	
1504808269258	7917239111619	17.0	-26.0	-1.0	95.0	
1504808269277	7917259253221	17.0	-26.0	-1.0	95.0	
1504808269294	7917279394822	17.0	-26.0	-1.0	95.0	
1504808269312	7917299536424	17.0	-26.0	-1.0	95.0	
1504808269352	7917319678025	17.0	-26.0	-1.0	95.0	
1504808269364	7917339819627	17.0	-26.0	-1.0	95.0	
1504808269382	7917359961229	17.0	-26.0	-1.0	95.0	
1504808269403	7917380102830	17.0	-26.0	-1.0	95.0	
1504808269418	7917400244432	17.0	-26.0	-1.0	95.0	
1504808269435	7917420386033	17.0	-26.0	-1.0	95.0	
1504808269453	7917440527635	17.0	-26.0	-1.0	95.0	
1504808269488	7917460669236	17.0	-26.0	-1.0	95.0	
1504808269507	7917480810838	17.0	-26.0	-1.0	95.0	
1504808269530	7917500952440	17.0	-26.0	-1.0	95.0	
1504808269539	7917521094041	17.0	-26.0	-1.0	95.0	
1504808269560	7917541235643	17.0	-26.0	-1.0	95.0	
1504808269576	7917561377244	17.0	-26.0	-1.0	95.0	
1504808269594	7917581518846	17.0	-26.0	-1.0	95.0	
1504808269629	7917601660447	17.0	-26.0	-1.0	95.0	
1504808269647	7917621802049	17.0	-26.0	-1.0	95.0	
1504808269665	7917641943650	17.0	-26.0	-1.0	95.0	
1504808269682	7917662085252	17.0	-26.0	-1.0	95.0	
1504808269699	7917682226854	17.0	-26.0	-1.0	95.0	
1504808269719	7917702368455	17.0	-26.0	-1.0	95.0	
1504808269735	7917722510057	17.0	-26.0	-1.0	95.0	
1504808269771	7917742651658	17.0	-26.0	-1.0	95.0	
1504808269788	7917762793260	17.0	-25.756057739257813	-1.0	95.0	
1504808269806	7917782934861	17.0	-25.0	-1.0	95.0	
1504808269825	7917803076463	17.0	-25.0	-1.0	95.0	
1504808269841	7917823218065	17.0	-25.0	-1.0	95.0	
1504808269858	7917843359666	17.0	-25.0	-1.0	95.0	
1504808269879	7917863501268	17.0	-25.0	-1.0	95.0	
1504808269911	7917883642869	17.0	-25.0	-1.0	95.0	
1504808269930	7917903784471	17.0	-25.0	-1.0	95.0	
1504808269947	7917923926072	17.0	-25.0	-1.0	95.0	
1504808269963	7917944067674	17.0	-25.0	-1.0	95.0	
1504808269983	7917964209275	17.0	-25.0	-1.0	95.0	
1504808269999	7917984350877	17.0	-25.0	-1.0	95.0	
1504808270017	7918004492479	17.0	-25.0	-1.0	95.0	
1504808270052	7918024634080	17.0	-25.0	-1.0	95.0	
1504808270070	7918044775682	17.0	-25.0	-1.0	95.0	
1504808270089	7918064917283	17.0	-25.0	-1.0	95.0	
1504808270105	7918085058885	17.0	-25.0	-1.0	95.0	
1504808270122	7918105200486	17.0	-25.0	-1.0	95.0	
1504808270145	7918125342088	17.0	-25.0	-1.0	95.0	
1504808270158	7918145483690	17.0	-25.0	-1.0	95.0	
1504808270193	7918165625291	17.0	-25.0	-1.0	95.0	
1504808270211	7918185766893	17.0	-25.0	-1.0	95.0	
1504808270228	7918205908494	17.0	-25.0	-1.0	95.0	
1504808270245	7918226050096	17.0	-25.0	-1.0	95.0	
1504808270263	7918246191697	17.0	-25.0	-1.0	95.0	
1504808270281	7918266333299	17.0	-25.0	-1.0	95.0	
1504808270298	7918286474900	17.0	-25.0	-1.0	95.0	
1504808270334	7918306616502	17.0	-25.0	-1.0	95.0	
1504808270353	7918326758104	17.0	-25.0	-1.0	95.0	
1504808270369	7918346899705	17.0	-25.0	-1.0	95.0	
1504808270386	7918367041307	17.0	-25.0	-1.0	95.0	
1504808270409	7918387182908	17.0	-25.0	-1.0	95.0	
1504808270422	7918407324510	17.0	-25.0	-1.0	95.0	
1504808270439	7918427466111	17.0	-25.0	-1.0	95.0	
1504808270475	7918447607713	17.0	-25.0	-1.0	95.0	
1504808270493	7918467749315	17.0	-25.0	-1.0	95.0	
1504808270511	7918487890916	17.0	-25.0	-1.0	95.0	
1504808270530	7918508032518	17.0	-25.0	-1.0	95.0	
1504808270546	7918528174119	17.0	-25.0	-1.0	95.0	
1504808270565	7918548315721	17.0	-25.0	-1.0	95.0	
1504808270580	7918568457322	17.0	-25.0	-1.0	95.0	
1504808270620	7918588598924	17.0	-25.0	-1.0	95.0	
1504808270633	7918608740525	17.0	-25.0	-1.0	95.0	
1504808270651	7918628882127	17.0	-25.0	-1.0	95.0	
1504808270671	7918649023729	17.0	-25.0	-1.0	95.0	
1504808270686	7918669165330	17.0	-25.0	-1.0	95.0	
1504808270703	7918689306932	17.0	-25.0	-1.0	95.0	
1504808270723	7918709448533	17.0	-25.0	-1.0	95.0	
1504808270758	7918729590135	17.0	-25.0	-1.0	95.0	
1504808270774	7918749731736	17.0	-25.0	-1.0	95.0	
1504808270792	7918769873338	17.0	-25.0	-1.0	95.0	
1504808270810	7918790014940	17.0	-25.0	-1.0	95.0	
1504808270829	7918810156541	17.0	-25.0	-1.0	95.0	
1504808270845	7918830298143	17.0	-25.0	-1.0	95.0	
1504808270866	7918850439744	17.0	-25.0	-1.0	95.0	
1504808270898	7918870581346	17.0	-25.0	-1.0	95.0	
1504808270915	7918890722947	17.0	-25.0	-1.0	95.0	
1504808270937	7918910864549	17.0	-25.0	-1.0	95.0	
1504808270949	7918931006150	17.0	-25.0	-1.0	95.0	
1504808270971	7918951147752	17.0	-25.0	-1.0	95.0	
1504808270989	7918971289354	17.0	-25.0	-1.0	95.0	
1504808271004	7918991430955	17.0	-25.0	-1.0	95.0	
1504808271039	7919011572557	17.0	-25.0	-1.0	95.0	
1504808271056	7919031714158	17.0	-25.0	-1.0	95.0	
1504808271074	7919051855760	17.0	-25.0	-1.0	95.0	
1504808271094	7919071997361	17.0	-25.0	-1.0	95.0	
1504808271109	7919092138963	17.0	-25.0	-1.0	95.0	
1504808271131	7919112280565	17.0	-25.0	-1.0	95.0	
1504808271163	7919132422166	17.0	-25.0	-1.0	95.0	
1504808271180	7919152563768	17.0	-25.0	-1.0	95.0	
1504808271201	7919172705369	17.0	-25.0	-1.0	95.0	
1504808271215	7919192846971	17.0	-25.0	-1.0	95.0	
1504808271232	7919212988572	17.0	-25.0	-1.0	95.0	
1504808271251	7919233130174	17.0	-25.0	-1.0	95.0	
1504808271268	7919253271775	17.0	-25.0	-1.0	95.0	
1504808271304	7919273413377	17.0	-25.0	-1.0	95.0	
1504808271320	7919293554979	17.0	-25.0	-1.0	95.0	
1504808271339	7919313696580	17.0	-25.0	-1.0	95.0	
1504808271357	7919333838182	17.0	-25.0	-1.0	95.0	
1504808271373	7919353979783	17.0	-25.0	-1.0	95.0	
1504808271391	7919374121385	17.0	-25.0	-1.0	95.0	
1504808271410	7919394262986	17.0	-25.0	-1.0	95.0	
1504808271444	7919414404588	17.0	-25.0	-1.0	95.0	
1504808271466	7919434546190	17.0	-25.0	-1.0	95.0	
1504808271480	7919454687791	17.0	-25.0	-1.0	95.0	
1504808271501	7919474829393	17.0	-25.0	-1.0	95.0	
1504808271521	7919494970994	17.0	-25.0	-1.0	95.0	
1504808271536	7919515112596	17.0	-25.0	-1.0	95.0	
1504808271553	7919535254197	17.0	-25.0	-1.0	95.0	
1504808271586	7919555395799	17.0	-25.0	-1.0	95.0	
1504808271603	7919575537400	17.0	-25.0	-1.0	95.0	
1504808271623	7919595679002	17.0	-25.0	-1.0	95.0	
1504808271651	7919615820604	17.0	-25.0	-1.0	95.0	
1504808271668	7919635962205	17.0	-25.0	-1.0	95.0	
1504808271687	7919656103807	17.0	-25.0	-1.0	95.0	
1504808271712	7919676245408	17.0	-25.0	-1.0	95.0	
1504808271728	7919696387010	17.0	-25.0	-1.0	95.0	
1504808271745	7919716528611	17.0	-25.0	-1.0	95.0	
1504808271761	7919736670213	17.0	-25.0	-1.0	95.0	
1504808271780	7919756811815	17.0	-25.0	-1.0	95.0	
1504808271796	7919776953416	17.0	-25.0	-1.0	95.0	
1504808271815	7919797095018	17.0	-25.0	-1.0	95.0	
1504808271850	7919817236619	17.0	-25.0	-1.0	95.0	
1504808271868	7919837378221	17.0	-25.0	-1.0	95.0	
1504808271888	7919857519822	17.0	-25.0	-1.0	95.0	
1504808271904	7919877661424	17.0	-25.0	-1.0	95.0	
1504808271921	7919897803025	17.0	-25.0	-1.0	95.0	
1504808271942	7919917944627	17.0	-25.0	-1.0	95.0	
1504808271956	7919938086229	17.0	-25.0	-1.0	95.0	
1504808271994	7919958227830	17.0	-25.0	-1.0	95.0	
1504808272011	7919978369432	17.0	-25.0	-1.0	95.0	
1504808272025	7919998511033	17.0	-25.0	-1.0	95.0	
1504808272045	7920018652635	17.0	-25.0	-1.0	95.0	
1504808272061	7920038794236	17.0	-25.0	-1.0	95.0	
1504808272079	7920058935838	17.0	-25.0	-1.0	95.0	
1504808272098	7920079077440	17.0	-25.0	-1.0	95.0	
1504808272131	7920099219041	17.0	-25.0	-1.0	95.0	
