1499645618816	348569643110820	-30.68695068359375	5.67474365234375	-37.62969970703125	2.0	
1499645618844	348569663252422	-30.6427001953125	6.689453125	-36.22894287109375	2.0	
1499645618856	348569683394024	-30.926513671875	6.689453125	-37.3199462890625	2.0	
1499645618882	348569703535625	-30.23223876953125	6.39495849609375	-36.51275634765625	2.0	
1499645618897	348569723677227	-29.962158203125	6.36138916015625	-37.41455078125	2.0	
1499645618921	348569743818828	-30.1300048828125	5.82427978515625	-37.77313232421875	2.0	
1499645618936	348569763960430	-30.38330078125	6.71539306640625	-37.70904541015625	2.0	
1499645618962	348569784102031	-30.87158203125	6.21185302734375	-37.51373291015625	2.0	
1499645618976	348569804243633	-30.83343505859375	6.17523193359375	-38.71917724609375	2.0	
1499645619000	348569824385234	-29.6630859375	6.40411376953125	-38.85955810546875	2.0	
1499645619102	348569844526836	-29.7607421875	6.5032958984375	-39.453125	2.0	
1499645619114	348569864668438	-30.13916015625	6.0211181640625	-38.75274658203125	2.0	
1499645619124	348569884810039	-30.3680419921875	6.48040771484375	-38.427734375	2.0	
1499645619132	348569904951641	-29.5013427734375	5.5694580078125	-37.86773681640625	2.0	
1499645619141	348569925093242	-29.0191650390625	5.6915283203125	-38.0615234375	2.0	
1499645619154	348569945234844	-30.11322021484375	6.38580322265625	-39.3341064453125	2.0	
1499645619170	348569965376445	-29.93621826171875	6.573486328125	-38.55133056640625	2.0	
1499645619178	348569985518047	-28.96270751953125	6.22711181640625	-38.5009765625	2.0	
1499645619196	348570005659649	-29.24041748046875	4.7637939453125	-38.25836181640625	2.0	
1499645619204	348570025801250	-28.78265380859375	5.45501708984375	-39.20440673828125	2.0	
1499645619226	348570045942852	-29.15802001953125	3.30352783203125	-39.64691162109375	2.0	
1499645619239	348570066084453	-29.5379638671875	3.271484375	-39.1815185546875	2.0	
1499645619265	348570086226055	-27.996826171875	2.6336669921875	-39.79644775390625	2.0	
1499645619282	348570106367656	-29.4891357421875	1.141357421875	-38.934326171875	2.0	
1499645619306	348570126509258	-29.87213134765625	-0.15869140625	-37.69073486328125	2.0	
1499645619322	348570146650859	-29.443359375	-2.86712646484375	-37.8265380859375	2.0	
1499645619345	348570166792461	-31.57196044921875	-3.00445556640625	-37.85400390625	2.0	
1499645619359	348570186934063	-33.38470458984375	-4.55322265625	-36.30523681640625	2.0	
1499645619384	348570207075664	-32.623291015625	-7.26776123046875	-34.3017578125	2.0	
1499645619411	348570227217266	-32.40814208984375	-10.595703125	-34.18426513671875	2.0	
1499645619424	348570247358867	-34.94110107421875	-11.1419677734375	-31.81915283203125	2.0	
1499645619450	348570267500469	-33.85467529296875	-13.1195068359375	-31.47125244140625	2.0	
1499645619464	348570287642070	-35.03265380859375	-15.44952392578125	-30.9783935546875	2.0	
1499645619490	348570307783672	-35.2752685546875	-16.7633056640625	-30.39093017578125	2.0	
1499645619503	348570327925274	-33.7249755859375	-20.21026611328125	-28.1982421875	2.0	
1499645619530	348570348066875	-33.25042724609375	-21.91009521484375	-27.02484130859375	2.0	
1499645619553	348570368208477	-32.35931396484375	-22.8790283203125	-26.8463134765625	2.0	
1499645619571	348570388350078	-30.6671142578125	-22.67303466796875	-28.09906005859375	2.0	
1499645619583	348570408491680	-29.51202392578125	-26.02386474609375	-28.19366455078125	2.0	
1499645619611	348570428633281	-29.59747314453125	-26.10931396484375	-26.3916015625	2.0	
1499645619622	348570448774883	-27.8839111328125	-26.22528076171875	-26.99127197265625	2.0	
1499645619649	348570468916484	-29.18548583984375	-27.30712890625	-25.85906982421875	2.0	
1499645619661	348570489058086	-28.7994384765625	-28.20892333984375	-23.9532470703125	2.0	
1499645619690	348570509199688	-30.0994873046875	-28.44085693359375	-22.93853759765625	2.0	
1499645619703	348570529341289	-30.2581787109375	-28.28521728515625	-21.5789794921875	2.0	
1499645619732	348570549482891	-30.68695068359375	-26.20697021484375	-24.46441650390625	2.0	
1499645619741	348570569624492	-31.3446044921875	-26.8646240234375	-26.13677978515625	2.0	
1499645619768	348570589766094	-30.6427001953125	-27.337646484375	-24.11651611328125	2.0	
1499645619782	348570609907695	-28.87725830078125	-26.513671875	-25.81634521484375	2.0	
1499645619808	348570630049297	-28.89862060546875	-25.7904052734375	-26.6632080078125	2.0	
1499645619835	348570650190899	-29.541015625	-25.88958740234375	-26.800537109375	2.0	
1499645619848	348570670332500	-29.2694091796875	-27.3101806640625	-25.244140625	2.0	
1499645619874	348570690474102	-27.40478515625	-27.42919921875	-25.469970703125	2.0	
1499645619889	348570710615703	-27.1453857421875	-29.49981689453125	-25.74005126953125	2.0	
1499645619913	348570730757305	-27.12249755859375	-29.81414794921875	-25.79498291015625	2.0	
1499645619926	348570750898906	-26.3397216796875	-32.2113037109375	-24.52239990234375	2.0	
1499645619960	348570771040508	-24.2462158203125	-33.026123046875	-22.39532470703125	2.0	
1499645619982	348570791182109	-24.4873046875	-36.5509033203125	-20.77484130859375	2.0	
1499645619993	348570811323711	-23.70758056640625	-35.3668212890625	-20.855712890625	2.0	
1499645620006	348570831465313	-22.3419189453125	-36.71112060546875	-21.65374755859375	2.0	
1499645620036	348570851606914	-21.84295654296875	-36.83929443359375	-19.60601806640625	2.0	
1499645620047	348570871748516	-19.7509765625	-38.92059326171875	-20.09124755859375	2.0	
1499645620072	348570891890117	-19.4183349609375	-38.41705322265625	-20.2972412109375	2.0	
1499645620085	348570912031719	-20.08056640625	-39.4744873046875	-21.15478515625	2.0	
1499645620112	348570932173320	-19.12689208984375	-37.54730224609375	-21.5972900390625	2.0	
1499645620125	348570952314922	-17.48199462890625	-38.2049560546875	-18.74237060546875	2.0	
1499645620152	348570972456524	-16.49017333984375	-39.92156982421875	-19.77691650390625	2.0	
1499645620164	348570992598125	-14.90020751953125	-39.32342529296875	-21.57440185546875	2.0	
1499645620190	348571012739727	-16.47491455078125	-39.84832763671875	-21.087646484375	2.0	
1499645620217	348571032881328	-15.1824951171875	-41.021728515625	-20.916748046875	2.0	
1499645620232	348571053022930	-14.07928466796875	-40.2587890625	-21.2982177734375	2.0	
1499645620260	348571073164531	-12.4725341796875	-40.966796875	-21.64154052734375	2.0	
1499645620269	348571093306133	-12.5213623046875	-39.83917236328125	-22.314453125	2.0	
1499645620297	348571113447734	-15.9423828125	-39.53704833984375	-22.44720458984375	2.0	
1499645620311	348571133589336	-12.01629638671875	-40.191650390625	-22.10693359375	2.0	
1499645620335	348571153730938	-11.58599853515625	-40.50445556640625	-21.8719482421875	2.0	
1499645620349	348571173872539	-11.77520751953125	-40.31524658203125	-21.35162353515625	2.0	
1499645620376	348571194014141	-12.33978271484375	-41.43829345703125	-21.4935302734375	2.0	
1499645620389	348571214155742	-12.615966796875	-40.09857177734375	-22.2503662109375	2.0	
1499645620419	348571234297344	-10.8184814453125	-41.72821044921875	-22.56622314453125	2.0	
1499645620439	348571254438945	-11.480712890625	-41.314697265625	-22.44720458984375	2.0	
1499645620462	348571274580547	-11.334228515625	-40.2008056640625	-22.662353515625	2.0	
1499645620469	348571294722149	-11.6790771484375	-39.62249755859375	-24.18212890625	2.0	
1499645620495	348571314863750	-10.55755615234375	-40.264892578125	-23.60076904296875	2.0	
1499645620508	348571335005352	-10.296630859375	-40.98052978515625	-23.6480712890625	2.0	
1499645620534	348571355146953	-9.6038818359375	-40.36865234375	-23.97613525390625	2.0	
1499645620554	348571375288555	-9.9365234375	-38.68408203125	-24.5849609375	2.0	
1499645620575	348571395430156	-8.9752197265625	-41.20330810546875	-22.6470947265625	2.0	
1499645620602	348571415571758	-8.16192626953125	-40.15350341796875	-22.21221923828125	2.0	
1499645620614	348571435713359	-8.54949951171875	-42.11883544921875	-22.540283203125	2.0	
1499645620640	348571455854961	-7.1075439453125	-41.9158935546875	-21.69036865234375	2.0	
1499645620654	348571475996563	-7.0526123046875	-42.3065185546875	-22.69287109375	2.0	
1499645620681	348571496138164	-4.876708984375	-42.608642578125	-22.125244140625	2.0	
1499645620693	348571516279766	-5.645751953125	-42.9229736328125	-19.9066162109375	2.0	
1499645620722	348571536421367	-4.5074462890625	-43.341064453125	-22.7935791015625	2.0	
1499645620735	348571556562969	-3.06549072265625	-42.05322265625	-22.34954833984375	2.0	
1499645620759	348571576704570	-3.314208984375	-41.80755615234375	-22.29156494140625	2.0	
1499645620772	348571596846172	-3.45458984375	-42.21343994140625	-22.16949462890625	2.0	
1499645620799	348571616987774	-3.84674072265625	-42.474365234375	-22.174072265625	2.0	
1499645620812	348571637129375	-2.42767333984375	-43.20831298828125	-22.3297119140625	2.0	
1499645620840	348571657270977	-2.06756591796875	-42.4072265625	-22.22137451171875	2.0	
1499645620852	348571677412578	-2.18353271484375	-43.133544921875	-21.8841552734375	2.0	
1499645620878	348571697554180	-1.470947265625	-42.17987060546875	-22.7447509765625	2.0	
1499645620893	348571717695781	-1.361083984375	-42.28973388671875	-22.845458984375	2.0	
1499645620918	348571737837383	-1.67694091796875	-41.93267822265625	-23.321533203125	2.0	
1499645620931	348571757978984	-1.1383056640625	-42.864990234375	-23.21929931640625	2.0	
1499645620957	348571778120586	-0.41961669921875	-42.523193359375	-22.222900390625	2.0	
1499645620983	348571798262188	0.274658203125	-43.206787109375	-23.22540283203125	2.0	
1499645620997	348571818403789	-0.05340576171875	-42.1875	-23.3184814453125	2.0	
1499645621028	348571838545391	-0.5096435546875	-41.67938232421875	-23.03619384765625	2.0	
1499645621037	348571858686992	1.16424560546875	-41.8548583984375	-21.649169921875	2.0	
1499645621064	348571878828594	1.58233642578125	-42.46063232421875	-22.90191650390625	2.0	
1499645621077	348571898970195	0.62713623046875	-43.65692138671875	-22.92938232421875	2.0	
1499645621103	348571919126291	0.62255859375	-42.30804443359375	-22.2686767578125	2.0	
1499645621117	348571939267893	1.6754150390625	-42.06085205078125	-23.17657470703125	2.0	
1499645621143	348571959409494	2.17437744140625	-42.79632568359375	-22.11761474609375	2.0	
1499645621156	348571979551096	3.106689453125	-42.6605224609375	-21.7315673828125	2.0	
1499645621182	348571999692697	2.5848388671875	-42.95501708984375	-21.64764404296875	2.0	
1499645621195	348572019834299	1.1138916015625	-42.58575439453125	-21.10137939453125	2.0	
1499645621222	348572039975900	2.5482177734375	-43.95751953125	-21.64154052734375	2.0	
1499645621236	348572060117502	1.50604248046875	-42.913818359375	-21.94061279296875	2.0	
1499645621263	348572080259103	2.6885986328125	-43.3074951171875	-21.67205810546875	2.0	
1499645621274	348572100400705	2.05535888671875	-43.1121826171875	-22.60284423828125	2.0	
1499645621301	348572120542307	2.39105224609375	-42.3797607421875	-21.771240234375	2.0	
1499645621315	348572140683908	1.67083740234375	-42.28668212890625	-20.3643798828125	2.0	
1499645621341	348572160825510	0.92620849609375	-43.017578125	-21.80633544921875	2.0	
1499645621370	348572180967111	-0.3448486328125	-42.8314208984375	-22.1588134765625	2.0	
1499645621386	348572201108713	-1.21612548828125	-42.30804443359375	-22.32818603515625	2.0	
1499645621406	348572221250314	-1.73492431640625	-41.50390625	-22.44415283203125	2.0	
1499645621421	348572241391916	-2.294921875	-42.14324951171875	-22.1466064453125	2.0	
1499645621447	348572261533518	-5.32989501953125	-41.87469482421875	-22.296142578125	2.0	
1499645621464	348572281675119	-5.0689697265625	-41.47491455078125	-23.8372802734375	2.0	
1499645621488	348572301816721	-6.3018798828125	-40.045166015625	-26.1505126953125	2.0	
1499645621500	348572321958322	-6.5216064453125	-39.337158203125	-25.60882568359375	2.0	
1499645621527	348572342099924	-5.88836669921875	-38.8031005859375	-28.1707763671875	2.0	
1499645621541	348572362241525	-8.09478759765625	-39.03961181640625	-26.57623291015625	2.0	
1499645621565	348572382383127	-8.209228515625	-38.78021240234375	-26.18408203125	2.0	
1499645621579	348572402524728	-8.502197265625	-38.29345703125	-25.41046142578125	2.0	
1499645621606	348572422666330	-8.8409423828125	-38.72528076171875	-24.98626708984375	2.0	
1499645621618	348572442807932	-8.2977294921875	-39.51873779296875	-26.0467529296875	2.0	
1499645621644	348572462949533	-8.40606689453125	-40.23895263671875	-24.54681396484375	2.0	
1499645621661	348572483091135	-8.52508544921875	-40.33050537109375	-24.72686767578125	2.0	
1499645621685	348572503232736	-7.94219970703125	-41.59393310546875	-23.760986328125	2.0	
1499645621697	348572523374338	-9.6343994140625	-41.4398193359375	-23.38104248046875	2.0	
1499645621724	348572543515939	-10.4522705078125	-41.51458740234375	-22.00164794921875	2.0	
1499645621741	348572563657541	-11.2060546875	-40.75927734375	-22.04437255859375	2.0	
1499645621763	348572583799143	-10.55755615234375	-40.19775390625	-21.6339111328125	2.0	
1499645621776	348572603940744	-9.3505859375	-41.0888671875	-22.81341552734375	2.0	
1499645621804	348572624082346	-10.73455810546875	-41.583251953125	-20.9625244140625	2.0	
1499645621817	348572644223947	-9.39178466796875	-40.77911376953125	-22.25494384765625	2.0	
1499645621844	348572664365549	-9.56268310546875	-40.82489013671875	-22.52044677734375	2.0	
1499645621856	348572684507150	-8.45184326171875	-40.576171875	-20.9930419921875	2.0	
1499645621882	348572704648752	-8.26568603515625	-41.583251953125	-21.89178466796875	2.0	
1499645621897	348572724790353	-7.86285400390625	-42.25616455078125	-20.2178955078125	2.0	
1499645621923	348572744931955	-7.6141357421875	-42.864990234375	-21.57440185546875	2.0	
1499645621943	348572765073557	-6.793212890625	-42.05780029296875	-19.29779052734375	2.0	
1499645621962	348572785215158	-5.40771484375	-42.34771728515625	-19.81658935546875	2.0	
1499645621975	348572805356760	-5.5084228515625	-42.99468994140625	-20.21942138671875	2.0	
1499645622003	348572825498361	-4.0771484375	-43.0389404296875	-21.17156982421875	2.0	
1499645622015	348572845639963	-3.85589599609375	-42.81768798828125	-21.81243896484375	2.0	
1499645622041	348572865781564	-3.411865234375	-41.85333251953125	-20.0347900390625	2.0	
1499645622067	348572885923166	-1.5350341796875	-44.091796875	-21.19598388671875	2.0	
1499645622082	348572906064768	-2.03704833984375	-42.73223876953125	-21.97723388671875	2.0	
1499645622108	348572926206369	-1.65557861328125	-42.2088623046875	-21.83685302734375	2.0	
1499645622120	348572946347971	-0.99639892578125	-41.8426513671875	-22.5738525390625	2.0	
1499645622148	348572966489572	-0.299072265625	-42.6025390625	-21.282958984375	2.0	
1499645622161	348572986631174	-1.10015869140625	-42.63153076171875	-22.38616943359375	2.0	
1499645622186	348573006772775	-0.982666015625	-42.10968017578125	-22.64556884765625	2.0	
1499645622200	348573026914377	-0.85296630859375	-43.04046630859375	-23.1781005859375	2.0	
1499645622227	348573047055978	-1.861572265625	-41.29638671875	-21.527099609375	2.0	
1499645622252	348573067197580	-1.98974609375	-42.90771484375	-22.3541259765625	2.0	
1499645622266	348573087339182	-2.1453857421875	-43.84613037109375	-22.2320556640625	2.0	
1499645622293	348573107480783	-1.715087890625	-41.85638427734375	-23.0072021484375	2.0	
1499645622306	348573127622385	-2.21405029296875	-42.73529052734375	-22.2076416015625	2.0	
1499645622332	348573147763986	-1.69219970703125	-42.53082275390625	-22.381591796875	2.0	
1499645622352	348573167905588	-2.301025390625	-42.7947998046875	-22.2930908203125	2.0	
1499645622359	348573188047189	-2.2216796875	-42.02423095703125	-22.20001220703125	2.0	
1499645622385	348573208188791	-2.1087646484375	-42.70782470703125	-21.65679931640625	2.0	
1499645622399	348573228330393	-1.65252685546875	-42.8741455078125	-20.45135498046875	2.0	
1499645622425	348573248471994	-1.507568359375	-43.1732177734375	-21.86737060546875	2.0	
1499645622438	348573268613596	-1.507568359375	-42.3553466796875	-21.86737060546875	2.0	
1499645622464	348573288755197	-2.28118896484375	-43.5638427734375	-20.86334228515625	2.0	
1499645622477	348573308896799	-3.1646728515625	-43.701171875	-20.1873779296875	2.0	
1499645622504	348573329038400	-1.75933837890625	-43.37158203125	-20.74737548828125	2.0	
1499645622517	348573349180002	-1.02081298828125	-41.88385009765625	-19.71282958984375	2.0	
1499645622544	348573369321603	-0.87890625	-42.97332763671875	-21.44317626953125	2.0	
1499645622571	348573389463205	-1.31072998046875	-43.2159423828125	-21.3165283203125	2.0	
1499645622593	348573409604807	-0.42572021484375	-43.133544921875	-20.38421630859375	2.0	
1499645622623	348573429746408	-0.7720947265625	-43.45855712890625	-20.7305908203125	2.0	
1499645622629	348573449888010	0.50506591796875	-43.49365234375	-20.0897216796875	2.0	
1499645622661	348573470029611	-0.45013427734375	-43.060302734375	-20.16754150390625	5.0	
1499645622683	348573490171213	-0.323486328125	-42.6788330078125	-20.0439453125	5.0	
1499645622692	348573510312814	-0.67291259765625	-43.11370849609375	-19.95391845703125	5.0	
1499645622702	348573530454416	-0.6622314453125	-44.189453125	-20.2362060546875	5.0	
1499645622733	348573550596018	-0.33721923828125	-43.18084716796875	-19.83184814453125	5.0	
1499645622759	348573570737619	-1.57623291015625	-43.56842041015625	-21.54998779296875	5.0	
1499645622768	348573590879221	-1.1260986328125	-43.6492919921875	-19.85626220703125	5.0	
1499645622782	348573611020822	-0.4913330078125	-43.7408447265625	-19.81964111328125	5.0	
1499645622808	348573631162424	-1.07421875	-43.14727783203125	-19.915771484375	5.0	
1499645622837	348573651304025	-1.83563232421875	-43.80340576171875	-19.8333740234375	5.0	
1499645622850	348573671445627	-2.28424072265625	-43.2952880859375	-20.28656005859375	5.0	
1499645622882	348573691587228	-3.06396484375	-42.1722412109375	-20.452880859375	5.0	
1499645622888	348573711728830	-0.53558349609375	-43.7042236328125	-21.20361328125	5.0	
1499645622914	348573731870432	-0.6134033203125	-43.0938720703125	-21.2188720703125	5.0	
1499645622930	348573752012033	-0.95062255859375	-43.36395263671875	-20.7427978515625	5.0	
1499645622957	348573772153635	-1.77001953125	-43.30596923828125	-20.5963134765625	5.0	
1499645622967	348573792295236	-2.07366943359375	-42.56744384765625	-20.3033447265625	5.0	
1499645622993	348573812436838	-0.92315673828125	-44.3572998046875	-20.5169677734375	5.0	
1499645623023	348573832578439	-0.53863525390625	-42.6605224609375	-20.97320556640625	5.0	
1499645623041	348573852720041	-2.47650146484375	-42.3858642578125	-21.07391357421875	5.0	
1499645623046	348573872861643	-2.59246826171875	-43.0206298828125	-19.21844482421875	5.0	
1499645623072	348573893003244	-1.27410888671875	-40.435791015625	-21.27685546875	5.0	
1499645623099	348573913144846	-1.46026611328125	-42.72918701171875	-20.4559326171875	5.0	
1499645623114	348573933286447	-2.2369384765625	-42.46978759765625	-21.19598388671875	5.0	
1499645623128	348573953428049	-1.92413330078125	-41.741943359375	-20.49560546875	5.0	
1499645623156	348573973569650	-2.91595458984375	-43.21136474609375	-19.8699951171875	5.0	
1499645623166	348573993711252	-1.483154296875	-42.6177978515625	-20.9747314453125	5.0	
1499645623191	348574013852853	-1.94091796875	-42.431640625	-20.819091796875	5.0	
1499645623208	348574033994455	-1.73187255859375	-41.57257080078125	-20.6207275390625	5.0	
1499645623230	348574054136057	-1.40380859375	-42.3614501953125	-19.51751708984375	5.0	
1499645623261	348574074277658	-1.78070068359375	-43.69659423828125	-20.3399658203125	5.0	
1499645623273	348574094419260	-1.2847900390625	-44.67926025390625	-19.98748779296875	5.0	
1499645623298	348574114560861	-1.39617919921875	-44.57244873046875	-19.69451904296875	5.0	
1499645623312	348574134702463	-1.4190673828125	-43.5302734375	-19.71588134765625	5.0	
1499645623338	348574154844064	-0.7568359375	-43.43414306640625	-19.976806640625	5.0	
1499645623350	348574174985666	-1.348876953125	-43.58062744140625	-19.3267822265625	5.0	
1499645623395	348574195127268	-1.0498046875	-43.963623046875	-20.24993896484375	5.0	
1499645623402	348574215268869	-1.32598876953125	-43.67218017578125	-21.21734619140625	5.0	
1499645623416	348574235410471	-0.0335693359375	-43.19915771484375	-20.6573486328125	5.0	
1499645623430	348574255552072	-1.1566162109375	-43.14117431640625	-20.0286865234375	5.0	
1499645623456	348574275693674	-1.39007568359375	-41.9647216796875	-19.68994140625	5.0	
1499645623468	348574295835275	-1.2481689453125	-43.4112548828125	-20.05767822265625	5.0	
1499645623495	348574315976877	-2.15606689453125	-43.0816650390625	-21.10748291015625	5.0	
1499645623508	348574336118478	-1.86004638671875	-43.67523193359375	-20.5352783203125	5.0	
1499645623539	348574356260080	-1.10321044921875	-42.37213134765625	-19.7509765625	5.0	
1499645623548	348574376401682	-0.408935546875	-41.876220703125	-20.2301025390625	5.0	
1499645623577	348574396543283	-2.0416259765625	-43.08929443359375	-20.43304443359375	5.0	
1499645623588	348574416684885	-3.20281982421875	-42.68798828125	-20.3338623046875	5.0	
1499645623613	348574436826486	-2.1392822265625	-42.25311279296875	-21.00372314453125	5.0	
1499645623627	348574456968088	-1.30157470703125	-42.474365234375	-21.30126953125	5.0	
1499645623657	348574477109689	-1.76239013671875	-42.8741455078125	-21.96502685546875	5.0	
1499645623668	348574497251291	-2.484130859375	-42.30194091796875	-21.27685546875	5.0	
1499645623694	348574517392893	-0.8209228515625	-42.8802490234375	-20.013427734375	5.0	
1499645623706	348574537534494	-1.27410888671875	-42.19970703125	-19.5770263671875	5.0	
1499645623732	348574557676096	-1.27410888671875	-43.28765869140625	-20.87860107421875	5.0	
1499645623746	348574577817697	-0.811767578125	-43.19305419921875	-20.91522216796875	5.0	
1499645623772	348574597959299	-1.49078369140625	-42.852783203125	-20.8251953125	5.0	
1499645623786	348574618100900	-1.0467529296875	-42.022705078125	-21.07391357421875	5.0	
1499645623818	348574638242502	-1.361083984375	-42.669677734375	-20.672607421875	5.0	
1499645623840	348574658384103	-1.4556884765625	-41.3330078125	-19.7998046875	5.0	
1499645623852	348574678525705	-1.727294921875	-42.1478271484375	-20.7489013671875	5.0	
1499645623879	348574698667307	-2.4810791015625	-43.51959228515625	-21.34857177734375	5.0	
1499645623892	348574718808908	-1.08642578125	-42.61627197265625	-19.83184814453125	5.0	
1499645623954	348574738950510	-0.74462890625	-42.72918701171875	-22.12677001953125	5.0	
1499645623961	348574759092111	-1.38092041015625	-43.11065673828125	-21.51336669921875	5.0	
1499645623968	348574779233713	-2.37274169921875	-42.3187255859375	-21.3897705078125	5.0	
1499645623975	348574799375314	-1.41754150390625	-43.11065673828125	-19.9859619140625	5.0	
1499645623998	348574819516916	-1.33514404296875	-41.78924560546875	-20.99456787109375	5.0	
1499645624017	348574839658518	-2.11181640625	-43.25714111328125	-21.74224853515625	5.0	
1499645624037	348574859800119	-1.81427001953125	-42.38739013671875	-20.7763671875	5.0	
1499645624050	348574879941721	-3.00445556640625	-43.2403564453125	-20.95184326171875	5.0	
1499645624076	348574900083322	-2.13165283203125	-42.02117919921875	-20.0897216796875	5.0	
1499645624103	348574920224924	-2.13775634765625	-43.10150146484375	-22.05963134765625	5.0	
1499645624120	348574940366525	-1.55029296875	-42.2882080078125	-20.42083740234375	5.0	
1499645624151	348574960508127	-1.776123046875	-41.21551513671875	-20.9716796875	5.0	
1499645624155	348574980649728	-1.67694091796875	-41.39404296875	-21.27685546875	5.0	
1499645624182	348575000791330	-1.25885009765625	-43.3380126953125	-21.3531494140625	5.0	
1499645624198	348575020932932	-1.47247314453125	-42.9046630859375	-21.6705322265625	5.0	
1499645624225	348575041074533	-1.7578125	-41.97845458984375	-20.12939453125	5.0	
1499645624247	348575061216135	-2.04925537109375	-41.42608642578125	-21.20513916015625	5.0	
1499645624282	348575081357736	-1.39007568359375	-43.72711181640625	-20.37353515625	5.0	
1499645624286	348575101499338	-1.5380859375	-42.950439453125	-21.5728759765625	5.0	
1499645624306	348575121640939	-1.6387939453125	-42.7093505859375	-20.66650390625	5.0	
1499645624315	348575141782541	-0.982666015625	-42.2607421875	-20.60394287109375	5.0	
1499645624341	348575161924143	-1.27410888671875	-44.31610107421875	-21.95587158203125	5.0	
1499645624368	348575182065744	-1.6265869140625	-43.2281494140625	-22.625732421875	5.0	
1499645624381	348575202207346	-0.72784423828125	-42.50030517578125	-21.81396484375	5.0	
1499645624407	348575222348947	0.40435791015625	-42.63763427734375	-21.4630126953125	5.0	
1499645624421	348575242490549	0.74462890625	-41.17279052734375	-20.75042724609375	5.0	
1499645624446	348575262632150	2.8106689453125	-41.69921875	-21.0235595703125	5.0	
1499645624462	348575282773752	3.5614013671875	-42.21038818359375	-19.55108642578125	5.0	
1499645624487	348575302915353	3.81011962890625	-42.69866943359375	-21.53167724609375	5.0	
1499645624503	348575323056955	4.11224365234375	-43.25714111328125	-18.9239501953125	5.0	
1499645624526	348575343198557	5.46875	-41.89300537109375	-20.892333984375	5.0	
1499645624546	348575363340158	3.46832275390625	-43.0999755859375	-20.78399658203125	5.0	
1499645624567	348575383481760	3.70330810546875	-43.1549072265625	-21.26312255859375	5.0	
1499645624578	348575403623361	3.72314453125	-43.05267333984375	-21.2432861328125	5.0	
1499645624606	348575423764963	3.79638671875	-42.70782470703125	-20.9228515625	5.0	
1499645624618	348575443906564	3.87115478515625	-42.23785400390625	-21.07391357421875	5.0	
1499645624647	348575464048166	4.21142578125	-40.8905029296875	-22.8607177734375	5.0	
1499645624658	348575484189768	4.04815673828125	-41.48101806640625	-23.5321044921875	5.0	
1499645624685	348575504331369	4.17938232421875	-39.9078369140625	-24.57427978515625	5.0	
1499645624698	348575524472971	3.7933349609375	-39.739990234375	-25.579833984375	5.0	
1499645624726	348575544614572	4.36248779296875	-38.42010498046875	-26.71661376953125	5.0	
1499645624750	348575564756174	3.04107666015625	-36.91253662109375	-28.34014892578125	5.0	
1499645624764	348575584897775	4.095458984375	-37.26348876953125	-29.3548583984375	5.0	
1499645624790	348575605039377	3.70635986328125	-35.888671875	-31.0028076171875	5.0	
1499645624804	348575625180978	3.338623046875	-35.85052490234375	-30.5206298828125	5.0	
1499645624830	348575645322580	4.21295166015625	-36.138916015625	-32.41424560546875	5.0	
1499645624843	348575665464182	2.08740234375	-35.3912353515625	-31.8878173828125	5.0	
1499645624869	348575685605783	3.33709716796875	-34.5489501953125	-32.1197509765625	5.0	
1499645624883	348575705747385	5.14984130859375	-33.02764892578125	-33.319091796875	5.0	
1499645624911	348575725888986	3.46527099609375	-32.93304443359375	-32.720947265625	5.0	
1499645624923	348575746030588	6.0791015625	-33.251953125	-34.0301513671875	5.0	
1499645624949	348575766172189	5.28717041015625	-32.379150390625	-33.30230712890625	5.0	
1499645624962	348575786313791	5.28564453125	-32.373046875	-33.5601806640625	5.0	
1499645624989	348575806455393	5.52520751953125	-32.69805908203125	-33.7921142578125	5.0	
1499645625003	348575826596994	5.46875	-32.6416015625	-34.01031494140625	5.0	
1499645625029	348575846738596	5.8135986328125	-31.92901611328125	-35.19134521484375	5.0	
1499645625042	348575866880197	6.7169189453125	-31.33544921875	-34.67254638671875	5.0	
1499645625069	348575887021799	5.95245361328125	-30.3009033203125	-35.60333251953125	5.0	
1499645625081	348575907163400	7.43408203125	-30.17120361328125	-35.8184814453125	5.0	
1499645625107	348575927305002	6.67572021484375	-30.1513671875	-36.468505859375	5.0	
1499645625122	348575947446603	7.63397216796875	-29.32586669921875	-38.5833740234375	5.0	
1499645625157	348575967588205	7.2052001953125	-27.36053466796875	-37.33367919921875	5.0	
1499645625161	348575987729807	6.890869140625	-27.392578125	-37.51678466796875	5.0	
1499645625187	348576007871408	7.76214599609375	-26.15203857421875	-39.385986328125	5.0	
1499645625213	348576028013010	9.3109130859375	-25.9490966796875	-39.26239013671875	5.0	
1499645625227	348576048154611	8.40606689453125	-24.4110107421875	-41.02630615234375	5.0	
1499645625254	348576068296213	9.1461181640625	-22.21832275390625	-39.8284912109375	5.0	
1499645625271	348576088437814	8.07952880859375	-20.1934814453125	-42.0013427734375	5.0	
1499645625293	348576108579416	7.89794921875	-20.6451416015625	-43.33953857421875	5.0	
1499645625306	348576128721018	6.463623046875	-17.620849609375	-42.7734375	5.0	
1499645625333	348576148862619	7.086181640625	-16.53900146484375	-42.987060546875	5.0	
1499645625350	348576169004221	6.50177001953125	-14.6392822265625	-44.03076171875	5.0	
1499645625372	348576189145822	5.84716796875	-12.04376220703125	-44.53277587890625	5.0	
1499645625386	348576209287424	2.70233154296875	-8.154296875	-46.4599609375	5.0	
1499645625412	348576229429025	1.8768310546875	-6.500244140625	-46.73004150390625	5.0	
1499645625427	348576249570627	-0.09765625	-2.92510986328125	-47.41668701171875	5.0	
1499645625451	348576269712228	-1.31072998046875	0.52642822265625	-46.39892578125	5.0	
1499645625465	348576289853830	-1.70745849609375	3.7017822265625	-47.48992919921875	5.0	
1499645625496	348576309995432	-2.86407470703125	3.4149169921875	-48.40087890625	5.0	
1499645625511	348576330137033	-0.59814453125	3.45458984375	-47.39532470703125	5.0	
1499645625531	348576350278635	2.46734619140625	0.653076171875	-46.9940185546875	5.0	
1499645625544	348576370420236	4.78363037109375	1.67083740234375	-47.2442626953125	5.0	
1499645625572	348576390561838	5.8746337890625	1.71051025390625	-47.6165771484375	5.0	
1499645625583	348576410703439	5.6243896484375	3.662109375	-47.66693115234375	5.0	
1499645625610	348576430845041	6.3446044921875	3.00750732421875	-49.01580810546875	5.0	
1499645625636	348576450986643	7.9345703125	1.79901123046875	-45.794677734375	5.0	
1499645625650	348576471128244	8.84857177734375	4.052734375	-47.19085693359375	5.0	
1499645625676	348576491269846	10.17303466796875	4.42657470703125	-46.98638916015625	5.0	
1499645625689	348576511411447	9.64813232421875	3.8787841796875	-46.65374755859375	5.0	
1499645625715	348576531553049	11.49139404296875	4.27398681640625	-45.31097412109375	5.0	
1499645625731	348576551694650	12.2100830078125	3.668212890625	-46.46759033203125	5.0	
1499645625756	348576571836252	13.43841552734375	2.40478515625	-46.48590087890625	5.0	
1499645625768	348576591977853	12.93792724609375	3.125	-45.95947265625	5.0	
1499645625795	348576612119455	12.37945556640625	2.69317626953125	-46.0601806640625	5.0	
1499645625809	348576632261057	12.6953125	2.25067138671875	-45.42083740234375	5.0	
1499645625836	348576652402658	13.13018798828125	2.13165283203125	-45.684814453125	5.0	
1499645625850	348576672544260	12.860107421875	2.94036865234375	-46.97723388671875	5.0	
1499645625874	348576692685861	12.54119873046875	1.84783935546875	-45.47119140625	5.0	
1499645625894	348576712827463	12.19024658203125	0.74005126953125	-46.2310791015625	5.0	
1499645625915	348576732969064	12.9852294921875	1.6571044921875	-46.69189453125	5.0	
1499645625927	348576753110666	13.2232666015625	1.617431640625	-45.6939697265625	5.0	
1499645625953	348576773252268	13.995361328125	1.57470703125	-46.78497314453125	5.0	
1499645625972	348576793393869	14.031982421875	1.806640625	-44.93560791015625	5.0	
1499645625995	348576813535471	14.03656005859375	1.214599609375	-45.44677734375	5.0	
1499645626007	348576833677072	13.2232666015625	0.41656494140625	-45.44677734375	5.0	
1499645626035	348576853818674	13.0462646484375	1.94854736328125	-47.65625	5.0	
1499645626048	348576873960275	14.4439697265625	1.94854736328125	-46.6461181640625	5.0	
1499645626074	348576894101877	14.9627685546875	0.82855224609375	-44.47479248046875	5.0	
1499645626099	348576914243478	15.264892578125	0.60577392578125	-45.2606201171875	5.0	
1499645626112	348576934385080	16.46575927734375	1.01776123046875	-45.8465576171875	5.0	
1499645626139	348576954526682	14.599609375	0.94146728515625	-45.83587646484375	5.0	
1499645626159	348576974668283	15.032958984375	1.153564453125	-45.1080322265625	5.0	
1499645626182	348576994809885	16.54815673828125	-0.09002685546875	-45.1385498046875	5.0	
1499645626192	348577014951486	16.09039306640625	0.37384033203125	-46.246337890625	5.0	
1499645626220	348577035093088	16.357421875	0.9490966796875	-46.3714599609375	5.0	
1499645626280	348577055234689	14.79034423828125	0.592041015625	-45.85418701171875	5.0	
1499645626289	348577075376291	14.3646240234375	0.1373291015625	-45.97625732421875	5.0	
1499645626292	348577095517893	13.8397216796875	0.1495361328125	-45.75958251953125	5.0	
1499645626337	348577115659494	15.472412109375	0.92926025390625	-46.40960693359375	5.0	
1499645626346	348577135801096	14.215087890625	0.689697265625	-45.68023681640625	5.0	
1499645626364	348577155942697	14.605712890625	0.67596435546875	-45.28350830078125	5.0	
1499645626367	348577176084299	14.07012939453125	-0.5889892578125	-45.46661376953125	5.0	
1499645626377	348577196225900	16.07666015625	-1.1749267578125	-45.4345703125	5.0	
1499645626395	348577216367502	15.37322998046875	-2.10723876953125	-46.05712890625	5.0	
1499645626420	348577236509103	15.24200439453125	-0.3997802734375	-44.427490234375	5.0	
1499645626430	348577256650705	14.88037109375	-1.76544189453125	-45.20416259765625	5.0	
1499645626457	348577276792307	15.423583984375	-0.64697265625	-46.09222412109375	5.0	
1499645626471	348577296933908	14.73541259765625	-0.64697265625	-46.42181396484375	5.0	
1499645626499	348577317075510	14.37530517578125	-0.1220703125	-47.4517822265625	5.0	
1499645626525	348577337217111	13.29345703125	0.0518798828125	-47.0977783203125	5.0	
1499645626538	348577357358713	12.88604736328125	-0.579833984375	-46.52252197265625	5.0	
1499645626562	348577377500314	11.94000244140625	1.04827880859375	-47.4517822265625	5.0	
1499645626577	348577397641916	12.2894287109375	-0.665283203125	-47.1527099609375	5.0	
1499645626607	348577417783518	12.677001953125	0.52642822265625	-47.5250244140625	5.0	
1499645626614	348577437925119	11.96746826171875	1.91497802734375	-47.91412353515625	5.0	
1499645626642	348577458066721	12.09716796875	1.1566162109375	-48.03924560546875	5.0	
1499645626657	348577478208322	13.20343017578125	0.6500244140625	-48.00872802734375	5.0	
1499645626688	348577498349924	13.5162353515625	0.48065185546875	-47.79052734375	5.0	
1499645626694	348577518491525	12.95318603515625	-0.1373291015625	-47.79052734375	5.0	
1499645626720	348577538633127	13.922119140625	1.38397216796875	-47.52960205078125	5.0	
1499645626742	348577558774728	12.83111572265625	1.9439697265625	-47.48992919921875	5.0	
1499645626761	348577578916330	12.97454833984375	0.079345703125	-47.7691650390625	5.0	
1499645626774	348577599057932	11.8804931640625	0.99945068359375	-47.16033935546875	5.0	
1499645626800	348577619199533	11.956787109375	0.00152587890625	-47.61505126953125	5.0	
1499645626814	348577639341135	12.5762939453125	0.38604736328125	-47.38006591796875	5.0	
1499645626844	348577659482736	12.2589111328125	1.1871337890625	-48.248291015625	5.0	
1499645626852	348577679624338	11.52801513671875	-0.11749267578125	-48.236083984375	5.0	
1499645626879	348577699765939	11.1907958984375	1.46942138671875	-47.79052734375	5.0	
1499645626893	348577719907541	11.8621826171875	0.4608154296875	-47.14202880859375	5.0	
1499645626919	348577740049143	12.17193603515625	-0.0518798828125	-47.540283203125	5.0	
1499645626932	348577760190744	12.774658203125	0.5859375	-46.6033935546875	5.0	
1499645626958	348577780332346	13.71917724609375	0.31890869140625	-46.97723388671875	5.0	
1499645626992	348577800473947	14.28680419921875	0.07476806640625	-49.0447998046875	5.0	
1499645627006	348577820615549	12.6007080078125	-0.189208984375	-46.771240234375	5.0	
1499645627025	348577840757150	13.739013671875	0.2685546875	-47.09625244140625	5.0	
1499645627037	348577860898752	14.97344970703125	-0.5279541015625	-46.31500244140625	5.0	
1499645627064	348577881040353	15.57464599609375	0.1617431640625	-47.55096435546875	5.0	
1499645627080	348577901181955	14.6087646484375	-0.41046142578125	-46.99859619140625	5.0	
1499645627104	348577921323557	14.34783935546875	-0.30975341796875	-46.66290283203125	5.0	
1499645627117	348577941465158	14.82086181640625	-0.33416748046875	-46.60797119140625	5.0	
1499645627143	348577961606760	14.8040771484375	-0.78277587890625	-47.6898193359375	5.0	
1499645627157	348577981748361	14.2333984375	-1.3092041015625	-46.38824462890625	5.0	
1499645627190	348578001889963	15.0054931640625	-1.25579833984375	-46.5240478515625	5.0	
1499645627201	348578022031564	14.3646240234375	-2.130126953125	-47.0367431640625	5.0	
1499645627226	348578042173166	15.35797119140625	-2.79693603515625	-45.3338623046875	5.0	
1499645627238	348578062314768	15.15350341796875	-2.960205078125	-45.54595947265625	5.0	
1499645627265	348578082456369	16.3543701171875	-3.0853271484375	-46.92535400390625	5.0	
1499645627275	348578102597971	17.67425537109375	-3.33251953125	-45.697021484375	5.0	
1499645627311	348578122739572	17.010498046875	-4.35028076171875	-46.942138671875	5.0	
1499645627319	348578142881174	16.680908203125	-3.033447265625	-45.98846435546875	5.0	
1499645627343	348578163022775	16.33453369140625	-2.33306884765625	-45.8251953125	5.0	
1499645627355	348578183164377	16.12396240234375	-3.46527099609375	-46.7315673828125	5.0	
1499645627382	348578203305978	16.39251708984375	-4.7943115234375	-45.32623291015625	5.0	
1499645627408	348578223447580	16.9921875	-2.9571533203125	-46.923828125	5.0	
1499645627422	348578243589182	16.6900634765625	-2.68096923828125	-46.6339111328125	5.0	
1499645627448	348578263730783	15.069580078125	-4.4769287109375	-47.3297119140625	5.0	
1499645627462	348578283872385	14.7552490234375	-3.717041015625	-45.85113525390625	5.0	
1499645627487	348578304013986	13.99688720703125	-3.52325439453125	-47.01995849609375	5.0	
1499645627502	348578324155588	15.47088623046875	-3.03802490234375	-47.186279296875	5.0	
1499645627527	348578344297189	15.570068359375	-3.43475341796875	-46.74835205078125	5.0	
1499645627540	348578364438791	16.1468505859375	-3.69110107421875	-46.44927978515625	5.0	
1499645627566	348578384580393	15.216064453125	-3.82080078125	-47.11151123046875	5.0	
1499645627581	348578404721994	15.9027099609375	-4.2083740234375	-46.73919677734375	5.0	
1499645627607	348578424863596	15.9515380859375	-2.76031494140625	-47.5341796875	5.0	
1499645627620	348578445005197	15.814208984375	-2.6458740234375	-46.6217041015625	5.0	
1499645627646	348578465146799	15.19317626953125	-2.67486572265625	-46.00677490234375	5.0	
1499645627660	348578485288400	15.069580078125	-2.92816162109375	-46.52862548828125	5.0	
1499645627688	348578505430002	15.16571044921875	-1.8402099609375	-46.5484619140625	5.0	
1499645627698	348578525571603	14.31732177734375	-2.14996337890625	-48.24676513671875	5.0	
1499645627725	348578545713205	16.65802001953125	-1.88140869140625	-45.58258056640625	5.0	
1499645627743	348578565854807	15.203857421875	-2.36663818359375	-46.3592529296875	5.0	
1499645627768	348578585996408	14.29595947265625	-2.740478515625	-47.515869140625	5.0	
1499645627780	348578606138010	13.5406494140625	-2.60162353515625	-47.5921630859375	5.0	
1499645627804	348578626279611	13.93890380859375	-1.5960693359375	-47.01690673828125	5.0	
1499645627831	348578646421213	15.5914306640625	-2.23541259765625	-46.26007080078125	5.0	
1499645627844	348578666562814	13.824462890625	-2.59857177734375	-46.270751953125	5.0	
1499645627872	348578686704416	13.6322021484375	-4.00390625	-46.77886962890625	5.0	
1499645627883	348578706846018	14.03961181640625	-1.93634033203125	-47.03826904296875	5.0	
1499645627911	348578726987619	15.814208984375	-2.166748046875	-47.039794921875	5.0	
1499645627925	348578747129221	14.5416259765625	-1.5289306640625	-46.69647216796875	5.0	
1499645627955	348578767270822	14.46533203125	-1.7059326171875	-46.1395263671875	5.0	
1499645627964	348578787412424	14.36309814453125	-2.6458740234375	-46.4324951171875	5.0	
1499645627991	348578807554025	15.00244140625	-2.25830078125	-45.0531005859375	5.0	
1499645628004	348578827695627	16.22161865234375	-2.6153564453125	-45.947265625	5.0	
1499645628037	348578847837228	15.24658203125	-3.4576416015625	-46.4202880859375	5.0	
1499645628046	348578867978830	16.180419921875	-3.86505126953125	-46.81243896484375	5.0	
1499645628069	348578888120432	15.88134765625	-4.12445068359375	-47.607421875	5.0	
1499645628095	348578908262033	16.094970703125	-5.4168701171875	-46.2615966796875	5.0	
1499645628110	348578928403635	16.2384033203125	-3.22723388671875	-46.087646484375	5.0	
1499645628123	348578948545236	16.534423828125	-4.119873046875	-46.4324951171875	5.0	
1499645628149	348578968686838	16.65802001953125	-3.997802734375	-47.62115478515625	5.0	
1499645628163	348578988828439	16.49932861328125	-4.78668212890625	-46.5576171875	5.0	
1499645628208	348579008970041	16.27349853515625	-4.6142578125	-46.9970703125	5.0	
1499645628210	348579029111643	16.57257080078125	-4.66156005859375	-47.23968505859375	5.0	
1499645628231	348579049253244	16.67022705078125	-4.20074462890625	-45.751953125	5.0	
1499645628245	348579069394846	16.827392578125	-5.21392822265625	-46.7559814453125	5.0	
1499645628268	348579089536447	16.033935546875	-2.50396728515625	-46.34857177734375	5.0	
1499645628297	348579109678049	16.13922119140625	-3.1158447265625	-46.78192138671875	5.0	
1499645628311	348579129819650	15.5029296875	-3.70330810546875	-46.92230224609375	5.0	
1499645628345	348579149961252	15.76080322265625	-1.91192626953125	-45.53070068359375	5.0	
1499645628359	348579170102853	16.339111328125	-3.39813232421875	-46.63543701171875	5.0	
1499645628382	348579190244455	16.8975830078125	-2.8717041015625	-46.368408203125	5.0	
1499645628389	348579210386057	16.10870361328125	-4.44488525390625	-46.03118896484375	5.0	
1499645628413	348579230527658	15.5120849609375	-4.61273193359375	-45.83740234375	5.0	
1499645628427	348579250669260	15.2191162109375	-3.5369873046875	-46.49658203125	5.0	
1499645628455	348579270810861	15.76385498046875	-3.38134765625	-46.636962890625	5.0	
1499645628467	348579290952463	14.53857421875	-3.44085693359375	-46.5301513671875	5.0	
1499645628496	348579311094064	15.5517578125	-3.692626953125	-45.62530517578125	5.0	
1499645628512	348579331235666	15.83709716796875	-2.5787353515625	-46.68426513671875	5.0	
1499645628537	348579351377268	15.24658203125	-2.996826171875	-46.49658203125	5.0	
1499645628546	348579371518869	15.09857177734375	-1.96685791015625	-46.6827392578125	5.0	
1499645628573	348579391660471	15.77606201171875	-2.76336669921875	-46.771240234375	5.0	
1499645628594	348579411802072	15.00396728515625	-2.91748046875	-47.216796875	5.0	
1499645628613	348579431943674	15.2130126953125	-2.5482177734375	-46.36383056640625	5.0	
1499645628632	348579452085275	14.2425537109375	-2.31781005859375	-47.8271484375	5.0	
1499645628651	348579472226877	14.6392822265625	-1.9805908203125	-45.45135498046875	5.0	
1499645628665	348579492368478	15.39306640625	-2.734375	-46.6827392578125	5.0	
1499645628692	348579512510080	15.1702880859375	-3.179931640625	-47.36785888671875	5.0	
1499645628718	348579532651682	14.7064208984375	-3.466796875	-45.75347900390625	5.0	
1499645628730	348579552793283	13.74053955078125	-3.009033203125	-46.01287841796875	5.0	
1499645628757	348579572934885	15.54718017578125	-2.97088623046875	-45.97015380859375	5.0	
1499645628771	348579593076486	13.99993896484375	-2.752685546875	-46.67205810546875	5.0	
1499645628797	348579613218088	13.68408203125	-2.25372314453125	-46.72393798828125	5.0	
1499645628810	348579633359689	15.643310546875	-2.410888671875	-46.7254638671875	5.0	
