1500676954427	8830541797642	0.2310333251953125	-0.0140838623046875	0.151031494140625	-1.0	
1500676954428	8830561939243	0.2314453125	-0.0141448974609375	0.1508941650390625	-1.0	
1500676954429	8830582080845	0.2319183349609375	-0.0140228271484375	0.1513214111328125	-1.0	
1500676954431	8830602222446	0.2322540283203125	-0.0137481689453125	0.15185546875	-1.0	
1500676954442	8830622364048	0.23236083984375	-0.0135650634765625	0.1522064208984375	-1.0	
1500676954445	8830642505650	0.2323455810546875	-0.013458251953125	0.1525115966796875	-1.0	
1500676954491	8830662647251	0.232330322265625	-0.01336669921875	0.15252685546875	-1.0	
1500676954492	8830682788853	0.2324371337890625	-0.0131988525390625	0.152557373046875	-1.0	
1500676954494	8830702930454	0.23260498046875	-0.01287841796875	0.1527099609375	-1.0	
1500676954496	8830723072056	0.23272705078125	-0.0124664306640625	0.152984619140625	-1.0	
1500676954497	8830743213657	0.2328643798828125	-0.012115478515625	0.1534423828125	-1.0	
1500676954499	8830763355259	0.2330780029296875	-0.0120391845703125	0.1538543701171875	-1.0	
1500676954502	8830783496860	0.2333526611328125	-0.01214599609375	0.154449462890625	-1.0	
1500676954508	8830803638462	0.2335357666015625	-0.01202392578125	0.1557159423828125	-1.0	
1500676954510	8830823780064	0.2336273193359375	-0.0117645263671875	0.1569366455078125	-1.0	
1500676954511	8830843921665	0.2335357666015625	-0.0116729736328125	0.1579132080078125	-1.0	
1500676954513	8830864063267	0.2333831787109375	-0.0116729736328125	0.158966064453125	-1.0	
1500676954550	8830884204868	0.233306884765625	-0.0117034912109375	0.1600189208984375	-1.0	
1500676954552	8830904346470	0.2333831787109375	-0.01171875	0.16094970703125	-1.0	
1500676954560	8830924488071	0.2333831787109375	-0.0116119384765625	0.1620330810546875	-1.0	
1500676954562	8830944629673	0.2332000732421875	-0.0116119384765625	0.162750244140625	-1.0	
1500676954564	8830964771275	0.2330474853515625	-0.011810302734375	0.1631622314453125	-1.0	
1500676954566	8830984912876	0.2330169677734375	-0.01190185546875	0.1636810302734375	-1.0	
1500676954567	8831005054478	0.2330169677734375	-0.0119171142578125	0.164031982421875	-1.0	
1500676954568	8831025196079	0.2331390380859375	-0.0121002197265625	0.164337158203125	-1.0	
1500676954584	8831045337681	0.233367919921875	-0.0123291015625	0.164703369140625	-1.0	
1500676954587	8831065479282	0.2335205078125	-0.0124053955078125	0.1650543212890625	-1.0	
1500676954589	8831085620884	0.23370361328125	-0.01251220703125	0.165496826171875	-1.0	
1500676954591	8831105762485	0.233856201171875	-0.01251220703125	0.1660919189453125	-1.0	
1500676954592	8831125904087	0.23382568359375	-0.0128936767578125	0.1662750244140625	-1.0	
1500676954606	8831146045689	0.2335662841796875	-0.01348876953125	0.1666259765625	-1.0	
1500676954608	8831166187290	0.2332305908203125	-0.014129638671875	0.1670074462890625	-1.0	
1500676954610	8831186328892	0.233154296875	-0.0146636962890625	0.1668701171875	-1.0	
1500676954612	8831206470493	0.2332000732421875	-0.01495361328125	0.16656494140625	-1.0	
1500676954621	8831226612095	0.2332763671875	-0.0149993896484375	0.1661834716796875	-1.0	
1500676954623	8831246753696	0.2332000732421875	-0.015045166015625	0.166046142578125	-1.0	
1500676954630	8831266895298	0.2329254150390625	-0.015350341796875	0.165802001953125	-1.0	
1500676954631	8831287036900	0.2325592041015625	-0.0156097412109375	0.1656494140625	-1.0	
1500676954633	8831307178501	0.232269287109375	-0.0157012939453125	0.1654815673828125	-1.0	
1500676954646	8831327320103	0.2321929931640625	-0.01580810546875	0.164703369140625	-1.0	
1500676954647	8831347461704	0.2321014404296875	-0.016082763671875	0.1636505126953125	-1.0	
1500676954650	8831367603306	0.2320709228515625	-0.016510009765625	0.1627044677734375	-1.0	
1500676954652	8831387737000	0.232025146484375	-0.01702880859375	0.1617584228515625	-1.0	
1500676954654	8831407878602	0.232025146484375	-0.0174713134765625	0.1609954833984375	-1.0	
1500676954655	8831428020203	0.2318878173828125	-0.017974853515625	0.160308837890625	-1.0	
1500676954657	8831448161805	0.231658935546875	-0.0187225341796875	0.159576416015625	-1.0	
1500676954677	8831468303407	0.231536865234375	-0.0195465087890625	0.1585540771484375	-1.0	
1500676954679	8831488445008	0.231536865234375	-0.02001953125	0.15765380859375	-1.0	
1500676954683	8831508586610	0.23150634765625	-0.02032470703125	0.1566009521484375	-1.0	
1500676954691	8831528728211	0.231414794921875	-0.020263671875	0.1557769775390625	-1.0	
1500676954692	8831548869813	0.231292724609375	-0.0200958251953125	0.1551971435546875	-1.0	
1500676954694	8831569011414	0.231231689453125	-0.0199737548828125	0.154693603515625	-1.0	
1500676954695	8831589153016	0.2313079833984375	-0.0197296142578125	0.1543731689453125	-1.0	
1500676954711	8831609294618	0.23150634765625	-0.019287109375	0.1542816162109375	-1.0	
1500676954755	8831629436219	0.231658935546875	-0.018829345703125	0.154052734375	-1.0	
1500676954756	8831649577821	0.2316436767578125	-0.0184783935546875	0.1539154052734375	-1.0	
1500676954758	8831669719422	0.2316131591796875	-0.0182952880859375	0.1540985107421875	-1.0	
1500676954759	8831689861024	0.23150634765625	-0.0182342529296875	0.1541595458984375	-1.0	
1500676954772	8831710002625	0.23138427734375	-0.01812744140625	0.154296875	-1.0	
1500676954774	8831730144227	0.2312774658203125	-0.0180816650390625	0.154205322265625	-1.0	
1500676954776	8831750285828	0.231292724609375	-0.018035888671875	0.1540069580078125	-1.0	
1500676954784	8831770427430	0.2315521240234375	-0.0178375244140625	0.154083251953125	-1.0	
1500676954831	8831790569032	0.2319183349609375	-0.0176239013671875	0.1544647216796875	-1.0	
1500676954833	8831810710633	0.232177734375	-0.01751708984375	0.1543426513671875	-1.0	
1500676954834	8831830852235	0.2321929931640625	-0.01751708984375	0.1543426513671875	-1.0	
1500676954837	8831850993836	0.232208251953125	-0.0175323486328125	0.1546630859375	-1.0	
1500676954842	8831871135438	0.2322235107421875	-0.0174560546875	0.1551971435546875	-1.0	
1500676954849	8831891277039	0.232147216796875	-0.0173797607421875	0.15533447265625	-1.0	
1500676954855	8831911418641	0.232147216796875	-0.0174102783203125	0.1554107666015625	-1.0	
1500676954857	8831931560243	0.2320404052734375	-0.0175018310546875	0.155670166015625	-1.0	
1500676954859	8831951701844	0.2320098876953125	-0.017486572265625	0.155792236328125	-1.0	
1500676954860	8831971843446	0.2321319580078125	-0.01751708984375	0.1558685302734375	-1.0	
1500676954875	8831991985047	0.2321929931640625	-0.0175323486328125	0.1561431884765625	-1.0	
1500676954890	8832012126649	0.232177734375	-0.017486572265625	0.15631103515625	-1.0	
1500676954894	8832032268250	0.2320556640625	-0.017486572265625	0.1561737060546875	-1.0	
1500676954901	8832052409852	0.2320404052734375	-0.0174560546875	0.1560821533203125	-1.0	
1500676954903	8832072551453	0.231964111328125	-0.0174560546875	0.1561737060546875	-1.0	
1500676954910	8832092693055	0.23187255859375	-0.0174560546875	0.1562042236328125	-1.0	
1500676954917	8832112834657	0.231781005859375	-0.017425537109375	0.1563262939453125	-1.0	
1500676954918	8832132976258	0.231719970703125	-0.0174560546875	0.1562347412109375	-1.0	
1500676954920	8832153117860	0.2316436767578125	-0.0174407958984375	0.156280517578125	-1.0	
1500676954923	8832173259461	0.231475830078125	-0.017578125	0.156005859375	-1.0	
1500676954948	8832193401063	0.2312774658203125	-0.0177459716796875	0.15570068359375	-1.0	
1500676954961	8832213542664	0.2311248779296875	-0.0178680419921875	0.155548095703125	-1.0	
1500676954962	8832233684266	0.231048583984375	-0.0179595947265625	0.15533447265625	-1.0	
1500676954969	8832253825868	0.2309722900390625	-0.0180206298828125	0.15484619140625	-1.0	
1500676954971	8832273967469	0.230804443359375	-0.017852783203125	0.154510498046875	-1.0	
1500676954973	8832294109071	0.230682373046875	-0.0177459716796875	0.1540374755859375	-1.0	
1500676954978	8832314250672	0.230743408203125	-0.017730712890625	0.1536407470703125	-1.0	
1500676954979	8832334392274	0.2309722900390625	-0.01763916015625	0.1532745361328125	-1.0	
1500676954987	8832354533875	0.231231689453125	-0.0175018310546875	0.152801513671875	-1.0	
1500676954995	8832374675477	0.23138427734375	-0.0173187255859375	0.1526641845703125	-1.0	
1500676954997	8832394817078	0.231414794921875	-0.016998291015625	0.1526947021484375	-1.0	
1500676955000	8832414958680	0.231292724609375	-0.0166168212890625	0.153045654296875	-1.0	
1500676955009	8832435100282	0.231048583984375	-0.0163726806640625	0.1536102294921875	-1.0	
1500676955016	8832455241883	0.2307586669921875	-0.016265869140625	0.1539306640625	-1.0	
1500676955023	8832475383485	0.23040771484375	-0.016021728515625	0.15380859375	-1.0	
1500676955027	8832495525086	0.230133056640625	-0.0156707763671875	0.15362548828125	-1.0	
1500676955034	8832515666688	0.229827880859375	-0.015289306640625	0.1533050537109375	-1.0	
1500676955036	8832535808289	0.2295684814453125	-0.014862060546875	0.1529388427734375	-1.0	
1500676955037	8832555949891	0.22943115234375	-0.01446533203125	0.1527099609375	-1.0	
1500676955048	8832576091493	0.2294158935546875	-0.0141448974609375	0.1524810791015625	-1.0	
1500676955053	8832596233094	0.2293548583984375	-0.0140533447265625	0.15216064453125	-1.0	
1500676955055	8832616374696	0.2291412353515625	-0.0140838623046875	0.1520843505859375	-1.0	
1500676955058	8832636516297	0.2289581298828125	-0.0141143798828125	0.1519622802734375	-1.0	
1500676955062	8832656657899	0.2288055419921875	-0.014129638671875	0.151763916015625	-1.0	
1500676955070	8832676799500	0.2286529541015625	-0.014129638671875	0.15167236328125	-1.0	
1500676955072	8832696941102	0.22857666015625	-0.01416015625	0.1519317626953125	-1.0	
1500676955077	8832717082703	0.228515625	-0.014190673828125	0.1520843505859375	-1.0	
1500676955083	8832737224305	0.228546142578125	-0.0143280029296875	0.152191162109375	-1.0	
1500676955087	8832757365907	0.2286834716796875	-0.014373779296875	0.15240478515625	-1.0	
1500676955092	8832777507508	0.2287750244140625	-0.0143280029296875	0.15289306640625	-1.0	
1500676955103	8832797649110	0.2287750244140625	-0.014373779296875	0.1535491943359375	-1.0	
1500676955107	8832817790711	0.2288360595703125	-0.0144500732421875	0.1541595458984375	-1.0	
1500676955113	8832837932313	0.228851318359375	-0.0145111083984375	0.15460205078125	-1.0	
1500676955118	8832858073914	0.2287750244140625	-0.0145416259765625	0.154754638671875	-1.0	
1500676955128	8832878215516	0.228729248046875	-0.0146331787109375	0.1550140380859375	-1.0	
1500676955130	8832898357118	0.228546142578125	-0.0147705078125	0.1553497314453125	-1.0	
1500676955140	8832918498719	0.228179931640625	-0.0149993896484375	0.155364990234375	-1.0	
1500676955142	8832938640321	0.22784423828125	-0.01519775390625	0.15545654296875	-1.0	
1500676955146	8832958781922	0.2276458740234375	-0.015167236328125	0.1556854248046875	-1.0	
1500676955153	8832978923524	0.227508544921875	-0.015228271484375	0.1556396484375	-1.0	
1500676955156	8832999065125	0.2274169921875	-0.0153350830078125	0.155670166015625	-1.0	
1500676955163	8833019206727	0.2273712158203125	-0.015411376953125	0.1556243896484375	-1.0	
1500676955164	8833039348328	0.227386474609375	-0.0155792236328125	0.155548095703125	-1.0	
1500676955172	8833059489930	0.22735595703125	-0.015777587890625	0.1557159423828125	-1.0	
1500676955175	8833079631532	0.2274322509765625	-0.01611328125	0.15643310546875	-1.0	
1500676955177	8833099773133	0.2275238037109375	-0.0165252685546875	0.157135009765625	-1.0	
1500676955189	8833119914735	0.227569580078125	-0.0167999267578125	0.1577301025390625	-1.0	
1500676955191	8833140056336	0.2274627685546875	-0.0168609619140625	0.1581878662109375	-1.0	
1500676955200	8833160197938	0.227264404296875	-0.0168914794921875	0.1587982177734375	-1.0	
1500676955207	8833180339539	0.2270050048828125	-0.0170440673828125	0.1592559814453125	-1.0	
1500676955210	8833200481141	0.2268829345703125	-0.0173187255859375	0.15948486328125	-1.0	
1500676955234	8833220622743	0.226959228515625	-0.01751708984375	0.15985107421875	-1.0	
1500676955248	8833240764344	0.227264404296875	-0.0175628662109375	0.160064697265625	-1.0	
1500676955263	8833260905946	0.22760009765625	-0.0173492431640625	0.1607208251953125	-1.0	
1500676955265	8833281047547	0.2279205322265625	-0.0171051025390625	0.161376953125	-1.0	
1500676955272	8833301189149	0.227996826171875	-0.01702880859375	0.16241455078125	-1.0	
1500676955273	8833321330750	0.22784423828125	-0.0171356201171875	0.1630706787109375	-1.0	
1500676955275	8833341472352	0.22772216796875	-0.0173187255859375	0.1634521484375	-1.0	
1500676955287	8833361613953	0.22772216796875	-0.017333984375	0.163909912109375	-1.0	
1500676955289	8833381755555	0.227813720703125	-0.017181396484375	0.1644744873046875	-1.0	
1500676955295	8833401897157	0.2277069091796875	-0.0172119140625	0.1644439697265625	-1.0	
1500676955297	8833422038758	0.2276458740234375	-0.017303466796875	0.1646881103515625	-1.0	
1500676955305	8833442180360	0.2274932861328125	-0.0173492431640625	0.164703369140625	-1.0	
1500676955306	8833462321961	0.22735595703125	-0.0174713134765625	0.164398193359375	-1.0	
1500676955310	8833482463563	0.2272186279296875	-0.0176239013671875	0.16412353515625	-1.0	
1500676955313	8833502605164	0.227081298828125	-0.017669677734375	0.164093017578125	-1.0	
1500676955322	8833522746766	0.2266845703125	-0.0178070068359375	0.163970947265625	-1.0	
1500676955326	8833542888368	0.2262725830078125	-0.018096923828125	0.16357421875	-1.0	
1500676955328	8833563029969	0.2259063720703125	-0.018310546875	0.1630096435546875	-1.0	
1500676955332	8833583171571	0.2255859375	-0.018341064453125	0.1626739501953125	-1.0	
1500676955334	8833603313172	0.225494384765625	-0.01824951171875	0.16259765625	-1.0	
1500676955344	8833623454774	0.2254638671875	-0.0181884765625	0.16241455078125	-1.0	
1500676955352	8833643596375	0.22540283203125	-0.018463134765625	0.1623687744140625	-1.0	
1500676955365	8833663737977	0.225311279296875	-0.019073486328125	0.162384033203125	-1.0	
1500676955370	8833683879578	0.2252044677734375	-0.0197601318359375	0.1627197265625	-1.0	
1500676955379	8833704021180	0.2248992919921875	-0.020233154296875	0.1630859375	-1.0	
1500676955388	8833724162782	0.22467041015625	-0.020538330078125	0.1632080078125	-1.0	
1500676955411	8833744304383	0.2246246337890625	-0.020843505859375	0.1628875732421875	-1.0	
1500676955413	8833764445985	0.2245941162109375	-0.0211029052734375	0.162353515625	-1.0	
1500676955415	8833784587586	0.2244873046875	-0.0212554931640625	0.1617431640625	-1.0	
1500676955419	8833804729188	0.2242584228515625	-0.0212554931640625	0.1612701416015625	-1.0	
1500676955422	8833824870789	0.2242584228515625	-0.0212554931640625	0.160614013671875	-1.0	
1500676955430	8833845012391	0.22442626953125	-0.021209716796875	0.1605224609375	-1.0	
1500676955437	8833865153993	0.2245635986328125	-0.0212249755859375	0.16033935546875	-1.0	
1500676955441	8833885295594	0.224609375	-0.021026611328125	0.1603851318359375	-1.0	
1500676955447	8833905437196	0.2246246337890625	-0.020782470703125	0.1607666015625	-1.0	
1500676955451	8833925578797	0.2244873046875	-0.020721435546875	0.161346435546875	-1.0	
1500676955462	8833945720399	0.2241363525390625	-0.020721435546875	0.1618804931640625	-1.0	
1500676955474	8833965862000	0.223846435546875	-0.0207061767578125	0.162384033203125	-1.0	
1500676955478	8833986003602	0.223663330078125	-0.0206298828125	0.163482666015625	-1.0	
1500676955489	8834006145203	0.22332763671875	-0.0205841064453125	0.1641082763671875	-1.0	
1500676955492	8834026286805	0.2227020263671875	-0.02056884765625	0.16448974609375	-1.0	
1500676955499	8834046428407	0.2219390869140625	-0.0208282470703125	0.16448974609375	-1.0	
1500676955503	8834066570008	0.2212066650390625	-0.02105712890625	0.164215087890625	-1.0	
1500676955508	8834086711610	0.220855712890625	-0.0210723876953125	0.1638641357421875	-1.0	
1500676955518	8834106853211	0.22076416015625	-0.021087646484375	0.163482666015625	-1.0	
1500676955600	8834126994813	0.220855712890625	-0.02105712890625	0.162994384765625	-1.0	
1500676955604	8834147136414	0.220916748046875	-0.0208892822265625	0.162139892578125	-1.0	
1500676955605	8834167278016	0.22100830078125	-0.0208740234375	0.1614227294921875	-1.0	
1500676955607	8834187419618	0.2211151123046875	-0.0210113525390625	0.1606903076171875	-1.0	
1500676955609	8834207561219	0.2212066650390625	-0.021026611328125	0.16015625	-1.0	
1500676955610	8834227702821	0.221282958984375	-0.0208892822265625	0.159698486328125	-1.0	
1500676955614	8834247844422	0.22137451171875	-0.020751953125	0.159423828125	-1.0	
1500676955623	8834267986024	0.2213287353515625	-0.0207366943359375	0.159271240234375	-1.0	
1500676955632	8834288127625	0.2213287353515625	-0.020843505859375	0.159088134765625	-1.0	
1500676955639	8834308269227	0.221466064453125	-0.0210723876953125	0.1588287353515625	-1.0	
1500676955647	8834328410828	0.2218017578125	-0.021148681640625	0.1584930419921875	-1.0	
1500676955654	8834348552430	0.2222137451171875	-0.020965576171875	0.1583709716796875	-1.0	
1500676955860	8834368694032	0.2224578857421875	-0.0208282470703125	0.15838623046875	-1.0	
1500676955864	8834388835633	0.222503662109375	-0.0211944580078125	0.157745361328125	-1.0	
1500676955866	8834408977235	0.2226715087890625	-0.0213623046875	0.157379150390625	-1.0	
1500676955869	8834429118836	0.2229461669921875	-0.021148681640625	0.1573333740234375	-1.0	
1500676955870	8834449260438	0.2233734130859375	-0.0207977294921875	0.15740966796875	-1.0	
1500676955872	8834469402039	0.223846435546875	-0.020599365234375	0.157257080078125	-1.0	
1500676955875	8834489543641	0.2243194580078125	-0.020538330078125	0.1572418212890625	-1.0	
1500676955901	8834509685243	0.224822998046875	-0.020294189453125	0.157318115234375	-1.0	
1500676955918	8834529826844	0.2253265380859375	-0.02001953125	0.1578216552734375	-1.0	
1500676955922	8834549968446	0.225738525390625	-0.019927978515625	0.157928466796875	-1.0	
1500676955930	8834570110047	0.22607421875	-0.0200653076171875	0.157623291015625	-1.0	
1500676955938	8834590251649	0.2264862060546875	-0.0200958251953125	0.15765380859375	-1.0	
1500676955940	8834610393250	0.226776123046875	-0.0198822021484375	0.1580352783203125	-1.0	
1500676955947	8834630534852	0.2269744873046875	-0.01971435546875	0.1582183837890625	-1.0	
1500676955949	8834650676453	0.227294921875	-0.0196685791015625	0.1581268310546875	-1.0	
1500676955956	8834670818055	0.2277374267578125	-0.019378662109375	0.1583251953125	-1.0	
1500676955957	8834690959657	0.22808837890625	-0.0189361572265625	0.1584625244140625	-1.0	
1500676955964	8834711101258	0.2283935546875	-0.0186614990234375	0.1587982177734375	-1.0	
1500676955968	8834731242860	0.228759765625	-0.01849365234375	0.1590423583984375	-1.0	
1500676955977	8834751384461	0.2291717529296875	-0.0181884765625	0.159332275390625	-1.0	
1500676955986	8834771526063	0.229522705078125	-0.0178680419921875	0.1595458984375	-1.0	
1500676955988	8834791667664	0.229736328125	-0.017852783203125	0.1597442626953125	-1.0	
1500676956001	8834811809266	0.2297515869140625	-0.0180206298828125	0.1598968505859375	-1.0	
1500676956003	8834831950868	0.229766845703125	-0.0183258056640625	0.1600494384765625	-1.0	
1500676956010	8834852092469	0.2297515869140625	-0.0185394287109375	0.1602935791015625	-1.0	
1500676956012	8834872234071	0.22967529296875	-0.01861572265625	0.1605072021484375	-1.0	
1500676956015	8834892375672	0.2294769287109375	-0.0186920166015625	0.1604156494140625	-1.0	
1500676956019	8834912517274	0.2290802001953125	-0.0188751220703125	0.159912109375	-1.0	
1500676956021	8834932658875	0.228729248046875	-0.019195556640625	0.159393310546875	-1.0	
1500676956034	8834952800477	0.2284698486328125	-0.019378662109375	0.1588592529296875	-1.0	
1500676956036	8834972942078	0.2282562255859375	-0.01953125	0.158111572265625	-1.0	
1500676956039	8834993083680	0.2281494140625	-0.0196075439453125	0.1573486328125	-1.0	
1500676956040	8835013225282	0.228240966796875	-0.0196685791015625	0.15667724609375	-1.0	
1500676956047	8835033366883	0.2283477783203125	-0.019622802734375	0.1560211181640625	-1.0	
1500676956056	8835053508485	0.228363037109375	-0.0194549560546875	0.1555328369140625	-1.0	
1500676956064	8835073650086	0.2283935546875	-0.0194549560546875	0.15557861328125	-1.0	
1500676956072	8835093791688	0.228363037109375	-0.0196380615234375	0.1553802490234375	-1.0	
1500676956080	8835113933289	0.22821044921875	-0.0195465087890625	0.1553955078125	-1.0	
1500676956106	8835134074891	0.2280120849609375	-0.0194244384765625	0.1555328369140625	-1.0	
1500676956107	8835154216493	0.2279052734375	-0.0193634033203125	0.155670166015625	-1.0	
1500676956120	8835174358094	0.2278594970703125	-0.0193939208984375	0.1557464599609375	-1.0	
1500676956121	8835194499696	0.2279205322265625	-0.0194549560546875	0.1557464599609375	-1.0	
1500676956126	8835214641297	0.227996826171875	-0.0195465087890625	0.15557861328125	-1.0	
1500676956142	8835234782899	0.2281494140625	-0.0196075439453125	0.1553802490234375	-1.0	
1500676956180	8835254924500	0.2281646728515625	-0.01971435546875	0.154937744140625	-1.0	
1500676956183	8835275066102	0.22802734375	-0.0198822021484375	0.1544952392578125	-1.0	
1500676956187	8835295207703	0.22796630859375	-0.01995849609375	0.1541595458984375	-1.0	
1500676956189	8835315349305	0.2279205322265625	-0.0198974609375	0.15386962890625	-1.0	
1500676956191	8835335490907	0.227783203125	-0.01971435546875	0.1537933349609375	-1.0	
1500676956198	8835355632508	0.2276763916015625	-0.0196533203125	0.15380859375	-1.0	
1500676956207	8835375774110	0.2275848388671875	-0.0196685791015625	0.1537628173828125	-1.0	
1500676956215	8835395915711	0.2274169921875	-0.019683837890625	0.1537322998046875	-1.0	
1500676956223	8835416057313	0.22723388671875	-0.01971435546875	0.1536712646484375	-1.0	
1500676956226	8835436198914	0.227203369140625	-0.019683837890625	0.153717041015625	-1.0	
1500676956235	8835456340516	0.22735595703125	-0.0196380615234375	0.15386962890625	-1.0	
1500676956237	8835476482118	0.2274932861328125	-0.019500732421875	0.154022216796875	-1.0	
1500676956239	8835496623719	0.2275238037109375	-0.01947021484375	0.1540374755859375	-1.0	
1500676956252	8835516765321	0.227569580078125	-0.01947021484375	0.15411376953125	-1.0	
1500676956255	8835536906922	0.2275390625	-0.019500732421875	0.1541900634765625	-1.0	
1500676956258	8835557048524	0.2274017333984375	-0.019500732421875	0.1543731689453125	-1.0	
1500676956262	8835577190125	0.2273101806640625	-0.0195465087890625	0.1544189453125	-1.0	
1500676956264	8835597331727	0.2271575927734375	-0.01959228515625	0.1545257568359375	-1.0	
1500676956271	8835617473328	0.226837158203125	-0.01971435546875	0.1544647216796875	-1.0	
1500676956273	8835637614930	0.226409912109375	-0.0200653076171875	0.1543121337890625	-1.0	
1500676956276	8835657756532	0.22576904296875	-0.020416259765625	0.153656005859375	-1.0	
1500676956312	8835677898133	0.22509765625	-0.02056884765625	0.152862548828125	-1.0	
1500676956314	8835698039735	0.2243194580078125	-0.020477294921875	0.1517791748046875	-1.0	
1500676956350	8835718181336	0.2234649658203125	-0.02044677734375	0.1507720947265625	-1.0	
1500676956354	8835738322938	0.222625732421875	-0.0206756591796875	0.1498565673828125	-1.0	
1500676956364	8835758464539	0.2217864990234375	-0.0210723876953125	0.148895263671875	-1.0	
1500676956379	8835778606141	0.2209014892578125	-0.021209716796875	0.1478729248046875	-1.0	
1500676956462	8835798747743	0.220306396484375	-0.021240234375	0.1465911865234375	-1.0	
1500676956464	8835818889344	0.2201385498046875	-0.0211029052734375	0.14532470703125	-1.0	
1500676956466	8835839030946	0.2202911376953125	-0.0207977294921875	0.1444854736328125	-1.0	
1500676956469	8835859172547	0.22052001953125	-0.020538330078125	0.143585205078125	-1.0	
1500676956486	8835879314149	0.220611572265625	-0.0204010009765625	0.143035888671875	-1.0	
1500676956502	8835899455750	0.2206268310546875	-0.02044677734375	0.142486572265625	-1.0	
1500676956519	8835919597352	0.2206268310546875	-0.02044677734375	0.1418914794921875	-1.0	
1500676956557	8835939738953	0.2206878662109375	-0.020172119140625	0.141754150390625	-1.0	
1500676956572	8835959880555	0.220794677734375	-0.020050048828125	0.1416168212890625	-1.0	
1500676956590	8835980022157	0.2208404541015625	-0.020050048828125	0.1417083740234375	-1.0	
1500676956615	8836000163758	0.2208251953125	-0.020172119140625	0.1416778564453125	-1.0	
1500676956627	8836020305360	0.22088623046875	-0.0202484130859375	0.1414947509765625	-1.0	
1500676956649	8836040446961	0.221160888671875	-0.0200958251953125	0.141845703125	-1.0	
1500676956661	8836060588563	0.2215576171875	-0.0199432373046875	0.1426544189453125	-1.0	
1500676956708	8836080730164	0.221771240234375	-0.0198974609375	0.1433258056640625	-1.0	
1500676956714	8836100871766	0.2218170166015625	-0.020050048828125	0.143280029296875	-1.0	
1500676956731	8836121013368	0.221893310546875	-0.0200042724609375	0.143280029296875	-1.0	
1500676956749	8836141154969	0.22198486328125	-0.019805908203125	0.1432037353515625	-1.0	
1500676956772	8836161296571	0.2220458984375	-0.019622802734375	0.1431427001953125	-1.0	
1500676956784	8836181438172	0.2220001220703125	-0.01953125	0.1433563232421875	-1.0	
1500676956801	8836201579774	0.22174072265625	-0.0195159912109375	0.143890380859375	-1.0	
1500676956836	8836221721375	0.221221923828125	-0.0199432373046875	0.144439697265625	-1.0	
1500676956854	8836241862977	0.2207183837890625	-0.021636962890625	0.143951416015625	-1.0	
1500676956872	8836262004578	0.220428466796875	-0.023681640625	0.1424102783203125	-1.0	
1500676956889	8836282146180	0.2201080322265625	-0.02337646484375	0.141021728515625	-1.0	
1500676956907	8836302287782	0.2196197509765625	-0.0198211669921875	0.1404266357421875	-1.0	
1500676956925	8836322429383	0.2187347412109375	-0.01690673828125	0.1401519775390625	-1.0	
1500676956942	8836342570985	0.2168426513671875	-0.0187835693359375	0.1387786865234375	-1.0	
1500676956978	8836362712586	0.21307373046875	-0.0262603759765625	0.1356048583984375	-1.0	
1500676956995	8836382854188	0.2071685791015625	-0.035400390625	0.132293701171875	-1.0	
1500676957013	8836402995789	0.20257568359375	-0.0410308837890625	0.1301116943359375	-1.0	
1500676957030	8836423137391	0.2016448974609375	-0.04071044921875	0.1290283203125	-1.0	
1500676957048	8836443278993	0.20404052734375	-0.0362091064453125	0.1282196044921875	-1.0	
1500676957066	8836463420594	0.207855224609375	-0.0310211181640625	0.127197265625	-1.0	
1500676957083	8836483562196	0.2117156982421875	-0.0270233154296875	0.1258087158203125	-1.0	
1500676957119	8836503703797	0.2148590087890625	-0.0235595703125	0.124420166015625	-1.0	
1500676957137	8836523845399	0.2166290283203125	-0.019805908203125	0.124237060546875	-1.0	
1500676957154	8836543987000	0.2170562744140625	-0.0169677734375	0.124603271484375	-1.0	
1500676957202	8836564128602	0.2161102294921875	-0.01519775390625	0.12469482421875	-1.0	
1500676957203	8836584270203	0.2142486572265625	-0.013336181640625	0.124786376953125	-1.0	
1500676957207	8836604411805	0.21240234375	-0.0106353759765625	0.1252899169921875	-1.0	
1500676957225	8836624553407	0.2115325927734375	-0.0068511962890625	0.126068115234375	-1.0	
1500676957260	8836644695008	0.2118072509765625	-0.0024566650390625	0.1269683837890625	-1.0	
1500676957277	8836664836610	0.2121429443359375	0.00140380859375	0.12890625	-1.0	
1500676957380	8836684978211	0.2114715576171875	0.003875732421875	0.1309967041015625	-1.0	
1500676957410	8836705119813	0.2093505859375	0.004791259765625	0.1328277587890625	-1.0	
1500676957412	8836725261414	0.206024169921875	0.004150390625	0.1340179443359375	-1.0	
1500676957413	8836745403016	0.20220947265625	0.0028533935546875	0.134124755859375	-1.0	
1500676957415	8836765544618	0.19903564453125	0.002838134765625	0.1340789794921875	-1.0	
1500676957417	8836785686219	0.19769287109375	0.00537109375	0.134033203125	-1.0	
1500676957420	8836805827821	0.198394775390625	0.0097198486328125	0.134063720703125	-1.0	
1500676957436	8836825969422	0.2001495361328125	0.013580322265625	0.1342926025390625	-1.0	
1500676957454	8836846111024	0.20196533203125	0.0167388916015625	0.1344757080078125	-1.0	
1500676957471	8836866252625	0.203216552734375	0.0197296142578125	0.135040283203125	-1.0	
1500676957490	8836886394227	0.203948974609375	0.0224609375	0.1361541748046875	-1.0	
1500676957508	8836906535828	0.2044677734375	0.0249786376953125	0.1375579833984375	-1.0	
1500676957543	8836926677430	0.20489501953125	0.0272369384765625	0.1392059326171875	-1.0	
1500676957560	8836946819032	0.205780029296875	0.0289764404296875	0.1400299072265625	-1.0	
1500676957577	8836966960633	0.2071990966796875	0.0308837890625	0.140716552734375	-1.0	
1500676957596	8836987102235	0.208831787109375	0.033660888671875	0.1414642333984375	-1.0	
1500676957622	8837007243836	0.2107696533203125	0.0366363525390625	0.1425628662109375	-1.0	
1500676957642	8837027385438	0.21270751953125	0.0398101806640625	0.1436920166015625	-1.0	
1500676957647	8837047527039	0.2141265869140625	0.0441741943359375	0.145050048828125	-1.0	
1500676957682	8837067668641	0.215057373046875	0.048828125	0.1466827392578125	-1.0	
1500676957701	8837087810243	0.21533203125	0.0525970458984375	0.1479644775390625	-1.0	
1500676957854	8837107951844	0.214874267578125	0.0558929443359375	0.1489410400390625	-1.0	
1500676957856	8837128093446	0.2136993408203125	0.0588226318359375	0.14947509765625	-1.0	
1500676957858	8837148235047	0.2122802734375	0.061859130859375	0.14984130859375	-1.0	
1500676957860	8837168376649	0.2113494873046875	0.064849853515625	0.15057373046875	-1.0	
1500676957867	8837188518250	0.2113800048828125	0.066497802734375	0.15087890625	-1.0	
1500676957869	8837208659852	0.212371826171875	0.0672607421875	0.150299072265625	-1.0	
1500676957871	8837228801453	0.21405029296875	0.0688323974609375	0.148956298828125	-1.0	
1500676957874	8837248943055	0.2156982421875	0.07220458984375	0.1479644775390625	-1.0	
1500676957878	8837269084657	0.217498779296875	0.07635498046875	0.1469268798828125	-1.0	
1500676957894	8837289226258	0.219451904296875	0.080413818359375	0.146026611328125	-1.0	
1500676957912	8837309367860	0.2209930419921875	0.0836944580078125	0.1453094482421875	-1.0	
1500676957930	8837329509461	0.2216644287109375	0.08575439453125	0.14459228515625	-1.0	
1500676957965	8837349651063	0.2215423583984375	0.086456298828125	0.1441650390625	-1.0	
1500676957983	8837369792664	0.2208404541015625	0.0861968994140625	0.1436767578125	-1.0	
1500676957999	8837389934266	0.220062255859375	0.085662841796875	0.1431732177734375	-1.0	
1500676958017	8837410075868	0.21929931640625	0.0852203369140625	0.142974853515625	-1.0	
1500676958035	8837430217469	0.218994140625	0.0849761962890625	0.1426544189453125	-1.0	
1500676958053	8837450359071	0.2191925048828125	0.0849151611328125	0.1421051025390625	-1.0	
1500676958090	8837470500672	0.21954345703125	0.0853729248046875	0.1414642333984375	-1.0	
1500676958106	8837490642274	0.21923828125	0.0869598388671875	0.1410675048828125	-1.0	
1500676958124	8837510783875	0.218597412109375	0.0876312255859375	0.1406097412109375	-1.0	
1500676958178	8837530925477	0.217681884765625	0.0870208740234375	0.1402435302734375	-1.0	
1500676958179	8837551067078	0.2168731689453125	0.0857391357421875	0.13922119140625	-1.0	
1500676958198	8837571208680	0.2169647216796875	0.08441162109375	0.137969970703125	-1.0	
1500676958217	8837591350282	0.21746826171875	0.08331298828125	0.137176513671875	-1.0	
1500676958219	8837611491883	0.217987060546875	0.0823822021484375	0.136627197265625	-1.0	
1500676958266	8837631633485	0.2187042236328125	0.081085205078125	0.135833740234375	-1.0	
1500676958281	8837651775086	0.219329833984375	0.0786285400390625	0.135040283203125	-1.0	
1500676958283	8837671916688	0.2194976806640625	0.0749359130859375	0.134368896484375	-1.0	
1500676958311	8837692058289	0.2191162109375	0.069915771484375	0.133697509765625	-1.0	
