1504195512740	812090523103	6.0	-33.0	-6.0	95.0	
1504195512760	812110664705	6.0	-33.0	-6.0	95.0	
1504195512777	812130806306	6.0	-33.0	-6.0	95.0	
1504195512794	812150947908	6.0	-33.0	-6.0	95.0	
1504195512811	812171089510	6.0	-33.0	-6.0	95.0	
1504195512828	812191231111	6.0	-33.0	-5.2612457275390625	95.0	
1504195512848	812211372713	6.0	-33.0	-5.0	95.0	
1504195512883	812231514314	6.0	-33.0	-5.0	95.0	
1504195512899	812251655916	6.0	-33.0	-5.16607666015625	95.0	
1504195512916	812271797517	6.0	-33.0	-6.0	95.0	
1504195512934	812291939119	6.0	-33.0	-6.0	95.0	
1504195512953	812312080720	6.0	-33.0	-5.406585693359375	95.0	
1504195512969	812332222322	6.0	-33.0	-5.0	95.0	
1504195512988	812352363924	6.0	-33.0	-5.0	95.0	
1504195513023	812372505525	6.0	-33.0	-5.0	95.0	
1504195513040	812392647127	6.0	-33.0	-5.0	95.0	
1504195513058	812412788728	6.0	-32.69378662109375	-5.0	95.0	
1504195513074	812432930330	6.0	-32.0	-5.448089599609375	95.0	
1504195513091	812453071931	6.0	-32.0	-6.0	95.0	
1504195513111	812473213533	6.0	-32.0	-6.0	95.0	
1504195513128	812493355135	6.0	-32.87542724609375	-6.0	95.0	
1504195513164	812513496736	6.0	-33.0	-5.0	95.0	
1504195513185	812533638338	6.0	-33.0	-5.0	95.0	
1504195513198	812553779939	6.0	-33.0	-5.302764892578125	95.0	
1504195513217	812573921541	6.0	-33.0	-6.0	95.0	
1504195513233	812594063142	6.0	-33.0	-6.0	95.0	
1504195513252	812614204744	6.0	-33.0	-6.0	95.0	
1504195513270	812634346345	6.0	-33.0	-6.0	95.0	
1504195513304	812654487947	5.0	-33.0	-6.0	95.0	
1504195513322	812674629549	5.1576995849609375	-33.0	-6.0	95.0	
1504195513339	812694771150	6.0	-33.0	-5.698974609375	95.0	
1504195513357	812714912752	6.0	-33.0	-5.0	95.0	
1504195513377	812735054353	6.0	-33.0	-5.0	95.0	
1504195513393	812755195955	6.0	-33.0	-5.0	95.0	
1504195513416	812775337556	6.0	-33.0	-4.1297607421875	95.0	
1504195513445	812795479158	6.0	-33.0	-4.0	95.0	
1504195513463	812815620760	6.0	-33.0	-4.0	95.0	
1504195513479	812835762361	6.0	-33.0	-4.0	95.0	
1504195513497	812855903963	6.0	-33.0	-4.0	95.0	
1504195513515	812876045564	6.0	-33.0	-3.416961669921875	95.0	
1504195513533	812896187166	6.0	-33.0	-3.0	95.0	
1504195513551	812916328767	6.0	-33.0	-3.0	95.0	
1504195513586	812936470369	6.0	-33.0	-3.0	95.0	
1504195513603	812956611970	6.0	-33.0	-3.0	95.0	
1504195513620	812976753572	6.0	-33.0	-3.0	95.0	
1504195513640	812996895174	6.0	-33.0	-3.0	95.0	
1504195513658	813017036775	6.0	-33.0	-3.0	95.0	
1504195513675	813037178377	6.0	-33.0	-3.0	95.0	
1504195513693	813057319978	6.0	-33.0	-3.0	95.0	
1504195513727	813077461580	6.0	-33.0	-3.0	95.0	
1504195513744	813097603181	6.0	-33.0	-3.0	95.0	
1504195513762	813117744783	6.0	-33.0	-3.0	95.0	
1504195513780	813137886385	6.0	-33.0	-3.0	95.0	
1504195513799	813158027986	6.0	-33.0	-3.0	95.0	
1504195513816	813178169588	6.0	-33.0	-3.0	95.0	
1504195513833	813198311189	6.0	-33.0	-3.0	95.0	
1504195513869	813218452791	6.0	-33.0	-3.0	95.0	
1504195513885	813238594392	6.0	-33.0	-3.0	95.0	
1504195513903	813258735994	6.0	-33.0	-3.0	95.0	
1504195513920	813278877595	6.0	-33.0	-3.0	95.0	
1504195513939	813299019197	6.0	-33.0	-3.0	95.0	
1504195513957	813319160799	6.0	-33.0	-3.0	95.0	
1504195513974	813339302400	6.0	-33.0	-3.0	95.0	
1504195514009	813359444002	6.0	-33.0	-3.0	95.0	
1504195514026	813379585603	6.0	-33.0	-3.0	95.0	
1504195514044	813399727205	6.0	-33.0	-3.0	95.0	
1504195514063	813419868806	6.0	-33.42906188964844	-3.0	95.0	
1504195514080	813440010408	6.0	-34.0	-3.0	95.0	
1504195514097	813460152010	6.0	-34.0	-3.0	95.0	
1504195514117	813480293611	6.0	-34.0	-3.0	95.0	
1504195514131	813500435213	6.0	-34.0	-3.0	95.0	
1504195514168	813520576814	6.0	-34.0	-3.0	95.0	
1504195514185	813540718416	6.0	-34.0	-3.0	95.0	
1504195514211	813560860017	6.0	-34.0	-3.0	95.0	
1504195514221	813581001619	6.0	-34.0	-3.0	95.0	
1504195514237	813601143220	6.0	-34.0	-3.0	95.0	
1504195514255	813621284822	6.0	-34.0	-2.1453399658203125	95.0	
1504195514272	813641426424	6.0	-34.0	-2.0	95.0	
1504195514308	813661568025	6.0	-34.0	-2.0	95.0	
1504195514328	813681709627	6.0	-34.0	-2.0	95.0	
1504195514344	813701851228	6.0	-34.0	-2.0	95.0	
1504195514361	813721992830	6.0	-34.0	-2.0	95.0	
1504195514381	813742134431	6.0	-34.0	-2.0	95.0	
1504195514397	813762276033	6.0	-34.0	-2.0	95.0	
1504195514412	813782417635	6.0	-34.0	-2.0	95.0	
1504195514450	813802559236	6.0	-34.0	-2.0	95.0	
1504195514467	813822700838	6.0	-34.0	-2.0	95.0	
1504195514485	813842842439	6.0	-34.0	-2.0	95.0	
1504195514502	813862984041	6.0	-34.0	-2.0	95.0	
1504195514520	813883125642	6.0	-34.0	-2.0	95.0	
1504195514540	813903267244	6.0	-34.0	-2.0	95.0	
1504195514554	813923408845	6.0	-34.0	-2.0	95.0	
1504195514590	813943550447	6.0	-34.0	-2.0	95.0	
1504195514609	813963692049	6.0	-34.0	-2.0	95.0	
1504195514625	813983833650	6.0	-34.0	-2.0	95.0	
1504195514642	814003975252	6.0	-34.0	-2.0	95.0	
1504195514661	814024116853	6.0	-34.0	-2.0	95.0	
1504195514678	814044258455	6.0	-34.0	-2.0	95.0	
1504195514696	814064400056	6.987884521484375	-34.0	-2.0	95.0	
1504195514731	814084541658	7.0	-34.0	-2.0	95.0	
1504195514749	814104683260	7.0	-34.0	-2.0	95.0	
1504195514767	814124824861	7.0	-34.41593933105469	-2.0	95.0	
1504195514785	814144966463	7.0	-35.0	-2.0	95.0	
1504195514803	814165108064	7.0	-35.0	-2.0	95.0	
1504195514820	814185249666	7.0	-35.0	-2.0	95.0	
1504195514836	814205391267	6.01385498046875	-35.0	-2.0	95.0	
1504195514872	814225532869	7.0	-35.0	-2.0	95.0	
1504195514889	814245674470	7.0	-35.0	-2.0	95.0	
1504195514906	814265816072	7.0	-35.0	-2.0	95.0	
1504195514927	814285957674	7.0	-35.0	-1.44464111328125	95.0	
1504195514941	814306099275	7.0	-35.0	-1.0	95.0	
1504195514961	814326240877	7.0	-35.0	-1.0	95.0	
1504195514977	814346382478	7.0	-35.0	-1.982696533203125	95.0	
1504195515013	814366524080	7.0	-35.0	-2.0	95.0	
1504195515030	814386665681	7.0	-35.0	-2.0	95.0	
1504195515048	814406807283	7.0	-35.0	-2.0	95.0	
1504195515067	814426948885	7.0	-35.0	-2.0	95.0	
1504195515084	814447090486	7.0	-35.0	-2.0	95.0	
1504195515101	814467232088	7.0	-35.0	-2.0	95.0	
1504195515118	814487373689	7.0	-35.0	-2.0	95.0	
1504195515155	814507515291	7.0	-35.0	-2.0	95.0	
1504195515173	814527656892	7.0	-35.0	-2.0	95.0	
1504195515189	814547798494	7.0	-35.0	-2.0	95.0	
1504195515206	814567940095	7.0	-35.0	-2.0	95.0	
1504195515226	814588081697	7.0	-35.0	-2.0	95.0	
1504195515243	814608223299	6.16436767578125	-35.0	-2.0	95.0	
1504195515258	814628364900	6.0	-35.0	-1.022491455078125	95.0	
1504195515295	814648506502	6.0	-35.12109375	-0.87890625	95.0	
1504195515312	814668648103	6.0	-36.0	0.0	95.0	
1504195515332	814688789705	6.0	-36.0	0.0	95.0	
1504195515348	814708931306	6.0	-36.0	0.548431396484375	95.0	
1504195515366	814729072908	6.0	-36.0	1.0	95.0	
1504195515385	814749214510	6.0	-36.83216857910156	1.0	95.0	
1504195515400	814769356111	6.0	-37.0	1.9757232666015625	95.0	
1504195515436	814789497713	6.0	-37.0	2.0	95.0	
1504195515454	814809639314	6.0	-37.0	2.0	95.0	
1504195515471	814829780916	6.0	-37.0	2.403106689453125	95.0	
1504195515488	814849922517	5.4550323486328125	-37.54496765136719	3.0	95.0	
1504195515507	814870064119	5.6880340576171875	-38.0	3.6880340576171875	95.0	
1504195515524	814890205720	6.0	-38.0	4.0	95.0	
1504195515543	814910347322	6.0	-38.97230529785156	4.9723052978515625	95.0	
1504195515583	814930488924	6.0	-39.1143798828125	6.1143798828125	95.0	
1504195515596	814950630525	6.0	-40.0	7.0	95.0	
1504195515613	814970772127	6.0	-40.0	7.0	95.0	
1504195515629	814990913728	6.0	-40.0	7.542449951171875	95.0	
1504195515648	815011055330	6.0	-40.0	8.0	95.0	
1504195515668	815031196931	6.0	-40.0	8.0	95.0	
1504195515682	815051338533	6.0	-40.0	8.0	95.0	
1504195515717	815071480135	6.0	-40.0	8.0	95.0	
1504195515735	815091621736	6.0	-40.0	8.0	95.0	
1504195515755	815111763338	6.0	-40.0	8.0	95.0	
1504195515770	815131904939	6.0	-40.0	8.0	95.0	
1504195515788	815152046541	6.0	-40.0	8.0	95.0	
1504195515807	815172188142	6.0	-39.175048828125	8.0	95.0	
1504195515824	815192329744	5.0328826904296875	-39.0	8.0	95.0	
1504195515859	815212471345	5.0	-39.10917663574219	7.1091766357421875	95.0	
1504195515881	815232612947	5.0	-40.0	8.0	95.0	
1504195515897	815252754549	5.0	-40.0	8.0	95.0	
1504195515911	815272896150	5.0	-40.0	7.4627532958984375	95.0	
1504195515931	815293037752	5.0	-40.0	7.0	95.0	
1504195515948	815313179353	5.0	-40.0	6.1782073974609375	95.0	
1504195515966	815333320955	5.0	-40.0	6.0	95.0	
1504195516000	815353462556	5.0	-39.0	6.0	95.0	
1504195516019	815373604158	5.0	-39.0	6.0	95.0	
1504195516036	815393745760	5.0	-39.0	6.0	95.0	
1504195516053	815413887361	5.0	-39.0	6.0	95.0	
1504195516073	815434028963	5.0	-39.0	6.0	95.0	
1504195516090	815454170564	5.0	-39.0	5.1802520751953125	95.0	
1504195516107	815474312166	5.0	-39.0	5.0	95.0	
1504195516143	815494453767	5.0	-39.0	5.0	95.0	
1504195516159	815514595369	5.0	-39.0	5.0	95.0	
1504195516178	815534736970	5.0	-39.0	5.0	95.0	
1504195516195	815554878572	5.0	-39.0	5.0	95.0	
1504195516213	815575020174	5.0	-39.0	5.0	95.0	
1504195516230	815595161775	5.0	-39.0	5.0	95.0	
1504195516248	815615303377	5.0	-39.0	5.0	95.0	
1504195516283	815635444978	5.0	-39.0	5.0	95.0	
1504195516301	815655586580	5.0	-38.75605773925781	4.7560577392578125	95.0	
1504195516318	815675728181	5.0	-38.0	4.0	95.0	
1504195516336	815695869783	5.0	-38.0	4.0	95.0	
1504195516354	815716011385	5.0	-38.0	4.0	95.0	
1504195516372	815736152986	5.0	-38.0	4.0	95.0	
1504195516388	815756294588	5.0	-38.0	4.0	95.0	
1504195516423	815776436189	5.0	-37.901397705078125	4.0	95.0	
1504195516442	815796577791	5.0	-37.0	3.7591094970703125	95.0	
1504195516458	815816719392	5.0	-37.0	3.0	95.0	
1504195516475	815836860994	5.0	-37.0	3.0	95.0	
1504195516494	815857002595	5.0	-36.331024169921875	2.331024169921875	95.0	
1504195516511	815877144197	5.0	-36.0	2.0	95.0	
1504195516528	815897285799	5.0	-36.0	2.0	95.0	
1504195516564	815917427400	5.0	-36.0	2.0	95.0	
1504195516582	815937569002	5.0	-36.0	2.0	95.0	
1504195516601	815957710603	5.0	-36.0	2.0	95.0	
1504195516617	815977852205	5.0	-36.0	2.0	95.0	
1504195516635	815997993806	5.0	-36.0	2.0	95.0	
1504195516655	816018135408	5.0	-36.0	2.0	95.0	
1504195516670	816038277010	5.0	-36.0	2.0	95.0	
1504195516706	816058418611	5.093414306640625	-36.0	2.0	95.0	
1504195516723	816078560213	6.0	-36.0	2.0	95.0	
1504195516741	816098701814	6.0	-36.0	2.0	95.0	
1504195516757	816118843416	6.0	-36.0	1.479248046875	95.0	
1504195516776	816138985017	6.0	-36.0	1.0	95.0	
1504195516793	816159126619	6.0	-36.0	1.0	95.0	
1504195516811	816179268220	6.0	-36.0	1.0	95.0	
1504195516847	816199409822	6.0	-36.0	1.0	95.0	
1504195516865	816219551424	6.0	-36.0	1.0	95.0	
1504195516881	816239693025	6.0	-36.0	1.0	95.0	
1504195516898	816259834627	6.0	-36.0	1.0	95.0	
1504195516918	816279976228	6.0	-36.0	1.0	95.0	
1504195516935	816300117830	6.0	-36.0	1.0	95.0	
1504195516953	816320259431	6.0	-36.0	1.0	95.0	
1504195516988	816340401033	6.0	-36.0	1.0	95.0	
1504195517005	816360542635	6.0	-36.0	1.0	95.0	
1504195517025	816380684236	6.0	-36.0	1.0	95.0	
1504195517040	816400825838	6.0	-35.48443603515625	1.0	95.0	
1504195517058	816420967439	6.0	-35.0	1.0	95.0	
1504195517077	816441109041	6.0	-35.0	0.198974609375	95.0	
1504195517093	816461250642	6.0	-35.0	0.0	95.0	
1504195517127	816481392244	7.0	-35.0	0.0	95.0	
1504195517145	816501533845	7.0	-35.0	0.0	95.0	
1504195517163	816521675447	7.0	-35.0	0.0	95.0	
1504195517180	816541817049	7.0	-35.0	0.0	95.0	
1504195517198	816561958650	7.0	-35.0	0.0	95.0	
1504195517216	816582100252	7.0	-35.0	0.0	95.0	
1504195517235	816602241853	7.0	-35.0	0.0	95.0	
1504195517269	816622383455	7.0	-35.0	-0.083038330078125	95.0	
1504195517289	816642525056	7.0	-35.0	-1.0	95.0	
1504195517305	816662666658	7.0	-35.0	-1.0	95.0	
1504195517322	816682808260	7.0	-35.0	-1.0	95.0	
1504195517341	816702949861	7.0	-35.0	-1.0	95.0	
1504195517357	816723091463	7.0	-35.0	-1.0	95.0	
1504195517375	816743233064	7.0	-34.062286376953125	-1.937713623046875	95.0	
1504195517411	816763374666	7.0	-34.0	-2.0	95.0	
1504195517428	816783516267	6.776824951171875	-34.0	-2.0	95.0	
1504195517448	816803657869	6.0	-34.0	-2.0	95.0	
1504195517464	816823799470	6.5077972412109375	-34.0	-2.0	95.0	
1504195517481	816843941072	7.0	-34.0	-2.0	95.0	
1504195517500	816864082674	7.0	-34.0	-2.0	95.0	
1504195517516	816884224275	7.0	-34.0	-2.0	95.0	
1504195517551	816904365877	6.922149658203125	-34.0	-2.0	95.0	
1504195517569	816924507478	6.0	-34.0	-2.0	95.0	
1504195517586	816944649080	6.0	-34.0	-2.0	95.0	
1504195517604	816964790681	6.0	-34.0	-2.0	95.0	
1504195517622	816984932283	6.0	-34.0	-2.0	95.0	
1504195517641	817005073885	6.0	-34.0	-2.0	95.0	
1504195517659	817025215486	6.0	-34.0	-2.0	95.0	
1504195517693	817045357088	6.0	-34.0	-2.0745086669921875	95.0	
1504195517712	817065498689	6.0	-34.0	-3.0	95.0	
1504195517727	817085640291	6.0	-34.0	-3.0	95.0	
1504195517747	817105781892	6.0	-34.0	-3.0	95.0	
1504195517766	817125923494	6.6446990966796875	-34.0	-3.0	95.0	
1504195517780	817146065095	7.0	-34.0	-3.0	95.0	
1504195517798	817166206697	6.0709381103515625	-34.0	-3.0	95.0	
1504195517833	817186348299	6.0	-34.0	-3.0	95.0	
1504195517857	817206489900	6.0	-34.0	-3.0	95.0	
1504195517868	817226631502	6.0	-34.0	-3.0	95.0	
1504195517886	817246773103	6.0	-34.0	-3.0	95.0	
1504195517902	817266914705	6.0	-34.0	-3.0	95.0	
1504195517923	817287056306	6.0	-34.0	-3.0	95.0	
1504195517938	817307197908	6.0	-34.0	-3.0	95.0	
1504195517975	817327339510	6.0	-34.0	-2.0	95.0	
1504195517993	817347481111	6.0	-34.0	-2.0	95.0	
1504195518010	817367622713	6.0	-34.0	-2.0	95.0	
1504195518029	817387764314	6.0	-34.0	-2.0	95.0	
1504195518046	817407905916	6.0	-34.0	-2.0	95.0	
1504195518062	817428047517	6.0	-34.0	-2.0	95.0	
1504195518081	817448189119	6.0	-34.0	-2.0	95.0	
1504195518117	817468330720	6.0	-34.0	-2.0	95.0	
1504195518133	817488472322	6.0	-34.0	-2.0	95.0	
1504195518151	817508613924	6.0	-34.0	-2.0	95.0	
1504195518168	817528755525	6.0	-34.0	-2.0	95.0	
1504195518187	817548897127	6.0	-34.0	-2.0	95.0	
1504195518203	817569038728	6.0	-34.0	-2.0	95.0	
1504195518221	817589180330	6.0	-34.0	-2.0	95.0	
1504195518256	817609321931	7.0	-34.0	-2.0	95.0	
1504195518274	817629463533	7.0	-34.0	-2.0	95.0	
1504195518293	817649605135	7.0	-34.0	-2.0	95.0	
1504195518309	817669746736	7.0	-34.0	-2.0	95.0	
1504195518326	817689888338	7.0	-34.0	-2.0	95.0	
1504195518346	817710029939	7.0	-34.0	-2.0	95.0	
1504195518362	817730171541	7.0	-34.0	-2.0	95.0	
1504195518397	817750313142	7.0	-34.0	-2.0	95.0	
1504195518416	817770454744	7.0	-34.0	-2.0	95.0	
1504195518432	817790596345	7.0	-33.65399169921875	-2.0	95.0	
1504195518456	817810737947	7.0	-33.0	-2.0	95.0	
1504195518471	817830879549	7.0	-32.36851501464844	-2.0	95.0	
1504195518485	817851021150	7.773345947265625	-32.0	-2.0	95.0	
1504195518503	817871162752	8.0	-32.0	-1.08319091796875	95.0	
1504195518539	817891304353	9.0	-32.0	-1.0	95.0	
1504195518564	817911445955	9.0	-32.0	-1.0	95.0	
1504195518573	817931587556	9.0	-32.0	-1.3442840576171875	95.0	
1504195518591	817951729158	9.0	-32.0	-2.0	95.0	
1504195518607	817971870760	9.0	-32.0	-2.0	95.0	
1504195518625	817992012361	9.0	-32.0	-2.0	95.0	
1504195518643	818012153963	9.0	-32.0	-2.0	95.0	
1504195518678	818032295564	9.0	-32.0	-2.0	95.0	
1504195518698	818052437166	9.0	-32.0	-2.0	95.0	
1504195518714	818072578767	8.6591796875	-32.0	-2.0	95.0	
1504195518732	818092720369	8.0	-32.0	-2.0	95.0	
1504195518748	818112861970	8.0	-32.0	-2.0	95.0	
1504195518768	818133003572	8.0	-32.768157958984375	-2.0	95.0	
1504195518785	818153145174	8.0	-33.0	-2.0	95.0	
1504195518821	818173286775	8.0	-32.946380615234375	-2.0	95.0	
1504195518837	818193428377	8.0	-32.0	-2.0	95.0	
1504195518854	818213569978	8.0	-32.0	-2.0	95.0	
1504195518891	818233711580	8.0	-32.0	-2.0	95.0	
1504195518897	818253853181	8.0	-32.0	-2.0	95.0	
1504195518907	818273994783	8.0	-32.0	-2.0	95.0	
1504195518928	818294136385	8.0	-32.0	-2.0	95.0	
1504195518962	818314277986	8.0	-32.0	-2.0	95.0	
1504195518978	818334419588	8.0	-32.0	-2.0	95.0	
1504195518996	818354561189	8.0	-32.0	-2.0	95.0	
1504195519013	818374702791	8.0	-32.0	-2.0	95.0	
1504195519030	818394844392	8.0	-32.0	-2.0	95.0	
1504195519048	818414985994	8.0	-32.0	-2.0	95.0	
1504195519068	818435127595	8.0	-32.0	-2.0	95.0	
1504195519100	818455269197	8.0	-32.0	-2.0	95.0	
1504195519119	818475410799	8.0	-32.0	-2.0	95.0	
1504195519138	818495552400	8.0	-32.0	-2.0	95.0	
1504195519156	818515694002	8.0	-32.0	-2.0	95.0	
1504195519171	818535835603	8.0	-32.0	-2.0	95.0	
1504195519191	818555977205	8.0	-32.0	-2.0	95.0	
1504195519208	818576118806	8.0	-32.0	-2.0	95.0	
1504195519241	818596260408	8.0	-32.0	-2.0	95.0	
1504195519260	818616402010	8.0	-32.0	-2.0	95.0	
1504195519279	818636543611	8.0	-32.0	-2.0	95.0	
1504195519296	818656685213	8.0	-32.0	-2.0	95.0	
1504195519316	818676826814	8.0	-32.0	-2.0	95.0	
1504195519330	818696968416	8.0	-32.0	-2.0	95.0	
1504195519348	818717110017	8.0	-32.0	-2.0	95.0	
1504195519382	818737251619	8.0	-32.0	-2.0	95.0	
1504195519402	818757393220	8.0	-32.0	-2.0	95.0	
1504195519419	818777534822	8.0	-32.0	-2.0	95.0	
1504195519436	818797676424	8.0	-32.0	-2.0	95.0	
1504195519453	818817818025	8.0	-32.0	-2.0	95.0	
1504195519473	818837959627	8.0	-32.0	-2.0	95.0	
1504195519489	818858101228	8.0	-32.0	-2.0	95.0	
1504195519523	818878242830	8.0	-32.0	-2.0	95.0	
1504195519543	818898384431	8.0	-32.0	-2.0	95.0	
1504195519560	818918526033	8.0	-32.0	-2.0	95.0	
1504195519577	818938667635	8.0	-32.0	-2.0	95.0	
1504195519594	818958809236	8.0	-32.0	-2.0	95.0	
1504195519617	818978950838	8.0	-32.0	-2.0	95.0	
1504195519630	818999092439	8.0	-32.0	-2.0	95.0	
1504195519664	819019234041	8.0	-32.0	-2.0	95.0	
1504195519683	819039375642	8.0	-32.0	-2.0	95.0	
1504195519700	819059517244	8.0	-32.0	-2.0	95.0	
1504195519719	819079658845	8.0	-32.0	-2.0	95.0	
1504195519736	819099800447	8.0	-32.0	-1.3927459716796875	95.0	
1504195519756	819119942049	8.0	-32.0	-1.0	95.0	
1504195519772	819140083650	8.0	-32.0	-1.0	95.0	
1504195519805	819160225252	8.0	-32.0	-1.0	95.0	
1504195519824	819180366853	8.0	-32.0	-1.0	95.0	
1504195519841	819200508455	8.0	-32.0	-1.0	95.0	
1504195519859	819220650056	8.0	-32.0	-1.0	95.0	
1504195519877	819240791658	8.0	-32.0	-1.0	95.0	
1504195519895	819260933260	8.0	-32.0	-1.0	95.0	
1504195519912	819281074861	8.0	-32.0	-1.0	95.0	
1504195519947	819301216463	8.0	-32.0	-1.0	95.0	
1504195519968	819321358064	8.0	-32.0	-1.0	95.0	
1504195519983	819341499666	8.0	-32.0	-1.0	95.0	
1504195520001	819361641267	8.0	-32.0	-1.0	95.0	
1504195520017	819381782869	8.0	-32.0	-1.0	95.0	
1504195520036	819401924470	8.0	-32.0	-1.0	95.0	
1504195520053	819422066072	8.0	-32.0	-1.0	95.0	
1504195520087	819442207674	8.0	-32.0	-1.0	95.0	
1504195520106	819462349275	8.0	-32.0	-1.0	95.0	
1504195520123	819482490877	8.0	-32.0	-1.0	95.0	
1504195520141	819502632478	8.0	-32.0	-1.0	95.0	
1504195520158	819522774080	8.0	-32.0	-1.0	95.0	
1504195520176	819542915681	8.0	-32.0	-1.0	95.0	
1504195520195	819563057283	8.0	-32.0	-1.0	95.0	
1504195520228	819583198885	8.0	-32.0	-1.0	95.0	
1504195520247	819603340486	8.0	-32.0	-1.0	95.0	
1504195520264	819623482088	8.0	-32.0	-1.0	95.0	
1504195520282	819643623689	8.0	-32.0	-1.0	95.0	
1504195520299	819663765291	8.0	-32.0	-1.0	95.0	
1504195520318	819683906892	8.0	-32.0	-1.0	95.0	
1504195520334	819704048494	8.0	-32.880615234375	-1.0	95.0	
1504195520378	819724176163	8.0	-33.0	-1.0	95.0	
1504195520388	819744317765	8.0	-33.0	-1.0	95.0	
1504195520406	819764459367	8.0	-33.0	-1.0	95.0	
1504195520423	819784600968	8.0	-33.0	-1.0	95.0	
1504195520440	819804742570	8.0	-33.0	-1.0	95.0	
1504195520459	819824884171	8.0	-33.0	-1.0	95.0	
1504195520476	819845025773	8.0	-33.0	-1.0	95.0	
1504195520510	819865167374	8.0	-33.0	-1.0	95.0	
1504195520537	819885308976	8.0	-33.0	-1.0	95.0	
1504195520547	819905450578	8.0	-33.0	-1.0	95.0	
1504195520565	819925592179	8.0	-33.0	-1.0	95.0	
1504195520581	819945733781	8.0	-32.409027099609375	-1.0	95.0	
1504195520599	819965875382	8.0	-32.0	-1.0	95.0	
1504195520620	819986016984	8.0	-32.87542724609375	-1.0	95.0	
1504195520651	820006158585	8.0	-32.98097229003906	-1.0	95.0	
1504195520670	820026300187	8.0	-32.0	-1.0	95.0	
1504195520687	820046441788	8.0	-32.0	-1.0	95.0	
1504195520706	820066583390	8.0	-32.0	-1.0	95.0	
1504195520722	820086724992	8.0	-32.0	-1.0	95.0	
1504195520740	820106866593	8.0	-32.0	-1.0	95.0	
1504195520757	820127008195	8.0	-32.0	-1.0	95.0	
1504195520792	820147149796	8.0	-32.0	-1.0	95.0	
1504195520811	820167291398	8.0	-32.0	-1.0	95.0	
1504195520829	820187432999	8.0	-32.0	-1.0	95.0	
1504195520846	820207574601	8.0	-32.0	-1.0	95.0	
1504195520863	820227716203	8.0	-32.0	-1.0	95.0	
1504195520882	820247857804	8.0	-32.0	-1.728363037109375	95.0	
1504195520899	820267999406	7.1297607421875	-32.0	-2.0	95.0	
1504195520934	820288141007	7.0	-32.0	-2.0	95.0	
1504195520951	820308282609	7.0	-32.0	-2.0	95.0	
1504195520969	820328424210	7.0	-32.0	-2.0	95.0	
1504195520988	820348565812	7.0	-32.0	-2.0	95.0	
1504195521005	820368707413	7.0	-32.0	-2.0	95.0	
1504195521022	820388849015	7.0	-32.0	-2.0	95.0	
1504195521040	820408990617	7.0	-32.0	-2.0	95.0	
1504195521074	820429132218	7.0	-32.0	-2.0	95.0	
1504195521093	820449273820	7.0	-32.0	-2.0	95.0	
1504195521111	820469415421	7.0	-32.0	-2.0	95.0	
1504195521132	820489557023	7.0	-32.0	-2.0	95.0	
1504195521147	820509698624	7.0	-32.0	-2.0	95.0	
1504195521163	820529840226	7.0	-32.0	-2.0	95.0	
1504195521181	820549981828	7.0	-32.0	-2.0	95.0	
1504195521215	820570123429	7.0	-32.0	-2.0	95.0	
1504195521235	820590265031	7.0	-32.0	-2.0	95.0	
1504195521251	820610406632	7.0	-31.707626342773438	-2.0	95.0	
1504195521269	820630548234	7.0	-31.0	-1.56500244140625	95.0	
1504195521290	820650689835	7.0	-31.0	-1.0	95.0	
1504195521305	820670831437	7.0	-31.0	-1.0	95.0	
1504195521322	820690973038	7.0	-31.863082885742188	-1.0	95.0	
1504195521356	820711114640	7.0	-32.0	-1.0	95.0	
1504195521374	820731256242	7.0	-32.0	-1.0	95.0	
1504195521395	820751397843	7.0	-32.0	-1.0	95.0	
1504195521411	820771539445	7.0	-32.0	-1.0	95.0	
1504195521428	820791681046	7.0	-32.0	-1.0	95.0	
1504195521446	820811822648	7.0	-32.0	-1.0	95.0	
1504195521464	820831964249	7.0	-32.0	-1.0	95.0	
1504195521497	820852105851	7.0	-32.0	-1.0	95.0	
1504195521516	820872247453	7.0	-32.0	-1.0	95.0	
1504195521533	820892389054	7.0	-32.0	-1.0	95.0	
1504195521550	820912530656	7.0	-32.0	-1.0	95.0	
1504195521569	820932672257	7.0	-32.0	-1.0	95.0	
1504195521587	820952813859	7.0	-32.0	-1.0	95.0	
1504195521604	820972955460	7.0	-32.0	-1.0	95.0	
1504195521623	820993097062	7.0	-32.0	-1.0	95.0	
1504195521656	821013238663	7.0	-32.0	-1.0	95.0	
1504195521674	821033380265	7.0	-31.715774536132813	-1.0	95.0	
1504195521692	821053521867	7.0	-31.0	-1.0	95.0	
1504195521709	821073663468	7.0	-31.0	-1.0	95.0	
1504195521728	821093805070	7.0	-31.0	-1.0	95.0	
1504195521745	821113946671	7.0	-31.0	-1.0	95.0	
1504195521762	821134088273	7.0	-31.0	-0.0034637451171875	95.0	
1504195521800	821154229874	7.0	-31.0	0.0	95.0	
1504195521816	821174371476	7.0	-31.0	0.0	95.0	
1504195521834	821194513078	7.0	-31.0	0.0	95.0	
1504195521851	821214654679	7.0	-31.0	-0.56671142578125	95.0	
1504195521871	821234796281	7.0	-31.0	-1.0	95.0	
1504195521887	821254937882	7.0	-31.0	-1.0	95.0	
1504195521915	821275079484	7.0	-31.0	-0.0052032470703125	95.0	
1504195521939	821295221085	7.0	-31.0	0.0	95.0	
1504195521956	821315362687	7.0	-31.0	0.0	95.0	
1504195521974	821335504288	7.0	-31.0	0.0	95.0	
1504195521993	821355645890	7.0	-31.0	0.0	95.0	
1504195522009	821375787492	7.0	-31.0	0.0	95.0	
1504195522027	821395929093	7.0	-31.0	0.0	95.0	
1504195522046	821416070695	7.0	-31.0	0.0	95.0	
1504195522079	821436212296	7.0	-31.0	0.0	95.0	
1504195522098	821456353898	7.0	-31.0	0.0	95.0	
1504195522115	821476495499	7.0	-31.0	0.0	95.0	
1504195522133	821496637101	7.0	-31.0	0.0	95.0	
1504195522152	821516778703	7.0	-31.0	0.0	95.0	
1504195522168	821536920304	7.0	-31.0	0.0	95.0	
1504195522185	821557061906	7.0	-31.0	0.0	95.0	
1504195522225	821577203507	7.0	-31.0	-1.0	95.0	
1504195522241	821597345109	7.0	-31.0	-0.7261810302734375	95.0	
1504195522257	821617486710	7.0	-31.0	0.0	95.0	
1504195522276	821637628312	7.0	-31.0	0.0	95.0	
1504195522294	821657769913	7.0	-31.0	0.0	95.0	
1504195522310	821677911515	7.0	-31.0	0.0	95.0	
1504195522326	821698053117	7.0	-31.0	0.0	95.0	
1504195522361	821718194718	7.0	-31.0	0.0	95.0	
1504195522379	821738336320	7.0	-31.0	-0.2716217041015625	95.0	
1504195522397	821758477921	7.0	-31.0	-1.0	95.0	
1504195522415	821778619523	7.0	-31.0	-0.4436798095703125	95.0	
1504195522434	821798761124	7.0	-31.0	0.0	95.0	
1504195522451	821818902726	7.0	-31.0	0.0	95.0	
1504195522466	821839044328	7.0	-31.0	0.0	95.0	
1504195522503	821859185929	7.0	-31.0	-1.0	95.0	
1504195522521	821879327531	7.0	-31.0	-1.0	95.0	
1504195522538	821899469132	7.410736083984375	-31.0	-1.0	95.0	
1504195522558	821919610734	8.0	-31.0	-1.0	95.0	
1504195522575	821939752335	8.0	-31.0	-1.0	95.0	
1504195522590	821959893937	8.0	-31.0	-1.0	95.0	
1504195522610	821980035538	8.0	-31.0	-1.0	95.0	
1504195522644	822000177140	8.0	-31.0	-1.0	95.0	
1504195522661	822020318742	8.0	-31.0	-1.0	95.0	
1504195522680	822040460343	8.0	-31.0	-1.0	95.0	
1504195522696	822060601945	8.0	-31.0	-1.0	95.0	
1504195522715	822080743546	8.0	-31.0	-1.6932373046875	95.0	
1504195522731	822100885148	8.0	-31.0	-2.0	95.0	
1504195522763	822121026749	8.0	-31.0	-2.0	95.0	
1504195522802	822141168351	8.0	-32.0	-2.0	95.0	
1504195522817	822161309953	8.0	-32.0	-2.0	95.0	
1504195522822	822181451554	8.0	-32.0	-1.5944671630859375	95.0	
1504195522838	822201593156	8.0	-32.0	-1.0	95.0	
1504195522855	822221734757	8.0	-32.0	-1.0	95.0	
1504195522873	822241876359	8.0	-32.0	-1.0	95.0	
1504195522890	822262017960	8.0	-32.0	-1.0	95.0	
1504195522926	822282159562	8.0	-32.0	-1.0	95.0	
1504195522944	822302301163	8.0	-32.0	-1.0	95.0	
1504195522964	822322442765	8.0	-32.0	-1.0	95.0	
1504195522979	822342584367	8.0	-31.455032348632813	-1.0	95.0	
1504195522997	822362725968	8.0	-31.0	-1.0	95.0	
1504195523014	822382867570	8.0	-31.0	-1.0	95.0	
1504195523032	822403009171	8.0	-31.0	-1.0	95.0	
1504195523067	822423150773	8.0	-31.0	-1.0	95.0	
1504195523085	822443292374	8.0	-31.0	-1.0	95.0	
1504195523103	822463433976	8.0	-31.0	-1.0	95.0	
1504195523120	822483575578	8.0	-31.0	-1.0	95.0	
1504195523137	822503717179	8.0	-31.0	-1.0	95.0	
1504195523158	822523858781	8.0	-31.0	-1.0	95.0	
1504195523172	822544000382	8.0	-31.0	-1.0	95.0	
1504195523209	822564141984	8.0	-31.0	-1.0	95.0	
1504195523226	822584283585	8.0	-31.0	-1.0	95.0	
1504195523243	822604425187	8.0	-31.0	-1.0	95.0	
1504195523262	822624566788	8.0	-31.0	-1.5397796630859375	95.0	
1504195523278	822644708390	8.0	-31.0	-2.0	95.0	
1504195523297	822664849992	8.0	-31.0	-2.0	95.0	
1504195523314	822684991593	8.0	-31.0	-2.0	95.0	
1504195523349	822705133195	8.0	-30.0	-2.0	95.0	
1504195523368	822725274796	8.0	-30.0	-2.252593994140625	95.0	
1504195523385	822745416398	8.0	-30.0	-3.0	95.0	
1504195523400	822765557999	8.0	-30.0	-3.0	95.0	
1504195523423	822785699601	8.0	-30.0	-2.3200836181640625	95.0	
1504195523438	822805841203	8.0	-30.0	-2.0	95.0	
1504195523457	822825982804	8.0	-30.0	-2.0	95.0	
1504195523490	822846124406	8.0	-30.0	-2.0	95.0	
1504195523508	822866266007	8.0	-30.0	-2.0	95.0	
1504195523527	822886407609	8.0	-30.0	-2.0	95.0	
1504195523542	822906549210	8.0	-30.0	-2.0	95.0	
1504195523560	822926690812	8.0	-30.0	-2.0	95.0	
1504195523580	822946832413	8.0	-30.0	-2.0	95.0	
1504195523597	822966974015	8.0	-30.0	-2.9619293212890625	95.0	
1504195523632	822987115617	7.896026611328125	-30.0	-3.0	95.0	
1504195523650	823007257218	7.0	-30.0	-3.0	95.0	
1504195523667	823027398820	7.0	-30.0	-3.0	95.0	
1504195523685	823047540421	7.0	-30.0	-3.0	95.0	
1504195523703	823067682023	7.0	-30.0	-3.0	95.0	
1504195523721	823087823624	7.0	-30.0	-3.0	95.0	
1504195523740	823107965226	7.0	-30.0	-3.0	95.0	
1504195523774	823128106828	8.0	-30.0	-3.0	95.0	
1504195523792	823148248429	8.0	-30.0	-3.0	95.0	
1504195523807	823168390031	8.0	-30.0	-3.0	95.0	
1504195523827	823188531632	8.0	-30.0	-2.4705963134765625	95.0	
1504195523844	823208673234	8.0	-30.0	-2.0	95.0	
1504195523860	823228814835	8.0	-30.0	-2.0	95.0	
1504195523877	823248956437	8.0	-30.0	-2.0	95.0	
1504195523914	823269098038	8.0	-30.0	-2.0	95.0	
1504195523933	823289239640	8.242202758789063	-30.0	-2.0	95.0	
1504195523948	823309381242	9.0	-30.0	-2.0	95.0	
1504195523966	823329522843	9.0	-30.0	-2.0	95.0	
1504195523984	823349664445	9.0	-30.0	-2.0	95.0	
1504195524003	823369806046	9.0	-30.0	-2.0	95.0	
1504195524023	823389947648	9.0	-30.0	-2.0	95.0	
1504195524055	823410089249	9.0	-30.0	-2.0	95.0	
1504195524076	823430230851	9.0	-29.761245727539063	-1.7612457275390625	95.0	
1504195524089	823450372453	9.0	-29.0	-1.3812713623046875	95.0	
1504195524108	823470514054	9.0	-29.0	-2.0	95.0	
1504195524124	823490655656	9.0	-29.0	-2.0	95.0	
1504195524143	823510797257	9.0	-29.0	-2.0	95.0	
1504195524163	823530938859	9.0	-29.0	-2.0	95.0	
1504195524194	823551080460	9.0	-29.0	-2.0	95.0	
1504195524212	823571222062	9.0	-29.0	-2.0	95.0	
1504195524231	823591363663	9.0	-29.0	-2.0	95.0	
1504195524248	823611505265	9.0	-29.0	-2.0	95.0	
1504195524267	823631646867	9.0	-29.0	-2.0	95.0	
1504195524283	823651788468	9.0	-29.0	-2.0	95.0	
1504195524301	823671930070	9.0	-29.0	-2.0	95.0	
1504195524342	823692071671	9.0	-29.0	-2.0	95.0	
1504195524352	823712213273	9.0	-29.0	-2.0	95.0	
1504195524375	823732354874	9.0	-29.0	-2.0	95.0	
1504195524391	823752496476	9.0	-29.0	-2.0	95.0	
1504195524409	823772638078	9.0	-29.0	-2.660888671875	95.0	
1504195524427	823792779679	9.0	-29.802764892578125	-3.0	95.0	
1504195524445	823812921281	9.0	-30.0	-3.0	95.0	
1504195524479	823833062882	9.0	-29.0	-3.0	95.0	
1504195524495	823853204484	9.0	-29.0	-3.0	95.0	
1504195524513	823873346085	9.373687744140625	-29.0	-3.0	95.0	
1504195524534	823893487687	9.48443603515625	-29.0	-3.0	95.0	
1504195524549	823913629288	9.0	-29.0	-3.0	95.0	
1504195524565	823933770890	9.0	-29.0	-3.0	95.0	
1504195524584	823953912492	9.0	-29.0	-3.0	95.0	
1504195524617	823974054093	9.0	-29.0	-2.9134979248046875	95.0	
1504195524635	823994195695	9.0	-29.0	-2.0	95.0	
1504195524654	824014337296	9.0	-29.0	-2.0	95.0	
1504195524671	824034478898	9.0	-29.0	-2.0	95.0	
1504195524692	824054620499	9.0	-29.0	-2.65570068359375	95.0	
1504195524706	824074762101	9.0	-29.0	-3.0	95.0	
1504195524724	824094903703	9.0	-29.0	-3.0	95.0	
1504195524759	824115045304	9.0	-29.0	-3.0	95.0	
1504195524778	824135186906	9.0	-29.225296020507813	-3.0	95.0	
1504195524797	824155328507	9.0	-30.0	-3.0	95.0	
1504195524812	824175470109	9.0	-29.4896240234375	-3.0	95.0	
1504195524829	824195611710	9.0	-29.0	-3.0	95.0	
1504195524847	824215753312	9.0	-29.0	-3.0	95.0	
1504195524865	824235894913	9.0	-29.937713623046875	-3.0	95.0	
1504195524899	824256036515	9.0	-30.0	-3.0	95.0	
1504195524918	824276178117	9.0	-30.0	-3.0	95.0	
1504195524935	824296319718	9.0	-30.0	-3.0	95.0	
1504195524955	824316461320	9.0	-30.0	-3.0	95.0	
1504195524971	824336602921	9.0	-30.0	-3.0	95.0	
1504195524988	824356744523	9.0	-30.0	-3.0	95.0	
1504195525007	824376886124	9.0	-30.0	-3.0	95.0	
1504195525040	824397027726	9.0	-30.0	-3.0	95.0	
1504195525060	824417169328	9.0	-30.0	-3.0	95.0	
1504195525077	824437310929	9.0	-30.0	-3.0	95.0	
1504195525094	824457452531	9.0	-30.0	-3.0	95.0	
1504195525112	824477594132	9.0	-30.0	-3.0	95.0	
1504195525129	824497735734	9.0	-30.0	-3.0	95.0	
1504195525150	824517877335	9.0	-30.0	-3.0	95.0	
1504195525181	824538018937	9.0	-30.0	-3.0	95.0	
1504195525202	824558160538	9.0	-30.0	-3.0	95.0	
1504195525221	824578302140	9.0	-30.0	-3.0	95.0	
1504195525238	824598443742	9.0	-30.0	-3.0	95.0	
1504195525254	824618585343	9.0	-30.0	-3.0	95.0	
1504195525273	824638726945	9.0	-30.0	-3.0	95.0	
1504195525290	824658868546	9.0	-30.0	-3.0	95.0	
1504195525323	824679010148	9.0	-30.0	-3.0	95.0	
1504195525342	824699151749	9.0	-30.0	-3.0	95.0	
1504195525359	824719293351	9.0	-30.0	-3.0	95.0	
1504195525378	824739434953	9.0	-30.0	-3.0	95.0	
1504195525394	824759576554	9.0	-30.0	-3.0	95.0	
1504195525413	824779718156	9.0	-30.0	-3.0	95.0	
1504195525431	824799859757	9.0	-30.0	-3.0	95.0	
1504195525464	824820001359	9.0	-30.0	-3.0	95.0	
1504195525482	824840142960	9.0	-30.0	-3.0	95.0	
1504195525502	824860284562	9.0	-30.0	-3.0	95.0	
1504195525518	824880426163	9.0	-30.0	-3.0	95.0	
1504195525539	824900567765	9.0	-30.0	-3.0	95.0	
1504195525554	824920709367	9.0	-30.0	-3.0	95.0	
1504195525570	824940850968	9.0	-30.0	-3.0	95.0	
1504195525604	824960992570	9.0	-30.0	-3.0	95.0	
1504195525624	824981134171	9.0	-30.0	-3.0	95.0	
1504195525642	825001275773	9.0	-30.0	-3.0	95.0	
1504195525659	825021417374	9.0	-30.0	-3.0	95.0	
1504195525683	825041558976	9.0	-30.0	-3.0	95.0	
1504195525695	825061700578	9.0	-30.0	-3.0	95.0	
1504195525711	825081842179	9.0	-30.0	-3.0	95.0	
1504195525746	825101983781	9.0	-30.0	-3.0	95.0	
1504195525764	825122125382	9.0	-30.0	-3.0	95.0	
1504195525781	825142266984	9.0	-30.0	-3.0	95.0	
1504195525800	825162408585	9.0	-30.0	-3.0	95.0	
1504195525817	825182550187	9.0	-30.0	-3.0	95.0	
1504195525835	825202691788	9.0	-30.0	-3.0	95.0	
1504195525852	825222833390	9.0	-30.0	-3.0	95.0	
1504195525886	825242974992	9.0	-30.0	-3.0	95.0	
1504195525907	825263116593	9.0	-30.0	-3.0	95.0	
1504195525923	825283258195	9.0	-30.0	-3.0	95.0	
1504195525941	825303399796	9.0	-30.0	-3.0	95.0	
1504195525959	825323541398	9.0	-30.0	-3.0	95.0	
1504195525976	825343682999	9.0	-30.0	-3.0	95.0	
1504195525994	825363824601	9.0	-30.0	-3.0	95.0	
1504195526029	825383966203	9.0	-30.0	-3.0	95.0	
1504195526045	825404107804	9.0	-30.0	-3.0	95.0	
1504195526065	825424249406	9.344284057617188	-30.0	-3.0	95.0	
1504195526083	825444391007	10.0	-30.0	-2.51385498046875	95.0	
1504195526100	825464532609	10.0	-30.0	-2.0	95.0	
1504195526118	825484674210	10.0	-30.0	-2.0	95.0	
1504195526135	825504815812	10.0	-30.0	-2.0	95.0	
1504195526173	825524957413	10.0	-30.0	-2.0	95.0	
1504195526186	825545099015	10.0	-30.0	-2.0	95.0	
1504195526205	825565240617	10.0	-30.0	-2.0	95.0	
1504195526224	825585382218	10.0	-30.0	-2.0	95.0	
1504195526241	825605523820	10.0	-30.0	-2.0	95.0	
1504195526259	825625665421	10.0	-30.0	-2.0	95.0	
1504195526281	825645807023	10.0	-30.0	-2.0	95.0	
1504195526310	825665948624	10.0	-30.0	-2.0	95.0	
1504195526326	825686090226	10.0	-30.0	-2.0	95.0	
1504195526347	825706231828	10.0	-30.0	-2.0	95.0	
1504195526363	825726373429	9.51904296875	-30.0	-2.0	95.0	
1504195526382	825746515031	9.0	-30.0	-2.0	95.0	
1504195526399	825766656632	9.766021728515625	-30.0	-2.0	95.0	
1504195526416	825786798234	10.0	-30.0	-2.0	95.0	
1504195526452	825806939835	10.0	-30.0	-2.0	95.0	
1504195526468	825827081437	10.0	-30.0	-2.0	95.0	
1504195526488	825847223038	10.0	-30.0	-2.0	95.0	
1504195526505	825867364640	10.0	-30.0	-2.0	95.0	
1504195526523	825887506242	10.0	-30.0	-2.0	95.0	
1504195526542	825907647843	10.0	-30.0	-2.0	95.0	
1504195526557	825927789445	10.0	-30.0	-2.906402587890625	95.0	
1504195526594	825947931046	10.0	-30.0	-3.0	95.0	
1504195526609	825968072648	10.0	-30.0	-3.0	95.0	
1504195526628	825988214249	10.0	-30.0	-3.0	95.0	
1504195526646	826008355851	10.0	-30.0	-3.0	95.0	
1504195526662	826028497453	10.0	-30.0	-3.0	95.0	
1504195526683	826048639054	10.0	-30.0	-3.0	95.0	
1504195526701	826068780656	10.0	-30.0	-3.0	95.0	
1504195526734	826088922257	10.0	-30.0	-3.0	95.0	
1504195526751	826109063859	10.0	-30.0	-3.0	95.0	
1504195526769	826129205460	10.0	-30.0	-3.0	95.0	
1504195526786	826149347062	10.0	-30.0	-3.0	95.0	
1504195526806	826169488663	10.0	-30.0	-3.0	95.0	
1504195526823	826189630265	10.0	-30.0	-3.0	95.0	
1504195526839	826209771867	10.0	-30.0	-3.0	95.0	
1504195526875	826229913468	10.0	-30.0	-3.0	95.0	
1504195526891	826250055070	10.0	-30.0	-3.0	95.0	
1504195526911	826270196671	10.0	-30.0	-3.0	95.0	
1504195526929	826290338273	10.0	-30.0	-3.0	95.0	
1504195526946	826310479874	10.0	-30.0	-3.0	95.0	
1504195526965	826330621476	10.0	-30.0	-3.0	95.0	
1504195526981	826350763078	10.0	-30.0	-3.0	95.0	
1504195527018	826370904679	10.0	-30.0	-3.0	95.0	
1504195527032	826391046281	10.0	-30.0	-3.0	95.0	
1504195527052	826411187882	10.0	-30.0	-3.0	95.0	
1504195527071	826431329484	10.0	-30.0	-3.0	95.0	
1504195527086	826451471085	10.0	-30.0	-3.0	95.0	
1504195527104	826471612687	10.0	-30.0	-3.0	95.0	
1504195527122	826491754288	10.0	-30.0	-3.0	95.0	
1504195527157	826511895890	10.0	-30.0	-3.0	95.0	
1504195527176	826532037492	10.0	-30.0	-3.0	95.0	
1504195527191	826552179093	10.0	-30.0	-3.0	95.0	
1504195527211	826572320695	10.0	-30.0	-3.0	95.0	
1504195527229	826592462296	10.0	-30.0	-3.0	95.0	
1504195527246	826612603898	10.0	-30.0	-3.0	95.0	
1504195527263	826632745499	10.0	-30.0	-3.0	95.0	
1504195527299	826652887101	10.0	-30.0	-3.0	95.0	
1504195527315	826673028703	10.0	-30.0	-2.8232269287109375	95.0	
1504195527334	826693170304	10.0	-30.0	-2.0	95.0	
1504195527350	826713311906	10.0	-30.0	-2.0	95.0	
1504195527370	826733453507	10.0	-30.0	-2.0	95.0	
1504195527387	826753595109	10.0	-30.0	-2.0	95.0	
1504195527403	826773736710	10.0	-30.0	-2.0	95.0	
1504195527440	826793878312	10.0	-30.0	-2.0	95.0	
1504195527457	826814019913	10.0	-30.0	-2.0	95.0	
1504195527474	826834161515	10.0	-30.316604614257813	-2.0	95.0	
1504195527492	826854303117	10.0	-31.0	-2.0	95.0	
1504195527509	826874444718	10.0	-31.0	-2.0	95.0	
1504195527527	826894586320	10.0	-31.0	-2.0	95.0	
1504195527546	826914727921	10.0	-31.0	-2.0	95.0	
1504195527582	826934869523	10.0	-31.0	-2.0	95.0	
1504195527600	826955011124	10.0	-31.0	-2.0	95.0	
1504195527614	826975152726	10.0	-31.0	-2.0	95.0	
1504195527632	826995294328	10.0	-31.0	-2.0	95.0	
1504195527652	827015435929	10.0	-31.0	-2.0	95.0	
1504195527667	827035577531	10.0	-31.0	-2.0	95.0	
1504195527685	827055719132	10.0	-31.0	-2.0	95.0	
1504195527720	827075860734	10.0	-31.0	-2.0	95.0	
1504195527739	827096002335	10.0	-31.0	-2.0	95.0	
1504195527756	827116143937	10.0	-31.0	-2.0	95.0	
1504195527774	827136285538	10.0	-31.0	-2.0	95.0	
1504195527791	827156427140	10.0	-31.0	-2.0	95.0	
1504195527810	827176568742	10.0	-31.0	-2.0	95.0	
1504195527827	827196710343	10.0	-31.0	-2.0	95.0	
1504195527862	827216851945	10.0	-31.0	-2.0	95.0	
1504195527882	827236993546	10.0	-31.0	-2.0	95.0	
1504195527895	827257135148	10.0	-31.0	-2.0	95.0	
1504195527916	827277276749	10.0	-31.0	-2.0	95.0	
1504195527932	827297418351	10.0	-31.0	-2.0	95.0	
1504195527950	827317559953	10.0	-31.0	-2.0	95.0	
1504195527970	827337701554	10.0	-31.0	-2.0	95.0	
1504195528003	827357843156	10.0	-31.0	-2.0	95.0	
1504195528020	827377984757	10.0	-31.0	-2.0	95.0	
1504195528037	827398126359	10.0	-31.0	-2.0	95.0	
1504195528056	827418267960	10.0	-31.0	-2.0	95.0	
1504195528075	827438409562	10.0	-31.0	-2.0	95.0	
1504195528091	827458551163	10.0	-31.0	-2.0	95.0	
1504195528109	827478692765	10.0	-31.0	-2.0	95.0	
1504195528146	827498834367	10.0	-31.0	-2.0	95.0	
1504195528162	827518975968	10.0	-31.0	-2.0	95.0	
1504195528179	827539117570	10.0	-31.0	-2.0	95.0	
1504195528197	827559259171	10.0	-31.0	-2.0	95.0	
1504195528214	827579400773	10.0	-31.0	-2.0	95.0	
1504195528233	827599542374	10.0	-31.0	-2.0	95.0	
1504195528250	827619683976	10.0	-31.0	-2.0	95.0	
1504195528285	827639825578	10.0	-31.0	-2.0	95.0	
1504195528302	827659967179	10.0	-31.0	-2.0	95.0	
1504195528320	827680108781	10.0	-31.0	-2.0	95.0	
1504195528337	827700250382	10.0	-31.0	-2.0	95.0	
1504195528355	827720391984	10.0	-31.0	-2.0	95.0	
1504195528373	827740533585	10.0	-31.0	-2.0	95.0	
1504195528391	827760675187	10.0	-31.0	-2.0	95.0	
1504195528434	827780816788	10.0	-31.0623779296875	-2.0	95.0	
1504195528446	827800958390	10.0	-32.0	-2.0	95.0	
1504195528461	827821099992	10.0	-32.0	-2.0	95.0	
1504195528477	827841241593	10.0	-32.0	-2.0	95.0	
1504195528497	827861383195	10.0	-32.0	-2.0	95.0	
1504195528513	827881524796	10.0	-32.0	-2.0	95.0	
1504195528531	827901666398	10.0	-32.0	-2.0	95.0	
1504195528566	827921807999	10.0	-32.0	-2.0	95.0	
1504195528584	827941949601	10.0	-32.0	-2.0	95.0	
1504195528604	827962091203	10.0	-32.0	-2.0	95.0	
1504195528618	827982232804	10.0	-32.0	-2.0	95.0	
1504195528638	828002374406	10.0	-32.0	-2.0	95.0	
1504195528655	828022516007	10.0	-32.0	-2.0	95.0	
1504195528673	828042657609	10.0	-32.0	-2.0	95.0	
1504195528709	828062799210	10.0	-32.0	-2.0	95.0	
1504195528725	828082940812	10.0	-32.0	-2.0	95.0	
1504195528744	828103082413	10.0	-32.0	-2.0	95.0	
1504195528760	828123224015	10.0	-32.0	-2.0	95.0	
1504195528779	828143365617	10.0	-32.0	-2.0	95.0	
1504195528796	828163507218	10.0	-32.0	-2.0	95.0	
1504195528813	828183648820	10.0	-32.0	-2.0	95.0	
1504195528849	828203790421	10.0	-32.0	-2.0	95.0	
1504195528868	828223932023	10.0	-32.0	-2.0	95.0	
1504195528884	828244073624	10.0	-32.0	-2.0	95.0	
1504195528900	828264215226	10.0	-32.0	-2.0	95.0	
1504195528921	828284356828	10.0	-32.0	-2.0	95.0	
1504195528937	828304498429	10.0	-32.0	-2.0	95.0	
1504195528955	828324640031	10.0	-32.0	-2.0	95.0	
1504195528990	828344781632	10.0	-32.0	-2.0	95.0	
1504195529007	828364923234	10.0	-32.0	-2.0	95.0	
1504195529026	828385064835	10.0	-32.0	-2.0	95.0	
1504195529042	828405206437	10.0	-32.0	-2.0	95.0	
1504195529060	828425348038	10.0	-32.0	-2.0	95.0	
1504195529080	828445489640	10.0	-32.0	-2.0	95.0	
1504195529096	828465631242	10.0	-32.0	-2.0	95.0	
1504195529131	828485772843	10.0	-32.0	-2.0	95.0	
1504195529148	828505914445	10.0	-32.0	-2.0	95.0	
1504195529166	828526056046	10.0	-32.0	-2.0	95.0	
1504195529184	828546197648	10.0	-32.0	-2.0	95.0	
1504195529201	828566339249	10.0	-32.0	-2.0	95.0	
1504195529218	828586480851	10.0	-32.0	-2.0	95.0	
1504195529237	828606622453	10.0	-32.0	-2.0	95.0	
1504195529272	828626764054	10.0	-32.0	-2.0	95.0	
1504195529292	828646905656	10.0	-32.0	-2.0	95.0	
1504195529307	828667047257	10.0	-32.0	-2.0	95.0	
1504195529323	828687188859	10.0	-32.0	-2.0	95.0	
1504195529343	828707330460	10.0	-32.0	-2.0	95.0	
1504195529359	828727472062	10.0	-32.0	-2.0	95.0	
1504195529377	828747613663	10.0	-32.0	-2.0	95.0	
1504195529413	828767755265	10.0	-32.0	-2.0	95.0	
1504195529431	828787896867	10.0	-32.0	-2.0	95.0	
1504195529449	828808038468	10.0	-32.0	-2.0	95.0	
1504195529465	828828180070	10.0	-32.0	-2.0	95.0	
1504195529484	828848321671	10.0	-32.0	-2.0	95.0	
1504195529503	828868463273	10.0	-32.0	-2.0	95.0	
1504195529519	828888604874	10.0	-32.0	-2.0	95.0	
1504195529554	828908746476	10.0	-32.0	-2.0	95.0	
1504195529572	828928888078	10.0	-32.0	-2.0	95.0	
1504195529589	828949029679	10.0	-32.0	-2.0	95.0	
1504195529608	828969171281	10.0	-32.0	-2.0	95.0	
1504195529628	828989312882	10.0	-32.0	-2.0	95.0	
1504195529651	829009454484	10.0	-32.0	-2.0	95.0	
1504195529682	829029596085	10.0	-32.0	-2.0	95.0	
1504195529724	829049737687	10.0	-32.0	-2.0	95.0	
1504195529755	829069879288	10.0	-32.0	-2.0	95.0	
1504195529768	829090020890	10.0	-32.0	-2.0	95.0	
1504195529778	829110162492	10.0	-32.0	-2.0	95.0	
1504195529788	829130304093	10.0	-32.0	-2.0	95.0	
1504195529804	829150445695	10.0	-32.0	-2.0	95.0	
1504195529815	829170587296	10.0	-32.0	-2.0	95.0	
1504195529838	829190728898	10.0	-32.0	-2.0	95.0	
1504195529856	829210870499	10.0	-32.0	-2.0	95.0	
1504195529878	829231012101	10.0	-32.0	-2.0	95.0	
1504195529891	829251153703	10.0	-32.0	-2.0	95.0	
1504195529907	829271295304	10.0	-32.0	-2.0	95.0	
1504195529936	829291436906	10.0	-32.0	-2.0	95.0	
1504195529944	829311578507	10.0	-32.0	-2.0	95.0	
1504195529978	829331720109	10.0	-32.0	-2.0	95.0	
1504195530000	829351861710	10.0	-31.726181030273438	-2.0	95.0	
1504195530012	829372003312	10.0	-31.0	-2.0	95.0	
1504195530032	829392144913	10.0	-31.5615234375	-2.0	95.0	
1504195530046	829412286515	10.0	-32.0	-2.0	95.0	
1504195530066	829432428117	10.0	-32.0	-2.0	95.0	
1504195530084	829452569718	10.0	-32.0	-2.0	95.0	
1504195530117	829472711320	10.0	-32.0	-2.0	95.0	
1504195530136	829492852921	10.0	-32.0	-2.0	95.0	
1504195530153	829512994523	10.0	-32.0	-2.0	95.0	
1504195530171	829533136124	10.0	-32.0	-2.0	95.0	
1504195530189	829553277726	10.0	-32.0	-2.0	95.0	
1504195530205	829573419328	10.0	-32.0	-2.0	95.0	
1504195530225	829593560929	10.0	-32.0	-2.0	95.0	
1504195530258	829613702531	10.0	-32.0	-1.0	95.0	
1504195530275	829633844132	10.0	-32.0	-1.0	95.0	
1504195530295	829653985734	10.0	-32.0	-1.0	95.0	
1504195530312	829674127335	10.0	-32.0	-1.0	95.0	
1504195530328	829694268937	10.0	-32.0	-1.0	95.0	
1504195530347	829714410714	10.0	-32.0	-1.0	95.0	
1504195530382	829734552316	10.0	-32.0	-1.0	95.0	
1504195530401	829754693918	10.0	-32.0	-1.0	95.0	
1504195530425	829774835519	10.0	-32.0	-1.0	95.0	
1504195530435	829794977121	10.0	-32.0	-1.0	95.0	
1504195530456	829815118722	10.0	-32.0	-1.0	95.0	
1504195530469	829835260324	10.0	-32.0	-1.0	95.0	
1504195530488	829855401925	10.0	-32.0	-1.0	95.0	
1504195530522	829875543527	10.0	-32.0	-1.0	95.0	
1504195530541	829895685129	10.0	-32.0	-1.0	95.0	
1504195530560	829915826730	10.0	-32.0	-1.0	95.0	
1504195530576	829935968332	10.0	-32.0	-1.0	95.0	
1504195530594	829956109933	10.0	-32.0	-1.0	95.0	
1504195530611	829976251535	10.0	-32.0	-1.0	95.0	
1504195530629	829996393136	10.0	-32.0	-1.0	95.0	
1504195530665	830016534738	10.0	-32.0	-1.0	95.0	
1504195530682	830036676339	10.0	-32.0	-1.0	95.0	
1504195530699	830056817941	10.0	-32.0	-1.0	95.0	
1504195530720	830076959543	10.0	-32.0	-1.0	95.0	
1504195530735	830097101144	10.0	-32.0	-1.0	95.0	
1504195530753	830117242746	10.0	-32.0	-1.0	95.0	
1504195530770	830137384347	10.0	-32.0	-1.0	95.0	
1504195530804	830157525949	10.0	-32.0	-1.0	95.0	
1504195530823	830177667550	10.0	-32.0	-1.0	95.0	
1504195530841	830197809152	10.0	-32.0	-1.0	95.0	
1504195530858	830217950754	10.0	-32.0	-1.0	95.0	
1504195530878	830238092355	10.0	-32.0	-1.0	95.0	
1504195530894	830258233957	10.0	-32.0	-1.0	95.0	
1504195530910	830278375558	10.0	-32.0	-1.0	95.0	
1504195530946	830298517160	10.0	-32.0	-1.0	95.0	
1504195530963	830318658761	10.0	-32.0	-1.0	95.0	
1504195530983	830338800363	10.0	-32.0	-1.0	95.0	
1504195530999	830358941964	10.0	-32.0	-1.0	95.0	
1504195531018	830379083566	10.0	-32.0	-1.0	95.0	
1504195531036	830399225168	10.0	-32.0	-1.0	95.0	
1504195531051	830419366769	10.0	-32.0	-1.0	95.0	
1504195531087	830439508371	10.0	-32.0	-1.0	95.0	
1504195531105	830459649972	10.0	-32.0	-1.0	95.0	
1504195531122	830479791574	10.0	-32.0	-1.0	95.0	
1504195531141	830499933175	10.0	-32.0	-1.0	95.0	
1504195531158	830520074777	10.0	-32.0	-1.0	95.0	
1504195531175	830540216379	10.0	-32.0	-1.0	95.0	
1504195531192	830560357980	10.0	-32.0	-1.0	95.0	
1504195531228	830580499582	10.0	-32.0	-1.0	95.0	
1504195531246	830600641183	10.0	-32.0	-1.0	95.0	
1504195531263	830620782785	10.0	-32.0	-1.0	95.0	
1504195531281	830640924386	10.0	-32.0	-1.0	95.0	
1504195531301	830661065988	10.0	-32.0	-1.0	95.0	
1504195531317	830681207589	10.0	-32.0	-1.0	95.0	
1504195531332	830701349191	10.0	-32.0	-1.0	95.0	
1504195531370	830721490793	10.0	-32.0	-1.0	95.0	
1504195531388	830741632394	10.0	-32.0	-1.0	95.0	
1504195531404	830761773996	10.0	-32.0	-1.0	95.0	
1504195531422	830781915597	10.0	-32.0	-1.0	95.0	
1504195531440	830802057199	10.0	-32.0	-1.0	95.0	
1504195531458	830822198800	10.0	-32.0	-1.0	95.0	
1504195531474	830842340402	10.0	-32.0	-1.0	95.0	
1504195531510	830862482004	10.0	-32.0	-1.0	95.0	
1504195531528	830882623605	10.0	-32.0	-1.0	95.0	
1504195531545	830902765207	10.0	-32.0	-1.0	95.0	
1504195531564	830922906808	10.0	-32.0	-1.0	95.0	
1504195531580	830943048410	10.0	-32.0	-1.0	95.0	
1504195531598	830963190011	10.0	-32.0	-1.0	95.0	
1504195531616	830983331613	10.0	-32.0	-1.0	95.0	
1504195531651	831003473214	10.0	-32.0	-1.0	95.0	
1504195531669	831023614816	10.0	-32.0	-1.0	95.0	
1504195531687	831043756418	10.0	-32.0	-1.0	95.0	
1504195531704	831063898019	10.0	-32.0	-1.0	95.0	
1504195531723	831084039621	10.0	-32.0	-1.0	95.0	
1504195531739	831104181222	10.0	-32.0	-1.0	95.0	
1504195531756	831124322824	10.0	-32.0	-1.0	95.0	
1504195531793	831144464425	10.0	-32.0	-1.0	95.0	
1504195531810	831164606027	10.0	-32.0	-1.0	95.0	
1504195531828	831184747629	10.0	-32.0	-1.0	95.0	
1504195531845	831204889230	10.0	-32.0	-1.0	95.0	
1504195531862	831225030832	10.0	-32.0	-1.0	95.0	
1504195531882	831245172433	10.0	-32.0	-1.0	95.0	
1504195531898	831265314035	10.0	-32.0	-1.0	95.0	
1504195531933	831285455636	10.0	-32.0	-1.0	95.0	
1504195531951	831305597238	10.0	-32.0	-1.0	95.0	
1504195531968	831325738839	10.0	-32.0	-1.0	95.0	
1504195531988	831345880441	10.0	-32.0	-1.0	95.0	
1504195532004	831366022043	10.0	-32.0	-1.0	95.0	
1504195532021	831386163644	10.0	-32.0	-1.0	95.0	
1504195532041	831406305246	10.0	-32.0	-1.0	95.0	
1504195532076	831426446847	11.0	-32.0	-1.0	95.0	
1504195532092	831446588449	11.0	-32.0	-1.0	95.0	
1504195532109	831466730050	11.0	-32.0	-1.0	95.0	
1504195532125	831486871652	11.0	-32.0	-1.0	95.0	
1504195532146	831507013254	11.0	-32.0	-1.0	95.0	
1504195532162	831527154855	11.0	-32.0	-1.0	95.0	
1504195532179	831547296457	11.0	-32.0	-1.0	95.0	
1504195532215	831567438058	11.0	-32.0	-1.0	95.0	
1504195532232	831587579660	11.0	-32.0	-1.0	95.0	
1504195532252	831607721261	11.0	-32.0	-1.0	95.0	
1504195532268	831627862863	11.0	-32.0	-1.0	95.0	
1504195532286	831648004464	11.0	-32.0	-1.0	95.0	
1504195532305	831668146066	11.0	-32.0	-1.0	95.0	
1504195532321	831688287668	11.0	-32.0	-1.0	95.0	
1504195532356	831708429269	11.0	-32.0	-1.0	95.0	
1504195532374	831728570871	11.0	-32.0	-1.0	95.0	
1504195532391	831748712472	11.0	-32.0	-1.0	95.0	
1504195532410	831768854074	11.0	-32.0	-1.0	95.0	
1504195532426	831788995675	11.0	-32.0	-1.0	95.0	
1504195532444	831809137277	11.0	-32.0	-1.0	95.0	
1504195532461	831829278879	11.0	-32.0	-1.0	95.0	
1504195532497	831849420480	11.0	-32.0	-1.0	95.0	
1504195532516	831869562082	11.0	-32.0	-1.0	95.0	
1504195532532	831889703683	11.0	-32.0	-1.0	95.0	
1504195532550	831909845285	11.0	-32.0	-1.0	95.0	
1504195532569	831929986886	10.329299926757813	-32.0	-1.0	95.0	
1504195532586	831950128488	10.0	-32.0	-1.0	95.0	
1504195532603	831970270089	10.0	-32.0	-1.0	95.0	
1504195532638	831990411691	10.0	-32.0	-1.0	95.0	
1504195532655	832010553293	10.0	-32.0	-1.0	95.0	
1504195532675	832030694894	10.0	-32.0	-1.0	95.0	
1504195532691	832050836496	10.0	-32.0	-1.0	95.0	
1504195532708	832070978097	10.0	-32.0	-1.0	95.0	
1504195532727	832091119699	10.0	-32.0	-1.0	95.0	
1504195532744	832111261300	10.0	-32.0	-1.0	95.0	
1504195532779	832131402902	10.0	-32.0	-1.0	95.0	
1504195532797	832151544504	10.0	-32.0	-1.0	95.0	
1504195532814	832171686105	10.0	-32.0	-1.0	95.0	
1504195532833	832191827707	10.0	-32.0	-1.0	95.0	
1504195532850	832211969308	10.0	-32.0	-1.0	95.0	
1504195532867	832232110910	10.0	-32.0	-1.0	95.0	
1504195532884	832252252511	10.0	-32.0	-1.0	95.0	
1504195532920	832272394113	10.0	-32.0	-1.0	95.0	
1504195532940	832292535714	10.0	-32.0	-1.2582244873046875	95.0	
1504195532957	832312677316	10.0	-32.0	-2.0	95.0	
1504195532973	832332818918	10.0	-32.54591369628906	-2.0	95.0	
1504195532991	832352960519	10.0	-33.0	-2.0	95.0	
1504195533008	832373102121	10.0	-33.0	-2.0	95.0	
1504195533025	832393243722	9.022537231445313	-33.0	-2.0	95.0	
1504195533059	832413385324	9.0	-33.0	-2.0	95.0	
1504195533078	832433526925	9.0	-33.0	-2.0	95.0	
1504195533097	832453668527	9.0	-33.0	-2.0	95.0	
1504195533114	832473810129	9.0	-33.0	-2.0	95.0	
1504195533132	832493951730	9.0	-33.0	-2.0	95.0	
1504195533152	832514093332	9.0	-33.0	-1.1611785888671875	95.0	
1504195533167	832534234933	9.0	-33.0	-1.0	95.0	
1504195533201	832554376535	9.0	-33.0	-1.0	95.0	
1504195533220	832574518136	9.0	-33.0	-1.0	95.0	
1504195533237	832594659738	9.0	-33.0	-1.0	95.0	
1504195533257	832614801339	9.0	-33.0	-1.0	95.0	
1504195533274	832634942941	9.0	-33.0	-1.0	95.0	
1504195533289	832655084543	9.0	-33.0	-0.1542510986328125	95.0	
1504195533309	832675226144	9.0	-33.0	0.0	95.0	
1504195533342	832695367746	9.0	-33.0	0.0	95.0	
1504195533370	832715509347	9.0	-33.0	-0.2755584716796875	95.0	
1504195533380	832735650949	9.0	-33.0	-1.0	95.0	
1504195533398	832755792550	9.0	-33.0	-1.0	95.0	
1504195533415	832775934152	9.0	-33.0	-1.70709228515625	95.0	
1504195533431	832796075754	9.0	-33.0	-2.0	95.0	
1504195533449	832816217355	9.0	-33.0	-2.0	95.0	
1504195533482	832836358957	9.0	-33.0	-2.0	95.0	
1504195533501	832856500558	9.0	-33.0	-2.0	95.0	
1504195533519	832876642160	9.0	-33.0	-2.0	95.0	
1504195533536	832896783761	9.0	-33.0	-2.0	95.0	
1504195533554	832916925363	9.0	-33.0	-2.0	95.0	
1504195533572	832937066964	9.0	-33.0	-2.0	95.0	
1504195533607	832957208566	9.0	-33.0	-2.0	95.0	
1504195533623	832977350168	9.0	-33.0	-1.85443115234375	95.0	
1504195533642	832997491769	9.0	-33.0	-1.0	95.0	
1504195533661	833017633371	9.0	-33.0	-1.0	95.0	
1504195533679	833037774972	9.0	-33.0	-1.0	95.0	
1504195533698	833057916574	9.0	-33.0	-1.0	95.0	
1504195533714	833078058175	9.0	-33.0	-1.0	95.0	
1504195533749	833098199777	9.0	-33.0	-1.0	95.0	
1504195533766	833118341379	9.0	-33.0	-1.1507720947265625	95.0	
1504195533784	833138482980	9.0	-33.0	-2.0	95.0	
1504195533805	833158624582	9.0	-33.0	-2.0	95.0	
1504195533819	833178766183	9.0	-33.0	-2.0	95.0	
1504195533838	833198907785	9.0	-33.0	-2.0	95.0	
1504195533854	833219049386	9.0	-33.0	-2.0	95.0	
1504195533889	833239190988	9.0	-33.0	-2.0	95.0	
1504195533905	833259332589	9.0	-33.0	-2.0	95.0	
1504195533924	833279474191	9.0	-33.0	-2.0	95.0	
1504195533942	833299615793	9.0	-33.0	-2.0	95.0	
1504195533959	833319757394	9.0	-33.0	-2.0	95.0	
1504195533976	833339898996	9.0	-33.0	-2.0	95.0	
1504195533998	833360040597	9.0	-33.0	-2.0	95.0	
1504195534031	833380182199	9.0	-33.0	-2.0	95.0	
1504195534047	833400323800	9.0	-33.0	-2.0	95.0	
1504195534068	833420465402	9.0	-33.0	-2.0	95.0	
1504195534084	833440607004	9.0	-33.0	-2.0	95.0	
1504195534103	833460748605	9.0	-33.0	-2.0	95.0	
1504195534118	833480890207	9.0	-33.0	-2.0	95.0	
1504195534136	833501031808	9.0	-33.0	-2.0	95.0	
1504195534172	833521173410	9.0	-33.0	-2.0	95.0	
1504195534190	833541315011	9.0	-33.0	-2.0	95.0	
1504195534207	833561456613	9.0	-33.0	-2.0	95.0	
1504195534229	833581598214	9.0	-33.0	-2.0	95.0	
1504195534242	833601739816	9.0	-33.0	-2.0	95.0	
1504195534260	833621881418	9.0	-33.0	-2.0	95.0	
1504195534277	833642023019	9.0	-33.0	-2.0	95.0	
1504195534314	833662164621	9.0	-33.0	-2.0	95.0	
1504195534328	833682306222	9.0	-33.0	-2.0	95.0	
1504195534347	833702447824	9.0	-33.0	-2.0	95.0	
1504195534366	833722589425	9.0	-33.0	-2.0	95.0	
1504195534383	833742731027	9.0	-33.0	-2.0	95.0	
1504195534400	833762872629	9.0	-33.0	-2.0	95.0	
1504195534419	833783014230	9.0	-33.0	-2.0	95.0	
1504195534454	833803155832	9.0	-33.0	-2.0	95.0	
1504195534469	833823297433	9.0	-33.0	-2.0	95.0	
1504195534489	833843439035	9.0	-33.0	-2.0	95.0	
1504195534510	833863580636	9.0	-33.0	-2.0	95.0	
1504195534526	833883722238	9.0	-33.0	-2.0	95.0	
1504195534542	833903863839	9.0	-33.0	-2.0	95.0	
1504195534559	833924005441	9.0	-33.0	-2.0	95.0	
1504195534593	833944147043	9.0	-33.0	-2.0	95.0	
1504195534612	833964288644	9.0	-33.0	-2.0	95.0	
1504195534630	833984430246	9.0	-33.0	-2.0	95.0	
1504195534648	834004571847	9.0	-33.0	-2.0	95.0	
1504195534666	834024713449	9.0	-33.0	-2.0	95.0	
1504195534684	834044855050	9.0	-33.0	-2.0	95.0	
1504195534701	834064996652	9.0	-33.0	-2.0	95.0	
1504195534737	834085138254	9.0	-33.0	-2.0	95.0	
1504195534754	834105279855	9.0	-33.0	-2.0	95.0	
1504195534769	834125421457	9.0	-33.0	-2.0	95.0	
1504195534788	834145563058	9.0	-33.0	-2.0	95.0	
1504195534805	834165704660	9.0	-33.0	-2.0	95.0	
1504195534823	834185846261	9.0	-33.0	-2.0	95.0	
1504195534842	834205987863	9.0	-33.0	-2.0	95.0	
1504195534877	834226129464	9.0	-33.0	-2.0	95.0	
1504195534894	834246271066	9.0	-33.0	-2.0	95.0	
1504195534911	834266412668	9.0	-33.0	-2.0	95.0	
1504195534929	834286554269	9.0	-33.0	-2.0	95.0	
1504195534949	834306695871	9.0	-33.0	-2.0	95.0	
1504195534965	834326837472	9.0	-33.0	-2.0	95.0	
1504195534983	834346979074	9.0	-33.0	-2.0	95.0	
1504195535018	834367120675	9.0	-33.0	-1.9376220703125	95.0	
1504195535035	834387262277	8.79376220703125	-33.0	-1.0	95.0	
1504195535053	834407403879	8.0	-33.0	-1.0	95.0	
1504195535070	834427545480	8.0	-33.0	-1.0	95.0	
1504195535088	834447687082	8.0	-33.0	-1.0	95.0	
1504195535107	834467828683	8.0	-33.0	-1.0	95.0	
1504195535122	834487970285	8.0	-33.0	-1.0	95.0	
1504195535160	834508111886	7.0	-32.0	-1.0	95.0	
1504195535176	834528253488	7.0	-32.0	-0.78857421875	95.0	
1504195535194	834548395089	6.64471435546875	-32.0	0.0	95.0	
1504195535211	834568536691	6.0	-32.0	0.0	95.0	
1504195535229	834588678293	6.0	-32.0	0.0	95.0	
1504195535246	834608819894	6.0	-32.0	0.0	95.0	
1504195535264	834628961496	6.0	-32.0	0.0	95.0	
1504195535299	834649103097	5.9254913330078125	-32.0	0.0	95.0	
1504195535317	834669244699	5.0	-32.0	0.2183685302734375	95.0	
1504195535335	834689386300	5.0	-32.0	1.0	95.0	
1504195535352	834709527902	5.0	-32.50605773925781	1.0	95.0	
1504195535371	834729669504	5.0	-33.0	1.64990234375	95.0	
1504195535386	834749811105	5.0	-33.0	2.0	95.0	
1504195535406	834769952707	5.0	-33.0	2.0	95.0	
1504195535440	834790094308	5.0	-32.91868591308594	2.0	95.0	
1504195535458	834810235910	5.0	-32.0	2.0	95.0	
1504195535475	834830377511	5.0	-32.0	2.0	95.0	
1504195535493	834850519113	5.0	-32.0	2.0	95.0	
1504195535511	834870660714	5.0	-32.0	1.3448944091796875	95.0	
1504195535528	834890802316	5.0	-32.0	1.0	95.0	
1504195535546	834910943918	5.0	-32.0	1.0	95.0	
1504195535583	834931085519	5.0	-32.0	0.0	95.0	
1504195535599	834951227121	5.0	-32.0	0.0	95.0	
1504195535616	834971368722	5.0	-32.0	0.0	95.0	
1504195535635	834991510324	5.0	-32.0	0.0	95.0	
1504195535650	835011651925	5.0	-32.0	-0.6620330810546875	95.0	
1504195535670	835031793527	5.0	-32.0	-1.0	95.0	
1504195535689	835051935129	5.0	-32.0	-1.0	95.0	
1504195535722	835072076730	5.0	-32.0	-1.0	95.0	
1504195535740	835092218332	5.0	-32.23701477050781	-1.0	95.0	
1504195535757	835112359933	5.0	-33.0	-1.0	95.0	
1504195535775	835132501535	5.5233917236328125	-33.0	-1.0	95.0	
1504195535793	835152643136	6.0	-33.0	-1.0	95.0	
1504195535810	835172784738	6.0	-33.0	-1.0	95.0	
1504195535828	835192926339	6.0	-33.0	-1.0	95.0	
1504195535863	835213067941	6.0	-33.0	-1.0	95.0	
1504195535881	835233209543	6.0	-33.0	-1.0	95.0	
1504195535899	835253351144	6.0	-33.0	-1.0	95.0	
1504195535915	835273492746	6.0	-32.46968078613281	-1.0	95.0	
1504195535934	835293634347	6.0	-32.0	-1.0	95.0	
1504195535953	835313775949	6.0	-32.0	-1.0	95.0	
1504195535969	835333917550	6.0	-32.0	-1.0	95.0	
1504195536006	835354059152	6.0	-33.0	-0.894287109375	95.0	
1504195536022	835374200754	6.0	-33.0	0.0	95.0	
1504195536038	835394342355	6.0	-33.0	0.0	95.0	
1504195536057	835414483957	6.0	-33.0	-0.5355224609375	95.0	
1504195536074	835434625558	6.0	-33.0	-1.0	95.0	
1504195536092	835454767160	6.0	-33.0	-1.0	95.0	
1504195536111	835474908761	6.0	-33.0	-1.0	95.0	
1504195536145	835495050363	6.0	-33.0	-1.0	95.0	
1504195536163	835515191964	6.0	-33.0	-1.0	95.0	
1504195536179	835535333566	6.0	-33.0	-1.0	95.0	
1504195536198	835555475168	6.0	-33.0	-1.0	95.0	
1504195536217	835575616769	6.0	-33.0	-0.3137054443359375	95.0	
1504195536233	835595758371	6.0	-33.0	0.0	95.0	
1504195536251	835615899972	6.0	-33.0	0.0	95.0	
1504195536286	835636041574	6.0	-33.0	0.0	95.0	
1504195536304	835656183175	6.0	-33.0	0.0	95.0	
1504195536320	835676324777	6.0	-33.0	0.0	95.0	
1504195536339	835696466379	6.0	-33.0	0.0	95.0	
1504195536357	835716607980	6.691497802734375	-33.0	0.0	95.0	
1504195536375	835736749582	7.0	-33.0	0.0	95.0	
1504195536392	835756891183	7.0	-33.0	0.0	95.0	
1504195536429	835777032785	7.0	-32.0	0.0	95.0	
1504195536445	835797174386	7.0	-32.0	0.0	95.0	
1504195536461	835817315988	7.0	-32.0	0.0	95.0	
1504195536480	835837457589	7.0	-32.0	0.0	95.0	
1504195536498	835857599191	7.0	-32.0	0.0	95.0	
1504195536515	835877740793	7.0	-32.0	0.0	95.0	
1504195536534	835897882394	7.0	-32.0	0.0	95.0	
1504195536568	835918023996	7.0	-32.0	0.0	95.0	
1504195536585	835938165597	7.0	-32.0	0.0	95.0	
1504195536602	835958307199	7.0	-32.0	0.0	95.0	
1504195536621	835978448800	7.0	-32.0	0.0	95.0	
1504195536640	835998590402	7.0	-32.0	0.0	95.0	
1504195536657	836018732004	7.0	-32.0	0.0	95.0	
1504195536674	836038873605	7.0	-32.0	0.0	95.0	
1504195536710	836059015207	7.0	-32.0	0.0	95.0	
1504195536727	836079156808	7.0	-32.0	0.0	95.0	
1504195536745	836099298410	7.0	-32.0	0.0	95.0	
1504195536761	836119440011	7.0	-32.56671142578125	0.0	95.0	
1504195536780	836139581613	7.0	-33.0	0.0	95.0	
1504195536799	836159723214	7.0	-33.0	0.0	95.0	
1504195536816	836179864816	7.0	-33.0	0.0	95.0	
1504195536857	836200006418	7.0	-33.0	0.0	95.0	
1504195536871	836220148019	7.0	-33.0	0.0	95.0	
1504195536891	836240289621	7.0	-33.0	0.0	95.0	
1504195536908	836260431222	7.0	-33.0	0.0	95.0	
1504195536924	836280572824	6.282501220703125	-33.0	0.0	95.0	
1504195536940	836300714425	6.0	-33.0	0.0	95.0	
1504195536981	836320856027	6.0	-33.0	0.0	95.0	
1504195537009	836340997629	6.0	-33.0	0.0	95.0	
1504195537040	836361139230	6.0	-33.0	0.0	95.0	
1504195537071	836381280832	6.0	-33.0	0.0	95.0	
1504195537090	836401422433	6.0	-33.0	-0.5788421630859375	95.0	
1504195537117	836421564035	6.0	-33.0	-1.0	95.0	
1504195537152	836441705636	6.0	-33.0	-1.0	95.0	
1504195537207	836461847238	6.0	-33.0	-2.0	95.0	
1504195537234	836481988839	6.0	-32.84576416015625	-1.84576416015625	95.0	
1504195537272	836502130441	6.0	-32.0	-1.0	95.0	
1504195537304	836522272043	6.0	-32.0	-1.0	95.0	
1504195537322	836542413644	6.0	-32.0	-1.0	95.0	
1504195537348	836562555246	6.0	-32.0	-1.7296295166015625	95.0	
1504195537382	836582696847	6.0	-32.0	-2.0	95.0	
1504195537422	836602838449	6.0	-32.0	-2.0	95.0	
1504195537431	836622980050	6.0	-32.0	-1.8405609130859375	95.0	
1504195537437	836643121652	6.0	-32.0	-1.0	95.0	
1504195537445	836663263254	6.0	-32.0	-1.0	95.0	
1504195537451	836683404855	6.0	-32.0	-1.0	95.0	
1504195537460	836703546457	6.0	-32.0	-1.0	95.0	
1504195537468	836723688058	6.0	-32.0	-1.0	95.0	
1504195537484	836743829660	6.0	-32.02252197265625	-1.0	95.0	
1504195537492	836763971261	6.0	-33.0	-1.0	95.0	
1504195537502	836784112863	6.0	-33.0	-0.689788818359375	95.0	
1504195537512	836804254464	6.0	-33.0	0.0	95.0	
1504195537521	836824396066	6.0	-33.59791564941406	0.0	95.0	
1504195537530	836844537668	6.0	-34.0	0.0	95.0	
1504195537555	836864679269	6.0	-34.0	0.0	95.0	
1504195537596	836884820871	6.0	-33.0	0.0	95.0	
1504195537625	836904962472	6.0	-33.0	0.0	95.0	
1504195537654	836925104074	6.0	-33.0	0.0	95.0	
1504195537686	836945245675	6.0	-33.0	0.0	95.0	
1504195537709	836965387277	6.0	-33.0	-0.603118896484375	95.0	
1504195537732	836985528879	6.0	-33.0	-1.0	95.0	
1504195537763	837005670480	6.0	-33.0	-1.0	95.0	
1504195537803	837025812082	6.0	-33.03465270996094	-1.0	95.0	
1504195537820	837045953683	6.0	-34.0	-1.0	95.0	
1504195537831	837066095285	6.0	-34.0	-1.0	95.0	
1504195537840	837086236886	6.0	-34.46620178222656	-1.0	95.0	
1504195537847	837106378488	6.0	-35.0	-1.0	95.0	
1504195537855	837126520089	6.0	-35.0	-1.0	95.0	
1504195537868	837146661691	6.0	-35.0	-1.0	95.0	
1504195537886	837166803293	6.0	-34.0	-1.0	95.0	
1504195537894	837186944894	6.0	-34.0	-1.0	95.0	
1504195537905	837207086496	6.0	-34.0	-1.0	95.0	
1504195537917	837227228097	6.0	-34.0	-1.4713897705078125	95.0	
1504195537924	837247369699	6.0	-34.0	-2.0	95.0	
1504195537931	837267511300	6.0	-34.0	-2.0	95.0	
1504195537942	837287652902	6.0	-34.0	-2.0	95.0	
1504195537961	837307794504	6.0	-34.0	-2.0	95.0	
1504195537978	837327936105	6.0	-34.0	-2.0	95.0	
1504195537995	837348077707	6.0	-34.0	-2.0	95.0	
1504195538013	837368219308	6.0	-34.0	-2.0	95.0	
1504195538030	837388360910	6.0	-34.0	-2.0	95.0	
1504195538048	837408502511	6.0	-34.0	-2.0	95.0	
1504195538067	837428644113	6.0	-34.0	-2.0	95.0	
1504195538102	837448785714	6.0	-34.0	-1.9462890625	95.0	
1504195538119	837468927316	6.0	-34.0	-1.0	95.0	
1504195538139	837489068918	6.0	-34.0	-1.0	95.0	
1504195538157	837509210519	6.0	-34.0	-1.0	95.0	
1504195538174	837529352121	6.0	-34.0	-1.0	95.0	
1504195538189	837549493722	6.0	-34.0	-1.7712249755859375	95.0	
1504195538206	837569635324	6.0	-34.0	-2.0	95.0	
1504195538242	837589776925	6.0	-34.05891418457031	-2.0	95.0	
1504195538265	837609918527	6.0	-35.0	-2.0	95.0	
1504195538279	837630060129	6.0	-35.0	-2.0	95.0	
1504195538297	837650201730	6.0	-34.50953674316406	-2.0	95.0	
1504195538313	837670343332	6.0	-34.0	-2.0	95.0	
1504195538332	837690484933	6.0	-34.0	-2.0	95.0	
1504195538346	837710626535	6.0	-34.0	-2.0	95.0	
1504195538386	837730768136	6.0	-34.0	-2.0	95.0	
1504195538401	837750909738	6.0	-34.0	-2.0	95.0	
1504195538418	837771051339	6.0	-34.0	-2.0	95.0	
1504195538437	837791192941	6.0	-34.0	-2.0	95.0	
1504195538453	837811334543	6.0	-34.0	-2.0	95.0	
1504195538470	837831476144	6.0	-34.0	-2.0	95.0	
1504195538489	837851617746	6.0	-34.0	-2.0	95.0	
1504195538524	837871759347	6.0	-34.0	-2.0	95.0	
1504195538542	837891900949	6.0	-34.0	-2.0	95.0	
1504195538560	837912042550	6.0	-34.0	-2.0	95.0	
1504195538577	837932184152	6.0	-34.0	-2.0	95.0	
1504195538597	837952325754	6.0	-34.0	-2.0	95.0	
1504195538614	837972467355	6.0	-34.0	-2.0	95.0	
1504195538629	837992608957	6.0	-34.0	-2.0	95.0	
1504195538664	838012750558	6.0	-34.0	-2.0	95.0	
1504195538683	838032892160	6.0	-34.0	-2.0	95.0	
1504195538701	838053033761	6.0	-34.0	-2.0	95.0	
1504195538718	838073175363	6.0	-34.0	-2.0	95.0	
1504195538735	838093316964	6.0	-34.0	-2.0	95.0	
1504195538754	838113458566	6.0	-34.0	-2.0	95.0	
1504195538771	838133600168	6.0	-34.0	-2.0	95.0	
1504195538809	838153741769	6.0	-34.0	-2.0	95.0	
1504195538824	838173883371	6.0	-34.0	-2.0	95.0	
1504195538842	838194024972	6.0	-34.0	-2.0	95.0	
1504195538860	838214166574	6.0	-34.0	-2.0	95.0	
1504195538878	838234308175	6.0	-34.0	-2.0	95.0	
1504195538894	838254449777	6.0	-34.0	-2.0	95.0	
1504195538914	838274591379	6.0	-34.0	-2.0	95.0	
1504195538947	838294732980	6.0	-34.0	-2.0	95.0	
1504195538965	838314874582	6.0	-34.0	-2.0	95.0	
1504195538983	838335016183	6.0	-34.0	-1.6221923828125	95.0	
1504195538999	838355157785	6.0	-34.0	-1.0	95.0	
1504195539022	838375299386	6.0	-34.0	-1.0	95.0	
1504195539036	838395440988	6.0	-34.0	-1.0	95.0	
1504195539055	838415582589	6.0	-34.0	-1.0	95.0	
1504195539090	838435724191	6.0	-34.0	-1.0	95.0	
1504195539106	838455865793	6.0	-34.0	-1.0	95.0	
1504195539124	838476007394	6.0	-34.0	-1.0	95.0	
1504195539141	838496148996	6.0	-34.0	-1.0	95.0	
1504195539159	838516290597	6.0	-34.0	-1.0	95.0	
1504195539178	838536432199	6.0	-34.0	-1.0	95.0	
1504195539195	838556573800	6.0	-34.0	-1.0	95.0	
1504195539232	838576715402	6.0	-34.0	-1.0	95.0	
1504195539247	838596857004	6.0	-34.0	-1.0	95.0	
1504195539264	838616998605	6.0	-34.0	-1.0	95.0	
1504195539282	838637140207	6.0	-34.0	-1.0	95.0	
1504195539299	838657281808	6.0	-34.0	-1.0	95.0	
1504195539317	838677423410	6.0	-34.0	-1.0	95.0	
1504195539336	838697565011	6.0	-34.0	-1.0	95.0	
1504195539369	838717706613	6.0	-34.0	-1.0	95.0	
1504195539388	838737848214	6.0	-34.0	-1.0	95.0	
1504195539405	838757989816	6.0	-34.0	-1.0	95.0	
1504195539423	838778131418	6.0	-34.0	-1.0	95.0	
1504195539442	838798273019	6.0	-34.0	-1.0	95.0	
1504195539459	838818414621	6.0	-34.0	-1.0	95.0	
1504195539477	838838556222	6.0	-34.0	-1.0	95.0	
1504195539510	838858697824	6.0	-34.0	-1.0	95.0	
1504195539528	838878839425	6.0	-34.0	-1.0	95.0	
1504195539546	838898981027	6.0	-34.0	-1.0	95.0	
1504195539564	838919122629	6.0	-34.0	-1.0	95.0	
1504195539584	838939264230	6.0	-34.0	-0.3102264404296875	95.0	
1504195539603	838959405832	6.0	-34.0	0.0	95.0	
1504195539617	838979547433	6.0	-34.0	-0.9774627685546875	95.0	
1504195539652	838999689035	6.0	-34.0	-1.0	95.0	
1504195539670	839019830636	6.0	-34.0	-1.0	95.0	
1504195539687	839039972238	6.0	-34.0	-1.0	95.0	
1504195539706	839060113839	6.0	-34.0	-1.0	95.0	
1504195539723	839080255441	6.0	-34.0	-1.0	95.0	
1504195539740	839100397043	6.0	-34.0	-1.0	95.0	
1504195539759	839120538644	6.0	-34.0	-1.0	95.0	
1504195539793	839140680246	6.0	-34.0	-1.0	95.0	
1504195539811	839160821847	6.0	-34.0	-1.0	95.0	
1504195539829	839180963449	6.0	-34.0	-1.0	95.0	
1504195539846	839201105050	6.0	-34.0	-1.0	95.0	
1504195539865	839221246652	6.0	-34.0	-1.0	95.0	
1504195539882	839241388254	6.0	-34.0	-1.0	95.0	
1504195539899	839261529855	6.0	-34.0	-1.0	95.0	
1504195539933	839281671457	6.0	-34.0	-1.0	95.0	
1504195539953	839301813058	6.0	-34.0	-1.0	95.0	
1504195539970	839321954660	6.0	-34.0	-1.0	95.0	
1504195539988	839342096261	6.0	-34.0	-1.0	95.0	
1504195540009	839362237863	6.0	-34.0	-1.0	95.0	
1504195540026	839382379464	6.0	-34.0	-1.0	95.0	
1504195540041	839402521066	6.0	-34.0	-1.0	95.0	
1504195540078	839422662668	6.0	-34.0	-1.0	95.0	
1504195540092	839442804269	6.0	-34.0	-1.0	95.0	
1504195540110	839462945871	6.0	-34.0	-1.0	95.0	
1504195540129	839483087472	6.0	-34.0	-1.0	95.0	
1504195540145	839503229074	6.0	-34.0	-1.0	95.0	
1504195540163	839523370675	6.0	-34.0	-1.0	95.0	
1504195540199	839543512277	6.0	-34.0	-1.0	95.0	
1504195540217	839563653879	6.0	-34.0	-1.0	95.0	
1504195540233	839583795480	6.0	-34.0	-1.0	95.0	
1504195540253	839603937082	6.0	-34.0	-1.0	95.0	
1504195540269	839624078683	6.0	-34.0	-1.0	95.0	
1504195540287	839644220285	6.0	-34.0	-1.0	95.0	
1504195540304	839664361886	6.0	-34.0	-1.0	95.0	
1504195540340	839684503488	6.0	-34.0	-1.0	95.0	
1504195540357	839704664089	6.0	-34.0	-1.0	95.0	
1504195540373	839724805691	6.0	-34.0	-1.0	95.0	
1504195540393	839744947293	6.0	-34.0	-1.0	95.0	
1504195540410	839765088894	6.0	-34.0	-1.0	95.0	
1504195540428	839785230496	6.0	-34.0	-1.0	95.0	
1504195540447	839805372097	6.0	-34.87001037597656	-1.0	95.0	
1504195540481	839825513699	6.0	-35.0	-1.0	95.0	
1504195540498	839845655300	6.1576995849609375	-35.0	-1.0	95.0	
1504195540515	839865796902	7.0	-35.0	-1.0	95.0	
1504195540534	839885938504	7.0	-35.0	-1.0	95.0	
1504195540553	839906080105	7.0	-34.42169189453125	-1.0	95.0	
1504195540569	839926221707	7.0	-34.0	-1.0	95.0	
1504195540586	839946363308	7.0	-34.0	-1.0	95.0	
1504195540606	839966504910	7.0	-34.0	-1.0	95.0	
1504195540640	839986646511	7.0	-34.0	-1.0	95.0	
1504195540657	840006788113	7.0	-34.0	-1.0	95.0	
1504195540674	840026929714	7.0	-34.0	-1.0	95.0	
1504195540692	840047071316	7.0	-34.0	-1.0	95.0	
1504195540711	840067212918	7.0	-34.0	-1.0	95.0	
1504195540728	840087354519	7.0	-34.0	-1.0	95.0	
1504195540746	840107496121	7.0	-34.0	-1.0	95.0	
1504195540780	840127637722	7.0722808837890625	-34.0	0.0	95.0	
1504195540798	840147779324	8.0	-34.0	0.0	95.0	
1504195540814	840167920925	8.0	-33.65577697753906	0.0	95.0	
1504195540834	840188062527	8.0	-33.0	0.0	95.0	
1504195540850	840208204129	8.0	-33.0	0.0	95.0	
1504195540870	840228345730	8.0	-33.0	0.0	95.0	
1504195540887	840248487332	8.0	-33.0	0.0	95.0	
1504195540923	840268628933	8.0	-33.97590637207031	0.0	95.0	
1504195540940	840288770535	8.0	-33.0	0.0	95.0	
1504195540956	840308912136	7.7039642333984375	-33.0	0.0	95.0	
1504195540977	840329053738	7.0	-33.0	0.0	95.0	
1504195540992	840349195339	7.0	-33.0	0.0	95.0	
1504195541010	840369336941	7.0	-33.0	0.0	95.0	
1504195541029	840389478543	7.0	-33.0	0.0	95.0	
1504195541045	840409620144	7.0	-33.0	0.0	95.0	
1504195541081	840429761746	7.0	-33.0	0.0	95.0	
1504195541096	840449903347	7.0	-33.0	0.0	95.0	
1504195541116	840470044949	7.0	-33.0	0.0	95.0	
1504195541135	840490186550	7.0	-33.0	0.0	95.0	
1504195541150	840510328152	7.65576171875	-33.0	0.0	95.0	
1504195541168	840530469754	8.0	-33.0	0.0	95.0	
1504195541186	840550611355	8.0	-33.0	0.0	95.0	
1504195541220	840570752957	8.0	-33.0	0.0636749267578125	95.0	
1504195541237	840590894558	8.0	-33.0	1.0	95.0	
1504195541256	840611036160	8.0	-33.0	1.0	95.0	
1504195541273	840631177761	8.0	-33.0	1.0	95.0	
1504195541293	840651319363	8.0	-33.0	1.6075592041015625	95.0	
1504195541309	840671460964	8.0	-33.0	2.0	95.0	
1504195541326	840691602566	8.0	-33.0	2.0	95.0	
1504195541362	840711744168	9.0	-33.0	2.0	95.0	
1504195541380	840731885769	9.0	-32.848541259765625	2.0	95.0	
1504195541396	840752027371	9.0	-32.0	2.0	95.0	
1504195541415	840772168972	9.0	-32.0	2.42340087890625	95.0	
1504195541433	840792310574	9.0	-32.0	3.0	95.0	
1504195541452	840812452175	9.0	-32.0	3.0	95.0	
1504195541468	840832593777	9.831314086914063	-32.0	3.0	95.0	
1504195541485	840852735379	10.0	-32.0	3.0	95.0	
1504195541519	840872876980	10.0	-32.0	3.0	95.0	
1504195541538	840893018582	10.0	-32.0	3.0	95.0	
1504195541556	840913160183	10.0	-32.0	3.0	95.0	
1504195541573	840933301785	10.0	-32.0	3.0	95.0	
1504195541591	840953443386	10.0	-32.0	3.0	95.0	
1504195541610	840973584988	10.0	-32.0	2.2168731689453125	95.0	
1504195541626	840993726589	10.0	-32.0	2.0	95.0	
1504195541661	841013868191	10.0	-32.0	2.0	95.0	
1504195541680	841034009793	10.0	-32.0	2.0	95.0	
1504195541697	841054151394	10.0	-32.0	2.0	95.0	
1504195541716	841074292996	10.0	-32.0	2.0	95.0	
1504195541732	841094434597	10.0	-32.0	2.0	95.0	
1504195541750	841114576199	10.0	-32.0	2.0	95.0	
1504195541767	841134717800	10.0	-32.0	2.0	95.0	
1504195541802	841154859402	10.0	-32.0	2.0	95.0	
1504195541823	841175001004	10.0	-31.857147216796875	1.857147216796875	95.0	
1504195541838	841195142605	10.0	-31.0	1.0	95.0	
1504195541856	841215284207	10.0	-31.0	1.0	95.0	
1504195541875	841235425808	10.0	-31.0	1.0	95.0	
1504195541891	841255567410	10.0	-31.0	1.0	95.0	
1504195541910	841275709011	10.0	-31.0	1.0	95.0	
1504195541926	841295850613	10.0	-31.0	1.0	95.0	
1504195541961	841315992214	10.0	-31.0	1.0	95.0	
1504195541980	841336133816	10.0	-31.0	1.0	95.0	
1504195541997	841356275418	10.0	-31.0	0.633392333984375	95.0	
1504195542014	841376417019	10.0	-31.0	0.0	95.0	
1504195542035	841396558621	10.0	-31.0	0.0	95.0	
1504195542049	841416700222	10.0	-31.0	0.0	95.0	
1504195542067	841436841824	10.0	-31.0	0.0	95.0	
1504195542102	841456983425	10.0	-31.0	0.0	95.0	
1504195542119	841477125027	10.0	-31.0	0.0	95.0	
1504195542138	841497266629	10.0	-31.0	0.0	95.0	
1504195542155	841517408230	10.0	-31.0	0.0	95.0	
1504195542173	841537549832	10.0	-31.0	0.0	95.0	
1504195542191	841557691433	10.0	-31.0	0.0	95.0	
1504195542208	841577833035	10.0	-31.0	0.0	95.0	
1504195542224	841597974636	10.0	-31.0	0.0	95.0	
1504195542261	841618116238	10.0	-31.0	0.0	95.0	
1504195542278	841638257839	10.0	-31.0	0.0	95.0	
1504195542297	841658399441	10.0	-31.0	0.0	95.0	
1504195542314	841678541043	10.0	-31.0	0.0	95.0	
1504195542332	841698682644	10.0	-31.0	0.0	95.0	
1504195542349	841718824246	10.0	-31.0	0.0	95.0	
1504195542367	841738965847	10.0	-31.0	0.0	95.0	
1504195542402	841759107449	10.0	-31.0	0.0	95.0	
1504195542420	841779249050	10.0	-31.0	0.0	95.0	
1504195542437	841799390652	10.0	-30.556533813476563	0.0	95.0	
1504195542457	841819532254	10.0	-30.0	0.0	95.0	
1504195542472	841839673855	9.262161254882813	-30.0	0.0	95.0	
1504195542489	841859815457	9.0	-30.0	0.0	95.0	
1504195542525	841879957058	9.033035278320313	-30.0	0.0	95.0	
1504195542543	841900098660	10.0	-30.0	0.0	95.0	
1504195542562	841920240261	10.0	-30.0	0.0	95.0	
1504195542580	841940381863	10.0	-30.0	0.0	95.0	
1504195542599	841960523464	10.0	-30.0	0.0	95.0	
1504195542616	841980665066	10.0	-30.0	0.0	95.0	
1504195542643	842000806668	10.0	-30.0	0.0	95.0	
1504195542686	842020948269	10.0	-30.0	0.0	95.0	
1504195542702	842041089871	10.0	-30.0	0.0	95.0	
1504195542720	842061231472	10.0	-30.0	0.0	95.0	
1504195542730	842081373074	10.0	-30.0	0.0	95.0	
1504195542741	842101514675	10.0	-30.0	0.0	95.0	
1504195542757	842121656277	10.0	-30.0	0.0	95.0	
1504195542773	842141797879	10.0	-30.0	0.0	95.0	
1504195542808	842161939480	10.0	-30.0	0.0	95.0	
1504195542848	842182081082	10.0	-30.0	0.0	95.0	
1504195542858	842202222683	10.0	-30.0	0.0	95.0	
1504195542864	842222364285	10.0	-30.0	0.0	95.0	
1504195542882	842242505886	10.0	-30.0	0.0	95.0	
1504195542905	842262647488	10.0	-30.0	0.0	95.0	
1504195542912	842282789089	10.0	-30.0	0.0	95.0	
1504195542962	842302930691	10.0	-30.0	0.0	95.0	
1504195542996	842323072293	10.0	-30.0	0.0	95.0	
1504195543027	842343213894	10.0	-30.0	0.0	95.0	
1504195543050	842363355496	10.0	-30.0	0.0	95.0	
1504195543059	842383497097	10.0	-30.0	0.0	95.0	
1504195543071	842403638699	10.0	-30.0	0.0	95.0	
1504195543083	842423780300	10.0	-30.0	0.0	95.0	
1504195543093	842443921902	10.0	-30.0	0.0	95.0	
1504195543132	842464063504	10.0	-30.0	0.0	95.0	
1504195543145	842484205105	10.0	-30.0	0.0	95.0	
1504195543154	842504346707	10.0	-30.0	0.0	95.0	
1504195543175	842524488308	10.0	-30.0	0.0	95.0	
1504195543182	842544629910	9.097396850585938	-30.0	0.0	95.0	
1504195543212	842564771511	9.0	-30.0	0.0	95.0	
1504195543230	842584913113	9.0	-30.196517944335938	0.0	95.0	
1504195543249	842605054714	9.0	-31.0	0.0	95.0	
1504195543265	842625196316	9.492172241210938	-31.0	0.0	95.0	
1504195543282	842645337918	10.0	-31.0	0.0	95.0	
1504195543303	842665479519	10.0	-30.212188720703125	0.0	95.0	
1504195543317	842685621121	10.0	-30.0	0.0	95.0	
1504195543354	842705762722	10.0	-30.0	0.0	95.0	
1504195543372	842725904324	10.0	-30.0	0.0	95.0	
1504195543389	842746045925	10.0	-30.0	0.0	95.0	
1504195543409	842766187527	10.0	-30.0	0.0	95.0	
1504195543427	842786329129	10.0	-30.0	0.0	95.0	
1504195543443	842806470730	10.0	-30.0	0.0	95.0	
1504195543459	842826612332	10.0	-30.0	0.0	95.0	
1504195543495	842846753933	10.0	-30.0	0.0	95.0	
1504195543512	842866895535	10.0	-30.262603759765625	0.0	95.0	
1504195543531	842887037136	10.0	-31.0	0.0	95.0	
1504195543548	842907178738	10.0	-31.0	0.0	95.0	
1504195543567	842927320339	10.0	-31.0	0.0	95.0	
1504195543584	842947461941	10.0	-31.0	0.0	95.0	
1504195543599	842967603543	10.0	-31.0	0.0	95.0	
1504195543636	842987745144	10.0	-30.852188110351563	0.0	95.0	
1504195543654	843007886746	10.0	-30.0	0.0	95.0	
1504195543675	843028028347	10.0	-30.0	0.0	95.0	
1504195543689	843048169949	10.0	-30.0	0.0	95.0	
1504195543706	843068311550	10.0	-30.0	0.0	95.0	
1504195543725	843088453152	10.0	-30.885208129882813	0.0	95.0	
1504195543759	843108594754	10.0	-31.0	0.0	95.0	
1504195543777	843128736355	10.0	-31.0	0.0	95.0	
1504195543794	843148877957	10.0	-31.0	0.0	95.0	
1504195543811	843169019558	10.0	-31.0	0.0	95.0	
1504195543831	843189161160	10.0	-31.0	0.0	95.0	
1504195543847	843209302761	10.0	-31.0	0.0	95.0	
1504195543865	843229444363	10.0	-31.0	0.0	95.0	
1504195543900	843249585964	10.0	-31.0	0.0	95.0	
1504195543917	843269727566	10.0	-31.0	0.0	95.0	
1504195543935	843289869168	10.0	-31.0	0.0	95.0	
1504195543952	843310010769	10.0	-31.0	0.0	95.0	
1504195543970	843330152371	10.0	-31.0	0.0	95.0	
1504195543991	843350293972	10.0	-31.0	0.0	95.0	
1504195544008	843370435574	10.0	-31.0	0.0	95.0	
1504195544041	843390577175	10.0	-31.0	0.0	95.0	
1504195544059	843410718777	10.0	-31.0	0.0	95.0	
1504195544075	843430860379	10.0	-31.0	0.0	95.0	
1504195544094	843451001980	10.0	-31.0	0.0	95.0	
1504195544111	843471143582	10.0	-31.0	0.0	95.0	
1504195544128	843491285183	10.0	-31.0	0.0	95.0	
1504195544147	843511426785	10.0	-31.0	0.0	95.0	
1504195544184	843531568386	10.0	-31.0	0.0	95.0	
1504195544200	843551709988	10.0	-31.0	0.0	95.0	
1504195544216	843571851589	10.0	-31.0	0.0	95.0	
1504195544234	843591993191	10.0	-31.0	0.0	95.0	
1504195544253	843612134793	10.0	-31.0	0.0	95.0	
1504195544270	843632276394	10.0	-31.0	0.0	95.0	
1504195544307	843652417996	10.0	-31.0	0.0	95.0	
1504195544323	843672559597	10.0	-31.0	0.0	95.0	
1504195544340	843692701199	10.0	-31.0	0.0	95.0	
1504195544358	843712842800	10.0	-31.0	0.0	95.0	
1504195544376	843732984402	10.0	-31.0	0.0	95.0	
1504195544394	843753126004	10.0	-31.0	0.0	95.0	
1504195544413	843773267605	10.0	-31.0	0.0	95.0	
1504195544447	843793409207	10.0	-31.0	0.0	95.0	
1504195544466	843813550808	10.0	-31.0	0.0	95.0	
1504195544481	843833692410	10.0	-31.0	0.0	95.0	
1504195544499	843853834011	10.0	-31.0	0.0	95.0	
1504195544517	843873975613	10.0	-31.0	0.0	95.0	
1504195544535	843894117214	10.0	-31.0	0.0	95.0	
1504195544551	843914258816	10.0	-31.0	0.0	95.0	
1504195544588	843934400418	10.0	-31.0	0.0	95.0	
1504195544605	843954542019	10.0	-31.0	-0.22955322265625	95.0	
1504195544622	843974683621	10.0	-31.0	-1.0	95.0	
1504195544640	843994825222	10.0	-31.0	-1.0	95.0	
1504195544658	844014966824	10.0	-31.0	-1.0	95.0	
1504195544676	844035108425	10.0	-31.0	-1.0	95.0	
1504195544693	844055250027	10.0	-31.0	-1.0	95.0	
1504195544730	844075391629	10.0	-31.0	-1.0	95.0	
1504195544747	844095533230	10.0	-31.0	-1.0	95.0	
1504195544763	844115674832	10.0	-31.0	-1.0	95.0	
1504195544781	844135816433	10.0	-31.0	-1.0	95.0	
1504195544799	844155958035	10.0	-31.0	-1.0	95.0	
1504195544816	844176099636	10.0	-31.0	-1.0	95.0	
1504195544835	844196241238	10.0	-31.0	-1.0	95.0	
1504195544870	844216382839	10.0	-31.0	-1.0	95.0	
1504195544887	844236524441	10.0	-31.0	-1.0	95.0	
1504195544904	844256666043	10.0	-31.0	-0.5582733154296875	95.0	
1504195544922	844276807644	10.0	-31.0	0.0	95.0	
1504195544942	844296949246	10.0	-31.0	0.0	95.0	
1504195544957	844317090847	10.0	-31.0	0.0	95.0	
1504195544993	844337232449	10.0	-31.0	0.0	95.0	
1504195545009	844357374050	10.0	-31.0	0.0	95.0	
1504195545028	844377515652	10.0	-31.0	0.0	95.0	
1504195545045	844397657254	10.0	-31.0	0.0	95.0	
1504195545063	844417798855	10.0	-31.0	-0.56109619140625	95.0	
1504195545079	844437940457	10.0	-31.0	-1.0	95.0	
1504195545100	844458082058	10.0	-31.0	-1.0	95.0	
1504195545115	844478223660	10.0	-31.974136352539063	-1.0	95.0	
1504195545153	844498365261	10.0	-31.112060546875	-1.0	95.0	
1504195545169	844518506863	10.0	-32.0	-1.0	95.0	
1504195545186	844538648464	10.0	-32.0	-1.0	95.0	
1504195545204	844558790066	10.0	-32.0	-1.0	95.0	
1504195545222	844578931668	10.0	-32.0	-1.0	95.0	
1504195545240	844599073269	10.0	-32.0	-1.0	95.0	
1504195545257	844619214871	10.0	-32.0	-1.0	95.0	
1504195545293	844639356472	10.0	-32.0	-1.0	95.0	
1504195545311	844659498074	10.0	-32.0	-1.0	95.0	
1504195545327	844679639675	10.0	-32.0	-1.0	95.0	
1504195545344	844699781277	10.0	-32.0	-1.0	95.0	
1504195545364	844719922879	10.0	-32.0	-1.0	95.0	
1504195545381	844740064480	10.0	-32.0	-1.0	95.0	
1504195545397	844760206082	10.0	-32.0	-1.0	95.0	
1504195545433	844780347683	10.0	-32.0	-1.0	95.0	
1504195545451	844800489285	10.0	-32.0	-1.0	95.0	
1504195545469	844820630886	10.0	-32.0	-1.0	95.0	
1504195545486	844840772488	10.0	-32.0	-1.0	95.0	
1504195545504	844860914089	10.0	-32.0	-1.0	95.0	
1504195545523	844881055691	10.0	-32.0	-1.0	95.0	
1504195545538	844901197293	10.0	-32.0	-1.0	95.0	
1504195545575	844921338894	10.0	-32.0	-1.0	95.0	
1504195545592	844941480496	10.0	-32.0	-1.0	95.0	
1504195545609	844961622097	10.0	-32.0	-1.0	95.0	
1504195545628	844981763699	10.0	-32.0	-1.0	95.0	
1504195545645	845001905300	10.0	-32.0	-1.0	95.0	
1504195545662	845022046902	10.0	-32.0	-1.0	95.0	
1504195545680	845042188504	10.0	-32.0	-1.0	95.0	
1504195545698	845062330105	10.0	-32.0	-1.0	95.0	
1504195545733	845082471707	10.0	-32.0	-1.0	95.0	
1504195545751	845102613308	10.0	-32.0	-1.0	95.0	
1504195545768	845122754910	10.0	-32.0	-1.0	95.0	
1504195545787	845142896511	10.0	-32.0	-1.0	95.0	
1504195545804	845163038113	10.0	-32.0	-1.0	95.0	
1504195545819	845183179714	10.0	-32.0	-1.0	95.0	
1504195545840	845203321316	10.0	-32.0	-1.0	95.0	
1504195545873	845223462918	9.927597045898438	-32.0	-1.0	95.0	
1504195545891	845243604519	9.0	-32.0	-1.0	95.0	
1504195545909	845263746121	9.0	-32.0	-1.0	95.0	
1504195545926	845283887722	9.0	-32.0	-1.0	95.0	
1504195545944	845304029324	9.0	-32.0	-1.0	95.0	
1504195545962	845324170925	9.0	-32.0	-1.0	95.0	
1504195545979	845344312527	9.0	-32.0	-1.0	95.0	
1504195546015	845364454129	9.0	-32.0	-1.0	95.0	
1504195546032	845384595730	9.0	-32.0	-1.0	95.0	
1504195546051	845404737332	9.0	-32.0	-1.0	95.0	
1504195546068	845424878933	9.0	-32.0	-1.0	95.0	
1504195546084	845445020535	9.0	-32.0	-1.0	95.0	
1504195546104	845465162136	9.0	-32.0	-1.0	95.0	
1504195546121	845485303738	9.0	-32.0	-1.0	95.0	
1504195546156	845505445339	9.0	-32.0	-1.0	95.0	
1504195546173	845525586941	9.0	-32.0	-1.0	95.0	
1504195546192	845545728543	9.0	-32.0	-1.0	95.0	
1504195546209	845565870144	9.0	-32.0	-1.0	95.0	
1504195546224	845586011746	9.0	-32.0	-1.0	95.0	
1504195546246	845606153347	9.0	-32.0	-1.0	95.0	
1504195546265	845626294949	9.0	-32.0	-1.0	95.0	
1504195546280	845646436550	9.0	-32.0	-0.03448486328125	95.0	
1504195546314	845666578152	9.0	-32.0	-1.0	95.0	
1504195546332	845686719754	9.0	-32.0	-1.0	95.0	
1504195546349	845706861355	9.0	-32.0	-0.620697021484375	95.0	
1504195546367	845727002957	9.0	-32.0	0.0	95.0	
1504195546384	845747144558	9.0	-32.0	0.0	95.0	
1504195546402	845767286160	9.0	-32.0	0.0	95.0	
1504195546423	845787427761	9.0	-32.0	0.0	95.0	
1504195546456	845807569363	9.0	-32.0	0.0	95.0	
1504195546475	845827710964	9.0	-32.0	0.0	95.0	
1504195546491	845847852566	9.0	-32.0	0.0	95.0	
1504195546508	845867994168	9.0	-32.0	0.0	95.0	
1504195546530	845888135769	9.0	-32.0	0.0	95.0	
1504195546545	845908277371	9.0	-31.243118286132813	0.0	95.0	
1504195546561	845928418972	9.0	-31.0	0.0	95.0	
1504195546596	845948560574	9.0	-32.0	0.0	95.0	
1504195546615	845968702175	9.0	-32.0	0.0	95.0	
1504195546632	845988843777	9.0	-32.0	0.0	95.0	
1504195546648	846008985379	9.0	-32.0	0.0	95.0	
1504195546666	846029126980	9.0	-32.0	0.0	95.0	
1504195546689	846049268582	9.0	-32.0	0.0	95.0	
1504195546702	846069410183	9.0	-32.0	0.0	95.0	
1504195546720	846089551785	9.0	-32.0	0.0	95.0	
1504195546754	846109693386	9.0	-32.0	0.0	95.0	
1504195546771	846129834988	9.0	-32.0	0.0	95.0	
1504195546790	846149976589	9.0	-32.0	0.0	95.0	
1504195546808	846170118191	9.0	-32.0	0.0	95.0	
1504195546825	846190259793	9.0	-32.0	0.0	95.0	
1504195546845	846210401394	9.0	-32.0	0.0	95.0	
1504195546861	846230542996	9.0	-32.0	0.0	95.0	
1504195546897	846250684597	9.0	-32.0	0.0	95.0	
1504195546913	846270826199	9.0	-32.0	0.0	95.0	
1504195546932	846290967800	9.0	-32.0	0.0	95.0	
1504195546950	846311109402	9.0	-32.0	0.0	95.0	
1504195546967	846331251004	9.0	-32.0	0.0	95.0	
1504195546985	846351392605	9.0	-32.0	0.0	95.0	
1504195547003	846371534207	9.0	-32.0	0.0	95.0	
1504195547037	846391675808	9.0	-32.0	0.0	95.0	
1504195547055	846411817410	9.0	-32.0	0.0	95.0	
1504195547072	846431959011	9.0	-32.0	0.0	95.0	
1504195547092	846452100613	9.0	-32.0	0.0	95.0	
1504195547111	846472242214	9.0	-32.0	0.0	95.0	
1504195547125	846492383816	9.0	-32.0	0.0	95.0	
1504195547144	846512525418	9.0	-32.0	0.0	95.0	
1504195547180	846532667019	9.0	-32.0	0.0	95.0	
1504195547203	846552808621	9.0	-32.0	0.0	95.0	
1504195547216	846572950222	9.0	-32.0	0.0	95.0	
1504195547233	846593091824	9.0	-32.0	0.0	95.0	
1504195547249	846613233425	9.0	-32.0	0.0	95.0	
1504195547268	846633375027	9.0	-32.0	0.0	95.0	
1504195547284	846653516629	9.0	-32.0	0.0	95.0	
1504195547302	846673658230	9.0	-32.0	0.0	95.0	
1504195547336	846693799832	9.0	-32.0	0.0	95.0	
1504195547355	846713941433	9.0	-32.0	0.0	95.0	
1504195547373	846734083035	9.0	-32.0	0.0	95.0	
1504195547390	846754224636	9.0	-32.0	0.0	95.0	
1504195547408	846774366238	9.0	-32.0	0.0	95.0	
1504195547425	846794507839	9.0	-32.0	0.0	95.0	
1504195547442	846814649441	9.0	-32.0	0.0	95.0	
1504195547478	846834791043	9.0	-32.0	0.0	95.0	
1504195547497	846854932644	9.0	-32.0	0.0	95.0	
1504195547514	846875074246	9.0	-32.0	0.0	95.0	
1504195547534	846895215847	9.0	-32.0	0.0	95.0	
1504195547553	846915357449	9.0	-32.0	0.0	95.0	
1504195547584	846935499050	9.0	-32.0	-1.0	95.0	
1504195547601	846955640652	9.0	-32.0	-1.0	95.0	
1504195547617	846975782254	9.0	-32.0	-1.0	95.0	
1504195547638	846995923855	9.0	-32.0	-1.0	95.0	
1504195547653	847016065457	9.0	-32.0	-1.0	95.0	
1504195547671	847036207058	9.0	-32.0	-1.0	95.0	
1504195547707	847056348660	9.0	-32.0	-1.0	95.0	
1504195547726	847076490261	9.0	-32.0	-1.0	95.0	
