1504795902717	1732791033666	0.6718597412109375	3.0157318115234375	9.307159423828125	5.0	
1504795902727	1732811175268	0.654266357421875	3.0310516357421875	9.303375244140625	5.0	
1504795902757	1732831316869	0.636932373046875	3.0450592041015625	9.300033569335938	5.0	
1504795902780	1732851458471	0.6202545166015625	3.0513153076171875	9.299087524414063	5.0	
1504795902796	1732871600072	0.6038360595703125	3.049774169921875	9.300689697265625	5.0	
1504795902818	1732891741674	0.6002655029296875	3.042816162109375	9.303237915039063	5.0	
1504795902848	1732911883276	0.604827880859375	3.0272216796875	9.308013916015625	5.0	
1504795902859	1732932024877	0.6103668212890625	3.0095367431640625	9.313369750976563	5.0	
1504795902894	1732952166479	0.6118621826171875	2.9957733154296875	9.317657470703125	5.0	
1504795902901	1732972308080	0.6082000732421875	2.9890899658203125	9.319992065429688	5.0	
1504795902908	1732992449682	0.599334716796875	2.990753173828125	9.320114135742188	5.0	
1504795902923	1733012591283	0.5885467529296875	2.9971771240234375	9.318695068359375	5.0	
1504795902940	1733032732885	0.584136962890625	3.00946044921875	9.315048217773438	5.0	
1504795902956	1733052874486	0.5822296142578125	3.0260162353515625	9.309707641601563	5.0	
1504795902992	1733073016088	0.582794189453125	3.04144287109375	9.304702758789063	5.0	
1504795903009	1733093157690	0.5890045166015625	3.05657958984375	9.299346923828125	5.0	
1504795903030	1733113299291	0.5997314453125	3.0700225830078125	9.294235229492188	5.0	
1504795903044	1733133440893	0.611297607421875	3.0808258056640625	9.289962768554688	5.0	
1504795903062	1733153582494	0.6273040771484375	3.0894927978515625	9.286056518554688	5.0	
1504795903085	1733173724096	0.645263671875	3.0947265625	9.283065795898438	5.0	
1504795903131	1733193865697	0.6613616943359375	3.10260009765625	9.27923583984375	5.0	
1504795903191	1733214007299	0.6702117919921875	3.1160736083984375	9.274154663085938	5.0	
1504795903207	1733234148901	0.673309326171875	3.137939453125	9.266525268554688	5.0	
1504795903219	1733254290502	0.67083740234375	3.16778564453125	9.2564697265625	5.0	
1504795903224	1733274432104	0.6599884033203125	3.20147705078125	9.245651245117188	5.0	
1504795903240	1733294573705	0.640716552734375	3.2375335693359375	9.234512329101563	5.0	
1504795903246	1733314715307	0.617156982421875	3.2688140869140625	9.22509765625	5.0	
1504795903259	1733334856908	0.587799072265625	3.2988739013671875	9.216293334960938	5.0	
1504795903274	1733354998510	0.5588531494140625	3.3309173583984375	9.206558227539063	5.0	
1504795903293	1733375140111	0.5491485595703125	3.3586578369140625	9.197036743164063	5.0	
1504795903318	1733395281713	0.5534515380859375	3.3701934814453125	9.192611694335938	5.0	
1504795903326	1733415423315	0.5669708251953125	3.3660125732421875	9.19329833984375	5.0	
1504795903345	1733435564916	0.588653564453125	3.35687255859375	9.19525146484375	5.0	
1504795903361	1733455706518	0.614593505859375	3.349822998046875	9.196075439453125	5.0	
1504795903397	1733475848119	0.6380615234375	3.3412628173828125	9.19757080078125	5.0	
1504795903425	1733495989721	0.6494293212890625	3.3237152099609375	9.203155517578125	5.0	
1504795903435	1733516131322	0.653839111328125	3.306976318359375	9.208892822265625	5.0	
1504795903455	1733536272924	0.6455230712890625	3.2973480224609375	9.212936401367188	5.0	
1504795903468	1733556414526	0.6223907470703125	3.2998809814453125	9.213699340820313	5.0	
1504795903485	1733576556127	0.596038818359375	3.313140869140625	9.210647583007813	5.0	
1504795903517	1733596697729	0.57098388671875	3.3368988037109375	9.203598022460938	5.0	
1504795903538	1733616839330	0.546783447265625	3.37506103515625	9.191207885742188	5.0	
1504795903555	1733636980932	0.535247802734375	3.433837890625	9.1700439453125	5.0	
1504795903577	1733657122533	0.5476837158203125	3.514862060546875	9.13848876953125	5.0	
1504795903591	1733677264135	0.592315673828125	3.6133575439453125	9.097183227539063	5.0	
1504795903609	1733697405736	0.66461181640625	3.7135467529296875	9.051727294921875	5.0	
1504795903646	1733717547338	0.7378997802734375	3.7969818115234375	9.011306762695313	5.0	
1504795903662	1733737688940	0.7779083251953125	3.84942626953125	8.985763549804688	5.0	
1504795903688	1733757830541	0.7567901611328125	3.8633270263671875	8.981597900390625	5.0	
1504795903696	1733777972143	0.7005462646484375	3.8558502197265625	8.989425659179688	5.0	
1504795903716	1733798113744	0.650177001953125	3.845947265625	8.997421264648438	5.0	
1504795903733	1733818255346	0.6161346435546875	3.834136962890625	9.0048828125	5.0	
1504795903749	1733838396947	0.5846710205078125	3.8238067626953125	9.011444091796875	5.0	
1504795903768	1733858538549	0.5494842529296875	3.819915771484375	9.015213012695313	5.0	
1504795903784	1733878680151	0.504425048828125	3.8199310302734375	9.017837524414063	5.0	
1504795903833	1733898821752	0.4633026123046875	3.8239898681640625	9.018341064453125	5.0	
1504795903843	1733918963354	0.454864501953125	3.8337249755859375	9.014633178710938	5.0	
1504795903855	1733939104955	0.4748992919921875	3.847930908203125	9.007553100585938	5.0	
1504795903875	1733959246557	0.5029754638671875	3.866058349609375	8.998306274414063	5.0	
1504795903890	1733979388158	0.5209197998046875	3.8833770751953125	8.989776611328125	5.0	
1504795903910	1733999529760	0.5302581787109375	3.892242431640625	8.98541259765625	5.0	
1504795903926	1734019671361	0.5371551513671875	3.89013671875	8.985870361328125	5.0	
1504795903968	1734039812963	0.535736083984375	3.8722381591796875	8.993667602539063	5.0	
1504795903979	1734059954565	0.5237274169921875	3.8412017822265625	9.007720947265625	5.0	
1504795903996	1734080096166	0.50360107421875	3.80572509765625	9.023849487304688	5.0	
1504795904014	1734100237768	0.46551513671875	3.771453857421875	9.040313720703125	5.0	
1504795904033	1734120379369	0.4069976806640625	3.741790771484375	9.055389404296875	5.0	
1504795904049	1734140520971	0.348114013671875	3.7146453857421875	9.069046020507813	5.0	
1504795904084	1734160662572	0.3108978271484375	3.6920318603515625	9.079666137695313	5.0	
1504795904102	1734180804174	0.29815673828125	3.672515869140625	9.0880126953125	5.0	
1504795904119	1734200945776	0.2960357666015625	3.657440185546875	9.09417724609375	5.0	
1504795904141	1734221087377	0.2960205078125	3.6486968994140625	9.097671508789063	5.0	
1504795904155	1734241228979	0.2850341796875	3.6446533203125	9.099594116210938	5.0	
1504795904173	1734261370580	0.2703704833984375	3.6538848876953125	9.096328735351563	5.0	
1504795904191	1734281512182	0.258087158203125	3.6711273193359375	9.089767456054688	5.0	
1504795904225	1734301653783	0.2460784912109375	3.6837310791015625	9.085037231445313	5.0	
1504795904243	1734321795385	0.240203857421875	3.6854705810546875	9.084426879882813	5.0	
1504795904261	1734341936986	0.2380828857421875	3.6749114990234375	9.088836669921875	5.0	
1504795904278	1734362078588	0.2388763427734375	3.65570068359375	9.096542358398438	5.0	
1504795904299	1734382220190	0.2479400634765625	3.6248016357421875	9.108627319335938	5.0	
1504795904315	1734402361791	0.2373199462890625	3.5601043701171875	9.134368896484375	5.0	
1504795904333	1734422503393	0.19927978515625	3.4661407470703125	9.171295166015625	5.0	
1504795904382	1734442644994	0.1761474609375	3.3805084228515625	9.20379638671875	5.0	
1504795904391	1734462786596	0.1882171630859375	3.333404541015625	9.22064208984375	5.0	
1504795904405	1734482928197	0.2298736572265625	3.32098388671875	9.224197387695313	5.0	
1504795904427	1734503069799	0.2836151123046875	3.334564208984375	9.217788696289063	5.0	
1504795904439	1734523211401	0.313751220703125	3.3541412353515625	9.209686279296875	5.0	
1504795904457	1734543353002	0.2942047119140625	3.3620452880859375	9.20751953125	5.0	
1504795904472	1734563494604	0.25830078125	3.374359130859375	9.204132080078125	5.0	
1504795904509	1734583636205	0.2318267822265625	3.390594482421875	9.198760986328125	5.0	
1504795904526	1734603777807	0.21771240234375	3.406951904296875	9.193130493164063	5.0	
1504795904543	1734623919408	0.230987548828125	3.430450439453125	9.184051513671875	5.0	
1504795904562	1734644061010	0.26129150390625	3.4523468017578125	9.175064086914063	5.0	
1504795904580	1734664202611	0.2873382568359375	3.46380615234375	9.169937133789063	5.0	
1504795904596	1734684344213	0.3024749755859375	3.4649505615234375	9.16900634765625	5.0	
1504795904614	1734704485815	0.30078125	3.4571380615234375	9.172027587890625	5.0	
1504795904649	1734724627416	0.283538818359375	3.4479827880859375	9.175918579101563	5.0	
1504795904666	1734744769018	0.2725372314453125	3.4514007568359375	9.175033569335938	5.0	
1504795904684	1734764910619	0.26617431640625	3.46563720703125	9.169876098632813	5.0	
1504795904701	1734785052221	0.2601165771484375	3.4809417724609375	9.164215087890625	5.0	
1504795904721	1734805193822	0.25933837890625	3.495208740234375	9.158828735351563	5.0	
1504795904737	1734825335424	0.26251220703125	3.503814697265625	9.155502319335938	5.0	
1504795904754	1734845477026	0.2656707763671875	3.506256103515625	9.154388427734375	5.0	
1504795904792	1734865618627	0.273681640625	3.5049896240234375	9.15472412109375	5.0	
1504795904808	1734885760229	0.280426025390625	3.503662109375	9.154953002929688	5.0	
1504795904827	1734905901830	0.2715301513671875	3.5078582763671875	9.153656005859375	5.0	
1504795904844	1734926043432	0.2529754638671875	3.5169219970703125	9.150741577148438	5.0	
1504795904860	1734946185033	0.2322540283203125	3.529052734375	9.146591186523438	5.0	
1504795904879	1734966326635	0.2215118408203125	3.5506439208984375	9.138397216796875	5.0	
1504795904896	1734986468236	0.2285919189453125	3.58721923828125	9.124053955078125	5.0	
1504795904931	1735006609838	0.2583770751953125	3.6411285400390625	9.101837158203125	5.0	
1504795904949	1735026751440	0.2939910888671875	3.698394775390625	9.077651977539063	5.0	
1504795904967	1735046893041	0.3086090087890625	3.7360076904296875	9.061737060546875	5.0	
1504795904985	1735067034643	0.301239013671875	3.746856689453125	9.0574951171875	5.0	
1504795905001	1735087176244	0.2838897705078125	3.7314300537109375	9.06439208984375	5.0	
1504795905019	1735107317846	0.2704010009765625	3.6978302001953125	9.07855224609375	5.0	
1504795905054	1735127459447	0.254241943359375	3.6519775390625	9.097625732421875	5.0	
1504795905072	1735147601049	0.23541259765625	3.60418701171875	9.117156982421875	5.0	
1504795905089	1735167742651	0.2354583740234375	3.566864013671875	9.131790161132813	5.0	
1504795905108	1735187884252	0.249786376953125	3.543670654296875	9.140411376953125	5.0	
1504795905128	1735208025854	0.2554473876953125	3.524566650390625	9.147659301757813	5.0	
1504795905144	1735228167455	0.2405548095703125	3.499755859375	9.157608032226563	5.0	
1504795905160	1735248309057	0.2134246826171875	3.4712066650390625	9.169113159179688	5.0	
1504795905197	1735268450658	0.1881866455078125	3.4470672607421875	9.1788330078125	5.0	
1504795905213	1735288592260	0.1638641357421875	3.4295654296875	9.185791015625	5.0	
1504795905232	1735308733861	0.1414794921875	3.4173431396484375	9.190765380859375	5.0	
1504795905248	1735328875463	0.1211395263671875	3.41156005859375	9.193161010742188	5.0	
1504795905266	1735349017065	0.1028900146484375	3.4138031005859375	9.192520141601563	5.0	
1504795905283	1735369158666	0.092742919921875	3.4239349365234375	9.18890380859375	5.0	
1504795905302	1735389300268	0.0986328125	3.4402923583984375	9.182708740234375	5.0	
1504795905336	1735409441869	0.1256256103515625	3.4658203125	9.172744750976563	5.0	
1504795905354	1735429583471	0.159881591796875	3.497039794921875	9.16046142578125	5.0	
1504795905371	1735449725072	0.1881561279296875	3.524505615234375	9.14935302734375	5.0	
1504795905390	1735469866674	0.2006378173828125	3.5435638427734375	9.141738891601563	5.0	
1504795905408	1735490008276	0.1942596435546875	3.5546875	9.137527465820313	5.0	
1504795905424	1735510149877	0.1751251220703125	3.5630950927734375	9.134674072265625	5.0	
1504795905442	1735530291479	0.1524658203125	3.571075439453125	9.131927490234375	5.0	
1504795905477	1735550433080	0.1331024169921875	3.5818023681640625	9.128021240234375	5.0	
1504795905495	1735570574682	0.1212005615234375	3.595062255859375	9.12298583984375	5.0	
1504795905512	1735590716283	0.1229095458984375	3.6150665283203125	9.115020751953125	5.0	
1504795905530	1735610857885	0.143829345703125	3.6466522216796875	9.102157592773438	5.0	
1504795905548	1735630999486	0.1822967529296875	3.6908721923828125	9.083572387695313	5.0	
1504795905569	1735651141088	0.25665283203125	3.7233123779296875	9.068511962890625	5.0	
1504795905583	1735671282690	0.32733154296875	3.7189178466796875	9.068084716796875	5.0	
1504795905620	1735691424291	0.3227691650390625	3.6722564697265625	9.087249755859375	5.0	
1504795905636	1735711565893	0.272308349609375	3.621429443359375	9.109283447265625	5.0	
1504795905658	1735731707494	0.2313690185546875	3.5862884521484375	9.124313354492188	5.0	
1504795905690	1735751849096	0.2034149169921875	3.5719146728515625	9.130615234375	5.0	
1504795905701	1735771990697	0.177581787109375	3.5861968994140625	9.125564575195313	5.0	
1504795905711	1735792132299	0.14520263671875	3.6266937255859375	9.110061645507813	5.0	
1504795905727	1735812273901	0.100982666015625	3.6748809814453125	9.091354370117188	100.0	
1504795905765	1735832415502	0.056121826171875	3.7246246337890625	9.07147216796875	100.0	
1504795905779	1735852557104	0.019195556640625	3.7734527587890625	9.051483154296875	100.0	
1504795905796	1735872698705	-0.011566162109375	3.82122802734375	9.0313720703125	100.0	
1504795905812	1735892840307	-0.037872314453125	3.862518310546875	9.013748168945313	100.0	
1504795905830	1735912981908	-0.0614471435546875	3.890380859375	9.001617431640625	100.0	
1504795905850	1735933123510	-0.0778961181640625	3.901580810546875	8.996627807617188	100.0	
1504795905865	1735953265111	-0.0766448974609375	3.9010467529296875	8.996795654296875	100.0	
1504795905901	1735973406713	-0.057281494140625	3.8912506103515625	9.00128173828125	100.0	
1504795905918	1735993548315	-0.0407257080078125	3.878570556640625	9.006759643554688	100.0	
1504795905936	1736013689916	-0.023651123046875	3.8729705810546875	9.00927734375	100.0	
1504795905954	1736033831518	-0.0113983154296875	3.8734893798828125	9.009201049804688	100.0	
1504795905971	1736053973119	-0.0186614990234375	3.872283935546875	9.009613037109375	100.0	
1504795905990	1736074114721	-0.0365447998046875	3.87261962890625	9.009414672851563	100.0	
1504795906025	1736094256322	-0.0572509765625	3.8789215087890625	9.006591796875	100.0	
1504795906042	1736114397924	-0.0753021240234375	3.892913818359375	9.00042724609375	100.0	
1504795906059	1736134539526	-0.0952301025390625	3.9158172607421875	8.99029541015625	100.0	
1504795906077	1736154681127	-0.1134796142578125	3.946807861328125	8.976486206054688	100.0	
1504795906103	1736174822729	-0.121124267578125	3.9819488525390625	8.960800170898438	100.0	
1504795906113	1736194964330	-0.1211700439453125	4.013092041015625	8.946990966796875	100.0	
1504795906129	1736215105932	-0.11651611328125	4.0362091064453125	8.936660766601563	100.0	
1504795906165	1736235247533	-0.11810302734375	4.05096435546875	8.929931640625	100.0	
1504795906182	1736255389135	-0.1199951171875	4.057464599609375	8.926986694335938	100.0	
1504795906200	1736275530736	-0.131317138671875	4.0474395751953125	8.931411743164063	100.0	
1504795906218	1736295672338	-0.15655517578125	4.0238189697265625	8.941619873046875	100.0	
1504795906235	1736315813940	-0.18023681640625	3.99822998046875	8.952667236328125	100.0	
1504795906259	1736335955541	-0.193878173828125	3.9731903076171875	8.963470458984375	100.0	
1504795906273	1736356097143	-0.197662353515625	3.9496612548828125	8.973846435546875	100.0	
1504795906309	1736376238744	-0.1973876953125	3.9354400634765625	8.980026245117188	100.0	
1504795906324	1736396380346	-0.1968841552734375	3.9303131103515625	8.982391357421875	100.0	
1504795906341	1736416521947	-0.191375732421875	3.9322357177734375	8.981658935546875	100.0	
1504795906359	1736436663549	-0.17919921875	3.9422607421875	8.977462768554688	100.0	
1504795906377	1736456805151	-0.1517791748046875	3.9683990478515625	8.966400146484375	100.0	
1504795906394	1736476946752	-0.1142120361328125	4.0104217529296875	8.948287963867188	100.0	
1504795906413	1736497088354	-0.0905303955078125	4.0556488037109375	8.928115844726563	100.0	
1504795906447	1736517229955	-0.089691162109375	4.0957183837890625	8.909866333007813	100.0	
1504795906466	1736537371557	-0.1060333251953125	4.1229705810546875	8.89715576171875	100.0	
1504795906482	1736557513158	-0.123687744140625	4.1434326171875	8.887359619140625	100.0	
1504795906500	1736577654760	-0.14666748046875	4.155364990234375	8.881378173828125	100.0	
1504795906517	1736597796361	-0.18182373046875	4.156982421875	8.880020141601563	100.0	
1504795906535	1736617937963	-0.2235870361328125	4.1501922607421875	8.882247924804688	100.0	
1504795906553	1736638079565	-0.261688232421875	4.1335601806640625	8.888916015625	100.0	
1504795906588	1736658221166	-0.296661376953125	4.1044464111328125	8.90130615234375	100.0	
1504795906605	1736678362768	-0.3183135986328125	4.0590057373046875	8.921417236328125	100.0	
1504795906623	1736698504369	-0.32257080078125	4.0005340576171875	8.947509765625	100.0	
1504795906641	1736718645971	-0.3102874755859375	3.938385009765625	8.975494384765625	100.0	
1504795906658	1736738787572	-0.28515625	3.890777587890625	8.997146606445313	100.0	
1504795906680	1736758929174	-0.265869140625	3.8703155517578125	9.006484985351563	100.0	
1504795906696	1736779070776	-0.2304840087890625	3.8907623291015625	8.998626708984375	100.0	
1504795906731	1736799212377	-0.1354217529296875	3.9718170166015625	8.965042114257813	100.0	
