1507565846460	1472425321365	271.0	-3.0	27.0	-1.0	
1507565846477	1472445462966	271.0	-3.0	27.0	-1.0	
1507565846495	1472465604568	271.0	-3.0	27.0	-1.0	
1507565846512	1472485746169	271.0	-3.0	27.0	-1.0	
1507565846549	1472505887771	271.0	-3.0	26.0	-1.0	
1507565846568	1472526029372	270.79522705078125	-3.0	26.0	-1.0	
1507565846585	1472546170974	270.0	-3.0	26.0	-1.0	
1507565846603	1472566312576	270.0	-3.0	26.0	-1.0	
1507565846622	1472586454177	270.0	-3.0	26.0	-1.0	
1507565846638	1472606595779	270.0	-3.0	26.0	-1.0	
1507565846655	1472626737380	270.0	-3.0	26.0	-1.0	
1507565846673	1472646878982	270.0	-3.0	26.0	-1.0	
1507565846709	1472667020583	270.0	-2.9112701416015625	26.0	-1.0	
1507565846728	1472687162185	270.0	-2.0	26.0	-1.0	
1507565846745	1472707303786	270.0	-2.0	26.341293334960938	-1.0	
1507565846762	1472727445388	270.0	-2.0	27.0	-1.0	
1507565846781	1472747586990	270.0	-2.593841552734375	27.0	-1.0	
1507565846799	1472767728591	270.0	-2.279876708984375	27.0	-1.0	
1507565846817	1472787870193	270.0	-2.0	27.0	-1.0	
1507565846835	1472808011794	270.0	-2.972686767578125	27.0	-1.0	
1507565846871	1472828153396	270.0	-3.0	27.0	-1.0	
1507565846889	1472848294997	270.0	-2.774749755859375	27.0	-1.0	
1507565846907	1472868436599	270.0	-2.0	27.0	-1.0	
1507565846923	1472888578201	270.0	-2.0	27.0	-1.0	
1507565846942	1472908719802	270.6040954589844	-2.0	27.0	-1.0	
1507565846958	1472928861404	271.0	-2.0	27.0	-1.0	
1507565846977	1472949003005	271.0	-2.0	27.0	-1.0	
1507565846995	1472969144607	271.0	-2.0	27.0	-1.0	
1507565847030	1472989286208	271.0	-2.0	27.0	-1.0	
1507565847048	1473009427810	271.0	-2.0	27.0	-1.0	
1507565847067	1473029569411	271.0	-2.0	27.0	-1.0	
1507565847085	1473049711013	271.0	-2.0	27.0	-1.0	
1507565847103	1473069852615	271.0	-2.0	27.0	-1.0	
1507565847120	1473089994216	271.0	-2.0	27.0	-1.0	
1507565847137	1473110135818	271.0	-2.0	27.0	-1.0	
1507565847155	1473130277419	271.0	-2.0	27.0	-1.0	
1507565847190	1473150419021	271.0	-2.0	27.0	-1.0	
1507565847209	1473170560622	271.0	-2.0	27.0	-1.0	
1507565847226	1473190702224	271.0	-2.0	27.0	-1.0	
1507565847244	1473210843826	271.0	-2.0	27.0	-1.0	
1507565847263	1473230985427	271.62286376953125	-2.0	27.0	-1.0	
1507565847280	1473251127029	272.0	-2.0	27.0	-1.0	
1507565847298	1473271268630	272.0	-2.0	27.0	-1.0	
1507565847335	1473291410232	272.0	-2.0	27.0	-1.0	
1507565847352	1473311551833	272.0	-2.0	26.872024536132813	-1.0	
1507565847370	1473331693435	272.0	-2.0	26.0	-1.0	
1507565847389	1473351835036	272.0	-2.0	26.0	-1.0	
1507565847405	1473371976638	272.0	-2.0	26.0	-1.0	
1507565847424	1473392118240	272.0	-2.0	26.0	-1.0	
1507565847442	1473412259841	272.0	-2.0	26.0	-1.0	
1507565847458	1473432401443	272.0	-2.0	26.0	-1.0	
1507565847494	1473452543044	272.0	-2.0	26.0	-1.0	
1507565847512	1473472684646	272.0	-2.0	26.138214111328125	-1.0	
1507565847530	1473492826247	272.0	-2.0	27.0	-1.0	
1507565847548	1473512967849	272.0	-2.0	27.0	-1.0	
1507565847568	1473533109451	272.0	-2.0	27.0	-1.0	
1507565847584	1473553251052	272.0	-2.0	26.358367919921875	-1.0	
1507565847601	1473573392654	272.0	-2.0	26.0	-1.0	
1507565847619	1473593534255	272.0	-2.0	26.0	-1.0	
1507565847655	1473613675857	272.0	-2.0	26.0	-1.0	
1507565847673	1473633817458	272.0	-2.0	26.0	-1.0	
1507565847691	1473653959060	272.0	-2.0	26.0	-1.0	
1507565847708	1473674100661	272.3992919921875	-2.0	26.0	-1.0	
1507565847726	1473694242263	273.0	-2.0	26.0	-1.0	
1507565847745	1473714383865	273.0	-2.0	26.0	-1.0	
1507565847762	1473734525466	273.0	-2.0	26.0	-1.0	
1507565847780	1473754667068	273.0	-2.0	26.0	-1.0	
1507565847817	1473774808669	273.0	-2.0	26.0	-1.0	
1507565847834	1473794950271	273.0	-2.0	26.0	-1.0	
1507565847852	1473815091872	273.0	-2.0	26.0	-1.0	
1507565847870	1473835233474	273.0	-2.0	26.0	-1.0	
1507565847887	1473855375076	273.0	-2.0	26.0	-1.0	
1507565847905	1473875516677	273.0	-2.0	26.0	-1.0	
1507565847923	1473895658279	273.0	-2.0	26.0	-1.0	
1507565847942	1473915799880	273.0	-2.0	26.0	-1.0	
1507565847977	1473935941482	273.0	-2.0	26.0	-1.0	
1507565847994	1473956083083	273.0	-2.0	26.0	-1.0	
1507565848013	1473976224685	273.29351806640625	-2.0	26.0	-1.0	
1507565848030	1473996366286	274.0	-2.0	26.0	-1.0	
1507565848048	1474016507888	274.0	-2.0	26.546066284179688	-1.0	
1507565848066	1474036649490	274.0	-2.0	26.327651977539063	-1.0	
1507565848083	1474056791091	274.0	-2.0	26.0	-1.0	
1507565848101	1474076932693	274.0	-2.0	26.0	-1.0	
1507565848137	1474097074294	274.0	-2.0	26.0	-1.0	
1507565848154	1474117215896	274.0	-2.0	26.0	-1.0	
1507565848173	1474137357497	274.0	-2.0	26.0	-1.0	
1507565848191	1474157499099	274.0	-2.0	26.0	-1.0	
1507565848208	1474177640701	274.0	-2.0	26.0	-1.0	
1507565848227	1474197782302	274.0	-1.319122314453125	26.0	-1.0	
1507565848245	1474217923904	274.0	-1.0	26.809921264648438	-1.0	
1507565848264	1474238065505	274.0	-1.944915771484375	27.0	-1.0	
1507565848298	1474258207107	274.0	-2.0	26.92083740234375	-1.0	
1507565848315	1474278348708	274.0	-2.0	26.0	-1.0	
1507565848336	1474298490310	274.3493957519531	-2.0	26.0	-1.0	
1507565848352	1474318631911	275.0	-2.0	26.0	-1.0	
1507565848370	1474338773513	275.0	-2.0	26.0	-1.0	
1507565848388	1474358915115	275.0	-2.0	26.0	-1.0	
1507565848405	1474379056716	275.0	-2.0	26.0	-1.0	
1507565848441	1474399198318	274.9759521484375	-2.0	26.0	-1.0	
1507565848458	1474419339919	274.0	-2.0	26.0	-1.0	
1507565848476	1474439481521	274.2938232421875	-2.0	26.0	-1.0	
1507565848495	1474459623122	275.0	-2.0	26.0	-1.0	
1507565848512	1474479764724	275.0	-2.0	26.0	-1.0	
1507565848530	1474499906326	275.0	-2.0	26.0	-1.0	
1507565848548	1474520047927	275.0	-2.0	26.0	-1.0	
1507565848566	1474540189529	275.0	-2.0	26.0	-1.0	
1507565848604	1474560331130	275.0	-2.0	26.0	-1.0	
1507565848620	1474580472732	275.0	-2.0	26.0	-1.0	
1507565848638	1474600614333	275.0	-2.0	26.0	-1.0	
1507565848657	1474620755935	275.0	-2.0	26.0	-1.0	
1507565848674	1474640897536	275.0	-2.0	26.0	-1.0	
1507565848691	1474661039138	275.0	-2.0	26.0	-1.0	
1507565848709	1474681180740	275.0	-2.0	26.0	-1.0	
1507565848744	1474701322341	275.0	-2.0	26.0	-1.0	
1507565848764	1474721463943	275.0	-2.0	26.0	-1.0	
1507565848780	1474741605544	275.31787109375	-2.0	26.0	-1.0	
1507565848798	1474761747146	276.0	-2.0	26.0	-1.0	
1507565848818	1474781888747	276.0	-2.0	26.0	-1.0	
1507565848834	1474802030349	276.0	-2.0	26.0	-1.0	
1507565848853	1474822171951	276.0	-2.0	26.0	-1.0	
1507565848869	1474842313552	276.0	-2.0	26.0	-1.0	
1507565848905	1474862455154	276.0	-2.0	26.0	-1.0	
1507565848923	1474882596755	276.0	-2.0	26.0	-1.0	
1507565848940	1474902738357	276.0	-2.0	26.0	-1.0	
1507565848958	1474922879958	276.0	-2.0	26.0	-1.0	
1507565848976	1474943021560	276.0	-2.0	26.0	-1.0	
1507565848994	1474963163161	276.0	-2.0	26.0	-1.0	
1507565849012	1474983304763	276.0	-2.0	26.0	-1.0	
1507565849048	1475003446365	276.0	-2.0	26.0	-1.0	
1507565849065	1475023587966	276.0	-2.0	26.0	-1.0	
1507565849084	1475043729568	276.0	-2.0	26.0	-1.0	
1507565849101	1475063871169	276.4759521484375	-2.0	26.0	-1.0	
1507565849121	1475084012771	277.0	-2.0	26.0	-1.0	
1507565849138	1475104154372	277.0	-2.0	26.0	-1.0	
1507565849155	1475124295974	277.0	-2.0	26.0	-1.0	
1507565849190	1475144437576	277.0	-2.0	26.0	-1.0	
1507565849208	1475164579177	277.0	-2.0	26.0	-1.0	
1507565849226	1475184720779	277.0	-2.0	26.0	-1.0	
1507565849244	1475204862380	277.0	-2.0	26.0	-1.0	
1507565849262	1475225003982	277.0	-2.0	26.0	-1.0	
1507565849280	1475245145583	277.0	-2.0	26.0	-1.0	
1507565849298	1475265287185	277.0	-2.0	26.0	-1.0	
1507565849316	1475285428786	277.0	-2.0	26.0	-1.0	
1507565849351	1475305570388	277.0	-2.0	26.0	-1.0	
1507565849368	1475325711990	277.0	-2.0	26.0	-1.0	
1507565849388	1475345853591	277.0	-2.0	26.0	-1.0	
1507565849405	1475365995193	277.0	-2.0	26.0	-1.0	
1507565849423	1475386136794	277.0	-2.0	26.0	-1.0	
1507565849441	1475406278396	277.0	-2.0	26.0	-1.0	
1507565849459	1475426419997	277.0	-2.0	26.0	-1.0	
1507565849495	1475446561599	277.03948974609375	-2.0	26.960494995117188	-1.0	
1507565849513	1475466703201	278.0	-2.0	26.0	-1.0	
1507565849530	1475486844802	278.0	-2.0	26.0	-1.0	
1507565849548	1475506986404	278.0	-2.0	26.0	-1.0	
1507565849566	1475527128005	278.0	-2.0	26.0	-1.0	
1507565849583	1475547269607	278.0	-2.0	26.0	-1.0	
1507565849601	1475567411208	278.0	-2.0	26.0	-1.0	
1507565849620	1475587552810	278.0	-2.0	26.982803344726563	-1.0	
1507565849655	1475607694411	278.0	-2.0	27.0	-1.0	
1507565849672	1475627836013	278.0	-2.0	26.746994018554688	-1.0	
1507565849690	1475647977615	278.0	-2.0	26.0	-1.0	
1507565849708	1475668119216	278.0	-2.0	26.0	-1.0	
1507565849726	1475688260818	278.0	-2.0	26.0	-1.0	
1507565849744	1475708402419	278.79345703125	-2.0	26.0	-1.0	
1507565849761	1475728544021	279.0	-2.0	26.0	-1.0	
1507565849798	1475748685622	279.0	-3.0	26.0	-1.0	
1507565849815	1475768827224	279.0	-3.0	26.197586059570313	-1.0	
1507565849833	1475788968826	279.3321838378906	-3.0	27.0	-1.0	
1507565849851	1475809110427	280.0	-3.46734619140625	27.0	-1.0	
1507565849869	1475829252029	280.0	-4.0	27.0	-1.0	
1507565849887	1475849393630	280.73712158203125	-4.0	27.0	-1.0	
1507565849905	1475869535232	281.0	-4.0	27.0	-1.0	
1507565849941	1475889676833	281.0	-5.0	27.0	-1.0	
1507565849958	1475909818435	281.0	-5.0	27.0	-1.0	
1507565849976	1475929960036	281.277099609375	-5.0	27.0	-1.0	
1507565849994	1475950101638	282.0	-5.4123687744140625	27.412368774414063	-1.0	
1507565850012	1475970243240	282.0	-6.0	28.0	-1.0	
1507565850029	1475990384841	282.0	-6.68157958984375	28.0	-1.0	
1507565850048	1476010526443	282.8105773925781	-7.0	28.0	-1.0	
1507565850065	1476030668044	283.0	-7.0	28.0	-1.0	
1507565850101	1476050809646	283.0	-7.0	28.0	-1.0	
1507565850118	1476070951247	283.0	-6.8123016357421875	28.187698364257813	-1.0	
1507565850136	1476091092849	283.0	-6.0	29.0	-1.0	
1507565850154	1476111234451	283.0	-6.0	29.0	-1.0	
1507565850172	1476131376052	283.0	-6.0	28.433456420898438	-1.0	
1507565850190	1476151517654	283.0	-6.6928253173828125	28.0	-1.0	
1507565850209	1476171659255	283.0	-7.0	28.0	-1.0	
1507565850226	1476191800857	283.0	-7.0	28.0	-1.0	
1507565850261	1476211942458	283.0	-7.0	28.0	-1.0	
1507565850279	1476232084060	283.0	-7.0	28.0	-1.0	
1507565850297	1476252225661	283.0	-7.0	28.0	-1.0	
1507565850316	1476272367263	283.0	-7.0	28.0	-1.0	
1507565850333	1476292508865	283.0	-7.0	28.0	-1.0	
1507565850351	1476312650466	283.0	-6.299835205078125	28.700164794921875	-1.0	
1507565850372	1476332792068	283.0	-6.0	29.0	-1.0	
1507565850387	1476352933669	283.0	-6.0	28.04779052734375	-1.0	
1507565850423	1476373075271	283.0	-7.0	28.0	-1.0	
1507565850441	1476393216872	283.0	-7.0	28.0	-1.0	
1507565850458	1476413358474	283.3310546875	-7.0	28.0	-1.0	
1507565850477	1476433500076	284.0	-7.0	28.0	-1.0	
1507565850493	1476453641677	284.0	-7.0	28.0	-1.0	
1507565850512	1476473783279	284.0	-7.0	28.0	-1.0	
1507565850529	1476493924880	284.0	-7.0	28.0	-1.0	
1507565850547	1476514066482	284.0	-7.0	28.0	-1.0	
1507565850584	1476534208083	284.0	-7.0	28.0	-1.0	
1507565850604	1476554349685	284.0	-7.0	28.0	-1.0	
1507565850618	1476574491286	284.0	-7.0	28.0	-1.0	
1507565850636	1476594632888	284.0	-7.0	28.0	-1.0	
1507565850654	1476614774490	284.0	-7.0	28.0	-1.0	
1507565850672	1476634916091	284.0	-7.0	28.0	-1.0	
1507565850690	1476655057693	284.0	-7.0	28.0	-1.0	
1507565850710	1476675199294	284.0	-7.0	28.0	-1.0	
1507565850744	1476695340896	284.0	-6.0	28.0	-1.0	
1507565850762	1476715482497	284.0	-6.0	28.0	-1.0	
1507565850779	1476735624099	284.0	-6.0	28.0	-1.0	
1507565850797	1476755765701	284.0	-6.0	28.0	-1.0	
1507565850815	1476775907302	284.0	-6.0	28.0	-1.0	
1507565850834	1476796048904	284.0	-6.0	28.0	-1.0	
1507565850850	1476816190505	284.0	-6.0	28.0	-1.0	
1507565850869	1476836332107	284.0	-6.0	28.0	-1.0	
1507565850905	1476856473708	284.0	-6.0	28.0	-1.0	
1507565850922	1476876615310	284.0	-6.0	28.0	-1.0	
1507565850939	1476896756911	284.0	-6.0	28.0	-1.0	
1507565850958	1476916898513	284.0	-6.0	28.0	-1.0	
1507565850975	1476937040115	284.0	-6.0	28.0	-1.0	
1507565850993	1476957181716	284.0	-6.0	28.0	-1.0	
1507565851012	1476977323318	284.0	-6.0	28.0	-1.0	
1507565851029	1476997464919	284.984619140625	-6.0	28.0	-1.0	
1507565851065	1477017606521	285.0	-6.0	28.0	-1.0	
1507565851082	1477037748122	285.0	-6.0	28.0	-1.0	
1507565851101	1477057889724	285.0	-6.0	27.636520385742188	-1.0	
1507565851118	1477078031326	285.0	-6.0	27.0	-1.0	
1507565851136	1477098172927	285.0	-6.0	27.0	-1.0	
1507565851154	1477118314529	285.0	-6.0	27.7406005859375	-1.0	
1507565851173	1477138456130	285.0	-6.0	28.0	-1.0	
1507565851190	1477158597732	285.0	-6.0	28.0	-1.0	
1507565851226	1477178739333	285.0	-6.0	28.0	-1.0	
1507565851243	1477198880935	285.0	-6.0	28.0	-1.0	
1507565851261	1477219022536	285.0	-6.0	28.0	-1.0	
1507565851279	1477239164138	285.0	-6.0	28.0	-1.0	
1507565851297	1477259305740	285.0	-6.0	28.0	-1.0	
1507565851319	1477279447341	285.0	-6.0	28.0	-1.0	
1507565851332	1477299588943	285.0	-6.0	28.0	-1.0	
1507565851369	1477319730544	285.0	-6.0	28.0	-1.0	
1507565851386	1477339872146	285.0	-6.0	28.0	-1.0	
1507565851405	1477360013747	285.0	-6.0	28.0	-1.0	
1507565851421	1477380155349	285.0	-5.6211700439453125	28.0	-1.0	
1507565851440	1477400296951	285.0	-5.0	28.0	-1.0	
1507565851457	1477420438552	285.0	-5.0	28.0	-1.0	
1507565851475	1477440580154	285.0	-5.0	28.0	-1.0	
1507565851495	1477460721755	285.0	-5.0	28.0	-1.0	
1507565851529	1477480863357	285.0	-5.0	28.0	-1.0	
1507565851547	1477501004958	285.0	-5.0	28.0	-1.0	
1507565851565	1477521146560	285.0	-5.0	28.0	-1.0	
1507565851583	1477541288161	285.0	-5.0	28.0	-1.0	
1507565851600	1477561429763	285.0	-5.0	28.0	-1.0	
1507565851619	1477581571365	285.6399230957031	-5.0	28.0	-1.0	
1507565851636	1477601712966	286.0	-5.0	28.0	-1.0	
1507565851654	1477621854568	286.0	-5.0	28.0	-1.0	
1507565851689	1477641996169	286.0	-5.0	28.0	-1.0	
1507565851712	1477662137771	286.0	-5.0	28.0	-1.0	
1507565851726	1477682279372	286.0	-5.0	28.0	-1.0	
1507565851743	1477702420974	286.0	-5.0	28.0	-1.0	
1507565851763	1477722562576	286.0	-5.0	28.0	-1.0	
1507565851779	1477742704177	286.0	-5.0	28.0	-1.0	
1507565851800	1477762845779	286.0	-5.0	28.0	-1.0	
1507565851817	1477782987380	286.0	-5.0	28.0	-1.0	
1507565851851	1477803128982	286.0	-5.0	28.0	-1.0	
1507565851868	1477823270583	286.0	-5.0	28.0	-1.0	
1507565851887	1477843412185	286.0	-5.0	28.0	-1.0	
1507565851904	1477863553786	286.0	-5.0	28.0	-1.0	
1507565851922	1477883695388	286.0	-5.0	28.0	-1.0	
1507565851940	1477903836990	286.0	-5.0	28.0	-1.0	
1507565851958	1477923978591	286.0	-5.0	28.0	-1.0	
1507565851977	1477944120193	286.0	-5.9078369140625	28.0	-1.0	
1507565852011	1477964261794	286.0	-6.0	29.0	-1.0	
1507565852029	1477984403396	286.160400390625	-6.0	29.0	-1.0	
1507565852046	1478004544997	287.0	-6.28668212890625	29.0	-1.0	
1507565852065	1478024686599	287.0	-7.0	29.0	-1.0	
1507565852084	1478044828201	287.0	-7.0	29.0	-1.0	
1507565852100	1478064969802	287.0	-7.0	29.0	-1.0	
1507565852119	1478085111404	287.79010009765625	-7.0	29.0	-1.0	
1507565852137	1478105253005	288.0	-7.0	29.0	-1.0	
1507565852172	1478125394607	288.0	-7.0426483154296875	29.0	-1.0	
1507565852190	1478145536208	288.1689453125	-8.0	29.0	-1.0	
1507565852208	1478165677810	289.0	-8.0	29.0	-1.0	
1507565852226	1478185819411	289.0	-8.0	29.0	-1.0	
1507565852244	1478205961013	289.0	-8.0	29.0	-1.0	
1507565852262	1478226102615	289.0	-8.0	29.0	-1.0	
1507565852280	1478246244216	289.0	-8.0	28.201370239257813	-1.0	
1507565852297	1478266385818	289.0	-8.924911499023438	28.924911499023438	-1.0	
1507565852333	1478286527419	289.05108642578125	-9.0	29.0	-1.0	
1507565852351	1478306669021	290.0	-9.0	29.0	-1.0	
1507565852368	1478326810622	290.0	-9.0	29.0	-1.0	
1507565852387	1478346952224	290.0	-9.0	29.0	-1.0	
1507565852405	1478367093826	290.0	-9.0	29.0	-1.0	
1507565852422	1478387235427	290.0	-9.0	29.0	-1.0	
1507565852440	1478407377029	290.0	-9.0	29.0	-1.0	
1507565852458	1478427518630	290.0	-9.0	29.0	-1.0	
1507565852494	1478447660232	290.0	-9.058013916015625	29.0	-1.0	
1507565852511	1478467801833	290.1842956542969	-10.0	29.0	-1.0	
1507565852529	1478487943435	291.0	-10.0	29.0	-1.0	
1507565852547	1478508085036	291.0	-10.0	29.436859130859375	-1.0	
1507565852565	1478528226638	291.0	-10.0	30.0	-1.0	
1507565852583	1478548368240	291.0	-10.0	30.0	-1.0	
1507565852600	1478568509841	291.0	-10.0	30.0	-1.0	
1507565852618	1478588651443	291.0	-10.940261840820313	30.0	-1.0	
1507565852653	1478608793044	291.0	-11.0	30.0	-1.0	
1507565852671	1478628934646	291.0	-11.0	30.0	-1.0	
1507565852689	1478649076247	291.0	-11.0	30.0	-1.0	
1507565852708	1478669217849	291.0	-11.0	30.0	-1.0	
1507565852725	1478689359451	291.0	-11.0	30.0	-1.0	
1507565852744	1478709501052	291.69622802734375	-11.0	30.0	-1.0	
1507565852762	1478729642654	291.177490234375	-11.0	30.0	-1.0	
1507565852780	1478749784255	291.0	-11.0	30.0	-1.0	
1507565852814	1478769925857	291.0	-11.0	30.0	-1.0	
1507565852833	1478790067458	291.20135498046875	-11.0	30.0	-1.0	
1507565852851	1478810209060	292.0	-11.0	30.0	-1.0	
1507565852868	1478830350661	292.0	-11.0	30.0	-1.0	
1507565852887	1478850492263	292.0	-11.0	30.0	-1.0	
1507565852904	1478870633865	292.0	-11.0	30.0	-1.0	
1507565852922	1478890775466	292.0	-11.0	30.0	-1.0	
1507565852940	1478910917068	292.0	-11.0	29.04266357421875	-1.0	
1507565852975	1478931058669	292.0	-11.0	29.083602905273438	-1.0	
1507565852993	1478951200271	292.0	-11.0	30.0	-1.0	
1507565853011	1478971341872	292.0	-11.0	30.334457397460938	-1.0	
1507565853028	1478991483474	292.0	-11.0	31.0	-1.0	
1507565853048	1479011625076	292.0	-11.0	30.412979125976563	-1.0	
1507565853064	1479031766677	292.0	-11.0	30.0	-1.0	
1507565853084	1479051908279	292.0	-11.0	29.160415649414063	-1.0	
1507565853100	1479072049880	292.0	-10.034133911132813	29.0	-1.0	
1507565853136	1479092191482	292.0	-10.0	29.0	-1.0	
1507565853155	1479112333083	292.0	-10.0	29.0	-1.0	
1507565853172	1479132474685	292.0	-9.656997680664063	29.0	-1.0	
1507565853191	1479152616286	292.0	-9.0	29.0	-1.0	
1507565853210	1479172757888	292.0	-8.404449462890625	28.404449462890625	-1.0	
1507565853226	1479192899490	291.2781677246094	-8.0	28.0	-1.0	
1507565853243	1479213041091	291.0	-8.0	28.0	-1.0	
1507565853261	1479233182693	291.0	-8.0	28.0	-1.0	
1507565853297	1479253324294	291.0	-7.0	28.0	-1.0	
1507565853314	1479273465896	291.0	-7.0	28.0	-1.0	
1507565853332	1479293607497	291.0	-7.0	28.0	-1.0	
1507565853350	1479313749099	291.0	-7.0	28.0	-1.0	
1507565853369	1479333890701	291.0	-7.0	28.0	-1.0	
1507565853387	1479354032302	291.0	-7.0	28.0	-1.0	
1507565853403	1479374173904	290.14508056640625	-7.0	28.0	-1.0	
1507565853425	1479394315505	290.0	-7.0	28.0	-1.0	
1507565853459	1479414457107	290.0	-7.0	28.0	-1.0	
1507565853475	1479434598708	290.0	-7.0	28.0	-1.0	
1507565853493	1479454740310	290.0	-6.6399383544921875	28.0	-1.0	
1507565853511	1479474881911	290.0	-6.0	28.0	-1.0	
1507565853529	1479495023513	290.0	-6.0	28.0	-1.0	
1507565853547	1479515165115	290.0	-6.0	28.0	-1.0	
1507565853564	1479535306716	290.0	-6.0	28.0	-1.0	
1507565853583	1479555448318	290.0	-6.0	28.0	-1.0	
1507565853622	1479575589919	290.0	-6.0	28.0	-1.0	
1507565853636	1479595731521	290.0	-6.0	28.0	-1.0	
1507565853654	1479615873122	290.0	-6.0	28.0	-1.0	
1507565853672	1479636014724	290.0	-6.0	28.0	-1.0	
1507565853691	1479656156326	290.0	-6.0	28.0	-1.0	
1507565853707	1479676297927	290.0	-6.0	28.0	-1.0	
1507565853725	1479696439529	290.0	-6.0	28.0	-1.0	
1507565853743	1479716581130	290.0	-6.0	28.0	-1.0	
1507565853778	1479736722732	291.0	-6.0	28.0	-1.0	
1507565853797	1479756864333	291.0	-6.0	28.0	-1.0	
1507565853814	1479777005935	291.0	-6.0	28.0	-1.0	
1507565853833	1479797147536	291.0	-6.0	28.0	-1.0	
1507565853851	1479817289138	291.0	-6.0	28.0	-1.0	
1507565853868	1479837430740	291.0	-6.0	28.0	-1.0	
1507565853887	1479857572341	291.0	-6.0	28.0	-1.0	
1507565853921	1479877713943	291.0	-6.0	28.0	-1.0	
1507565853939	1479897855544	291.0	-6.0	28.0	-1.0	
1507565853958	1479917997146	291.0	-6.0	28.0	-1.0	
1507565853975	1479938138747	291.0	-6.0	28.0	-1.0	
1507565853992	1479958280349	291.0	-6.0	28.0	-1.0	
1507565854011	1479978421951	291.0	-6.0	28.0	-1.0	
1507565854029	1479998563552	291.0	-6.0	28.0	-1.0	
1507565854046	1480018705154	291.0	-6.0	28.0	-1.0	
1507565854082	1480038846755	291.0	-6.0	28.0	-1.0	
1507565854100	1480058988357	291.0	-6.0	28.0	-1.0	
1507565854118	1480079129958	291.0	-6.0	28.0	-1.0	
1507565854136	1480099271560	291.0	-6.0	28.0	-1.0	
1507565854154	1480119413161	291.0	-6.0	28.0	-1.0	
1507565854172	1480139554763	291.0	-6.0	28.0	-1.0	
1507565854190	1480159696365	291.7696228027344	-6.0	28.0	-1.0	
1507565854207	1480179837966	292.0	-6.0	28.0	-1.0	
1507565854243	1480199979568	292.0	-6.0	28.0	-1.0	
1507565854261	1480220121169	292.0	-6.0	28.0	-1.0	
1507565854279	1480240262771	292.0	-6.0	28.0	-1.0	
1507565854297	1480260404372	292.0	-6.0	28.0	-1.0	
1507565854315	1480280545974	292.0	-6.0	28.0	-1.0	
1507565854333	1480300687576	292.0	-6.0	28.0	-1.0	
1507565854350	1480320829177	292.0	-6.0	28.0	-1.0	
1507565854368	1480340970779	292.0	-6.0	28.0	-1.0	
1507565854404	1480361112380	292.0	-6.0	28.0	-1.0	
1507565854422	1480381253982	292.0	-6.0	28.0	-1.0	
1507565854440	1480401395583	292.0	-6.0	28.0	-1.0	
1507565854458	1480421537185	292.0	-6.0	28.0	-1.0	
1507565854477	1480441678786	292.0	-6.0	28.0	-1.0	
1507565854493	1480461820388	292.0	-6.0	28.0	-1.0	
1507565854511	1480481961990	292.0	-6.0	28.0	-1.0	
1507565854528	1480502103591	292.0	-6.0	28.0	-1.0	
1507565854564	1480522245193	292.0	-6.0	28.0	-1.0	
1507565854583	1480542386794	292.16522216796875	-6.0	28.0	-1.0	
1507565854601	1480562528396	293.0	-6.0	28.0	-1.0	
1507565854618	1480582669997	293.0	-6.0	28.0	-1.0	
1507565854637	1480602811599	293.0	-6.0	28.0	-1.0	
1507565854656	1480622953201	293.0	-6.0	28.0	-1.0	
1507565854672	1480643094802	293.0	-6.0	28.0	-1.0	
1507565854690	1480663236404	293.0	-6.0	28.0	-1.0	
1507565854725	1480683378005	293.0	-6.0	28.0	-1.0	
1507565854744	1480703519607	293.0	-6.0	28.0	-1.0	
1507565854762	1480723661208	293.0	-6.0	28.0	-1.0	
1507565854779	1480743802810	293.0	-6.0	28.0	-1.0	
1507565854797	1480763944411	293.0	-6.0	28.0	-1.0	
1507565854815	1480784086013	293.0	-6.0	28.0	-1.0	
1507565854832	1480804227615	293.0	-6.0	28.0	-1.0	
1507565854850	1480824369216	293.0	-6.0	28.0	-1.0	
1507565854887	1480844510818	293.0	-6.0	28.0	-1.0	
1507565854904	1480864652419	293.0	-6.0	28.0	-1.0	
1507565854922	1480884794021	293.0	-6.0	28.0	-1.0	
1507565854940	1480904935622	293.0	-6.0	28.0	-1.0	
1507565854958	1480925077224	293.0	-6.0	28.0	-1.0	
1507565854976	1480945218826	293.0	-6.0	28.0	-1.0	
1507565854993	1480965360427	293.0	-6.0	28.0	-1.0	
1507565855011	1480985502029	293.9368591308594	-6.0	28.0	-1.0	
1507565855047	1481005643630	294.0	-6.0	28.0	-1.0	
1507565855064	1481025785232	294.0	-6.0	28.0	-1.0	
1507565855085	1481045926833	294.0	-6.0	28.0	-1.0	
1507565855100	1481066068435	294.0	-6.0	28.0	-1.0	
1507565855118	1481086210036	294.0	-6.0	28.0	-1.0	
1507565855137	1481106351638	294.0	-6.0	28.0	-1.0	
1507565855154	1481126493240	294.0	-6.0	28.0	-1.0	
1507565855171	1481146634841	294.0	-6.0	28.0	-1.0	
1507565855207	1481166776443	294.0	-6.0	28.0	-1.0	
1507565855225	1481186918044	294.0	-6.0	28.0	-1.0	
1507565855244	1481207059646	294.0	-6.0	28.0	-1.0	
1507565855261	1481227208513	294.0	-6.0	28.0	-1.0	
1507565855280	1481247350115	294.0	-6.0	28.0	-1.0	
1507565855297	1481267491717	294.0	-6.0	28.0	-1.0	
1507565855314	1481287633318	294.0	-6.0	28.0	-1.0	
1507565855332	1481307774920	294.0	-6.0	28.0	-1.0	
1507565855368	1481327916521	294.0	-6.0	28.0	-1.0	
1507565855386	1481348058123	294.0	-6.0	28.0	-1.0	
1507565855404	1481368199724	294.0	-6.0	28.0	-1.0	
1507565855422	1481388341326	294.0	-6.0	28.0	-1.0	
1507565855439	1481408482927	294.5836181640625	-6.0	28.0	-1.0	
1507565855458	1481428624529	295.0	-6.0	28.0	-1.0	
1507565855475	1481448766131	295.0	-6.0	28.0	-1.0	
1507565855493	1481468907732	295.0	-6.0	28.0	-1.0	
1507565855529	1481489049334	295.0	-6.0	28.0	-1.0	
1507565855547	1481509190935	295.0	-6.0	28.0	-1.0	
1507565855565	1481529332537	295.0	-6.0	28.0	-1.0	
1507565855582	1481549474138	295.0	-6.0	28.465866088867188	-1.0	
1507565855601	1481569615740	295.0	-6.0	29.0	-1.0	
1507565855619	1481589757342	295.0	-6.0	29.0	-1.0	
1507565855635	1481609898943	295.0	-6.0	28.15673828125	-1.0	
1507565855654	1481630040545	295.0	-6.0	28.0	-1.0	
1507565855694	1481650182146	295.0	-6.0	28.0	-1.0	
1507565855707	1481670323748	295.0	-6.0	28.0	-1.0	
1507565855725	1481690465349	295.0	-6.0	28.0	-1.0	
1507565855743	1481710606951	295.0	-6.0	28.0	-1.0	
1507565855761	1481730748552	295.0	-6.0	28.0	-1.0	
1507565855780	1481750890154	295.0	-6.0	28.725250244140625	-1.0	
1507565855797	1481771031756	295.0	-6.0	29.0	-1.0	
1507565855815	1481791173357	295.0	-6.0	29.0	-1.0	
1507565855850	1481811314959	295.1040954589844	-6.0	28.0	-1.0	
1507565855867	1481831456560	296.0	-6.0	28.0	-1.0	
1507565855887	1481851598162	296.0	-6.0	28.0	-1.0	
1507565855904	1481871739763	296.0	-6.0	28.0	-1.0	
1507565855922	1481891881365	296.0	-6.0	28.0	-1.0	
1507565855940	1481912022967	296.0	-6.0	28.0	-1.0	
1507565855957	1481932164568	296.0	-6.0	28.0	-1.0	
1507565855993	1481952306170	296.0	-6.0	28.010269165039063	-1.0	
1507565856011	1481972447771	296.0	-6.0	29.0	-1.0	
1507565856029	1481992589373	296.0	-6.0	29.0	-1.0	
1507565856047	1482012730974	296.0	-6.0	29.0	-1.0	
1507565856065	1482032872576	296.0	-6.0	28.469192504882813	-1.0	
1507565856082	1482053014177	296.0	-6.0	28.0	-1.0	
1507565856101	1482073155779	296.0	-6.0	28.0	-1.0	
1507565856118	1482093297381	296.0	-6.0	28.0	-1.0	
1507565856153	1482113438982	296.0	-6.0	28.051361083984375	-1.0	
1507565856171	1482133580584	296.0	-6.0	29.0	-1.0	
1507565856189	1482153722185	296.0	-6.0	29.0	-1.0	
1507565856208	1482173863787	296.0	-6.0	29.0	-1.0	
1507565856225	1482194005388	296.0	-6.0	29.0	-1.0	
1507565856243	1482214146990	296.0	-6.0	29.0	-1.0	
1507565856262	1482234288592	296.0	-6.0	29.0	-1.0	
1507565856278	1482254430193	296.0	-6.0	29.0	-1.0	
1507565856316	1482274571795	296.0	-6.0	28.907546997070313	-1.0	
1507565856331	1482294713396	296.0	-6.0	28.0	-1.0	
1507565856350	1482314854998	296.0	-6.0	28.0	-1.0	
1507565856368	1482334996599	296.48284912109375	-6.0	28.0	-1.0	
1507565856386	1482355138201	297.0	-6.0	28.0	-1.0	
1507565856406	1482375279802	297.0	-6.0	28.0	-1.0	
1507565856423	1482395421404	297.0	-6.0	28.0	-1.0	
1507565856458	1482415563006	297.0	-6.0	28.0	-1.0	
1507565856475	1482435704607	297.0	-6.0	28.0	-1.0	
1507565856493	1482455846209	297.0	-6.0	28.0	-1.0	
1507565856511	1482475987810	297.0	-6.0	28.0	-1.0	
1507565856529	1482496129412	297.0	-6.0	28.523971557617188	-1.0	
1507565856547	1482516271013	297.0	-6.0	29.0	-1.0	
1507565856566	1482536412615	297.0	-6.0	28.21575927734375	-1.0	
1507565856582	1482556554217	297.0	-6.0	28.0	-1.0	
1507565856618	1482576695818	297.0	-6.0	28.044509887695313	-1.0	
1507565856636	1482596837420	297.0	-6.0	28.825347900390625	-1.0	
1507565856655	1482616979021	297.0	-6.0	28.0	-1.0	
1507565856672	1482637120623	297.0	-6.0	28.0	-1.0	
1507565856690	1482657262224	297.0	-6.0	28.0	-1.0	
1507565856707	1482677403826	297.0	-6.0	28.0	-1.0	
1507565856725	1482697545427	297.0	-6.0	28.0	-1.0	
1507565856743	1482717687029	297.0	-6.0	28.0	-1.0	
1507565856780	1482737828631	297.0856018066406	-6.0	28.0	-1.0	
1507565856798	1482757970232	298.0	-6.0	28.0	-1.0	
1507565856814	1482778111834	298.0	-6.0	28.0	-1.0	
1507565856832	1482798253435	298.0	-6.0	28.0	-1.0	
1507565856851	1482818395037	298.0	-6.0	28.0	-1.0	
1507565856868	1482838536638	298.0	-6.0	28.0	-1.0	
1507565856886	1482858678240	298.0	-6.0	28.0	-1.0	
1507565856905	1482878819842	298.0	-6.0	28.0	-1.0	
1507565856939	1482898961443	298.0	-6.0	28.0	-1.0	
1507565856957	1482919103045	298.0	-6.0	28.0	-1.0	
1507565856975	1482939244646	298.0	-6.0	28.0	-1.0	
1507565856992	1482959386248	298.0	-6.0	28.0	-1.0	
1507565857011	1482979527849	298.0	-6.0	28.0	-1.0	
1507565857030	1482999669451	298.0	-6.0	28.0	-1.0	
1507565857047	1483019811052	298.0	-6.0	28.0	-1.0	
1507565857084	1483039952654	298.0	-6.0	28.0	-1.0	
1507565857100	1483060094256	298.0	-6.0	28.0	-1.0	
1507565857117	1483080235857	298.0	-6.0	28.0	-1.0	
1507565857136	1483100377459	298.0	-6.0	28.0	-1.0	
1507565857154	1483120519060	298.0	-6.0	28.0	-1.0	
1507565857172	1483140660662	298.0	-6.0	28.0	-1.0	
1507565857190	1483160802263	298.0	-6.0	28.0	-1.0	
1507565857208	1483180943865	298.0	-6.0	28.0	-1.0	
1507565857242	1483201085467	298.0	-6.0	28.0	-1.0	
1507565857262	1483221227068	298.0	-6.0	28.0	-1.0	
1507565857278	1483241368670	298.33905029296875	-6.0	28.0	-1.0	
1507565857297	1483261510271	299.0	-6.0	28.0	-1.0	
1507565857314	1483281651873	299.0	-6.0	28.0	-1.0	
1507565857333	1483301793474	299.0	-6.0	28.0	-1.0	
1507565857350	1483321935076	299.0	-6.0	28.0	-1.0	
1507565857368	1483342076677	299.0	-6.0	28.0	-1.0	
1507565857403	1483362218279	299.0	-6.0	28.0	-1.0	
1507565857421	1483382359881	299.0	-5.75	28.0	-1.0	
1507565857439	1483402501482	299.0	-5.0	28.0	-1.0	
1507565857457	1483422643084	299.0	-5.0	28.0	-1.0	
1507565857475	1483442784685	299.0	-5.0	28.0	-1.0	
1507565857493	1483462926287	299.0	-5.0	28.0	-1.0	
1507565857511	1483483067888	299.0	-5.0	28.0	-1.0	
1507565857548	1483503209490	299.0	-5.0	28.0	-1.0	
1507565857564	1483523351092	299.0	-5.0	28.0	-1.0	
1507565857583	1483543492693	299.0	-5.0	28.0	-1.0	
1507565857600	1483563634295	299.0	-5.0	28.0	-1.0	
1507565857618	1483583775896	299.0	-4.448638916015625	28.0	-1.0	
1507565857636	1483603917498	299.0	-4.0	28.0	-1.0	
1507565857654	1483624059099	299.0	-4.0	28.0	-1.0	
1507565857672	1483644200701	299.0	-4.0	28.0	-1.0	
1507565857707	1483664342302	299.0	-4.0	28.0	-1.0	
1507565857725	1483684483904	299.0	-4.0	28.0	-1.0	
1507565857743	1483704625506	299.0	-4.0	28.0	-1.0	
1507565857761	1483724767107	299.0	-4.0	28.0	-1.0	
1507565857779	1483744908709	299.0	-4.0	27.407546997070313	-1.0	
1507565857797	1483765050310	299.0	-4.0	27.0	-1.0	
1507565857816	1483785191912	299.0	-4.0	27.0	-1.0	
1507565857833	1483805333513	299.0	-4.0	27.0	-1.0	
1507565857868	1483825475115	299.0	-3.886993408203125	27.0	-1.0	
1507565857886	1483845616717	299.0	-3.0	27.0	-1.0	
1507565857904	1483865758318	299.0	-3.0	27.0	-1.0	
1507565857922	1483885899920	299.0	-3.0	27.0	-1.0	
1507565857939	1483906041521	299.0	-3.0	27.0	-1.0	
1507565857958	1483926183123	299.0	-3.0	27.0	-1.0	
1507565857975	1483946324724	299.0	-3.0	27.0	-1.0	
1507565858011	1483966466326	299.0	-3.0	27.0	-1.0	
1507565858029	1483986607927	299.0	-3.0	27.0	-1.0	
1507565858046	1484006749529	299.0	-3.0	27.0	-1.0	
1507565858065	1484026891131	299.0	-3.0	27.0	-1.0	
1507565858083	1484047032732	299.0	-3.0	27.0	-1.0	
1507565858101	1484067174334	299.0	-3.0	27.0	-1.0	
1507565858119	1484087315935	299.0	-3.0	27.0	-1.0	
1507565858137	1484107457537	299.0	-3.0	27.0	-1.0	
1507565858172	1484127599138	299.0	-3.0	27.0650634765625	-1.0	
1507565858189	1484147740740	299.0	-3.0	27.8048095703125	-1.0	
1507565858207	1484167882342	299.0	-3.0	27.0	-1.0	
1507565858225	1484188023943	299.0	-3.0	27.0	-1.0	
1507565858243	1484208165545	299.0	-3.0	27.0	-1.0	
1507565858261	1484228307146	299.0	-3.0	27.0	-1.0	
1507565858279	1484248448748	299.0	-3.0	27.0	-1.0	
1507565858296	1484268590349	299.0	-3.0	27.0	-1.0	
1507565858332	1484288731951	300.0	-3.0	27.0	-1.0	
1507565858349	1484308873552	300.0	-3.0	27.236297607421875	-1.0	
1507565858368	1484329015154	300.0	-3.0	27.633575439453125	-1.0	
1507565858385	1484349156756	300.0	-3.0	27.0	-1.0	
1507565858406	1484369298357	300.0	-3.0	27.0	-1.0	
1507565858427	1484389439959	300.0	-3.0	27.0	-1.0	
1507565858438	1484409581560	300.0	-3.0	27.0	-1.0	
1507565858475	1484429723162	300.0	-3.0	27.0	-1.0	
1507565858492	1484449864763	300.0	-3.0	27.0	-1.0	
1507565858511	1484470006365	300.0	-3.0	27.0	-1.0	
1507565858528	1484490147967	300.0	-3.0	27.0	-1.0	
1507565858546	1484510289568	300.0	-3.0	27.0	-1.0	
1507565858565	1484530431170	300.0	-3.0	27.0	-1.0	
1507565858582	1484550572771	300.0	-3.0	27.0	-1.0	
1507565858600	1484570714373	300.0	-3.0	27.0	-1.0	
1507565858635	1484590855974	300.0	-3.0	27.0	-1.0	
1507565858654	1484610997576	300.0	-3.0	27.0	-1.0	
1507565858672	1484631139177	300.0	-3.0	27.0	-1.0	
1507565858689	1484651280779	300.0	-3.0	27.0	-1.0	
1507565858707	1484671422381	300.0	-3.0	27.0	-1.0	
1507565858725	1484691563982	300.7088928222656	-3.0	27.0	-1.0	
1507565858743	1484711705584	301.0	-3.0	27.0	-1.0	
1507565858761	1484731847185	301.0	-3.0	27.0	-1.0	
1507565858796	1484751988787	301.0	-3.0	27.0	-1.0	
1507565858814	1484772130388	301.0	-3.0	27.0	-1.0	
1507565858832	1484792271990	301.0	-3.0	27.0	-1.0	
1507565858850	1484812413592	301.0	-3.0	27.0	-1.0	
1507565858868	1484832555193	301.0	-3.0	27.0	-1.0	
1507565858886	1484852696795	301.0	-3.0	27.0	-1.0	
1507565858904	1484872838396	301.0	-3.0	27.0	-1.0	
1507565858939	1484892979998	301.0	-3.0	27.0	-1.0	
1507565858958	1484913121599	301.0	-3.0	27.0	-1.0	
1507565858975	1484933263201	301.0	-3.0	27.0	-1.0	
1507565858993	1484953404802	301.0	-3.0	27.0	-1.0	
1507565859011	1484973546404	301.0	-3.0	27.0	-1.0	
1507565859028	1484993688006	301.0	-3.0	27.0	-1.0	
1507565859047	1485013829607	301.0	-3.0	27.0	-1.0	
1507565859065	1485033971209	301.0	-3.0	27.0	-1.0	
1507565859100	1485054112810	301.0513610839844	-3.0	27.0	-1.0	
1507565859118	1485074254412	302.0	-3.0	27.0	-1.0	
1507565859136	1485094396013	302.0	-3.0	27.0	-1.0	
1507565859154	1485114537615	302.0	-3.0	27.0	-1.0	
1507565859171	1485134679217	302.0	-3.0	27.0	-1.0	
1507565859189	1485154820818	302.0	-3.0	27.0	-1.0	
1507565859208	1485174962420	302.0	-3.0	27.0	-1.0	
1507565859225	1485195104021	302.0	-3.0	27.0	-1.0	
1507565859261	1485215245623	302.0	-3.0	27.0	-1.0	
1507565859278	1485235387224	302.0	-3.0	27.0	-1.0	
1507565859296	1485255528826	302.0	-3.0	27.0	-1.0	
1507565859315	1485275670427	302.0	-3.0	27.0	-1.0	
1507565859332	1485295812029	302.0	-3.0	27.0	-1.0	
1507565859351	1485315953631	302.0	-3.0	27.0	-1.0	
1507565859368	1485336095232	302.0	-3.0	27.0	-1.0	
1507565859404	1485356236834	302.0	-3.0	27.0	-1.0	
1507565859421	1485376378435	302.0	-3.0	27.0	-1.0	
1507565859440	1485396520037	302.0	-3.0	27.0	-1.0	
1507565859457	1485416661638	302.0	-3.0	27.0	-1.0	
1507565859475	1485436803240	302.0	-3.0	27.0	-1.0	
1507565859492	1485456944842	302.0	-3.0	27.0	-1.0	
1507565859510	1485477086443	302.0	-3.0	27.0	-1.0	
1507565859528	1485497228045	302.91436767578125	-3.0	27.0	-1.0	
1507565859564	1485517369646	303.0	-3.0	27.0	-1.0	
1507565859582	1485537511248	303.0	-3.0	27.0	-1.0	
1507565859600	1485557652849	303.0	-3.0	27.0	-1.0	
1507565859618	1485577794451	303.0	-3.0	27.0	-1.0	
1507565859636	1485597936052	303.0	-3.0	27.0	-1.0	
1507565859653	1485618077654	303.0	-3.0	27.0	-1.0	
1507565859673	1485638219256	303.0	-3.0	27.0	-1.0	
1507565859689	1485658360857	303.0	-2.044525146484375	27.0	-1.0	
1507565859724	1485678502459	303.0	-2.0	26.914398193359375	-1.0	
1507565859742	1485698644060	303.0	-2.2157440185546875	26.0	-1.0	
1507565859762	1485718785662	303.0	-3.0	26.0	-1.0	
1507565859778	1485738927263	303.0	-2.52398681640625	26.0	-1.0	
1507565859796	1485759068865	303.0	-2.0	26.0	-1.0	
1507565859814	1485779210467	303.0	-2.0	26.0	-1.0	
1507565859832	1485799352068	303.0	-2.0	26.866424560546875	-1.0	
1507565859850	1485819493670	303.0	-2.0	27.0	-1.0	
1507565859885	1485839635271	303.0	-2.0	27.0	-1.0	
1507565859905	1485859776873	303.0	-2.0	27.0	-1.0	
1507565859922	1485879918474	303.0	-2.0	26.613021850585938	-1.0	
1507565859940	1485900060076	303.0	-2.517120361328125	26.0	-1.0	
1507565859960	1485920201677	303.0	-3.0	26.0	-1.0	
1507565859975	1485940343279	303.0	-2.2226104736328125	26.0	-1.0	
1507565859992	1485960484881	303.0	-2.0	26.0	-1.0	
1507565860028	1485980626482	303.0	-2.0	26.0	-1.0	
1507565860046	1486000768084	303.0	-2.0	26.0	-1.0	
1507565860065	1486020909685	303.0	-2.0	26.0	-1.0	
1507565860081	1486041051287	303.0	-2.0	26.0	-1.0	
1507565860100	1486061192888	303.0	-2.0	26.0	-1.0	
1507565860119	1486081334490	303.0	-2.0	26.0	-1.0	
1507565860135	1486101476092	303.0	-2.0	26.0	-1.0	
1507565860153	1486121617693	303.0	-2.0	26.0	-1.0	
1507565860189	1486141759295	303.0	-2.0	26.0	-1.0	
1507565860207	1486161900896	303.0	-2.0	26.0	-1.0	
1507565860225	1486182042498	303.0	-2.0	26.0	-1.0	
1507565860243	1486202184099	303.0	-2.0	26.0	-1.0	
1507565860261	1486222325701	303.0	-2.0	26.0	-1.0	
1507565860278	1486242467302	303.0	-2.0	26.0	-1.0	
1507565860296	1486262608904	303.0	-2.0	26.0	-1.0	
1507565860314	1486282750506	303.0	-2.0	26.0	-1.0	
1507565860349	1486302892107	303.0	-1.8801422119140625	26.0	-1.0	
1507565860368	1486323033709	303.0	-1.25	26.25	-1.0	
1507565860385	1486343175310	303.0	-1.619873046875	26.619873046875	-1.0	
1507565860403	1486363316912	303.0	-1.0	26.0	-1.0	
1507565860421	1486383458513	303.0	-1.0	26.0	-1.0	
1507565860440	1486403600115	303.0	-1.0	26.0	-1.0	
1507565860456	1486423741717	303.0	-1.0	26.0	-1.0	
1507565860493	1486443883318	303.0	-1.0	26.0	-1.0	
1507565860510	1486464024920	303.0	-1.0	26.0	-1.0	
1507565860528	1486484166521	303.0	-1.0	26.0	-1.0	
1507565860546	1486504308123	303.0	-1.0	26.0	-1.0	
1507565860564	1486524449724	303.0	-1.0	26.0	-1.0	
1507565860582	1486544591326	303.0	-1.0	26.0	-1.0	
1507565860600	1486564732927	303.0	-1.0	26.0	-1.0	
1507565860617	1486584874529	303.0	-1.0	26.0	-1.0	
1507565860653	1486605016131	303.0	-1.0	26.0	-1.0	
1507565860672	1486625157732	303.0	-1.0	26.0	-1.0	
1507565860688	1486645299334	303.0	-1.0	26.0	-1.0	
1507565860708	1486665440935	303.0	-1.0	26.0	-1.0	
1507565860725	1486685582537	303.0	-1.0	26.0	-1.0	
1507565860743	1486705724138	303.0	-1.0	26.0	-1.0	
1507565860761	1486725865740	303.0	-1.0	26.0	-1.0	
1507565860778	1486746007342	303.0	-1.0	26.0	-1.0	
1507565860814	1486766148943	303.0	-1.0	26.0	-1.0	
1507565860832	1486786290545	303.0	-1.0	26.0	-1.0	
1507565860850	1486806432146	303.0	-1.0	26.0	-1.0	
1507565860869	1486826573748	303.0	-1.0	26.0	-1.0	
1507565860885	1486846715349	303.0	-1.0	26.0	-1.0	
1507565860903	1486866856951	303.0	-1.0	26.0	-1.0	
1507565860922	1486886998552	303.0	-1.0	26.0	-1.0	
1507565860957	1486907140154	303.0	-1.0	26.0	-1.0	
1507565860976	1486927281756	303.0	-1.0	26.0	-1.0	
1507565860993	1486947423357	303.0	-1.0	26.0	-1.0	
1507565861010	1486967564959	303.0	-1.0	26.0	-1.0	
1507565861028	1486987706560	303.0	-1.0	26.0	-1.0	
1507565861046	1487007848162	303.0	-1.0	26.0	-1.0	
1507565861064	1487027989763	303.8048095703125	-1.0	25.195205688476563	-1.0	
1507565861082	1487048131365	304.0	-1.0	25.0	-1.0	
1507565861117	1487068272967	304.0	-1.0	25.0	-1.0	
1507565861135	1487088414568	304.0	-1.0	25.0	-1.0	
1507565861153	1487108556170	304.0	-1.0	25.0	-1.0	
1507565861171	1487128697771	304.0	-1.0	25.0	-1.0	
1507565861190	1487148839373	304.0	-1.0	25.0	-1.0	
1507565861208	1487168980974	304.0	-1.0	25.0	-1.0	
1507565861225	1487189122576	304.0	-1.0	25.0	-1.0	
1507565861243	1487209264177	304.0	-1.0	25.0	-1.0	
1507565861278	1487229405779	304.0	-1.0	25.0	-1.0	
1507565861296	1487249547381	304.0	-1.0	25.0	-1.0	
1507565861314	1487269688982	304.0	-1.0	25.0	-1.0	
1507565861332	1487289830584	304.0	-1.0	25.0	-1.0	
1507565861350	1487309972185	304.0	-1.0	25.0	-1.0	
1507565861368	1487330113787	304.0	-1.0	25.7568359375	-1.0	
1507565861386	1487350255388	304.0	-1.0	26.0	-1.0	
1507565861422	1487370396990	304.0	-1.0	26.0	-1.0	
1507565861439	1487390538592	304.0	-1.0	26.0	-1.0	
1507565861456	1487410680193	304.0	-1.0	25.722610473632813	-1.0	
1507565861474	1487430821795	304.40753173828125	-1.40753173828125	25.0	-1.0	
1507565861493	1487450963396	305.0	-1.46234130859375	25.0	-1.0	
1507565861512	1487471104998	305.0	-1.0	25.0	-1.0	
1507565861528	1487491246599	305.0	-1.0	25.797943115234375	-1.0	
1507565861546	1487511388201	305.0	-1.0	26.0	-1.0	
1507565861581	1487531529802	305.0	-1.0	26.0	-1.0	
1507565861599	1487551671404	305.0	-1.0	26.0	-1.0	
1507565861617	1487571813006	305.0	-1.0	26.0	-1.0	
1507565861635	1487591954607	305.0	-1.0	26.0	-1.0	
1507565861653	1487612096209	305.0	-1.0	25.421234130859375	-1.0	
1507565861671	1487632237810	305.0	-1.0	25.0	-1.0	
1507565861689	1487652379412	305.0	-1.0	25.839035034179688	-1.0	
1507565861707	1487672521013	305.0	-1.0	26.0	-1.0	
1507565861742	1487692662615	305.0	-1.0	25.0	-1.0	
1507565861760	1487712804217	305.0	-1.0	25.0	-1.0	
1507565861778	1487732945818	305.0	-1.0	25.0	-1.0	
1507565861796	1487753087420	305.0	-1.0	25.489715576171875	-1.0	
1507565861814	1487773229021	305.0	-1.0	26.0	-1.0	
1507565861832	1487793370623	305.0	-1.0	26.0	-1.0	
1507565861849	1487813512224	305.0	-1.0	25.131179809570313	-1.0	
1507565861867	1487833653826	305.0	-1.0	25.0	-1.0	
1507565861904	1487853795427	306.0	-1.0	25.0	-1.0	
1507565861921	1487873937029	305.75811767578125	-1.0	25.0	-1.0	
1507565861939	1487894078631	305.0	-1.0	25.0	-1.0	
1507565861956	1487914220232	305.0	-1.0	25.0	-1.0	
1507565861974	1487934361834	305.0	-0.3833160400390625	25.0	-1.0	
1507565861992	1487954503435	305.0	0.0	25.0	-1.0	
1507565862010	1487974645037	305.0	0.0	25.0	-1.0	
1507565862028	1487994786638	304.0102233886719	0.0	25.0	-1.0	
1507565862064	1488014928240	304.0	0.0	25.0	-1.0	
1507565862082	1488035069842	304.0	0.0	25.0	-1.0	
1507565862099	1488055211443	304.0	0.0	25.0	-1.0	
1507565862117	1488075353045	304.0	0.0	25.0	-1.0	
1507565862135	1488095494646	303.388427734375	0.0	25.0	-1.0	
1507565862154	1488115636248	303.0	0.0	25.0	-1.0	
1507565862171	1488135777849	303.0	0.0	25.0	-1.0	
1507565862188	1488155919451	303.0	0.0	25.0	-1.0	
1507565862224	1488176061052	303.0	0.0	25.0	-1.0	
1507565862242	1488196202654	303.0	0.0	25.0	-1.0	
1507565862261	1488216344256	303.0	0.0	25.0	-1.0	
1507565862278	1488236485857	303.0	0.0	25.0	-1.0	
1507565862296	1488256627459	303.0	0.0	25.0	-1.0	
1507565862314	1488276769060	303.0	0.0	25.0	-1.0	
1507565862331	1488296910662	303.0	0.0	25.0	-1.0	
1507565862349	1488317052263	303.0	0.0	25.0	-1.0	
1507565862385	1488337193865	303.0	0.0	25.0	-1.0	
1507565862404	1488357335467	303.0	0.0	25.0	-1.0	
1507565862421	1488377477068	303.0	0.0	25.0	-1.0	
1507565862439	1488397618670	303.0	0.0	25.0	-1.0	
1507565862457	1488417760271	303.0	0.0	25.0	-1.0	
1507565862475	1488437901873	303.0	0.0	25.0	-1.0	
1507565862493	1488458043474	303.0	0.0	25.0	-1.0	
1507565862510	1488478185076	303.0	0.0	25.0	-1.0	
1507565862545	1488498326677	304.0	0.0	25.0	-1.0	
1507565862563	1488518468279	304.0	0.0	25.0	-1.0	
1507565862582	1488538609881	304.0	0.0	25.0	-1.0	
1507565862599	1488558751482	304.0	0.0	25.0	-1.0	
1507565862617	1488578893084	304.0	0.0	25.0	-1.0	
1507565862635	1488599034685	304.0	0.0	25.0	-1.0	
1507565862652	1488619176287	304.0	0.0	25.0	-1.0	
1507565862671	1488639317888	304.0	0.0	25.0	-1.0	
1507565862706	1488659459490	304.0	0.0	24.901199340820313	-1.0	
1507565862724	1488679601092	304.0	0.0	24.0	-1.0	
1507565862742	1488699742693	304.0	0.0	24.0	-1.0	
1507565862760	1488719884295	304.0	0.0	24.471878051757813	-1.0	
1507565862778	1488740025896	304.0	0.0	25.0	-1.0	
1507565862797	1488760167498	304.0	0.0	24.279388427734375	-1.0	
1507565862814	1488780309099	304.0	0.0	24.844970703125	-1.0	
1507565862832	1488800450701	304.0	0.0	25.0	-1.0	
1507565862867	1488820592302	304.0	0.0	25.0	-1.0	
1507565862885	1488840733904	304.0	0.0	25.0	-1.0	
1507565862904	1488860875506	304.3441162109375	0.0	25.0	-1.0	
1507565862921	1488881017107	305.0	0.0	25.0	-1.0	
1507565862938	1488901158709	305.0	0.0	25.0	-1.0	
1507565862957	1488921300310	305.0	0.0	25.0	-1.0	
1507565862974	1488941441912	305.0	0.0	25.0	-1.0	
1507565862993	1488961583513	305.0	0.0	25.0	-1.0	
1507565863028	1488981725115	305.0	0.0	25.0	-1.0	
1507565863046	1489001866717	305.0	0.0	25.0	-1.0	
1507565863064	1489022008318	305.0	0.0	25.0	-1.0	
1507565863082	1489042149920	305.0	0.0	25.0	-1.0	
1507565863100	1489062291521	305.0	0.0	25.0	-1.0	
1507565863118	1489082433123	305.0	0.0	25.0	-1.0	
1507565863136	1489102574724	305.0	0.0	25.0	-1.0	
1507565863152	1489122716326	305.0	0.0	25.0	-1.0	
1507565863189	1489142857927	305.0	0.0	25.0	-1.0	
1507565863206	1489162999529	305.21124267578125	0.0	25.0	-1.0	
1507565863226	1489183141131	306.0	0.0	25.0	-1.0	
1507565863242	1489203282732	306.0	0.0	25.0	-1.0	
1507565863260	1489223424334	306.0	0.0	25.0	-1.0	
1507565863279	1489243565935	306.0	0.0	25.0	-1.0	
1507565863296	1489263707537	306.0	0.0	25.0	-1.0	
1507565863313	1489283849138	306.0	0.0	25.0	-1.0	
1507565863349	1489303990740	306.0	0.0	25.0	-1.0	
1507565863367	1489324132342	306.0	0.0	25.0	-1.0	
1507565863386	1489344273943	306.0	0.0	25.0	-1.0	
1507565863403	1489364415545	306.0	0.0	25.0	-1.0	
1507565863420	1489384557146	306.0	0.0	25.0	-1.0	
1507565863439	1489404698748	306.0	0.0	25.0	-1.0	
1507565863456	1489424840349	306.0	0.0	25.0	-1.0	
1507565863476	1489444981951	306.0	0.0	25.0	-1.0	
1507565863511	1489465123552	306.0	0.0	25.0	-1.0	
1507565863528	1489485265154	306.0	0.0	25.0	-1.0	
1507565863547	1489505406756	306.0	0.0	25.0	-1.0	
1507565863563	1489525548357	306.4514465332031	0.0	25.0	-1.0	
1507565863581	1489545689959	307.0	0.0	25.0	-1.0	
1507565863600	1489565831560	307.0	0.0	25.0	-1.0	
1507565863617	1489585973162	307.0	0.0	25.0	-1.0	
1507565863635	1489606114763	307.0	0.0	25.0	-1.0	
1507565863671	1489626256365	307.0	0.0	25.0	-1.0	
1507565863688	1489646397967	307.0	0.0	25.0	-1.0	
1507565863707	1489666539568	307.0	0.0	25.0	-1.0	
1507565863725	1489686681170	307.0	0.0	24.551971435546875	-1.0	
1507565863742	1489706822771	307.0	0.0	24.0	-1.0	
1507565863761	1489726964373	307.0	0.0	24.696762084960938	-1.0	
1507565863778	1489747105974	307.0	0.0	25.0	-1.0	
1507565863796	1489767247576	307.0	0.0	25.0	-1.0	
1507565863832	1489787389177	307.0	0.0	25.0	-1.0	
1507565863849	1489807530779	307.0	0.0	25.0	-1.0	
1507565863868	1489827672381	307.0	0.0	25.0	-1.0	
1507565863886	1489847813982	307.0	0.0	25.0	-1.0	
1507565863903	1489867955584	307.0	0.0	25.0	-1.0	
1507565863922	1489888097185	307.0	0.0	25.0	-1.0	
1507565863940	1489908238787	307.0	0.0	25.0	-1.0	
1507565863957	1489928380388	307.94207763671875	0.0	25.0	-1.0	
1507565863993	1489948521990	308.0	0.0	25.0	-1.0	
1507565864010	1489968663592	308.0	0.0	25.0	-1.0	
1507565864029	1489988805193	308.0	0.0	25.0	-1.0	
1507565864047	1490008946795	308.0	0.0	25.0	-1.0	
1507565864064	1490029088396	308.0	0.0	25.0	-1.0	
1507565864082	1490049229998	308.0	0.0	25.0	-1.0	
1507565864100	1490069371599	308.0	0.0	25.0	-1.0	
1507565864117	1490089513201	308.0	0.0	25.0	-1.0	
1507565864153	1490109654802	308.0	0.0	25.0	-1.0	
1507565864171	1490129796404	308.0	0.0	25.0	-1.0	
1507565864190	1490149938006	308.0	0.0	25.0	-1.0	
1507565864206	1490170079607	308.0	0.0	25.0	-1.0	
1507565864225	1490190221209	308.0	0.0	25.0	-1.0	
1507565864243	1490210362810	308.0	0.0	25.0	-1.0	
1507565864260	1490230504412	308.0	0.0	25.0	-1.0	
1507565864278	1490250646013	308.0	0.0	25.0	-1.0	
1507565864314	1490270787615	309.0	0.0	25.0	-1.0	
1507565864331	1490290929217	309.0	0.0	25.0	-1.0	
1507565864350	1490311070818	309.0	0.0	25.0	-1.0	
1507565864367	1490331212420	309.0	0.0	25.0	-1.0	
1507565864385	1490351354021	309.0	0.0	25.0	-1.0	
1507565864404	1490371495623	309.0	0.0	25.0	-1.0	
1507565864420	1490391637224	309.0	0.0	25.0	-1.0	
1507565864438	1490411778826	309.0	0.0	25.0	-1.0	
1507565864475	1490431920427	309.0	0.0	25.0	-1.0	
1507565864492	1490452062029	309.0	0.0	25.0	-1.0	
1507565864511	1490472203631	309.0	0.0	25.0	-1.0	
1507565864528	1490492345232	309.0	0.0	25.0	-1.0	
1507565864546	1490512486834	309.0	0.0	25.0	-1.0	
1507565864564	1490532628435	309.0	0.0	25.0	-1.0	
1507565864581	1490552770037	309.0	0.0	25.0	-1.0	
1507565864599	1490572911638	309.0	0.0	25.0	-1.0	
1507565864634	1490593053240	310.0	0.0	25.0	-1.0	
1507565864652	1490613194842	310.0	0.0	25.0	-1.0	
1507565864671	1490633336443	310.0	0.0	25.0	-1.0	
1507565864688	1490653478045	310.0	0.0	25.0	-1.0	
1507565864706	1490673619646	310.0	0.0	25.0	-1.0	
1507565864724	1490693761248	310.0	0.0	25.0	-1.0	
1507565864742	1490713902849	310.0	0.0	25.797271728515625	-1.0	
1507565864761	1490734044451	310.0	0.0	26.0	-1.0	
1507565864796	1490754186052	310.0	0.0	25.0	-1.0	
1507565864814	1490774327654	310.0	0.0	25.0	-1.0	
1507565864833	1490794469256	310.0	0.0	25.0	-1.0	
1507565864850	1490814610857	310.0	0.0	25.0	-1.0	
1507565864867	1490834752459	310.0	0.0	25.0	-1.0	
1507565864885	1490854894060	310.0	0.0	25.0	-1.0	
1507565864902	1490875035662	310.0	0.0	25.0	-1.0	
1507565864920	1490895177263	310.0	0.0	25.0	-1.0	
1507565864956	1490915318865	310.0	0.0	26.0	-1.0	
1507565864974	1490935460467	310.16693115234375	0.0	25.833053588867188	-1.0	
1507565864993	1490955602068	311.0	0.0	25.0	-1.0	
1507565865009	1490975743670	311.0	0.0	25.0	-1.0	
1507565865029	1490995885271	311.0	0.0	25.0	-1.0	
1507565865046	1491016026873	311.0	0.0	25.0	-1.0	
1507565865063	1491036168474	311.0	0.0	25.0	-1.0	
1507565865080	1491056310076	311.0	0.0	25.0	-1.0	
1507565865116	1491076451677	311.0	0.0	25.0	-1.0	
1507565865135	1491096593279	311.0	0.0	25.0	-1.0	
1507565865154	1491116734881	311.0	0.0	25.0	-1.0	
1507565865170	1491136876482	311.0	0.0	25.0	-1.0	
1507565865188	1491157018084	311.0	0.0	25.0	-1.0	
1507565865208	1491177159685	311.0	0.0	25.0	-1.0	
1507565865224	1491197301287	311.0	0.0	25.0	-1.0	
1507565865243	1491217442888	311.0	0.0	25.0	-1.0	
1507565865279	1491237604265	311.0	0.0	25.0	-1.0	
1507565865296	1491257745867	311.0	0.0	25.0	-1.0	
1507565865314	1491277887468	311.0	0.0	25.0	-1.0	
1507565865331	1491298029070	311.0	0.0	25.0	-1.0	
1507565865349	1491318170671	311.0	0.0	25.5701904296875	-1.0	
1507565865367	1491338312273	311.0	0.0	26.0	-1.0	
1507565865385	1491358453874	311.0	0.0	26.0	-1.0	
1507565865403	1491378595476	311.0	0.0	25.039398193359375	-1.0	
1507565865438	1491398737077	311.09075927734375	0.0	25.0	-1.0	
1507565865457	1491418878679	312.0	0.0	25.0	-1.0	
1507565865475	1491439020281	312.0	0.0	25.0	-1.0	
1507565865493	1491459161882	312.0	0.0	25.0	-1.0	
1507565865510	1491479303484	312.0	0.0	25.0	-1.0	
1507565865528	1491499445085	312.0	0.0	25.0	-1.0	
1507565865545	1491519586687	312.0	0.0	25.0	-1.0	
1507565865581	1491539728288	312.0	0.0	25.998291015625	-1.0	
1507565865599	1491559869890	312.0	0.0	25.0	-1.0	
1507565865617	1491580011492	312.0	0.0	25.0	-1.0	
1507565865635	1491600153093	312.0	0.0	25.0	-1.0	
1507565865653	1491620294695	312.0	0.0	25.0	-1.0	
1507565865670	1491640436296	312.0	0.0	25.0	-1.0	
1507565865689	1491660577898	312.0	0.0	25.0	-1.0	
1507565865708	1491680719499	312.0	0.0	25.0	-1.0	
1507565865743	1491700861101	313.0	0.0	26.0	-1.0	
1507565865760	1491721002702	313.0	0.0	26.0	-1.0	
1507565865777	1491741144304	313.0	0.0	26.0	-1.0	
1507565865796	1491761285906	313.0	0.0	26.0	-1.0	
1507565865813	1491781427507	313.0	0.0	26.0	-1.0	
1507565865831	1491801569109	313.0	0.0	26.0	-1.0	
1507565865849	1491821710710	313.0	0.0	26.0	-1.0	
1507565865866	1491841852312	313.0	0.0	26.0	-1.0	
1507565865903	1491861993913	313.0	0.0	26.0	-1.0	
1507565865920	1491882135515	313.0	0.0	26.0	-1.0	
1507565865939	1491902277117	313.0	0.0	26.0	-1.0	
1507565865957	1491922418718	313.0	0.0	26.0	-1.0	
1507565865974	1491942560320	313.0	0.0	26.0	-1.0	
1507565865993	1491962701921	313.0	0.0	26.0	-1.0	
1507565866011	1491982843523	313.0	0.0	26.0	-1.0	
1507565866028	1492002985124	313.994873046875	0.0	26.0	-1.0	
1507565866064	1492023126726	314.0	0.0	26.0	-1.0	
1507565866080	1492043268327	314.0	0.0	26.0	-1.0	
1507565866098	1492063409929	314.0	0.0	26.0	-1.0	
1507565866117	1492083551531	314.0	0.0	26.0	-1.0	
1507565866135	1492103693132	314.0	0.0	26.0	-1.0	
1507565866152	1492123834734	314.0	0.0	26.775680541992188	-1.0	
1507565866170	1492143976335	314.0	0.0	27.0	-1.0	
1507565866206	1492164117937	314.0	0.0	27.0	-1.0	
1507565866224	1492184259538	314.0	0.0	27.0	-1.0	
1507565866241	1492204401140	314.0	0.0	27.0	-1.0	
1507565866260	1492224542742	314.0	0.0	27.0	-1.0	
1507565866280	1492244684343	314.0	0.0	27.0	-1.0	
1507565866296	1492264825945	314.0	0.0	27.0	-1.0	
1507565866313	1492284967546	314.0	0.0	27.0	-1.0	
1507565866331	1492305109148	314.0	0.0	27.0	-1.0	
1507565866367	1492325250749	314.0770263671875	0.0	27.0	-1.0	
1507565866384	1492345392351	315.0	0.0	27.0	-1.0	
1507565866402	1492365533952	315.0	0.0	27.0	-1.0	
1507565866421	1492385675554	315.0	0.0	27.0	-1.0	
1507565866439	1492405817156	315.0	0.0	27.0	-1.0	
1507565866456	1492425958757	315.0	0.0	27.0	-1.0	
1507565866473	1492446100359	315.0	0.0	27.0	-1.0	
1507565866491	1492466241960	315.0	0.0	27.0	-1.0	
1507565866527	1492486383562	315.0	0.0	27.118148803710938	-1.0	
1507565866545	1492506525163	315.0	0.0	28.0	-1.0	
1507565866563	1492526666765	315.0	0.0	27.62158203125	-1.0	
1507565866580	1492546808367	315.0	0.0	27.0	-1.0	
1507565866600	1492566949968	315.0	0.0	27.0	18.0	
1507565866619	1492587091570	315.0	0.0	27.0	18.0	
1507565866635	1492607233171	315.0	0.0	27.0	18.0	
1507565866670	1492627374773	316.0	0.0	27.0	18.0	
1507565866688	1492647516374	316.0	0.0	27.0	18.0	
1507565866708	1492667657976	316.0	0.0	27.0	18.0	
1507565866726	1492687799577	316.0	0.0	27.0	18.0	
1507565866742	1492707941179	316.0	0.0	27.0	18.0	
1507565866764	1492728082781	316.0	0.0	27.0	18.0	
1507565866778	1492748224382	316.0	0.0	27.0	18.0	
1507565866795	1492768365984	316.0	0.0	27.0	18.0	
1507565866831	1492788507585	316.0	0.0	27.0	18.0	
1507565866849	1492808649187	316.0	0.0	27.0	18.0	
1507565866867	1492828790788	316.0	0.0	27.0	18.0	
1507565866885	1492848932390	316.0	0.0	27.0	18.0	
1507565866903	1492869073992	316.0	0.0	27.0	18.0	
1507565866922	1492889215593	316.0	0.0	27.0	18.0	
1507565866939	1492909357195	316.0	0.0	27.0	18.0	
1507565866959	1492929498796	316.0	0.0	27.0	18.0	
1507565866993	1492949640398	316.0	0.0	27.0	18.0	
1507565867010	1492969781999	316.0	0.0	27.0	18.0	
1507565867030	1492989923601	316.0	0.0	27.0	18.0	
1507565867046	1493010065202	316.0	0.0	27.0	18.0	
1507565867064	1493030206804	316.6318359375	0.0	27.0	18.0	
1507565867082	1493050348406	317.0	0.0	27.0	18.0	
1507565867100	1493070490007	317.0	0.0	27.0	18.0	
1507565867135	1493090631609	317.0	0.0	27.0	18.0	
1507565867153	1493110773210	317.0	0.0	27.0	18.0	
1507565867172	1493130914812	317.0	0.0	27.0	18.0	
1507565867195	1493151056413	317.0	0.0	27.0	18.0	
1507565867207	1493171198015	317.0	0.0	27.0	18.0	
1507565867224	1493191339617	317.0	0.0	27.0	18.0	
1507565867244	1493211481218	317.0	0.0	27.0	18.0	
1507565867260	1493231622820	317.0	0.0	27.0	18.0	
1507565867296	1493251764421	317.0	0.0	27.0	18.0	
1507565867313	1493271906023	317.0	0.0	27.0	18.0	
1507565867332	1493292047624	317.0	0.0	27.0	18.0	
1507565867350	1493312189226	317.0	0.0	27.0	18.0	
1507565867367	1493332330827	317.0	0.0	27.0	18.0	
1507565867385	1493352472429	317.0	0.0	27.0	18.0	
1507565867404	1493372614031	317.0	0.0	27.0	18.0	
1507565867421	1493392755632	317.0	0.0	27.0	18.0	
1507565867456	1493412897234	317.0	0.0	27.0	18.0	
1507565867474	1493433038835	317.2345886230469	0.0	27.0	18.0	
1507565867492	1493453180437	318.0	0.0	27.0	18.0	
1507565867511	1493473322038	318.0	0.0	27.0	18.0	
1507565867528	1493493463640	318.0	0.0	27.0	18.0	
1507565867546	1493513605242	318.0	0.0	27.0	18.0	
1507565867565	1493533746843	318.0	0.0	27.0	18.0	
1507565867599	1493553888445	318.0	-0.0153961181640625	27.015396118164063	18.0	
1507565867617	1493574030046	318.0	-1.0	28.0	18.0	
1507565867635	1493594171648	318.27569580078125	-1.0	28.0	18.0	
1507565867654	1493614313249	319.0	-1.4058074951171875	28.0	18.0	
1507565867672	1493634454851	319.0	-2.0	28.0	18.0	
1507565867689	1493654596452	319.0	-2.0	28.0	18.0	
1507565867707	1493674738054	319.0	-2.0	28.0	18.0	
1507565867726	1493694879656	319.0	-2.0	28.0	18.0	
1507565867760	1493715021257	320.0	-2.0	28.0	18.0	
1507565867778	1493735162859	320.0	-2.1866302490234375	28.186630249023438	18.0	
1507565867796	1493755304460	320.0	-3.0	29.0	18.0	
1507565867814	1493775446062	320.0	-3.0	29.0	18.0	
1507565867832	1493795587663	320.5770263671875	-3.0	29.0	18.0	
1507565867849	1493815729265	321.0	-3.0	29.0	18.0	
1507565867867	1493835870867	321.0	-3.8373260498046875	29.0	18.0	
1507565867886	1493856012468	321.0	-3.0325469970703125	28.032546997070313	18.0	
1507565867921	1493876154070	321.0	-3.0	28.0	18.0	
1507565867939	1493896295671	321.0	-3.0	28.0	18.0	
1507565867956	1493916437273	321.0	-3.0	28.0	18.0	
1507565867974	1493936578874	321.0	-2.511993408203125	28.0	18.0	
1507565867992	1493956720476	321.0	-2.0	28.0	18.0	
1507565868010	1493976862077	321.0	-2.0	28.0	18.0	
1507565868028	1493997003679	321.0	-2.0	28.0	18.0	
1507565868065	1494017145281	320.991455078125	-1.9914398193359375	27.0	18.0	
1507565868081	1494037286882	320.0	-1.0	27.0	18.0	
1507565868099	1494057428484	320.0	-1.0	27.0	18.0	
1507565868116	1494077570085	320.0	-1.0	27.0	18.0	
1507565868135	1494097711687	320.0	-1.0	27.0	18.0	
1507565868154	1494117853288	320.65924072265625	-1.0	27.0	18.0	
1507565868171	1494137994890	321.0	-1.0	27.0	18.0	
1507565868189	1494158136492	321.0	-1.0	27.0	18.0	
1507565868224	1494178278093	321.0	-1.0	27.0	18.0	
1507565868241	1494198419695	321.0	-1.0	27.0	18.0	
1507565868259	1494218561296	321.0	-1.0	27.0	18.0	
1507565868277	1494238702898	321.0	-1.0	27.0	18.0	
1507565868295	1494258844499	321.0	-1.0	27.0	18.0	
1507565868314	1494278986101	321.0	-1.0	27.0	18.0	
1507565868331	1494299127702	321.0	-1.0	27.0	18.0	
1507565868350	1494319269304	321.0	-1.0	27.0	18.0	
1507565868385	1494339410906	321.09075927734375	-1.0	27.0	18.0	
1507565868403	1494359552507	322.0	-1.0	27.0	18.0	
1507565868421	1494379694109	322.0	-1.0	27.0	18.0	
1507565868438	1494399835710	322.0	-1.0	27.0	18.0	
1507565868457	1494419977312	322.0	-1.0	27.0	18.0	
1507565868475	1494440118913	322.0	-1.0	27.0	18.0	
1507565868492	1494460260515	322.0	-1.0	27.0	18.0	
1507565868528	1494480402117	322.0	-1.0	27.0	18.0	
1507565868546	1494500543718	322.0	-1.0	27.0	18.0	
1507565868564	1494520685320	322.0	-1.0	27.0	18.0	
1507565868582	1494540826921	322.0	-1.0	27.0	18.0	
1507565868599	1494560968523	322.0	-1.0	27.0	18.0	
1507565868617	1494581110124	322.0	-1.0	27.0	18.0	
1507565868636	1494601251726	322.0	-1.0	26.21746826171875	18.0	
1507565868652	1494621393327	322.0	-1.0	26.0	18.0	
1507565868688	1494641534929	323.0	-1.0	26.0	18.0	
1507565868706	1494661676531	323.0	-0.827056884765625	26.0	18.0	
1507565868725	1494681818132	323.0	0.0	26.0	18.0	
1507565868743	1494701959734	323.0	0.0	26.0	18.0	
1507565868760	1494722101335	323.0	0.0	26.0	18.0	
1507565868778	1494742242937	323.0	0.0	26.0	18.0	
1507565868797	1494762384538	323.0	0.0	26.0	18.0	
1507565868815	1494782526140	323.0	0.0	26.0	18.0	
1507565868851	1494802667742	323.0	-1.0	26.0	18.0	
1507565868868	1494822809343	323.0	-1.0	26.0	18.0	
1507565868884	1494842950945	323.0	-0.65582275390625	26.0	18.0	
1507565868903	1494863092546	323.0	0.0	26.47430419921875	18.0	
1507565868921	1494883234148	323.0	0.0	27.0	18.0	
1507565868938	1494903375749	323.0	0.0	26.265411376953125	18.0	
1507565868957	1494923517351	323.0	0.0	26.0	18.0	
1507565868975	1494943658952	323.0	0.0	26.0	18.0	
1507565869011	1494963800554	323.125	0.0	26.0	18.0	
1507565869027	1494983942156	324.0	0.0	26.0	18.0	
1507565869045	1495004083757	324.0	0.0	26.0	18.0	
1507565869063	1495024225359	324.0	0.0	26.0	18.0	
1507565869081	1495044366960	324.0	0.0	26.0	18.0	
1507565869100	1495064508562	324.0	0.0	26.0	18.0	
1507565869120	1495084650163	324.0	0.0	26.0	18.0	
1507565869154	1495104791765	324.0	0.0	26.0	18.0	
1507565869170	1495124933367	324.0	0.0	26.0	18.0	
1507565869188	1495145074968	324.29620361328125	0.0	26.0	18.0	
1507565869207	1495165216570	325.0	0.0	26.0	18.0	
1507565869224	1495185358171	325.0	0.5565032958984375	26.0	18.0	
1507565869241	1495205499773	325.0	1.0	26.0	18.0	
1507565869261	1495225641374	325.0	1.0	26.0	18.0	
1507565869279	1495245782976	325.0	1.9469146728515625	26.0	18.0	
1507565869314	1495265924577	325.0	2.0	26.0	18.0	
1507565869332	1495286066179	325.0	2.207183837890625	26.0	18.0	
1507565869349	1495306207781	325.0	3.0	26.0	18.0	
1507565869367	1495326349382	325.0	3.4674530029296875	26.0	18.0	
1507565869386	1495346490984	325.0	4.0	26.59759521484375	18.0	
1507565869403	1495366632585	325.0	4.7277374267578125	27.0	18.0	
1507565869421	1495386774187	325.0	5.0	27.0	18.0	
1507565869440	1495406915788	325.0	5.988006591796875	27.988006591796875	18.0	
1507565869474	1495427057390	325.0	6.0	28.0	18.0	
1507565869492	1495447198992	325.248291015625	6.2482757568359375	28.248275756835938	18.0	
1507565869511	1495467340593	326.0	7.0	29.0	18.0	
1507565869528	1495487482195	326.508544921875	7.0	29.0	18.0	
1507565869547	1495507623796	327.0	7.0	29.0	18.0	
1507565869563	1495527765398	327.7688293457031	7.0	29.768829345703125	18.0	
1507565869582	1495547906999	328.0	7.0	30.0	18.0	
1507565869618	1495568048601	329.0	8.0	30.0	18.0	
1507565869636	1495588190202	329.0	8.0	30.0	18.0	
1507565869655	1495608331804	329.28936767578125	8.0	30.289382934570313	18.0	
1507565869674	1495628473406	330.0	8.0	31.0	18.0	
1507565869689	1495648615007	330.5496520996094	8.0	31.0	18.0	
1507565869709	1495668756609	331.0	8.0	31.0	18.0	
1507565869724	1495688898210	331.8099365234375	8.0	31.0	18.0	
1507565869742	1495709039812	332.0	8.0	31.9400634765625	18.0	
1507565869777	1495729181413	333.0	8.0	32.0	18.0	
1507565869795	1495749323015	333.0	8.0	32.0	18.0	
1507565869813	1495769464617	333.3304748535156	8.0	32.0	18.0	
1507565869831	1495789606218	334.0	8.0	32.0	18.0	
1507565869848	1495809747820	334.59075927734375	8.0	32.0	18.0	
1507565869867	1495829889421	335.0	8.72088623046875	32.0	18.0	
1507565869884	1495850031023	335.0	9.0	32.0	18.0	
1507565869902	1495870172624	335.98114013671875	9.0	32.0	18.0	
1507565869938	1495890314226	336.1112976074219	9.0	32.0	18.0	
1507565869956	1495910455827	337.0	8.758575439453125	32.0	18.0	
1507565869974	1495930597429	337.37158203125	8.0	32.0	18.0	
1507565869994	1495950739031	338.0	8.0	32.0	18.0	
1507565870010	1495970880632	338.0	8.6318359375	32.6318359375	18.0	
1507565870031	1495991022234	338.0	9.0	33.0	18.0	
1507565870046	1496011163835	338.8921203613281	9.892120361328125	33.0	18.0	
1507565870082	1496031305437	339.0	10.0	33.0	18.0	
1507565870100	1496051447038	339.15240478515625	10.0	33.0	18.0	
1507565870118	1496071588640	340.0	9.71746826171875	33.0	18.0	
1507565870135	1496091730242	340.0	9.0	33.0	18.0	
1507565870152	1496111871843	340.54278564453125	9.0	33.0	18.0	
1507565870170	1496132013445	341.0	9.0	33.0	18.0	
1507565870191	1496152155046	341.8030700683594	9.0	33.0	18.0	
1507565870206	1496172296648	342.0	9.0	33.0	18.0	
1507565870243	1496192438249	342.0633544921875	8.0	32.9366455078125	18.0	
1507565870260	1496212579851	343.0	8.0	31.8065185546875	18.0	
1507565870278	1496232721452	343.0	8.0	30.676376342773438	18.0	
1507565870295	1496252863054	343.0	7.546234130859375	29.546234130859375	18.0	
1507565870314	1496273004656	343.0	7.0	28.416107177734375	18.0	
1507565870331	1496293146257	343.0	6.2859649658203125	27.285964965820313	18.0	
1507565870351	1496313287859	343.84417724609375	6.0	27.0	18.0	
1507565870368	1496333429460	344.0	5.02569580078125	27.0	18.0	
1507565870403	1496353571062	344.0	5.0	27.0	18.0	
1507565870421	1496373712663	344.0	5.234588623046875	27.0	18.0	
1507565870439	1496393854265	344.0	5.635284423828125	27.0	18.0	
1507565870457	1496413995867	344.494873046875	5.0	27.0	18.0	
1507565870474	1496434137468	345.0	4.375	26.375	18.0	
1507565870492	1496454279070	345.755126953125	3.244873046875	26.0	18.0	
1507565870511	1496474420671	346.0	3.0	26.0	18.0	
1507565870546	1496494562273	347.0	3.0	25.0	18.0	
1507565870565	1496514703874	347.1455383300781	2.854461669921875	25.0	18.0	
1507565870581	1496534845476	348.0	1.7243194580078125	25.0	18.0	
1507565870599	1496554987077	348.0	0.5941925048828125	24.594192504882813	18.0	
1507565870617	1496575128679	348.53594970703125	0.0	24.0	18.0	
1507565870634	1496595270281	348.33392333984375	0.0	24.0	18.0	
1507565870652	1496615411882	348.0	0.0	24.0	18.0	
1507565870672	1496635553484	348.0	0.926361083984375	24.0	18.0	
1507565870706	1496655695085	347.0	2.0	24.0	18.0	
1507565870724	1496675836687	346.8133544921875	2.0	23.813369750976563	18.0	
1507565870744	1496695978288	346.0	1.6832275390625	23.0	18.0	
1507565870760	1496716119890	346.0	1.0	22.553085327148438	18.0	
1507565870780	1496736261492	346.5770263671875	0.4229583740234375	22.577041625976563	18.0	
1507565870797	1496756403093	348.41436767578125	0.0	23.707183837890625	18.0	
1507565870814	1496776544695	349.83734130859375	-1.674652099609375	24.837326049804688	18.0	
1507565870833	1496796686296	350.0	-2.9674530029296875	25.0	18.0	
1507565870867	1496816827898	350.0	-4.0	25.0	18.0	
1507565870886	1496836969499	350.0	-4.0	25.0	18.0	
1507565870903	1496857111101	350.0	-4.0	25.0	18.0	
1507565870920	1496877252702	349.51617431640625	-3.5161895751953125	25.483810424804688	18.0	
1507565870939	1496897394304	349.0	-3.0	26.0	18.0	
1507565870956	1496917535906	349.0	-3.0	26.732528686523438	18.0	
1507565870974	1496937677507	349.0	-3.0	27.0	18.0	
1507565870993	1496957819109	349.98126220703125	-3.0	27.0	18.0	
1507565871028	1496977960710	350.0	-2.8942108154296875	27.0	18.0	
1507565871046	1496998102312	350.0	-2.0	26.768325805664063	18.0	
1507565871063	1497018243913	350.0	-2.0	26.0	18.0	
1507565871081	1497038385515	350.0	-2.0	26.0	18.0	
1507565871101	1497058527117	350.0	-1.395233154296875	26.0	18.0	
1507565871117	1497078668718	350.7291259765625	-1.0	26.0	18.0	
1507565871135	1497098810320	351.0	-1.0	26.0	18.0	
1507565871155	1497118951921	351.0	-1.0	26.97784423828125	18.0	
1507565871189	1497139093523	351.0	-0.897796630859375	27.0	18.0	
1507565871207	1497159235124	351.0	0.0	27.0	18.0	
1507565871224	1497179376726	351.0	0.0	27.0	18.0	
1507565871242	1497199518327	351.0	0.0	27.0	18.0	
1507565871261	1497219659929	351.0	0.0	27.0	18.0	
1507565871279	1497239801531	351.0	0.7257232666015625	27.725723266601563	18.0	
1507565871296	1497259943132	351.0	1.0	28.0	18.0	
1507565871315	1497280084734	351.0	1.0	28.0	18.0	
1507565871350	1497300226335	352.0	1.0	29.0	18.0	
1507565871367	1497320367937	352.0	1.2231597900390625	29.223159790039063	18.0	
1507565871385	1497340509538	352.0	2.0	30.0	18.0	
1507565871403	1497360651140	352.47186279296875	2.0	30.471878051757813	18.0	
1507565871421	1497380792742	353.0	2.0	31.0	18.0	
1507565871438	1497400934343	353.0	2.0	31.720611572265625	18.0	
1507565871457	1497421075945	353.0	2.0	32.0	18.0	
1507565871475	1497441217546	353.0	2.969329833984375	32.969329833984375	18.0	
1507565871509	1497461359148	353.0	3.093841552734375	33.0	18.0	
1507565871528	1497481500749	353.0	4.0	33.0	18.0	
1507565871545	1497501642351	353.0	4.3441162109375	33.3441162109375	18.0	
1507565871563	1497521783952	353.0	5.0	34.0	18.0	
1507565871583	1497541925554	353.0	5.0	34.0	18.0	
1507565871599	1497562067156	353.7171936035156	5.0	34.717193603515625	18.0	
1507565871617	1497582208757	354.0	5.0	35.0	18.0	
1507565871636	1497602350359	354.0	5.9659271240234375	35.0	18.0	
1507565871670	1497622491960	354.0	6.0902862548828125	35.09028625488281	18.0	
1507565871688	1497642633562	354.0	7.2146453857421875	36.0	18.0	
1507565871706	1497662775163	354.0	8.0	36.0	18.0	
1507565871725	1497682916765	354.0	8.0	36.46336364746094	18.0	
1507565871743	1497703058367	354.0	8.0	37.0	18.0	
1507565871760	1497723199968	354.71380615234375	8.0	37.71379089355469	18.0	
1507565871779	1497743341570	355.0	8.0	38.0	18.0	
1507565871798	1497763483171	355.0	8.0	38.0	18.0	
1507565871831	1497783624773	355.0	8.0	39.0	18.0	
1507565871849	1497803766374	355.21124267578125	8.0	39.0	18.0	
1507565871867	1497823907976	356.0	8.0	39.335601806640625	18.0	
1507565871884	1497844049577	356.0	8.0	40.0	18.0	
1507565871903	1497864191179	356.0	8.0	40.0	18.0	
1507565871920	1497884332781	356.0	8.0	40.0	18.0	
1507565871938	1497904474382	356.0	8.0	40.0	18.0	
1507565871957	1497924615984	356.0	8.0	39.0426025390625	18.0	
1507565871992	1497944757585	356.0	8.0	39.0	18.0	
1507565872009	1497964899187	356.0	8.0	39.0	18.0	
1507565872028	1497985040788	356.0	8.0	39.0	18.0	
1507565872047	1498005182390	356.0	7.5434417724609375	38.54344177246094	18.0	
1507565872064	1498025323992	356.0	7.0	38.0	18.0	
1507565872081	1498045465593	356.0	7.0	38.0	18.0	
1507565872099	1498065607195	356.0	7.0	38.0	18.0	
1507565872118	1498085748796	356.0	7.0	37.04600524902344	18.0	
1507565872153	1498105890398	356.0	8.0	36.92164611816406	18.0	
1507565872170	1498126031999	356.0	7.7972869873046875	36.0	18.0	
1507565872189	1498146173601	356.0	6.6729278564453125	35.67292785644531	18.0	
1507565872206	1498166315202	356.4514465332031	5.548553466796875	34.548553466796875	18.0	
1507565872225	1498186456804	357.0	5.0	33.4232177734375	18.0	
1507565872242	1498206598406	357.7018737792969	4.298126220703125	33.0	18.0	
1507565872260	1498226740007	358.0	4.0	33.0	18.0	
1507565872280	1498246881609	358.0	4.0	32.049407958984375	18.0	
1507565872313	1498267023210	358.0	4.0	32.0	18.0	
1507565872331	1498287164812	358.0	4.199310302734375	32.0	18.0	
1507565872348	1498307306413	358.0	5.0	32.0	18.0	
1507565872366	1498327448015	357.5519714355469	5.0	32.0	18.0	
1507565872385	1498347589617	357.0	5.5723876953125	31.4276123046875	18.0	
1507565872402	1498367731218	356.30322265625	6.0	31.0	18.0	
1507565872421	1498387872820	355.17889404296875	6.8211212158203125	31.0	18.0	
1507565872439	1498408014421	355.0	7.9454803466796875	31.0	18.0	
1507565872474	1498428156023	354.071533203125	9.0	32.0	18.0	
1507565872493	1498448297624	355.1959228515625	8.804092407226563	32.19590759277344	18.0	
1507565872511	1498468439226	356.0	7.6797332763671875	33.0	18.0	
1507565872528	1498488580827	356.44464111328125	6.110748291015625	33.0	18.0	
1507565872548	1498508722429	357.0	4.4310150146484375	33.0	18.0	
1507565872563	1498528864031	357.0	2.613311767578125	33.69334411621094	18.0	
1507565872584	1498549005632	357.81768798828125	2.0	34.0	18.0	
1507565872600	1498569147234	358.0	2.0	34.0	18.0	
1507565872634	1498589288835	357.0	2.066436767578125	34.066436767578125	18.0	
1507565872653	1498609430437	357.0	3.1907958984375	35.0	18.0	
1507565872670	1498629572038	357.0	4.315155029296875	35.0	18.0	
1507565872688	1498649713640	357.0	5.0	35.0	18.0	
1507565872706	1498669855242	357.0	4.4351654052734375	35.0	18.0	
1507565872724	1498689996843	357.0	3.31005859375	35.0	18.0	
1507565872741	1498710138445	357.8143005371094	3.0	35.0	18.0	
1507565872761	1498730280046	358.0	2.06134033203125	35.0	18.0	
1507565872795	1498750421648	358.0	2.063018798828125	34.0	18.0	
1507565872813	1498770563249	358.0	3.0	34.18739318847656	18.0	
1507565872831	1498790704851	358.0	3.0	35.0	18.0	
1507565872849	1498810846452	358.0	3.0	35.0	18.0	
1507565872868	1498830988054	358.0	3.0	35.0	18.0	
1507565872885	1498851129656	358.0	2.3151702880859375	34.31517028808594	18.0	
1507565872902	1498871271257	358.8092041015625	2.0	34.0	18.0	
1507565872922	1498891412859	359.0	1.0664520263671875	34.0	18.0	
1507565872958	1498911554460	359.0	1.0	32.94038391113281	18.0	
1507565872974	1498931696062	359.0	1.0	32.0	18.0	
1507565872992	1498951837663	359.0	1.0	32.0	18.0	
1507565873009	1498971979265	358.56732177734375	1.0	32.0	18.0	
1507565873029	1498992120867	358.0	1.0	32.0	18.0	
1507565873046	1499012262468	358.0	1.0	31.318572998046875	18.0	
1507565873063	1499032404070	358.0	1.0	31.0	18.0	
1507565873083	1499052545671	358.0	1.0	31.0	18.0	
1507565873117	1499072687273	358.0	1.0	31.0	18.0	
1507565873134	1499092828874	358.0	1.0	31.0	18.0	
1507565873151	1499112970476	358.30322265625	0.69677734375	30.69677734375	18.0	
1507565873170	1499133112077	359.0	0.0	30.0	18.0	
1507565873189	1499153253679	359.0	0.0	30.0	18.0	
1507565873206	1499173395281	115.59475708007813	0.0	30.0	18.0	
1507565873224	1499193536882	0.0	0.0	30.0	18.0	
1507565873245	1499213678484	0.0	0.0	30.0	18.0	
1507565873279	1499233820085	0.0	1.0	29.948898315429688	18.0	
1507565873295	1499253961687	0.0	1.0	29.0	18.0	
1507565873314	1499274103288	0.0	1.0	29.0	18.0	
1507565873331	1499294244890	0.0	1.0	28.575820922851563	18.0	
1507565873351	1499314386492	0.0	1.0	28.0	18.0	
1507565873367	1499334528093	0.0	1.0	28.0	18.0	
1507565873384	1499354669695	0.0	1.0	28.0	18.0	
1507565873403	1499374811296	0.0	1.0	28.0	18.0	
1507565873438	1499394952898	359.0	1.0	28.0	18.0	
1507565873456	1499415094499	359.0	1.0	28.0	18.0	
1507565873474	1499435236101	359.0	1.296417236328125	27.703582763671875	18.0	
1507565873492	1499455377702	359.0	2.0	27.0	18.0	
1507565873511	1499475519304	359.0	2.0	27.0	18.0	
1507565873527	1499495660906	359.0	2.0	27.0	18.0	
1507565873546	1499515802507	359.0	2.0	27.0	18.0	
1507565873563	1499535944109	359.0	2.0	27.0	18.0	
1507565873598	1499556085710	359.0	2.0	27.0	18.0	
1507565873616	1499576227312	359.0	2.0	27.0	18.0	
1507565873635	1499596368913	254.4213104248047	1.7086944580078125	27.0	18.0	
1507565873653	1499616510515	0.0	1.0	27.0	18.0	
1507565873672	1499636652117	0.0	1.0	27.0	18.0	
1507565873688	1499656793718	0.0	1.0	27.0	18.0	
1507565873706	1499676935320	0.0	1.0	27.0	18.0	
1507565873724	1499697076921	0.0	1.0	27.0	18.0	
1507565873761	1499717218523	0.0	1.0	27.0	18.0	
1507565873779	1499737360124	0.0	1.0	27.0	18.0	
1507565873796	1499757501726	0.0	1.0	27.0	18.0	
1507565873814	1499777643327	0.0	1.0	27.0	18.0	
1507565873832	1499797784929	0.0	1.53662109375	27.0	18.0	
1507565873849	1499817926531	0.0	2.0	27.0	18.0	
1507565873867	1499838068132	0.0	2.0	27.0	18.0	
1507565873885	1499858209734	0.0	2.0	27.0	18.0	
1507565873923	1499878351335	0.0	2.0	27.0	18.0	
1507565873942	1499898492937	0.0	2.0	27.0	18.0	
1507565873962	1499918634538	0.0	2.0	27.0	18.0	
1507565873976	1499938776140	0.0	2.0	27.0	18.0	
1507565873997	1499958917742	0.0	2.0	27.0	18.0	
1507565874017	1499979059343	0.0	2.0	27.0	18.0	
1507565874029	1499999200945	0.0	2.0	27.0	18.0	
1507565874048	1500019342546	0.0	2.0	27.0	18.0	
1507565874085	1500039484148	0.0	2.0	27.0	18.0	
1507565874105	1500059625749	0.0	2.0	27.0	18.0	
1507565874119	1500079767351	0.0	2.0	27.0	18.0	
1507565874138	1500099908952	0.0	2.0	27.0	18.0	
1507565874156	1500120050554	0.0	2.5298004150390625	27.0	18.0	
1507565874172	1500140192156	0.0	3.0	27.0	18.0	
1507565874190	1500160333757	0.0	3.0	27.0	18.0	
1507565874209	1500180475359	0.0	3.0	27.0	18.0	
1507565874248	1500200616960	0.0	3.0	27.0	18.0	
1507565874272	1500220758562	0.0	3.0	27.0	18.0	
1507565874286	1500240900163	0.0	3.0	27.0	18.0	
1507565874299	1500261041765	0.0	3.0	27.0	18.0	
1507565874325	1500281183367	0.0	3.0	27.0	18.0	
1507565874333	1500301324968	0.0	3.0	27.0	18.0	
1507565874349	1500321466570	0.0	3.0	27.0	18.0	
1507565874367	1500341608171	0.0	3.0	27.0	18.0	
1507565874402	1500361749773	0.0	3.0	27.0	18.0	
1507565874423	1500381891374	0.0	3.0	27.0	18.0	
1507565874438	1500402032976	0.0	3.0	27.0	18.0	
1507565874456	1500422174577	0.0	3.0	27.0	18.0	
1507565874475	1500442316179	0.0	3.0	27.0	18.0	
1507565874492	1500462457781	0.0	3.0	27.0	18.0	
1507565874512	1500482599382	0.0	3.0	27.0	18.0	
1507565874529	1500502740984	0.0	3.0	27.0	18.0	
1507565874566	1500522882585	0.120269775390625	3.0	27.0	18.0	
1507565874589	1500543024187	1.0	3.0	27.0	18.0	
1507565874621	1500563165788	1.0	3.0	27.0	18.0	
1507565874627	1500583307390	1.0	3.0	27.0	18.0	
1507565874635	1500603448992	1.0	3.0	27.0	18.0	
1507565874653	1500623590593	1.0	3.0	27.0	18.0	
1507565874670	1500643732195	1.0	3.0	27.0	18.0	
1507565874707	1500663873796	1.0	3.0	27.0	18.0	
1507565874725	1500684015398	1.0	3.0	27.0	18.0	
1507565874744	1500704156999	1.0	3.0	27.0	18.0	
1507565874770	1500724298601	1.0	3.0	27.0	18.0	
1507565874779	1500744440202	1.0	3.0	27.0	18.0	
1507565874801	1500764581804	1.0	3.0	27.0	18.0	
1507565874822	1500784723406	1.0	3.0	27.0	18.0	
1507565874843	1500804865007	1.0	3.0	27.0	18.0	
1507565874875	1500825006609	1.0	3.0	27.0	18.0	
1507565874898	1500845148210	1.0	3.0	27.0	18.0	
1507565874922	1500865289812	1.0	3.0	27.0	18.0	
1507565874942	1500885431413	1.0	3.0	27.0	18.0	
1507565874966	1500905573015	1.0	3.0	27.0	18.0	
1507565874989	1500925714617	1.0	3.0	27.0	18.0	
1507565875010	1500945856218	1.9347076416015625	3.0	27.0	18.0	
1507565875040	1500965997820	2.0	3.0	27.0	18.0	
1507565875067	1500986139421	2.0	3.0	27.0	18.0	
1507565875096	1501006281023	2.0	3.0	27.0	18.0	
1507565875118	1501026422624	2.0	3.0	27.0	18.0	
1507565875141	1501046564226	2.0	3.0	27.0	18.0	
1507565875153	1501066705827	2.0	3.0	27.0	18.0	
1507565875162	1501086847429	2.0	3.0	27.0	18.0	
1507565875173	1501106989031	2.0	3.0	27.0	18.0	
1507565875184	1501127130632	2.0	3.0	27.0	18.0	
1507565875197	1501147272234	2.0	3.0	27.0	18.0	
1507565875207	1501167413835	2.0	3.0	27.0	18.0	
1507565875226	1501187555437	2.0	3.0	27.0	18.0	
1507565875242	1501207697038	2.0	3.0	27.0	18.0	
1507565875261	1501227829441	2.0	3.0	27.0	18.0	
1507565875279	1501247971043	2.0	3.0	27.0	18.0	
1507565875319	1501268112644	2.0	3.0	27.0	18.0	
1507565875333	1501288254246	2.0	3.0	27.0	18.0	
1507565875350	1501308395847	2.0	3.0	27.0	18.0	
1507565875366	1501328537449	2.0	3.0	27.0	18.0	
1507565875387	1501348679050	2.0	3.0	27.0	18.0	
1507565875402	1501368820652	2.7491302490234375	3.0	27.0	18.0	
1507565875421	1501388962253	3.0	3.0	27.0	18.0	
1507565875456	1501409103855	3.0	3.0	27.0	18.0	
1507565875477	1501429245457	3.0	3.0	27.0	18.0	
1507565875492	1501449387058	3.0	3.0	27.0	18.0	
1507565875510	1501469528660	3.0	3.0	27.0	18.0	
1507565875533	1501489670261	3.0	3.0	27.0	18.0	
1507565875548	1501509811863	3.0	3.0	27.0	18.0	
1507565875567	1501529953464	3.0	3.0	27.0	18.0	
1507565875582	1501550095066	3.0	3.0	27.0	18.0	
1507565875620	1501570236668	3.0	3.0	27.0	18.0	
1507565875640	1501590378269	3.0	3.0	27.0	18.0	
1507565875666	1501610519871	3.0	3.0	27.0	18.0	
1507565875689	1501630661472	3.0	3.0	27.0	18.0	
1507565875709	1501650803074	3.0	3.0	27.0	18.0	
1507565875732	1501670944675	3.0	3.0	27.0	18.0	
1507565875753	1501691086277	3.0	3.0	27.0	18.0	
1507565875783	1501711227878	3.0	3.0	27.0	18.0	
1507565875798	1501731369480	3.1614990234375	2.8385009765625	27.0	18.0	
1507565875819	1501751511082	4.0	2.0	27.0	18.0	
1507565875831	1501771652683	4.0	2.0	27.0	18.0	
1507565875839	1501791794285	4.0	2.0	27.0	18.0	
1507565875849	1501811935886	4.0	2.0	27.0	18.0	
1507565875871	1501832077488	4.0	2.0	27.0	18.0	
1507565875895	1501852219089	4.0	2.0	27.0	18.0	
1507565875922	1501872360691	4.0	2.0	27.0	18.0	
1507565875941	1501892502293	4.0	2.0	27.0	18.0	
1507565875959	1501912643894	4.0	2.0	27.0	18.0	
1507565875976	1501932785496	4.0	2.0	27.0	18.0	
1507565875992	1501952927097	4.0	2.0	27.0	18.0	
1507565876011	1501973068699	4.0	2.0	27.0	18.0	
1507565876037	1501993210300	4.0	2.0	27.0	18.0	
1507565876066	1502013351902	4.0	2.0	27.0	18.0	
1507565876083	1502033493503	4.0	2.0	27.0	18.0	
1507565876099	1502053635105	4.0	2.0	27.0	18.0	
1507565876116	1502073776707	4.439849853515625	2.0	27.0	18.0	
1507565876134	1502093918308	5.0	2.0	27.0	18.0	
1507565876152	1502114059910	5.0	2.0	27.0	18.0	
1507565876170	1502134201511	5.0	2.0	27.0	18.0	
1507565876188	1502154343113	5.0	2.0	27.0	18.0	
1507565876223	1502174484714	5.0	2.0	27.0	18.0	
1507565876243	1502194626316	5.0	2.0	27.0	18.0	
1507565876259	1502214767918	5.0	2.0	27.0	18.0	
1507565876277	1502234909519	5.0	2.0	27.0	18.0	
1507565876295	1502255051121	5.0	2.0	27.0	18.0	
1507565876312	1502275192722	5.0	2.0	27.0	18.0	
1507565876330	1502295334324	5.0	2.0	27.0	18.0	
1507565876365	1502315475925	5.0	2.0	27.0	18.0	
1507565876384	1502335617527	5.0	2.0	27.0	18.0	
1507565876401	1502355759128	5.0	2.0	27.0	18.0	
1507565876419	1502375900730	5.0	2.0	27.0	18.0	
1507565876437	1502396042332	5.0	2.0	27.0	18.0	
1507565876457	1502416183933	5.0	2.0	27.0	18.0	
1507565876473	1502436325535	5.0	2.0	27.0	18.0	
1507565876492	1502456467136	5.0	2.0	27.0	18.0	
1507565876527	1502476608738	4.0	2.0	27.0	18.0	
1507565876545	1502496750339	4.0	1.779876708984375	27.0	18.0	
1507565876562	1502516891941	4.0	1.0	27.0	18.0	
1507565876580	1502537033543	3.525604248046875	0.525604248046875	27.0	18.0	
1507565876598	1502557175144	3.0	0.0	27.0	18.0	
1507565876617	1502577316746	2.271331787109375	0.0	27.0	18.0	
1507565876634	1502597458347	2.0	0.0	27.0	18.0	
1507565876652	1502617599949	1.0153961181640625	-0.9846038818359375	27.0	18.0	
1507565876688	1502637741550	0.0	-1.0	27.111099243164063	18.0	
1507565876706	1502657883152	85.76756286621094	-1.0	28.0	18.0	
1507565876724	1502678024753	359.0	-1.3657989501953125	28.0	18.0	
1507565876741	1502698166355	358.5068359375	-2.0	28.0	18.0	
1507565876759	1502718307957	358.0	-2.0	28.0	18.0	
1507565876778	1502738449558	357.2525634765625	-2.0	28.7474365234375	18.0	
1507565876795	1502758591160	357.0	-2.0	29.0	18.0	
1507565876832	1502778732761	356.998291015625	-2.0	29.0	18.0	
1507565876848	1502798874363	356.0	-2.0	29.0	18.0	
1507565876866	1502819015964	356.0	-2.0	29.0	18.0	
1507565876884	1502839157566	355.6153869628906	-2.0	29.0	18.0	
1507565876902	1502859299168	355.0	-2.511932373046875	29.0	18.0	
1507565876920	1502879440769	355.0	-3.0	29.0	18.0	
1507565876939	1502899582371	355.0	-3.766204833984375	29.0	18.0	
1507565876955	1502919723972	355.0	-4.0	29.894012451171875	18.0	
1507565876993	1502939865574	355.0	-4.0	30.0	18.0	
1507565877009	1502960007175	355.0	-4.0	30.0	18.0	
1507565877027	1502980148777	355.0	-4.27520751953125	30.0	18.0	
1507565877045	1503000290378	355.0	-5.0	30.402725219726563	18.0	
1507565877064	1503020431980	355.0	-5.0	31.0	18.0	
1507565877080	1503040573582	355.6581115722656	-5.0	31.0	18.0	
1507565877099	1503060715183	356.0	-5.0	31.0	18.0	
1507565877116	1503080856785	356.0	-5.0	31.0	18.0	
1507565877153	1503100998386	356.0	-5.0	31.0	18.0	
1507565877170	1503121139988	356.0	-5.0	31.0	18.0	
1507565877187	1503141281589	356.0	-5.0	31.0	18.0	
1507565877205	1503161423191	356.0	-5.0	31.0	18.0	
1507565877223	1503181564793	356.0	-5.0	31.0	18.0	
1507565877241	1503201706394	356.0	-5.0	31.0	18.0	
1507565877260	1503221847996	356.0	-5.80340576171875	31.0	18.0	
1507565877277	1503241989597	356.0	-6.0	31.0	18.0	
1507565877314	1503262131199	356.0	-6.0	31.0	18.0	
1507565877332	1503282272800	356.0	-6.0	31.186004638671875	18.0	
1507565877348	1503302414402	356.0	-6.0	32.0	18.0	
1507565877366	1503322556003	356.44024658203125	-6.0	32.0	18.0	
1507565877384	1503342697605	357.0	-6.0	32.0	18.0	
1507565877402	1503362839207	357.0	-6.0	32.0	18.0	
1507565877421	1503382980808	357.0	-6.0	32.0	18.0	
1507565877437	1503403122410	357.0	-6.0	32.0	18.0	
1507565877474	1503423264011	357.0767822265625	-6.0	31.0	18.0	
1507565877491	1503443405613	358.0	-6.0	31.0	18.0	
1507565877509	1503463547214	358.0	-6.3316192626953125	31.0	18.0	
1507565877528	1503483688816	358.0	-7.0	30.540969848632813	18.0	
1507565877544	1503503830418	357.4136962890625	-7.0	30.0	18.0	
1507565877567	1503523972019	357.0	-6.2866973876953125	30.0	18.0	
1507565877582	1503544113621	357.0	-5.1589813232421875	30.841018676757813	18.0	
1507565877597	1503564255222	357.0	-5.0	31.0	18.0	
1507565877635	1503584396824	357.0955505371094	-5.0	29.904449462890625	18.0	
1507565877652	1503604538425	358.0	-5.2222137451171875	29.0	18.0	
1507565877669	1503624680027	358.0	-6.0	28.650177001953125	-1.0	
1507565877687	1503644821628	358.0	-6.0	28.0	-1.0	
1507565877705	1503664963230	358.0	-6.0	28.0	-1.0	
1507565877722	1503685104832	358.0	-6.0	28.732070922851563	-1.0	
1507565877740	1503705246433	358.0	-6.0	29.0	-1.0	
1507565877757	1503725388035	358.0	-6.0	29.0	-1.0	
1507565877794	1503745529636	359.0	-6.0	29.0	-1.0	
1507565877812	1503765671238	359.0	-6.0	29.0	-1.0	
1507565877829	1503785812839	359.0	-6.0	29.0	-1.0	
1507565877849	1503805954441	359.0	-6.0	29.0	-1.0	
1507565877865	1503826096043	359.0	-5.37713623046875	29.0	-1.0	
1507565877883	1503846237644	359.0	-5.0	29.0	-1.0	
1507565877901	1503866379246	359.0	-5.0	29.0	-1.0	
1507565877937	1503886520847	359.0	-5.0	28.994873046875	-1.0	
1507565877955	1503906662449	359.0	-5.0	28.0	-1.0	
1507565877972	1503926804050	359.0	-5.0	28.0	-1.0	
1507565877990	1503946945652	359.0	-5.0	28.0	-1.0	
1507565878008	1503967087253	359.0	-5.0	28.0	-1.0	
1507565878026	1503987228855	359.0	-5.0	28.641632080078125	-1.0	
1507565878044	1504007370457	359.0	-5.0	29.0	-1.0	
1507565878063	1504027512058	359.0	-5.0	28.104110717773438	-1.0	
1507565878097	1504047653660	359.0	-5.0	29.0	-1.0	
1507565878118	1504067795261	359.0	-5.0	29.0	-1.0	
1507565878133	1504087936863	359.0	-5.0	29.0	-1.0	
1507565878152	1504108078464	359.0	-5.0	29.0	-1.0	
1507565878170	1504128220066	359.0	-5.0	29.0	-1.0	
1507565878187	1504148361668	359.0	-5.0	29.0	-1.0	
1507565878205	1504168503269	358.21197509765625	-5.0	29.0	-1.0	
1507565878223	1504188644871	358.0	-5.0	29.0	-1.0	
1507565878258	1504208786472	358.0	-5.0	29.0	-1.0	
1507565878275	1504228928074	358.0	-5.0	29.0	-1.0	
1507565878299	1504249069675	358.0	-5.0	29.0	-1.0	
1507565878313	1504269211277	358.0	-5.0	29.423919677734375	-1.0	
1507565878330	1504289352878	358.0	-5.5511932373046875	30.551193237304688	-1.0	
1507565878347	1504309494480	358.0	-6.678619384765625	31.0	-1.0	
1507565878366	1504329636082	358.0	-7.0	31.80682373046875	-1.0	
1507565878384	1504349777683	358.0	-7.0	32.0	-1.0	
1507565878419	1504369919285	358.0	-7.0	32.0	-1.0	
1507565878437	1504390060886	358.0	-7.0	32.0	-1.0	
1507565878456	1504410202488	358.315673828125	-7.0	31.684310913085938	-1.0	
1507565878472	1504430344089	359.0	-7.0	31.0	-1.0	
1507565878489	1504450485691	359.0	-7.0	31.0	-1.0	
1507565878509	1504470627293	359.0	-7.0	31.0	-1.0	
1507565878526	1504490768894	359.0	-7.0	31.82421875	-1.0	
1507565878543	1504510910496	17.184188842773438	-7.0	32.0	-1.0	
1507565878579	1504531052097	0.0802001953125	-8.0	33.0	-1.0	
1507565878596	1504551193699	1.0	-7.586334228515625	33.20683288574219	-1.0	
1507565878615	1504571335300	0.6655426025390625	-5.6655426025390625	33.66554260253906	-1.0	
1507565878633	1504591476902	165.22866821289063	-5.0	32.53846740722656	-1.0	
1507565878651	1504611618503	358.0	-5.0	31.411270141601563	-1.0	
1507565878669	1504631760105	358.0	-5.7162322998046875	31.0	-1.0	
1507565878686	1504651901707	358.843017578125	-6.0	30.156997680664063	-1.0	
1507565878705	1504672043308	359.0	-6.0	30.0	-1.0	
1507565878740	1504692184910	0.0	-6.0	30.097427368164063	-1.0	
1507565878758	1504712326511	0.0	-6.0	31.0	-1.0	
1507565878775	1504732468113	0.3521270751953125	-6.3521270751953125	31.352127075195313	-1.0	
1507565878793	1504752609714	1.0	-7.0	31.519668579101563	-1.0	
1507565878812	1504772751316	1.0	-7.0	31.0	-1.0	
1507565878829	1504792892918	1.0	-7.0	31.0	-1.0	
1507565878847	1504813034519	1.0	-7.0	30.138229370117188	-1.0	
1507565878866	1504833176121	1.0	-7.0	30.0	-1.0	
1507565878901	1504853317722	1.0	-7.0	30.0	-1.0	
1507565878919	1504873459324	1.0	-7.0	30.0	-1.0	
1507565878937	1504893600925	1.0	-7.0	30.0	-1.0	
1507565878955	1504913742527	1.0	-7.0	30.0	-1.0	
1507565878972	1504933884128	1.0	-7.0	30.0	-1.0	
1507565878990	1504954025730	1.0	-7.0	30.0	-1.0	
1507565879008	1504974167332	1.8805389404296875	-7.0	30.0	-1.0	
1507565879043	1504994308933	2.0	-7.0085296630859375	30.008529663085938	-1.0	
1507565879061	1505014450535	2.0	-8.0	31.0	-1.0	
1507565879079	1505034592136	2.0	-7.737213134765625	31.0	-1.0	
1507565879097	1505054733738	2.0	-7.0	31.0	-1.0	
1507565879115	1505074875339	2.0	-7.0	30.482940673828125	-1.0	
1507565879134	1505095016941	2.0	-7.0	30.0	-1.0	
1507565879151	1505115158543	2.0	-7.0	30.0	-1.0	
1507565879168	1505135300144	2.0	-7.0	30.0	-1.0	
1507565879204	1505155441746	2.0	-7.0	31.0	-1.0	
1507565879222	1505175583347	2.0	-7.153839111328125	31.0	-1.0	
1507565879239	1505195724949	2.0	-8.0	31.0	-1.0	
1507565879258	1505215866550	2.0	-8.0	31.0	-1.0	
1507565879275	1505236008152	2.0	-8.0	31.0	-1.0	
1507565879294	1505256149753	2.0	-8.0	31.0	-1.0	
1507565879311	1505276291355	2.0	-8.0	31.0	-1.0	
1507565879330	1505296432957	2.0	-8.0	31.917938232421875	-1.0	
1507565879365	1505316574558	2.0	-8.0	32.0	-1.0	
1507565879382	1505336716160	2.0	-8.0	32.17234802246094	-1.0	
1507565879401	1505356857761	2.0	-8.0	33.0	-1.0	
1507565879420	1505376999363	2.0	-8.0	33.0	-1.0	
1507565879437	1505397140964	2.0	-8.0	33.0	-1.0	
1507565879455	1505417282566	2.0	-8.0	33.0	-1.0	
1507565879473	1505437424168	2.0	-8.0	33.0	-1.0	
1507565879490	1505457565769	2.0	-8.0	33.0	-1.0	
1507565879526	1505477707371	2.0	-8.0	33.0	-1.0	
1507565879544	1505497848972	2.0	-8.0	32.80888366699219	-1.0	
1507565879561	1505517990574	2.0	-8.0	32.0	-1.0	
1507565879581	1505538132175	2.0	-8.0	32.0	-1.0	
1507565879597	1505558273777	2.0	-7.4273529052734375	32.0	-1.0	
1507565879616	1505578415378	2.0	-7.0	32.0	-1.0	
1507565879632	1505598556980	2.0	-7.0	31.17236328125	-1.0	
1507565879651	1505618698582	2.9555511474609375	-7.0	31.0	-1.0	
1507565879687	1505638840183	3.0	-8.0	31.0	-1.0	
1507565879704	1505658981785	3.0	-8.0	31.0	-1.0	
1507565879723	1505679123386	3.0	-8.0	31.0	-1.0	
1507565879740	1505699264988	3.0	-7.5358428955078125	31.0	-1.0	
1507565879758	1505719406589	3.0	-7.0	31.0	-1.0	
1507565879776	1505739548191	3.0	-7.0	31.0	-1.0	
1507565879793	1505759689793	3.0	-7.0	31.0	-1.0	
1507565879811	1505779831394	3.0	-7.0	31.0	-1.0	
1507565879847	1505799972996	3.0	-7.0	31.0	-1.0	
1507565879865	1505820114597	3.0	-7.0	31.0	-1.0	
1507565879883	1505840256199	3.0	-7.0	31.0	-1.0	
1507565879901	1505860397800	3.0	-7.0	31.0	-1.0	
1507565879918	1505880539402	3.0	-7.0	30.389755249023438	-1.0	
1507565879937	1505900681003	3.0	-7.0	30.0	-1.0	
1507565879954	1505920822605	3.8649444580078125	-7.0	30.864944458007813	-1.0	
1507565879972	1505940964207	4.0	-7.0	31.0	-1.0	
1507565880008	1505961105808	4.0	-7.0	31.0	-1.0	
1507565880025	1505981247410	4.0	-7.0	31.0	-1.0	
1507565880043	1506001389011	4.0	-7.0	31.0	-1.0	
1507565880060	1506021530613	4.0	-7.0	31.0	-1.0	
1507565880080	1506041672214	4.0	-7.0	31.0	-1.0	
1507565880097	1506061813816	4.0	-7.0	31.0	-1.0	
1507565880115	1506081955418	4.0	-7.0	31.0	-1.0	
1507565880151	1506102097019	4.0	-7.0	31.0	-1.0	
1507565880169	1506122238621	4.0	-7.0	31.0	-1.0	
1507565880187	1506142380222	4.0	-7.0	31.0	-1.0	
1507565880204	1506162521824	4.0	-7.0	31.0	-1.0	
1507565880222	1506182663425	4.0	-7.0	31.0	-1.0	
1507565880240	1506202805027	4.0	-7.0	31.0	-1.0	
1507565880258	1506222946628	4.0	-7.0	31.0	-1.0	
1507565880275	1506243088230	4.0	-7.0	31.0	-1.0	
1507565880312	1506263229832	4.029052734375	-7.0	31.029052734375	-1.0	
1507565880328	1506283371433	5.0	-7.156982421875	32.156982421875	-1.0	
1507565880348	1506303513035	5.0	-8.0	33.0	-1.0	
1507565880366	1506323654636	5.0	-8.4112548828125	33.4112548828125	-1.0	
1507565880383	1506343796238	5.0	-9.5384521484375	34.0	-1.0	
1507565880401	1506363937839	5.0	-10.0	34.0	-1.0	
1507565880420	1506384079441	5.0	-10.0	34.0	-1.0	
1507565880437	1506404221043	5.0	-9.080215454101563	34.0	-1.0	
1507565880473	1506424362644	6.0	-8.0	34.0	-1.0	
1507565880489	1506444504246	6.0	-7.8242340087890625	34.0	-1.0	
1507565880507	1506464645847	6.0	-7.30255126953125	34.0	-1.0	
1507565880526	1506484787449	6.430023193359375	-8.0	34.430023193359375	-1.0	
1507565880543	1506504929050	7.0	-7.4427490234375	34.4427490234375	-1.0	
1507565880560	1506525070652	6.315704345703125	-7.0	33.315704345703125	-1.0	
1507565880579	1506545212253	6.0	-7.0	32.18804931640625	-1.0	
1507565880596	1506565353855	5.0614471435546875	-7.0	32.0	-1.0	
1507565880632	1506585495457	5.0	-6.0	32.0	-1.0	
1507565880650	1506605637058	5.1931610107421875	-6.0	32.0	-1.0	
1507565880669	1506625778660	6.0	-6.0	32.0	-1.0	
1507565880688	1506645920261	6.0	-6.4478607177734375	32.0	-1.0	
1507565880704	1506666061863	6.0	-7.0	32.0	-1.0	
1507565880723	1506686203464	6.0	-7.0	32.0	-1.0	
1507565880740	1506706345066	6.8307647705078125	-7.0	32.0	-1.0	
1507565880757	1506726486668	7.0	-7.0	32.0	-1.0	
1507565880793	1506746628269	6.9146881103515625	-7.0	32.0	-1.0	
1507565880811	1506766769871	6.0	-7.0	32.0	-1.0	
1507565880829	1506786911472	6.0	-7.0	32.0	-1.0	
1507565880847	1506807053074	6.0	-7.0	32.0	-1.0	
1507565880864	1506827194675	6.0	-7.0	32.0	-1.0	
1507565880883	1506847336277	6.0	-7.0	32.0	-1.0	
1507565880902	1506867477878	6.0	-7.0	32.0	-1.0	
1507565880918	1506887619480	6.976104736328125	-7.0	32.0	-1.0	
1507565880955	1506907761082	7.0	-7.104095458984375	32.0	-1.0	
1507565880973	1506927902683	7.0	-8.0	32.23075866699219	-1.0	
1507565880990	1506948044285	7.0	-8.0	33.0	-1.0	
1507565881008	1506968185886	7.0	-8.0	33.0	-1.0	
1507565881026	1506988327488	7.0	-8.0	33.0	-1.0	
1507565881043	1507008469089	7.0	-8.0	33.0	-1.0	
1507565881062	1507028610691	7.0	-8.0	33.0	-1.0	
1507565881078	1507048752293	7.0	-8.0	33.0	-1.0	
1507565881114	1507068893894	7.0	-8.12286376953125	33.12286376953125	-1.0	
1507565881132	1507089035496	7.0	-9.0	34.0	-1.0	
1507565881151	1507109177097	7.0	-9.0	34.0	-1.0	
1507565881169	1507129318699	7.0	-9.0	34.0	-1.0	
1507565881186	1507149460300	7.0	-9.0	34.0	-1.0	
1507565881204	1507169601902	7.0	-9.0	34.0	-1.0	
1507565881222	1507189743503	7.0	-9.0	34.0	-1.0	
1507565881258	1507209885105	7.0	-9.0	34.013641357421875	-1.0	
1507565881276	1507230026707	7.140167236328125	-9.140167236328125	35.0	-1.0	
1507565881293	1507250168308	8.0	-10.0	35.0	-1.0	
1507565881310	1507270309910	8.0	-9.605133056640625	35.0	-1.0	
1507565881328	1507290451511	8.0	-9.0	34.4769287109375	-1.0	
1507565881347	1507310593113	7.3498382568359375	-9.0	34.0	-1.0	
1507565881365	1507330734714	7.0	-9.0	34.0	-1.0	
1507565881384	1507350876316	7.0	-9.0	34.0	-1.0	
1507565881419	1507371017918	7.0	-9.0	34.0	-1.0	
1507565881437	1507391159519	7.0	-9.0	34.0	-1.0	
