1507566021490	1647455888288	41.0	-25.0	-5.0	-1.0	
1507566021520	1647476029889	41.0	-25.0	-5.0	-1.0	
1507566021534	1647496171491	41.0	-25.0	-5.0	-1.0	
1507566021552	1647516313092	41.0	-25.0	-4.6586761474609375	-1.0	
1507566021570	1647536454694	41.0	-25.0	-4.0	-1.0	
1507566021588	1647556596296	41.0	-25.602737426757813	-4.0	-1.0	
1507566021606	1647576737897	41.734130859375	-26.0	-4.0	-1.0	
1507566021625	1647596879499	42.0	-26.0	-4.0	-1.0	
1507566021641	1647617021100	41.00343322753906	-26.0	-4.0	-1.0	
1507566021677	1647637162702	41.0	-26.0	-3.873077392578125	-1.0	
1507566021693	1647657304303	41.0	-26.258560180664063	-3.0	-1.0	
1507566021713	1647677445905	41.0	-27.0	-3.0	-1.0	
1507566021730	1647697587506	41.0	-27.0	-3.0	-1.0	
1507566021747	1647717729108	41.0	-27.0	-3.6506805419921875	-1.0	
1507566021765	1647737870710	41.0	-27.0	-4.0	-1.0	
1507566021786	1647758012311	41.0	-26.08734130859375	-3.08734130859375	-1.0	
1507566021819	1647778153913	41.04450988769531	-24.955490112304688	-3.0	-1.0	
1507566021836	1647798295514	42.0	-24.0	-3.0	-1.0	
1507566021854	1647818437116	41.69349670410156	-24.306503295898438	-3.0	-1.0	
1507566021873	1647838578717	41.0	-25.4373779296875	-3.0	-1.0	
1507566021890	1647858720319	41.5684814453125	-26.0	-3.0	-1.0	
1507566021907	1647878861921	42.0	-25.301376342773438	-3.0	-1.0	
1507566021925	1647899003522	42.0	-24.169815063476563	-3.0	-1.0	
1507566021943	1647919145124	42.0	-24.0	-3.0	-1.0	
1507566021979	1647939286725	42.0	-23.0	-3.0	-1.0	
1507566021998	1647959428327	42.0	-23.0	-3.0	-1.0	
1507566022015	1647979569928	42.0	-23.0	-3.0	-1.0	
1507566022033	1647999711530	42.0	-23.0	-3.0	-1.0	
1507566022052	1648019853131	42.0	-23.0	-3.0	-1.0	
1507566022069	1648039994733	42.0	-23.0	-3.0	-1.0	
1507566022087	1648060136335	42.0	-23.0	-3.0	-1.0	
1507566022122	1648080277936	42.0	-23.0	-3.0	-1.0	
1507566022140	1648100419538	42.0	-23.0	-3.0	-1.0	
1507566022160	1648120561139	42.0	-23.0	-3.0	-1.0	
1507566022176	1648140702741	42.0	-23.0	-3.0	-1.0	
1507566022194	1648160844342	42.0	-23.0	-3.0	-1.0	
1507566022212	1648180985944	42.0	-23.0	-3.0	-1.0	
1507566022229	1648201127546	42.0	-23.0	-3.0	-1.0	
1507566022247	1648221269147	42.0	-23.0	-3.0	-1.0	
1507566022285	1648241410749	42.0	-23.0	-3.0	-1.0	
1507566022302	1648261552350	42.0	-23.0	-3.0	-1.0	
1507566022319	1648281693952	42.0	-23.0	-3.0	-1.0	
1507566022336	1648301835553	42.45033264160156	-23.0	-3.0	-1.0	
1507566022354	1648321977155	43.0	-23.0	-3.0	-1.0	
1507566022374	1648342118756	43.0	-23.0	-3.0	-1.0	
1507566022390	1648362260358	43.0	-23.0	-3.0	-1.0	
1507566022408	1648382401960	43.0	-23.0	-3.0	-1.0	
1507566022444	1648402543561	43.0	-23.0	-3.0	-1.0	
1507566022463	1648422685163	43.0	-23.0	-3.0	-1.0	
1507566022480	1648442826764	43.0	-23.0	-3.0	-1.0	
1507566022498	1648462968366	43.0	-23.0	-3.0	-1.0	
1507566022517	1648483109967	43.0	-23.0	-3.0	-1.0	
1507566022535	1648503251569	43.0	-23.0	-3.0	-1.0	
1507566022552	1648523393171	43.0	-23.0	-3.0	-1.0	
1507566022587	1648543534772	43.0	-23.0	-2.977752685546875	-1.0	
1507566022604	1648563676374	43.0	-23.0	-2.0	-1.0	
1507566022622	1648583817975	43.0	-23.0	-2.0	-1.0	
1507566022640	1648603959577	43.0	-23.0	-2.0	-1.0	
1507566022658	1648624101178	43.0	-23.0	-2.0	-1.0	
1507566022677	1648644242780	43.0	-23.0	-2.0	-1.0	
1507566022695	1648664384381	43.0	-23.0	-2.0	-1.0	
1507566022713	1648684525983	43.0	-23.0	-2.0	-1.0	
1507566022747	1648704667585	43.0	-24.0	-2.0	-1.0	
1507566022766	1648724809186	43.0	-24.0	-2.0	-1.0	
1507566022783	1648744950788	43.0	-23.667816162109375	-2.0	-1.0	
1507566022801	1648765092389	43.0	-23.0	-2.0	-1.0	
1507566022819	1648785233991	43.0	-23.0	-2.0	-1.0	
1507566022837	1648805375592	43.0	-23.0	-2.0	-1.0	
1507566022857	1648825517194	43.0	-23.0	-2.0	-1.0	
1507566022872	1648845658796	43.0	-23.0	-2.0	-1.0	
1507566022908	1648865800397	43.0	-23.0	-2.0	-1.0	
1507566022926	1648885941999	43.0	-23.0	-2.0	-1.0	
1507566022944	1648906083600	43.380126953125	-23.0	-2.0	-1.0	
1507566022963	1648926225202	44.0	-23.0	-2.0	-1.0	
1507566022981	1648946366803	44.0	-23.0	-2.0	-1.0	
1507566022999	1648966508405	44.0	-23.0	-2.0	-1.0	
1507566023016	1648986650006	44.0	-23.0	-2.0	-1.0	
1507566023053	1649006791608	44.0	-23.0	-2.0	-1.0	
1507566023069	1649026933210	44.0	-23.0	-2.0	-1.0	
1507566023087	1649047074811	44.0	-23.0	-2.0	-1.0	
1507566023105	1649067216413	44.0	-23.0	-2.0	-1.0	
1507566023125	1649087358014	44.0	-23.0	-2.0	-1.0	
1507566023142	1649107499616	44.0	-23.0	-2.0	-1.0	
1507566023158	1649127641217	44.0	-23.0	-2.0	-1.0	
1507566023176	1649147782819	44.0	-23.0	-2.0	-1.0	
1507566023212	1649167924421	44.0	-23.0	-2.0	-1.0	
1507566023229	1649188066022	44.0	-23.0	-2.0	-1.0	
1507566023248	1649208207624	44.0	-23.0	-2.0	-1.0	
1507566023267	1649228349225	44.0	-23.0	-2.0	-1.0	
1507566023285	1649248490827	44.0	-23.0	-2.0	-1.0	
1507566023300	1649268632428	44.0	-23.0	-2.0	-1.0	
1507566023319	1649288774030	44.0	-23.0	-2.0	-1.0	
1507566023337	1649308915631	44.0	-23.0	-2.0	-1.0	
1507566023372	1649329057233	44.0	-23.0	-2.0	-1.0	
1507566023390	1649349198835	44.0	-23.0	-2.0	-1.0	
1507566023408	1649369340436	44.0	-23.0	-2.0	-1.0	
1507566023428	1649389482038	44.0	-23.0	-2.0	-1.0	
1507566023444	1649409623639	44.0	-23.0	-2.0	-1.0	
1507566023462	1649429765241	44.0	-23.0	-2.0	-1.0	
1507566023480	1649449906842	44.0	-23.0	-2.0	-1.0	
1507566023520	1649470048444	44.0	-23.0	-2.0	-1.0	
1507566023532	1649490190046	44.0	-23.0	-2.0	-1.0	
1507566023551	1649510331647	44.0	-23.0	-2.0	-1.0	
1507566023570	1649530473249	44.0	-23.0	-2.0	-1.0	
1507566023587	1649550614850	44.57191467285156	-23.0	-2.0	-1.0	
1507566023607	1649570756452	45.0	-23.0	-2.0	-1.0	
1507566023622	1649590898053	45.0	-23.0	-2.0	-1.0	
1507566023642	1649611039655	45.0	-23.0	-2.0	-1.0	
1507566023676	1649631181256	45.0	-23.0	-2.0	-1.0	
1507566023693	1649651322858	45.0	-23.0	-2.0	-1.0	
1507566023712	1649671464460	45.0	-23.0	-2.0	-1.0	
1507566023730	1649691606061	45.0	-23.0	-2.0	-1.0	
1507566023747	1649711747663	45.0	-23.0	-2.0	-1.0	
1507566023765	1649731889264	45.0	-23.0	-2.0	-1.0	
1507566023783	1649752030866	45.0	-23.0	-2.0	-1.0	
1507566023822	1649772172467	45.0	-23.0	-2.0	-1.0	
1507566023836	1649792314069	45.0	-23.0	-2.0	-1.0	
1507566023855	1649812455671	45.0	-23.0	-2.0	-1.0	
1507566023872	1649832597272	45.0	-23.0	-2.0	-1.0	
1507566023891	1649852738874	45.0	-23.0	-2.0	-1.0	
1507566023908	1649872880475	45.0	-23.0	-2.0	-1.0	
1507566023926	1649893022077	45.0	-23.0	-2.0	-1.0	
1507566023944	1649913163678	45.0	-23.0	-2.0	-1.0	
1507566023979	1649933305280	45.0	-23.0	-2.0	-1.0	
1507566023997	1649953446881	45.0	-23.0	-2.0	-1.0	
1507566024015	1649973588483	45.0	-23.0	-2.0	-1.0	
1507566024035	1649993730085	45.0	-23.0	-2.0	-1.0	
1507566024051	1650013871686	45.0	-23.0	-2.0	-1.0	
1507566024069	1650034013288	45.0	-23.0	-2.0	-1.0	
1507566024093	1650054154889	45.0	-23.0	-2.0	1.0	
1507566024105	1650074296491	45.0	-23.0	-2.0	1.0	
1507566024140	1650094438092	45.0	-23.0	-2.0	1.0	
1507566024158	1650114579694	45.0	-23.0	-2.0	1.0	
1507566024176	1650134721296	45.0	-23.0	-2.0	1.0	
1507566024194	1650154862897	45.0	-23.0	-2.0	1.0	
1507566024211	1650175004499	45.0	-23.0	-2.0	1.0	
1507566024229	1650195146100	45.0	-23.0	-2.0	1.0	
1507566024248	1650215287702	45.0	-23.0	-2.0	1.0	
1507566024283	1650235429303	45.025726318359375	-23.0	-2.0	1.0	
1507566024300	1650255570905	46.0	-23.0	-2.0	1.0	
1507566024318	1650275712506	46.0	-23.0	-2.0	1.0	
1507566024336	1650295854108	46.0	-23.0	-2.0	1.0	
1507566024356	1650315995710	46.0	-23.0	-2.0	1.0	
1507566024372	1650336137311	46.0	-23.0	-2.0	1.0	
1507566024390	1650356278913	46.0	-23.0	-2.0	1.0	
1507566024408	1650376420514	46.0	-23.0	-2.0	1.0	
1507566024444	1650396562116	46.0	-23.0	-2.0	1.0	
1507566024461	1650416703717	46.0	-23.0	-2.0	1.0	
1507566024480	1650436845319	46.0	-23.0	-2.0	1.0	
1507566024498	1650456986921	46.0	-23.0	-2.0	1.0	
1507566024516	1650477128522	46.0	-23.0	-2.0	1.0	
1507566024533	1650497270124	46.0	-23.0	-2.0	1.0	
1507566024551	1650517411725	46.0	-23.0	-2.0	1.0	
1507566024572	1650537553327	46.0	-23.0	-2.0	1.0	
1507566024605	1650557694928	46.0	-23.0	-2.0	1.0	
1507566024622	1650577836530	46.0	-23.0	-2.0	1.0	
1507566024640	1650597978131	46.0	-23.0	-2.0	1.0	
1507566024658	1650618119733	46.0	-23.0	-2.0	1.0	
1507566024677	1650638261335	46.0	-23.0	-2.0	1.0	
1507566024694	1650658402936	46.0	-23.0	-2.0	1.0	
1507566024712	1650678544538	46.0	-23.0	-2.0	1.0	
1507566024748	1650698686139	46.0	-23.0	-2.0	1.0	
1507566024765	1650718827741	46.0	-23.0	-2.0	1.0	
1507566024784	1650738969342	46.0	-23.0	-2.0	1.0	
1507566024801	1650759110944	46.0	-23.0	-2.0	1.0	
1507566024820	1650779252546	46.0	-23.0	-2.0	1.0	
1507566024841	1650799394147	46.0	-23.0	-2.0	1.0	
1507566024855	1650819535749	46.0	-23.0	-2.0	1.0	
1507566024872	1650839677350	46.0	-23.0	-2.0	1.0	
1507566024909	1650859818952	47.0	-23.0	-2.0	1.0	
1507566024929	1650879960553	47.0	-23.0	-2.0	1.0	
1507566024945	1650900102155	47.0	-23.0	-2.0	1.0	
1507566024962	1650920243756	47.0	-23.479446411132813	-2.0	1.0	
1507566024982	1650940385358	47.0	-24.0	-2.0	1.0	
1507566025010	1650960526960	47.0	-24.0	-2.0	1.0	
1507566025018	1650980668561	47.0	-24.0	-2.0	1.0	
1507566025052	1651000810163	47.0	-24.0	-2.0	1.0	
1507566025072	1651020951764	47.0	-24.0	-2.0	1.0	
1507566025090	1651041093366	47.0	-24.0	-2.0	1.0	
1507566025107	1651061234967	47.0	-24.0	-2.0	1.0	
1507566025124	1651081376569	47.0	-24.0	-2.0	1.0	
1507566025141	1651101518171	47.0	-24.0	-2.0	1.0	
1507566025160	1651121659772	47.0	-24.0	-2.0	1.0	
1507566025177	1651141801374	47.0	-24.0	-2.0	1.0	
1507566025214	1651161942975	47.0	-24.0	-2.0	1.0	
1507566025233	1651182084577	47.0	-24.0	-2.0	1.0	
1507566025255	1651202226178	47.0	-24.0	-2.0	1.0	
1507566025274	1651222351424	47.0	-24.0	-2.0	1.0	
1507566025283	1651242493025	47.0	-24.0	-2.0	1.0	
1507566025301	1651262634627	47.0	-24.0	-2.0	1.0	
1507566025319	1651282776229	47.0	-24.0	-2.0	1.0	
1507566025339	1651302917830	47.0	-24.0	-2.0	1.0	
1507566025373	1651323059432	47.0	-24.0	-2.0	1.0	
1507566025390	1651343201033	47.0	-24.0	-2.0	1.0	
1507566025408	1651363342635	47.0	-24.0	-2.0	1.0	
1507566025426	1651383484236	47.0	-24.0	-2.492279052734375	1.0	
1507566025444	1651403625838	47.0	-24.623275756835938	-3.0	1.0	
1507566025461	1651423767440	47.0	-25.0	-3.0	1.0	
1507566025480	1651443909041	47.0	-25.0	-3.0	1.0	
1507566025518	1651464050643	47.0	-25.0	-3.017120361328125	1.0	
1507566025536	1651484192244	47.0	-25.147247314453125	-4.0	1.0	
1507566025551	1651504333846	47.0	-26.0	-4.0	1.0	
1507566025569	1651524475447	47.0	-26.0	-4.0	1.0	
1507566025589	1651544617049	47.0	-26.0	-4.0	1.0	
1507566025607	1651564758650	47.0	-25.34014892578125	-4.0	1.0	
1507566025625	1651584900252	47.0	-25.0	-3.2203521728515625	1.0	
1507566025643	1651605041854	47.0	-25.0	-3.0	1.0	
1507566025679	1651625183455	47.0	-25.0	-3.0	1.0	
1507566025695	1651645325057	47.0	-25.0	-3.0	1.0	
1507566025712	1651665466658	47.0	-25.0	-3.0	1.0	
1507566025731	1651685608260	47.0	-25.0	-3.0	1.0	
1507566025748	1651705749861	47.0	-25.0	-3.0	1.0	
1507566025766	1651725891463	47.0	-25.0	-3.0	1.0	
1507566025798	1651746033065	47.0	-25.728805541992188	-3.0	1.0	
1507566025810	1651766174666	47.847442626953125	-26.0	-3.0	1.0	
1507566025819	1651786316268	48.0	-26.0	-3.0	1.0	
1507566025857	1651806457869	48.0	-26.084732055664063	-3.0	1.0	
1507566025873	1651826599471	48.0	-27.0	-3.0	1.0	
1507566025890	1651846741072	48.0	-27.0	-3.0	1.0	
1507566025908	1651866882674	48.0	-27.0	-3.0	1.0	
1507566025927	1651887024275	47.44068908691406	-27.0	-3.0	1.0	
1507566025944	1651907165877	47.0	-27.677963256835938	-3.0	1.0	
1507566025963	1651927307479	47.0	-28.0	-3.0	1.0	
1507566025980	1651947449080	47.0	-28.0	-3.915252685546875	1.0	
1507566026017	1651967590682	47.0	-29.0	-4.0	1.0	
1507566026033	1651987732283	47.0	-29.152542114257813	-4.0	1.0	
1507566026051	1652007873885	47.0	-30.0	-4.0	1.0	
1507566026071	1652028015486	47.0	-30.0	-4.0	1.0	
1507566026088	1652048157088	47.0	-30.0	-4.0	1.0	
1507566026105	1652068298690	47.0	-30.0	-4.0	1.0	
1507566026126	1652088440291	47.0	-30.0	-4.0	1.0	
1507566026143	1652108581893	47.0	-30.0	-3.1370697021484375	1.0	
1507566026159	1652128723494	47.0	-30.981353759765625	-3.0	1.0	
1507566026195	1652148865096	47.0	-31.0	-3.0	1.0	
1507566026211	1652169006697	47.0	-30.781356811523438	-3.0	1.0	
1507566026229	1652189148299	47.0	-29.325439453125	-3.0	1.0	
1507566026247	1652209289900	47.0	-27.544082641601563	-3.0	1.0	
1507566026265	1652229431502	47.57456970214844	-26.425430297851563	-2.4254302978515625	1.0	
1507566026284	1652249573104	48.0	-26.0	-2.693206787109375	1.0	
1507566026301	1652269714705	48.0	-26.811859130859375	-3.0	1.0	
1507566026320	1652289856307	48.0	-27.930496215820313	-3.0	1.0	
1507566026356	1652309997908	48.0	-28.0	-3.0	1.0	
1507566026374	1652330139510	48.0	-28.0	-3.0	1.0	
1507566026391	1652350281111	48.0	-27.71356201171875	-3.0	1.0	
1507566026410	1652370422713	48.0	-27.0	-3.0	1.0	
1507566026429	1652390564315	48.0	-27.0	-3.0	1.0	
1507566026445	1652410705916	48.0	-27.0	-3.0	1.0	
1507566026462	1652430847518	48.0	-27.761016845703125	-3.0	1.0	
1507566026480	1652450989119	48.0	-28.0	-3.0	1.0	
1507566026499	1652471130721	48.0	-28.0	-3.0	1.0	
1507566026533	1652491272322	48.0	-27.883056640625	-3.0	1.0	
1507566026552	1652511413924	48.0	-27.0	-3.0	1.0	
1507566026569	1652531555525	48.0	-27.0	-3.0	1.0	
1507566026588	1652551697127	48.0	-27.0	-3.0	1.0	
1507566026608	1652571838729	48.0	-27.0	-3.0	1.0	
1507566026623	1652591980330	48.0	-27.0	-3.0	1.0	
1507566026645	1652612121932	48.0	-27.0	-3.0	1.0	
1507566026661	1652632263533	48.0	-27.0	-3.0	1.0	
1507566026699	1652652405135	48.0	-27.0	-3.0	1.0	
1507566026714	1652672546736	48.0	-27.0	-3.0	1.0	
1507566026730	1652692688338	48.0	-27.0	-3.0	1.0	
1507566026747	1652712829940	48.0	-27.0	-3.0	1.0	
1507566026767	1652732971541	48.0	-27.0	-3.0	1.0	
1507566026784	1652753113143	48.0	-27.0	-3.0	1.0	
1507566026801	1652773254744	48.0	-27.0	-3.0	1.0	
1507566026819	1652793396346	48.0	-27.0	-3.0	1.0	
1507566026856	1652813537947	48.0	-27.0	-3.0	1.0	
1507566026875	1652833679549	48.0	-27.0	-3.0	1.0	
1507566026891	1652853821150	48.0	-27.0	-3.0	1.0	
1507566026908	1652873962752	48.0	-27.369476318359375	-3.0	1.0	
1507566026927	1652894104354	48.0	-28.0	-3.0	1.0	
1507566026944	1652914245955	48.0	-28.0	-3.0	1.0	
1507566026963	1652934387557	48.0	-27.242279052734375	-3.0	1.0	
1507566026980	1652954529158	48.0	-27.0	-3.0	1.0	
1507566027017	1652974670760	48.0	-27.0	-3.0	1.0	
1507566027033	1652994812361	48.0	-27.0	-3.0	1.0	
1507566027051	1653014953963	48.0	-27.0	-3.0	1.0	
1507566027070	1653035095565	48.0	-27.0	-3.0	1.0	
1507566027088	1653055237166	48.0	-27.0	-3.0	1.0	
1507566027114	1653075378768	48.0	-27.0	-3.0	1.0	
1507566027126	1653095520369	48.0	-27.0	-3.0	1.0	
1507566027142	1653115661971	48.0	-27.0	-3.0	1.0	
1507566027180	1653135803572	49.0	-27.0	-3.0	1.0	
1507566027195	1653155945174	49.0	-27.0	-3.0	1.0	
1507566027211	1653176086775	49.0	-27.0	-3.0	1.0	
1507566027230	1653196228377	49.0	-27.0	-3.0	1.0	
1507566027249	1653216369979	49.0	-27.0	-3.0	1.0	
1507566027265	1653236511580	49.0	-27.0	-3.0	1.0	
1507566027283	1653256653182	49.0	-27.0	-3.0	1.0	
1507566027320	1653276794783	49.0	-27.0	-3.0	1.0	
1507566027337	1653296936385	49.0	-27.0	-3.0	1.0	
1507566027356	1653317077986	49.0	-27.0	-3.0	1.0	
1507566027376	1653337219588	49.0	-27.0	-3.0	1.0	
1507566027392	1653357361190	49.0	-27.0	-3.0	1.0	
1507566027409	1653377502791	49.0	-26.2938232421875	-3.0	1.0	
1507566027426	1653397644393	49.0	-26.0	-3.0	1.0	
1507566027444	1653417785994	49.0	-26.0	-3.0	1.0	
1507566027481	1653437927596	50.0	-26.0	-3.0	1.0	
1507566027499	1653458069197	50.0	-26.0	-3.0	1.0	
1507566027516	1653478210799	50.0	-26.0	-2.62371826171875	1.0	
1507566027533	1653498352400	50.0	-25.489700317382813	-2.0	1.0	
1507566027551	1653518494002	50.0	-25.0	-2.0	1.0	
1507566027571	1653538635604	50.0	-25.0	-2.0	1.0	
1507566027587	1653558777205	50.91236877441406	-25.0	-2.0	1.0	
1507566027623	1653578918807	51.0	-25.04638671875	-2.0	1.0	
1507566027642	1653599060408	51.0	-26.0	-2.0	1.0	
1507566027658	1653619202010	51.0	-26.0	-2.0	1.0	
1507566027678	1653639343611	51.0	-26.0	-2.0	1.0	
1507566027699	1653659485213	51.0	-26.0	-2.0	1.0	
1507566027712	1653679626815	51.0	-25.28350830078125	-2.0	1.0	
1507566027733	1653699768416	51.0	-25.850509643554688	-2.0	1.0	
1507566027749	1653719910018	51.984527587890625	-26.984527587890625	-1.015472412109375	1.0	
1507566027784	1653740051619	52.0	-27.118545532226563	-1.0	1.0	
1507566027801	1653760193221	52.0	-28.0	-1.0	1.0	
1507566027819	1653780334822	52.0	-28.0	-1.0	1.0	
1507566027838	1653800476424	52.0	-28.0	-1.5206146240234375	1.0	
1507566027859	1653820618025	51.345367431640625	-27.345367431640625	-2.0	1.0	
1507566027876	1653840759627	51.0	-27.0	-2.0	1.0	
1507566027897	1653860901229	51.92266845703125	-26.07733154296875	-2.0	1.0	
1507566027926	1653881042830	52.0	-26.0	-2.0	1.0	
1507566027944	1653901184432	52.0	-26.0	-2.0	1.0	
1507566027961	1653921326033	52.0	-26.0	-2.0	1.0	
1507566027981	1653941467635	52.0	-26.0	-2.0	1.0	
1507566027999	1653961609236	52.0	-26.0	-2.5927734375	1.0	
1507566028015	1653981750838	52.0	-25.273208618164063	-3.0	1.0	
1507566028034	1654001892440	52.0	-25.0	-3.0	1.0	
1507566028052	1654022034041	52.0	-25.0	-3.0	1.0	
1507566028087	1654042175643	52.0	-24.0	-3.0	1.0	
1507566028105	1654062317244	52.0	-24.0	-3.0	1.0	
1507566028122	1654082458846	52.0	-24.0	-3.0	1.0	
1507566028141	1654102600447	52.0	-24.0	-3.0	1.0	
1507566028160	1654122742049	52.0	-24.0	-3.0	1.0	
1507566028181	1654142883650	52.0	-23.201034545898438	-3.0	1.0	
1507566028195	1654163025252	52.0	-23.0	-3.9329833984375	1.0	
1507566028230	1654183166854	52.06700134277344	-23.0	-4.0	1.0	
1507566028248	1654203308455	53.0	-23.0	-4.0	1.0	
1507566028266	1654223450057	53.0	-22.664962768554688	-4.0	1.0	
1507566028284	1654243591658	53.0	-22.0	-4.0	1.0	
1507566028301	1654263733260	53.0	-22.0	-4.0	1.0	
1507566028320	1654283874861	53.0	-22.0	-4.0	1.0	
1507566028338	1654304016463	53.0	-22.871124267578125	-4.0	1.0	
1507566028374	1654324158065	53.0	-23.0	-4.0	1.0	
1507566028391	1654344299666	53.0	-22.86083984375	-4.0	1.0	
1507566028409	1654364441268	53.0	-22.0	-4.0	1.0	
1507566028428	1654384582869	52.59278869628906	-22.0	-4.0	1.0	
1507566028446	1654404724471	52.0	-21.458770751953125	-4.0	1.0	
1507566028462	1654424866072	52.0	-21.0	-4.0	1.0	
1507566028481	1654445007674	52.0	-20.19073486328125	-4.0	1.0	
1507566028497	1654465149275	52.0	-20.0	-4.0	1.0	
1507566028534	1654485290877	52.0	-19.0	-4.0	1.0	
1507566028554	1654505432479	52.0	-19.0	-4.0	1.0	
1507566028569	1654525574080	52.0	-19.0	-4.0	1.0	
1507566028587	1654545715682	52.0	-19.0	-4.0	1.0	
1507566028605	1654565857283	52.0	-19.0	-4.0	1.0	
1507566028624	1654585998885	52.0	-19.0	-4.0	1.0	
1507566028644	1654606140486	52.0	-19.0	-4.0	1.0	
1507566028676	1654626282088	52.0	-19.0	-4.0	1.0	
1507566028695	1654646423690	52.0	-19.0	-4.0	1.0	
1507566028712	1654666565291	52.28349304199219	-19.0	-4.0	1.0	
1507566028730	1654686706893	53.0	-19.0	-4.0	1.0	
1507566028748	1654706848494	53.0	-19.0	-4.0	1.0	
1507566028767	1654726990096	53.0	-19.0	-4.0	1.0	
1507566028783	1654747131697	53.0	-19.0	-4.0	1.0	
1507566028804	1654767273299	53.0	-19.0	-4.9535980224609375	1.0	
1507566028839	1654787414900	53.0	-19.087615966796875	-5.0	1.0	
1507566028856	1654807556502	53.0	-20.0	-5.0	1.0	
1507566028872	1654827698104	53.0	-20.0	-4.6443328857421875	1.0	
1507566028890	1654847839705	53.48968505859375	-20.0	-4.0	1.0	
1507566028908	1654867981307	53.37629699707031	-20.0	-4.0	1.0	
1507566028927	1654888122908	53.0	-19.242279052734375	-4.0	1.0	
1507566028944	1654908264510	53.0	-19.0	-4.0	1.0	
1507566028981	1654928406111	53.0	-19.025543212890625	-4.0	1.0	
1507566028997	1654948547713	53.0	-20.0	-4.0	1.0	
1507566029015	1654968689315	53.0	-20.0	-4.0	1.0	
1507566029034	1654988830916	53.0	-19.617599487304688	-4.0	1.0	
1507566029053	1655008972518	53.0	-19.0	-4.0	1.0	
1507566029070	1655029114119	53.0	-19.0	-4.0	1.0	
1507566029087	1655049255721	53.0	-19.0	-4.0	1.0	
1507566029106	1655069397322	53.0	-19.0	-4.0	1.0	
1507566029125	1655089538924	53.0	-19.0	-4.0	1.0	
1507566029159	1655109680525	53.0	-19.0	-4.0	1.0	
1507566029193	1655129822127	53.0	-19.0	-4.0	1.0	
1507566029201	1655149963729	53.0	-19.0	-4.0	1.0	
1507566029211	1655170105330	53.0	-19.0	-3.5668487548828125	1.0	
1507566029230	1655190246932	53.0	-19.0	-3.0	1.0	
1507566029247	1655210388533	53.0	-19.0	-3.0	1.0	
1507566029266	1655230530135	52.21827697753906	-19.0	-3.0	1.0	
1507566029284	1655250671736	52.0	-19.0	-3.0	1.0	
1507566029319	1655270813338	52.0	-19.0	-2.984771728515625	1.0	
1507566029338	1655290954940	52.0	-19.0	-2.0	1.0	
1507566029355	1655311096541	52.0	-19.0	-2.0	1.0	
1507566029373	1655331238143	52.365478515625	-19.0	-2.0	1.0	
1507566029393	1655351379744	53.0	-19.0	-2.0	1.0	
1507566029409	1655371521346	53.0	-19.0	-2.0	1.0	
1507566029427	1655391662947	53.0	-19.715728759765625	-2.0	1.0	
1507566029446	1655411804549	53.83247375488281	-20.0	-2.0	1.0	
1507566029462	1655431946150	54.0	-20.9476318359375	-2.0	1.0	
1507566029499	1655452087752	54.06428527832031	-21.064285278320313	-2.0	1.0	
1507566029516	1655472229354	55.0	-22.0	-1.8189544677734375	1.0	
1507566029534	1655492370955	55.0	-22.0	-1.0	1.0	
1507566029553	1655512512557	55.0	-22.0	-1.41455078125	1.0	
1507566029569	1655532654158	55.0	-22.0	-2.0	1.0	
1507566029588	1655552795760	55.0	-22.0	-2.0	1.0	
1507566029608	1655572937361	55.0	-22.0	-2.0	1.0	
1507566029623	1655593078963	55.0	-22.0	-2.0	1.0	
1507566029641	1655613220565	55.0	-22.0	-2.0	1.0	
1507566029676	1655633362166	55.0	-22.0	-1.0	1.0	
1507566029694	1655653503768	55.0	-22.0	-1.2317962646484375	1.0	
1507566029713	1655673645369	55.0	-22.0	-2.0	1.0	
1507566029730	1655693786971	55.0	-22.0	-1.5363922119140625	1.0	
1507566029748	1655713928572	55.0	-22.0	-1.0	1.0	
1507566029767	1655734070174	55.0	-22.0	-1.0	1.0	
1507566029783	1655754211775	55.0	-22.0	-1.0	1.0	
1507566029801	1655774353377	55.0	-22.0	-1.0	1.0	
1507566029837	1655794494979	56.0	-22.0	-1.0	1.0	
1507566029856	1655814636580	56.0	-22.0	-1.0	1.0	
1507566029874	1655834778182	56.0	-22.0	-1.0	1.0	
1507566029891	1655854919783	56.0	-22.0	-1.0	1.0	
1507566029909	1655875061385	56.0	-22.0	-1.0	1.0	
1507566029928	1655895202986	56.0	-22.0	-1.0	1.0	
1507566029945	1655915344588	56.0	-22.0	-1.0	1.0	
1507566029963	1655935486190	56.86293029785156	-22.0	-0.1370697021484375	1.0	
1507566029981	1655955627791	57.0	-22.979690551757813	0.0	1.0	
1507566030016	1655975769393	58.0	-23.0	0.0	1.0	
1507566030035	1655995910994	58.21319580078125	-23.0	0.0	1.0	
1507566030052	1656016052596	59.0	-22.670059204101563	0.0	1.0	
1507566030070	1656036194197	59.454376220703125	-22.0	0.0	1.0	
1507566030089	1656056335799	60.0	-22.0	0.0	1.0	
1507566030106	1656076477400	60.72633361816406	-22.0	0.0	1.0	
1507566030123	1656096619002	61.0	-22.8623046875	0.0	1.0	
1507566030142	1656116760604	61.0	-23.0	0.0	1.0	
1507566030179	1656136902205	62.0	-23.0	0.0	1.0	
1507566030195	1656157043807	62.0	-23.0	0.0	1.0	
1507566030212	1656177185408	62.0	-23.0	0.0	1.0	
1507566030230	1656197327010	62.540435791015625	-23.0	0.540435791015625	1.0	
1507566030250	1656217468611	63.0	-23.0	1.0	1.0	
1507566030266	1656237610213	63.0	-23.0	1.0	1.0	
1507566030284	1656257751815	63.0	-23.0	1.0	1.0	
1507566030319	1656277893416	64.0	-23.0	1.0	1.0	
1507566030338	1656298035018	64.0	-23.0	1.0	1.0	
1507566030358	1656318176619	64.0	-23.0	1.0	1.0	
1507566030375	1656338318221	64.49224853515625	-23.0	1.0	1.0	
1507566030391	1656358459822	65.0	-23.0	1.0	1.0	
1507566030411	1656378601424	65.0	-23.0	1.0	1.0	
1507566030427	1656398743025	65.0	-23.0	1.0	1.0	
1507566030463	1656418884627	65.0	-23.0	1.0	1.0	
1507566030481	1656439026229	65.17210388183594	-23.0	1.0	1.0	
1507566030498	1656459167830	66.0	-23.0	1.0	1.0	
1507566030516	1656479309432	66.0	-23.0	1.0	1.0	
1507566030533	1656499451033	66.0	-23.0	1.0	1.0	
1507566030551	1656519592635	66.0	-23.0	1.0	1.0	
1507566030571	1656539734236	66.0	-23.0	1.0	1.0	
1507566030587	1656559875838	66.0	-23.0	1.0	1.0	
1507566030623	1656580017440	66.0	-23.0	1.0	1.0	
1507566030641	1656600159041	66.0	-23.0	1.0	1.0	
1507566030658	1656620300643	66.0	-23.0	1.0	1.0	
1507566030678	1656640442244	66.0	-23.0	1.0	1.0	
1507566030694	1656660583846	66.0	-23.0	1.0	1.0	
1507566030712	1656680725447	66.0	-23.0	1.0	1.0	
1507566030731	1656700867049	66.0	-23.0	1.0	1.0	
1507566030766	1656721008650	66.0	-23.0	1.0	1.0	
1507566030784	1656741150252	66.0	-23.0	1.0	1.0	
1507566030801	1656761291854	66.0	-23.0	1.0	1.0	
1507566030819	1656781433455	66.48019409179688	-23.0	1.0	1.0	
1507566030838	1656801575057	67.0	-23.0	1.0	1.0	
1507566030855	1656821716658	67.0	-23.0	1.0	1.0	
1507566030872	1656841858260	67.0	-23.0	1.0	1.0	
1507566030908	1656861999861	67.0	-22.0	2.0	1.0	
1507566030926	1656882141463	67.0	-22.0	2.0	1.0	
1507566030944	1656902283065	67.0	-22.0	2.0	1.0	
1507566030962	1656922424666	67.0	-22.0	2.0	1.0	
1507566030980	1656942566268	67.0	-22.0	2.0	1.0	
1507566030999	1656962707869	67.0	-22.0	2.0	1.0	
1507566031018	1656982849471	67.0	-22.0	2.0	1.0	
1507566031033	1657002991072	67.0	-22.0	1.02410888671875	1.0	
1507566031069	1657023132674	67.0	-22.0	1.0	1.0	
1507566031088	1657043274275	67.0	-22.0	1.0	1.0	
1507566031105	1657063415877	67.0	-22.0	1.0	1.0	
1507566031122	1657083557479	67.0	-22.0	1.0	1.0	
1507566031141	1657103699080	67.0	-22.0	1.0	1.0	
1507566031160	1657123840682	67.0	-22.0	1.0	1.0	
1507566031176	1657143982283	67.0	-22.0	1.0	1.0	
1507566031213	1657164123885	67.0	-22.0	1.0	1.0	
1507566031230	1657184265486	67.0	-22.0	1.0	1.0	
1507566031248	1657204407088	67.0	-22.0	1.0	1.0	
1507566031266	1657224548690	67.0	-22.469879150390625	1.0	1.0	
1507566031284	1657244690291	67.0	-23.0	1.0	1.0	
1507566031302	1657264831893	67.0	-23.0	1.0	1.0	
1507566031321	1657284973494	67.0	-23.0	1.0	1.0	
1507566031355	1657305115096	67.0	-23.0	1.0	1.0	
1507566031374	1657325256697	67.0	-23.0	1.0	1.0	
1507566031391	1657345398299	67.0	-23.0	1.0	1.0	
1507566031409	1657365539900	67.0	-23.0	1.0	1.0	
1507566031427	1657385681502	67.0	-23.0	1.0	1.0	
1507566031445	1657405823104	67.0	-23.0	1.0	1.0	
1507566031462	1657425964705	67.0	-23.0	1.0	1.0	
1507566031481	1657446106307	67.0	-23.0	1.0	1.0	
1507566031516	1657466247908	67.0	-23.0	1.0	1.0	
1507566031535	1657486389510	67.0	-23.0	1.0	1.0	
1507566031552	1657506531111	67.0	-23.0	1.0	1.0	
1507566031569	1657526672713	67.0	-23.0	1.0	1.0	
1507566031587	1657546814315	67.0	-23.0	1.0	1.0	
1507566031605	1657566955916	67.0	-23.0	1.0	1.0	
1507566031623	1657587097518	67.0	-23.0	1.0	1.0	
1507566031659	1657607239119	67.0	-23.0	1.0	1.0	
1507566031677	1657627380721	67.0	-23.0	1.0	1.0	
1507566031696	1657647522322	67.0	-23.0	1.0	1.0	
1507566031712	1657667663924	67.0	-23.0	1.0	1.0	
1507566031730	1657687805525	67.0	-23.0	1.0	1.0	
1507566031748	1657707947127	67.0	-23.0	1.0	1.0	
1507566031766	1657728088729	67.0	-23.0	1.0	1.0	
1507566031784	1657748230330	67.0	-23.0	1.0	1.0	
1507566031819	1657768371932	67.0	-23.0	1.0	1.0	
1507566031837	1657788513533	67.0	-23.0	1.0	1.0	
1507566031856	1657808655135	67.0	-23.0	1.0	1.0	
1507566031873	1657828796736	67.0	-23.0	1.0	1.0	
1507566031891	1657848938338	67.0	-23.0	1.0	1.0	
1507566031908	1657869079940	67.0	-23.0	1.0	1.0	
1507566031928	1657889221541	67.0	-23.0	1.0	1.0	
1507566031947	1657909363143	67.0	-22.114151000976563	1.0	1.0	
1507566031985	1657929504744	67.01019287109375	-22.0	1.0	1.0	
1507566032011	1657949646346	68.0	-22.0	1.0	1.0	
1507566032037	1657969787947	68.0	-22.0	1.0	1.0	
1507566032055	1657989929549	68.0	-22.0	1.0	1.0	
1507566032073	1658010071150	68.0	-22.0	1.0	1.0	
1507566032090	1658030212752	68.0	-22.0	1.0	1.0	
1507566032110	1658050354354	68.0	-22.0	1.0	1.0	
1507566032120	1658070495955	68.0	-22.0	1.0	1.0	
1507566032135	1658090637557	68.0	-22.0	2.0	1.0	
1507566032159	1658110779158	68.0	-22.0	1.8758544921875	1.0	
1507566032178	1658130920760	68.0	-22.24700927734375	1.0	1.0	
1507566032194	1658151062361	68.0	-23.0	1.0	1.0	
1507566032212	1658171203963	68.0	-23.494888305664063	0.5051116943359375	1.0	
1507566032231	1658191345565	68.0	-23.381607055664063	0.6183929443359375	1.0	
1507566032248	1658211487166	68.0	-22.257247924804688	1.0	1.0	
1507566032267	1658231628768	68.0	-21.134368896484375	1.0	1.0	
1507566032287	1658251770369	68.0	-20.010223388671875	1.0	1.0	
1507566032320	1658271911971	68.0	-20.0	2.0	1.0	
1507566032337	1658292053572	68.0	-19.763214111328125	2.0	1.0	
1507566032355	1658312195174	68.0	-19.0	2.0	1.0	
1507566032373	1658332336775	68.0	-19.48468017578125	1.51531982421875	1.0	
1507566032392	1658352478377	68.0	-20.0	1.0	1.0	
1507566032409	1658372619979	68.0	-20.0	1.0	1.0	
1507566032427	1658392761580	68.0	-20.0	1.0	1.0	
1507566032446	1658412903182	68.0	-20.0	1.0	1.0	
1507566032481	1658433044783	68.0	-21.0	0.0	1.0	
1507566032499	1658453186385	68.0	-21.2265625	0.0	1.0	
1507566032517	1658473327986	68.0	-22.350936889648438	0.0	1.0	
1507566032534	1658493469588	68.0	-23.0	0.0	1.0	
1507566032553	1658513611190	68.0	-23.597946166992188	0.0	1.0	
1507566032570	1658533752791	68.0	-23.277694702148438	0.0	1.0	
1507566032587	1658553894393	68.0	-23.0	0.0	1.0	
1507566032607	1658574035994	68.0	-22.030670166015625	0.0	1.0	
1507566032641	1658594177596	68.0	-21.906463623046875	0.0	1.0	
1507566032659	1658614319197	68.0	-21.0	0.0	1.0	
1507566032676	1658634460799	68.0	-20.659286499023438	0.0	1.0	
1507566032694	1658654602400	68.0	-20.0	0.0	1.0	
1507566032714	1658674744002	68.0	-20.587722778320313	-0.5877227783203125	1.0	
1507566032730	1658694885604	68.0	-21.712081909179688	-1.0	1.0	
1507566032749	1658715027205	68.0	-22.0	-1.0	1.0	
1507566032767	1658735168807	68.0	-22.0	-1.0	1.0	
1507566032802	1658755310408	68.0	-21.916671752929688	-2.0	1.0	
1507566032819	1658775452010	68.0	-21.0	-2.0	1.0	
1507566032838	1658795593611	68.0	-20.669509887695313	-2.0	1.0	
1507566032855	1658815735213	68.0	-20.0	-2.0	1.0	
1507566032874	1658835876815	68.0	-20.577499389648438	-2.0	1.0	
1507566032891	1658856018416	68.0	-21.0	-2.0	1.0	
1507566032910	1658876160018	68.8248291015625	-21.0	-2.8248291015625	1.0	
1507566032929	1658896301619	69.0	-21.0	-3.0	1.0	
1507566032963	1658916443221	69.0	-21.0	-3.0	1.0	
1507566032981	1658936584822	69.0	-21.0	-3.0	1.0	
1507566032999	1658956726424	69.0	-21.0	-3.0	1.0	
1507566033017	1658976868025	69.0	-20.555374145507813	-3.0	1.0	
1507566033036	1658997009627	69.0	-20.0	-3.0	1.0	
1507566033052	1659017151229	69.0	-20.0	-2.308349609375	1.0	
1507566033070	1659037292830	69.0	-20.0	-2.0	1.0	
1507566033090	1659057434432	69.0	-20.0	-2.0	1.0	
1507566033123	1659077576033	69.0	-20.0	-2.0	1.0	
1507566033141	1659097717635	69.0	-20.0	-2.0	1.0	
1507566033159	1659117859236	69.0	-19.689956665039063	-2.0	1.0	
1507566033178	1659138000838	69.0	-19.0	-1.5655975341796875	1.0	
1507566033196	1659158142440	69.0	-18.442184448242188	-1.0	1.0	
1507566033212	1659178284041	69.0	-18.0	-1.0	1.0	
1507566033230	1659198425643	69.0	-18.0	-1.0	1.0	
1507566033250	1659218567244	69.0	-18.0	-0.071441650390625	1.0	
1507566033284	1659238708846	69.0	-18.0	0.0	1.0	
1507566033302	1659258850447	69.0	-18.0	0.0	1.0	
1507566033320	1659278992049	68.70018005371094	-18.0	0.0	1.0	
1507566033338	1659299133650	68.0	-18.0	0.0	1.0	
1507566033358	1659319275252	67.452392578125	-18.0	0.547607421875	1.0	
1507566033373	1659339416854	67.0	-18.0	1.0	1.0	
1507566033391	1659359558455	67.0	-18.0	0.204437255859375	1.0	
1507566033410	1659379700057	67.0	-18.0	0.0	1.0	
1507566033444	1659399841658	68.0	-18.0	0.0	1.0	
1507566033462	1659419983260	68.0	-17.833343505859375	0.0	1.0	
1507566033480	1659440124861	68.0	-17.0	0.0	1.0	
1507566033498	1659460266463	68.0	-17.0	0.0	1.0	
1507566033517	1659480408065	68.0	-17.0	0.53741455078125	1.0	
1507566033534	1659500549666	68.0	-17.0	1.0	1.0	
1507566033552	1659520691268	68.0	-17.0	1.0	1.0	
1507566033571	1659540832869	68.0	-17.0	1.0	1.0	
1507566033605	1659560974471	68.0	-17.0	1.0	1.0	
1507566033623	1659581116072	68.0	-17.0	1.0	1.0	
1507566033641	1659601257674	67.72062683105469	-17.0	1.0	1.0	
1507566033659	1659621399275	67.0	-17.0	1.0	1.0	
1507566033678	1659641540877	67.0	-17.0	0.4727935791015625	1.0	
1507566033695	1659661682479	67.0	-17.6507568359375	0.0	1.0	
1507566033712	1659681824080	67.0	-18.0	0.0	1.0	
1507566033730	1659701965682	67.0	-17.10205078125	0.0	1.0	
1507566033766	1659722107283	67.0	-17.0	0.0	1.0	
1507566033786	1659742248885	67.0	-17.0	0.0	1.0	
1507566033802	1659762390486	66.7308349609375	-17.0	0.0	1.0	
1507566033820	1659782532088	66.0	-17.0	0.0	1.0	
1507566033838	1659802673690	66.0	-17.0	0.0	-1.0	
1507566033855	1659822815291	66.0	-16.358856201171875	0.0	-1.0	
1507566033873	1659842956893	66.0	-16.764892578125	0.0	-1.0	
1507566033890	1659863098494	66.0	-17.0	0.0	-1.0	
1507566033926	1659883240096	65.0	-17.0	0.0	-1.0	
1507566033943	1659903381697	64.86372375488281	-17.0	0.0	-1.0	
1507566033961	1659923523299	63.73980712890625	-16.73980712890625	0.0	-1.0	
1507566033980	1659943664900	63.0	-15.61669921875	0.0	-1.0	
1507566033999	1659963806502	63.0	-15.0	0.0	-1.0	
1507566034016	1659983948104	63.0	-14.369049072265625	0.0	1.0	
1507566034036	1660004089705	62.24531555175781	-14.0	0.0	1.0	
1507566034051	1660024231307	62.0	-13.120956420898438	0.0	1.0	
1507566034090	1660044372908	62.0	-13.0	0.0	1.0	
1507566034105	1660064514510	62.12605285644531	-12.873947143554688	0.0	1.0	
1507566034123	1660084656111	63.0	-12.0	0.0	1.0	
1507566034141	1660104797713	63.0	-12.0	0.0	4.0	
1507566034159	1660124939315	63.4974365234375	-12.0	0.0	4.0	
1507566034176	1660145080916	64.0	-12.0	0.0	4.0	
1507566034195	1660165222518	64.74446105957031	-12.0	0.0	4.0	
1507566034215	1660185364119	65.0	-12.0	0.0	4.0	
1507566034232	1660205505721	65.99148559570313	-11.008514404296875	0.0	4.0	
1507566034268	1660225647322	66.11582946777344	-11.0	0.0	4.0	
1507566034286	1660245788924	67.0	-11.0	0.0	4.0	
1507566034301	1660265930525	67.36285400390625	-11.0	0.0	4.0	
1507566034320	1660286072127	68.0	-11.0	0.0	4.0	
1507566034336	1660306213729	68.61053466796875	-11.0	0.0	4.0	
1507566034354	1660326355330	69.0	-11.0	0.0	4.0	
1507566034373	1660346496932	69.85859680175781	-11.0	0.0	4.0	
1507566034390	1660366638533	70.0	-11.0	0.0	4.0	
1507566034426	1660386780135	71.10562133789063	-11.0	0.0	4.0	
1507566034443	1660406921736	72.0	-11.0	0.0	4.0	
1507566034461	1660427063338	72.35383605957031	-11.0	0.0	4.0	
1507566034482	1660447204940	73.0	-11.0	0.0	4.0	
1507566034497	1660467346541	73.60958862304688	-11.0	0.0	4.0	
1507566034515	1660487488143	74.73971557617188	-11.0	0.0	4.0	
1507566034532	1660507629744	75.0	-11.0	0.0	4.0	
1507566034550	1660527771346	76.0	-11.0	0.0	4.0	
1507566034588	1660547912947	77.130126953125	-11.0	0.0	4.0	
1507566034605	1660568054549	78.0	-11.0	0.0	4.0	
1507566034621	1660588196150	78.39039611816406	-11.0	0.0	4.0	
1507566034640	1660608337752	79.0	-11.0	0.0	4.0	
1507566034657	1660628479354	79.65068054199219	-11.0	0.0	4.0	
1507566034675	1660648620955	80.0	-11.780807495117188	0.0	4.0	
1507566034694	1660668762557	80.0	-12.0	0.0	4.0	
1507566034729	1660688904158	80.0	-12.0	0.0	4.0	
1507566034748	1660709045760	80.0	-12.0	0.0	4.0	
1507566034765	1660729187361	80.0	-12.0	0.0	4.0	
1507566034784	1660749328963	80.0	-12.0	0.0	4.0	
1507566034803	1660769470565	80.0	-12.0	0.0	4.0	
1507566034819	1660789612166	80.0	-12.0	0.0	4.0	
1507566034838	1660809753768	80.0	-12.0	0.0	4.0	
1507566034854	1660829895369	80.0	-11.047958374023438	0.0	4.0	
1507566034891	1660850036971	80.0	-11.0	0.0	4.0	
1507566034909	1660870178572	80.0	-11.212326049804688	0.0	4.0	
1507566034925	1660890320174	80.0	-12.0	0.0	4.0	
1507566034943	1660910461775	80.0	-12.47259521484375	0.0	4.0	
1507566034963	1660930603377	79.39726257324219	-12.397262573242188	-0.6027374267578125	4.0	
1507566034981	1660950744979	79.0	-12.0	-1.0	4.0	
1507566034999	1660970886580	79.0	-12.0	-1.0	4.0	
1507566035015	1660991028182	78.00685119628906	-12.0	-1.0	4.0	
1507566035051	1661011169783	78.0	-11.876724243164063	-1.0	4.0	
1507566035070	1661031311385	78.0	-11.0	-1.0	4.0	
1507566035086	1661051452986	78.0	-11.0	-1.0	4.0	
1507566035104	1661071594588	78.0	-11.0	-1.0	4.0	
1507566035123	1661091736190	78.64382934570313	-11.0	-1.0	4.0	
1507566035140	1661111877791	79.0	-11.0	-1.0	4.0	
1507566035158	1661132019393	79.0	-11.0	-1.0	4.0	
1507566035193	1661152160994	79.03424072265625	-11.0	-1.0	4.0	
1507566035212	1661172302596	80.0	-11.0	-1.0	4.0	
1507566035230	1661192444197	80.0	-11.0	-1.0	4.0	
1507566035250	1661212585799	80.42465209960938	-11.0	-1.0	4.0	
1507566035268	1661232719907	81.0	-11.554794311523438	-1.0	4.0	
1507566035285	1661252861509	81.0	-12.684921264648438	-1.0	4.0	
1507566035301	1661273003111	81.0	-13.8150634765625	-1.0	4.0	
1507566035319	1661293144712	81.9451904296875	-14.9451904296875	-1.0	4.0	
1507566035355	1661313286314	82.0	-15.075332641601563	-1.0	4.0	
1507566035374	1661333427915	82.0	-16.0	-1.0	4.0	
1507566035390	1661353569517	82.0	-16.335601806640625	-1.0	4.0	
1507566035408	1661373711118	82.0	-17.0	-1.0	4.0	
1507566035425	1661393852720	82.0	-17.0	-1.0	4.0	
1507566035444	1661413994322	82.72601318359375	-17.0	-1.0	4.0	
1507566035461	1661434135923	83.0	-17.0	-1.0	4.0	
1507566035479	1661454277525	83.0	-17.0	-1.0	4.0	
1507566035515	1661474419126	83.0	-17.0	-1.0	4.0	
1507566035533	1661494560728	83.0	-17.0	-1.0	4.0	
1507566035552	1661514702329	83.0	-17.0	-1.0	4.0	
1507566035569	1661534843931	83.0	-17.0	-1.0	4.0	
1507566035587	1661554985532	83.0	-17.0	-1.0	4.0	
1507566035605	1661575127134	83.0	-17.0	-1.0	4.0	
1507566035622	1661595268736	83.89724731445313	-17.0	-1.0	4.0	
1507566035658	1661615410337	84.0	-17.0	-1.0	4.0	
1507566035676	1661635551939	84.0	-17.15753173828125	-1.0	4.0	
1507566035694	1661655693540	84.0	-18.0	-1.0	4.0	
1507566035713	1661675835142	84.0	-18.0	-1.0	4.0	
1507566035730	1661695976743	84.0	-18.0	-1.0	4.0	
1507566035747	1661716118345	84.0	-18.0	-1.678070068359375	4.0	
1507566035768	1661736259947	84.0	-18.0	-2.0	4.0	
1507566035784	1661756401548	84.0	-18.0	-1.0616455078125	4.0	
1507566035821	1661776543150	84.0	-19.0	-1.0	102.0	
1507566035838	1661796684751	84.0	-19.0	-1.0	102.0	
1507566035856	1661816826353	84.0	-19.0	-1.328765869140625	102.0	
1507566035873	1661836967954	84.0	-18.541107177734375	-2.0	102.0	
1507566035890	1661857109556	84.0	-18.0	-2.0	102.0	
1507566035908	1661877251157	84.0	-18.0	-2.0	102.0	
1507566035927	1661897392759	84.0	-18.0	-2.0	102.0	
1507566035944	1661917534361	84.0	-18.0	-2.0	102.0	
1507566035979	1661937675962	84.0	-17.0	-2.0	102.0	
1507566035997	1661957817564	84.0	-17.0	-2.0	102.0	
1507566036015	1661977959165	84.36985778808594	-17.0	-2.0	102.0	
1507566036035	1661998100767	85.0	-16.5	-2.0	102.0	
1507566036052	1662018242368	85.0	-16.0	-2.0	102.0	
1507566036072	1662038383970	85.0	-16.0	-2.0	102.0	
1507566036090	1662058525572	85.0	-16.0	-2.0	102.0	
1507566036124	1662078667173	85.0	-16.0	-2.0	102.0	
1507566036141	1662098808775	85.0	-16.0	-2.0	102.0	
1507566036159	1662118950376	85.0	-16.0	-1.7191925048828125	102.0	
1507566036176	1662139091978	85.0	-16.0	-1.0	102.0	
1507566036195	1662159233579	85.0	-16.0	-1.0	102.0	
1507566036213	1662179375181	85.0	-16.0	-1.6712188720703125	102.0	
1507566036230	1662199516782	85.0	-16.0	-2.0	102.0	
1507566036251	1662219658384	85.0	-16.0	-2.0	102.0	
1507566036284	1662239799986	85.0	-16.0	-2.0	102.0	
1507566036302	1662259941587	85.0	-16.0	-2.0	102.0	
1507566036319	1662280083189	84.67808532714844	-16.0	-2.0	102.0	
1507566036338	1662300224790	84.0	-16.0	-2.0	102.0	
1507566036357	1662320366392	84.0	-16.0	-2.0	102.0	
1507566036373	1662340507993	84.0	-16.0	-2.0	102.0	
1507566036391	1662360649595	84.0	-16.0	-2.0	102.0	
1507566036410	1662380791197	84.0	-16.0	-2.0	102.0	
1507566036445	1662400932798	84.0	-16.0	-2.0	102.0	
1507566036462	1662421074400	84.0	-16.0	-2.0	102.0	
1507566036480	1662441216001	84.36300659179688	-16.0	-2.0	102.0	
