1501963062949	697153823050975	-0.06366393328493225	-0.12871886141356015	-0.2944301301801415	-1.0	
1501963062967	697153843192577	-0.14079931069044582	-0.007088858662098296	-0.2559054322691132	-1.0	
1501963062985	697153863334178	-0.1568533157398566	-0.13059784474217828	-0.26806663097154004	-1.0	
1501963063020	697153883475780	-0.01861009399813529	0.08798998592500773	-0.19367693758973203	-1.0	
1501963063038	697153903617381	-0.07727821191725825	0.4416932582712567	-0.20453871804053492	-1.0	
1501963063060	697153923758983	-0.05017706172130654	0.4520362472420061	-0.16930724396367758	-1.0	
1501963063074	697153943900584	-0.07904545797079532	0.31826962279360504	-0.12979393970219189	-1.0	
1501963063092	697153964042186	0.12415377034211372	0.19448386229738368	-0.14907440957425333	-1.0	
1501963063109	697153984183788	0.251483660804941	-0.06816779297459341	-0.08710620734690266	-1.0	
1501963063127	697154004325389	0.3878568505189528	-0.21492241797342526	-0.1414623096275216	-1.0	
1501963063148	697154024466991	0.33863020697766233	0.046641167183759435	-0.23545988676451746	-1.0	
1501963063163	697154044608592	0.37701988823837995	0.2373617618720072	-0.2487560930053636	-1.0	
1501963063211	697154064750194	0.28102264887195405	0.9178190969976061	-0.5167905189355411	-1.0	
1501963063218	697154084891795	0.22650268941006324	1.4789940471293352	-2.569157512804683	-1.0	
1501963063235	697154105033397	-0.15893456722194932	0.5914593978597189	-0.3099646821187463	-1.0	
1501963063252	697154125174998	0.21268388919119063	0.8170029675065251	0.6157123363362533	-1.0	
1501963063270	697154145316600	0.6099786543217025	0.9401136044739715	0.7032144003190028	-1.0	
1501963063326	697154165458202	0.7160957164261121	0.32801861795417686	0.1085676140052021	-1.0	
1501963063328	697154185599803	0.4415899520471398	-0.08863491032415816	-0.17308243223333797	-1.0	
1501963063331	697154205741405	0.15450487179396188	-0.31115451029057617	-0.0941666293804202	-1.0	
1501963063361	697154225883006	-0.06722862209608049	-0.13475124495121094	0.24921503633941366	-1.0	
1501963063378	697154246024608	0.04682745388563547	-0.24281076158596804	0.2939643142277806	-1.0	
1501963063395	697154266166209	0.29029399435850833	-0.3785137459875241	0.3045928381009748	-1.0	
1501963063413	697154286307811	0.26835580095555667	-0.40242037179001855	0.25391596969953056	-1.0	
1501963063431	697154306449413	0.1514278048269455	-0.3833620786820138	0.26253218982212445	-1.0	
1501963063449	697154326591014	0.07844204854905645	-0.43139669419561066	0.23600231435769992	-1.0	
1501963063467	697154346732616	0.020749244307995074	-0.43978288270023924	0.2442950155486603	-1.0	
1501963063485	697154366874217	-0.09509494049110412	-0.6040601928789417	0.2746840593139286	-1.0	
1501963063520	697154387015819	-0.1583147219241332	-0.2883873144594027	0.2029992005761434	-1.0	
1501963063538	697154407157420	-0.13592912128930656	-0.33080750781752144	0.3520477979609149	-1.0	
1501963063556	697154427299022	-0.0880035509376953	-0.2400976664102661	0.3580542539937319	-1.0	
1501963063578	697154447440623	-0.04274170793765619	-0.26030323078446216	0.29209525866373554	-1.0	
1501963063592	697154467582225	-0.05103906947512482	-0.381570221346319	0.3215180038059886	-1.0	
1501963063610	697154487723827	-0.23398311104884995	-0.6960520755145554	0.1348999499197916	-1.0	
1501963063627	697154507865428	-0.25322652790157996	-0.7807064065053941	-0.03531734475166637	-1.0	
1501963063645	697154528007030	-0.15127506997751383	-0.44553680489181513	0.05226370232366673	-1.0	
1501963063688	697154548148631	-0.17907669660701098	-0.18317504938220175	0.11317326654643356	-1.0	
1501963063699	697154568290233	-0.03312952134810887	-0.2780585941932614	0.41298734370589685	-1.0	
1501963063717	697154588431834	0.0075540001090130815	-0.30784726597960876	0.34083909371471677	-1.0	
1501963063736	697154608573436	0.02259593446221042	-0.09763279325243701	0.4586209820030236	-1.0	
1501963063752	697154628715038	0.20127987256976843	0.7165959138355511	0.6979026449774182	-1.0	
1501963063770	697154648856639	0.8111825894620646	0.8298563209121905	0.6763396941069342	-1.0	
1501963063788	697154668998241	0.9922932395384017	-0.08620039248899758	0.23004880606679734	-1.0	
1501963063806	697154689139842	0.0073721892869711425	-0.7788602163349481	0.6134824042284377	-1.0	
1501963063846	697154709281444	-0.735813674351673	0.30308370193204226	2.90597147025775	-1.0	
1501963063864	697154729423045	-0.9765171504188386	-1.1651380189231162	-1.2730988003562995	-1.0	
1501963063878	697154749564647	-0.4669437008038211	-1.7139341456072428	-0.50586917700379	-1.0	
1501963063895	697154769706248	0.07382052763819313	-1.0211839375795435	0.12491891620946838	-1.0	
1501963063913	697154789847850	0.22542605101680446	-0.47551648600113516	0.47969587515507506	-1.0	
1501963063939	697154809989452	-0.08401462793655656	0.03107362760534116	0.45991636809280934	-1.0	
1501963063949	697154830131053	-0.18747537422424543	0.23827442942802257	0.16464940306799747	-1.0	
1501963063968	697154850272655	0.09517350921435375	0.3930243286986679	0.18312333104814815	-1.0	
1501963064003	697154870414256	0.2210606823714829	0.4480376270214341	0.0562887039010187	-1.0	
1501963064028	697154890555858	-0.10430379785281363	0.38187980864839766	-0.031043255629184863	-1.0	
1501963064038	697154910697459	-0.1611529992197509	0.22969818285621812	-0.3724420263783479	-1.0	
1501963064063	697154930839061	0.05608736624919941	0.05408325331622432	-0.42230664844642885	-1.0	
1501963064074	697154950980663	0.20856618206185962	0.18716308702797946	-0.5155674867258933	-1.0	
1501963064092	697154971122264	0.025556558930737605	-0.10232031162761679	-0.670412973755715	-1.0	
1501963064114	697154991263866	0.24272307917584013	0.036503125697906036	-0.33186260556707214	-1.0	
1501963064128	697155011405467	0.09646117818442201	-0.08317542912917553	-0.3298943813286579	-1.0	
1501963064163	697155031547069	-0.003885744952462522	-0.23358135892834042	-0.30253855193792667	-1.0	
1501963064181	697155051688670	0.1298870095067799	-0.05653061448642305	-0.14973347826909134	-1.0	
1501963064215	697155071830272	-0.08808257989457613	0.3397974810671114	-0.3102164701152734	-1.0	
1501963064218	697155091971873	-0.6231882318844111	0.8231319301661886	-0.2624676096859684	-1.0	
1501963064234	697155112113475	-0.027725390195028954	0.34388152069545086	-0.4412118807175247	-1.0	
1501963064255	697155132255077	0.5119139261252268	-0.18528296703738967	-0.5048615944177692	-1.0	
1501963064271	697155152396678	0.6527440315251813	-0.19905645175491138	-0.29456310365921556	-1.0	
1501963064288	697155172538280	0.6830838970951452	-0.17653031765392946	0.09761367722887737	-1.0	
1501963064306	697155192679881	0.5860545200198661	-0.09054066037314357	0.18640393006435207	-1.0	
1501963064342	697155212821483	0.36330162382839326	0.1661661045139855	0.05183310498898219	-1.0	
1501963064360	697155232963084	0.1178995998439647	-0.04319016326381231	0.0880485152411854	-1.0	
1501963064382	697155253104686	0.021077492375171758	-0.07066052904855002	0.2507976989116987	-1.0	
1501963064395	697155273246288	-0.01840411938111286	-0.12720713417633966	0.6276523192856089	-1.0	
1501963064413	697155293387889	-0.07501382284864011	0.06506778875267827	0.8409768358972372	-1.0	
1501963064431	697155313529491	-0.24506965202891218	-0.05359762446660721	0.7719758046552894	-1.0	
1501963064450	697155333671092	-0.35156109271687974	-0.19945768941703523	0.6436670695054811	-1.0	
1501963064467	697155353812694	-0.2867298312047539	-0.24079173747112836	0.7163496712293842	-1.0	
1501963064503	697155373954295	-0.16524812277630319	-0.3722964759144034	0.355428369796007	-1.0	
1501963064520	697155394095897	-0.18178345915854255	-0.07742702448152272	0.2606488481805549	-1.0	
1501963064538	697155414237498	-0.310734384514334	0.14578543119603182	0.027159215263194092	-1.0	
1501963064557	697155434379100	-0.2575962966739671	0.4214989504255753	-0.15703239341444508	-1.0	
1501963064574	697155454520702	-0.15408729124542364	0.5890668361217095	-0.2688876334815564	-1.0	
1501963064592	697155474662303	-0.162185848621339	0.4817759298348676	-0.38556909116024496	-1.0	
1501963064610	697155494803905	-0.12438979217832125	0.39616293136789427	-0.47299384714694614	-1.0	
1501963064628	697155514945506	-0.070019646242657	0.32425456384431506	-0.38355865193630656	-1.0	
1501963064663	697155535087108	0.0017357478496242695	0.1969402721692024	-0.2964953590490458	-1.0	
1501963064681	697155555228709	0.012973070935949238	-0.038346219764638256	-0.3039199200517366	-1.0	
1501963064699	697155575370311	0.08884525362375939	-0.1309821515929599	-0.30099726416638983	-1.0	
1501963064717	697155595511913	0.013874054461507468	-0.1377324986181181	-0.32652779180186187	-1.0	
1501963064735	697155615653514	-0.07410583455579411	-0.09103316686324447	-0.18630768266023967	-1.0	
1501963064753	697155635795116	-0.1474682613946352	0.22240051729065513	-0.19947339222194138	-1.0	
1501963064771	697155655936717	-0.14733251927195812	0.16855762086377357	0.033206930753696184	-1.0	
1501963064788	697155676078319	-0.27914531229256667	0.0558543974722685	-0.3674285960220436	-1.0	
1501963064824	697155696219920	-0.2067513084278032	0.03981291250906427	-0.10062012291138522	-1.0	
1501963064842	697155716361522	-0.11132389830474243	0.10815648235100106	-0.14942920379785818	-1.0	
1501963064860	697155736503123	-0.0129482788000439	0.034547646818301025	-0.15905752319453637	-1.0	
1501963064878	697155756644725	0.029045673834964925	-0.145140202857859	-0.10250236621187891	-1.0	
1501963064900	697155776786327	0.12643478125547203	-0.12040903728628649	-0.14435540859450313	-1.0	
1501963064913	697155796927928	0.22637975859812776	-0.06049959311027919	0.07852202078064696	-1.0	
1501963064931	697155817069530	0.1838015607847523	-0.2376941080819739	0.18536400334326775	-1.0	
1501963064949	697155837211131	0.08476097519030179	-0.26996485677807947	0.4178956948621142	-1.0	
1501963064985	697155857352733	0.0535143465584913	-0.3416310651099632	0.307522122295941	-1.0	
1501963065003	697155877494334	-0.015110886034457094	-0.3007096372442204	0.4917086158055035	-1.0	
1501963065021	697155897635936	-0.059195642421315586	-0.3341956394828758	0.633979685613153	-1.0	
1501963065039	697155917777538	-0.03445368190580256	-0.16450006627380098	0.46674185395927204	-1.0	
1501963065056	697155937919139	-0.03967232052464209	0.04326566963720957	0.18121819019866692	-1.0	
1501963065082	697155958060741	-0.02698932126346376	0.0634821646160173	0.1794105873151839	-1.0	
1501963065092	697155978202342	-0.08411587107327101	-0.05348672924468545	0.11753970032089711	-1.0	
1501963065110	697155998343944	-0.17749777498361685	-0.035050125583248715	0.08747658447546769	-1.0	
1501963065150	697156018485545	-0.3889586692056435	0.030004333127150673	0.20353839648662397	-1.0	
1501963065163	697156038627147	-0.31937006036451465	0.15273881806422018	0.08005483828304882	-1.0	
1501963065181	697156058768748	-0.2657011264166116	0.09313832007637579	-0.31906159812356094	-1.0	
1501963065199	697156078910350	-0.4890257448832893	0.06732071465485046	-0.8971804308425995	-1.0	
1501963065217	697156099051952	-0.3067235255941314	0.06551428656763036	-0.25720967670532957	-1.0	
1501963065235	697156119193553	-0.18237833219405508	0.07548271831660447	0.31032112582323634	-1.0	
1501963065253	697156139335155	0.01938053736975598	0.03530072543453411	0.23861334597108907	-1.0	
1501963065272	697156159476756	0.06169583614580487	0.06845054128512729	0.12798784474562108	-1.0	
1501963065393	697156179618358	0.1131017861041439	0.054272151778102184	0.25353773673399704	-1.0	
1501963065397	697156199759959	0.3181303546645653	0.09540746751623175	0.14755675188719763	-1.0	
1501963065410	697156219901561	0.23278797513790228	0.006001266981734865	0.1476474522910074	-1.0	
1501963065411	697156240043163	0.18154288011032182	-0.044527599695862286	0.07652860636405556	-1.0	
1501963065413	697156260184764	0.10653801502575755	-0.10285840788169054	-0.008357193033755372	-1.0	
1501963065418	697156280326366	0.07060638858310608	0.006763566663397391	-0.1291955200520043	-1.0	
1501963065420	697156300467967	0.009219485866484689	0.04332589239321827	-0.26213327151035415	-1.0	
1501963065442	697156320609569	0.011525979318187662	0.14150885844582461	-0.30262653908328385	-1.0	
1501963065471	697156340751170	-0.11920939232669969	0.12808745785040987	-0.34652017657912726	-1.0	
1501963065485	697156360892772	-0.1140198576113598	0.16499438034282754	-0.2421087193883018	-1.0	
1501963065503	697156381034373	-0.0812305345265878	0.22293788708676132	-0.5338481083231414	-1.0	
1501963065520	697156401175975	-0.04479399793377015	0.10894112998190852	-0.5827059280647635	-1.0	
1501963065538	697156421317577	-0.026399163190766073	0.15745319695427717	-0.35781513307681045	-1.0	
1501963065556	697156441459178	-0.04914667430261299	0.16423160053217156	-0.16950405958644765	-1.0	
1501963065574	697156461600780	-0.13367769100459048	0.18486428433198743	-0.07351828673165794	-1.0	
1501963065592	697156481742381	-0.14840943795992234	0.12691974777808923	0.04111212842717382	-1.0	
1501963065610	697156501883983	-0.18927198396168787	0.007907868534971385	0.06389556211673941	-1.0	
1501963065648	697156522025584	-0.09459385670060017	0.09829406826547782	0.08438060984964135	-1.0	
1501963065669	697156542167186	-0.15569217520423018	0.04577392648738243	-0.03748818790153674	-1.0	
1501963065684	697156562308788	-0.09274221672588412	-0.029066893966343876	0.033791187960020785	-1.0	
1501963065701	697156582450389	-0.13712101947445732	-3.287104855758116E-4	-0.09022779181948337	-1.0	
1501963065717	697156602591991	-0.18508744057956583	0.11755929723653935	-0.04867149126808634	-1.0	
1501963065735	697156622733592	-0.18159046027615267	0.12601765263298148	-0.05954266176446943	-1.0	
1501963065753	697156642875194	-0.2002162158771721	0.19254996195013518	-0.14771957863032625	-1.0	
1501963065771	697156663016795	-0.046745238326737715	0.21512395393510886	-0.351708377748011	-1.0	
1501963065810	697156683158397	0.045001270276109784	0.2310102959605871	-0.3855048857921588	-1.0	
1501963065824	697156703299998	0.08932132872088783	0.22069690864347002	-0.26583799066497704	-1.0	
1501963065844	697156723441600	0.12045608641421035	0.17008780035227566	-0.19838816596948217	-1.0	
1501963065861	697156743583202	0.17727307225636824	0.11476897075057124	-0.2462715679318359	-1.0	
1501963065878	697156763724803	0.13810752030509466	0.06964720785045664	-0.20738102387671908	-1.0	
1501963065896	697156783866405	0.13613298890032577	0.02438231706161531	-0.14432278785137598	-1.0	
1501963065918	697156804008006	0.18501723096401057	-0.08516943931945775	-0.1064006130936006	-1.0	
1501963065932	697156824149608	0.10556993711495855	0.008085151669433799	-0.0632576975061303	-1.0	
1501963065967	697156844291209	0.13824012937946684	0.001939312741797039	-0.0079914119111546	-1.0	
1501963065985	697156864432811	0.06278936912857347	0.08962518066218728	0.08987151890857703	-1.0	
1501963066003	697156884574413	0.10067094842785873	0.19328217577974982	0.042685789345611624	-1.0	
1501963066021	697156904716014	0.11767054780478703	0.25130542812379986	-0.06983086071101052	-1.0	
1501963066039	697156924857616	0.020467004650079668	0.17360293624903989	-0.09514691513130824	-1.0	
1501963066056	697156944999217	-0.05656340799868631	0.1342436771242319	-0.26636411413629624	-1.0	
1501963066074	697156965140819	-0.06127855843019914	0.07988029326188517	-0.287847150684037	-1.0	
1501963066093	697156985282420	0.06252500481834078	0.14969525023450814	-0.21529969320347941	-1.0	
1501963066128	697157005424022	0.12195603901092267	0.04902866112510651	-0.08754737175028371	-1.0	
1501963066146	697157025565623	0.007354870271238045	-0.026255586724914792	-0.11049199896272732	-1.0	
1501963066168	697157045707225	0.00863047824824048	-0.0057090592236814786	-0.19179936088893168	-1.0	
1501963066182	697157065848827	0.04972664822359252	-0.06971617316019518	-0.08992630511739463	-1.0	
1501963066199	697157085990428	0.014610420141373925	-0.1099843643094065	0.01574206137483447	-1.0	
1501963066217	697157106132030	0.0037293517380991847	-0.09415204222877449	0.014851949881117932	-1.0	
1501963066235	697157126273631	-0.06369132329702065	0.06227602246698005	0.012943571623644345	-1.0	
1501963066253	697157146415233	-0.12608733598136657	0.13723536875483333	0.008865599486415299	-1.0	
1501963066289	697157166556834	-0.1666047320663433	0.016331263753865954	-0.07602519619211812	-1.0	
1501963066312	697157186698436	-0.04451425440307477	0.060428292253092764	-0.00859847726619467	-1.0	
1501963066324	697157206840038	-0.18072859102245986	0.10368931348997457	0.02396838615579444	-1.0	
1501963066342	697157226981639	-0.2815213493804679	0.06918191954197894	-0.009804783262865158	-1.0	
1501963066360	697157247123241	-0.30051004825437433	0.12735481297733386	0.008184005420957874	-1.0	
1501963066378	697157267264842	-0.2042874331347494	0.11095367460061745	0.07527279027426648	-1.0	
1501963066396	697157287406444	-0.16698219260154956	0.08212231468049325	0.04943942362566389	-1.0	
1501963066414	697157307548045	-0.10166436736248963	0.03810996111939424	0.06290358968178111	-1.0	
1501963066449	697157327689647	-0.1134604001399917	-0.011736152198235317	0.022063594401674713	-1.0	
1501963066467	697157347831248	-0.004049570111993361	-0.056263921758588964	0.11811474270883959	-1.0	
1501963066485	697157367972850	0.0020704025041552443	-0.08534316865687153	0.0324068332295715	-1.0	
1501963066503	697157388114452	-0.015201588152925716	0.03225036741825171	-0.10374982638509334	-1.0	
1501963066521	697157408256053	-0.041238418959840484	0.11282421971585066	-0.1378826736080745	-1.0	
1501963066539	697157428397655	-0.015229504699122431	0.05730039139768017	-0.07936131466770924	-1.0	
1501963066556	697157448539256	-0.002295908446797945	0.0756010553056452	-0.11811551657791775	-1.0	
1501963066574	697157468680858	-0.03134112128868838	0.027949105963266163	-0.15573508904358402	-1.0	
1501963066610	697157488822459	-0.0060787564059506805	-0.01400546132313707	5.706201713824299E-4	-1.0	
1501963066628	697157508964061	0.02226101831273941	0.09431320906648999	-0.034553269487894056	-1.0	
1501963066646	697157529105663	0.0973742443376916	0.015330938346941991	-0.08053568199656524	-1.0	
1501963066664	697157549247264	0.012701641563903299	0.018160746771302527	-0.033837725284752374	-1.0	
1501963066686	697157569388866	0.08938494606362257	-0.003879605707957978	-0.010358754446551544	-1.0	
1501963066699	697157589530467	0.14062416778839815	-0.028897141597616027	0.05135655113025894	-1.0	
1501963066717	697157609672069	0.19415216626196852	0.07936031406565647	0.09772586590420662	-1.0	
1501963066735	697157629813670	0.25605415488457484	0.12651315359627624	0.05485305600461565	-1.0	
1501963066771	697157649955272	0.2103364879701598	0.04337360881452135	0.10848205417869217	-1.0	
1501963066789	697157670096873	0.13930190521987784	0.02528726595786779	0.1193662097492032	-1.0	
1501963066807	697157690238475	0.07363634839465227	-0.038852218483706125	0.06703837795561274	-1.0	
1501963066824	697157710380077	-0.07004599940927814	-0.003396227911965255	-0.41220181716675963	-1.0	
1501963066843	697157730521678	-0.07002605733992251	-0.04818817373582185	-0.9006110631084079	-1.0	
1501963066865	697157750663280	0.015829740065562037	-0.07143628117615641	-0.5038262528304758	-1.0	
1501963066878	697157770804881	0.024504612364949607	0.06461611177782522	0.2123564782043692	-1.0	
1501963066911	697157790946483	-0.16192707182679034	0.033614276141010535	0.20788567084474607	-1.0	
