1504720124454	745814656258	314.0	-47.0	1.0	96.0	
1504720124473	745834797860	314.0	-47.0	1.0	96.0	
1504720124489	745854939461	314.0	-47.0	1.0	96.0	
1504720124531	745875081063	314.0	-47.080474853515625	1.0	96.0	
1504720124543	745895222665	314.0	-48.0	1.0	96.0	
1504720124566	745915364266	314.0	-47.65925598144531	1.0	96.0	
1504720124578	745935505868	314.47088623046875	-47.0	1.0	96.0	
1504720124599	745955647469	315.0	-46.39898681640625	1.0	96.0	
1504720124617	745975789071	315.0	-46.73115539550781	1.0	96.0	
1504720124634	745995930672	314.1387023925781	-47.0	1.0	96.0	
1504720124663	746016072274	314.0	-47.0	1.0	96.0	
1504720124686	746036213875	314.0	-48.0	1.0	96.0	
1504720124703	746056355477	314.0	-48.0	1.0	96.0	
1504720124720	746076497079	314.0	-47.6181640625	1.0	96.0	
1504720124740	746096638680	314.0	-47.0	1.0	96.0	
1504720124757	746116770313	314.0	-47.642120361328125	1.0	96.0	
1504720124774	746136911914	314.0	-48.0	1.0	96.0	
1504720124797	746157053516	314.0	-48.0	1.0	96.0	
1504720124828	746177195117	315.0	-48.0	1.0	96.0	
1504720124847	746197336719	315.0	-48.0	1.0	96.0	
1504720124865	746217478321	315.0	-48.0	1.0	96.0	
1504720124881	746237619922	315.0	-48.0	1.0	96.0	
1504720124901	746257761524	315.0	-48.0	1.0	96.0	
1504720124917	746277903125	315.0	-48.0	1.0	96.0	
1504720124936	746298044727	315.0	-48.0	1.0	96.0	
1504720124954	746318186328	315.0	-48.0	1.0	96.0	
1504720124989	746338327930	315.0	-48.0	1.0	96.0	
1504720125007	746358469531	315.0	-48.0	1.0	96.0	
1504720125025	746378611133	315.0	-48.0	1.0	96.0	
1504720125042	746398752735	315.0	-48.0	1.0	96.0	
1504720125065	746418894336	315.0	-48.0	1.0	96.0	
1504720125079	746439035938	315.0	-48.0	1.0	96.0	
1504720125099	746459177539	315.0	-48.0	1.0	96.0	
1504720125115	746479319141	315.0	-47.015411376953125	1.0	96.0	
1504720125150	746499460742	315.0	-47.0	1.0	96.0	
1504720125167	746519602344	315.0	-47.0	1.0	96.0	
1504720125189	746539743946	315.0	-47.375	1.0	96.0	
1504720125202	746559885547	315.0	-48.0	1.0	96.0	
1504720125223	746580027149	315.0	-48.0	1.0	96.0	
1504720125239	746600168750	315.0	-47.23460388183594	1.0	96.0	
1504720125257	746620310352	315.0	-47.0	1.0	96.0	
1504720125292	746640451953	315.0	-47.0	1.0	96.0	
1504720125311	746660593555	315.0	-47.15580749511719	1.0	96.0	
1504720125335	746680735156	315.0	-48.0	1.0	96.0	
1504720125346	746700876758	315.0	-48.0	1.0	96.0	
1504720125365	746721018360	315.0	-48.0	1.0	96.0	
1504720125383	746741159961	315.0	-48.0	1.0	96.0	
1504720125400	746761301563	315.0	-48.0	1.0	96.0	
1504720125418	746781443164	315.0	-48.0	1.0	96.0	
1504720125454	746801584766	315.0	-48.0	1.0	96.0	
1504720125473	746821726367	315.0	-48.0	1.0	96.0	
1504720125489	746841867969	315.0	-48.0	1.0	96.0	
1504720125505	746862009571	315.0	-48.0	1.0	96.0	
1504720125526	746882151172	315.0	-48.0	1.0	96.0	
1504720125545	746902292774	315.0	-48.0	1.0	96.0	
1504720125560	746922434375	315.0	-48.0	1.0	96.0	
1504720125580	746942575977	315.0	-48.0	1.0	96.0	
1504720125615	746962717578	315.0	-48.0	1.0	96.0	
1504720125633	746982859180	315.0	-48.0	1.0	96.0	
1504720125650	747003000781	315.0	-48.0	1.0	96.0	
1504720125667	747023142383	315.0	-48.0	1.4982757568359375	96.0	
1504720125686	747043283985	315.0	-48.0	2.0	96.0	
1504720125705	747063425586	315.0	-48.0	2.0	96.0	
1504720125721	747083567188	315.0	-48.0	2.0	96.0	
1504720125758	747103708789	315.0	-48.0	2.0	96.0	
1504720125775	747123850391	315.0	-48.0	2.0	96.0	
1504720125795	747143991992	315.0	-48.0	2.0	96.0	
1504720125810	747164133594	315.0	-48.0	2.0	96.0	
1504720125828	747184275196	315.0	-48.0	2.0	96.0	
1504720125849	747204416797	315.0	-48.0	2.0	96.0	
1504720125870	747224558399	315.0	-48.0	1.200347900390625	96.0	
1504720125883	747244700000	315.0	-48.0	1.0	96.0	
1504720125919	747264841602	315.0	-48.0	1.0	96.0	
1504720125935	747284983203	315.0	-48.0	1.0	96.0	
1504720125953	747305124805	315.3201904296875	-47.6798095703125	1.0	96.0	
1504720125969	747325266406	315.5496826171875	-47.0	1.0	96.0	
1504720125990	747345408008	315.0	-47.580474853515625	1.0	96.0	
1504720126017	747365549610	315.0	-48.0	1.0	96.0	
1504720126026	747385691211	315.0	-48.0	1.0	96.0	
1504720126042	747405832813	315.0	-48.0	1.0	96.0	
1504720126079	747425974414	315.0	-48.0	1.0	96.0	
1504720126098	747446116016	315.0	-48.0	1.0	96.0	
1504720126114	747466257617	315.0	-48.0	1.0	96.0	
1504720126136	747486399219	315.0	-48.0	1.0	96.0	
1504720126150	747506540821	315.0	-48.0	1.0	96.0	
1504720126169	747526682422	315.751708984375	-48.0	1.0	96.0	
1504720126187	747546824024	316.0	-48.0	1.0	96.0	
1504720126221	747566965625	316.0	-48.0	1.0	96.0	
1504720126239	747587107227	316.0	-48.0	1.0	96.0	
1504720126257	747607248828	316.0	-48.0	1.0	96.0	
1504720126274	747627390430	316.0	-48.0	1.0	96.0	
1504720126293	747647532031	316.0	-48.0	1.0	96.0	
1504720126310	747667673633	316.0	-48.0	1.0	96.0	
1504720126329	747687815235	316.0	-48.0	1.7928009033203125	96.0	
1504720126347	747707956836	316.0	-48.0	2.0	96.0	
1504720126385	747728098438	316.0	-48.0	2.0	96.0	
1504720126403	747748240039	316.0	-48.0	2.0	96.0	
1504720126419	747768381641	316.0	-48.0	2.0	96.0	
1504720126435	747788523242	316.0	-48.0	2.0	96.0	
1504720126452	747808664844	316.0	-48.0	2.0	96.0	
1504720126471	747828806446	316.0	-48.0	2.0	96.0	
1504720126489	747848948047	316.0	-48.0	2.0	96.0	
1504720126508	747869089649	316.0	-48.0	2.0	96.0	
1504720126542	747889231250	316.0	-48.0	2.0	96.0	
1504720126560	747909372852	316.0	-48.0	2.0	96.0	
1504720126578	747929514453	316.0	-48.0	2.0	96.0	
1504720126594	747949656055	316.0	-48.0	2.0	96.0	
1504720126613	747969797656	316.0	-48.0	2.0	96.0	
1504720126632	747989939258	316.0	-48.0	2.0	96.0	
1504720126653	748010080860	316.0	-48.0	2.0	96.0	
1504720126685	748030222461	316.0	-48.0	2.0	96.0	
1504720126703	748050364063	316.13525390625	-48.0	2.0	96.0	
1504720126721	748070505664	317.0	-48.0	2.0	96.0	
1504720126739	748090647266	317.0	-48.0	2.0	96.0	
1504720126756	748110788867	317.0	-48.0	2.0	96.0	
1504720126776	748130930469	317.0	-48.0	2.0	96.0	
1504720126793	748151072071	317.0	-48.0	2.0	96.0	
1504720126810	748171213672	317.0	-48.0	2.0	96.0	
1504720126846	748191355274	317.0	-48.0	2.0	96.0	
1504720126864	748211496875	317.0	-48.0	2.0	96.0	
1504720126882	748231638477	317.0	-48.0	2.0	96.0	
1504720126903	748251780078	317.0	-48.0	2.0	96.0	
1504720126916	748271921680	317.0	-48.0	2.0	96.0	
1504720126937	748292063281	317.0	-48.0	2.0	96.0	
1504720126953	748312204883	317.0	-48.0	2.0	96.0	
1504720126971	748332346485	317.0	-48.0	2.0	96.0	
1504720127006	748352488086	317.0	-47.0	2.0	96.0	
1504720127024	748372629688	317.0	-47.0	2.0	96.0	
1504720127043	748392771289	317.0	-47.0	2.0	96.0	
1504720127059	748412912891	317.0	-47.47773742675781	2.0	96.0	
1504720127078	748433054492	317.0	-47.39213562011719	2.0	96.0	
1504720127103	748453196094	317.0	-47.0	2.0	96.0	
1504720127113	748473337696	317.0	-47.0	2.0	96.0	
1504720127131	748493479297	317.0	-47.0	2.0	96.0	
1504720127170	748513620899	317.0	-47.0	2.0	96.0	
1504720127184	748533762500	317.0	-47.0	2.0	96.0	
1504720127202	748553904102	317.388671875	-47.0	2.0	96.0	
1504720127219	748574045703	318.0	-47.0	2.0	96.0	
1504720127238	748594187305	318.0	-47.0	2.0	96.0	
1504720127257	748614328906	318.0	-47.0	2.0	96.0	
1504720127274	748634470508	318.0	-47.0	2.0	96.0	
1504720127311	748654612110	318.0	-47.0	2.0	96.0	
1504720127328	748674753711	318.0	-47.0	2.0	96.0	
1504720127346	748694895313	318.0	-47.0	2.0	96.0	
1504720127364	748715036914	318.0	-47.0	2.0	96.0	
1504720127381	748735178516	318.0	-47.0	2.0	96.0	
1504720127398	748755320117	318.0	-47.0	2.0	96.0	
1504720127422	748775461719	318.0	-47.0	2.0	96.0	
1504720127436	748795603321	318.0	-47.0	2.0	96.0	
1504720127453	748815744922	318.0	-47.0	2.9225616455078125	96.0	
1504720127490	748835886524	318.0	-47.0	3.0	96.0	
1504720127508	748856028125	318.0	-47.0	3.0	96.0	
1504720127524	748876169727	318.0	-47.0	2.81219482421875	96.0	
1504720127542	748896311328	318.0	-47.0	2.0	96.0	
1504720127559	748916452930	318.0	-47.0	2.0	96.0	
1504720127579	748936594531	318.0	-47.0	2.0	96.0	
1504720127597	748956736133	318.0	-47.0	2.0	96.0	
1504720127614	748976877735	318.0	-47.0	2.0	96.0	
1504720127634	748997019336	318.0	-47.0	2.0	96.0	
1504720127650	749017160938	318.0	-47.0	2.0	96.0	
1504720127668	749037302539	318.0	-47.0	2.0	96.0	
1504720127689	749057444141	318.0	-47.0	2.0	96.0	
1504720127722	749077585742	318.0	-48.0	2.0	96.0	
1504720127739	749097727344	318.0	-48.0	2.0	96.0	
1504720127757	749117868946	318.0	-48.0	2.0	96.0	
1504720127774	749138010547	318.0	-48.0	2.0	96.0	
1504720127794	749158152149	318.0	-48.0	2.0	96.0	
1504720127811	749178293750	318.0	-48.0	2.0	96.0	
1504720127830	749198435352	318.0	-48.0	2.0	96.0	
1504720127863	749218576953	318.0	-48.0	2.0	96.0	
1504720127881	749238718555	318.0	-48.0	2.16094970703125	96.0	
1504720127901	749258860156	318.0	-48.0	3.0	96.0	
1504720127918	749279001758	318.0	-48.0	3.0	96.0	
1504720127935	749299143360	318.0	-48.0	3.0	96.0	
1504720127958	749319284961	318.0	-48.0	3.0	96.0	
1504720127971	749339426563	318.0	-48.0	3.0	96.0	
1504720127989	749359568164	318.0	-48.0	3.0	96.0	
1504720128024	749379709766	318.0	-48.0	3.0	96.0	
1504720128042	749399851367	318.0	-48.0	3.0	96.0	
1504720128061	749419992969	318.0	-48.0	3.0	96.0	
1504720128079	749440134571	318.0	-48.0	3.0	96.0	
1504720128096	749460276172	318.0	-48.0	3.0	96.0	
1504720128113	749480417774	318.0	-48.0	3.0	-1.0	
1504720128131	749500559375	318.0	-48.0	3.0	-1.0	
1504720128167	749520700977	318.0	-48.0	3.0	-1.0	
1504720128185	749540842578	318.0	-48.0	3.0	-1.0	
1504720128202	749560984180	318.0	-48.0	3.0	-1.0	
1504720128224	749581125781	318.0	-48.0	3.0	-1.0	
1504720128237	749601267383	318.0	-48.0	3.0	-1.0	
1504720128255	749621408985	318.0	-48.0	3.0	-1.0	
1504720128273	749641550586	318.0	-48.0	3.0	-1.0	
1504720128291	749661692188	318.0	-48.0	3.0	-1.0	
1504720128327	749681833789	318.0	-48.0	4.0	-1.0	
1504720128345	749701975391	318.0	-47.77320861816406	3.7732086181640625	-1.0	
1504720128363	749722116992	318.0	-47.0	3.0	-1.0	
1504720128380	749742258594	318.0	-47.0	3.0	-1.0	
1504720128398	749762400196	318.0	-47.0	3.0	-1.0	
1504720128416	749782541797	318.0	-47.0	3.0	-1.0	
1504720128434	749802683399	318.0	-47.0	3.0	-1.0	
1504720128473	749822825000	318.0	-47.0	3.0	-1.0	
1504720128489	749842966602	318.0	-47.0	3.0	-1.0	
1504720128505	749863108203	318.0	-47.0	3.0	-1.0	
1504720128523	749883249805	318.0	-47.0	3.0	-1.0	
1504720128541	749903391406	318.0	-47.0	3.0	-1.0	
1504720128559	749923533008	318.0	-47.0	3.0	-1.0	
1504720128577	749943674610	318.0	-47.0	3.0	96.0	
1504720128596	749963816211	318.0	-47.0	3.0	96.0	
1504720128631	749983957813	318.0	-47.0	4.0	96.0	
1504720128651	750004099414	318.0	-47.0	4.0	96.0	
1504720128668	750024241016	318.0	-47.0	4.0	96.0	
1504720128684	750044382617	318.0	-47.0	4.0	96.0	
1504720128705	750064524219	318.0	-47.0	4.0	96.0	
1504720128720	750084665821	318.0	-47.0	4.0	96.0	
1504720128743	750104807422	318.0	-47.0	4.0	96.0	
1504720128775	750124949024	318.0	-47.0	4.0	96.0	
1504720128793	750145090625	318.0	-47.0	4.0	96.0	
1504720128812	750165232227	318.0	-47.0	4.0	96.0	
1504720128829	750185373828	318.0	-47.0	3.55670166015625	96.0	
1504720128847	750205515430	318.57733154296875	-47.0	3.0	96.0	
1504720128866	750225657031	319.0	-47.0	3.711334228515625	96.0	
1504720128883	750245798633	319.0	-47.0	4.0	96.0	
1504720128898	750265940235	319.0	-47.0	4.0	96.0	
1504720128935	750286081836	319.0	-47.0	4.0	96.0	
1504720128953	750306223438	319.0	-47.0	4.0	96.0	
1504720128972	750326365039	319.0	-47.0	4.0	96.0	
1504720128993	750346506641	319.0	-47.0	4.0	96.0	
1504720129010	750366648242	319.0	-47.0	4.0	96.0	
1504720129035	750386789844	319.0	-47.0	3.2165069580078125	96.0	
1504720129050	750406931446	319.0	-47.0	3.917510986328125	96.0	
1504720129081	750427073047	319.0	-47.0	3.051544189453125	96.0	
1504720129097	750447214649	319.0	-47.0	4.0	96.0	
1504720129115	750467356250	319.0	-47.0	3.680419921875	96.0	
1504720129133	750487497852	319.0	-47.0	3.0	96.0	
1504720129151	750507639453	319.0	-47.0	3.0	96.0	
1504720129172	750527781055	319.0	-47.0	3.0	96.0	
1504720129190	750547922656	319.0	-47.0	3.0	96.0	
1504720129209	750568064258	319.0	-47.0	3.0	96.0	
1504720129238	750588205860	319.0	-47.0	3.1237030029296875	96.0	
1504720129262	750608347461	319.0	-47.0	4.0	96.0	
1504720129282	750628489063	319.0	-47.0	3.6082611083984375	96.0	
1504720129297	750648630664	319.0	-47.0	3.5257720947265625	96.0	
1504720129312	750668772266	319.0	-47.0	4.0	96.0	
1504720129329	750688913867	319.0	-47.0	4.0	96.0	
1504720129348	750709055469	319.0	-47.0	4.0	96.0	
1504720129381	750729197071	319.0	-47.0	4.0	96.0	
1504720129399	750749338672	319.0	-47.0	4.0	96.0	
1504720129416	750769480274	319.0	-47.0	4.0	96.0	
1504720129437	750789621875	319.0	-47.0	4.0	96.0	
1504720129457	750809763477	319.0	-47.0	4.0	96.0	
1504720129474	750829905078	319.0	-47.0	4.0	96.0	
1504720129492	750850046680	319.0	-47.0	4.0	96.0	
1504720129512	750870188281	319.0	-47.0	4.0	96.0	
1504720129545	750890329883	319.0	-47.0	4.0	96.0	
1504720129563	750910471485	319.0	-47.0	4.0	96.0	
1504720129579	750930613086	319.0	-47.0	4.0	96.0	
1504720129598	750950754688	319.0	-47.0	4.0	96.0	
1504720129620	750970896289	319.0	-47.0	4.0	96.0	
1504720129636	750991037891	319.0	-47.0	4.0	96.0	
1504720129653	751011179492	319.0	-47.0	4.0	96.0	
1504720129687	751031321094	319.0	-47.0	4.0	96.0	
1504720129711	751051462696	319.0	-47.0	4.0	96.0	
1504720129726	751071604297	319.0	-47.0	4.0	96.0	
1504720129739	751091745899	319.0	-47.0	4.0	96.0	
1504720129760	751111887500	319.0	-47.0	4.0	96.0	
1504720129785	751132029102	319.0	-47.0	4.0	96.0	
1504720129810	751152170703	319.0	-47.0	4.0	96.0	
1504720129849	751172312305	319.0	-47.0	4.0	96.0	
1504720129860	751192453906	319.0	-47.0	4.0	96.0	
1504720129867	751212595508	319.0	-47.0	4.0	96.0	
1504720129882	751232737110	319.0	-47.0	4.0	96.0	
1504720129899	751252878711	319.0	-47.0	4.0	96.0	
1504720129919	751273020313	319.0	-47.0	4.0	96.0	
1504720129940	751293161914	319.0	-47.0	4.0	96.0	
1504720129958	751313303516	319.0	-47.0	3.0615386962890625	96.0	
1504720129990	751333445117	319.0	-47.0	3.0	96.0	
1504720130007	751353586719	319.0	-47.0	3.0	96.0	
1504720130046	751373728321	319.0	-47.0	3.0	96.0	
1504720130057	751393869922	319.0	-47.0	3.0	96.0	
1504720130063	751414011524	319.0	-47.0	3.0	96.0	
1504720130078	751434153125	319.0	-47.0	3.0	96.0	
1504720130098	751454294727	319.0	-47.0	3.0	96.0	
1504720130113	751474436328	319.0	-47.0	3.0	96.0	
1504720130150	751494577930	319.0	-47.0	3.0	96.0	
1504720130171	751514719531	319.0	-47.0	3.0	96.0	
1504720130193	751534861133	318.667236328125	-47.0	3.0	96.0	
1504720130208	751555002735	318.0	-47.0	3.0	96.0	
1504720130222	751575144336	318.0	-47.0	3.0	96.0	
1504720130245	751595285938	318.0	-46.28669738769531	3.0	96.0	
1504720130265	751615427539	318.0	-46.0	3.0	96.0	
1504720130280	751635569141	317.03240966796875	-46.96757507324219	3.0	96.0	
1504720130313	751655710742	317.0	-47.0	2.0	96.0	
1504720130335	751675852344	317.0	-47.0	2.0	96.0	
1504720130357	751695993946	316.6518859863281	-47.0	2.0	96.0	
1504720130371	751716135547	316.0	-47.474395751953125	2.0	96.0	
1504720130386	751736277149	316.0	-48.0	2.0	96.0	
1504720130407	751756418750	316.0	-48.0	2.0	96.0	
1504720130424	751776560352	315.14508056640625	-48.0	2.0	96.0	
1504720130444	751796701953	315.0	-48.98289489746094	2.0	96.0	
1504720130475	751816843555	315.0	-49.0	2.0	96.0	
1504720130492	751836985156	314.76409912109375	-49.0	2.0	96.0	
1504720130512	751857126758	314.0	-49.0	2.0	96.0	
1504720130525	751877268360	314.0	-49.0	2.0	96.0	
1504720130547	751897409961	314.0	-49.0	2.0	96.0	
1504720130573	751917551563	313.25640869140625	-49.0	2.0	96.0	
1504720130594	751937693164	313.0	-49.0	2.0	96.0	
1504720130612	751957834766	313.0	-49.0	2.0	96.0	
1504720130643	751977976367	312.87542724609375	-49.12457275390625	2.0	96.0	
1504720130653	751998117969	312.0	-50.0	2.0	96.0	
1504720130668	752018259571	312.0	-49.62287902832031	2.0	96.0	
1504720130687	752038401172	312.0	-49.0	2.0	96.0	
1504720130731	752058542774	312.0	-49.0	2.0	96.0	
1504720130741	752078684375	311.2423095703125	-49.0	2.0	96.0	
1504720130747	752098825977	311.0	-49.0	2.0	96.0	
1504720130774	752118967578	311.0	-49.0	2.0	96.0	
1504720130793	752139109180	311.0	-49.0	2.0	96.0	
1504720130810	752159250781	310.7337951660156	-49.0	2.0	96.0	
1504720130828	752179392383	310.0	-49.0	2.0	96.0	
1504720130847	752199533985	310.0	-49.0	2.0	96.0	
1504720130871	752219675586	310.0	-49.0	2.0	96.0	
1504720130885	752239817188	310.0	-49.0	2.0	96.0	
1504720130904	752259958789	310.0	-49.0	2.0	96.0	
1504720130935	752280100391	309.0	-49.0	2.0	96.0	
1504720130955	752300241992	309.0	-49.0	2.0	96.0	
1504720130973	752320383594	309.0	-49.0	2.28033447265625	96.0	
1504720130994	752340525196	309.0	-49.0	3.0	96.0	
1504720131012	752360666797	309.0	-49.0	3.0	96.0	
1504720131025	752380808399	309.0	-49.0	3.0	96.0	
1504720131043	752400950000	309.0	-49.0	3.0	96.0	
1504720131062	752421091602	309.0	-49.0	3.0	96.0	
1504720131096	752441233203	309.0	-49.0	3.0	96.0	
1504720131115	752461374805	309.0	-49.0	3.0	96.0	
1504720131137	752481516406	309.0	-49.0	3.0	96.0	
1504720131150	752501658008	309.0	-49.0	3.0	96.0	
1504720131169	752521799610	309.0	-49.0	3.0	96.0	
1504720131187	752541941211	309.0	-49.0	3.0	96.0	
1504720131204	752562082813	309.0	-49.0	3.0	96.0	
1504720131225	752582224414	309.0	-49.0	3.0	96.0	
1504720131259	752602366016	309.0	-49.0	3.0	96.0	
1504720131278	752622507617	309.0	-49.0	3.0	96.0	
1504720131297	752642649219	309.0	-48.689422607421875	3.0	96.0	
1504720131315	752662790821	309.0	-48.0	3.0	96.0	
1504720131333	752682932422	309.0	-48.0	3.5641021728515625	96.0	
1504720131348	752703074024	309.0	-48.0	4.0	96.0	
1504720131366	752723215625	309.0	-48.0	4.0	96.0	
1504720131388	752743357227	309.0	-48.0	4.0	96.0	
1504720131442	752763498828	309.0	-48.0	4.0	96.0	
1504720131450	752783640430	309.0	-48.0	4.0	96.0	
1504720131461	752803782031	309.0	-48.0	4.0	96.0	
1504720131470	752823923633	309.0	-48.0	4.0	96.0	
1504720131489	752844065235	309.0	-48.0	4.0	96.0	
1504720131506	752864206836	309.0	-48.0	4.0	96.0	
1504720131523	752884348438	309.0	-48.0	4.0	96.0	
1504720131545	752904490039	309.95904541015625	-48.0	4.0	96.0	
1504720131579	752924631641	310.0	-48.0	4.0	96.0	
1504720131597	752944773242	310.0	-48.0	4.0	96.0	
1504720131614	752964914844	310.0	-48.0	4.0	96.0	
1504720131634	752985056446	310.0	-48.0	4.0	96.0	
1504720131654	753005198047	310.0	-48.0	4.0	96.0	
1504720131674	753025339649	310.0	-48.0	4.0	96.0	
1504720131690	753045481250	310.0	-48.0	4.0	96.0	
1504720131710	753065622852	310.0	-48.0	4.0	96.0	
1504720131743	753085764453	310.0	-48.0	4.0	96.0	
1504720131758	753105906055	310.0	-48.0	4.0	96.0	
1504720131776	753126047656	310.0	-48.0	4.0	96.0	
1504720131795	753146189258	310.0	-48.0	4.0	96.0	
1504720131814	753166330860	310.0	-48.0	4.0	96.0	
1504720131830	753186472461	310.0	-48.0	4.0	96.0	
1504720131848	753206614063	310.0	-48.0	4.0	96.0	
1504720131869	753226755664	310.0	-48.0	4.0	96.0	
1504720131902	753246897266	311.0	-48.0	4.0	96.0	
1504720131921	753267038867	311.0	-48.0	4.0	96.0	
1504720131937	753287180469	311.0	-48.0	4.0	96.0	
1504720131958	753307322071	311.0	-48.0	4.0	96.0	
1504720131980	753327463672	311.0	-48.0	4.0	96.0	
1504720131998	753347605274	311.0	-48.0	4.0	96.0	
1504720132018	753367746875	311.0	-48.0	4.0	96.0	
1504720132045	753387888477	311.0	-48.0	4.0	96.0	
1504720132062	753408030078	311.0	-48.0	4.0	96.0	
1504720132078	753428171680	311.2576904296875	-48.0	3.7423248291015625	96.0	
1504720132098	753448313281	312.0	-48.0	3.0	96.0	
1504720132117	753468454883	312.0	-48.0	3.0	96.0	
1504720132136	753488596485	312.0	-48.0	3.0	96.0	
1504720132151	753508738086	312.0	-48.0	3.0	96.0	
1504720132177	753528879688	312.0	-48.0	3.0	96.0	
1504720132204	753549021289	312.0	-47.0	3.0	96.0	
1504720132224	753569162891	312.0	-47.0	3.0	96.0	
1504720132240	753589304492	312.0	-47.0	3.0	96.0	
1504720132256	753609446094	312.0	-47.0	3.0	96.0	
1504720132273	753629587696	312.0	-47.0	3.0	96.0	
1504720132292	753649729297	312.6529846191406	-47.0	3.0	96.0	
1504720132311	753669870899	313.0	-47.0	3.0	96.0	
1504720132329	753690012500	313.0	-46.09385681152344	3.0	96.0	
1504720132365	753710154102	313.0	-46.0	3.0	96.0	
1504720132383	753730295703	313.0	-46.0	3.0	96.0	
1504720132399	753750437305	313.0	-46.0	3.0	96.0	
1504720132418	753770578906	313.0	-46.0	3.0	96.0	
1504720132435	753790720508	313.0	-46.0	3.0	96.0	
1504720132458	753810862110	313.0	-46.66722106933594	3.0	96.0	
1504720132472	753831003711	313.0	-46.20513916015625	3.0	96.0	
1504720132490	753851145313	313.0	-46.92149353027344	3.0	96.0	
1504720132524	753871286914	313.0	-47.0	3.0	96.0	
1504720132540	753891428516	313.0	-47.0	3.0	96.0	
1504720132560	753911570117	313.0	-47.0	3.0	96.0	
1504720132578	753931711719	313.0	-47.0	3.0	96.0	
1504720132596	753951853321	313.0	-47.0	3.0	96.0	
1504720132615	753971994922	313.0	-47.0	3.0	96.0	
1504720132632	753992136524	313.0	-47.0	3.0	96.0	
1504720132651	754012278125	313.0	-47.0	3.0	96.0	
1504720132686	754032419727	313.0	-47.0	3.0	96.0	
1504720132702	754052561328	313.0	-47.0	3.0	96.0	
1504720132726	754072702930	313.0	-47.0	3.0	96.0	
1504720132740	754092844531	313.0	-47.0	3.0	96.0	
1504720132758	754112986133	313.0	-47.0	3.0	96.0	
1504720132778	754133127735	313.0	-47.0	3.0	96.0	
1504720132794	754153269336	313.0	-47.0	2.17578125	96.0	
1504720132813	754173410938	313.0	-47.0	2.0	96.0	
1504720132846	754193552539	313.0	-47.0	2.0	96.0	
1504720132866	754213694141	313.0	-47.0	2.0	96.0	
1504720132886	754233835742	313.0	-47.0	2.0	96.0	
1504720132905	754253977344	313.0	-47.0	2.0	96.0	
1504720132917	754274118946	313.0	-47.0	2.0	96.0	
1504720132937	754294260547	313.0	-47.0	2.0	96.0	
1504720132955	754314402149	313.0	-47.0	2.0	96.0	
1504720132974	754334543750	313.0	-47.0	2.0	96.0	
1504720133005	754354685352	313.0	-47.0	2.0	96.0	
1504720133025	754374826953	313.2201232910156	-47.0	2.0	96.0	
1504720133044	754394968555	314.0	-47.0	2.346405029296875	96.0	
1504720133061	754415110156	314.0	-47.0	3.0	96.0	
1504720133079	754435251758	314.0	-47.0	2.4000091552734375	96.0	
1504720133100	754455393360	314.0	-47.0	2.0	96.0	
1504720133113	754475534961	314.0	-47.0	2.0	96.0	
1504720133131	754495676563	314.0	-47.0	2.0	96.0	
1504720133166	754515818164	314.0	-47.0	2.0	96.0	
1504720133185	754535959766	314.0	-47.0	2.0	96.0	
1504720133203	754556101367	314.0	-47.0	2.3617706298828125	96.0	
1504720133220	754576242969	314.0	-47.0	3.0	96.0	
1504720133238	754596384571	314.0	-47.0	3.0	96.0	
1504720133262	754616526172	314.0	-47.74186706542969	3.0	96.0	
1504720133275	754636667774	314.0	-48.0	3.0	96.0	
1504720133292	754656809375	314.0	-48.0	3.0	96.0	
1504720133329	754676950977	314.0	-47.87713623046875	3.0	96.0	
1504720133347	754697092578	314.0	-47.0	3.0	96.0	
1504720133364	754717234180	314.0	-47.0	3.0	96.0	
1504720133381	754737375781	314.0	-47.0	3.0	96.0	
1504720133399	754757517383	314.0	-47.0	3.0	96.0	
1504720133419	754777658985	314.0	-47.0	3.0	96.0	
1504720133436	754797800586	314.0	-47.0	3.0	96.0	
1504720133471	754817942188	314.0	-47.0	3.0	96.0	
1504720133489	754838083789	314.0	-47.0	3.0	96.0	
1504720133508	754858225391	314.0	-47.0	3.0	96.0	
1504720133530	754878366992	314.0	-47.0	3.0	96.0	
1504720133543	754898508594	314.0	-47.0	3.0	96.0	
1504720133561	754918650196	314.0	-47.0	3.0	96.0	
1504720133580	754938791797	314.0	-47.0	3.0	96.0	
1504720133596	754958933399	314.0	-47.0	3.0	96.0	
1504720133632	754979075000	314.0	-47.0	3.0	96.0	
1504720133649	754999216602	314.0	-47.0	2.8481292724609375	96.0	
1504720133667	755019358203	314.0	-47.0	2.0	96.0	
1504720133685	755039499805	314.0	-47.0	2.4061431884765625	96.0	
1504720133702	755059641406	314.53240966796875	-47.0	3.0	96.0	
1504720133722	755079783008	315.0	-47.0	3.0	96.0	
1504720133741	755099924610	315.0	-47.0	3.0	96.0	
1504720133760	755120066211	315.0	-47.0	2.0870361328125	96.0	
1504720133800	755140207813	314.0	-47.039306640625	2.0	96.0	
1504720133810	755160349414	314.0	-48.0	2.0	96.0	
1504720133828	755180491016	314.0	-48.0	2.2935028076171875	96.0	
1504720133845	755200632617	314.4205017089844	-48.0	3.0	96.0	
1504720133862	755220774219	315.0	-47.45222473144531	3.0	96.0	
1504720133882	755240915821	315.0	-47.0	3.0	96.0	
1504720133900	755261057422	315.0	-47.80033874511719	3.0	96.0	
1504720133918	755281199024	315.0	-48.0	3.0	96.0	
1504720133958	755301340625	315.0	-48.0	3.0	96.0	
1504720133973	755321482227	315.0	-47.818817138671875	3.0	96.0	
1504720133991	755341623828	315.0	-47.0	3.0	96.0	
1504720134006	755361765430	315.0	-47.0	3.0	96.0	
1504720134024	755381907031	315.0	-47.0	3.0	96.0	
1504720134046	755402048633	315.0	-47.68940734863281	3.0	96.0	
1504720134061	755422190235	315.0	-47.18431091308594	3.0	96.0	
1504720134078	755442331836	315.0	-47.0	3.0	96.0	
1504720134115	755462473438	315.0	-47.0	3.0	96.0	
1504720134131	755482615039	315.0	-47.0	3.0	96.0	
1504720134149	755502756641	315.0	-47.0	3.0	96.0	
1504720134167	755522898242	315.0	-47.0	3.0	96.0	
1504720134185	755543039844	315.0	-47.0	3.0	96.0	
1504720134203	755563181446	315.0	-47.0	3.0	96.0	
1504720134222	755583323047	315.0	-47.0	3.0	96.0	
1504720134239	755603464649	315.0	-47.0	3.0	96.0	
1504720134277	755623606250	315.0	-47.0	3.0	96.0	
1504720134297	755643747852	315.21160888671875	-47.0	3.0	96.0	
1504720134313	755663889453	316.0	-47.0	3.0	96.0	
1504720134329	755684031055	316.0	-47.0	3.0	96.0	
1504720134346	755704172656	316.0	-47.0	3.0	96.0	
1504720134363	755724314258	316.0	-47.0	3.0	96.0	
1504720134383	755744455860	316.0	-47.0	3.0	96.0	
1504720134397	755764597461	316.0	-47.0	3.0	96.0	
1504720134436	755784739063	316.0	-47.0	3.0	96.0	
1504720134452	755804880664	316.0	-47.0	3.0	96.0	
1504720134470	755825022266	316.0	-47.0	3.0	96.0	
1504720134489	755845163867	316.0	-47.0	3.0	96.0	
1504720134507	755865305469	316.0	-47.0	3.0	96.0	
1504720134526	755885447071	316.0	-47.0	3.0	96.0	
1504720134544	755905588672	316.86004638671875	-47.0	3.0	96.0	
1504720134564	755925730274	317.0	-47.0	3.0	96.0	
1504720134598	755945871875	317.0	-47.0	3.0	96.0	
1504720134613	755966013477	317.0	-47.0	3.0	96.0	
1504720134632	755986155078	317.0	-47.0	3.0	96.0	
1504720134650	756006296680	317.0	-47.0	3.0	96.0	
1504720134668	756026438281	317.0	-47.0	3.0	96.0	
1504720134686	756046579883	317.0	-47.0	3.0	96.0	
1504720134704	756066721485	317.0	-47.0	3.0	96.0	
1504720134740	756086863086	317.0	-47.0	3.0	96.0	
1504720134759	756107026802	317.0	-47.0	3.0	96.0	
1504720134775	756127168403	317.0	-47.0	3.0	96.0	
1504720134793	756147310005	317.0	-47.0	3.0	96.0	
1504720134815	756167451606	317.0	-47.0	3.0	96.0	
1504720134828	756187593208	317.0	-47.0	3.0	96.0	
1504720134845	756207734810	317.0	-47.0	3.0	96.0	
1504720134865	756227876411	317.0	-47.0	3.0	96.0	
1504720134899	756248018013	317.0	-47.0	3.0	96.0	
1504720134918	756268159614	317.0	-47.0	3.0	96.0	
1504720134935	756288301216	317.0	-47.0	3.0	96.0	
1504720134953	756308442817	317.0	-47.0	3.0	96.0	
1504720134970	756328584419	317.0	-47.0	3.0	96.0	
1504720134989	756348726020	317.0	-47.0	3.0	96.0	
1504720135007	756368867622	317.0	-47.0	3.0	96.0	
1504720135025	756389009224	317.0	-47.0	3.0	96.0	
1504720135060	756409150825	317.0	-48.0	3.0	96.0	
1504720135082	756429292427	317.0	-47.84130859375	3.0	96.0	
1504720135096	756449434028	317.0	-47.0	3.0	96.0	
1504720135114	756469575630	317.0	-47.0	3.0	96.0	
1504720135133	756489717231	317.0	-47.0	3.0	96.0	
1504720135150	756509858833	317.0	-47.0	3.0	96.0	
1504720135166	756530000435	317.0	-47.0	3.0	96.0	
1504720135188	756550142036	317.0	-47.0	3.0	96.0	
1504720135221	756570283638	317.0	-47.0	3.0	96.0	
1504720135239	756590425239	317.0	-47.0	3.0	96.0	
1504720135256	756610566841	317.0	-47.0	3.0	96.0	
1504720135275	756630708442	317.0	-47.0	3.0	96.0	
1504720135294	756650850044	317.0	-47.0	3.0	96.0	
1504720135310	756670991645	317.0	-47.0	3.0	96.0	
1504720135327	756691133247	317.0	-47.0	3.0	96.0	
1504720135352	756711274849	317.0	-47.0	3.0	96.0	
1504720135382	756731416450	317.0	-47.0	3.0	96.0	
1504720135399	756751558052	317.0	-47.0	3.0	96.0	
1504720135417	756771699653	317.0	-47.0	3.0	96.0	
1504720135435	756791841255	317.0	-47.0	3.0	96.0	
1504720135454	756811982856	317.0	-47.0	3.0	96.0	
1504720135474	756832124458	317.0	-47.0	3.0	96.0	
1504720135487	756852266060	317.0	-47.0	3.0	96.0	
1504720135508	756872407661	317.0	-47.0	3.0	96.0	
1504720135543	756892549263	317.0	-47.0	3.0	96.0	
1504720135560	756912690864	317.0	-47.0	2.79693603515625	96.0	
1504720135579	756932832466	317.0	-47.0	2.0	96.0	
1504720135596	756952974067	317.0	-47.0	2.4564056396484375	96.0	
1504720135617	756973115669	317.5836181640625	-47.0	3.0	96.0	
1504720135637	756993257270	318.0	-47.0	3.0	96.0	
1504720135648	757013398872	317.16241455078125	-47.0	3.0	96.0	
1504720135669	757033540474	317.0	-47.0	3.0	96.0	
1504720135704	757053682075	317.0	-47.0	2.0	96.0	
1504720135721	757073823677	317.0	-47.0	2.0	96.0	
1504720135739	757093965278	317.0	-47.344696044921875	2.344696044921875	96.0	
1504720135758	757114106880	317.0	-48.0	3.0	96.0	
1504720135772	757134248481	317.5982666015625	-48.0	3.0	96.0	
1504720135790	757154390083	318.0	-48.0	3.0	96.0	
1504720135810	757174531685	318.0	-48.0	3.0	96.0	
1504720135828	757194673286	318.0	-48.0	3.0	96.0	
1504720135863	757214814888	318.0	-48.0	3.0	96.0	
1504720135885	757234956489	318.0	-48.0	3.0	96.0	
1504720135899	757255098091	318.0	-48.0	3.0	96.0	
1504720135917	757275239692	318.0	-48.0	3.0	96.0	
1504720135936	757295381294	318.0	-48.0	3.0	96.0	
1504720135951	757315522895	318.0	-48.0	3.0	96.0	
1504720135970	757335664497	318.0	-48.0	3.0	96.0	
1504720135989	757355806099	318.0	-48.0	3.0	96.0	
1504720136027	757375947700	318.0	-48.0	3.0	96.0	
1504720136044	757396089302	318.0	-48.0	3.0	96.0	
1504720136060	757416230903	318.0	-48.0	3.0	96.0	
1504720136076	757436372505	318.0	-48.0	3.0	96.0	
1504720136097	757456514106	318.0	-48.0	3.0	96.0	
1504720136112	757476655708	318.0	-48.0	3.0	96.0	
1504720136137	757496797310	318.0	-48.0	3.0	96.0	
1504720136170	757516938911	318.0	-48.0	3.0	96.0	
1504720136185	757537080513	318.0	-47.864959716796875	3.0	96.0	
1504720136204	757557222114	318.0	-47.0	3.0	96.0	
1504720136221	757577363716	318.0	-47.389068603515625	3.0	96.0	
1504720136240	757597505317	318.0	-48.0	3.0	96.0	
1504720136259	757617646919	318.0	-48.0	3.0	96.0	
1504720136275	757637788520	318.0	-48.0	3.0	96.0	
1504720136292	757657930122	318.0	-48.0	3.0	96.0	
1504720136328	757678071724	318.0	-48.0	3.0	96.0	
1504720136346	757698213325	318.0	-48.0	3.0	96.0	
1504720136365	757718354927	318.0	-48.0	3.0	96.0	
1504720136385	757738496528	318.0	-48.0	3.0	96.0	
1504720136400	757758638130	318.0	-48.0	3.0	96.0	
1504720136418	757778779731	318.0	-48.0	3.0	96.0	
1504720136435	757798921333	318.0	-48.0	3.0	96.0	
1504720136453	757819062935	318.0	-48.0	3.0	96.0	
1504720136488	757839204536	318.0	-48.0	3.0	96.0	
1504720136506	757859346138	318.0	-48.0	3.0	96.0	
1504720136525	757879487739	318.0	-48.0	3.0	96.0	
1504720136542	757899629341	318.0	-48.0	3.0	96.0	
1504720136561	757919770942	318.0	-48.0	3.0	96.0	
1504720136577	757939912544	318.0	-48.0	3.0	96.0	
1504720136596	757960054145	318.79864501953125	-48.0	3.0	96.0	
1504720136614	757980195747	319.0	-48.0	3.0	96.0	
1504720136653	758000337349	319.0	-48.0	3.0	96.0	
1504720136667	758020478950	319.0	-48.0	3.0	96.0	
1504720136686	758040620552	319.0	-48.0	3.0	96.0	
1504720136703	758060762153	319.0	-48.0	3.0	96.0	
1504720136720	758080903755	319.0	-48.0	3.0	96.0	
1504720136739	758101045356	319.0	-48.0	3.0	96.0	
1504720136757	758121186958	319.0	-48.0	3.0	96.0	
1504720136778	758141328560	319.0	-48.0	3.0	96.0	
1504720136810	758161470161	319.0	-48.0	3.0	96.0	
1504720136827	758181611763	319.0	-48.0	3.0	96.0	
1504720136848	758201753364	319.0	-48.0	3.0	96.0	
1504720136864	758221894966	319.0	-48.0	3.0	96.0	
1504720136881	758242036567	319.0	-48.0	3.0	96.0	
1504720136902	758262178169	319.0	-48.0	3.0	96.0	
1504720136921	758282319770	319.0	-48.0	3.0	96.0	
1504720136936	758302461372	319.0	-48.0	3.0	96.0	
1504720136972	758322602974	319.0	-48.0	3.0	96.0	
1504720136990	758342744575	319.0	-48.0	3.0	96.0	
1504720137007	758362886177	319.0	-48.0	3.0	96.0	
1504720137026	758383027778	319.0	-48.0	3.0	96.0	
1504720137041	758403169380	319.0	-48.0	3.0	96.0	
1504720137061	758423310981	319.0	-48.0	3.0	96.0	
1504720137078	758443452583	319.0	-48.0	3.0	96.0	
1504720137097	758463594185	319.0	-48.0	3.0	96.0	
1504720137132	758483735786	319.0	-48.0	3.0	96.0	
1504720137149	758503877388	319.0	-48.0	3.0	96.0	
1504720137173	758524018989	319.0	-48.0	3.0	96.0	
1504720137184	758544160591	319.0	-48.0	3.0	96.0	
1504720137204	758564302192	319.0	-48.0	3.0	96.0	
1504720137222	758584443794	319.0	-48.0	3.0	96.0	
1504720137238	758604585395	319.0	-48.0	3.0	96.0	
1504720137258	758624726997	319.0	-48.0	3.0	96.0	
1504720137294	758644868599	319.0	-48.0	3.0	96.0	
1504720137310	758665010200	319.0	-48.0	3.0	96.0	
1504720137331	758685151802	319.0	-48.0	3.0	96.0	
1504720137346	758705293403	319.0	-48.0	3.0	96.0	
1504720137365	758725435005	319.0	-48.0	3.0	96.0	
1504720137383	758745576606	319.0	-48.0	3.0	96.0	
1504720137400	758765718208	319.0	-48.0	3.0	96.0	
1504720137418	758785859810	319.0	-48.0	3.0	96.0	
1504720137453	758806001411	319.0	-48.0	3.0	96.0	
1504720137472	758826143013	319.0	-48.0	3.0	96.0	
1504720137490	758846284614	319.0	-48.0	3.0	96.0	
1504720137505	758866426216	319.0	-48.0	3.0	96.0	
1504720137524	758886567817	319.0	-48.0	3.0	96.0	
1504720137546	758906709419	319.0	-48.0	3.0	96.0	
1504720137562	758926851020	319.0	-48.0	3.0	96.0	
1504720137598	758946992622	319.0	-48.0	3.0	96.0	
1504720137614	758967134224	319.0	-48.0	3.0	96.0	
1504720137634	758987275825	319.0	-48.0	3.0	96.0	
1504720137650	759007417427	319.3958740234375	-48.0	3.0	96.0	
1504720137668	759027559028	320.0	-48.0	3.0	96.0	
1504720137687	759047700630	320.0	-48.0	3.0	96.0	
1504720137708	759067842231	320.0	-48.0	3.0	96.0	
1504720137720	759087983833	320.0	-48.0	3.0	96.0	
1504720137758	759108125435	319.0	-49.0	3.0	96.0	
1504720137775	759128267036	319.0	-49.0	3.0	96.0	
1504720137792	759148408638	319.0	-49.0	3.0	96.0	
1504720137811	759168550239	319.4102478027344	-49.0	3.0	96.0	
1504720137829	759188691841	320.0	-49.0	3.0	96.0	
1504720137846	759208833442	320.0	-49.0	3.0	96.0	
1504720137864	759228975044	320.0	-49.0	3.0	96.0	
1504720137881	759249116645	320.0	-49.0	3.0	96.0	
1504720137917	759269258247	320.0	-49.0	3.0	96.0	
1504720137935	759289399849	320.0	-49.0	3.0	96.0	
1504720137952	759309541450	320.0	-49.0	3.0	96.0	
1504720137975	759329683052	320.0	-48.57508850097656	3.0	96.0	
1504720137989	759349824653	320.0	-48.0	3.0	96.0	
1504720138006	759369966255	320.0	-48.0	3.0	96.0	
1504720138026	759390107856	320.0	-48.0	3.0	96.0	
1504720138043	759410249458	320.0	-48.0	3.0	96.0	
1504720138078	759430391060	320.0	-49.0	3.0	96.0	
1504720138095	759450532661	320.0	-49.0	3.0	96.0	
1504720138112	759470674263	320.0	-48.68717956542969	3.0	96.0	
1504720138135	759490815864	320.0	-48.0	3.0	96.0	
1504720138149	759510957466	320.0	-48.56654357910156	3.0	96.0	
1504720138167	759531099067	320.0	-48.30598449707031	3.0	96.0	
1504720138187	759551240669	320.0	-48.0	3.0	96.0	
1504720138206	759571382270	320.0	-48.0	3.0	96.0	
1504720138240	759591523872	320.0	-48.0750732421875	3.0	96.0	
1504720138258	759611665474	320.0	-49.0	3.0	96.0	
1504720138272	759631807075	320.0	-49.0	3.0	96.0	
1504720138293	759651948677	320.0	-49.0	3.0	96.0	
1504720138309	759672090278	320.0	-49.0	3.0	96.0	
1504720138327	759692231880	320.0	-49.0	3.0	96.0	
1504720138347	759712373481	320.0	-49.0	3.0	96.0	
1504720138363	759732515083	320.0	-49.0	3.0	96.0	
1504720138399	759752656685	321.0	-49.0	3.0	96.0	
1504720138417	759772798286	321.0	-48.78462219238281	3.0	96.0	
1504720138435	759792939888	321.0	-48.0	3.0	96.0	
1504720138454	759813081489	321.0	-48.0	3.0	96.0	
1504720138474	759833223091	321.0	-48.0	3.0	96.0	
1504720138488	759853364692	321.0	-48.723541259765625	3.0	96.0	
1504720138506	759873506294	321.0	-49.0	3.0	-1.0	
1504720138522	759893647895	321.0	-49.0	3.0	-1.0	
1504720138560	759913789497	321.0	-49.0	3.0	-1.0	
1504720138577	759933931099	321.0	-49.0	3.0	-1.0	
1504720138594	759954072700	321.0	-49.0	3.0	-1.0	
1504720138613	759974214302	321.0	-49.0	3.0	-1.0	
1504720138630	759994355903	321.0	-48.38908386230469	3.0	-1.0	
1504720138648	760014497505	321.0	-48.0	3.0	-1.0	
1504720138666	760034639106	321.0	-48.0	3.0	-1.0	
1504720138684	760054780708	321.0	-48.0	3.0	-1.0	
1504720138719	760074922310	321.0	-48.0	3.0	-1.0	
1504720138740	760095063911	321.0	-48.0	3.0	-1.0	
1504720138755	760115205513	321.0	-48.0	3.0	-1.0	
1504720138773	760135347114	321.0	-48.0	3.0	-1.0	
1504720138791	760155488716	321.0	-48.0	3.0	-1.0	
1504720138809	760175630317	321.0	-48.0	3.0	-1.0	
1504720138826	760195771919	321.0	-48.880340576171875	3.0	-1.0	
1504720138862	760215913520	321.0	-49.0	3.0	-1.0	
1504720138880	760236055122	321.0	-49.0	3.0	-1.0	
1504720138897	760256196724	321.0	-49.0	3.0	-1.0	
1504720138915	760276338325	321.0	-49.0	3.0	-1.0	
1504720138933	760296479927	321.0	-49.0	3.0	-1.0	
1504720138952	760316621528	321.0	-49.0	3.0	-1.0	
1504720138970	760336763130	321.0	-48.232086181640625	3.0	-1.0	
1504720138987	760356904731	321.0	-48.0	3.0	-1.0	
1504720139022	760377046333	321.02215576171875	-48.0	3.0221710205078125	-1.0	
1504720139040	760397187935	322.0	-48.0	4.0	-1.0	
1504720139058	760417329536	322.0	-48.0	4.0	-1.0	
1504720139076	760437471138	322.0	-48.0	4.0	-1.0	
1504720139095	760457612739	322.0	-48.0	4.0	-1.0	
1504720139113	760477754341	322.0	-47.34471130371094	4.0	-1.0	
1504720139131	760497895942	322.78289794921875	-47.0	4.0	-1.0	
1504720139148	760518037544	323.0	-47.0	4.0	-1.0	
1504720139183	760538179145	323.0	-47.0	4.0	-1.0	
1504720139201	760558320747	323.0	-47.0	4.0	-1.0	
1504720139219	760578462349	323.0	-47.0	4.0	-1.0	
1504720139238	760598603950	323.0	-47.0	4.0	-1.0	
1504720139260	760618745552	323.0	-47.0	4.0	-1.0	
1504720139273	760638887153	323.0	-47.0	4.0	-1.0	
1504720139291	760659028755	323.79693603515625	-47.0	4.0	-1.0	
1504720139309	760679170356	324.0	-47.0	4.0	-1.0	
1504720139345	760699311958	323.94879150390625	-47.0	4.0	-1.0	
1504720139362	760719453560	323.0	-47.0	4.0	-1.0	
1504720139379	760739595161	323.0	-46.694549560546875	4.0	-1.0	
1504720139397	760759736763	323.0	-46.0	4.0	-1.0	
1504720139416	760779878364	323.0	-46.0	4.0	-1.0	
1504720139433	760800019966	323.6854553222656	-45.314544677734375	4.0	-1.0	
1504720139451	760820161567	324.0	-45.0	4.0	-1.0	
1504720139469	760840303169	324.0	-45.0	4.0	-1.0	
1504720139505	760860444770	324.0	-44.0	4.0	-1.0	
1504720139527	760880586372	324.0	-44.0	4.0	-1.0	
1504720139540	760900727974	324.0	-44.0	4.0	-1.0	
1504720139559	760920869575	324.0	-44.44709777832031	4.0	-1.0	
1504720139577	760941011177	324.0	-45.0	4.0	-1.0	
1504720139594	760961152778	324.0	-45.0	4.0	-1.0	
1504720139612	760981294380	324.0	-45.0	4.0	-1.0	
1504720139630	761001435981	324.0	-45.0	4.0	-1.0	
1504720139665	761021577583	325.0	-45.0	4.0	-1.0	
1504720139683	761041719185	325.0	-45.0	4.0	-1.0	
1504720139701	761061860786	325.0	-45.0	4.0	-1.0	
1504720139720	761082002388	325.0	-45.0	4.0	-1.0	
1504720139738	761102143989	325.0	-45.0	4.0	-1.0	
1504720139755	761122285591	325.0	-45.0	4.0	-1.0	
1504720139777	761142427192	325.0	-45.0	4.0	-1.0	
1504720139793	761162568794	325.0	-45.0	4.0	-1.0	
1504720139826	761182710395	326.0	-45.095550537109375	3.904449462890625	-1.0	
1504720139844	761202851997	326.0	-46.0	3.0	-1.0	
1504720139863	761222993599	326.0	-46.0	3.0	-1.0	
1504720139880	761243135200	326.0	-46.0	3.0	-1.0	
1504720139899	761263276802	326.0	-46.0	3.0	-1.0	
1504720139916	761283418403	326.0	-46.0	3.0	-1.0	
1504720139934	761303560005	326.85662841796875	-46.0	3.0	-1.0	
1504720139952	761323701606	327.0	-46.0	3.0	-1.0	
1504720139987	761343843208	327.0	-46.0	3.0	-1.0	
1504720140005	761363984810	327.0	-46.0	3.0	-1.0	
1504720140022	761384126411	327.0	-46.0	3.0	-1.0	
1504720140044	761404268013	327.0	-46.0	3.0	-1.0	
1504720140058	761424409614	327.0	-46.0	3.0	-1.0	
1504720140075	761444551216	327.0	-46.0	3.0	-1.0	
1504720140094	761464692817	327.0	-46.0	3.0	-1.0	
1504720140112	761484834419	327.0	-46.0	3.0	-1.0	
1504720140148	761504976020	327.124755859375	-46.0	3.0	-1.0	
1504720140166	761525117622	328.0	-46.0	3.0	-1.0	
1504720140183	761545259224	328.0	-46.0	3.0	-1.0	
1504720140202	761565400825	328.0	-46.0	3.0	-1.0	
1504720140220	761585542427	328.0	-46.0	3.0	-1.0	
1504720140238	761605684028	328.0	-46.0	3.0	-1.0	
1504720140255	761625825630	328.0	-46.0	3.0	-1.0	
1504720140294	761645967231	328.0	-46.0	3.0	-1.0	
1504720140309	761666108833	328.0	-46.0	3.0	-1.0	
1504720140326	761686250435	328.0	-46.0	2.73333740234375	-1.0	
1504720140344	761706392036	328.0	-46.394195556640625	2.0	-1.0	
1504720140363	761726533638	328.5204772949219	-47.0	2.0	-1.0	
1504720140380	761746675239	329.0	-47.0	2.0	-1.0	
1504720140397	761766816841	329.0	-46.22526550292969	2.0	-1.0	
1504720140415	761786958442	329.0	-46.0	2.0	-1.0	
1504720140451	761807100044	329.0	-46.0	2.0	-1.0	
1504720140470	761827241645	329.0	-46.0	2.0	-1.0	
1504720140488	761847383247	329.0	-46.0	2.0	-1.0	
1504720140504	761867524849	329.0	-46.0	2.0	-1.0	
1504720140522	761887666450	329.0	-46.0	2.0	-1.0	
1504720140541	761907808052	329.0	-46.0	2.0	-1.0	
1504720140562	761927949653	329.0	-46.0	2.0	-1.0	
1504720140576	761948091255	329.0	-46.0	2.0	-1.0	
1504720140613	761968232856	329.0	-46.07572937011719	2.0	-1.0	
1504720140630	761988374458	329.0	-47.0	2.0	-1.0	
1504720140648	762008516060	329.0	-47.0	2.0	-1.0	
1504720140666	762028657661	329.0	-47.0	2.0	-1.0	
1504720140684	762048799263	329.0	-47.0	2.0	-1.0	
1504720140703	762068940864	329.0	-47.0	2.0	-1.0	
1504720140719	762089082466	329.0	-47.0	2.0	-1.0	
1504720140755	762109224067	329.0	-47.0	2.0	-1.0	
1504720140773	762129365669	329.0	-47.0	2.0	-1.0	
1504720140791	762149507270	329.0	-47.0	2.0	-1.0	
1504720140812	762169648872	329.0	-47.0	2.0	-1.0	
1504720140826	762189790474	329.0	-47.0	2.0	-1.0	
1504720140845	762209932075	329.7108154296875	-47.0	2.0	-1.0	
1504720140862	762230073677	330.0	-47.0	2.0	-1.0	
1504720140879	762250215278	330.0	-47.0	2.0	-1.0	
1504720140915	762270356880	330.0	-47.0	2.0	-1.0	
1504720140933	762290498481	330.0	-47.0	2.0	-1.0	
1504720140951	762310640083	330.0	-47.0	2.0	-1.0	
1504720140969	762330781685	330.0	-47.0	2.0	-1.0	
1504720140986	762350923286	330.0	-47.0	2.0	-1.0	
1504720141005	762371064888	330.0	-47.0	2.0	-1.0	
1504720141023	762391206489	330.0	-47.0	2.0	-1.0	
1504720141059	762411348091	330.0	-47.0	2.0	-1.0	
1504720141079	762431489692	330.0	-47.0	2.0	-1.0	
1504720141094	762451631294	330.0	-47.0	2.0	-1.0	
1504720141113	762471772895	330.0	-47.0	2.0	-1.0	
1504720141130	762491914497	330.0	-47.0	2.0	-1.0	
1504720141148	762512056099	330.0	-47.0	2.0	-1.0	
1504720141166	762532197700	330.0	-47.0	2.0	-1.0	
1504720141202	762552339302	330.0	-47.0	1.9741973876953125	-1.0	
1504720141220	762572480903	330.0	-47.0	1.0	-1.0	
1504720141236	762592622505	330.0	-47.0	1.0	-1.0	
1504720141257	762612764106	330.4337158203125	-46.56626892089844	1.0	-1.0	
1504720141276	762632905708	331.0	-46.0	1.0	-1.0	
1504720141295	762653047310	331.0	-46.70567321777344	1.0	-1.0	
1504720141311	762673188911	331.0	-47.0	1.0	-1.0	
1504720141332	762693330513	331.0	-47.0	1.0	-1.0	
1504720141364	762713472114	331.0	-47.0	1.0	-1.0	
1504720141382	762733613716	331.0	-47.0	1.0	-1.0	
1504720141399	762753755317	331.0	-47.0	1.0	-1.0	
1504720141417	762773896919	331.0	-47.0	1.0	-1.0	
1504720141435	762794038520	331.0	-47.0	1.0	-1.0	
1504720141454	762814180122	331.0	-47.0	1.0	-1.0	
1504720141469	762834321724	331.0	-47.0	1.0	-1.0	
1504720141505	762854463325	331.0	-47.0	1.0	-1.0	
1504720141523	762874604927	331.0	-47.0	1.0	-1.0	
1504720141540	762894746528	331.0	-47.0	1.0	-1.0	
1504720141558	762914888130	331.0	-47.0	1.0	-1.0	
1504720141576	762935029731	331.0	-47.0	1.0	-1.0	
1504720141596	762955171333	331.0	-47.0	1.0	-1.0	
1504720141621	762975312935	331.0	-47.0	1.0	-1.0	
1504720141651	762995454536	331.0	-47.0	1.0	-1.0	
1504720141669	763015596138	331.0	-47.0	1.0	-1.0	
1504720141685	763035737739	331.0	-47.0	1.0	-1.0	
1504720141703	763055879341	331.0	-47.0	1.0	-1.0	
1504720141725	763076020942	331.0	-47.0	1.0	-1.0	
1504720141741	763096162544	331.0	-47.0	1.0	-1.0	
1504720141758	763116304145	331.0	-47.0	1.0	-1.0	
1504720141778	763136445747	331.0	-47.0	1.0	-1.0	
1504720141814	763156587349	331.0	-47.0	1.0	-1.0	
1504720141830	763176728950	331.2461242675781	-47.0	1.0	-1.0	
1504720141847	763196870552	332.0	-47.0	1.0	-1.0	
1504720141868	763217012153	332.0	-47.0	1.0	-1.0	
1504720141884	763237153755	332.0	-47.0	1.0	-1.0	
1504720141900	763257295356	332.0	-47.0	1.0	-1.0	
1504720141919	763277436958	332.0	-47.0	1.0	-1.0	
1504720141955	763297578560	332.0	-47.0	1.0	-1.0	
1504720141972	763317720161	332.0	-47.0	1.0	-1.0	
1504720141989	763337861763	332.0	-47.0	1.0	-1.0	
1504720142008	763358003364	332.0	-47.0	1.0	-1.0	
1504720142024	763378144966	331.39898681640625	-47.0	1.0	-1.0	
1504720142045	763398286567	331.0	-46.26884460449219	1.0	-1.0	
1504720142061	763418428169	331.0	-46.0	1.0	-1.0	
1504720142079	763438569770	331.0	-46.0	1.0	-1.0	
1504720142115	763458711372	331.1162109375	-46.0	1.0	-1.0	
1504720142136	763478852974	332.0	-46.0	1.0	-1.0	
1504720142151	763498994575	332.0	-46.0	1.0	-1.0	
1504720142168	763519136177	332.0	-46.0	1.0	-1.0	
1504720142186	763539277778	332.0	-46.0	1.0	-1.0	
1504720142206	763559419380	332.0	-46.0	1.0	-1.0	
1504720142221	763579560981	332.0	-46.0	1.0	-1.0	
1504720142258	763599702583	332.0	-46.0	0.0	-1.0	
1504720142275	763619844185	332.0	-46.0	0.0	-1.0	
1504720142293	763639985786	332.0	-46.0	0.0	-1.0	
1504720142313	763660127388	332.0	-46.0	0.0	-1.0	
1504720142331	763680268989	332.0	-46.0	0.0	-1.0	
1504720142345	763700410591	332.0	-46.0	0.0	-1.0	
1504720142364	763720552192	332.0	-46.0	0.0	-1.0	
1504720142381	763740693794	332.0	-46.0	0.0	-1.0	
1504720142420	763760835395	332.0	-46.0	0.0	-1.0	
1504720142435	763780976997	332.0	-46.0	0.0	-1.0	
1504720142453	763801118599	332.0	-46.0	0.0	-1.0	
1504720142470	763821260200	332.0	-46.0	0.0	-1.0	
1504720142487	763841401802	332.0	-46.0	0.0	-1.0	
1504720142506	763861543403	332.0	-46.0	0.0	-1.0	
1504720142526	763881685005	332.0	-46.0	0.0	-1.0	
1504720142543	763901826606	332.0	-46.0	0.0	-1.0	
1504720142580	763921968208	332.0	-46.0	0.0	-1.0	
1504720142596	763942109810	332.0	-46.0	0.0	-1.0	
1504720142614	763962251411	332.0	-46.0	0.0	-1.0	
1504720142632	763982393013	332.0	-46.0	0.0	-1.0	
1504720142652	764002534614	332.0	-46.0	0.0	-1.0	
1504720142667	764022676216	332.0	-46.0	0.0	-1.0	
1504720142687	764042817817	332.0	-46.0	0.0	-1.0	
1504720142703	764062959419	332.0	-46.0	0.0	-1.0	
1504720142740	764083101020	332.0	-46.0	0.0	-1.0	
1504720142757	764103242622	332.0	-46.0	0.0	-1.0	
1504720142775	764123384224	332.0	-46.0	0.0	-1.0	
1504720142793	764143525825	332.0	-46.0	0.0	-1.0	
1504720142809	764163667427	332.0	-46.0	0.0	-1.0	
1504720142829	764183809028	332.0	-46.0	0.0	-1.0	
1504720142848	764203950630	332.0	-46.0	0.0	-1.0	
1504720142864	764224092231	332.0	-46.0	0.0	-1.0	
1504720142902	764244233833	332.0	-46.0	0.0	-1.0	
1504720142922	764264375435	332.0	-46.0	0.0	-1.0	
1504720142936	764284517036	332.0	-46.0	0.0	-1.0	
1504720142954	764304658638	332.0	-46.0	0.0	-1.0	
1504720142969	764324800239	332.0	-46.0	0.0	-1.0	
1504720142989	764344941841	332.0	-46.0	0.0	-1.0	
1504720143008	764365083442	332.0	-46.0	0.0	-1.0	
1504720143025	764385225044	332.0	-46.0	0.0	-1.0	
1504720143061	764405366645	332.0	-46.0	0.0	-1.0	
1504720143079	764425508247	332.0	-46.0	0.0	-1.0	
1504720143096	764445649849	332.2947082519531	-46.0	0.0	-1.0	
1504720143115	764465791450	333.0	-46.0	0.0	-1.0	
1504720143131	764485933052	333.0	-46.0	0.0	-1.0	
1504720143150	764506074653	333.0	-46.0	0.0	-1.0	
1504720143168	764526216255	333.0	-46.0	0.0	-1.0	
1504720143189	764546357856	333.0	-46.0	0.0	-1.0	
1504720143223	764566499458	333.0	-46.0	0.0	-1.0	
1504720143239	764586641060	333.0	-46.0	0.0	-1.0	
1504720143257	764606782661	333.0	-46.0	0.0	-1.0	
1504720143275	764626924263	333.0	-46.0	0.0	-1.0	
1504720143291	764647065864	333.0	-46.0	0.0	-1.0	
1504720143310	764667207466	333.0	-46.0	0.0	-1.0	
1504720143329	764687349067	333.0	-46.0	0.0	-1.0	
1504720143346	764707490669	333.0	-46.0	0.0	-1.0	
1504720143382	764727632270	333.0	-46.0	0.0	-1.0	
1504720143401	764747773872	333.0	-46.0	0.0	-1.0	
1504720143420	764767915474	333.0	-46.0	0.0	-1.0	
1504720143445	764788057075	333.0	-46.0	0.0	-1.0	
1504720143456	764808198677	333.0	-46.0	0.0	-1.0	
1504720143470	764828340278	333.0	-46.0	0.0	-1.0	
1504720143490	764848481880	333.0	-46.0	0.0	-1.0	
1504720143505	764868623481	333.0	-46.0	0.0	-1.0	
1504720143540	764888765083	333.0	-46.0	0.0	-1.0	
1504720143563	764908906685	333.0	-46.0	0.0	-1.0	
1504720143577	764929048286	333.0	-46.0	0.0	-1.0	
1504720143594	764949189888	333.0	-46.0	0.0	-1.0	
1504720143612	764969331489	333.0	-46.0	0.0	-1.0	
1504720143633	764989473091	333.0	-46.0	0.0	-1.0	
1504720143649	765009614692	333.0	-46.0	0.0	-1.0	
1504720143666	765029756294	333.0	-46.0	0.0	-1.0	
1504720143711	765049897895	333.0	-46.0	0.0	-1.0	
1504720143720	765070039497	333.0	-46.0	0.0	-1.0	
1504720143740	765090181099	333.0	-46.0	0.0	-1.0	
1504720143757	765110322700	333.0	-46.0	0.0	-1.0	
1504720143776	765130464302	333.0	-46.0	0.0	-1.0	
1504720143795	765150605903	333.0	-46.0	0.0	-1.0	
1504720143812	765170747505	333.0	-46.0	0.0	-1.0	
1504720143830	765190889106	333.0	-46.0	0.0	-1.0	
1504720143848	765211030708	333.0	-46.0	0.0	-1.0	
1504720143883	765231172310	333.0	-46.0	0.0	-1.0	
1504720143900	765251313911	333.0	-46.0	0.0	-1.0	
1504720143918	765271455513	333.0	-46.0	0.0	-1.0	
1504720143936	765291597114	333.0	-46.0	0.0	-1.0	
1504720143954	765311738716	333.0	-46.0	0.0	-1.0	
1504720143977	765331880317	333.0	-46.0	0.0	-1.0	
1504720143989	765352021919	333.0	-46.0	0.0	-1.0	
1504720144008	765372163520	333.0	-46.0	0.0	-1.0	
1504720144043	765392305122	333.0	-46.0	0.0	-1.0	
1504720144061	765412446724	333.0	-46.0	0.0	-1.0	
1504720144079	765432588325	333.0	-46.0	0.0	-1.0	
1504720144096	765452729927	333.0	-46.0	0.0	-1.0	
1504720144115	765472871528	333.0	-46.0	0.0	-1.0	
1504720144133	765493013130	333.0	-46.0	0.0	-1.0	
1504720144150	765513154731	333.0	-46.0	0.0	-1.0	
1504720144169	765533296333	333.0	-46.0	0.0	-1.0	
1504720144204	765553437935	333.0	-46.0	0.0	-1.0	
1504720144222	765573579536	333.0	-46.0	0.0	-1.0	
1504720144243	765593721138	333.0	-46.0	0.0	-1.0	
1504720144257	765613862739	333.0	-46.0	0.0	-1.0	
1504720144275	765634004341	333.0	-46.0	0.0	-1.0	
1504720144294	765654145942	333.0	-46.0	0.0	-1.0	
1504720144310	765674287544	333.0	-46.0	0.0	-1.0	
1504720144328	765694429145	333.9676818847656	-46.0	0.0	-1.0	
1504720144363	765714570747	334.0	-46.0	0.0	-1.0	
1504720144382	765734712349	334.0	-46.0	0.0	-1.0	
1504720144400	765754853950	334.0	-46.0	0.0	-1.0	
1504720144417	765774995552	334.0	-46.0	0.0	-1.0	
1504720144436	765795137153	334.0	-46.0	0.0	-1.0	
1504720144456	765815278755	334.0	-46.0	0.0	-1.0	
1504720144472	765835420356	334.0	-45.165252685546875	0.0	-1.0	
1504720144490	765855561958	334.0	-45.0	0.0	-1.0	
1504720144537	765875703560	334.0	-45.0	0.0	-1.0	
1504720144541	765895845161	334.0	-45.20613098144531	0.0	-1.0	
1504720144557	765915986763	334.0	-45.670074462890625	0.0	-1.0	
1504720144576	765936128364	334.0	-45.0	0.0	-1.0	
1504720144594	765956269966	334.0	-45.0	0.0	-1.0	
1504720144614	765976411567	334.0	-45.0	0.0	-1.0	
1504720144630	765996553169	334.0	-45.0	0.0	-1.0	
1504720144648	766016694770	334.0	-45.948883056640625	0.0	-1.0	
1504720144684	766036836372	334.0	-46.0	0.0	-1.0	
1504720144702	766056977974	334.0	-46.0	0.0	-1.0	
1504720144722	766077119575	334.0	-46.0	0.0	-1.0	
1504720144740	766097261177	334.0	-46.0	0.0	-1.0	
1504720144762	766117383689	334.0	-46.0	0.0	-1.0	
1504720144776	766137525291	334.0	-46.0	0.0	-1.0	
1504720144790	766157666892	334.0	-46.0	0.0	-1.0	
1504720144808	766177808494	334.0	-46.0	0.0	-1.0	
1504720144844	766197950096	333.06292724609375	-46.0	0.0	-1.0	
1504720144861	766218091697	334.0	-45.81431579589844	0.0	-1.0	
1504720144879	766238233299	334.0	-45.0	0.0	-1.0	
1504720144897	766258374900	334.0	-45.0	0.0	-1.0	
1504720144915	766278516502	334.0	-45.0	0.0	-1.0	
1504720144932	766298658103	334.0	-45.0	0.0	-1.0	
1504720144951	766318799705	334.0	-45.0	0.0	-1.0	
1504720144969	766338941306	334.0	-45.0	0.0	-1.0	
1504720145005	766359082908	334.0	-45.0	0.0	-1.0	
1504720145026	766379224510	334.0	-45.0	0.0	-1.0	
1504720145041	766399366111	333.7001953125	-45.0	0.0	-1.0	
1504720145058	766419507713	333.0	-45.0	0.0	-1.0	
1504720145075	766439649314	333.0	-45.0	0.0	-1.0	
1504720145095	766459790916	333.0	-45.0	0.0	-1.0	
1504720145112	766479932517	333.0	-45.0	0.0	-1.0	
1504720145129	766500074119	333.0	-45.0	0.0	-1.0	
1504720145166	766520215721	333.0	-45.0	0.0	-1.0	
1504720145182	766540357322	333.0	-45.0	0.0	-1.0	
1504720145200	766560498924	333.0	-45.0	0.0	-1.0	
1504720145218	766580640525	333.0	-45.0	0.0	-1.0	
1504720145237	766600782127	333.0	-45.0	0.0	-1.0	
1504720145257	766620923728	333.0	-45.0	0.0	-1.0	
1504720145273	766641065330	333.0	-45.0	0.0	-1.0	
1504720145294	766661206931	333.0	-45.0	0.0	-1.0	
1504720145326	766681348533	333.0	-44.96763610839844	0.0	-1.0	
1504720145344	766701490135	333.0	-44.0	0.0	-1.0	
1504720145363	766721631736	333.0	-44.0	0.0	-1.0	
1504720145379	766741773338	333.0	-44.0	0.0	-1.0	
1504720145397	766761914939	333.0	-44.0	0.0	-1.0	
1504720145415	766782056541	333.0	-44.654693603515625	0.0	-1.0	
1504720145433	766802198142	333.0	-45.0	0.0	-1.0	
1504720145451	766822339744	333.0	-45.0	0.0	-1.0	
1504720145487	766842481346	333.0	-45.0	0.0	-1.0	
1504720145504	766862622947	333.0	-44.837615966796875	0.0	-1.0	
1504720145524	766882764549	333.0	-44.0	0.0	-1.0	
1504720145541	766902906150	333.0	-44.0	0.0	-1.0	
1504720145562	766923047752	333.0	-44.0	0.0	-1.0	
1504720145576	766943189353	333.0	-44.0	0.0	-1.0	
1504720145595	766963330955	333.0	-44.0	0.0	-1.0	
1504720145612	766983472556	333.0	-44.0	0.0	-1.0	
1504720145647	767003614158	333.0	-45.0	0.0	-1.0	
1504720145666	767023755760	333.0	-45.0	0.0	-1.0	
1504720145683	767043897361	333.0	-45.0	0.0	-1.0	
1504720145701	767064038963	333.0	-45.0	0.0	-1.0	
1504720145718	767084180564	333.0	-45.0	0.0	-1.0	
1504720145738	767104322166	333.0	-44.27226257324219	0.0	-1.0	
1504720145755	767124463767	333.0	-44.0	0.0	-1.0	
1504720145773	767144605369	333.0	-44.0	0.0	-1.0	
1504720145808	767164746971	333.0	-44.0	0.0	-1.0	
1504720145829	767184888572	333.0	-44.0	0.0	-1.0	
1504720145858	767205030174	333.3818359375	-44.0	0.0	-1.0	
1504720145862	767225171775	334.0	-44.0	0.0	-1.0	
1504720145879	767245313377	334.0	-44.0	0.0	-1.0	
1504720145898	767265454978	334.0	-44.0	0.0	-1.0	
1504720145915	767285596580	334.0	-44.0	0.0	-1.0	
1504720145950	767305738181	334.0	-44.0	0.0	-1.0	
1504720145968	767325879783	334.0	-44.0	0.0	-1.0	
1504720145986	767346021385	334.0	-44.0	0.0	-1.0	
1504720146004	767366162986	334.0	-44.0	0.0	-1.0	
1504720146022	767386304588	334.0	-44.0	0.0	-1.0	
1504720146040	767406446189	334.0	-44.0	0.0	-1.0	
1504720146059	767426587791	334.0	-44.0	0.0	-1.0	
1504720146076	767446729392	334.0	-44.0	0.0	-1.0	
1504720146112	767466870994	334.0	-44.0	0.0	-1.0	
1504720146129	767487012596	334.0	-44.0	0.0	-1.0	
1504720146147	767507154197	334.0	-44.0	0.0	-1.0	
1504720146166	767527295799	334.0	-44.0	0.0	-1.0	
1504720146183	767547437400	334.0	-44.0	0.0	-1.0	
1504720146201	767567579002	334.0	-44.0	0.0	-1.0	
1504720146219	767587720603	334.0	-44.0	0.0	-1.0	
1504720146237	767607862205	334.0	-44.0	0.0	-1.0	
1504720146274	767628003806	334.0	-44.0	0.0	-1.0	
1504720146290	767648145408	334.0	-44.0	0.0	-1.0	
1504720146308	767668287010	334.0	-44.0	0.0	-1.0	
1504720146327	767688428611	334.0	-44.0	0.0	-1.0	
1504720146343	767708570213	334.0	-44.0	0.0	-1.0	
1504720146365	767728711814	334.0	-44.0	0.0	-1.0	
1504720146380	767748853416	334.0	-44.0	0.0	-1.0	
1504720146415	767768995017	334.0	-45.0	0.0	-1.0	
1504720146432	767789136619	334.0	-45.0	0.0	-1.0	
1504720146450	767809278221	334.0	-45.0	0.0	-1.0	
1504720146468	767829419822	334.4298095703125	-45.0	0.0	-1.0	
1504720146488	767849561424	335.0	-45.0	0.0	-1.0	
1504720146504	767869703025	335.0	-45.0	0.0	-1.0	
1504720146522	767889844627	335.0	-45.0	0.0	-1.0	
1504720146540	767909986228	335.0	-45.0	0.0	-1.0	
1504720146575	767930127830	335.0	-45.0	0.0	-1.0	
1504720146595	767950269431	335.0	-45.0	0.0	-1.0	
1504720146611	767970411033	335.0	-45.0	0.0	-1.0	
1504720146633	767990552635	335.0	-45.0	0.0	-1.0	
1504720146647	768010694236	335.0	-45.0	0.0	-1.0	
1504720146664	768030835838	335.0	-45.0	0.0	-1.0	
1504720146682	768050977439	335.0	-45.0	0.0	-1.0	
1504720146701	768071119041	335.0	-45.0	0.0	-1.0	
1504720146736	768091260642	335.0	-45.0	0.0	-1.0	
1504720146754	768111402244	335.0	-45.0	0.0	-1.0	
1504720146773	768131543846	335.0	-45.0	0.0	-1.0	
1504720146790	768151685447	335.0	-45.0	0.0	-1.0	
1504720146808	768171827049	335.0	-45.0	0.0	-1.0	
1504720146826	768191968650	335.0	-45.0	0.0	-1.0	
1504720146844	768212110252	335.0	-45.0	0.0	-1.0	
1504720146883	768232251853	335.0	-45.0	0.0	-1.0	
1504720146898	768252393455	335.0	-45.0	0.0	-1.0	
1504720146916	768272535056	335.0	-45.0	0.0	-1.0	
1504720146933	768292676658	335.0	-45.0	0.0	-1.0	
1504720146951	768312818260	335.0	-45.0	0.0	-1.0	
1504720146969	768332959861	335.0	-45.0	0.0	-1.0	
1504720146987	768353101463	335.0	-45.0	0.0	-1.0	
1504720147004	768373243064	335.0	-45.0	0.0	-1.0	
1504720147041	768393384666	335.0	-45.0	0.0	-1.0	
1504720147058	768413526267	335.0	-45.0	0.0	-1.0	
1504720147076	768433667869	335.0	-45.0	0.0	-1.0	
1504720147094	768453809471	335.0	-45.0	0.0	-1.0	
1504720147112	768473951072	335.0	-45.0	0.0	-1.0	
1504720147130	768494092674	335.0	-45.0	0.0	-1.0	
1504720147151	768514234275	335.0	-45.0	0.0	-1.0	
1504720147166	768534375877	335.0	-45.0	0.0	-1.0	
1504720147201	768554517478	335.0	-45.0	0.0	-1.0	
1504720147219	768574659080	335.0	-45.0	0.0	-1.0	
1504720147236	768594800681	335.0	-45.0	0.0	-1.0	
1504720147254	768614942283	335.0	-45.0	0.0	-1.0	
1504720147272	768635083885	335.0	-45.0	0.0	-1.0	
1504720147290	768655225486	335.0	-45.0	0.0	-1.0	
1504720147309	768675367088	335.0	-45.0	0.0	-1.0	
1504720147344	768695508689	335.0	-45.0	0.0	-1.0	
1504720147362	768715650291	335.0	-45.0	0.0	-1.0	
1504720147379	768735791892	335.3048095703125	-45.0	0.0	-1.0	
1504720147398	768755933494	336.0	-45.0	0.0	-1.0	
1504720147420	768776075096	336.0	-45.0	0.0	-1.0	
1504720147433	768796216697	336.0	-45.0	0.0	-1.0	
1504720147450	768816358299	336.0	-45.0	0.0	-1.0	
1504720147469	768836499900	335.0428161621094	-45.0	0.0	-1.0	
1504720147505	768856641502	335.0	-45.0	0.0	-1.0	
1504720147522	768876783103	335.0	-45.0	0.0	-1.0	
1504720147541	768896924705	335.0	-45.0	0.0	-1.0	
1504720147558	768917066306	335.0	-45.0	0.0	-1.0	
1504720147576	768937207908	335.0	-45.0	0.0	-1.0	
1504720147593	768957349510	335.0	-45.0	0.0	-1.0	
1504720147612	768977491111	335.0	-45.0	0.0	-1.0	
1504720147647	768997632713	335.0	-46.0	0.0	-1.0	
1504720147665	769017774314	335.0	-46.0	0.0	-1.0	
1504720147687	769037915916	335.0	-46.26368713378906	0.0	-1.0	
1504720147700	769058057517	335.0	-47.0	0.0	-1.0	
1504720147719	769078199119	335.0	-47.0	0.0	-1.0	
1504720147737	769098340721	335.0	-47.0	0.0	-1.0	
1504720147754	769118482322	335.0	-47.0	0.0	-1.0	
1504720147774	769138623924	335.0	-47.0	0.0	-1.0	
1504720147809	769158765525	335.0	-47.0	0.0	-1.0	
1504720147827	769178907127	335.0	-47.0	0.0	-1.0	
1504720147843	769199048728	335.0	-47.0	0.0	-1.0	
1504720147862	769219190330	335.0	-47.0	0.0	-1.0	
1504720147881	769239331931	335.0	-47.0	0.0	-1.0	
1504720147898	769259473533	335.0	-47.0	0.0	-1.0	
1504720147915	769279615135	335.0	-47.0	0.0	-1.0	
1504720147937	769299756736	335.0	-47.0	0.0	-1.0	
1504720147969	769319898338	335.0	-47.0	0.0	-1.0	
1504720147986	769340039939	335.0	-47.0	0.0	-1.0	
1504720148004	769360181541	335.0	-47.0	0.0	-1.0	
1504720148021	769380323142	335.0	-47.0	0.0	-1.0	
1504720148040	769400464744	335.0	-47.0	0.0	-1.0	
1504720148058	769420606346	335.0	-47.0	0.0	-1.0	
1504720148076	769440747947	335.0	-47.0	0.0	-1.0	
1504720148111	769460889549	336.0	-47.0	0.0	-1.0	
1504720148129	769481031150	336.0	-47.0	0.0	-1.0	
1504720148147	769501172752	336.0	-47.0	0.0	-1.0	
1504720148164	769521314353	336.0	-47.0	0.0	-1.0	
1504720148182	769541455955	336.0	-47.0	0.0	-1.0	
1504720148205	769561597556	336.0	-47.0	0.0	-1.0	
1504720148218	769581739158	336.78936767578125	-47.0	0.0	-1.0	
1504720148236	769601880760	337.0	-47.0	0.0	-1.0	
1504720148272	769622022361	337.0	-47.0	0.0	-1.0	
1504720148290	769642163963	337.0	-47.0	0.0	-1.0	
1504720148307	769662305564	337.0	-47.0	0.0	-1.0	
1504720148326	769682447166	337.0	-47.0	0.0	-1.0	
1504720148345	769702588767	337.0	-46.42710876464844	0.0	-1.0	
1504720148365	769722730369	337.0	-46.0	0.0	-1.0	
1504720148381	769742871971	337.0	-46.0	0.0	-1.0	
1504720148398	769763013572	337.0	-46.0	0.0	-1.0	
1504720148434	769783155174	337.0	-46.0	0.0	-1.0	
1504720148452	769803296775	337.0	-46.0	0.0	-1.0	
1504720148473	769823438377	337.0	-46.0	0.0	-1.0	
1504720148488	769843579978	337.0	-46.0	0.0	-1.0	
1504720148505	769863721580	337.0	-46.0	0.0	-1.0	
1504720148531	769883863181	337.0	-46.0	0.0	-1.0	
1504720148542	769904004783	336.12158203125	-46.0	0.0	-1.0	
1504720148579	769924146385	336.0	-46.0	0.0	-1.0	
1504720148597	769944287986	336.0	-46.0	0.0	-1.0	
1504720148612	769964429588	336.0	-46.0	0.0	-1.0	
1504720148630	769984571189	336.0	-46.0	0.0	-1.0	
1504720148648	770004712791	336.0	-46.0	0.0	-1.0	
1504720148666	770024854392	336.6620788574219	-46.0	0.0	-1.0	
1504720148685	770044995994	337.0	-46.0	0.0	-1.0	
1504720148703	770065137596	337.0	-46.0	0.0	-1.0	
1504720148739	770085279197	337.0	-46.0	0.0	-1.0	
1504720148757	770105420799	337.0	-46.0	0.0	-1.0	
1504720148775	770125562400	337.0	-46.0	0.0	-1.0	
1504720148794	770145704002	337.0	-46.0	0.0	-1.0	
1504720148809	770165845603	337.0	-46.0	0.0	-1.0	
1504720148828	770185987205	337.0	-46.0	0.7066802978515625	-1.0	
1504720148848	770206128806	337.0	-46.0	0.1626739501953125	-1.0	
1504720148864	770226270408	337.0	-46.0	0.9674530029296875	-1.0	
1504720148899	770246412010	337.0	-46.0	1.0	-1.0	
1504720148916	770266553611	337.0	-46.0	1.0	-1.0	
1504720148934	770286695213	337.0	-46.0	1.0	-1.0	
1504720148954	770306836814	337.0	-46.0	1.0	-1.0	
1504720148973	770326978416	337.0	-46.0	1.0	-1.0	
1504720148987	770347120017	337.0	-46.0	1.0	-1.0	
1504720149005	770367261619	337.0	-46.0	1.0	-1.0	
1504720149041	770387403221	337.0	-46.0	1.0	-1.0	
1504720149060	770407544822	337.0	-46.0	1.0	-1.0	
1504720149078	770427686424	337.0	-46.0	1.0	-1.0	
1504720149097	770447828025	337.0	-46.0	1.0	-1.0	
1504720149114	770467969627	337.0	-46.0	1.0	-1.0	
1504720149130	770488111228	337.0	-46.0	1.0	-1.0	
1504720149150	770508252830	337.0	-46.0	1.0	-1.0	
1504720149168	770528394431	337.0	-46.0	1.0	-1.0	
1504720149204	770548536033	337.0	-45.94349670410156	1.0	-1.0	
1504720149222	770568677635	337.0	-45.0	1.0	-1.0	
1504720149242	770588819236	337.0	-45.0	1.0	-1.0	
1504720149256	770608960838	337.0	-45.0	1.0	-1.0	
1504720149274	770629102439	337.0	-45.0	1.0	-1.0	
1504720149291	770649244041	337.0	-45.0	1.0	-1.0	
1504720149310	770669385642	337.0	-45.0	1.0	-1.0	
1504720149329	770689527244	337.0	-45.0	1.0	-1.0	
1504720149364	770709668846	337.0	-45.0	1.0	-1.0	
1504720149384	770729810447	337.0	-45.0	1.0	-1.0	
1504720149400	770749952049	337.0	-45.0	1.0	-1.0	
1504720149417	770770093650	337.0	-45.0	1.0	-1.0	
1504720149435	770790235252	337.0	-45.0	1.0	-1.0	
1504720149451	770810376853	337.0	-45.0	1.0	-1.0	
1504720149471	770830518455	337.0	-45.0	1.0	-1.0	
1504720149510	770850660056	337.0	-45.0	1.0	-1.0	
1504720149523	770870801658	337.0	-45.0	1.0	-1.0	
1504720149541	770890943260	337.0	-45.0	1.0	-1.0	
1504720149559	770911084861	337.0	-45.0	1.0	-1.0	
1504720149578	770931226463	337.0	-45.0	1.0	-1.0	
1504720149596	770951368064	337.0	-45.0	1.0	-1.0	
1504720149612	770971509666	337.0	-45.0	1.0	-1.0	
1504720149631	770991651267	337.0	-45.0	1.0	-1.0	
1504720149666	771011792869	337.0	-45.0	1.0	-1.0	
1504720149685	771031934471	337.0	-45.0	1.0	-1.0	
1504720149704	771052076072	337.0	-45.0	1.0	-1.0	
1504720149721	771072217674	337.0	-45.0	1.0	-1.0	
1504720149739	771092359275	337.0	-45.0	1.0	-1.0	
1504720149759	771112500877	337.0	-45.0	1.0	-1.0	
1504720149774	771132642478	337.0	-45.0	1.0	-1.0	
1504720149792	771152784080	337.0	-45.0	1.0	-1.0	
1504720149828	771172925681	337.0	-45.0	1.0	-1.0	
1504720149846	771193067283	337.0	-45.0	1.0	-1.0	
1504720149864	771213208885	337.3664245605469	-45.0	1.0	-1.0	
1504720149881	771233350486	338.0	-45.0	1.0	-1.0	
1504720149900	771253492088	338.0	-45.0	1.0	-1.0	
1504720149918	771273633689	338.0	-45.0	1.0	-1.0	
1504720149935	771293775291	338.0	-45.0	1.0	-1.0	
1504720149972	771313916892	338.0	-45.0	1.0	-1.0	
1504720149988	771334058494	338.0	-45.0	1.0	-1.0	
1504720150007	771354200096	338.0	-45.0	1.0	-1.0	
1504720150028	771374341697	338.0	-45.0	1.0	-1.0	
1504720150042	771394483299	338.0	-45.0	1.0	-1.0	
1504720150060	771414624900	338.0	-45.0	1.0	-1.0	
1504720150078	771434766502	338.0	-45.0	1.0	-1.0	
1504720150096	771454908103	338.0	-45.0	1.0	-1.0	
1504720150134	771475049705	338.0	-45.0	1.0	-1.0	
1504720150151	771495191306	338.0	-45.0	1.0	-1.0	
1504720150167	771515332908	338.0	-45.0	1.0	-1.0	
1504720150185	771535474510	338.0	-45.0	1.0	-1.0	
1504720150203	771555616111	338.0	-45.0	1.0	-1.0	
1504720150221	771575757713	338.0	-45.0	1.0	-1.0	
1504720150239	771595899314	338.0	-45.0	1.0	-1.0	
1504720150256	771616040916	338.0	-45.0	1.0	-1.0	
1504720150297	771636182517	338.0	-45.0	1.0	-1.0	
1504720150310	771656324119	338.0	-45.0	1.0	-1.0	
1504720150328	771676465721	338.0	-45.0	1.0	-1.0	
1504720150346	771696607322	338.0	-45.0	1.0	-1.0	
1504720150363	771716748924	338.0	-45.0	1.0	-1.0	
1504720150381	771736890525	338.0	-45.0	1.0	-1.0	
1504720150399	771757032127	338.0	-45.0	1.0	-1.0	
1504720150417	771777173728	338.0	-45.0	1.0	-1.0	
1504720150438	771797315330	338.0	-45.0	1.0	-1.0	
1504720150471	771817456931	338.0	-45.0	1.0	-1.0	
1504720150488	771837598533	338.0	-45.0	1.0	-1.0	
1504720150506	771857740135	338.0	-45.0	1.0	-1.0	
1504720150523	771877881736	338.0	-45.0	1.0	-1.0	
1504720150541	771898023338	338.0	-45.0	1.0	-1.0	
1504720150563	771918164939	338.0	-45.0	1.0	-1.0	
1504720150578	771938306541	338.0	-45.0	1.0	-1.0	
1504720150595	771958448142	338.0	-45.0	1.0	-1.0	
1504720150611	771978589744	338.0	-45.0	1.0	-1.0	
1504720150648	771998731346	338.0	-45.0	1.0	-1.0	
1504720150666	772018872947	338.0	-45.0	1.0	-1.0	
1504720150682	772039014549	338.0	-45.0	1.0	-1.0	
1504720150702	772059156150	338.0	-45.0	1.0	-1.0	
1504720150718	772079297752	338.0	-45.0	1.0	-1.0	
1504720150738	772099439353	338.0	-45.0	1.0	-1.0	
1504720150756	772119580955	338.0	-45.0	1.0	-1.0	
1504720150776	772139722556	338.0	-45.0	1.0	-1.0	
1504720150792	772159864158	338.0	-45.0	1.0	-1.0	
1504720150831	772180005760	338.0	-45.0	1.0	-1.0	
1504720150846	772200147361	338.0	-45.0	1.0	-1.0	
1504720150861	772220288963	338.0	-45.0	1.0	-1.0	
1504720150881	772240430564	338.0	-45.0	1.0	-1.0	
1504720150899	772260572166	338.0	-45.0	1.0	-1.0	
1504720150917	772280713767	338.0	-45.0	1.0	-1.0	
1504720150936	772300855369	338.0	-45.0	1.0	-1.0	
1504720150953	772320996971	338.0	-45.0	1.0	-1.0	
1504720150970	772341138572	338.0	-45.0	1.0	-1.0	
1504720151007	772361280174	338.0	-45.0	1.0	-1.0	
1504720151023	772381421775	338.0	-45.0	1.0	-1.0	
1504720151045	772401563377	338.0	-45.0	1.0	-1.0	
1504720151061	772421704978	338.0	-45.0	1.0	-1.0	
1504720151082	772441846580	338.0	-45.0	1.0	-1.0	
1504720151097	772461988181	338.0	-45.0	1.0	-1.0	
1504720151132	772482129783	338.0	-45.0	1.0	-1.0	
1504720151150	772502271385	338.0	-45.0	1.0	-1.0	
1504720151164	772522412986	338.0	-45.49200439453125	1.0	-1.0	
1504720151182	772542554588	338.0	-46.0	1.0	-1.0	
1504720151201	772562696189	338.0	-45.165191650390625	1.0	-1.0	
1504720151236	772582837791	338.0	-45.0	1.0	-1.0	
1504720151256	772602979392	338.0	-45.0	1.0	-1.0	
1504720151272	772623120994	338.0	-45.0	1.0	-1.0	
1504720151289	772643262596	338.0	-45.0	1.0	-1.0	
1504720151308	772663404197	338.0	-45.0	1.0	-1.0	
1504720151325	772683545799	338.0	-45.0	1.0	-1.0	
1504720151347	772703687400	338.0	-45.0	1.0	-1.0	
1504720151379	772723829002	338.0	-45.0	1.0	-1.0	
1504720151397	772743970603	338.0	-45.0	1.0	-1.0	
1504720151415	772764112205	338.0	-45.0	1.0	-1.0	
1504720151433	772784253806	338.0	-45.0	1.0	-1.0	
1504720151450	772804395408	338.0	-45.0	1.0	-1.0	
1504720151468	772824537010	338.0	-45.0	1.0	-1.0	
1504720151486	772844678611	338.0	-45.0	1.0	-1.0	
1504720151503	772864820213	338.88397216796875	-45.0	1.0	-1.0	
1504720151539	772884961814	339.0	-45.0	0.0	-1.0	
1504720151558	772905103416	339.0	-45.0	0.0	-1.0	
1504720151575	772925245017	339.0	-45.0	0.0	-1.0	
1504720151594	772945386619	339.0	-45.0	0.0	-1.0	
1504720151615	772965528221	339.0	-45.0	0.0	-1.0	
1504720151629	772985669822	339.0	-45.63883972167969	0.0	-1.0	
1504720151646	773005811424	339.0	-46.0	0.0	-1.0	
1504720151663	773025953025	338.1092224121094	-46.0	0.0	-1.0	
1504720151699	773046094627	338.0	-46.0	0.0	-1.0	
1504720151718	773066236228	338.0	-45.858367919921875	0.0	-1.0	
1504720151735	773086377830	338.0	-45.0	0.0	-1.0	
1504720151753	773106519431	338.0	-45.0	0.394195556640625	-1.0	
1504720151770	773126661033	338.0	-45.0	1.0	-1.0	
1504720151789	773146802635	338.0	-45.0	1.0	-1.0	
1504720151806	773166944236	338.0	-45.0	1.0	-1.0	
1504720151825	773187085838	338.0	-45.0	1.0	-1.0	
1504720151861	773207227439	338.0	-45.0	1.0	-1.0	
1504720151883	773227369041	338.1484375	-45.0	1.0	-1.0	
1504720151897	773247510642	339.0	-45.0	1.0	-1.0	
1504720151914	773267652244	339.0	-45.0	1.0	-1.0	
1504720151932	773287793846	339.0	-45.0	0.473602294921875	-1.0	
1504720151950	773307935447	339.0	-45.0	0.0	-1.0	
1504720151967	773328077049	339.0	-45.0	0.0	-1.0	
1504720151986	773348218650	339.0	-45.0	0.0	-1.0	
1504720152022	773368360252	339.0	-45.0	0.0	-1.0	
1504720152039	773388501853	339.0	-45.0	0.0	-1.0	
1504720152059	773408643455	339.0	-45.0	0.0	-1.0	
1504720152077	773428785056	339.0	-45.0	0.0	-1.0	
1504720152094	773448926658	339.0	-45.0	0.0	-1.0	
1504720152112	773469068260	339.0	-45.0	0.0	-1.0	
1504720152132	773489209861	339.0	-45.0	0.0	-1.0	
1504720152146	773509351463	339.0	-45.9112548828125	0.0	-1.0	
1504720152183	773529493064	339.0	-45.96417236328125	0.0	-1.0	
1504720152200	773549634666	339.0	-45.0	0.0	-1.0	
1504720152218	773569776267	339.0	-45.0	0.28839111328125	-1.0	
1504720152235	773589917869	339.0	-45.0	1.0	-1.0	
1504720152254	773610059471	339.0	-45.0	1.0	-1.0	
1504720152273	773630201072	339.0	-45.0	1.0	-1.0	
1504720152288	773650342674	339.0	-45.0	1.0	-1.0	
1504720152307	773670484275	339.0	-45.0	1.0	-1.0	
1504720152343	773690625877	339.0	-45.0	1.0	-1.0	
1504720152362	773710767478	339.0	-45.0	1.0	-1.0	
1504720152380	773730909080	339.0	-45.0	1.0	-1.0	
1504720152401	773751050681	339.0	-45.0	1.0	-1.0	
1504720152415	773771192283	339.0	-45.0	1.0	-1.0	
1504720152433	773791333885	339.0	-45.0	1.0	-1.0	
1504720152450	773811475486	339.0	-45.0	1.0	-1.0	
1504720152468	773831617088	339.0	-45.0	1.0	-1.0	
1504720152503	773851758689	339.0	-45.0	1.0	-1.0	
1504720152522	773871900291	339.0	-45.0	1.0	-1.0	
1504720152540	773892041892	339.0	-45.0	1.0	-1.0	
1504720152557	773912183494	339.0	-45.0	1.0	-1.0	
1504720152575	773932325096	339.0	-45.0	1.0	-1.0	
1504720152594	773952466697	339.0	-45.0	1.0	-1.0	
1504720152611	773972608299	339.0	-45.0	1.0	-1.0	
1504720152629	773992749900	339.0	-45.0	1.0	-1.0	
1504720152666	774012891502	339.0	-45.0	1.0	-1.0	
1504720152683	774033033103	339.0	-45.0	1.0	-1.0	
1504720152701	774053174705	339.3088684082031	-45.0	1.0	-1.0	
1504720152720	774073316306	340.0	-45.0	1.0	-1.0	
1504720152735	774093457908	340.0	-45.0	1.0	-1.0	
1504720152753	774113599510	340.0	-45.0	1.0	-1.0	
1504720152771	774133741111	340.0	-45.0	1.0	-1.0	
1504720152789	774153882713	340.0	-45.0	1.0	-1.0	
1504720152824	774174024314	340.0	-45.0	1.0	-1.0	
1504720152842	774194165916	340.0	-45.0	1.0	-1.0	
1504720152861	774214307517	340.0	-45.0	1.0	-1.0	
1504720152878	774234449119	340.0	-45.0	1.0	-1.0	
1504720152896	774254590721	340.0	-45.0	1.0	-1.0	
1504720152918	774274732322	340.0	-45.0	1.0	-1.0	
1504720152932	774294873924	340.0	-45.0	1.0	-1.0	
1504720152950	774315015525	340.0	-45.0	1.0	-1.0	
1504720152986	774335157127	340.0	-45.0	1.0	-1.0	
1504720153003	774355298728	340.0	-45.0	1.0	-1.0	
1504720153022	774375440330	340.0	-45.0	1.0	-1.0	
1504720153039	774395581931	340.0	-45.0	1.0	-1.0	
1504720153056	774415723533	340.0	-45.0	1.0	-1.0	
1504720153075	774435865135	340.0	-45.0	1.0	-1.0	
1504720153094	774456006736	340.0	-45.0	1.0	-1.0	
1504720153111	774476148338	340.0	-45.0	1.0	-1.0	
1504720153147	774496289939	340.0	-45.0	1.0	-1.0	
1504720153164	774516431541	340.0	-45.0	1.0	-1.0	
1504720153185	774536573142	340.0	-45.0	1.0	-1.0	
1504720153200	774556714744	340.0	-45.0	1.0	-1.0	
1504720153218	774576856346	340.0	-45.0	1.0	-1.0	
1504720153235	774596997947	340.0	-45.0	1.0	-1.0	
1504720153254	774617139549	340.0	-45.0	1.0	-1.0	
1504720153272	774637281150	340.0	-45.0	1.0	-1.0	
1504720153308	774657422752	340.0	-45.0	1.0	-1.0	
1504720153326	774677564353	340.0	-45.0	1.0	-1.0	
1504720153344	774697705955	340.0	-45.0	1.0	-1.0	
1504720153361	774717847556	340.0	-45.0	1.0	-1.0	
1504720153379	774737989158	340.0	-45.0	1.0	-1.0	
1504720153397	774758130760	340.0	-45.0	1.0	-1.0	
1504720153415	774778272361	340.0	-45.0	1.0	-1.0	
1504720153436	774798413963	340.0	-45.0	1.0	-1.0	
1504720153468	774818555564	340.0	-45.0	1.0	-1.0	
1504720153486	774838697166	340.0	-45.0	1.0	-1.0	
1504720153504	774858838767	340.0	-45.0	1.0	-1.0	
1504720153522	774878980369	340.0	-45.0	1.0	-1.0	
1504720153540	774899121971	340.0	-45.0	1.0	-1.0	
1504720153558	774919263572	340.0	-45.0	1.0	-1.0	
1504720153575	774939405174	340.0	-45.0	1.0	-1.0	
1504720153592	774959546775	340.0	-45.0	1.0	-1.0	
1504720153628	774979688377	340.0	-45.0	1.0	-1.0	
1504720153646	774999829978	340.0	-45.0	1.0	-1.0	
1504720153664	775019971580	340.0	-45.0	1.0	-1.0	
1504720153682	775040113181	340.0	-45.0	1.0	-1.0	
1504720153703	775060254783	340.6006774902344	-45.0	1.0	-1.0	
1504720153718	775080396385	341.0	-45.0	1.0	-1.0	
1504720153736	775100537986	341.0	-45.0	1.0	-1.0	
1504720153754	775120679588	341.0	-45.0	1.0	-1.0	
1504720153789	775140821189	341.0	-45.0	1.0	-1.0	
1504720153807	775160962791	341.0	-45.0	1.0	-1.0	
1504720153825	775181104392	341.0	-45.0	1.0	-1.0	
1504720153842	775201245994	341.0	-45.0	1.0	-1.0	
1504720153860	775221387596	341.0	-45.0	1.0	-1.0	
1504720153879	775241529197	341.0	-45.0	1.0	-1.0	
1504720153895	775261670799	341.0	-45.0	1.0	-1.0	
1504720153914	775281812400	341.0	-45.0	1.0	-1.0	
1504720153953	775301954002	341.0	-45.0	1.0	-1.0	
1504720153967	775322095603	341.0	-45.0	1.0	-1.0	
1504720153986	775342237205	341.0	-45.36177062988281	0.6382293701171875	-1.0	
1504720154004	775362378806	341.0	-46.0	0.0	-1.0	
1504720154021	775382520408	341.0	-46.0	0.0	-1.0	
1504720154041	775402662010	341.7393493652344	-46.0	0.0	-1.0	
1504720154058	775422803611	342.0	-46.0	0.0	-1.0	
1504720154076	775442945213	342.0	-46.0	0.0	-1.0	
1504720154111	775463086814	342.0	-47.0	0.0	-1.0	
1504720154129	775483228416	342.0	-47.0	0.0	-1.0	
1504720154146	775503370017	342.0	-47.36859130859375	0.0	-1.0	
1504720154165	775523511619	342.0	-48.0	0.0	-1.0	
1504720154181	775543653221	342.0	-48.0	0.0	-1.0	
1504720154200	775563794822	342.0	-48.0	0.0	-1.0	
1504720154222	775583936424	342.0	-48.0	0.0	-1.0	
1504720154236	775604078025	342.0	-48.0	0.0	-1.0	
1504720154272	775624219627	343.0	-48.0	0.0	-1.0	
1504720154289	775644361228	343.0	-48.0	0.0	-1.0	
1504720154307	775664502830	343.0	-48.37541198730469	0.3754119873046875	-1.0	
1504720154325	775684644431	343.0	-49.0	1.0	-1.0	
1504720154343	775704786033	343.0	-49.0	1.0	-1.0	
1504720154362	775724927635	343.0	-49.0	1.0	-1.0	
1504720154378	775745069236	343.0	-49.0	1.0	-1.0	
1504720154414	775765210838	343.0	-50.0	1.0	-1.0	
1504720154433	775785352439	343.0	-50.0	1.0	-1.0	
1504720154450	775805494041	343.0	-50.0	1.0	-1.0	
1504720154469	775825635642	343.0	-50.0	1.0	-1.0	
1504720154490	775845777244	343.0	-50.0	1.0	-1.0	
1504720154504	775865918846	343.0	-50.0	1.0	-1.0	
1504720154522	775886060447	343.0	-50.0	1.0	-1.0	
1504720154540	775906202049	343.0	-50.0	1.0	-1.0	
1504720154576	775926343650	343.0	-50.0	1.0	-1.0	
1504720154593	775946485252	343.0	-50.0	1.0	-1.0	
1504720154611	775966626853	343.0	-50.0	1.0	-1.0	
1504720154629	775986768455	343.0	-50.0	1.0	-1.0	
1504720154647	776006910056	343.0	-50.0	1.0	-1.0	
1504720154664	776027051658	343.0	-50.0	1.0	-1.0	
1504720154683	776047193260	343.0	-49.233795166015625	1.0	-1.0	
1504720154700	776067334861	343.0	-49.0	1.0	-1.0	
1504720154736	776087476463	344.0	-49.0	1.0	-1.0	
1504720154758	776107629559	344.0	-49.0	1.0	-1.0	
1504720154772	776127771161	344.0	-49.0	1.0	-1.0	
1504720154789	776147912762	344.0	-49.0	1.0	-1.0	
1504720154806	776168054364	344.0	-49.0	1.0	-1.0	
1504720154824	776188195966	344.0	-48.35325622558594	1.0	-1.0	
1504720154843	776208337567	344.0	-48.0	1.0	-1.0	
1504720154860	776228479169	344.0	-48.0	1.0	-1.0	
1504720154897	776248620770	345.0	-48.0	1.0	-1.0	
1504720154914	776268762372	345.0	-48.0	1.0	-1.0	
1504720154933	776288903973	345.0	-48.0	1.0	-1.0	
1504720154950	776309045575	345.0	-48.40272521972656	1.0	-1.0	
1504720154967	776329187176	345.5281066894531	-49.0	0.471893310546875	-1.0	
1504720154985	776349328778	346.0	-49.0	0.0	-1.0	
1504720155003	776369470380	346.0	-49.0	0.0	-1.0	
1504720155025	776389611981	346.0	-49.0	0.0	-1.0	
1504720155057	776409753583	346.0	-49.0	0.0	-1.0	
1504720155075	776429895184	346.0	-49.0	0.0	-1.0	
1504720155092	776450036786	346.0	-49.0	0.0	-1.0	
1504720155111	776470178387	346.0	-48.5904541015625	0.0	-1.0	
1504720155128	776490319989	346.0	-48.0	0.0	-1.0	
1504720155145	776510461591	346.0	-48.0	0.0	-1.0	
1504720155165	776530603192	346.0	-48.78668212890625	0.0	-1.0	
1504720155183	776550744794	346.0	-49.0	0.0	-1.0	
1504720155218	776570886395	346.0	-49.0	0.0	-1.0	
1504720155236	776591027997	346.0	-49.0	0.0	-1.0	
1504720155253	776611169598	346.0	-49.0	0.0	-1.0	
1504720155277	776631311200	346.0	-49.0	0.0	-1.0	
1504720155289	776651452801	346.0	-49.0	0.0	-1.0	
1504720155306	776671594403	346.0	-49.0	0.0	-1.0	
1504720155325	776691736005	346.0	-49.0	0.0	-1.0	
1504720155344	776711877606	346.0	-48.08021545410156	0.0	-1.0	
1504720155379	776732019208	346.0	-48.04435729980469	0.0	-1.0	
1504720155397	776752160809	346.0	-49.0	0.0	-1.0	
1504720155414	776772302411	346.0	-49.0	0.0	-1.0	
1504720155432	776792444012	346.0	-49.0	0.0	-1.0	
1504720155449	776812585614	346.0	-49.0	0.0	-1.0	
1504720155468	776832727216	346.0	-49.0	0.0	-1.0	
1504720155485	776852868817	346.0	-49.0	0.0	-1.0	
1504720155503	776873010419	346.0	-49.0	0.0	-1.0	
1504720155542	776893152020	346.0	-49.0	0.0	-1.0	
1504720155556	776913293622	346.0	-49.0	0.0	-1.0	
1504720155574	776933435223	346.0	-49.0	0.0	-1.0	
1504720155593	776953576825	346.0	-49.0	0.0	-1.0	
1504720155609	776973718426	346.0	-49.0	0.0	-1.0	
1504720155628	776993860028	346.0	-49.0	0.0	-1.0	
1504720155645	777014001630	346.0	-49.0	0.0	-1.0	
1504720155664	777034143231	346.0	-49.0	0.0	-1.0	
1504720155700	777054284833	346.0	-49.0	0.0	-1.0	
1504720155717	777074426434	346.0	-49.0	0.0	-1.0	
1504720155736	777094568036	346.0	-49.0	0.0	-1.0	
1504720155754	777114709637	346.0	-49.0	0.0	-1.0	
1504720155770	777134851239	346.0	-49.0	0.0	-1.0	
1504720155789	777154992841	346.0	-49.0	0.0	-1.0	
1504720155810	777175134442	346.0	-49.0	0.0	-1.0	
1504720155824	777195276044	346.0	-49.0	0.0	-1.0	
1504720155860	777215417645	346.0	-49.0	0.0	-1.0	
1504720155879	777235559247	346.0	-49.0	0.0	-1.0	
1504720155897	777255700848	346.0	-49.0	0.0	-1.0	
1504720155914	777275842450	346.0	-49.0	0.0	-1.0	
1504720155932	777295984051	346.0	-48.43174743652344	0.0	-1.0	
1504720155950	777316125653	346.0	-48.0	0.0	-1.0	
1504720155969	777336267255	346.0	-48.0	0.0	-1.0	
1504720155986	777356408856	346.0	-48.0	0.0	-1.0	
1504720156020	777376550458	346.0716552734375	-48.0	0.0	-1.0	
1504720156039	777396692059	347.0	-48.19793701171875	0.0	-1.0	
1504720156060	777416833661	347.0	-49.0	0.0	-1.0	
1504720156074	777436975262	346.55120849609375	-48.55120849609375	0.0	-1.0	
1504720156092	777457116864	346.0	-48.0	0.0	-1.0	
1504720156111	777477258466	346.0	-48.0	0.0	-1.0	
1504720156129	777497400067	346.0	-48.0	0.0	-1.0	
1504720156148	777517541669	346.0	-48.0	0.0	-1.0	
1504720156183	777537683270	346.0	-48.0	1.0	-1.0	
1504720156201	777557824872	346.0	-48.0	1.0	-1.0	
1504720156218	777577966473	346.0	-48.0	1.0	-1.0	
1504720156236	777598108075	346.0	-48.0	1.0	-1.0	
1504720156254	777618249676	346.0	-48.0	1.0	-1.0	
1504720156271	777638391278	346.0	-48.0	1.0	-1.0	
1504720156289	777658532880	346.0	-48.0	1.0	-1.0	
1504720156310	777678674481	346.0	-48.0	1.0	-1.0	
1504720156342	777698816083	346.0	-48.0	1.0	-1.0	
1504720156360	777718957684	346.0	-48.0	1.0	-1.0	
1504720156380	777739099286	346.0	-48.0	1.0	-1.0	
1504720156398	777759240887	346.0	-48.0	1.0	-1.0	
1504720156414	777779382489	346.0	-48.0	1.0	-1.0	
1504720156432	777799524091	346.0	-48.0	1.0	-1.0	
1504720156451	777819665692	346.0	-48.0	1.0	-1.0	
1504720156468	777839807294	346.0	-48.0	1.0	-1.0	
1504720156504	777859948895	346.0	-48.0	1.0	-1.0	
1504720156522	777880090497	346.2180480957031	-48.0	1.0	-1.0	
1504720156539	777900232098	347.0	-48.0	1.0	-1.0	
1504720156557	777920373700	347.0	-48.0	1.0	-1.0	
1504720156577	777940515301	347.0	-48.0	1.0	-1.0	
1504720156592	777960656903	347.0	-48.0	1.0	-1.0	
1504720156613	777980798505	347.0	-48.0	1.0	-1.0	
1504720156628	778000940106	347.0	-48.0	1.0	-1.0	
1504720156665	778021081708	347.0	-48.0	1.0	-1.0	
1504720156681	778041223309	347.0	-48.0	1.0	-1.0	
1504720156700	778061364911	347.0	-48.0	1.0	-1.0	
1504720156717	778081506512	347.0	-48.0	1.0	-1.0	
1504720156735	778101648114	347.0	-48.0	1.0	-1.0	
1504720156753	778121789716	347.0	-48.0	1.0	-1.0	
1504720156771	778141931317	347.0	-48.0	1.0	-1.0	
1504720156807	778162072919	347.0	-48.0	1.0	-1.0	
1504720156829	778182214520	347.0	-48.0	1.0	-1.0	
1504720156843	778202356122	347.0	-48.0	1.0	-1.0	
1504720156860	778222497723	347.0	-48.0	1.0	-1.0	
1504720156879	778242639325	347.0	-48.0	1.0	-1.0	
1504720156896	778262780926	347.0	-48.0	1.0	-1.0	
1504720156915	778282922528	347.0	-48.0	1.0	-1.0	
1504720156932	778303064130	347.0	-48.0	1.0	-1.0	
1504720156970	778323205731	347.0	-48.0	1.0	-1.0	
1504720156985	778343347333	347.0	-48.0	1.0	-1.0	
1504720157002	778363488934	347.0	-48.0	1.0	-1.0	
1504720157020	778383630536	347.0	-48.0	1.0	-1.0	
1504720157038	778403772137	347.0	-48.0	1.0	-1.0	
1504720157056	778423913739	346.25042724609375	-48.0	1.0	-1.0	
1504720157075	778444055341	346.0	-48.0	1.0	-1.0	
1504720157112	778464196942	346.0	-48.0	1.0	-1.0	
1504720157127	778484338544	346.0	-48.0	1.0	-1.0	
1504720157146	778504480145	346.0	-48.0	1.0	-1.0	
1504720157163	778524621747	346.0	-48.0	1.411651611328125	-1.0	
1504720157181	778544763348	346.0	-48.0	2.0	-1.0	
1504720157199	778564904950	346.0	-48.0	2.0	-1.0	
1504720157217	778585046551	346.0	-48.0	2.0	-1.0	
1504720157236	778605188153	346.0	-47.058319091796875	2.0	-1.0	
1504720157271	778625329755	346.0	-47.0	2.0	-1.0	
1504720157289	778645471356	346.0	-47.0	2.0	-1.0	
1504720157307	778665612958	346.0	-47.0	2.0	-1.0	
1504720157325	778685754559	346.0	-47.0	1.530029296875	-1.0	
1504720157342	778705896161	346.0	-47.0	1.0	-1.0	
1504720157364	778726037762	346.0	-47.0	1.0	-1.0	
1504720157378	778746179364	346.0	-47.0	1.0	-1.0	
1504720157396	778766320966	346.0	-48.0	1.0	-1.0	
1504720157432	778786462567	347.0	-48.0	1.0	-1.0	
1504720157450	778806604169	347.0	-48.0	1.0	-1.0	
1504720157468	778826745770	347.0	-48.0	1.0	-1.0	
1504720157486	778846887372	347.0	-48.0	1.0	-1.0	
1504720157504	778867028973	346.3379211425781	-48.0	1.0	-1.0	
1504720157522	778887170575	346.0	-47.205841064453125	1.0	-1.0	
1504720157539	778907312176	346.0	-47.0	1.0	-1.0	
1504720157575	778927453778	346.0	-46.94158935546875	1.05841064453125	-1.0	
1504720157593	778947595380	346.0	-46.0	2.0	-1.0	
1504720157610	778967736981	346.0	-46.0	2.0	-1.0	
1504720157632	778987878583	346.0	-46.0	2.0	-1.0	
1504720157646	779008020184	346.0	-46.0	2.0	-1.0	
1504720157663	779028161786	346.0	-46.0	2.0	-1.0	
1504720157682	779048303387	346.0	-46.0	2.0	-1.0	
1504720157700	779068444989	346.0	-46.0	2.0	-1.0	
1504720157736	779088586591	346.0	-47.0	2.0	-1.0	
1504720157753	779108728192	346.0	-47.0	2.0	-1.0	
1504720157771	779128869794	346.38250732421875	-47.0	2.0	-1.0	
1504720157790	779149011395	347.0	-47.0	2.0	-1.0	
1504720157807	779169152997	347.0	-47.0	2.0	-1.0	
1504720157824	779189294598	346.21954345703125	-47.0	2.0	-1.0	
1504720157842	779209436200	346.0	-46.08747863769531	2.0	-1.0	
1504720157884	779229577801	347.0	-46.0	2.0	-1.0	
1504720157896	779249719403	347.0	-46.176666259765625	2.0	-1.0	
1504720157914	779269861005	346.69073486328125	-47.0	2.0	-1.0	
1504720157931	779290002606	346.4425354003906	-47.0	2.0	-1.0	
1504720157949	779310144208	347.0	-47.0	2.0	-1.0	
1504720157966	779330285809	347.0	-47.0	2.0	-1.0	
1504720157986	779350427411	347.0	-47.0	2.0	-1.0	
1504720158003	779370569012	347.0	-47.0	2.0	-1.0	
1504720158039	779390710614	347.0	-47.0	2.0	-1.0	
1504720158057	779410852216	347.0	-47.0	2.0	-1.0	
1504720158074	779430993817	347.0	-47.0	2.0	-1.0	
1504720158092	779451135419	347.0	-47.0	2.0	-1.0	
1504720158113	779471277020	347.0	-47.0	2.0	-1.0	
1504720158127	779491418622	347.0	-47.0	2.0	-1.0	
1504720158150	779511560223	347.0	-47.0	2.0	-1.0	
1504720158183	779531701825	347.0	-47.0	2.0	-1.0	
1504720158200	779551843426	347.0	-47.0	2.0	-1.0	
1504720158219	779571985028	347.0	-47.0	2.0	-1.0	
1504720158236	779592126630	347.0	-47.0	2.0	-1.0	
1504720158254	779612268231	347.0	-47.0	2.0	-1.0	
1504720158272	779632409833	347.0	-47.0	2.0	-1.0	
1504720158288	779652551434	347.0	-47.0	2.0	-1.0	
1504720158307	779672693036	347.0	-47.0	2.0	-1.0	
1504720158342	779692834637	347.0	-47.0	2.0	-1.0	
1504720158361	779712976239	347.0	-47.0	2.0	-1.0	
1504720158378	779733117841	347.0	-47.0	2.0	-1.0	
1504720158396	779753259442	347.0	-47.0	2.0	-1.0	
1504720158417	779773401044	347.0	-47.0	2.0	-1.0	
1504720158432	779793542645	347.0	-47.0	2.0	-1.0	
1504720158449	779813684247	347.0	-47.0	2.0	-1.0	
1504720158486	779833825848	347.0	-47.0	2.0	-1.0	
1504720158503	779853967450	347.0	-47.0	2.0	-1.0	
1504720158522	779874109051	347.0	-47.0	2.0	-1.0	
1504720158539	779894250653	347.0	-47.0	2.0	-1.0	
1504720158556	779914392255	347.0	-47.0	2.0	-1.0	
1504720158578	779934533856	347.0	-47.0	2.0	-1.0	
1504720158594	779954675458	347.0	-47.0	2.0	-1.0	
1504720158609	779974817059	347.0	-47.0	2.0	-1.0	
1504720158646	779994958661	347.0	-47.0	2.0	-1.0	
1504720158666	780015100262	347.0	-47.0	2.0	-1.0	
1504720158681	780035241864	347.0	-47.0	2.0	-1.0	
1504720158699	780055383466	347.0	-47.0	2.0	-1.0	
1504720158718	780075525067	347.0	-47.0	2.0	-1.0	
1504720158735	780095666669	347.0	-47.0	2.0	-1.0	
1504720158753	780115808270	347.0	-47.0	2.0	-1.0	
1504720158789	780135949872	347.0	-47.0	2.0	-1.0	
1504720158807	780156091473	347.0	-47.0	2.0	-1.0	
1504720158824	780176233075	347.0	-47.0	2.0	-1.0	
1504720158842	780196374676	347.399658203125	-47.0	2.0	-1.0	
1504720158860	780216516278	348.0	-47.0	2.0	-1.0	
1504720158878	780236657880	348.0	-47.0	2.0	-1.0	
1504720158897	780256799481	348.0	-47.0	2.0	-1.0	
1504720158918	780276941083	348.0	-47.0	2.0	-1.0	
1504720158949	780297082684	348.0	-47.0	2.0	-1.0	
1504720158968	780317224286	348.0	-47.0	2.0	-1.0	
1504720158985	780337365887	348.0	-47.0	2.0	-1.0	
1504720159003	780357507489	348.0	-47.0	2.0	-1.0	
1504720159022	780377649091	348.0	-47.0	2.0	-1.0	
1504720159039	780397790692	348.0	-47.0	2.0	-1.0	
1504720159056	780417932294	348.0	-47.0	2.0	-1.0	
1504720159074	780438073895	348.0	-47.0	2.0	-1.0	
1504720159109	780458215497	348.0	-47.0	2.0	-1.0	
1504720159128	780478357098	348.0	-47.0	2.0	-1.0	
1504720159146	780498498700	348.0	-47.0	2.0	-1.0	
1504720159163	780518640301	348.0	-47.0	2.0	-1.0	
1504720159186	780538781903	348.0	-47.0	2.0	-1.0	
1504720159199	780558923505	348.0	-47.0	2.0	-1.0	
1504720159217	780579065106	348.0	-47.0	2.0	-1.0	
1504720159253	780599206708	348.0	-47.0	2.0	-1.0	
1504720159272	780619348309	348.0	-47.0	2.0	-1.0	
1504720159290	780639489911	348.0	-47.0	2.0	-1.0	
1504720159306	780659631512	348.0	-47.0	2.0	-1.0	
1504720159325	780679773114	348.0	-47.0	2.0	-1.0	
1504720159344	780699914716	348.0	-47.0	2.0	-1.0	
1504720159360	780720056317	348.0	-47.0	2.0	-1.0	
1504720159378	780740197919	348.0	-47.0	2.9725494384765625	-1.0	
1504720159414	780760339520	349.0	-47.0	3.0	-1.0	
1504720159437	780780481122	349.0	-47.0	3.0	-1.0	
1504720159450	780800622723	349.0	-47.0	3.0	-1.0	
