1504542364938	5413182680826	103.0	-1.0	0.0	95.0	
1504542364958	5413202822428	103.0	-1.0	0.0	95.0	
1504542364969	5413222964030	103.0	-1.0	0.0	95.0	
1504542364978	5413243105631	103.0	-1.0	0.0	95.0	
1504542364992	5413263247233	103.0	-1.0	0.0	95.0	
1504542365025	5413283388834	103.0	-1.0	0.0	95.0	
1504542365044	5413303530436	103.0	-1.0	0.0	95.0	
1504542365061	5413323672037	103.0	-1.0	0.0	95.0	
1504542365079	5413343813639	103.0	-1.0	0.0	95.0	
1504542365097	5413363955241	103.0	-1.0	0.0	95.0	
1504542365114	5413384096842	103.0	-1.0	0.0	95.0	
1504542365131	5413404238444	103.0	-1.0	0.0	95.0	
1504542365167	5413424380045	103.0	-1.0	0.0	95.0	
1504542365185	5413444521647	103.0	-1.0	0.0	95.0	
1504542365202	5413464663248	103.0	-1.0	0.0	95.0	
1504542365220	5413484804850	103.0	-1.0	0.0	95.0	
1504542365237	5413504946451	103.0	-1.0	0.0	95.0	
1504542365255	5413525088053	103.0	-1.0	0.0	95.0	
1504542365272	5413545229655	103.0	-1.0	0.0	95.0	
1504542365308	5413565371256	103.0	-1.0	0.0	95.0	
1504542365326	5413585512858	103.0	-1.0	0.0	95.0	
1504542365344	5413605654459	103.0	-1.0	0.0	95.0	
1504542365361	5413625796061	103.0	-1.0	0.0	95.0	
1504542365379	5413645937662	103.0	-1.0	0.0	95.0	
1504542365396	5413666079264	103.0	-1.0	0.0	95.0	
1504542365415	5413686220866	103.0	-1.0	0.0	95.0	
1504542365453	5413706362467	103.0	-1.0	0.0	95.0	
1504542365468	5413726504069	103.0	-1.0	0.0	95.0	
1504542365485	5413746645670	103.0	-1.0	0.0	95.0	
1504542365502	5413766787272	103.0	-1.0	0.0	95.0	
1504542365520	5413786928873	103.0	-1.0	0.0	95.0	
1504542365536	5413807070475	103.0	-1.0	0.0	95.0	
1504542365554	5413827212076	103.0	-1.0	0.0	95.0	
1504542365590	5413847353678	103.0	-1.0	0.0	95.0	
1504542365607	5413867495280	103.0	-1.0	0.0	95.0	
1504542365625	5413887636881	103.0	-1.0	0.0	95.0	
1504542365644	5413907778483	103.0	-1.0	0.0	95.0	
1504542365661	5413927920084	103.0	-1.0	0.0	95.0	
1504542365681	5413948061686	103.0	-1.0	0.0	95.0	
1504542365696	5413968203287	103.0	-1.0	0.0	95.0	
1504542365714	5413988344889	103.0	-1.0	0.0	95.0	
1504542365749	5414008486491	103.0	-1.0	0.0	95.0	
1504542365766	5414028628092	103.0	-1.0	0.0	95.0	
1504542365784	5414048769694	103.0	-1.0	0.0	95.0	
1504542365801	5414068911295	103.0	-1.0	0.0	95.0	
1504542365819	5414089052897	103.0	-1.0	0.0	95.0	
1504542365838	5414109194498	103.0	-1.0	0.0	95.0	
1504542365854	5414129336100	103.0	-1.0	0.0	95.0	
1504542365891	5414149477701	103.0	-1.0	0.0	95.0	
1504542365907	5414169619303	103.0	-1.0	0.0	95.0	
1504542365925	5414189760905	103.0	-1.0	0.0	95.0	
1504542365943	5414209902506	103.0	-1.0	0.0	95.0	
1504542365961	5414230044108	103.0	-1.0	0.0	95.0	
1504542365979	5414250185709	103.0	-1.0	0.0	95.0	
1504542365996	5414270327311	103.0	-1.0	0.0	95.0	
1504542366030	5414290468912	103.0	-1.0	0.0	95.0	
1504542366055	5414310610514	103.0	-1.0	0.0	95.0	
1504542366065	5414330752116	103.0	-1.0	0.0	95.0	
1504542366083	5414350893717	103.0	-1.0	0.0	95.0	
1504542366102	5414371035319	103.0	-1.0	0.0	95.0	
1504542366119	5414391176920	103.0	-1.0	0.0	95.0	
1504542366136	5414411318522	103.0	-1.0	0.0	95.0	
1504542366172	5414431460123	103.0	-1.0	0.0	95.0	
1504542366190	5414451601725	103.0	-1.0	0.0	95.0	
1504542366213	5414471743326	103.0	-1.0	0.0	95.0	
1504542366224	5414491884928	103.0	-1.0	0.0	95.0	
1504542366242	5414512026530	103.0	-1.0	0.0	95.0	
1504542366263	5414532168131	103.0	-1.0	0.0	95.0	
1504542366278	5414552309733	103.0	-1.0	0.0	95.0	
1504542366313	5414572451334	103.0	-1.0	0.0	95.0	
1504542366331	5414592592936	103.0	-1.0	0.0	95.0	
1504542366348	5414612734537	103.0	-1.0	0.0	95.0	
1504542366366	5414632876139	103.0	-1.0	0.0	95.0	
1504542366383	5414653017741	103.0	-1.0	0.0	95.0	
1504542366400	5414673159342	103.0	-1.0	0.0	95.0	
1504542366419	5414693300944	103.0	-1.0	0.0	95.0	
1504542366454	5414713442545	103.0	-1.0	0.0	95.0	
1504542366471	5414733584147	103.0	-1.0	0.0	95.0	
1504542366494	5414753725748	103.0	-1.0	0.0	95.0	
1504542366506	5414773867350	103.0	-1.0	0.0	95.0	
1504542366525	5414794008951	103.0	-1.0	0.0	95.0	
1504542366542	5414814150553	103.0	-1.0	0.0	95.0	
1504542366559	5414834292155	103.0	-1.0	0.0	95.0	
1504542366594	5414854433756	103.0	-1.0	0.0	95.0	
1504542366612	5414874575358	103.0	-1.0	0.0	95.0	
1504542366630	5414894716959	103.0	-1.0	0.0	95.0	
1504542366648	5414914858561	103.0	-1.0	0.0	95.0	
1504542366666	5414935000162	103.0	-1.0	0.0	95.0	
1504542366685	5414955141764	103.0	-1.0	0.0	95.0	
1504542366701	5414975283366	103.0	-1.0	0.0	95.0	
1504542366738	5414995424967	103.0	-1.0	0.0	95.0	
1504542366754	5415015566569	103.0	-1.0	0.0	95.0	
1504542366771	5415035708170	103.0	-1.0	0.0	95.0	
1504542366790	5415055849772	103.0	-1.0	0.0	95.0	
1504542366807	5415075991373	103.0	-1.0	0.0	95.0	
1504542366824	5415096132975	103.0	-1.0	0.0	95.0	
1504542366845	5415116274576	103.0	-1.0	0.0	95.0	
1504542366859	5415136416178	103.0	-1.0	0.0	95.0	
1504542366894	5415156557780	103.0	-1.0	0.0	95.0	
1504542366912	5415176699381	103.0	-1.0	0.0	95.0	
1504542366930	5415196840983	103.0	-1.0	0.0	95.0	
1504542366948	5415216982584	103.0	-1.0	0.0	95.0	
1504542366964	5415237124186	103.0	-1.0	0.0	95.0	
1504542366983	5415257265787	103.0	-1.0	0.0	95.0	
1504542367001	5415277407389	103.0	-1.0	0.0	95.0	
1504542367035	5415297548991	103.0	-1.0	0.0	95.0	
1504542367053	5415317690592	103.0	-1.0	0.0	95.0	
1504542367070	5415337832194	103.0	-1.0	0.0	95.0	
1504542367088	5415357973795	103.0	-1.0	0.0	95.0	
1504542367107	5415378115397	103.0	-1.0	0.0	95.0	
1504542367123	5415398256998	103.0	-1.0	0.0	95.0	
1504542367141	5415418398600	103.0	-1.0	0.0	95.0	
1504542367176	5415438540201	103.0	-1.0	0.0	95.0	
1504542367194	5415458681803	103.0	-1.0	0.0	95.0	
1504542367211	5415478823405	103.0	-1.0	0.0	95.0	
1504542367229	5415498965006	103.0	-1.0	0.0	95.0	
1504542367246	5415519106608	103.0	-1.0	0.0	95.0	
1504542367266	5415539248209	103.0	-1.0	0.0	95.0	
1504542367282	5415559389811	103.0	-1.0	0.0	95.0	
1504542367317	5415579531412	103.0	-1.0	0.0	95.0	
1504542367338	5415599673014	103.0	-1.0	0.0	95.0	
1504542367353	5415619814616	103.0	-1.0	0.0	95.0	
1504542367380	5415639956217	103.0	-1.0	0.0	95.0	
1504542367395	5415660097819	103.0	-1.0	0.0	95.0	
1504542367408	5415680239420	103.0	-1.0	0.0	95.0	
1504542367424	5415700381022	103.0	-1.0	0.0	95.0	
1504542367458	5415720522623	103.0	-1.0	0.0	95.0	
1504542367476	5415740664225	103.0	-1.0	0.0	95.0	
1504542367493	5415760805826	103.0	-1.0	0.0	95.0	
1504542367511	5415780947428	103.0	-1.0	0.0	95.0	
1504542367530	5415801089030	103.0	-1.0	0.0	95.0	
1504542367547	5415821230631	103.0	-1.0	0.0	95.0	
1504542367567	5415841372233	103.0	-1.0	0.0	95.0	
1504542367600	5415861513834	103.0	-1.0	0.0	95.0	
1504542367618	5415881655436	103.0	-1.0	0.0	95.0	
1504542367638	5415901797037	103.0	-1.0	0.0	95.0	
1504542367654	5415921938639	103.0	-1.0	0.0	95.0	
1504542367673	5415942080241	103.0	-1.0	0.0	95.0	
1504542367690	5415962221842	103.0	-1.0	0.0	95.0	
1504542367707	5415982363444	103.0	-1.0	0.0	95.0	
1504542367740	5416002505045	103.0	-1.0	0.0	95.0	
1504542367758	5416022646647	103.0	-1.0	0.0	95.0	
1504542367775	5416042788248	103.0	-1.0	0.0	95.0	
1504542367794	5416062929850	103.0	-1.0	0.0	95.0	
1504542367811	5416083071451	103.0	-1.0	0.0	95.0	
1504542367834	5416103213053	103.0	-1.0	0.0	95.0	
1504542367855	5416123354655	103.0	-1.0	0.0	95.0	
1504542367865	5416143496256	103.0	-1.0	0.0	95.0	
1504542367899	5416163637858	103.0	-1.0	0.0	95.0	
1504542367922	5416183779459	103.0	-1.0	0.0	95.0	
1504542367938	5416203921061	103.0	-1.0	0.0	95.0	
1504542367954	5416224062662	103.0	-1.0	0.0	95.0	
1504542367969	5416244204264	103.0	-1.0	0.0	95.0	
1504542367987	5416264345866	103.0	-1.0	0.0	95.0	
1504542368005	5416284487467	103.0	-1.0	0.0	95.0	
1504542368039	5416304629069	103.0	-1.0	0.0	95.0	
1504542368058	5416324770670	103.0	-1.0	0.0	95.0	
1504542368076	5416344912272	103.0	-1.0	0.0	95.0	
1504542368094	5416365053873	103.0	-1.0	0.0	95.0	
1504542368111	5416385195475	103.0	-1.0	0.0	95.0	
1504542368128	5416405337076	103.0	-1.0	0.0	95.0	
1504542368154	5416425478678	103.0	-1.0	0.0	95.0	
1504542368180	5416445620280	103.0	-1.0	0.0	95.0	
1504542368198	5416465761881	103.0	-1.0	0.0	95.0	
1504542368215	5416485903483	103.0	-1.0	0.0	95.0	
1504542368233	5416506045084	103.0	-1.0	0.0	95.0	
1504542368251	5416526186686	103.0	-1.0	0.0	95.0	
1504542368271	5416546328287	103.0	-1.0	0.0	95.0	
1504542368287	5416566469889	103.0	-1.0	0.0	95.0	
1504542368322	5416586611491	103.0	-1.0	0.0	95.0	
1504542368339	5416606753092	103.0	-1.0	0.0	95.0	
1504542368357	5416626894694	103.0	-1.0	0.0	95.0	
1504542368375	5416647036295	103.0	-1.0	0.0	95.0	
1504542368392	5416667177897	103.0	-1.0	0.0	95.0	
1504542368410	5416687319498	103.0	-1.0	0.0	95.0	
1504542368427	5416707461100	103.0	-1.0	0.0	95.0	
1504542368463	5416727602701	103.0	-1.0	0.0	95.0	
1504542368481	5416747744303	103.0	-1.0	0.0	95.0	
1504542368498	5416767885905	103.0	-1.0	0.0	95.0	
1504542368519	5416788027506	103.0	-1.0	0.0	95.0	
1504542368536	5416808169108	103.0	-1.0	0.0	95.0	
1504542368550	5416828310709	103.0	-1.0	0.0	95.0	
1504542368568	5416848452311	103.0	-1.0	0.0	95.0	
1504542368603	5416868593912	103.0	-1.0	0.0	95.0	
1504542368625	5416888735514	103.0	-1.0	0.0	95.0	
1504542368640	5416908877116	103.0	-1.0	0.0	95.0	
1504542368664	5416929018717	103.0	-1.0	0.0	95.0	
1504542368675	5416949160319	103.0	-1.0	0.0	95.0	
1504542368693	5416969301920	103.0	-1.0	0.0	95.0	
1504542368710	5416989443522	103.0	-1.0	0.0	95.0	
1504542368744	5417009585123	103.0	-1.0	0.0	95.0	
1504542368763	5417029726725	103.0	-1.0	0.0	95.0	
1504542368780	5417049868326	103.0	-1.0	0.0	95.0	
1504542368798	5417070009928	103.0	-1.0	0.0	95.0	
1504542368815	5417090151530	103.0	-1.0	0.0	95.0	
1504542368833	5417110293131	103.0	-1.0	0.0	95.0	
1504542368851	5417130434733	103.0	-1.0	0.0	95.0	
1504542368868	5417150576334	103.0	-1.0	0.0	95.0	
1504542368903	5417170717936	103.0	-1.0	0.0	95.0	
1504542368921	5417190859537	103.26596069335938	-1.0	0.0	95.0	
1504542368939	5417211001139	103.59413146972656	-1.0	0.0	95.0	
1504542368957	5417231142741	103.0	-1.0	0.0	95.0	
1504542368974	5417251284342	103.0	-1.0	0.0	95.0	
1504542368991	5417271425944	103.0	-1.0	0.0	95.0	
1504542369010	5417291567545	103.0	-1.0	0.0	95.0	
1504542369044	5417311709147	103.8946533203125	-1.0	0.0	95.0	
1504542369062	5417331850748	103.0	-1.0	0.0	95.0	
1504542369079	5417351992350	103.0	-1.0	0.0	95.0	
1504542369097	5417372133951	103.0	-1.0	0.0	95.0	
1504542369115	5417392290755	103.0	-1.0	0.0	95.0	
1504542369132	5417412432357	103.0	-1.0	0.0	95.0	
1504542369150	5417432573958	103.0	-1.0	0.0	95.0	
1504542369185	5417452715560	103.0	-1.0	0.0	95.0	
1504542369203	5417472857161	103.0	-1.0	0.0	95.0	
1504542369221	5417492998763	103.0	-1.0	0.0	95.0	
1504542369238	5417513140364	103.0	-1.0	0.0	95.0	
1504542369255	5417533281966	103.0	-1.0	0.0	95.0	
1504542369275	5417553423568	103.0	-1.0	0.0	95.0	
1504542369296	5417573565169	103.0	-1.0	0.0	95.0	
1504542369326	5417593706771	103.0	-1.0	0.0	95.0	
1504542369348	5417613848372	103.0	-1.0	0.0	95.0	
1504542369361	5417633989974	103.0	-1.0	0.0	95.0	
1504542369381	5417654131575	103.0	-1.0	0.0	95.0	
1504542369397	5417674273177	103.0	-1.0	0.0	95.0	
1504542369414	5417694414778	103.76683044433594	-1.0	0.0	95.0	
1504542369432	5417714556380	103.09170532226563	-1.0	0.0	95.0	
1504542369467	5417734697982	103.0555419921875	-1.0	0.0	95.0	
1504542369486	5417754839583	104.0	-1.0	0.0	95.0	
1504542369504	5417774981185	104.0	-1.0	0.0	95.0	
1504542369520	5417795122786	104.0	-1.0	0.0	95.0	
1504542369539	5417815264388	104.0	-1.0	0.0	95.0	
1504542369555	5417835405989	104.0	-1.0	0.0	95.0	
1504542369573	5417855547591	104.0	-1.0	0.0	95.0	
1504542369608	5417875689193	104.0	-1.0	0.0	95.0	
1504542369635	5417895830794	104.0	-1.0	0.0	95.0	
1504542369644	5417915972396	104.0	-1.0	0.0	95.0	
1504542369666	5417936113997	104.0	-1.0	0.0	95.0	
1504542369679	5417956255599	104.0	-1.0	0.0	95.0	
1504542369697	5417976397200	104.0	-1.0	0.0	95.0	
1504542369714	5417996538802	104.0	-1.0	0.0	95.0	
1504542369749	5418016680403	103.0	-1.0	0.0	95.0	
1504542369767	5418036822005	103.0	-1.0	0.0	95.0	
1504542369785	5418056963607	103.0	-1.0	0.0	95.0	
1504542369803	5418077105208	103.0	-1.0	0.0	95.0	
1504542369820	5418097246810	103.0	-1.0	0.0	95.0	
1504542369837	5418117388411	103.0	-1.0	0.0	95.0	
1504542369855	5418137530013	103.0	-1.0	0.0	95.0	
1504542369890	5418157671614	103.0	-1.0	0.0	95.0	
1504542369910	5418177813216	103.0	-1.0	0.0	95.0	
1504542369925	5418197954818	103.0	-1.0	0.0	95.0	
1504542369943	5418218096419	103.0	-1.0	0.0	95.0	
1504542369962	5418238238021	103.0	-1.0	0.0	95.0	
1504542369978	5418258379622	103.0	-1.0	0.0	95.0	
1504542369996	5418278521224	103.0	-1.0	0.0	95.0	
1504542370031	5418298662825	103.0	-1.0	0.0	95.0	
1504542370049	5418318804427	103.0	-1.0	0.0	95.0	
1504542370069	5418338946028	103.0	-1.0	0.0	95.0	
1504542370084	5418359087630	103.0	-1.0	0.0	95.0	
1504542370102	5418379229232	103.0	-1.0	0.0	95.0	
1504542370120	5418399370833	103.0	-1.0	0.0	95.0	
1504542370156	5418419512435	103.98611450195313	-1.0	0.0	95.0	
1504542370174	5418439654036	103.15971374511719	-1.0	0.0	95.0	
1504542370190	5418459795638	104.0	-1.0	0.0	95.0	
1504542370207	5418479937239	103.54861450195313	-1.0	0.0	95.0	
1504542370226	5418500078841	103.0	-1.0	0.0	95.0	
1504542370243	5418520220443	103.0	-1.0	0.0	95.0	
1504542370260	5418540362044	103.0	-1.0	0.0	95.0	
1504542370295	5418560503646	103.0	-1.0	0.0	95.0	
1504542370313	5418580645247	103.0	-1.0	0.0	95.0	
1504542370334	5418600786849	103.32638549804688	-1.0	0.0	95.0	
1504542370348	5418620928450	104.0	-1.0	0.0	95.0	
1504542370366	5418641070052	104.0	-1.0	0.0	95.0	
1504542370385	5418661211653	104.0	-1.0	0.0	95.0	
1504542370403	5418681353255	104.0	-1.0	0.0	95.0	
1504542370436	5418701494857	104.0	-1.0	0.0	95.0	
1504542370454	5418721636458	104.0	-1.0	0.0	95.0	
1504542370472	5418741778060	104.0	-1.0	0.0	95.0	
1504542370490	5418761919661	104.0	-1.0	0.0	95.0	
1504542370507	5418782061263	104.0	-1.0	0.0	95.0	
1504542370525	5418802202864	104.0	-1.0	0.0	95.0	
1504542370543	5418822344466	104.0	-1.0	0.0	95.0	
1504542370578	5418842486068	104.0	-1.0	0.0	95.0	
1504542370597	5418862627669	104.0	-1.0	0.0	95.0	
1504542370613	5418882769271	104.0	-1.0	0.0	95.0	
1504542370630	5418902910872	104.0	-1.0	0.0	95.0	
1504542370649	5418923052474	104.0	-1.0	0.0	95.0	
1504542370666	5418943194075	104.0	-1.0	0.0	95.0	
1504542370683	5418963335677	104.0	-1.0	0.0	95.0	
1504542370719	5418983477278	104.0	-1.0	0.0	95.0	
1504542370736	5419003618880	104.0	-1.0	0.0	95.0	
1504542370755	5419023760482	104.0	-1.0	0.0	95.0	
1504542370771	5419043902083	104.0	-1.0	0.0	95.0	
1504542370791	5419064043685	104.0	-1.0	0.0	95.0	
1504542370807	5419084185286	104.0	-1.0	0.0	95.0	
1504542370824	5419104326888	104.0	-1.0	0.0	95.0	
1504542370859	5419124468489	103.88021850585938	-1.0	0.0	95.0	
1504542370877	5419144610091	103.0	-1.0	0.0	95.0	
1504542370895	5419164751693	103.0	-1.0	0.0	95.0	
1504542370914	5419184893294	103.0	-1.0	0.0	95.0	
1504542370930	5419205034896	103.0	-1.0	0.0	95.0	
1504542370954	5419225176497	103.0	-1.0	0.0	95.0	
1504542370965	5419245318099	103.0	-1.0	0.0	95.0	
1504542371001	5419265459700	103.0	-1.0	0.0	95.0	
1504542371020	5419285601302	103.0	-1.0	0.0	95.0	
1504542371036	5419305742903	103.0	-1.0	0.0	95.0	
1504542371053	5419325884505	103.0	-1.0	0.0	95.0	
1504542371072	5419346026107	103.0	-1.0	0.0	95.0	
1504542371088	5419366167708	103.86978149414063	-1.0	0.0	95.0	
1504542371124	5419386309310	103.0	-1.0	0.0	95.0	
1504542371142	5419406450911	103.0	-1.0	0.0	95.0	
1504542371159	5419426592513	103.0	-1.0	0.0	95.0	
1504542371178	5419446734114	103.0	-1.0	0.0	95.0	
1504542371195	5419466875716	103.0	-1.0	0.0	95.0	
1504542371215	5419487017318	103.0	-1.0	0.0	95.0	
1504542371231	5419507158919	103.0	-1.0	0.0	95.0	
1504542371265	5419527300521	103.0	-1.0	0.0	95.0	
1504542371292	5419547442122	103.0	-1.0	0.0	95.0	
1504542371305	5419567583724	103.0	-1.0	0.0	95.0	
1504542371318	5419587725325	103.0	-1.0	0.0	95.0	
1504542371337	5419607866927	103.0	-1.0	0.0	95.0	
1504542371354	5419628008528	103.0	-1.0	0.0	95.0	
1504542371371	5419648150130	103.0	-1.0	0.0	95.0	
1504542371407	5419668291732	103.0	-1.0	0.0	95.0	
1504542371426	5419688433333	103.0	-1.0	0.0	95.0	
1504542371445	5419708574935	103.0	-1.0	0.0	95.0	
1504542371461	5419728716536	103.0	-1.0	0.0	95.0	
1504542371484	5419748858138	103.0	-1.0	0.0	95.0	
1504542371496	5419768999739	103.0	-1.0	0.0	95.0	
1504542371512	5419789141341	103.0	-1.0	0.0	95.0	
1504542371548	5419809282943	103.0	-1.0	0.0	95.0	
1504542371565	5419829424544	103.0	-1.0	0.0	95.0	
1504542371583	5419849566146	103.0	-1.0	0.0	95.0	
1504542371604	5419869707747	103.0	-1.0	0.0	95.0	
1504542371619	5419889849349	103.0	-1.0	0.0	95.0	
1504542371643	5419909990950	103.0	-1.0	0.0	95.0	
1504542371657	5419930132552	103.0	-1.0	0.0	95.0	
1504542371688	5419950274153	103.0	-1.0	0.0	95.0	
1504542371728	5419970415755	103.0	-1.0	0.0	95.0	
1504542371739	5419990557357	103.0	-1.0	0.0	95.0	
1504542371756	5420010698958	103.0	-1.0	0.0	95.0	
1504542371768	5420030840560	103.0	-1.0	0.0	95.0	
1504542371777	5420050982161	103.0	-1.0	0.0	95.0	
1504542371795	5420071123763	103.0	-1.0	0.0	95.0	
1504542371831	5420091265364	103.0	-1.0	0.0	95.0	
1504542371847	5420111406966	103.0	-1.0	0.0	95.0	
1504542371866	5420131548568	103.0	-1.0	0.0	95.0	
1504542371882	5420151690169	103.0	-1.0	0.0	95.0	
1504542371900	5420171831771	103.0	-1.0	0.0	95.0	
1504542371919	5420191973372	103.0	-1.0	0.0	95.0	
1504542371935	5420212114974	103.0	-1.0	0.0	95.0	
1504542371970	5420232256575	103.0	-1.0	0.0	95.0	
1504542371988	5420252398177	103.0	-1.0	0.0	95.0	
1504542372006	5420272539778	103.0	-1.0	0.0	95.0	
1504542372025	5420292681380	103.0	-1.0	0.0	95.0	
1504542372040	5420312822982	103.0	-1.0	0.0	95.0	
1504542372059	5420332964583	103.0	-1.0	0.0	95.0	
1504542372095	5420353106185	103.0	-1.0	0.0	95.0	
1504542372111	5420373247786	103.0	-1.0	0.0	95.0	
1504542372134	5420393389388	103.0	-1.0	0.0	95.0	
1504542372148	5420413530989	103.0	-1.0	0.0	95.0	
1504542372186	5420433672591	103.0	-1.0	0.0	95.0	
1504542372208	5420453814193	103.0	-1.0	0.0	95.0	
1504542372218	5420473955794	103.0	-1.0	0.0	95.0	
1504542372243	5420494097396	103.0	-1.0	0.0	95.0	
1504542372257	5420514238997	103.0	-1.0	0.0	95.0	
1504542372295	5420534380599	103.0	-1.0	0.0	95.0	
1504542372382	5420554522200	103.0	-1.0	0.0	95.0	
1504542372399	5420574663802	103.0	-1.0	0.0	95.0	
1504542372414	5420594805403	103.0	-1.0	0.0	95.0	
1504542372437	5420614947005	103.0	-1.0	0.0	95.0	
1504542372446	5420635088607	103.0	-1.0	0.0	95.0	
1504542372453	5420655230208	103.0	-1.0	0.0	95.0	
1504542372463	5420675371810	103.0	-1.0	0.0	95.0	
1504542372475	5420695513411	103.0	-1.0	0.0	95.0	
1504542372487	5420715655013	103.0	-1.0	0.0	95.0	
1504542372497	5420735796614	103.0	-1.0	0.0	95.0	
1504542372507	5420755938216	103.0	-1.0	0.0	95.0	
1504542372526	5420776079818	103.0	-1.0	0.0	95.0	
1504542372544	5420796221419	103.0	-1.0	0.0	95.0	
1504542372553	5420816363021	103.0	-1.0	0.0	95.0	
1504542372572	5420836504622	103.51734924316406	-1.0	0.0	95.0	
1504542372589	5420856646224	104.0	-1.0	0.0	95.0	
1504542372606	5420876787825	104.0	-1.0	0.0	95.0	
1504542372622	5420896929427	104.0	-1.0	0.0	95.0	
1504542372687	5420917071028	104.0	-1.0	0.0	95.0	
1504542372697	5420937212630	104.0	-1.0	0.0	95.0	
1504542372708	5420957354232	104.0	-1.0	0.0	95.0	
1504542372718	5420977495833	104.0	-1.0	0.0	95.0	
1504542372730	5420997637435	104.0	-1.0	0.0	95.0	
1504542372746	5421017779036	104.0	-1.0	0.0	95.0	
1504542372765	5421037920638	104.0	-1.0	0.0	95.0	
1504542372799	5421058062239	104.0	-1.0	0.0	95.0	
1504542372817	5421078203841	104.0	-1.0	0.0	95.0	
1504542372844	5421098345443	104.0	-1.0	0.0	95.0	
1504542372858	5421118487044	104.0	-1.0	0.0	95.0	
1504542372875	5421138628646	104.0	-1.0	0.0	95.0	
1504542372889	5421158770247	104.0	-1.0	0.0	95.0	
1504542372905	5421178911849	104.0	-1.0	0.0	95.0	
1504542372940	5421199053450	104.0	-1.0	0.0	95.0	
1504542372957	5421219195052	104.0	-1.0	0.0	95.0	
1504542372975	5421239336653	104.0	-1.0	0.0	95.0	
1504542372993	5421259478255	104.0	-1.0	0.0	95.0	
1504542373010	5421279619857	104.0	-1.0	0.0	95.0	
1504542373029	5421299761458	104.0	-1.0	0.0	95.0	
1504542373063	5421319903060	104.0	-1.0	0.0	95.0	
1504542373081	5421340044661	104.0	-1.0	0.0	95.0	
1504542373098	5421360186263	104.0	-1.0	0.0	95.0	
1504542373116	5421380327864	104.0	-1.0	0.0	95.0	
1504542373134	5421400469466	104.0	-1.0	0.0	95.0	
1504542373150	5421420611068	104.0	-1.0	0.0	95.0	
1504542373169	5421440752669	104.0	-1.0	0.0	95.0	
1504542373205	5421460894271	104.0	-1.0	0.0	95.0	
1504542373222	5421481035872	104.0	-1.0	0.0	95.0	
1504542373241	5421501177474	104.0	-1.0	0.0	95.0	
1504542373258	5421521319075	104.0	-1.0	0.0	95.0	
1504542373281	5421541460677	104.0	-1.0	0.0	95.0	
1504542373293	5421561602278	104.0	-1.0	0.0	95.0	
1504542373310	5421581743880	104.0	-1.0	0.0	95.0	
1504542373348	5421601885482	104.0	-1.0	0.0	95.0	
1504542373366	5421622027083	104.0	-1.0	0.0	95.0	
1504542373385	5421642168685	104.0	-1.0	0.0	95.0	
1504542373398	5421662310286	104.0	-1.0	0.0	95.0	
1504542373415	5421682451888	104.0	-1.0	0.0	95.0	
1504542373433	5421702593489	104.0	-1.0	0.0	95.0	
1504542373451	5421722735091	104.0	-1.0	0.0	95.0	
1504542373486	5421742876693	104.0	-1.0	0.0	95.0	
1504542373513	5421763018294	104.0	-1.0	0.0	95.0	
1504542373521	5421783159896	104.0	-1.0	0.0	95.0	
1504542373539	5421803301497	104.0	-1.0	0.0	95.0	
1504542373557	5421823443099	104.0	-1.0	0.0	95.0	
1504542373574	5421843584700	104.0	-1.0	0.0	95.0	
1504542373596	5421863726302	104.0	-1.0	0.0	95.0	
1504542373627	5421883867903	104.0	-1.0	0.0	95.0	
1504542373644	5421904009505	104.0	-1.0	0.0	95.0	
1504542373662	5421924151107	104.0	-1.0	0.0	95.0	
1504542373680	5421944292708	104.0	-1.0	0.0	95.0	
1504542373698	5421964434310	104.0	-1.0	0.0	95.0	
1504542373716	5421984575911	104.0	-1.0	0.0	95.0	
1504542373737	5422004717513	104.0	-1.0	0.0	95.0	
1504542373750	5422024859114	104.0	-1.0	0.0	95.0	
1504542373785	5422045000716	104.0	-1.0	0.0	95.0	
1504542373804	5422065142318	104.0	-1.0	0.0	95.0	
1504542373821	5422085283919	104.0	-1.0	0.0	95.0	
1504542373838	5422105425521	104.0	-1.0	0.0	95.0	
1504542373856	5422125567122	104.0	-1.0	0.0	95.0	
1504542373875	5422145708724	104.0	-1.0	0.0	95.0	
1504542373891	5422165850325	104.0	-1.0	0.0	95.0	
1504542373927	5422185991927	104.0	-1.0	0.0	95.0	
1504542373944	5422206133528	104.0	-1.0	0.0	95.0	
1504542373962	5422226275130	104.0	-1.0	0.0	95.0	
1504542373979	5422246416732	104.0	-1.0	0.0	95.0	
1504542373997	5422266558333	104.0	-1.0	0.0	95.0	
1504542374015	5422286699935	103.21589660644531	-1.0	0.0	95.0	
1504542374034	5422306841536	103.0	-1.0	0.0	95.0	
1504542374068	5422326983138	103.06044006347656	-1.0	0.0	95.0	
1504542374085	5422347124739	103.80000305175781	-1.0	0.0	95.0	
1504542374103	5422367266341	103.0	-1.0	0.0	95.0	
1504542374120	5422387407943	103.0	-1.0	0.0	95.0	
1504542374139	5422407549544	103.0	-1.0	0.0	95.0	
1504542374156	5422427691146	103.0	-1.0	0.0	95.0	
1504542374173	5422447832747	103.0	-1.0	0.0	95.0	
1504542374208	5422467974349	103.0	-1.0	0.0	95.0	
1504542374226	5422488115950	103.0	-1.0	0.0	95.0	
1504542374244	5422508257552	103.0	-1.0	0.0	95.0	
1504542374261	5422528399153	103.0	-1.0	0.0	95.0	
1504542374279	5422548540755	103.0	-1.0	0.0	95.0	
1504542374298	5422568682357	103.0	-1.0	0.0	95.0	
1504542374321	5422588823958	103.0	-1.0	0.0	95.0	
1504542374332	5422608965560	103.0	-1.0	0.0	95.0	
1504542374367	5422629107161	103.0	-1.0	0.0	95.0	
1504542374385	5422649248763	103.0	-1.0	0.0	95.0	
1504542374404	5422669390364	103.0	-1.0	0.0	95.0	
1504542374420	5422689531966	103.0	-1.0	0.0	95.0	
1504542374438	5422709673568	103.0	-1.0	0.0	95.0	
1504542374456	5422729815169	103.0	-1.0	0.0	95.0	
1504542374473	5422749956771	103.0	-1.0	0.0	95.0	
1504542374509	5422770098372	103.0	-1.0	0.0	95.0	
1504542374526	5422790239974	103.0	-1.0	0.0	95.0	
1504542374544	5422810381575	103.0	-1.0	0.0	95.0	
1504542374562	5422830523177	103.0	-1.0	0.0	95.0	
1504542374579	5422850664778	103.0	-1.0	0.0	95.0	
1504542374597	5422870806380	103.0	-1.0	0.0	95.0	
1504542374616	5422890947982	103.0	-1.0	0.0	95.0	
1504542374649	5422911089583	103.0	-1.0	0.0	95.0	
1504542374667	5422931231185	103.0	-1.0	0.0	95.0	
1504542374684	5422951372786	103.0	-1.0	0.0	95.0	
1504542374702	5422971514388	103.0	-1.0	0.0	95.0	
1504542374721	5422991655989	103.0	-1.0	0.0	95.0	
1504542374737	5423011797591	103.0	-1.0	0.0	95.0	
1504542374755	5423031939193	103.0	-1.0	0.0	95.0	
1504542374790	5423052080794	103.0	-1.0	0.0	95.0	
1504542374808	5423072222396	103.0	-1.0	0.0	95.0	
1504542374826	5423092363997	103.0	-1.0	0.0	95.0	
1504542374843	5423112505599	103.0	-1.0	0.0	95.0	
1504542374861	5423132647200	103.0	-1.0	0.0	95.0	
1504542374879	5423152788802	103.0	-1.0	0.0	95.0	
1504542374896	5423172930403	103.0	-1.0	0.0	95.0	
1504542374932	5423193072005	103.0	-1.0	0.0	95.0	
1504542374949	5423213213607	103.0	-1.0	0.0	95.0	
1504542374967	5423233355208	103.0	-1.0	0.0	95.0	
1504542374984	5423253496810	103.0	-1.0	0.0	95.0	
1504542375002	5423273638411	103.0	-1.0	0.0	95.0	
1504542375020	5423293780013	103.0	-1.0	0.0	95.0	
1504542375038	5423313921614	103.0	-1.0	0.0	95.0	
1504542375055	5423334063216	103.0	-1.0	0.0	95.0	
1504542375091	5423354204818	103.0	-1.0	0.0	95.0	
1504542375108	5423374346419	103.0	-1.0	0.0	95.0	
1504542375125	5423394488021	103.0	-1.0	0.0	95.0	
1504542375144	5423414629622	103.0	-1.0	0.0	95.0	
1504542375161	5423434771224	103.0	-1.0	0.0	95.0	
1504542375178	5423454912825	103.0	-1.0	0.0	95.0	
1504542375198	5423475054427	103.0	-1.0	0.0	95.0	
1504542375231	5423495196028	103.0	-1.0	0.0	95.0	
1504542375248	5423515337630	103.0	-1.0	0.0	95.0	
1504542375267	5423535479232	103.0	-1.0	0.0	95.0	
1504542375284	5423555620833	103.0	-1.0	0.0	95.0	
1504542375303	5423575762435	103.0	-1.0	0.0	95.0	
1504542375319	5423595904036	103.0	-1.0	0.0	95.0	
1504542375337	5423616045638	103.0	-1.0	0.0	95.0	
1504542375372	5423636187239	103.0	-1.0	0.0	95.0	
1504542375390	5423656328841	103.0	-1.0	0.0	95.0	
1504542375408	5423676470443	103.0	-1.0	0.0	95.0	
1504542375425	5423696612044	103.0	-1.0	0.0	95.0	
1504542375442	5423716753646	103.0	-1.0	0.0	95.0	
1504542375461	5423736895247	103.0	-1.0	0.0	95.0	
1504542375478	5423757036849	103.0	-1.0	0.0	95.0	
1504542375514	5423777178450	103.0	-1.0	0.0	95.0	
1504542375531	5423797320052	103.0	-1.0	0.0	95.0	
1504542375548	5423817461653	103.0	-1.0	0.0	95.0	
1504542375567	5423837603255	103.0	-1.0	0.0	95.0	
1504542375583	5423857744857	103.0	-1.0	0.0	95.0	
1504542375602	5423877886458	103.0	-1.0	0.0	95.0	
1504542375620	5423898028060	103.0	-1.0	0.0	95.0	
1504542375654	5423918169661	103.0	-1.0	0.0	95.0	
1504542375672	5423938311263	103.0	-1.0	0.0	95.0	
1504542375689	5423958452864	103.0	-1.0	0.0	95.0	
1504542375707	5423978594466	103.0	-1.0	0.0	95.0	
1504542375727	5423998736068	103.0	-1.0	0.0	95.0	
1504542375742	5424018877669	103.0	-1.0	0.0	95.0	
1504542375760	5424039019271	103.0	-1.0	0.0	95.0	
1504542375777	5424059160872	103.0	-1.0	0.0	95.0	
1504542375813	5424079302474	103.0	-1.0	0.0	95.0	
1504542375831	5424099444075	103.0	-1.0	0.0	95.0	
1504542375848	5424119585677	103.0	-1.0	0.0	95.0	
1504542375866	5424139727278	103.0	-1.0	0.0	95.0	
1504542375885	5424159868880	103.0	-1.0	0.0	95.0	
1504542375901	5424180010482	103.0	-1.0	0.0	95.0	
1504542375919	5424200152083	103.0	-1.0	0.0	95.0	
1504542375954	5424220293685	103.0	-1.0	0.0	95.0	
1504542375972	5424240435286	103.0	-1.0	0.0	95.0	
1504542375990	5424260576888	103.0	-1.0	0.0	95.0	
1504542376007	5424280718489	103.0	-1.0	0.0	95.0	
1504542376025	5424300860091	103.0	-1.0	0.0	95.0	
1504542376042	5424321001693	103.0	-1.0	0.0	95.0	
1504542376060	5424341143294	103.0	-1.0	0.0	95.0	
1504542376096	5424361284896	103.0	-1.0	0.0	95.0	
1504542376112	5424381426497	103.0	-1.0	0.0	95.0	
1504542376130	5424401568099	103.0	-1.0	0.0	95.0	
1504542376154	5424421709700	103.0	-1.0	0.0	95.0	
1504542376165	5424441851302	103.0	-1.0	0.0	95.0	
1504542376183	5424461992903	103.0	-1.0	0.0	95.0	
1504542376200	5424482134505	103.0	-1.0	0.0	95.0	
1504542376235	5424502276107	103.0	-1.0	0.0	95.0	
1504542376261	5424522417708	103.0	-1.0	0.0	95.0	
1504542376271	5424542559310	103.0	-1.0	0.0	95.0	
1504542376288	5424562700911	103.0	-1.0	0.0	95.0	
1504542376307	5424582842513	103.0	-1.0	0.0	95.0	
1504542376324	5424602984114	103.0	-1.0	0.0	95.0	
1504542376341	5424623125716	103.0	-1.0	0.0	95.0	
1504542376359	5424643267318	103.0	-1.0	0.0	95.0	
1504542376394	5424663408919	103.0	-1.0	0.0	95.0	
1504542376413	5424683550521	103.0	-1.0	0.0	95.0	
1504542376429	5424703692122	103.0	-1.0	0.0	95.0	
1504542376447	5424723833724	103.0	-1.0	0.0	95.0	
1504542376466	5424743975325	103.0	-1.0	0.0	95.0	
1504542376484	5424764116927	103.0	-1.0	0.0	95.0	
1504542376524	5424784258528	103.0	-1.0	0.0	95.0	
1504542376536	5424804400130	103.0	-1.0	0.0	95.0	
1504542376553	5424824541732	103.0	-1.0	0.0	95.0	
1504542376571	5424844683333	103.0	-1.0	0.0	95.0	
1504542376588	5424864824935	103.0	-1.0	0.0	95.0	
1504542376606	5424884966536	103.0	-1.0	0.0	95.0	
1504542376623	5424905108138	103.0	-1.0	0.0	95.0	
1504542376658	5424925249739	103.0	-1.0	0.0	95.0	
1504542376677	5424945391341	103.0	-1.0	0.0	95.0	
1504542376694	5424965532943	103.0	-1.0	0.0	95.0	
1504542376711	5424985674544	103.0	-1.0	0.0	95.0	
1504542376730	5425005816146	103.0	-1.0	0.0	95.0	
1504542376747	5425025957747	103.0	-1.0	0.0	95.0	
1504542376782	5425046099349	103.0	-1.0	0.0	95.0	
1504542376800	5425066240950	103.0	-1.0	0.0	95.0	
1504542376817	5425086382552	103.0	-1.0	0.0	95.0	
1504542376836	5425106524153	103.0	-1.0	0.0	95.0	
1504542376854	5425126665755	103.0	-1.0	0.0	95.0	
1504542376870	5425146807357	103.0	-1.0	0.0	95.0	
1504542376888	5425166948958	103.9947509765625	-1.0	0.0	95.0	
1504542376923	5425187090560	103.0	-1.0	0.0	95.0	
1504542376943	5425207232161	103.0	-1.0	0.0	95.0	
1504542376960	5425227373763	103.45628356933594	-1.0	0.0	95.0	
1504542376977	5425247515364	104.0	-1.0	0.0	95.0	
1504542377002	5425267656966	104.0	-1.0	0.0	95.0	
1504542377011	5425287798568	104.0	-1.0	0.0	95.0	
1504542377055	5425307940169	104.0	-1.0	0.0	95.0	
1504542377064	5425328081771	104.0	-1.0	0.0	95.0	
1504542377082	5425348223372	104.0	-1.0	0.0	95.0	
1504542377108	5425368364974	104.0	-1.0	0.0	95.0	
1504542377118	5425388506575	104.0	-1.0	0.0	95.0	
1504542377135	5425408648177	104.0	-1.0	0.0	95.0	
1504542377153	5425428789778	104.0	-1.0	0.0	95.0	
1504542377188	5425448931380	104.0	-1.0	0.0	95.0	
1504542377205	5425469072982	104.0	-1.0	0.0	95.0	
1504542377223	5425489214583	104.0	-1.0	0.0	95.0	
1504542377240	5425509356185	104.0	-1.0	0.0	95.0	
1504542377259	5425529497786	104.0	-1.0	0.0	95.0	
1504542377276	5425549639388	104.0	-1.0	0.0	95.0	
1504542377312	5425569780989	104.0	-1.0	0.0	95.0	
1504542377329	5425589922591	104.0	-1.0	0.0	95.0	
1504542377346	5425610064193	104.0	-1.0	0.0	95.0	
1504542377365	5425630205794	104.0	-1.0	0.0	95.0	
1504542377381	5425650347396	104.0	-1.0	0.0	95.0	
1504542377399	5425670488997	104.0	-1.0	0.0	95.0	
1504542377418	5425690630599	104.0	-1.0	0.0	95.0	
1504542377452	5425710772200	103.85140991210938	-1.0	0.0	95.0	
1504542377470	5425730913802	103.0	-1.0	0.0	95.0	
1504542377487	5425751055403	103.0	-1.0	0.0	95.0	
1504542377505	5425771197005	103.0	-1.0	0.0	95.0	
1504542377523	5425791338607	103.0	-1.0	0.0	95.0	
1504542377540	5425811480208	103.0	-1.0	0.0	95.0	
1504542377576	5425831621810	103.0	-1.0	0.0	95.0	
1504542377593	5425851763411	103.0	-1.0	0.0	95.0	
1504542377610	5425871905013	103.0	-1.0	0.0	95.0	
1504542377628	5425892046614	103.43867492675781	-1.0	0.0	95.0	
1504542377646	5425912188216	104.0	-1.0	0.0	95.0	
1504542377663	5425932329818	104.0	-1.0	0.0	95.0	
1504542377683	5425952471419	104.0	-1.0	0.0	95.0	
1504542377699	5425972613021	104.0	-1.0	0.0	95.0	
1504542377735	5425992754622	104.0	-1.0	0.0	95.0	
1504542377751	5426012896224	104.0	-1.0	0.0	95.0	
1504542377771	5426033037825	104.0	-1.0	0.0	95.0	
1504542377787	5426053179427	104.0	-1.0	0.0	95.0	
1504542377804	5426073321028	104.0	-1.0	0.0	95.0	
1504542377823	5426093462630	104.0	-1.0	0.0	95.0	
1504542377841	5426113604232	104.0	-1.0	0.0	95.0	
1504542377875	5426133745833	104.0	-1.0	0.0	95.0	
1504542377892	5426153887435	104.0	-1.0	0.0	95.0	
1504542377910	5426174029036	104.0	-1.0	0.0	95.0	
1504542377928	5426194170638	104.0	-1.0	0.0	95.0	
1504542377947	5426214312239	104.0	-1.0	0.0	95.0	
1504542377963	5426234453841	104.0	-1.0	0.0	95.0	
1504542377981	5426254595443	103.04145812988281	-1.0	0.0	95.0	
1504542378016	5426274737044	103.0	-1.0	0.0	95.0	
1504542378034	5426294878646	103.23832702636719	-1.0	0.0	95.0	
1504542378054	5426315020247	104.0	-1.0	0.0	95.0	
1504542378075	5426335161849	103.48187255859375	-1.0	0.0	95.0	
1504542378086	5426355303450	103.0	-1.0	0.0	95.0	
1504542378105	5426375445052	103.0	-1.0	0.0	95.0	
1504542378121	5426395586653	103.0	-1.0	0.0	95.0	
1504542378157	5426415728255	103.0	-1.0	0.0	95.0	
1504542378174	5426435869857	103.0	-1.0	0.0	95.0	
1504542378213	5426456011458	103.0	-1.0	0.0	95.0	
1504542378221	5426476153060	103.0	-1.0	0.0	95.0	
1504542378228	5426496294661	103.63902282714844	-1.0	0.0	95.0	
1504542378248	5426516436263	103.22108459472656	-1.0	0.0	95.0	
1504542378264	5426536577864	103.0	-1.0	0.0	95.0	
1504542378308	5426556719466	103.0	-1.0	0.0	95.0	
1504542378317	5426576861068	103.19895935058594	-1.0	0.0	95.0	
1504542378333	5426597002669	104.0	-1.0	0.0	95.0	
1504542378351	5426617144271	104.0	-1.0	0.0	95.0	
1504542378368	5426637285872	104.0	-1.0	0.0	95.0	
1504542378386	5426657427474	104.0	-1.0	0.0	95.0	
1504542378404	5426677569075	104.0	-1.0	0.0	95.0	
1504542378441	5426697710677	103.0	-1.0	0.0	95.0	
1504542378456	5426717852278	103.0	-1.0	0.0	95.0	
1504542378474	5426737993880	103.0	-1.0	0.0	95.0	
1504542378492	5426758135482	103.45941162109375	-1.0	0.0	95.0	
1504542378509	5426778277083	104.0	-1.0	0.0	95.0	
1504542378537	5426798418685	103.26080322265625	-1.0	0.0	95.0	
1504542378545	5426818560286	103.0	-1.0	0.0	95.0	
1504542378581	5426838701888	103.0	-1.0	0.0	95.0	
1504542378597	5426858843489	103.0	-1.0	0.0	95.0	
1504542378615	5426878985091	103.0	-1.0	0.0	95.0	
1504542378633	5426899126693	103.0	-1.0	0.0	95.0	
1504542378653	5426919268294	103.0	-1.0	0.0	95.0	
1504542378674	5426939409896	103.0	-1.0	0.0	95.0	
1504542378687	5426959551497	103.0	-1.0	0.0	95.0	
1504542378704	5426979693099	103.0	-1.0	0.0	95.0	
1504542378739	5426999834700	103.0	-1.0	0.0	95.0	
1504542378756	5427019976302	103.0	-1.0	0.0	95.0	
1504542378774	5427040117903	103.0	-1.0	0.0	95.0	
1504542378791	5427060259505	103.0	-1.0	0.0	95.0	
1504542378809	5427080401107	103.0	-1.0	0.0	95.0	
1504542378826	5427100542708	103.0	-1.0	0.0	95.0	
1504542378846	5427120684310	103.0	-1.0	0.0	95.0	
1504542378880	5427140825911	103.0	-1.0	0.0	95.0	
1504542378897	5427160967513	103.0	-1.0	0.0	95.0	
1504542378915	5427181109114	103.0	-1.0	0.0	95.0	
1504542378932	5427201250716	103.0	-1.0	0.0	95.0	
1504542378951	5427221392318	103.0	-1.0	0.0	95.0	
1504542378968	5427241533919	103.82037353515625	-1.0	0.0	95.0	
1504542378985	5427261675521	103.03973388671875	-1.0	0.0	95.0	
1504542379020	5427281817122	103.899658203125	-1.0	0.0	95.0	
1504542379038	5427301958724	103.0	-1.0	0.0	95.0	
1504542379056	5427322100325	103.0	-1.0	0.0	95.0	
1504542379074	5427342241927	103.0	-1.0	0.0	95.0	
1504542379091	5427362383528	103.66148376464844	-1.0	0.0	95.0	
1504542379110	5427382506636	104.0	-1.0	0.0	95.0	
1504542379126	5427402648238	104.0	-1.0	0.0	95.0	
1504542379163	5427422789839	104.0	-1.0	0.0	95.0	
1504542379179	5427442931441	104.0	-1.0	0.0	95.0	
1504542379199	5427463073042	104.0	-1.0	0.0	95.0	
1504542379214	5427483214644	104.0	-1.0	0.0	95.0	
1504542379232	5427503356245	104.0	-1.0	0.0	95.0	
1504542379251	5427523497847	104.0	-1.0	0.0	95.0	
1504542379268	5427543639449	104.0	-1.0	0.0	95.0	
1504542379303	5427563781050	104.0	-1.0	0.0	95.0	
1504542379320	5427583922652	104.0	-1.0	0.0	95.0	
1504542379338	5427604064253	104.0	-1.0	0.0	95.0	
1504542379355	5427624205855	104.0	-1.0	0.0	95.0	
1504542379374	5427644347456	104.0	-1.0	0.0	95.0	
1504542379390	5427664489058	104.0	-1.0	0.0	95.0	
1504542379408	5427684630659	104.0	-1.0	0.0	95.0	
1504542379444	5427704772261	104.0	-1.0	0.0	95.0	
1504542379461	5427724913863	104.0	-1.0	0.0	95.0	
1504542379479	5427745055464	104.0	-1.0	0.0	95.0	
1504542379496	5427765197066	104.0	-1.0	0.0	95.0	
1504542379514	5427785338667	104.0	-1.0	0.0	95.0	
1504542379532	5427805480269	104.0	-1.0	0.0	95.0	
1504542379549	5427825621870	104.0	-1.0	0.0	95.0	
1504542379585	5427845763472	104.0	-1.0	0.0	95.0	
1504542379602	5427865905074	104.0	-1.0	0.0	95.0	
1504542379619	5427886046675	104.0	-1.0	0.0	95.0	
1504542379638	5427906188277	104.0	-1.0	0.0	95.0	
1504542379655	5427926329878	104.0	-1.0	0.0	95.0	
1504542379673	5427946471480	104.0	-1.0	0.0	95.0	
1504542379694	5427966613081	104.0	-1.0	0.0	95.0	
1504542379732	5427986754683	104.0	-1.0	0.0	95.0	
1504542379743	5428006896284	104.0	-1.0	0.0	95.0	
1504542379762	5428027037886	104.0	-1.0	0.0	95.0	
1504542379780	5428047179488	104.0	-1.0	0.0	95.0	
1504542379798	5428067321089	104.0	-1.0	0.0	95.0	
1504542379814	5428087462691	104.0	-1.0	0.0	95.0	
1504542379832	5428107604292	104.0	-1.0	0.0	95.0	
1504542379850	5428127745894	104.0	-1.0	0.0	95.0	
1504542379885	5428147887495	104.0	-1.0	0.0	95.0	
1504542379902	5428168029097	104.0	-1.0	0.0	95.0	
1504542379919	5428188170699	104.0	-1.0	0.0	95.0	
1504542379937	5428208312300	104.0	-1.0	0.0	95.0	
1504542379957	5428228453902	103.31779479980469	-1.0	0.0	95.0	
1504542379972	5428248595503	103.82351684570313	-1.0	0.0	95.0	
1504542379992	5428268737105	104.0	-1.0	0.0	95.0	
1504542380027	5428288878706	104.0	-1.0	0.0	95.0	
1504542380044	5428309020308	104.0	-1.0	0.0	95.0	
1504542380063	5428329161909	104.0	-1.0	0.0	95.0	
1504542380078	5428349303511	104.0	-1.0	0.0	95.0	
1504542380096	5428369445113	104.0	-1.0	0.0	95.0	
1504542380115	5428389586714	104.0	-1.0	0.0	95.0	
1504542380132	5428409728316	104.0	-1.0	0.0	95.0	
1504542380166	5428429869917	104.0	-1.0	0.0	95.0	
1504542380184	5428450011519	104.0	-1.0	0.0	95.0	
1504542380202	5428470153120	104.0	-1.0	0.0	95.0	
1504542380227	5428490294722	104.0	-1.0	0.0	95.0	
1504542380237	5428510436324	104.0	-1.0	0.0	95.0	
1504542380255	5428530577925	104.0	-1.0	0.0	95.0	
1504542380272	5428550719527	104.0	-1.0	0.0	95.0	
1504542380309	5428570861128	104.0	-1.0	0.0	95.0	
1504542380326	5428591002730	104.0	-1.0	0.0	95.0	
1504542380354	5428611144331	104.0	-1.0	0.0	95.0	
1504542380366	5428631285933	104.0	-1.0	0.0	95.0	
1504542380381	5428651427534	104.0	-1.0	0.0	95.0	
1504542380396	5428671569136	104.0	-1.0	0.0	95.0	
1504542380451	5428691710738	104.0	-1.0	0.0	95.0	
1504542380470	5428711852339	104.0	-1.0	0.0	95.0	
1504542380478	5428731993941	104.0	-1.0	0.0	95.0	
1504542380511	5428752135542	104.0	-1.0	0.0	95.0	
1504542380531	5428772277144	104.0	-1.0	0.0	95.0	
1504542380539	5428792418745	104.0	-1.0	0.0	95.0	
1504542380569	5428812560347	104.0	-1.0	0.0	95.0	
1504542380581	5428832701949	104.0	-1.0	0.0	95.0	
1504542380596	5428852843550	104.0	-1.0	0.0	95.0	
1504542380610	5428872985152	104.0	-1.0	0.0	95.0	
1504542380624	5428893126753	104.0	-1.0	0.0	95.0	
1504542380648	5428913268355	104.0	-1.0	0.0	95.0	
1504542380668	5428933409956	104.0	-1.0	0.0	95.0	
1504542380678	5428953551558	104.0	-1.0	0.0	95.0	
1504542380695	5428973693159	104.0	-1.0	0.0	95.0	
1504542380730	5428993834761	104.0	-1.0	0.0	95.0	
1504542380749	5429013976363	104.0	-1.0	0.0	95.0	
1504542380770	5429034117964	104.0	-1.0	0.0	95.0	
1504542380785	5429054259566	104.0	-1.0	0.0	95.0	
1504542380802	5429074401167	104.0	-1.0	0.0	95.0	
1504542380821	5429094542769	104.0	-1.0	0.0	95.0	
1504542380837	5429114684370	104.0	-1.0	0.0	95.0	
1504542380859	5429134825972	104.0	-1.0	0.0	95.0	
1504542380889	5429154967574	104.0	-1.0	0.0	95.0	
1504542380907	5429175109175	104.0	-1.0	0.0	95.0	
1504542380929	5429195250777	104.0	-1.0	0.0	95.0	
1504542380942	5429215392378	104.0	-1.0	0.0	95.0	
1504542380961	5429235533980	104.0	-1.0	0.0	95.0	
1504542380977	5429255675581	104.0	-1.0	0.0	95.0	
1504542380995	5429275817183	104.0	-1.0	0.0	95.0	
1504542381030	5429295958784	104.0	-1.0	0.0	95.0	
1504542381048	5429316100386	104.0	-1.0	0.0	95.0	
1504542381067	5429336241988	104.0	-1.0	0.0	95.0	
1504542381083	5429356383589	104.0	-1.0	0.0	95.0	
1504542381101	5429376525191	104.0	-1.0	0.0	95.0	
1504542381120	5429396666792	104.0	-1.0	0.0	95.0	
1504542381138	5429416808394	104.0	-1.0	0.0	95.0	
1504542381171	5429436949995	104.0	-1.0	0.0	95.0	
1504542381190	5429457091597	104.0	-1.0	0.0	95.0	
1504542381206	5429477233199	104.0	-1.0	0.0	95.0	
1504542381225	5429497374800	104.0	-1.0	0.0	95.0	
1504542381241	5429517516402	104.0	-1.0	0.0	95.0	
1504542381265	5429537658003	104.0	-1.0	0.0	95.0	
1504542381279	5429557799605	104.0	-1.0	0.0	95.0	
1504542381312	5429577941206	104.0	-1.0	0.0	95.0	
1504542381340	5429598082808	104.0	-1.0	0.0	95.0	
1504542381349	5429618224409	104.0	-1.0	0.0	95.0	
1504542381365	5429638366011	104.0	-1.0	0.0	95.0	
1504542381383	5429658507613	104.0	-1.0	0.0	95.0	
1504542381403	5429678649214	104.0	-1.0	0.0	95.0	
1504542381418	5429698790816	104.0	-1.0	0.0	95.0	
1504542381454	5429718932417	104.0	-1.0	0.0	95.0	
1504542381474	5429739074019	104.0	-1.0	0.0	95.0	
1504542381489	5429759215620	104.0	-1.0	0.0	95.0	
1504542381506	5429779357222	104.0	-1.0	0.0	95.0	
1504542381524	5429799498824	104.0	-1.0	0.0	95.0	
1504542381542	5429819640425	104.0	-1.0	0.0	95.0	
1504542381559	5429839782027	104.0	-1.0	0.0	95.0	
1504542381594	5429859923628	103.97410583496094	-1.0	0.0	95.0	
1504542381611	5429880065230	103.0	-1.0	0.0	95.0	
1504542381630	5429900206831	103.0	-1.0	0.0	95.0	
1504542381648	5429920348433	103.0	-1.0	0.0	95.0	
1504542381664	5429940490034	103.0	-1.0	0.0	95.0	
1504542381682	5429960631636	103.0	-1.0	0.0	95.0	
1504542381699	5429980773238	103.0	-1.0	0.0	95.0	
1504542381735	5430000914839	103.0	-1.0	0.0	95.0	
1504542381754	5430021056441	103.14680480957031	-1.0	0.0	95.0	
1504542381770	5430041198042	103.71330261230469	-1.0	0.0	95.0	
1504542381788	5430061339644	103.0	-1.0	0.0	95.0	
1504542381807	5430081481245	103.56648254394531	-1.0	0.0	95.0	
1504542381824	5430101622847	104.0	-1.0	0.0	95.0	
1504542381841	5430121764449	104.0	-1.0	0.0	95.0	
1504542381858	5430141906050	104.0	-1.0	0.0	95.0	
1504542381894	5430162047652	104.0	-1.0	0.0	95.0	
1504542381912	5430182189253	104.0	-1.0	0.0	95.0	
1504542381929	5430202330855	104.0	-1.0	0.0	95.0	
1504542381946	5430222472456	104.0	-1.0	0.0	95.0	
1504542381966	5430242614058	104.0	-1.0	0.0	95.0	
1504542381982	5430262755659	104.0	-1.0	0.0	95.0	
1504542382000	5430282897261	104.0	-1.0	0.0	95.0	
1504542382035	5430303038863	104.0	-1.0	0.0	95.0	
1504542382053	5430323180464	104.0	-1.0	0.0	95.0	
1504542382071	5430343322066	104.0	-1.0	0.0	95.0	
1504542382088	5430363463667	104.0	-1.0	0.0	95.0	
1504542382105	5430383605269	104.0	-1.0	0.0	95.0	
1504542382129	5430403746870	104.0	-1.0	0.0	95.0	
1504542382142	5430423888472	104.0	-1.0	0.0	95.0	
1504542382177	5430444030074	104.0	-1.0	0.0	95.0	
1504542382194	5430464171675	104.0	-1.0	0.0	95.0	
1504542382211	5430484313277	104.0	-1.0	0.0	95.0	
1504542382231	5430504454878	104.0	-1.0	0.0	95.0	
1504542382247	5430524596480	104.0	-1.0	0.0	95.0	
1504542382264	5430544738081	104.0	-1.0	0.0	95.0	
1504542382282	5430564879683	104.0	-1.0	0.0	95.0	
1504542382316	5430585021284	104.0	-1.0	0.0	95.0	
1504542382335	5430605162886	104.0	-1.0	0.0	95.0	
1504542382352	5430625304488	104.0	-1.0	0.0	95.0	
1504542382370	5430645446089	104.0	-1.0	0.0	95.0	
1504542382393	5430665587691	104.0	-1.0	0.0	95.0	
1504542382405	5430685729292	104.0	-1.0	0.0	95.0	
1504542382440	5430705870894	104.0	-1.0	0.0	95.0	
1504542382458	5430726012495	104.0	-1.0	0.0	95.0	
1504542382475	5430746154097	104.0	-1.0	0.0	95.0	
1504542382494	5430766295699	104.0	-1.0	0.0	95.0	
1504542382511	5430786437300	104.0	-1.0	0.0	95.0	
1504542382528	5430806578902	104.0	-1.0	0.0	95.0	
1504542382551	5430826720503	104.0	-1.0	0.0	95.0	
1504542382581	5430846862105	104.0	-1.0	0.0	95.0	
1504542382600	5430867003706	104.0	-1.0	0.0	95.0	
1504542382617	5430887145308	104.0	-1.0	0.0	95.0	
1504542382634	5430907286909	104.0	-1.0	0.0	95.0	
1504542382653	5430927428511	104.0	-1.0	0.0	95.0	
1504542382669	5430947570113	104.0	-1.0	0.0	95.0	
1504542382687	5430967711714	104.0	-1.0	0.0	95.0	
1504542382722	5430987853316	104.0	-1.0	0.0	95.0	
1504542382740	5431007994917	104.0	-1.0	0.0	95.0	
1504542382758	5431028136519	104.0	-1.0	0.0	95.0	
1504542382775	5431048278120	104.0	-1.0	0.0	95.0	
1504542382792	5431068419722	104.0	-1.0	0.0	95.0	
1504542382811	5431088561324	104.0	-1.0	0.0	95.0	
1504542382831	5431108702925	104.0	-1.0	0.0	95.0	
1504542382863	5431128844527	104.0	-1.0	0.0	95.0	
1504542382881	5431148986128	104.0	-1.0	0.0	95.0	
1504542382898	5431169127730	104.0	-1.0	0.0	95.0	
1504542382917	5431189269331	103.47396850585938	-1.0	0.0	95.0	
1504542382933	5431209410933	103.671875	-1.0	0.0	95.0	
1504542382951	5431229552534	104.0	-1.0	0.0	95.0	
1504542382970	5431249694136	103.03646850585938	-1.0	0.0	95.0	
1504542383005	5431269835738	104.0	-1.0	0.0	95.0	
1504542383022	5431289977339	104.0	-1.0	0.0	95.0	
1504542383039	5431310118941	103.59722900390625	-1.0	0.0	95.0	
1504542383057	5431330260542	103.0	-1.0	0.0	95.0	
1504542383075	5431350402144	103.0	-1.0	0.0	95.0	
1504542383092	5431370543745	103.0	-1.0	0.0	95.0	
1504542383110	5431390685347	103.0	-1.0	0.0	95.0	
1504542383146	5431410826949	103.0	-1.0	0.0	95.0	
1504542383163	5431430968550	103.0	-1.0	0.0	95.0	
1504542383182	5431451110152	103.0	-1.0	0.0	95.0	
1504542383198	5431471251753	103.0	-1.0	0.0	95.0	
1504542383216	5431491393355	103.0	-1.0	0.0	95.0	
1504542383235	5431511534956	103.0	-1.0	0.0	95.0	
1504542383269	5431531676558	103.0	-1.0	0.0	95.0	
1504542383287	5431551818159	103.0	-1.0	0.0	95.0	
1504542383305	5431571959761	103.0	-1.0	0.0	95.0	
1504542383322	5431592101363	103.0	-1.0	0.0	95.0	
1504542383341	5431612242964	103.0	-1.0	0.0	95.0	
1504542383357	5431632384566	103.0	-1.0	0.0	95.0	
1504542383375	5431652526167	103.0	-1.0	0.0	95.0	
1504542383410	5431672667769	103.0	-1.0	0.0	95.0	
1504542383429	5431692809370	103.0	-1.0	0.0	95.0	
1504542383445	5431712950972	103.0	-1.0	0.0	95.0	
1504542383462	5431733092574	103.0	-1.0	0.0	95.0	
1504542383481	5431753234175	103.0	-1.0	0.0	95.0	
1504542383499	5431773375777	103.0	-1.0	0.0	95.0	
1504542383515	5431793517378	103.0	-1.0	0.0	95.0	
1504542383550	5431813658980	103.0	-1.0	0.0	95.0	
1504542383568	5431833800581	103.0	-1.0	0.0	95.0	
1504542383586	5431853942183	103.0	-1.0	0.0	95.0	
1504542383605	5431874083784	103.0	-1.0	0.0	95.0	
1504542383621	5431894225386	103.0	-1.0	0.0	95.0	
1504542383638	5431914366988	103.0	-1.0	0.0	95.0	
1504542383657	5431934508589	103.0	-1.0	0.0	95.0	
1504542383691	5431954650191	103.0	-1.0	0.0	95.0	
1504542383709	5431974791792	103.0	-1.0	0.0	95.0	
1504542383727	5431994933394	103.0	-1.0	0.0	95.0	
1504542383746	5432015074995	103.0	-1.0	0.0	95.0	
1504542383764	5432035216597	103.0	-1.0	0.0	95.0	
1504542383781	5432055358199	103.0	-1.0	0.0	95.0	
1504542383798	5432075499800	103.0	-1.0	0.0	95.0	
1504542383834	5432095641402	103.0	-1.0	0.0	95.0	
1504542383855	5432115783003	103.0	-1.0	0.0	95.0	
1504542383868	5432135924605	103.0	-1.0	0.0	95.0	
1504542383890	5432156066206	103.0	-1.0	0.0	95.0	
1504542383903	5432176207808	103.0	-1.0	0.0	95.0	
1504542383921	5432196349409	103.8367919921875	-1.0	0.0	95.0	
1504542383938	5432216491011	104.0	-1.0	0.0	95.0	
1504542383973	5432236632613	104.0	-1.0	0.0	95.0	
1504542383991	5432256774214	104.0	-1.0	0.0	95.0	
1504542384009	5432276915816	104.0	-1.0	0.0	95.0	
1504542384027	5432297057417	104.0	-1.0	0.0	95.0	
1504542384045	5432317199019	104.0	-1.0	0.0	95.0	
1504542384063	5432337340620	104.0	-1.0	0.0	95.0	
1504542384097	5432357482222	104.0	-1.0	0.0	95.0	
1504542384114	5432377623824	104.0	-1.0	0.0	95.0	
1504542384132	5432397765425	104.0	-1.0	0.0	95.0	
1504542384149	5432417907027	104.0	-1.0	0.0	95.0	
1504542384167	5432438048628	104.0	-1.0	0.0	95.0	
1504542384186	5432458190230	104.0	-1.0	0.0	95.0	
1504542384203	5432478331831	104.0	-1.0	0.0	95.0	
1504542384239	5432498473433	104.0	-1.0	0.0	95.0	
1504542384256	5432518615034	104.0	-1.0	0.0	95.0	
1504542384273	5432538756636	104.0	-1.0	0.0	95.0	
1504542384291	5432558898238	104.0	-1.0	0.0	95.0	
1504542384309	5432579039839	104.0	-1.0	0.0	95.0	
1504542384326	5432599181441	104.0	-1.0	0.0	95.0	
1504542384347	5432619323042	103.09375	-1.0	0.0	95.0	
1504542384380	5432639464644	103.94618225097656	-1.0	0.0	95.0	
1504542384398	5432659606245	103.0	-1.0	0.0	95.0	
1504542384415	5432679747847	103.0	-1.0	0.0	95.0	
1504542384434	5432699889449	103.0	-1.0	0.0	95.0	
1504542384453	5432720031050	103.0	-1.0	0.0	95.0	
1504542384468	5432740172652	103.0	-1.0	0.0	95.0	
1504542384487	5432760314253	103.0	-1.0	0.0	95.0	
1504542384521	5432780455855	103.0	-1.0	0.0	95.0	
1504542384540	5432800597456	103.0	-1.0	0.0	95.0	
1504542384556	5432820739058	103.0	-1.0	0.0	95.0	
1504542384574	5432840880659	103.0	-1.0	0.0	95.0	
1504542384591	5432861022261	103.0	-1.0	0.0	95.0	
1504542384611	5432881163863	103.0	-1.0	0.0	95.0	
1504542384626	5432901305464	103.0	-1.0	0.0	95.0	
1504542384662	5432921447066	103.0	-1.0	0.0	95.0	
1504542384679	5432941588667	103.0	-1.0	0.0	95.0	
1504542384697	5432961730269	103.0	-1.0	0.0	95.0	
1504542384718	5432981871870	103.0	-1.0	0.0	95.0	
1504542384734	5433002013472	103.0	-1.0	0.0	95.0	
1504542384749	5433022155074	103.0	-1.0	0.0	95.0	
1504542384767	5433042296675	103.0	-1.0	0.0	95.0	
1504542384802	5433062438277	103.0	-1.0	0.0	95.0	
1504542384825	5433082579878	103.0	-1.0	0.0	95.0	
1504542384844	5433102721480	103.0	-1.0	0.0	95.0	
1504542384855	5433122863081	103.0	-1.0	0.0	95.0	
1504542384874	5433143004683	103.0	-1.0	0.0	95.0	
1504542384890	5433163146284	103.0	-1.0	0.0	95.0	
1504542384926	5433183287886	103.0	-1.0	0.0	95.0	
1504542384943	5433203429488	103.0	-1.0	0.0	95.0	
1504542384961	5433223571089	103.0	-1.0	0.0	95.0	
1504542384978	5433243712691	103.0	-1.0	0.0	95.0	
1504542384996	5433263854292	103.0	-1.0	0.0	95.0	
1504542385013	5433283995894	103.0	-1.0	0.0	95.0	
1504542385032	5433304137495	103.0	-1.0	0.0	95.0	
1504542385066	5433324279097	103.0	-1.0	0.0	95.0	
1504542385084	5433344420699	103.0	-1.0	0.0	95.0	
1504542385101	5433364562300	103.0	-1.0	0.0	95.0	
1504542385119	5433384703902	103.0	-1.0	0.0	95.0	
1504542385138	5433404845503	103.0	-1.0	0.0	95.0	
1504542385154	5433424987105	103.0	-1.0	0.0	95.0	
1504542385172	5433445128706	103.0	-1.0	0.0	95.0	
1504542385208	5433465270308	103.0	-1.0	0.0	95.0	
1504542385226	5433485411909	103.0	-1.0	0.0	95.0	
1504542385245	5433505553511	103.0	-1.0	0.0	95.0	
1504542385261	5433525695113	103.0	-1.0	0.0	95.0	
1504542385278	5433545836714	103.0	-1.0	0.0	95.0	
1504542385298	5433565978316	103.0	-1.0	0.0	95.0	
1504542385313	5433586119917	103.0	-1.0	0.0	95.0	
1504542385356	5433606261519	103.0	-1.0	0.0	95.0	
1504542385368	5433626403120	103.21875	-1.0	0.0	95.0	
1504542385384	5433646544722	104.0	-1.0	0.0	95.0	
1504542385401	5433666686324	104.0	-1.0	0.0	95.0	
1504542385419	5433686827925	103.34375	-1.0	0.0	95.0	
1504542385436	5433706969527	103.0	-1.0	0.0	95.0	
1504542385455	5433727111128	103.0	-1.0	0.0	95.0	
1504542385489	5433747252730	104.0	-1.0	0.0	95.0	
1504542385508	5433767394331	103.75868225097656	-1.0	0.0	95.0	
1504542385526	5433787535933	103.0	-1.0	0.0	95.0	
1504542385544	5433807677534	103.0	-1.0	0.0	95.0	
1504542385560	5433827819136	103.0	-1.0	0.0	95.0	
1504542385580	5433847960738	103.0	-1.0	0.0	95.0	
1504542385596	5433868102339	103.0	-1.0	0.0	95.0	
1504542385631	5433888243941	103.0	-1.0	0.0	95.0	
1504542385648	5433908385542	103.0	-1.0	0.0	95.0	
1504542385666	5433928527144	103.0	-1.0	0.0	95.0	
1504542385684	5433948668745	103.0	-1.0	0.0	95.0	
1504542385701	5433968810347	103.0	-1.0	0.0	95.0	
1504542385722	5433988951949	103.0	-1.0	0.0	95.0	
1504542385737	5434009093550	103.0	-1.0	0.0	95.0	
1504542385774	5434029235152	103.0	-1.0	0.0	95.0	
1504542385790	5434049376753	103.0	-1.0	0.0	95.0	
1504542385808	5434069518355	103.0	-1.0	0.0	95.0	
1504542385826	5434089659956	103.0	-1.0	0.0	95.0	
1504542385842	5434109801558	103.0	-1.0	0.0	95.0	
1504542385860	5434129943159	103.0	-1.0	0.0	95.0	
1504542385886	5434150084761	103.0	-1.0	0.0	95.0	
1504542385896	5434170226363	103.0	-1.0	0.0	95.0	
1504542385931	5434190367964	103.0	-1.0	0.0	95.0	
1504542385948	5434210509566	103.0	-1.0	0.0	95.0	
1504542385966	5434230651167	103.0	-1.0	0.0	95.0	
1504542385986	5434250792769	103.0	-1.0	0.0	95.0	
1504542386001	5434270934370	103.0	-1.0	0.0	95.0	
1504542386019	5434291075972	103.0	-1.0	0.0	95.0	
1504542386036	5434311217574	103.0	-1.0	0.0	95.0	
1504542386053	5434331359175	103.0	-1.0	0.0	95.0	
1504542386091	5434351500777	103.0	-1.0	0.0	95.0	
1504542386108	5434371642378	103.0	-1.0	0.0	95.0	
1504542386124	5434391783980	103.0	-1.0	0.0	95.0	
1504542386143	5434411925581	103.0	-1.0	0.0	95.0	
1504542386160	5434432067183	103.0	-1.0	0.0	95.0	
1504542386178	5434452208784	103.0	-1.0	0.0	95.0	
1504542386197	5434472350386	103.0	-1.0	0.0	95.0	
1504542386231	5434492491988	103.0	-1.0	0.0	95.0	
1504542386248	5434512633589	103.0	-1.0	0.0	95.0	
1504542386265	5434532775191	103.0	-1.0	0.0	95.0	
1504542386285	5434552916792	103.0	-1.0	0.0	95.0	
1504542386301	5434573058394	103.0	-1.0	0.0	95.0	
1504542386318	5434593199995	103.0	-1.0	0.0	95.0	
1504542386335	5434613341597	103.0	-1.0	0.0	95.0	
1504542386358	5434633483199	103.0	-1.0	0.0	95.0	
1504542386389	5434653624800	103.0	-1.0	0.0	95.0	
1504542386406	5434673766402	103.0	-1.0	0.0	95.0	
1504542386424	5434693908003	103.0	-1.0	0.0	95.0	
1504542386442	5434714049605	103.0	-1.0	0.0	95.0	
1504542386461	5434734191206	103.0	-1.0	0.0	95.0	
1504542386478	5434754332808	103.0	-1.0	0.0	95.0	
1504542386494	5434774474409	103.0	-1.0	0.0	95.0	
1504542386512	5434794616011	103.0	-1.0	0.0	95.0	
1504542386548	5434814757613	103.0	-1.0	0.0	95.0	
1504542386566	5434834899214	103.0	-1.0	0.0	95.0	
1504542386582	5434855040816	103.0	-1.0	0.0	95.0	
1504542386603	5434875182417	103.0	-1.0	0.0	95.0	
1504542386619	5434895324019	103.0	-1.0	0.0	95.0	
1504542386638	5434915465620	103.0	-1.0	0.0	95.0	
1504542386653	5434935607222	103.0	-1.0	0.0	95.0	
1504542386689	5434955748824	103.0	-1.0	0.0	95.0	
1504542386706	5434975890425	103.0	-1.0	0.0	95.0	
1504542386726	5434996032027	103.0	-1.0	0.0	95.0	
1504542386741	5435016173628	103.0	-1.0	0.0	95.0	
1504542386759	5435036315230	103.0	-1.0	0.0	95.0	
1504542386776	5435056456831	103.0	-1.0	0.0	95.0	
1504542386794	5435076598433	103.0	-1.0	0.0	95.0	
1504542386830	5435096740034	103.0	-1.0	0.0	95.0	
1504542386847	5435116881636	103.0	-1.0	0.0	95.0	
1504542386864	5435137023238	103.0	-1.0	0.0	95.0	
1504542386883	5435157164839	103.0	-1.0	0.0	95.0	
1504542386900	5435177306441	103.0	-1.0	0.0	95.0	
1504542386917	5435197448042	103.0	-1.0	0.0	95.0	
1504542386935	5435217589644	103.0	-1.0	0.0	95.0	
1504542386971	5435237731245	103.12326049804688	-1.0	-0.876739501953125	95.0	
1504542387001	5435257872847	104.0	-1.0	0.0	95.0	
1504542387011	5435278014449	103.5850830078125	-1.0	0.0	95.0	
1504542387023	5435298156050	103.0	-1.0	0.0	95.0	
1504542387044	5435318297652	103.0	-1.0	0.0	95.0	
1504542387059	5435338439253	103.0	-1.0	0.0	95.0	
1504542387076	5435358580855	103.0	-1.0	0.0	95.0	
1504542387112	5435378722456	103.0	-1.0	0.0	95.0	
1504542387129	5435398864058	103.0	-1.0	0.0	95.0	
1504542387152	5435419005659	103.0	-1.0	0.0	95.0	
1504542387166	5435439147261	103.0	-1.0	0.0	95.0	
1504542387182	5435459288863	103.0	-1.0	0.0	95.0	
1504542387200	5435479430464	103.87326049804688	-1.0	0.0	95.0	
1504542387235	5435499572066	104.0	-1.0	0.0	95.0	
1504542387252	5435519713667	104.0	-1.0	0.0	95.0	
1504542387270	5435539855269	104.0	-1.0	0.0	95.0	
1504542387288	5435559996870	104.0	-1.0	0.0	95.0	
1504542387307	5435580138472	104.0	-1.0	0.0	95.0	
1504542387330	5435600280074	104.0	-1.0	0.0	95.0	
1504542387343	5435620421675	104.0	-1.0	0.0	95.0	
1504542387375	5435640563277	104.0	-1.0	0.0	95.0	
1504542387393	5435660704878	104.0	-1.0	0.0	95.0	
1504542387412	5435680846480	104.0	-1.0	0.0	95.0	
1504542387429	5435700988081	104.0	-1.0	0.0	95.0	
1504542387446	5435721129683	104.0	-1.0	0.0	95.0	
1504542387465	5435741271284	104.0	-1.0	0.0	95.0	
1504542387482	5435761412886	104.0	-1.0	0.0	95.0	
1504542387517	5435781554488	104.0	-1.0	0.0	95.0	
1504542387535	5435801696089	104.0	-1.0	0.0	95.0	
1504542387552	5435821837691	104.0	-1.0	0.0	95.0	
1504542387571	5435841979292	104.0	-1.0	0.0	95.0	
1504542387588	5435862120894	104.0	-1.0	0.0	95.0	
1504542387605	5435882262495	103.2100830078125	-1.0	0.0	95.0	
1504542387623	5435902404097	103.0	-1.0	0.0	95.0	
1504542387658	5435922545699	103.0	-1.0	0.0	95.0	
1504542387675	5435942687300	103.0	-1.0	0.0	95.0	
1504542387693	5435962828902	103.0	-1.0	0.0	95.0	
1504542387711	5435982970503	103.0	-1.0	0.0	95.0	
1504542387729	5436003112105	103.0	-1.0	0.0	95.0	
1504542387746	5436023253706	103.0	-1.0	0.0	95.0	
1504542387764	5436043395308	103.0	-1.0	0.0	95.0	
1504542387799	5436063536909	103.0	-1.0	0.0	95.0	
1504542387816	5436083678511	103.0	-1.0	0.0	95.0	
1504542387835	5436103820113	103.0	-1.0	0.0	95.0	
1504542387852	5436123961714	103.0	-1.0	0.0	95.0	
1504542387870	5436144103316	103.0	-1.0	0.0	95.0	
1504542387888	5436164244917	103.0	-1.0	0.0	95.0	
1504542387905	5436184386519	103.0	-1.0	0.0	95.0	
1504542387940	5436204528120	103.0	-1.0	0.0	95.0	
1504542387957	5436224669722	103.0	-1.0	0.0	95.0	
1504542387975	5436244811324	103.0	-1.0	0.0	95.0	
1504542387994	5436264952925	103.0	-1.0	0.0	95.0	
1504542388011	5436285094527	103.0	-1.0	0.0	95.0	
1504542388028	5436305236128	103.0	-1.0	0.0	95.0	
1504542388046	5436325377730	103.0	-1.0	0.0	95.0	
1504542388081	5436345519331	103.0	-1.0	0.0	95.0	
1504542388099	5436365660933	103.0	-1.0	0.0	95.0	
1504542388116	5436385802534	103.0	-1.0	0.0	95.0	
1504542388134	5436405944136	103.0	-1.0	0.0	95.0	
1504542388153	5436426085738	103.0	-1.0	0.0	95.0	
1504542388169	5436446227339	103.0	-1.0	0.0	95.0	
1504542388204	5436466368941	103.0	-1.0	0.0	95.0	
1504542388222	5436486510542	103.0	-1.0	0.0	95.0	
1504542388240	5436506652144	103.0	-1.0	0.0	95.0	
1504542388259	5436526793745	103.0	-1.0	0.0	95.0	
1504542388276	5436546935347	103.0	-1.0	0.0	95.0	
1504542388293	5436567076949	103.0	-1.0	0.0	95.0	
1504542388312	5436587218550	103.0	-1.0	0.0	95.0	
1504542388346	5436607360152	103.0	-1.0	0.0	95.0	
1504542388364	5436627501753	103.0	-1.0	0.0	95.0	
1504542388381	5436647643355	103.0	-1.0	0.0	95.0	
1504542388399	5436667784956	103.0	-1.0	0.0	95.0	
1504542388418	5436687926558	103.0	-1.0	0.0	95.0	
1504542388434	5436708068159	103.0	-1.0	0.0	95.0	
1504542388452	5436728209761	103.0	-1.0	0.0	95.0	
1504542388487	5436748351363	103.0	-1.0	0.0	95.0	
1504542388505	5436768492964	103.0	-1.0	0.0	95.0	
1504542388524	5436788634566	103.0	-1.0	0.0	95.0	
1504542388539	5436808776167	103.0	-1.0	0.0	95.0	
1504542388557	5436828917769	103.0	-1.0	0.0	95.0	
1504542388578	5436849059370	103.0	-1.0	0.0	95.0	
1504542388593	5436869200972	103.0	-1.0	0.0	95.0	
1504542388630	5436889342574	103.0	-1.0	0.0	95.0	
1504542388647	5436909484175	103.0	-1.0	0.0	95.0	
1504542388663	5436929625777	103.0	-1.0	0.0	95.0	
1504542388687	5436949767378	103.0	-1.0	0.0	95.0	
1504542388698	5436969908980	103.0	-1.0	0.0	95.0	
1504542388716	5436990050581	103.0	-1.0	0.0	95.0	
1504542388734	5437010192183	103.0	-1.0	0.0	95.0	
1504542388768	5437030333784	103.0	-1.0	0.0	95.0	
1504542388786	5437050475386	103.0	-1.0	0.0	95.0	
1504542388804	5437070616988	103.0	-1.0	0.0	95.0	
1504542388822	5437090758589	103.0	-1.0	0.0	95.0	
1504542388840	5437110900191	103.0	-1.0	0.0	95.0	
1504542388857	5437131041792	103.0	-1.0	0.0	95.0	
1504542388875	5437151183394	103.0	-1.0	0.0	95.0	
1504542388909	5437171324995	103.0	-1.0	0.0	95.0	
1504542388931	5437191466597	103.0	-1.0	0.0	95.0	
1504542388947	5437211608199	103.0	-1.0	0.0	95.0	
1504542388962	5437231749800	103.0	-1.0	0.0	95.0	
1504542388980	5437251891402	103.0	-1.0	0.0	95.0	
1504542388998	5437272033003	103.0	-1.0	0.0	95.0	
1504542389015	5437292174605	103.0	-1.0	0.0	95.0	
1504542389050	5437312316206	103.0	-1.0	0.0	95.0	
1504542389068	5437332457808	103.0	-1.0	0.0	95.0	
1504542389086	5437352599409	103.0	-1.0	0.0	95.0	
1504542389106	5437372741011	103.0	-1.0	0.0	95.0	
1504542389121	5437392890603	103.0	-1.0	0.0	95.0	
1504542389139	5437413032204	103.0	-1.0	0.0	95.0	
1504542389174	5437433173806	103.0	-1.0	0.0	95.0	
1504542389192	5437453315407	103.0	-1.0	0.0	95.0	
1504542389210	5437473457009	103.0	-1.0	0.0	95.0	
1504542389227	5437493598610	103.0	-1.0	0.0	95.0	
1504542389245	5437513740212	103.0	-1.0	0.0	95.0	
1504542389263	5437533881814	103.0	-1.0	0.0	95.0	
1504542389280	5437554023415	103.0	-1.0	0.0	95.0	
1504542389316	5437574165017	103.0	-1.0	0.0	95.0	
1504542389332	5437594306618	103.0	-1.0	0.0	95.0	
1504542389350	5437614448220	103.0	-1.0	0.0	95.0	
1504542389368	5437634589821	103.0	-1.0	0.0	95.0	
1504542389385	5437654731423	103.0	-1.0	0.0	95.0	
1504542389403	5437674873024	103.0	-1.0	0.0	95.0	
1504542389422	5437695014626	103.0	-1.0	0.0	95.0	
1504542389456	5437715156228	103.0	-1.0	0.0	95.0	
1504542389473	5437735297829	103.0	-1.0	0.0	95.0	
1504542389491	5437755439431	103.0	-1.0	0.0	95.0	
1504542389509	5437775581032	103.0	-1.0	0.0	95.0	
1504542389528	5437795722634	103.0	-1.0	0.0	95.0	
1504542389545	5437815864235	103.0	-1.0	0.0	95.0	
1504542389562	5437836005837	103.0	-1.0	0.0	95.0	
1504542389598	5437856147439	103.0	-1.0	0.0	95.0	
1504542389614	5437876289040	103.0	-1.0	0.0	95.0	
1504542389632	5437896430642	103.0	-1.0	0.0	95.0	
1504542389650	5437916572243	103.0	-1.0	0.0	95.0	
1504542389668	5437936713845	103.0	-1.0	0.0	95.0	
1504542389687	5437956855446	103.0	-1.0	0.0	95.0	
1504542389703	5437976997048	103.0	-1.0	0.0	95.0	
1504542389739	5437997138649	103.0	-1.0	0.0	95.0	
1504542389756	5438017280251	103.0	-1.0	0.0	95.0	
1504542389774	5438037421853	103.0	-1.0	0.0	95.0	
1504542389791	5438057563454	103.0	-1.0	0.0	95.0	
1504542389809	5438077705056	103.0	-1.0	0.0	95.0	
1504542389827	5438097846657	103.0	-1.0	0.0	95.0	
1504542389851	5438117988259	103.0	-1.0	0.0	95.0	
1504542389879	5438138129860	103.0	-1.0	0.0	95.0	
1504542389897	5438158271462	103.0	-1.0	0.0	95.0	
1504542389914	5438178413064	103.0	-1.0	0.0	95.0	
1504542389932	5438198554665	103.0	-1.0	0.0	95.0	
1504542389949	5438218696267	103.0	-1.0	0.0	95.0	
1504542389967	5438238837868	103.0	-1.0	0.0	95.0	
1504542389984	5438258979470	103.0	-1.0	0.0	95.0	
1504542390020	5438279121071	103.0	-1.0	0.0	95.0	
1504542390038	5438299262673	103.0	-1.0	0.0	95.0	
1504542390055	5438319404274	103.0	-1.0	0.0	95.0	
1504542390073	5438339545876	103.0	-1.0	0.0	95.0	
1504542390090	5438359687478	103.0	-1.0	0.0	95.0	
1504542390109	5438379829079	103.0	-1.0	0.0	95.0	
1504542390145	5438399970681	103.0	-1.0	0.0	95.0	
1504542390166	5438420112282	103.0	-1.0	0.0	95.0	
1504542390179	5438440253884	103.0	-1.0	0.0	95.0	
1504542390198	5438460395485	103.0	-1.0	0.0	95.0	
1504542390216	5438480537087	103.0	-1.0	0.0	95.0	
1504542390232	5438500678689	103.0	-1.0	0.0	95.0	
1504542390251	5438520820290	103.0	-1.0	0.0	95.0	
1504542390285	5438540961892	103.0	-1.0	0.0	95.0	
1504542390302	5438561103493	103.0	-1.0	0.0	95.0	
1504542390320	5438581245095	103.0	-1.0	0.0	95.0	
1504542390337	5438601386696	103.0	-1.0	0.0	95.0	
1504542390356	5438621528298	103.62326049804688	-1.0	0.0	95.0	
1504542390375	5438641669899	104.0	-1.0	0.0	95.0	
1504542390390	5438661811501	104.0	-1.0	0.0	95.0	
1504542390428	5438681953103	104.0	-1.0	0.0	95.0	
1504542390445	5438702094704	104.0	-1.0	0.0	95.0	
1504542390461	5438722236306	104.0	-1.0	0.0	95.0	
1504542390479	5438742377907	104.0	-1.0	0.0	95.0	
1504542390496	5438762519509	104.0	-1.0	0.0	95.0	
1504542390514	5438782661110	103.21144104003906	-1.0	0.0	95.0	
1504542390532	5438802802712	103.0	-1.0	0.0	95.0	
1504542390566	5438822944314	103.93092346191406	-1.0	0.0	95.0	
1504542390586	5438843085915	103.0	-1.0	0.0	95.0	
1504542390602	5438863227517	103.0	-1.0	0.0	95.0	
1504542390623	5438883369118	103.0	-1.0	0.0	95.0	
1504542390639	5438903510720	103.0	-1.0	0.0	95.0	
1504542390657	5438923652321	103.0	-1.0	0.0	95.0	
1504542390679	5438943793923	103.0	-1.0	0.0	95.0	
1504542390707	5438963935524	103.0	-1.0	0.0	95.0	
1504542390725	5438984077126	103.0	-1.0	0.0	95.0	
1504542390742	5439004218728	103.0	-1.0	0.0	95.0	
1504542390760	5439024360329	103.0	-1.0	0.0	95.0	
1504542390778	5439044501931	103.0	-1.0	0.0	95.0	
1504542390797	5439064643532	103.0	-1.0	0.0	95.0	
1504542390815	5439084785134	103.0	-1.0	0.0	95.0	
1504542390852	5439104926735	103.0	-1.0	0.0	95.0	
1504542390866	5439125068337	103.0	-1.0	0.0	95.0	
1504542390884	5439145209939	103.0	-1.0	0.0	95.0	
1504542390902	5439165351540	103.0	-1.0	0.0	95.0	
1504542390921	5439185493142	103.0	-1.0	0.0	95.0	
1504542390937	5439205634743	103.0	-1.0	0.0	95.0	
1504542390957	5439225776345	103.0	-1.0	0.0	95.0	
1504542390990	5439245917946	103.0	-1.0	0.0	95.0	
1504542391010	5439266059548	103.0	-1.0	0.0	95.0	
1504542391025	5439286201149	103.0	-1.0	0.0	95.0	
1504542391052	5439306342751	103.0	-1.0	0.0	95.0	
1504542391073	5439326484353	103.0	-1.0	0.0	95.0	
1504542391081	5439346625954	103.0	-1.0	0.0	95.0	
1504542391095	5439366767556	103.0	-1.0	0.0	95.0	
1504542391113	5439386909157	103.0	-1.0	0.0	95.0	
1504542391147	5439407050759	103.0	-1.0	0.0	95.0	
1504542391166	5439427192360	103.0	-1.0	0.0	95.0	
1504542391183	5439447333962	103.0	-1.0	0.0	95.0	
1504542391201	5439467475564	103.0	-1.0	0.0	95.0	
1504542391220	5439487617165	103.0	-1.0	0.0	95.0	
1504542391237	5439507758767	103.0	-1.0	0.0	95.0	
1504542391256	5439527900368	103.0	-1.0	0.0	95.0	
1504542391289	5439548041970	103.0	-1.0	0.0	95.0	
1504542391307	5439568183571	103.0	-1.0	0.0	95.0	
1504542391326	5439588325173	103.0	-1.0	0.0	95.0	
1504542391342	5439608466774	103.0	-1.0	0.0	95.0	
1504542391360	5439628608376	103.0	-1.0	0.0	95.0	
1504542391379	5439648749978	103.0	-1.0	0.0	95.0	
1504542391395	5439668891579	103.0	-1.0	0.0	95.0	
1504542391432	5439689033181	103.0	-1.0	0.0	95.0	
1504542391449	5439709174782	103.0	-1.0	0.0	95.0	
1504542391466	5439729316384	103.0	-1.0	0.0	95.0	
1504542391485	5439749457985	103.0	-1.0	0.0	95.0	
1504542391501	5439769599587	103.0	-1.0	0.0	95.0	
1504542391519	5439789741189	103.0	-1.0	0.0	95.0	
1504542391539	5439809882790	103.0	-1.0	0.0	95.0	
1504542391574	5439830024392	103.0	-1.0	0.0	95.0	
1504542391588	5439850165993	103.0	-1.0	0.0	95.0	
1504542391607	5439870307595	103.0	-1.0	0.0	95.0	
1504542391625	5439890449196	103.0	-1.0	0.0	95.0	
1504542391651	5439910590798	103.0	-1.0	0.0	95.0	
1504542391676	5439930732399	103.0	-1.0	0.0	95.0	
1504542391682	5439950874001	103.0	-1.0	0.0	95.0	
1504542391712	5439971015603	103.0	-1.0	0.0	95.0	
1504542391730	5439991157204	103.0	-1.0	0.0	95.0	
1504542391747	5440011298806	103.0	-1.0	0.0	95.0	
1504542391764	5440031440407	103.0	-1.0	0.0	95.0	
1504542391782	5440051582009	103.0	-1.0	0.0	95.0	
1504542391801	5440071723610	103.0	-1.0	0.0	95.0	
1504542391818	5440091865212	103.0	-1.0	0.0	95.0	
1504542391855	5440112006814	103.0	-1.0	0.0	95.0	
1504542391872	5440132148415	103.0	-1.0	0.0	95.0	
1504542391895	5440152290017	103.0	-1.0	0.0	95.0	
1504542391910	5440172431618	103.0	-1.0	0.0	95.0	
1504542391924	5440192573220	103.0	-1.0	0.0	95.0	
1504542391942	5440212714821	103.0	-1.0	0.0	95.0	
1504542391962	5440232856423	103.0	-1.0	0.0	95.0	
1504542391995	5440252998024	103.0	-1.0	0.0	95.0	
1504542392013	5440273139626	103.0	-1.0	0.0	95.0	
1504542392031	5440293281228	103.0	-1.0	0.0	95.0	
1504542392049	5440313422829	103.0	-1.0	0.0	95.0	
1504542392068	5440333564431	103.0	-1.0	0.0	95.0	
1504542392085	5440353706032	103.0	-1.0	0.0	95.0	
1504542392101	5440373847634	103.0	-1.0	0.0	95.0	
1504542392120	5440393989235	103.0	-1.0	0.0	95.0	
1504542392156	5440414130837	103.0	-1.0	0.0	95.0	
1504542392178	5440434272439	103.0	-1.0	0.0	95.0	
1504542392200	5440454414040	103.0	-1.0	0.0	95.0	
1504542392216	5440474555642	103.0	-1.0	0.0	95.0	
1504542392232	5440494697243	103.0	-1.0	0.0	95.0	
1504542392245	5440514838845	103.0	-1.0	0.0	95.0	
1504542392258	5440534980446	103.0	-1.0	0.0	95.0	
1504542392294	5440555122048	103.0	-1.0	0.0	95.0	
1504542392311	5440575263649	103.0	-1.0	0.0	95.0	
1504542392329	5440595405251	103.0	-1.0	0.0	95.0	
1504542392348	5440615546853	103.0	-1.0	0.0	95.0	
1504542392366	5440635688454	103.0	-1.0	0.0	95.0	
1504542392394	5440655830056	103.0	-1.0	0.0	95.0	
1504542392410	5440675971657	103.0	-1.0	0.0	95.0	
1504542392435	5440696113259	103.0	-1.0	0.0	95.0	
1504542392452	5440716254860	103.0	-1.0	0.0	95.0	
1504542392470	5440736396462	103.0	-1.0	0.0	95.0	
1504542392500	5440756538064	103.0	-1.0	0.0	95.0	
1504542392511	5440776679665	103.0	-1.0	0.0	95.0	
1504542392527	5440796821267	103.0	-1.0	0.0	95.0	
1504542392549	5440816962868	103.0	-1.0	0.0	95.0	
1504542392580	5440837104470	103.0	-1.0	0.0	95.0	
1504542392605	5440857246071	103.0	-1.0	0.0	95.0	
1504542392632	5440877387673	103.0	-1.0	0.0	95.0	
1504542392660	5440897529274	103.0	-1.0	0.0	95.0	
1504542392691	5440917670876	103.0	-1.0	0.0	95.0	
1504542392720	5440937812478	103.0	-1.0	0.0	95.0	
1504542392739	5440957954079	103.0	-1.0	0.0	95.0	
1504542392771	5440978095681	103.0	-1.0	0.0	95.0	
1504542392796	5440998237282	103.0	-1.0	0.0	95.0	
1504542392809	5441018378884	103.0	-1.0	0.0	95.0	
1504542392825	5441038520485	103.0	-1.0	0.0	95.0	
1504542392834	5441058662087	103.0	-1.0	0.0	95.0	
1504542392843	5441078803689	103.0	-1.0	0.0	95.0	
1504542392851	5441098945290	103.0	-1.0	0.0	95.0	
1504542392868	5441119086892	103.0	-1.0	0.0	95.0	
1504542392875	5441139228493	103.0	-1.0	0.0	95.0	
1504542392893	5441159370095	103.0	-1.0	0.0	95.0	
1504542392911	5441179511696	103.0	-1.0	0.0	95.0	
1504542392928	5441199653298	103.0	-1.0	0.0	95.0	
1504542392946	5441219794899	103.0	-1.0	0.0	95.0	
1504542392966	5441239936501	103.0	-1.0	0.0	95.0	
1504542393008	5441260078103	103.0	-1.0	0.0	95.0	
1504542393033	5441280219704	103.0	-1.0	0.0	95.0	
1504542393052	5441300361306	103.0	-1.0	0.0	95.0	
1504542393070	5441320502907	103.0	-1.0	0.0	95.0	
1504542393089	5441340644509	103.0	-1.0	0.0	95.0	
1504542393110	5441360786110	103.0	-1.0	0.0	95.0	
1504542393131	5441380927712	103.0	-1.0	0.0	95.0	
1504542393165	5441401069314	103.0	-1.0	0.0	95.0	
1504542393203	5441421210915	103.0	-1.0	0.0	95.0	
1504542393227	5441441352517	103.0	-1.0	0.0	95.0	
1504542393239	5441461494118	103.0	-1.0	0.0	95.0	
1504542393250	5441481635720	103.0	-1.0	0.0	95.0	
1504542393262	5441501777321	103.0	-1.0	0.0	95.0	
1504542393275	5441521918923	103.0	-1.0	0.0	95.0	
1504542393284	5441542060524	103.0	-1.0	0.0	95.0	
1504542393300	5441562202126	103.0	-1.0	0.0	95.0	
1504542393317	5441582343728	103.0	-1.0	0.0	95.0	
1504542393342	5441602485329	103.0	-1.0	0.0	95.0	
1504542393366	5441622626931	103.0	-1.0	0.0	95.0	
1504542393388	5441642768532	103.0	-1.0	0.0	95.0	
1504542393419	5441662910134	103.0	-1.0	0.0	95.0	
1504542393432	5441683051735	103.0	-1.0	0.0	95.0	
1504542393450	5441703193337	103.0	-1.0	0.0	95.0	
1504542393458	5441723334939	103.0	-1.0	0.0	95.0	
1504542393474	5441743476540	103.0	-1.0	0.0	95.0	
1504542393493	5441763618142	103.0	-1.0	0.0	95.0	
1504542393510	5441783759743	103.0	-1.0	0.0	95.0	
1504542393528	5441803901345	103.0	-1.0	0.0	95.0	
1504542393549	5441824042946	103.0	-1.0	0.0	95.0	
1504542393582	5441844184548	103.0	-1.0	0.0	95.0	
1504542393599	5441864326149	103.0	-1.0	0.0	95.0	
1504542393616	5441884467751	103.0	-1.0	0.0	95.0	
1504542393635	5441904609353	103.0	-1.0	0.0	95.0	
1504542393654	5441924750954	103.0	-1.0	0.0	95.0	
1504542393672	5441944892556	103.0	-1.0	0.0	95.0	
1504542393691	5441965034157	103.0	-1.0	0.0	95.0	
1504542393724	5441985175759	103.0	-1.0	0.0	95.0	
1504542393741	5442005317360	103.0	-1.0	0.0	95.0	
1504542393760	5442025458962	103.0	-1.0	0.0	95.0	
1504542393776	5442045600564	103.0	-1.0	0.0	95.0	
1504542393792	5442065742165	103.0	-1.0	0.0	95.0	
1504542393811	5442085883767	103.0	-1.0	0.0	95.0	
1504542393827	5442106025368	103.0	-1.0	0.0	95.0	
1504542393864	5442126166970	103.0	-1.0	0.0	95.0	
1504542393881	5442146308571	103.0	-1.0	0.0	95.0	
1504542393898	5442166450173	103.0	-1.0	0.0	95.0	
1504542393918	5442186591774	103.0	-1.0	0.0	95.0	
1504542393934	5442206733376	103.0	-1.0	0.0	95.0	
1504542393951	5442226874978	103.0	-1.0	0.0	95.0	
1504542393971	5442247016579	103.0	-1.0	0.0	95.0	
1504542394006	5442267158181	103.0	-1.0	0.0	95.0	
1504542394021	5442287299782	103.0	-1.0	0.0	95.0	
1504542394038	5442307441384	103.0	-1.0	0.0	95.0	
1504542394056	5442327582985	103.0	-1.0	0.0	95.0	
1504542394075	5442347724587	103.0	-1.0	0.0	95.0	
1504542394092	5442367866189	103.0	-1.0	0.0	95.0	
1504542394109	5442388007790	103.0	-1.0	0.0	95.0	
1504542394128	5442408149392	103.0	-1.0	0.0	95.0	
1504542394164	5442428290993	103.0	-1.0	0.0	95.0	
1504542394180	5442448432595	103.0	-1.0	0.0	95.0	
1504542394198	5442468574196	103.0	-1.0	0.0	95.0	
1504542394215	5442488715798	103.0	-1.0	0.0	95.0	
1504542394234	5442508857399	103.0	-1.0	0.0	95.0	
1504542394250	5442528999001	103.0	-1.0	0.0	95.0	
1504542394269	5442549140603	103.0	-1.0	0.0	95.0	
1504542394309	5442569282204	103.0	-1.0	0.0	95.0	
1504542394325	5442589423806	103.0	-1.0	0.0	95.0	
1504542394339	5442609565407	103.0	-1.0	0.0	95.0	
1504542394356	5442629707009	103.0	-1.0	0.0	95.0	
1504542394375	5442649848610	103.0	-1.0	0.0	95.0	
1504542394392	5442669990212	103.0	-1.0	0.0	95.0	
1504542394419	5442690131814	103.0	-1.0	0.0	95.0	
1504542394452	5442710273415	103.0	-1.0	0.0	95.0	
1504542394468	5442730415017	103.0	-1.0	0.0	95.0	
1504542394480	5442750556618	103.0	-1.0	0.0	95.0	
1504542394499	5442770698220	103.0	-1.0	0.0	95.0	
1504542394515	5442790839821	103.0	-1.0	0.0	95.0	
1504542394534	5442810981423	103.0	-1.0	0.0	95.0	
1504542394553	5442831123024	103.0	-1.0	0.0	95.0	
1504542394590	5442851264626	103.0	-1.0	0.0	95.0	
1504542394605	5442871406228	103.0	-1.0	0.0	95.0	
1504542394626	5442891547829	103.0	-1.0	0.0	95.0	
1504542394643	5442911689431	103.0	-1.0	0.0	95.0	
1504542394664	5442931831032	103.0	-1.0	0.0	95.0	
1504542394673	5442951972634	103.0	-1.0	0.0	95.0	
1504542394690	5442972114235	103.0	-1.0	0.0	95.0	
1504542394725	5442992255837	103.0	-1.0	0.0	95.0	
1504542394743	5443012397439	103.0	-1.0	0.0	95.0	
1504542394764	5443032539040	103.0	-1.0	0.0	95.0	
1504542394780	5443052680642	103.0	-1.0	0.0	95.0	
1504542394798	5443072822243	103.0	-1.0	0.0	95.0	
1504542394817	5443092963845	103.0	-1.0	0.0	95.0	
1504542394833	5443113105446	103.0	-1.0	0.0	95.0	
1504542394869	5443133247048	103.0	-1.0	0.0	95.0	
1504542394887	5443153388649	103.0	-1.0	0.0	95.0	
1504542394903	5443173530251	103.0	-1.0	0.0	95.0	
1504542394923	5443193671853	103.0	-1.0	0.0	95.0	
1504542394939	5443213813454	103.0	-1.0	0.0	95.0	
1504542394956	5443233955056	103.0	-1.0	0.0	95.0	
1504542394976	5443254096657	103.0	-1.0	0.0	95.0	
1504542395013	5443274238259	103.0	-1.0	0.0	95.0	
1504542395030	5443294379860	103.0	-1.0	0.0	95.0	
1504542395048	5443314521462	103.0	-1.0	0.0	95.0	
1504542395071	5443334663064	103.0	-1.0	0.0	95.0	
1504542395092	5443354804665	103.0	-1.0	0.0	95.0	
1504542395105	5443374946267	103.0	-1.0	0.0	95.0	
1504542395117	5443395087868	103.0	-1.0	0.0	95.0	
1504542395150	5443415229470	103.0	-1.0	0.0	95.0	
1504542395169	5443435371071	103.0	-1.0	0.0	95.0	
1504542395187	5443455512673	103.0	-1.0	0.0	95.0	
1504542395203	5443475654274	103.0	-1.0	0.0	95.0	
1504542395225	5443495795876	103.0	-1.0	0.0	95.0	
1504542395253	5443515937478	103.0	-1.0	0.0	95.0	
1504542395259	5443536079079	103.0	-1.0	0.0	95.0	
1504542395290	5443556220681	103.0	-1.0	0.0	95.0	
1504542395308	5443576362282	103.0	-1.0	0.0	95.0	
1504542395325	5443596503884	103.0	-1.0	0.0	95.0	
1504542395348	5443616645485	103.0	-1.0	0.0	95.0	
1504542395362	5443636787087	103.0	-1.0	0.0	95.0	
1504542395379	5443656928689	103.0	-1.0	0.0	95.0	
1504542395397	5443677070290	103.0	-1.0	0.0	95.0	
1504542395434	5443697211892	103.0	-1.0	0.0	95.0	
1504542395453	5443717353493	103.0	-1.0	0.0	95.0	
1504542395468	5443737495095	103.0	-1.0	0.0	95.0	
1504542395485	5443757636696	103.0	-1.0	0.0	95.0	
1504542395504	5443777778298	103.0	-1.0	0.0	95.0	
1504542395519	5443797919899	103.0	-1.0	0.0	95.0	
1504542395538	5443818061501	103.0	-1.0	0.0	95.0	
1504542395572	5443838203103	103.0	-1.0	0.0	95.0	
1504542395592	5443858344704	103.0	-1.0	0.0	95.0	
1504542395615	5443878486306	103.0	-1.0	0.0	95.0	
1504542395635	5443898627907	103.0	-1.0	0.0	95.0	
1504542395644	5443918769509	103.0	-1.0	0.0	95.0	
1504542395661	5443938911110	103.0	-1.0	0.0	95.0	
1504542395679	5443959052712	103.0	-1.0	0.0	95.0	
1504542395714	5443979194314	103.0	-1.0	0.0	95.0	
1504542395732	5443999335915	103.0	-1.0	0.0	95.0	
1504542395750	5444019477517	103.0	-1.0	0.0	95.0	
1504542395768	5444039619118	103.0	-1.0	0.0	95.0	
1504542395784	5444059760720	103.0	-1.0	0.0	95.0	
1504542395802	5444079902321	103.0	-1.0	0.0	95.0	
1504542395826	5444100043923	103.0	-1.0	0.0	95.0	
1504542395854	5444120185524	103.0	-1.0	0.0	95.0	
1504542395873	5444140327126	103.0	-1.0	0.0	95.0	
1504542395891	5444160468728	103.0	-1.0	0.0	95.0	
1504542395906	5444180610329	103.0	-1.0	0.0	95.0	
1504542395925	5444200751931	103.71353149414063	-1.0	0.0	95.0	
1504542395942	5444220893532	104.0	-1.0	0.0	95.0	
1504542395978	5444241035134	103.0	-1.0	0.0	95.0	
1504542395995	5444261176735	103.0	-1.0	0.0	95.0	
1504542396014	5444281318337	103.0	-1.0	0.0	95.0	
1504542396034	5444301459939	103.0	-1.0	0.0	95.0	
1504542396050	5444321601540	103.0	-1.0	0.0	95.0	
1504542396067	5444341743142	103.0	-1.0	0.0	95.0	
1504542396087	5444361884743	103.0	-1.0	0.0	95.0	
1504542396123	5444382026345	103.0	-1.0	0.0	95.0	
1504542396151	5444402167946	103.0	-1.0	0.0	95.0	
1504542396177	5444422309548	103.0	-1.0	0.0	95.0	
1504542396189	5444442451149	103.0	-1.0	0.0	95.0	
1504542396204	5444462592751	103.0	-1.0	0.0	95.0	
1504542396213	5444482734353	103.0	-1.0	0.0	95.0	
1504542396224	5444502875954	103.0	-1.0	0.0	95.0	
1504542396260	5444523017556	103.0	-1.0	0.0	95.0	
1504542396278	5444543159157	103.0	-1.0	0.0	95.0	
1504542396296	5444563300759	103.0	-1.0	0.0	95.0	
1504542396312	5444583442360	103.0	-1.0	0.0	95.0	
1504542396331	5444603583962	103.0	-1.0	0.0	95.0	
1504542396350	5444623725564	103.0	-1.0	0.0	95.0	
1504542396367	5444643867165	103.0	-1.0	0.0	95.0	
1504542396414	5444664008767	103.0	-1.0	0.0	95.0	
1504542396422	5444684150368	103.0	-1.0	0.0	95.0	
1504542396467	5444704291970	103.0	-1.0	0.0	95.0	
1504542396474	5444724433571	103.0	-1.0	0.0	95.0	
1504542396481	5444744575173	103.0	-1.0	0.0	95.0	
1504542396489	5444764716774	103.0	-1.0	0.0	95.0	
1504542396506	5444784858376	103.0	-1.0	0.0	95.0	
1504542396542	5444804999978	103.0	-1.0	0.0	95.0	
1504542396561	5444825141579	103.0	-1.0	0.0	95.0	
1504542396577	5444845283181	103.0	-1.0	0.0	95.0	
1504542396595	5444865424782	103.0	-1.0	0.0	95.0	
1504542396618	5444885566384	103.0	-1.0	0.0	95.0	
1504542396630	5444905707985	103.0	-1.0	0.0	95.0	
1504542396647	5444925849587	103.0	-1.0	0.0	95.0	
1504542396683	5444945991189	103.0	-1.0	0.0	95.0	
1504542396705	5444966132790	103.0	-1.0	0.0	95.0	
1504542396720	5444986274392	103.0	-1.0	0.0	95.0	
1504542396736	5445006415993	103.0	-1.0	0.0	95.0	
1504542396752	5445026557595	103.0	-1.0	0.0	95.0	
1504542396772	5445046699196	103.0	-1.0	0.0	95.0	
1504542396788	5445066840798	103.0	-1.0	0.0	95.0	
1504542396825	5445086982399	103.0	-1.0	0.0	95.0	
1504542396848	5445107124001	103.0	-1.0	0.0	95.0	
1504542396868	5445127265603	103.0	-1.0	0.0	95.0	
1504542396890	5445147407204	103.0	-1.0	0.0	95.0	
1504542396908	5445167548806	103.0	-1.0	0.0	95.0	
1504542396931	5445187690407	103.0	-1.0	0.0	95.0	
1504542396961	5445207832009	103.0	-1.0	0.0	95.0	
1504542396980	5445227973610	103.0	-1.0	0.0	95.0	
1504542397000	5445248115212	103.0	-1.0	0.0	95.0	
1504542397010	5445268256814	103.0	-1.0	0.0	95.0	
1504542397017	5445288398415	103.0	-1.0	0.0	95.0	
1504542397038	5445308540017	103.0	-1.0	0.0	95.0	
1504542397052	5445328681618	103.0	-1.0	0.0	95.0	
1504542397088	5445348823220	103.0	-1.0	0.0	95.0	
1504542397106	5445368964821	103.0	-1.0	0.0	95.0	
1504542397123	5445389106423	103.0	-1.0	0.0	95.0	
1504542397145	5445409248024	103.0	-1.0	0.0	95.0	
1504542397161	5445429389626	103.0	-1.0	0.0	95.0	
1504542397177	5445449531228	103.0	-1.0	0.0	95.0	
1504542397198	5445469672829	103.0	-1.0	0.0	95.0	
1504542397235	5445489814431	103.0	-1.0	0.0	95.0	
1504542397252	5445509956032	103.0	-1.0	0.0	95.0	
1504542397264	5445530097634	103.0	-1.0	0.0	95.0	
1504542397284	5445550239235	103.0	-1.0	0.0	95.0	
1504542397308	5445570380837	103.0	-1.0	0.0	95.0	
1504542397337	5445590522439	103.0	-1.0	0.0	95.0	
1504542397349	5445610664040	103.0	-1.0	0.0	95.0	
1504542397371	5445630805642	103.0	-1.0	0.0	95.0	
1504542397392	5445650947243	103.0	-1.0	0.0	95.0	
1504542397408	5445671088845	103.0	-1.0	0.0	95.0	
1504542397429	5445691230446	103.0	-1.0	0.0	95.0	
1504542397453	5445711372048	103.0	-1.0	0.0	95.0	
1504542397468	5445731513649	103.0	-1.0	0.0	95.0	
1504542397479	5445751655251	103.0	-1.0	0.0	95.0	
1504542397512	5445771796853	103.0	-1.0	0.0	95.0	
1504542397530	5445791938454	103.0	-1.0	0.0	95.0	
1504542397548	5445812080056	103.0	-1.0	0.0	95.0	
1504542397576	5445832221657	103.0	-1.0	0.0	95.0	
1504542397593	5445852363259	103.0	-1.0	0.0	95.0	
1504542397599	5445872504860	103.0	-1.0	0.0	95.0	
1504542397619	5445892646462	103.0	-1.0	0.0	95.0	
1504542397652	5445912788064	103.0	-1.0	0.0	95.0	
1504542397669	5445932929665	103.0	-1.0	0.0	95.0	
1504542397686	5445953071267	103.0	-1.0	0.0	95.0	
1504542397705	5445973212868	103.0	-1.0	0.0	95.0	
1504542397724	5445993354470	103.0	-1.0	0.0	95.0	
1504542397740	5446013496071	103.0	-1.0	0.0	95.0	
1504542397758	5446033637673	103.0	-1.0	0.0	95.0	
1504542397795	5446053779274	103.0	-1.0	0.0	95.0	
1504542397814	5446073920876	103.0	-1.0	0.0	95.0	
1504542397832	5446094062478	103.0	-1.0	0.0	95.0	
1504542397852	5446114204079	103.0	-1.0	0.0	95.0	
1504542397869	5446134345681	103.0	-1.0	0.0	95.0	
1504542397896	5446154487282	103.0	-1.0	0.0	95.0	
1504542397922	5446174628884	103.0	-1.0	0.0	-1.0	
1504542397934	5446194770485	103.0	-1.0	0.0	-1.0	
1504542397952	5446214912087	103.0	-1.0	0.0	-1.0	
1504542397969	5446235053689	103.0	-1.0	0.0	-1.0	
1504542397989	5446255195290	103.0	-1.0	0.0	-1.0	
1504542398007	5446275336892	103.0	-1.0	0.0	-1.0	
1504542398022	5446295478493	103.0	-1.0	0.0	-1.0	
1504542398057	5446315620095	103.0	-1.0	0.0	-1.0	
1504542398075	5446335761696	103.0	-1.0	0.0	-1.0	
1504542398092	5446355903298	103.0	-1.0	0.0	-1.0	
1504542398110	5446376044899	103.0	-1.0	0.0	-1.0	
1504542398130	5446396186501	103.0	-1.0	0.0	-1.0	
1504542398147	5446416328103	103.0	-1.0	0.0	-1.0	
1504542398164	5446436469704	103.0	-1.0	0.0	-1.0	
1504542398200	5446456611306	103.0	-1.0	0.0	-1.0	
1504542398227	5446476752907	103.0	-1.0	0.0	-1.0	
1504542398234	5446496894509	103.0	-1.0	0.0	-1.0	
1504542398264	5446517036110	103.0	-1.0	0.0	-1.0	
1504542398278	5446537177712	103.0	-1.0	0.0	-1.0	
1504542398286	5446557319314	103.0	-1.0	0.0	-1.0	
1504542398304	5446577460915	103.0	-1.0	0.0	-1.0	
1504542398338	5446597602517	103.0	-1.0	0.0	-1.0	
1504542398364	5446617744118	103.0	-1.0	0.0	-1.0	
1504542398375	5446637885720	103.0	-1.0	0.0	-1.0	
1504542398391	5446658027321	103.0	-1.0	0.0	-1.0	
1504542398413	5446678168923	103.0	-1.0	0.0	-1.0	
1504542398428	5446698310524	103.0	-1.0	0.0	-1.0	
1504542398445	5446718452126	103.0	-1.0	0.0	-1.0	
1504542398483	5446738593728	103.0	-1.0	0.0	-1.0	
1504542398498	5446758735329	103.0	-1.0	0.0	-1.0	
1504542398516	5446778876931	103.0	-1.0	0.0	-1.0	
1504542398536	5446799018532	103.0	-1.0	0.0	-1.0	
1504542398550	5446819160134	103.0	-1.0	0.0	-1.0	
1504542398569	5446839301735	103.0	-1.0	0.0	-1.0	
1504542398587	5446859443337	103.0	-1.0	0.0	-1.0	
1504542398622	5446879584939	103.0	-1.0	0.0	-1.0	
1504542398639	5446899726540	103.0	-1.0	0.0	-1.0	
1504542398657	5446919868142	103.0	-1.0	0.0	-1.0	
1504542398676	5446940009743	103.0	-1.0	0.0	-1.0	
1504542398692	5446960151345	103.0	-1.0	0.0	-1.0	
1504542398710	5446980292946	103.0	-1.0	0.0	-1.0	
1504542398746	5447000434548	103.0	-1.0	0.0	-1.0	
1504542398765	5447020576149	103.0	-1.0	0.0	-1.0	
1504542398780	5447040717751	103.0	-1.0	0.0	-1.0	
1504542398799	5447060859353	103.0	-1.0	0.0	-1.0	
1504542398818	5447081000954	103.0	-1.0	0.0	-1.0	
1504542398835	5447101142556	103.0	-1.0	0.0	-1.0	
1504542398851	5447121284157	103.0	-1.0	0.0	-1.0	
1504542398869	5447141425759	103.0	-1.0	0.0	-1.0	
1504542398904	5447161567360	103.0	-1.0	0.0	-1.0	
1504542398920	5447181708962	103.0	-1.0	0.0	-1.0	
1504542398938	5447201850564	103.0	-1.0	0.0	-1.0	
1504542398963	5447221992165	103.0	-1.0	0.0	-1.0	
1504542398973	5447242133767	103.0	-1.0	0.0	-1.0	
1504542398991	5447262275368	103.0	-1.0	0.0	-1.0	
1504542399013	5447282416970	103.0	-1.0	0.0	-1.0	
1504542399045	5447302558571	103.0	-1.0	0.0	-1.0	
1504542399061	5447322700173	103.0	-1.0	0.0	-1.0	
1504542399079	5447342841774	103.0	-1.0	0.0	-1.0	
1504542399098	5447362983376	103.0	-1.0	0.0	-1.0	
1504542399114	5447383132409	103.0	-1.0	0.0	-1.0	
1504542399132	5447403274010	103.0	-1.0	0.0	-1.0	
1504542399149	5447423415612	103.0	-1.0	0.0	-1.0	
1504542399168	5447443557213	103.0	-1.0	0.0	-1.0	
1504542399204	5447463698815	103.0	-1.0	0.0	-1.0	
1504542399221	5447483840416	103.0	-1.0	0.0	-1.0	
1504542399244	5447503982018	103.0	-1.0	0.0	-1.0	
1504542399258	5447524123620	103.0	-1.0	0.0	-1.0	
1504542399275	5447544265221	103.0	-1.0	0.0	-1.0	
1504542399291	5447564406823	103.0	-1.0	0.0	-1.0	
1504542399311	5447584548424	103.0	-1.0	0.0	-1.0	
1504542399345	5447604690026	103.0	-1.0	0.0	-1.0	
1504542399361	5447624831627	103.0	-1.0	0.0	-1.0	
1504542399379	5447644973229	103.0	-1.0	0.0	-1.0	
1504542399397	5447665114830	103.0	-1.0	0.0	-1.0	
1504542399416	5447685256432	103.0	-1.0	0.0	-1.0	
1504542399433	5447705398034	103.0	-1.0	0.0	-1.0	
1504542399450	5447725539635	103.0	-1.0	0.0	-1.0	
1504542399474	5447745681237	103.0	-1.0	0.0	-1.0	
1504542399503	5447765822838	103.0	-1.0	0.0	-1.0	
1504542399520	5447785964440	103.0	-1.0	0.0	-1.0	
1504542399538	5447806106041	103.0	-1.0	0.0	-1.0	
1504542399556	5447826247643	103.0	-1.0	0.0	-1.0	
1504542399574	5447846389245	103.0	-1.0	0.0	-1.0	
1504542399591	5447866530846	103.0	-1.0	0.0	-1.0	
1504542399630	5447886672448	103.0	-1.0	0.0	-1.0	
1504542399637	5447906814049	103.0	-1.0	0.0	-1.0	
1504542399661	5447926955651	103.0	-1.0	0.0	-1.0	
1504542399679	5447947097252	103.0	-1.0	0.0	-1.0	
1504542399696	5447967238854	103.0	-1.0	0.0	-1.0	
1504542399713	5447987380455	103.0	-1.0	0.0	-1.0	
1504542399732	5448007522057	103.0	-1.0	0.0	-1.0	
1504542399749	5448027663659	103.0	-1.0	0.0	-1.0	
1504542399767	5448047805260	103.0	-1.0	0.0	-1.0	
1504542399802	5448067946862	103.0	-1.0	0.0	-1.0	
1504542399820	5448088088463	103.0	-1.0	0.0	-1.0	
1504542399838	5448108230065	103.0	-1.0	0.0	-1.0	
1504542399856	5448128371666	103.0	-1.0	0.0	-1.0	
1504542399875	5448148513268	103.0	-1.0	0.0	-1.0	
1504542399893	5448168654870	103.0	-1.0	0.0	-1.0	
1504542399909	5448188796471	103.0	-1.0	0.0	-1.0	
