1500220241692	10025745377497	-0.2286529541015625	-0.066741943359375	0.2119903564453125	5.0	
1500220241714	10025765519098	-0.19647216796875	0.0370941162109375	0.302032470703125	5.0	
1500220241749	10025785660700	-0.20318603515625	0.012054443359375	0.1383209228515625	5.0	
1500220241779	10025805802301	-0.134429931640625	-0.082916259765625	0.12506103515625	5.0	
1500220241801	10025825943903	-0.2966766357421875	-0.0740814208984375	0.133880615234375	5.0	
1500220241814	10025846085504	-0.279571533203125	-0.01739501953125	0.12432861328125	5.0	
1500220241822	10025866227106	-0.19097900390625	-0.0342864990234375	0.10064697265625	5.0	
1500220241838	10025886368708	-0.2009735107421875	-0.085357666015625	0.2086639404296875	5.0	
1500220241850	10025906510309	-0.2415618896484375	-0.128662109375	0.1638031005859375	5.0	
1500220241886	10025926651911	-0.19500732421875	0.0931243896484375	0.2719879150390625	5.0	
1500220241903	10025946793512	-0.1030426025390625	-0.006683349609375	0.1166229248046875	5.0	
1500220241920	10025966935114	-0.133270263671875	0.0394439697265625	0.073760986328125	5.0	
1500220241940	10025987076715	-0.1872100830078125	0.003692626953125	0.0911865234375	5.0	
1500220241956	10026007218317	-0.2755126953125	-0.0064849853515625	0.0689697265625	5.0	
1500220241977	10026027359918	-0.2335968017578125	0.0129241943359375	0.118743896484375	5.0	
1500220241998	10026047501520	-0.1718597412109375	0.033172607421875	-0.0117950439453125	5.0	
1500220242026	10026067643122	-0.12078857421875	0.0823211669921875	0.09918212890625	5.0	
1500220242044	10026087784723	-0.0264129638671875	0.2259674072265625	0.052154541015625	5.0	
1500220242062	10026107926325	0.1228790283203125	0.58306884765625	0.1265411376953125	5.0	
1500220242079	10026128067926	0.2776947021484375	1.1812591552734375	0.0827789306640625	5.0	
1500220242098	10026148209528	0.1160125732421875	1.417755126953125	0.0040740966796875	5.0	
1500220242114	10026168351129	-0.187835693359375	1.4367218017578125	-0.074951171875	5.0	
1500220242132	10026188492731	-0.4803619384765625	1.494537353515625	-0.1854095458984375	5.0	
1500220242175	10026208634333	-0.6906280517578125	1.4194793701171875	-0.120697021484375	5.0	
1500220242186	10026228775934	-0.449066162109375	0.9906005859375	0.13916015625	5.0	
1500220242206	10026248917536	-0.29571533203125	0.247314453125	0.4484710693359375	5.0	
1500220242220	10026269059137	-0.5224761962890625	-0.786041259765625	0.3347320556640625	5.0	
1500220242238	10026289200739	-0.9483184814453125	-1.486846923828125	0.44970703125	5.0	
1500220242257	10026309342340	-0.677947998046875	-1.94305419921875	0.622283935546875	5.0	
1500220242273	10026329483942	-0.5889892578125	-1.7003631591796875	0.74945068359375	5.0	
1500220242309	10026349625543	-0.8021240234375	-1.32037353515625	0.472015380859375	5.0	
1500220242326	10026369767145	-0.7823944091796875	-1.992218017578125	-0.3030242919921875	5.0	
1500220242343	10026389908747	0.481903076171875	-1.33489990234375	1.2559356689453125	5.0	
1500220242364	10026410050348	1.344451904296875	-0.82659912109375	1.90057373046875	5.0	
1500220242385	10026430191950	-0.068695068359375	-0.8921661376953125	-0.4629364013671875	5.0	
1500220242396	10026450333551	-0.3626861572265625	0.2859954833984375	-0.63848876953125	5.0	
1500220242434	10026470475153	-0.045013427734375	0.1874542236328125	-0.3524627685546875	5.0	
1500220242449	10026490616754	0.31695556640625	-0.136627197265625	0.640625	5.0	
1500220242467	10026510758356	0.33209228515625	-0.0686187744140625	0.6304779052734375	5.0	
1500220242484	10026530899958	0.26153564453125	0.499664306640625	0.4242706298828125	5.0	
1500220242503	10026551041559	-0.2836761474609375	0.1022796630859375	1.0863494873046875	5.0	
1500220242522	10026571183161	-0.56549072265625	0.4359588623046875	0.4831390380859375	5.0	
1500220242539	10026591324762	-0.0244903564453125	0.7558746337890625	-0.247467041015625	5.0	
1500220242573	10026611466364	-0.062469482421875	0.35302734375	0.10345458984375	5.0	
1500220242590	10026631607965	-0.3588104248046875	-0.05865478515625	-0.04315185546875	5.0	
1500220242608	10026651749567	0.40899658203125	0.6686248779296875	0.31768798828125	5.0	
1500220242627	10026671891168	0.325164794921875	1.104461669921875	0.456878662109375	5.0	
1500220242643	10026692032770	0.1767425537109375	1.0711212158203125	0.491607666015625	5.0	
1500220242661	10026712174372	-0.19378662109375	0.047027587890625	1.047637939453125	5.0	
1500220242681	10026732315973	-0.3104705810546875	0.8634490966796875	0.9741363525390625	5.0	
1500220242714	10026752457575	-0.5806121826171875	2.0061798095703125	0.2836761474609375	5.0	
1500220242731	10026772599176	0.1963043212890625	0.4473114013671875	-0.0051116943359375	5.0	
1500220242749	10026792740778	0.136383056640625	1.95458984375	1.0850067138671875	5.0	
1500220242770	10026812882379	-0.24530029296875	1.0559844970703125	0.4290771484375	5.0	
1500220242787	10026833023981	-0.337890625	1.0709991455078125	-0.0535430908203125	5.0	
1500220242802	10026853165583	-0.857391357421875	1.1330108642578125	-0.1895904541015625	5.0	
1500220242819	10026873307184	-1.160125732421875	0.4484710693359375	-1.783538818359375	5.0	
1500220242855	10026893448786	-1.65185546875	1.0478973388671875	-0.9650421142578125	5.0	
1500220242872	10026913590387	-0.9387054443359375	-1.896697998046875	-0.954193115234375	5.0	
1500220242890	10026933731989	-1.5804901123046875	-3.55523681640625	0.390045166015625	5.0	
1500220242907	10026953873590	-1.7542877197265625	-2.7631378173828125	-0.4212799072265625	5.0	
1500220242925	10026974015192	0.7949981689453125	-2.6080169677734375	0.0398712158203125	5.0	
1500220242945	10026994156793	3.56622314453125	-3.24078369140625	0.39947509765625	5.0	
1500220242960	10027014298395	3.2949981689453125	-4.2686767578125	1.7544403076171875	5.0	
1500220242997	10027034439997	0.403961181640625	-3.7675323486328125	5.3125152587890625	5.0	
1500220243013	10027054581598	-0.83685302734375	-1.3881683349609375	1.27252197265625	5.0	
1500220243032	10027074723200	-0.644989013671875	0.4244537353515625	-1.2156829833984375	5.0	
1500220243051	10027094864801	0.650848388671875	0.07342529296875	-1.45989990234375	5.0	
1500220243067	10027115006403	1.697052001953125	0.145965576171875	-0.3050079345703125	5.0	
1500220243084	10027135148004	2.0942230224609375	0.0842437744140625	0.6277313232421875	5.0	
1500220243104	10027155289606	1.02886962890625	-0.061676025390625	0.3199005126953125	5.0	
1500220243137	10027175431208	-0.0864105224609375	0.017547607421875	0.3300933837890625	5.0	
1500220243155	10027195572809	0.1091461181640625	0.3957672119140625	0.691558837890625	5.0	
1500220243173	10027215714411	0.3031158447265625	0.8336944580078125	0.8916778564453125	5.0	
1500220243190	10027235856012	-0.3804931640625	0.779815673828125	0.6160125732421875	5.0	
1500220243210	10027255997614	-0.750640869140625	0.8415069580078125	0.63311767578125	5.0	
1500220243233	10027276139215	-0.488800048828125	0.4802398681640625	0.9744110107421875	5.0	
1500220243244	10027296280817	0.21221923828125	0.0889129638671875	1.1719207763671875	5.0	
1500220243282	10027316422418	0.2567291259765625	0.28424072265625	0.610565185546875	5.0	
1500220243296	10027336564020	-0.1966705322265625	0.4140625	0.6211700439453125	5.0	
1500220243313	10027356705622	-0.43646240234375	0.3587493896484375	0.6810150146484375	5.0	
1500220243331	10027376847223	-0.0229949951171875	0.375152587890625	0.497650146484375	5.0	
1500220243349	10027396988825	0.1900482177734375	0.38092041015625	0.16265869140625	5.0	
1500220243368	10027417130426	0.0945281982421875	0.2760467529296875	0.0958099365234375	5.0	
1500220243384	10027437272028	-0.2091522216796875	0.057769775390625	0.118438720703125	5.0	
1500220243419	10027457413629	-0.445953369140625	0.0614471435546875	-0.113494873046875	5.0	
1500220243437	10027477555231	-0.21063232421875	-0.04315185546875	0.0694580078125	5.0	
1500220243455	10027497696833	-0.0528411865234375	-0.0506134033203125	-0.0047454833984375	5.0	
1500220243474	10027517838434	-0.379974365234375	0.0163421630859375	-0.10516357421875	5.0	
1500220243490	10027537980036	-0.4873046875	-0.2432708740234375	0.3585357666015625	5.0	
1500220243508	10027558121637	-0.4985198974609375	-0.3963165283203125	0.259490966796875	5.0	
1500220243527	10027578263239	-0.4377899169921875	-0.259246826171875	-0.0246429443359375	5.0	
1500220243543	10027598404840	-0.3548583984375	-0.317626953125	-0.091522216796875	5.0	
1500220243578	10027618546442	-0.134033203125	-0.4346160888671875	0.0728759765625	5.0	
1500220243596	10027638688043	0.36627197265625	-0.047943115234375	-0.205230712890625	5.0	
1500220243614	10027658829645	0.3492889404296875	-0.29937744140625	0.1681671142578125	5.0	
1500220243633	10027678971247	-0.0816497802734375	-0.3672637939453125	0.2018585205078125	5.0	
1500220243649	10027699112848	-0.229034423828125	-0.2161712646484375	0.16448974609375	5.0	
1500220243667	10027719254450	-0.0198822021484375	-0.2569732666015625	0.03839111328125	5.0	
1500220243706	10027739396051	-0.0361175537109375	-0.009521484375	0.1570892333984375	5.0	
1500220243717	10027759537653	-0.0785369873046875	-0.199615478515625	0.1930389404296875	5.0	
1500220243737	10027779679254	0.0275421142578125	-0.3291473388671875	0.1862640380859375	5.0	
1500220243755	10027799820856	0.0154571533203125	-0.371734619140625	0.174407958984375	5.0	
1500220243772	10027819962458	-0.06890869140625	-0.3942718505859375	0.322113037109375	5.0	
1500220243791	10027840104059	0.0696258544921875	-0.4351043701171875	0.372589111328125	5.0	
1500220243811	10027860245661	-0.0340728759765625	-0.3836517333984375	0.186004638671875	5.0	
1500220243825	10027880387262	-0.1793060302734375	-0.3372955322265625	0.3600311279296875	5.0	
1500220243854	10027900528864	-0.338531494140625	-0.35784912109375	0.16033935546875	5.0	
1500220243865	10027920670465	-0.5251617431640625	-0.13824462890625	0.2853240966796875	5.0	
1500220243898	10027940812067	-0.37335205078125	-0.1585540771484375	0.2336578369140625	5.0	
1500220243913	10027960953668	-0.5933837890625	0.0816192626953125	-0.08740234375	5.0	
1500220243931	10027981095270	-0.58734130859375	0.127899169921875	-0.0095062255859375	5.0	
1500220243951	10028001236872	-0.58538818359375	0.0767669677734375	0.048370361328125	5.0	
1500220243966	10028021378473	-0.7172088623046875	0.1334228515625	-0.03125	5.0	
1500220243986	10028041520075	-0.73223876953125	0.031463623046875	0.0845184326171875	5.0	
1500220244001	10028061661676	-0.46197509765625	-0.0932159423828125	0.1658782958984375	5.0	
1500220244019	10028081803278	-0.5399017333984375	-0.1200103759765625	0.035980224609375	5.0	
1500220244057	10028101944879	-0.443389892578125	-0.2855224609375	0.3011016845703125	5.0	
1500220244072	10028122086481	-0.5081939697265625	-0.30084228515625	0.228790283203125	5.0	
1500220244089	10028142228083	-0.588714599609375	-0.1777801513671875	0.281768798828125	5.0	
1500220244108	10028162369684	-0.2958526611328125	-0.228240966796875	0.429656982421875	5.0	
1500220244127	10028182511286	-0.34039306640625	-0.2750244140625	0.188201904296875	5.0	
1500220244144	10028202652887	-0.3092041015625	0.224578857421875	-1.0301361083984375	5.0	
1500220244160	10028222794489	-0.27899169921875	-0.0270538330078125	-0.28741455078125	5.0	
1500220244195	10028242936090	-0.13671875	-0.2089080810546875	-0.0549468994140625	5.0	
1500220244214	10028263077692	-0.243499755859375	-0.4221343994140625	0.16082763671875	5.0	
1500220244230	10028283219293	-0.4509735107421875	-0.44110107421875	0.411041259765625	5.0	
1500220244250	10028303360895	-0.5093231201171875	-0.127838134765625	0.2671051025390625	5.0	
1500220244282	10028323502497	-0.4943389892578125	0.110260009765625	-0.072174072265625	100.0	
1500220244294	10028343644098	-0.3844757080078125	0.2052764892578125	0.1078948974609375	100.0	
1500220244323	10028363785700	-0.6391143798828125	0.124725341796875	0.1213226318359375	100.0	
1500220244337	10028383927301	-0.4299774169921875	-0.0440826416015625	0.216949462890625	100.0	
1500220244371	10028404068903	-0.277069091796875	-0.3260040283203125	0.1577301025390625	100.0	
1500220244385	10028424210504	-0.1525726318359375	-0.233123779296875	0.27239990234375	100.0	
1500220244400	10028444352106	-0.1772613525390625	-0.12640380859375	0.2526397705078125	100.0	
1500220244420	10028464493708	-0.37603759765625	-0.04498291015625	0.211761474609375	100.0	
1500220244439	10028484635309	-0.3314056396484375	-0.1357879638671875	0.354339599609375	100.0	
1500220244459	10028504776911	-0.3284454345703125	-0.16015625	0.3087005615234375	100.0	
1500220244492	10028524918512	-0.1597900390625	-0.23858642578125	0.211822509765625	100.0	
1500220244522	10028545060114	-0.12506103515625	-0.2897186279296875	0.166015625	100.0	
1500220244537	10028565201715	-0.2133636474609375	-0.2083282470703125	0.0688018798828125	100.0	
1500220244559	10028585343317	-0.2362060546875	-0.2071380615234375	0.2304534912109375	100.0	
1500220244571	10028605484918	-0.155303955078125	-0.3000030517578125	0.220855712890625	100.0	
1500220244591	10028625626520	-0.2000885009765625	-0.2379302978515625	0.08062744140625	100.0	
1500220244604	10028645768122	-0.175811767578125	-0.209259033203125	0.0413970947265625	100.0	
1500220244636	10028665909723	-0.3006591796875	-0.28668212890625	0.170562744140625	100.0	
1500220244643	10028686051325	-0.3911895751953125	-0.1765594482421875	0.064666748046875	100.0	
1500220244658	10028706192926	-0.2964019775390625	-0.1096954345703125	0.217254638671875	100.0	
1500220244675	10028726334528	-0.326995849609375	-0.172607421875	0.1082000732421875	100.0	
1500220244702	10028746476129	-0.2097015380859375	-0.2178802490234375	0.0380706787109375	100.0	
1500220244724	10028766617731	-0.2646331787109375	-0.157867431640625	0.08587646484375	100.0	
1500220244744	10028786759333	-0.3387908935546875	-0.1606903076171875	0.0276641845703125	100.0	
1500220244759	10028806900934	-0.5864715576171875	-0.1007537841796875	-0.0129547119140625	100.0	
1500220244776	10028827042536	-0.46380615234375	-0.1425933837890625	0.0265655517578125	100.0	
1500220244796	10028847184137	-0.3262481689453125	-0.0825653076171875	-0.0392913818359375	100.0	
1500220244812	10028867325739	-0.1905670166015625	0.073974609375	-0.1013641357421875	100.0	
1500220244854	10028887467340	-0.3126068115234375	-0.02410888671875	0.1312103271484375	100.0	
1500220244866	10028907608942	-0.394744873046875	-0.1179351806640625	0.0808258056640625	100.0	
1500220244884	10028927750543	-0.3538665771484375	-0.129791259765625	0.161468505859375	100.0	
1500220244902	10028947892145	-0.3064727783203125	-0.144134521484375	0.1731109619140625	100.0	
1500220244919	10028968033747	-0.349639892578125	-0.014892578125	0.0909881591796875	100.0	
1500220244938	10028988175348	-0.46392822265625	-0.0731048583984375	0.0627288818359375	100.0	
1500220244958	10029008316950	-0.446075439453125	-0.1722869873046875	0.01727294921875	100.0	
1500220244989	10029028458551	-0.3346710205078125	-0.2184906005859375	0.0590362548828125	100.0	
1500220245007	10029048600153	-0.459991455078125	-0.2096710205078125	0.2250518798828125	100.0	
1500220245024	10029068741754	-0.3195037841796875	-0.2050933837890625	0.1053314208984375	100.0	
1500220245041	10029088883356	-0.103851318359375	-0.24658203125	-0.0039215087890625	100.0	
1500220245060	10029109024958	-0.1494293212890625	-0.264678955078125	-0.0612335205078125	100.0	
1500220245077	10029129166559	-0.1033172607421875	-0.3309478759765625	-0.07470703125	100.0	
1500220245113	10029149308161	-0.1435394287109375	-0.162841796875	0.0754852294921875	100.0	
1500220245129	10029169449762	-0.0948028564453125	-0.21221923828125	0.01715087890625	100.0	
1500220245147	10029189591364	-0.243133544921875	-0.139739990234375	0.12823486328125	100.0	
1500220245165	10029209732965	-0.307342529296875	-0.238250732421875	0.0746307373046875	100.0	
1500220245182	10029229874567	-0.236907958984375	-0.2479705810546875	0.0162353515625	100.0	
1500220245202	10029250016168	-0.2546539306640625	-0.1548919677734375	0.1526031494140625	100.0	
1500220245221	10029270157770	-0.300689697265625	-0.1807861328125	0.16339111328125	100.0	
1500220245253	10029290299372	-0.3360748291015625	-0.2899322509765625	0.320068359375	100.0	
1500220245271	10029310440973	-0.484344482421875	-0.10772705078125	0.36724853515625	100.0	
1500220245292	10029330582575	-0.492431640625	-0.132720947265625	0.2595977783203125	100.0	
1500220245305	10029350724176	-0.336700439453125	-0.136016845703125	0.18756103515625	100.0	
1500220245325	10029370865778	-0.363616943359375	-0.020263671875	-0.0908203125	100.0	
1500220245342	10029391007379	-0.4983062744140625	0.141632080078125	-0.080352783203125	100.0	
1500220245358	10029411148981	-0.349761962890625	0.1504364013671875	-0.1354217529296875	100.0	
1500220245394	10029431290583	-0.2916107177734375	0.0578460693359375	-0.00689697265625	100.0	
1500220245412	10029451432184	-0.3787078857421875	-0.041290283203125	-0.10028076171875	100.0	
1500220245429	10029471573786	-0.4617767333984375	-0.066375732421875	-0.152130126953125	100.0	
1500220245447	10029491715387	-0.4356689453125	-0.081939697265625	-0.0642852783203125	100.0	
1500220245465	10029511856989	-0.3270263671875	-0.16497802734375	0.012237548828125	100.0	
1500220245484	10029531998590	-0.2385711669921875	-0.2306060791015625	0.0249786376953125	100.0	
1500220245500	10029552140192	-0.0921173095703125	-0.1634521484375	0.1431121826171875	100.0	
1500220245539	10029572281793	-0.282989501953125	-0.2162933349609375	0.0898284912109375	100.0	
1500220245553	10029592423395	0.1916351318359375	0.4488677978515625	-0.2867584228515625	100.0	
1500220245576	10029612564997	-0.302459716796875	-0.0330963134765625	-0.2403717041015625	100.0	
1500220245594	10029632706598	-0.39093017578125	-0.3241424560546875	0.430419921875	100.0	
1500220245623	10029652848200	-0.517425537109375	-0.2096710205078125	0.45526123046875	100.0	
1500220245633	10029672989801	-0.63031005859375	-0.03106689453125	0.4102630615234375	100.0	
1500220245643	10029693131403	-0.72235107421875	-0.160675048828125	0.3197479248046875	100.0	
