1504542820067	5866590272576	0.1132965087890625	1.71881103515625	9.654083251953125	5.0	
1504542820082	5866610414177	0.0330352783203125	1.7004852294921875	9.657882690429688	5.0	
1504542820116	5866630555779	-0.0432281494140625	1.680267333984375	9.661376953125	5.0	
1504542820144	5866650697381	-0.0949249267578125	1.639892578125	9.667938232421875	5.0	
1504542820156	5866670838982	-0.1394500732421875	1.5878143310546875	9.676116943359375	5.0	
1504542820182	5866690980584	-0.18414306640625	1.533966064453125	9.68408203125	5.0	
1504542820192	5866711122185	-0.2292633056640625	1.4815521240234375	9.6912841796875	5.0	
1504542820225	5866731263787	-0.273590087890625	1.4206085205078125	9.699203491210938	5.0	
1504542820247	5866751405388	-0.3152313232421875	1.353363037109375	9.707550048828125	5.0	
1504542820267	5866771546990	-0.334197998046875	1.2905731201171875	9.715499877929688	5.0	
1504542820295	5866791688592	-0.34075927734375	1.2348480224609375	9.7225341796875	5.0	
1504542820320	5866811830193	-0.3570709228515625	1.1793365478515625	9.728790283203125	5.0	
1504542820337	5866831971795	-0.370025634765625	1.1287384033203125	9.734298706054688	5.0	
1504542820352	5866852113396	-0.3847198486328125	1.087646484375	9.73846435546875	5.0	
1504542820360	5866872254998	-0.406768798828125	1.06494140625	9.74005126953125	5.0	
1504542820382	5866892396599	-0.43603515625	1.060760498046875	9.739242553710938	5.0	
1504542820394	5866912538201	-0.468231201171875	1.06231689453125	9.737579345703125	5.0	
1504542820413	5866932679802	-0.4952545166015625	1.0511932373046875	9.737457275390625	5.0	
1504542820431	5866952821404	-0.48822021484375	1.0068817138671875	9.742538452148438	5.0	
1504542820459	5866972963006	-0.460357666015625	0.9569244384765625	9.7489013671875	5.0	
1504542820479	5866993104607	-0.4621429443359375	0.929718017578125	9.751419067382813	5.0	
1504542820497	5867013246209	-0.5084991455078125	0.9281158447265625	9.74920654296875	5.0	
1504542820510	5867033387810	-0.5801849365234375	0.9295501708984375	9.7451171875	5.0	
1504542820527	5867053529412	-0.6599273681640625	0.919708251953125	9.740936279296875	5.0	
1504542820542	5867073671013	-0.72674560546875	0.899261474609375	9.73809814453125	5.0	
1504542820561	5867093812615	-0.761383056640625	0.8782501220703125	9.737380981445313	5.0	
1504542820588	5867113954217	-0.76495361328125	0.8609466552734375	9.738693237304688	5.0	
1504542820607	5867134095818	-0.7504119873046875	0.85009765625	9.740768432617188	5.0	
1504542820629	5867154237420	-0.73492431640625	0.845611572265625	9.74237060546875	5.0	
1504542820643	5867174379021	-0.7361602783203125	0.8429107666015625	9.74249267578125	5.0	
1504542820666	5867194520623	-0.7545166015625	0.8345184326171875	9.74176025390625	5.0	
1504542820682	5867214662224	-0.7825164794921875	0.8214569091796875	9.74066162109375	5.0	
1504542820723	5867234803826	-0.81158447265625	0.813873291015625	9.738998413085938	5.0	
1504542820748	5867254945427	-0.8339080810546875	0.8184051513671875	9.736724853515625	5.0	
1504542820769	5867275087029	-0.8599395751953125	0.8341217041015625	9.733078002929688	5.0	
1504542820781	5867295228631	-0.8866119384765625	0.8521270751953125	9.729141235351563	5.0	
1504542820791	5867315370232	-0.907684326171875	0.860809326171875	9.726455688476563	5.0	
1504542820808	5867335511834	-0.9266815185546875	0.855987548828125	9.725021362304688	5.0	
1504542820824	5867355653435	-0.9637451171875	0.8412628173828125	9.722686767578125	5.0	
1504542820848	5867375795037	-1.032196044921875	0.82073974609375	9.717437744140625	5.0	
1504542820869	5867395934199	-1.1320037841796875	0.790679931640625	9.708816528320313	5.0	
1504542820893	5867416075801	-1.2501373291015625	0.76800537109375	9.69610595703125	5.0	
1504542820901	5867436217403	-1.35565185546875	0.762542724609375	9.682342529296875	5.0	
1504542820926	5867456359004	-1.4195098876953125	0.7640228271484375	9.673095703125	5.0	
1504542820943	5867476500606	-1.4354248046875	0.7529449462890625	9.671630859375	5.0	
1504542820979	5867496642207	-1.4140167236328125	0.7205963134765625	9.677337646484375	5.0	
1504542820994	5867516783809	-1.37799072265625	0.6723480224609375	9.685897827148438	5.0	
1504542821047	5867536925410	-1.3697357177734375	0.621490478515625	9.690475463867188	5.0	
1504542821062	5867557067012	-1.3902435302734375	0.5908660888671875	9.68951416015625	5.0	
1504542821071	5867577208613	-1.420013427734375	0.5930938720703125	9.685104370117188	5.0	
1504542821109	5867597350215	-1.439422607421875	0.6265716552734375	9.680038452148438	5.0	
1504542821144	5867617491817	-1.4414825439453125	0.6845550537109375	9.675872802734375	5.0	
1504542821184	5867637633418	-1.4353485107421875	0.753448486328125	9.671585083007813	5.0	
1504542821204	5867657775020	-1.4288787841796875	0.819854736328125	9.667205810546875	5.0	
1504542821228	5867677916621	-1.429351806640625	0.8785400390625	9.661895751953125	100.0	
1504542821237	5867698058223	-1.43341064453125	0.9219818115234375	9.657302856445313	100.0	
1504542821264	5867718199824	-1.436004638671875	0.9439239501953125	9.654876708984375	100.0	
1504542821297	5867738341426	-1.433868408203125	0.95330810546875	9.654190063476563	100.0	
1504542821321	5867758483028	-1.430572509765625	0.954193115234375	9.654617309570313	100.0	
1504542821347	5867778624629	-1.4323577880859375	0.95257568359375	9.654556274414063	100.0	
1504542821379	5867798766231	-1.436309814453125	0.945648193359375	9.654617309570313	100.0	
1504542821403	5867818907832	-1.43951416015625	0.925750732421875	9.656097412109375	100.0	
1504542821449	5867839049434	-1.441253662109375	0.899688720703125	9.65826416015625	100.0	
1504542821469	5867859191035	-1.4426116943359375	0.8767242431640625	9.66015625	100.0	
1504542821495	5867879332637	-1.450439453125	0.8543853759765625	9.6610107421875	100.0	
1504542821541	5867899474238	-1.4673919677734375	0.8307342529296875	9.6605224609375	100.0	
1504542821574	5867919615840	-1.4785003662109375	0.8144989013671875	9.660232543945313	100.0	
1504542821603	5867939757442	-1.473541259765625	0.803009033203125	9.661849975585938	100.0	
1504542821621	5867959899043	-1.4630889892578125	0.7929229736328125	9.664276123046875	100.0	
1504542821646	5867980040645	-1.4526824951171875	0.7849578857421875	9.666519165039063	100.0	
1504542821656	5868000182246	-1.44134521484375	0.773834228515625	9.669158935546875	100.0	
1504542821682	5868020323848	-1.4314117431640625	0.7567901611328125	9.671905517578125	100.0	
1504542821703	5868040465449	-1.428680419921875	0.7365570068359375	9.673934936523438	100.0	
1504542821719	5868060607051	-1.436614990234375	0.7174835205078125	9.674240112304688	100.0	
1504542821735	5868080748653	-1.4532623291015625	0.7037200927734375	9.672714233398438	100.0	
1504542821745	5868100890254	-1.4643707275390625	0.692840576171875	9.671768188476563	100.0	
1504542821774	5868121031856	-1.4706878662109375	0.6835174560546875	9.671554565429688	100.0	
1504542821788	5868141173457	-1.476806640625	0.6755218505859375	9.671234130859375	100.0	
1504542821820	5868161315059	-1.4794769287109375	0.6632232666015625	9.671676635742188	100.0	
1504542821838	5868181456660	-1.4862213134765625	0.6481170654296875	9.671646118164063	100.0	
1504542821855	5868201598262	-1.49676513671875	0.633392333984375	9.67095947265625	100.0	
1504542821881	5868221739863	-1.50244140625	0.6198577880859375	9.670974731445313	100.0	
1504542821890	5868241881465	-1.507415771484375	0.60479736328125	9.671112060546875	100.0	
1504542821902	5868262023067	-1.518218994140625	0.5851898193359375	9.670623779296875	100.0	
1504542821923	5868282164668	-1.535247802734375	0.554931640625	9.669677734375	100.0	
1504542821959	5868302306270	-1.5530853271484375	0.5137939453125	9.66912841796875	100.0	
1504542821976	5868322447871	-1.551239013671875	0.4830780029296875	9.671096801757813	100.0	
1504542822004	5868342589473	-1.543121337890625	0.4600982666015625	9.673446655273438	100.0	
1504542822017	5868362731074	-1.5450592041015625	0.439910888671875	9.674148559570313	100.0	
1504542822029	5868382872676	-1.55419921875	0.4235992431640625	9.67333984375	100.0	
1504542822062	5868403014278	-1.57049560546875	0.41400146484375	9.671112060546875	100.0	
1504542822091	5868423155879	-1.59295654296875	0.4080352783203125	9.667694091796875	100.0	
1504542822106	5868443297481	-1.6087799072265625	0.401153564453125	9.665359497070313	100.0	
1504542822175	5868463439082	-1.6156158447265625	0.391845703125	9.664657592773438	100.0	
1504542822191	5868483580684	-1.63201904296875	0.380340576171875	9.662368774414063	100.0	
1504542822202	5868503722285	-1.6483154296875	0.369537353515625	9.660003662109375	100.0	
1504542822217	5868523863887	-1.655517578125	0.36114501953125	9.659027099609375	100.0	
1504542822236	5868544005488	-1.6539764404296875	0.35516357421875	9.659561157226563	100.0	
1504542822245	5868564147090	-1.6492156982421875	0.35089111328125	9.660537719726563	100.0	
1504542822261	5868584288692	-1.6411590576171875	0.3674774169921875	9.6612548828125	100.0	
1504542822276	5868604430293	-1.645355224609375	0.4151458740234375	9.658660888671875	100.0	
1504542822305	5868624571895	-1.6807403564453125	0.47784423828125	9.649658203125	100.0	
1504542822315	5868644713496	-1.732330322265625	0.5456390380859375	9.636856079101563	100.0	
1504542822331	5868664855098	-1.784393310546875	0.625640869140625	9.622451782226563	100.0	
1504542822344	5868684996699	-1.834228515625	0.7152252197265625	9.606765747070313	100.0	
1504542822359	5868705138301	-1.8871917724609375	0.805694580078125	9.589401245117188	100.0	
1504542822373	5868725279903	-1.931365966796875	0.8818206787109375	9.573959350585938	100.0	
1504542822391	5868745421504	-1.9463043212890625	0.9299774169921875	9.566436767578125	100.0	
1504542822430	5868765563106	-1.93548583984375	0.9380950927734375	9.5677490234375	100.0	
1504542822446	5868785704707	-1.9071197509765625	0.9068603515625	9.576492309570313	100.0	
1504542822468	5868805846309	-1.8739013671875	0.8602142333984375	9.5872802734375	100.0	
1504542822484	5868825987910	-1.8455963134765625	0.8203125	9.596298217773438	100.0	
1504542822507	5868846129512	-1.8250885009765625	0.7957000732421875	9.602371215820313	100.0	
1504542822520	5868866271113	-1.8140411376953125	0.7850494384765625	9.605361938476563	100.0	
1504542822534	5868886412715	-1.813140869140625	0.7857818603515625	9.605438232421875	100.0	
1504542822552	5868906554317	-1.820648193359375	0.791900634765625	9.603469848632813	100.0	
1504542822576	5868926695918	-1.83636474609375	0.7971649169921875	9.600021362304688	100.0	
1504542822597	5868946837520	-1.855560302734375	0.8045501708984375	9.595733642578125	100.0	
1504542822622	5868966979121	-1.875579833984375	0.8218536376953125	9.590301513671875	100.0	
1504542822631	5868987120723	-1.8972625732421875	0.845062255859375	9.58404541015625	100.0	
1504542822653	5869007262324	-1.92041015625	0.87518310546875	9.576736450195313	100.0	
1504542822679	5869027403926	-1.9451141357421875	0.9102325439453125	9.56854248046875	100.0	
1504542822699	5869047545528	-1.9654693603515625	0.946014404296875	9.5609130859375	100.0	
1504542822732	5869067687129	-1.9785919189453125	0.9834136962890625	9.554458618164063	100.0	
1504542822748	5869087828731	-1.984375	1.017974853515625	9.549575805664063	100.0	
1504542822764	5869107970332	-1.98956298828125	1.04376220703125	9.545761108398438	100.0	
1504542822779	5869128111934	-2.001312255859375	1.0639495849609375	9.541015625	100.0	
1504542822788	5869148253535	-2.02093505859375	1.0804290771484375	9.53509521484375	100.0	
1504542822809	5869168395137	-2.027923583984375	1.0766754150390625	9.533966064453125	100.0	
1504542822958	5869188536738	-2.01348876953125	1.0592041015625	9.538970947265625	100.0	
1504542822970	5869208678340	-2.00531005859375	1.043487548828125	9.542449951171875	100.0	
1504542822999	5869228819942	-2.019989013671875	1.029754638671875	9.540878295898438	100.0	
1504542823018	5869248961543	-2.0572052001953125	1.0077056884765625	9.535324096679688	100.0	
1504542823035	5869269103145	-2.1039276123046875	0.982147216796875	9.527740478515625	100.0	
1504542823049	5869289244746	-2.1341705322265625	0.951080322265625	9.524200439453125	100.0	
1504542823067	5869309386348	-2.12109375	0.916015625	9.530502319335938	100.0	
1504542823101	5869329527949	-2.06903076171875	0.8955230712890625	9.54388427734375	100.0	
1504542823112	5869349669551	-2.0031280517578125	0.901885986328125	9.557373046875	100.0	
1504542823138	5869369811153	-1.9435882568359375	0.93121337890625	9.566757202148438	100.0	
1504542823157	5869389952754	-1.899688720703125	0.9779510498046875	9.570938110351563	100.0	
1504542823170	5869410094356	-1.867767333984375	1.03369140625	9.5714111328125	100.0	
1504542823187	5869430235957	-1.83465576171875	1.0919036865234375	9.571319580078125	100.0	
1504542823195	5869450377559	-1.7983551025390625	1.1465606689453125	9.571853637695313	100.0	
1504542823207	5869470519160	-1.766143798828125	1.1937713623046875	9.572006225585938	100.0	
1504542823237	5869490660762	-1.7396392822265625	1.2292327880859375	9.572463989257813	100.0	
1504542823248	5869510802363	-1.7177276611328125	1.25482177734375	9.573089599609375	100.0	
1504542823271	5869530943965	-1.704986572265625	1.273162841796875	9.572921752929688	100.0	
1504542823282	5869551085567	-1.7012939453125	1.2827911376953125	9.572280883789063	100.0	
1504542823295	5869571227168	-1.6992034912109375	1.2867584228515625	9.572158813476563	100.0	
1504542823311	5869591368770	-1.7025299072265625	1.2867889404296875	9.57147216796875	100.0	
1504542823331	5869611510371	-1.7061920166015625	1.28326416015625	9.571426391601563	100.0	
1504542823346	5869631651973	-1.7049560546875	1.266510009765625	9.57379150390625	100.0	
1504542823358	5869651793574	-1.7047576904296875	1.2440948486328125	9.576828002929688	100.0	
1504542823369	5869671935176	-1.7044219970703125	1.2221832275390625	9.57965087890625	100.0	
1504542823382	5869692076778	-1.7111663818359375	1.2047576904296875	9.580657958984375	100.0	
1504542823399	5869712218379	-1.7322998046875	1.2005462646484375	9.577423095703125	100.0	
1504542823422	5869732359981	-1.7582855224609375	1.2054901123046875	9.572006225585938	100.0	
1504542823433	5869752501582	-1.7724456787109375	1.2094573974609375	9.569015502929688	100.0	
1504542823443	5869772643184	-1.7826385498046875	1.2140960693359375	9.566513061523438	100.0	
1504542823452	5869792784785	-1.7877197265625	1.2205657958984375	9.564666748046875	100.0	
1504542823476	5869812926387	-1.7890777587890625	1.2230987548828125	9.564117431640625	100.0	
1504542823496	5869833067988	-1.7956085205078125	1.21893310546875	9.563400268554688	100.0	
1504542823726	5869853209590	-1.80877685546875	1.213836669921875	9.561569213867188	100.0	
1504542823758	5869873351192	-1.8231964111328125	1.214263916015625	9.558761596679688	100.0	
1504542823774	5869893492793	-1.8364105224609375	1.221343994140625	9.555389404296875	100.0	
1504542823789	5869913634395	-1.84454345703125	1.2407073974609375	9.551300048828125	100.0	
1504542823803	5869933775996	-1.8508758544921875	1.262115478515625	9.5472412109375	100.0	
1504542823817	5869953917598	-1.859954833984375	1.2785491943359375	9.5433349609375	100.0	
1504542823837	5869974059199	-1.8701171875	1.2978668212890625	9.538726806640625	100.0	
1504542823863	5869994200801	-1.8645477294921875	1.3268585205078125	9.535781860351563	100.0	
1504542823877	5870014342403	-1.8400726318359375	1.36456298828125	9.535171508789063	100.0	
1504542823893	5870034484004	-1.8323974609375	1.40264892578125	9.531204223632813	100.0	
1504542823911	5870054625606	-1.848358154296875	1.4506378173828125	9.520950317382813	100.0	
1504542823919	5870074767207	-1.8719482421875	1.503021240234375	9.508163452148438	100.0	
1504542823941	5870094908809	-1.888763427734375	1.5466461181640625	9.497879028320313	100.0	
1504542823964	5870115050410	-1.89617919921875	1.578521728515625	9.49114990234375	100.0	
1504542823976	5870135192012	-1.9036865234375	1.603729248046875	9.485336303710938	100.0	
1504542824005	5870155333613	-1.916107177734375	1.6270751953125	9.4788818359375	100.0	
1504542824018	5870175475215	-1.9406585693359375	1.6454925537109375	9.470733642578125	100.0	
1504542824039	5870195616817	-1.9626007080078125	1.66644287109375	9.462509155273438	100.0	
1504542824046	5870215758418	-1.9735870361328125	1.696685791015625	9.454849243164063	100.0	
1504542824066	5870235900020	-1.9853973388671875	1.731109619140625	9.446151733398438	100.0	
1504542824084	5870256041621	-1.99530029296875	1.7574920654296875	9.439239501953125	100.0	
1504542824099	5870276183223	-1.9966278076171875	1.7639007568359375	9.437667846679688	100.0	
1504542824119	5870296324824	-2.0144805908203125	1.7482757568359375	9.436859130859375	100.0	
1504542824141	5870316466426	-2.061309814453125	1.7313079833984375	9.4298095703125	100.0	
1504542824156	5870336608028	-2.11083984375	1.7186737060546875	9.421234130859375	100.0	
1504542824168	5870356749629	-2.137451171875	1.7092437744140625	9.416915893554688	100.0	
1504542824179	5870376891231	-2.137481689453125	1.700714111328125	9.418411254882813	100.0	
1504542824191	5870397032832	-2.1296234130859375	1.683868408203125	9.423248291015625	100.0	
1504542824201	5870417174434	-2.1267852783203125	1.656707763671875	9.428665161132813	100.0	
1504542824223	5870437316035	-2.1339569091796875	1.619842529296875	9.433456420898438	100.0	
1504542824238	5870457457637	-2.1434478759765625	1.58489990234375	9.43731689453125	100.0	
1504542824254	5870477599238	-2.1483306884765625	1.5557708740234375	9.44097900390625	100.0	
1504542824265	5870497740840	-2.1493682861328125	1.5307769775390625	9.44482421875	100.0	
1504542824281	5870517882442	-2.145477294921875	1.5133514404296875	9.448486328125	100.0	
1504542824295	5870538024043	-2.1370849609375	1.5024261474609375	9.452178955078125	100.0	
1504542824308	5870558165645	-2.12860107421875	1.4935760498046875	9.455520629882813	100.0	
1504542824348	5870578307246	-2.1214447021484375	1.4873504638671875	9.458160400390625	100.0	
1504542824368	5870598448848	-2.109771728515625	1.484222412109375	9.461135864257813	100.0	
1504542824385	5870618590449	-2.0943603515625	1.48486328125	9.464508056640625	100.0	
1504542824397	5870638732051	-2.0782470703125	1.4886322021484375	9.467483520507813	100.0	
1504542824408	5870658873653	-2.055816650390625	1.4946746826171875	9.471481323242188	100.0	
1504542824422	5870679015254	-2.0314178466796875	1.5005645751953125	9.475753784179688	100.0	
1504542824439	5870699156856	-2.0098876953125	1.50830078125	9.479095458984375	100.0	
1504542824450	5870719298457	-1.987640380859375	1.524169921875	9.481277465820313	100.0	
1504542824474	5870739440059	-1.9620361328125	1.55230712890625	9.48199462890625	100.0	
1504542824495	5870759581660	-1.9282073974609375	1.579498291015625	9.484512329101563	100.0	
1504542824507	5870779723262	-1.889434814453125	1.6032257080078125	9.488265991210938	100.0	
1504542824518	5870799864863	-1.8505706787109375	1.6232147216796875	9.492523193359375	100.0	
1504542824536	5870820006465	-1.8129425048828125	1.6374359130859375	9.497344970703125	100.0	
1504542824549	5870840148067	-1.7778167724609375	1.6468353271484375	9.502456665039063	100.0	
1504542824578	5870860289668	-1.7385101318359375	1.65545654296875	9.508270263671875	100.0	
1504542824619	5870880431270	-1.6937255859375	1.66522216796875	9.514541625976563	100.0	
1504542824658	5870900572871	-1.6522369384765625	1.6736602783203125	9.520370483398438	100.0	
1504542824698	5870920714473	-1.62213134765625	1.676727294921875	9.524978637695313	100.0	
1504542824727	5870940856074	-1.5986480712890625	1.674285888671875	9.5294189453125	100.0	
1504542824746	5870960997676	-1.58154296875	1.67193603515625	9.532623291015625	100.0	
1504542824760	5870981139278	-1.5714263916015625	1.6743316650390625	9.533859252929688	100.0	
1504542824778	5871001280879	-1.5652008056640625	1.6844482421875	9.533187866210938	100.0	
1504542824806	5871021422481	-1.5567169189453125	1.6992034912109375	9.531906127929688	100.0	
1504542824827	5871041564082	-1.547576904296875	1.7073822021484375	9.531982421875	100.0	
1504542824840	5871061705684	-1.541290283203125	1.70819091796875	9.532791137695313	100.0	
1504542824853	5871081847285	-1.538726806640625	1.703277587890625	9.53411865234375	100.0	
1504542824863	5871101988887	-1.5432281494140625	1.7008819580078125	9.533782958984375	100.0	
1504542824883	5871122130488	-1.5664520263671875	1.7059173583984375	9.529159545898438	100.0	
1504542824896	5871142272090	-1.5965118408203125	1.723114013671875	9.521026611328125	100.0	
1504542824931	5871162413692	-1.6064300537109375	1.7633209228515625	9.511993408203125	100.0	
1504542824950	5871182555293	-1.6153564453125	1.8266143798828125	9.498519897460938	100.0	
1504542824965	5871202696895	-1.64581298828125	1.8944091796875	9.479904174804688	100.0	
1504542824988	5871222838496	-1.6918487548828125	1.9589080810546875	9.458694458007813	100.0	
1504542824998	5871242980098	-1.7576904296875	2.0164794921875	9.434600830078125	100.0	
1504542825011	5871263121699	-1.8377685546875	2.0631256103515625	9.409225463867188	100.0	
1504542825025	5871283263301	-1.9088592529296875	2.10272216796875	9.386245727539063	100.0	
1504542825043	5871303404903	-1.97052001953125	2.1312255859375	9.3671875	100.0	
1504542825066	5871323546504	-2.027557373046875	2.1453094482421875	9.35174560546875	100.0	
1504542825084	5871343688106	-2.080474853515625	2.148101806640625	9.339447021484375	100.0	
1504542825104	5871363829707	-2.1339874267578125	2.14227294921875	9.328659057617188	100.0	
1504542825122	5871383971309	-2.1795806884765625	2.1383056640625	9.319107055664063	100.0	
1504542825141	5871404112910	-2.2119903564453125	2.1363983154296875	9.311904907226563	100.0	
1504542825156	5871424254512	-2.2408905029296875	2.1389617919921875	9.304428100585938	100.0	
1504542825170	5871444396113	-2.267425537109375	2.153533935546875	9.294601440429688	100.0	
1504542825189	5871464537715	-2.29052734375	2.185882568359375	9.28143310546875	100.0	
1504542825201	5871484679317	-2.298095703125	2.225860595703125	9.269912719726563	100.0	
1504542825211	5871504820918	-2.3046875	2.26422119140625	9.259033203125	100.0	
1504542825221	5871524962520	-2.317047119140625	2.299407958984375	9.247314453125	100.0	
1504542825234	5871545104121	-2.3361663818359375	2.3316497802734375	9.234344482421875	100.0	
1504542825244	5871565245723	-2.3647003173828125	2.36309814453125	9.219146728515625	100.0	
1504542825267	5871585387324	-2.399383544921875	2.3932342529296875	9.202377319335938	100.0	
1504542825287	5871605528926	-2.4338226318359375	2.4156951904296875	9.187530517578125	100.0	
1504542825299	5871625670528	-2.4650726318359375	2.4225921630859375	9.177276611328125	100.0	
1504542825316	5871645812129	-2.4842681884765625	2.413604736328125	9.174560546875	100.0	
1504542825328	5871665953731	-2.4909515380859375	2.3944244384765625	9.177749633789063	100.0	
1504542825335	5871686095332	-2.4877166748046875	2.3710174560546875	9.18463134765625	100.0	
1504542825350	5871706236934	-2.480865478515625	2.349578857421875	9.19207763671875	100.0	
1504542825360	5871726378535	-2.4789276123046875	2.338409423828125	9.1954345703125	100.0	
1504542825383	5871746520137	-2.482330322265625	2.335296630859375	9.195236206054688	100.0	
1504542825398	5871766661738	-2.4801483154296875	2.32843017578125	9.19757080078125	100.0	
1504542825412	5871786803340	-2.4688873291015625	2.3171844482421875	9.203460693359375	100.0	
1504542825425	5871806944942	-2.45709228515625	2.2978057861328125	9.211502075195313	100.0	
1504542825435	5871827086543	-2.450103759765625	2.27294921875	9.219512939453125	100.0	
1504542825448	5871847228145	-2.4496307373046875	2.2486419677734375	9.225570678710938	100.0	
1504542825460	5871867369746	-2.4462432861328125	2.2258148193359375	9.231979370117188	100.0	
1504542825468	5871887511348	-2.438018798828125	2.2135772705078125	9.237197875976563	100.0	
1504542825496	5871907652949	-2.43011474609375	2.2204437255859375	9.23760986328125	100.0	
1504542825511	5871927794551	-2.415283203125	2.2455291748046875	9.23541259765625	100.0	
1504542825536	5871947936153	-2.3915252685546875	2.27337646484375	9.234710693359375	100.0	
1504542825546	5871968077754	-2.3657073974609375	2.295135498046875	9.236053466796875	100.0	
1504542825559	5871988219356	-2.3436126708984375	2.3094024658203125	9.238128662109375	100.0	
1504542825571	5872008360957	-2.3296356201171875	2.3177490234375	9.239486694335938	100.0	
1504542825589	5872028502559	-2.32647705078125	2.3218994140625	9.2393798828125	100.0	
1504542825608	5872048644160	-2.3273468017578125	2.3203582763671875	9.23944091796875	100.0	
1504542825624	5872068785762	-2.3241729736328125	2.3180694580078125	9.24090576171875	100.0	
1504542825639	5872088927363	-2.31304931640625	2.3156585693359375	9.244277954101563	100.0	
1504542825653	5872109068965	-2.2993316650390625	2.307098388671875	9.249832153320313	100.0	
1504542825672	5872129210567	-2.287322998046875	2.294036865234375	9.256057739257813	100.0	
1504542825687	5872149352168	-2.2778778076171875	2.279449462890625	9.262008666992188	100.0	
1504542825704	5872169493770	-2.271759033203125	2.2600250244140625	9.268203735351563	100.0	
1504542825729	5872189635371	-2.2665557861328125	2.23419189453125	9.2757568359375	100.0	
1504542825747	5872209776973	-2.266387939453125	2.2037506103515625	9.283050537109375	100.0	
1504542825759	5872229918574	-2.267578125	2.1747589111328125	9.28961181640625	100.0	
1504542825777	5872250060176	-2.2750396728515625	2.148590087890625	9.293960571289063	100.0	
1504542825784	5872270201778	-2.2873382568359375	2.125701904296875	9.29620361328125	100.0	
1504542825801	5872290343379	-2.3002777099609375	2.1142730712890625	9.295562744140625	100.0	
1504542825813	5872310484981	-2.3141326904296875	2.1156158447265625	9.291748046875	100.0	
1504542825841	5872330626582	-2.3243255615234375	2.1237945556640625	9.287353515625	100.0	
1504542825869	5872350768184	-2.324432373046875	2.13427734375	9.284957885742188	100.0	
1504542825904	5872370909785	-2.319000244140625	2.1455230712890625	9.283721923828125	100.0	
1504542825932	5872391051387	-2.3110504150390625	2.1561737060546875	9.283203125	100.0	
1504542825945	5872411192988	-2.3044891357421875	2.16351318359375	9.283203125	100.0	
1504542825964	5872431334590	-2.2993011474609375	2.1699676513671875	9.282989501953125	100.0	
1504542825978	5872451476192	-2.292572021484375	2.1709136962890625	9.284454345703125	100.0	
1504542826008	5872471617793	-2.2843780517578125	2.1663818359375	9.287399291992188	100.0	
1504542826017	5872491759395	-2.2884979248046875	2.1562042236328125	9.288818359375	100.0	
1504542826053	5872511900996	-2.3029022216796875	2.14178466796875	9.288619995117188	100.0	
1504542826063	5872532042598	-2.308837890625	2.1278533935546875	9.290313720703125	100.0	
1504542826072	5872552184199	-2.2997589111328125	2.1204681396484375	9.294235229492188	100.0	
1504542826095	5872572325801	-2.2823944091796875	2.1244964599609375	9.297607421875	100.0	
1504542826110	5872592467403	-2.2581024169921875	2.14068603515625	9.299819946289063	100.0	
1504542826158	5872612609004	-2.2299957275390625	2.161773681640625	9.301788330078125	100.0	
1504542826177	5872632750606	-2.2150726318359375	2.1859283447265625	9.299652099609375	100.0	
1504542826216	5872652892207	-2.2144012451171875	2.2023162841796875	9.29595947265625	100.0	
1504542826235	5872673033809	-2.2221832275390625	2.211090087890625	9.292068481445313	100.0	
1504542826263	5872693175410	-2.2312164306640625	2.218109130859375	9.288192749023438	100.0	
1504542826299	5872713317012	-2.237884521484375	2.2314605712890625	9.283340454101563	100.0	
1504542826356	5872733458613	-2.2376556396484375	2.25177001953125	9.278488159179688	100.0	
1504542826367	5872753600215	-2.2293548583984375	2.2722930908203125	9.275543212890625	100.0	
1504542826384	5872773741817	-2.2165069580078125	2.2950592041015625	9.272964477539063	100.0	
1504542826397	5872793883418	-2.20556640625	2.315277099609375	9.270553588867188	100.0	
1504542826420	5872814025020	-2.2010345458984375	2.3342132568359375	9.266860961914063	100.0	
1504542826430	5872834166621	-2.2034759521484375	2.354736328125	9.26116943359375	100.0	
1504542826444	5872854308223	-2.2083892822265625	2.3798828125	9.253585815429688	100.0	
1504542826465	5872874449824	-2.2115631103515625	2.4024810791015625	9.246978759765625	100.0	
1504542826485	5872894591426	-2.1943817138671875	2.406585693359375	9.249847412109375	100.0	
1504542826498	5872914733028	-2.1671142578125	2.4018707275390625	9.257583618164063	100.0	
1504542826505	5872934874629	-2.143157958984375	2.3956298828125	9.26483154296875	100.0	
1504542826520	5872955016231	-2.128143310546875	2.3902435302734375	9.26971435546875	100.0	
1504542826542	5872975157832	-2.129058837890625	2.3909149169921875	9.269241333007813	100.0	
1504542826632	5872995299434	-2.1368560791015625	2.3951263427734375	9.266326904296875	100.0	
1504542826657	5873015441035	-2.1388092041015625	2.3995513916015625	9.264846801757813	100.0	
1504542826668	5873035582637	-2.13897705078125	2.401092529296875	9.264389038085938	100.0	
1504542826722	5873055724238	-2.1389007568359375	2.3992156982421875	9.264862060546875	100.0	
1504542826733	5873075865840	-2.1368408203125	2.3961944580078125	9.266143798828125	100.0	
1504542826751	5873096007442	-2.135040283203125	2.3999786376953125	9.265518188476563	100.0	
1504542826795	5873116149043	-2.1274261474609375	2.413726806640625	9.263717651367188	100.0	
1504542826808	5873136290645	-2.1169586181640625	2.429473876953125	9.261978149414063	100.0	
1504542826831	5873156432246	-2.111114501953125	2.43951416015625	9.260650634765625	100.0	
1504542826841	5873176573848	-2.110870361328125	2.439971923828125	9.260604858398438	100.0	
1504542826937	5873196715449	-2.112884521484375	2.4345245361328125	9.261642456054688	100.0	
1504542826961	5873216857051	-2.11859130859375	2.422943115234375	9.263336181640625	100.0	
1504542826990	5873236998653	-2.125457763671875	2.4079742431640625	9.265640258789063	100.0	
1504542827066	5873257140254	-2.1268768310546875	2.39349365234375	9.269134521484375	100.0	
1504542827086	5873277281856	-2.1168975830078125	2.3807220458984375	9.274734497070313	100.0	
1504542827103	5873297423457	-2.1023712158203125	2.367279052734375	9.281463623046875	100.0	
1504542827121	5873317565059	-2.0925750732421875	2.3565521240234375	9.286376953125	100.0	
1504542827144	5873337706660	-2.091064453125	2.3493194580078125	9.288528442382813	100.0	
1504542827156	5873357848262	-2.0905303955078125	2.341766357421875	9.290603637695313	100.0	
1504542827175	5873377989863	-2.08758544921875	2.3306884765625	9.29400634765625	100.0	
1504542827185	5873398131465	-2.08673095703125	2.328399658203125	9.2947998046875	100.0	
1504542827197	5873418273067	-2.08447265625	2.3319549560546875	9.29437255859375	100.0	
1504542827210	5873438414668	-2.0817718505859375	2.334869384765625	9.294281005859375	100.0	
1504542827220	5873458556270	-2.0806884765625	2.3356170654296875	9.294281005859375	100.0	
1504542827231	5873478697871	-2.0824432373046875	2.33502197265625	9.294052124023438	100.0	
1504542827242	5873498839473	-2.0816497802734375	2.335174560546875	9.294235229492188	100.0	
1504542827276	5873518981074	-2.0792694091796875	2.3419952392578125	9.293060302734375	100.0	
1504542827307	5873539122676	-2.0726776123046875	2.3526763916015625	9.291778564453125	100.0	
1504542827317	5873559264278	-2.0610809326171875	2.3618316650390625	9.292083740234375	100.0	
1504542827344	5873579405879	-2.0361480712890625	2.367523193359375	9.296051025390625	100.0	
1504542827352	5873599547481	-2.0035858154296875	2.37322998046875	9.301681518554688	100.0	
1504542827369	5873619689082	-1.9763641357421875	2.3785247802734375	9.306198120117188	100.0	
1504542827475	5873639830684	-1.9606170654296875	2.38580322265625	9.307662963867188	100.0	
1504542827514	5873659972285	-1.955657958984375	2.3951568603515625	9.3062744140625	100.0	
1504542827642	5873680113887	-1.9532623291015625	2.39886474609375	9.305831909179688	100.0	
1504542827666	5873700255488	-1.95166015625	2.38714599609375	9.309234619140625	100.0	
1504542827685	5873720397090	-1.9538116455078125	2.3652496337890625	9.314361572265625	100.0	
1504542827696	5873740538692	-1.962921142578125	2.33917236328125	9.319061279296875	100.0	
1504542827721	5873760680293	-1.97869873046875	2.309967041015625	9.323013305664063	100.0	
1504542827731	5873780821895	-1.9920654296875	2.2787322998046875	9.327743530273438	100.0	
1504542827741	5873800963496	-1.9946441650390625	2.25030517578125	9.334136962890625	100.0	
1504542827760	5873821105098	-1.9865875244140625	2.2275543212890625	9.34136962890625	100.0	
1504542827770	5873841246699	-1.9814453125	2.2163848876953125	9.345108032226563	100.0	
1504542827782	5873861388301	-1.986236572265625	2.2138214111328125	9.34466552734375	100.0	
1504542827792	5873881529903	-1.99774169921875	2.21295166015625	9.342361450195313	100.0	
1504542827806	5873901671504	-2.005401611328125	2.2086029052734375	9.341796875	100.0	
1504542827818	5873921813106	-2.0055694580078125	2.199462890625	9.343902587890625	100.0	
1504542827836	5873941954707	-2.0023651123046875	2.1834869384765625	9.348297119140625	100.0	
1504542827857	5873962096309	-1.9954681396484375	2.1642913818359375	9.354278564453125	100.0	
1504542827866	5873982237910	-1.9866180419921875	2.1522369384765625	9.358932495117188	100.0	
1504542827879	5874002379512	-1.9782867431640625	2.1457672119140625	9.362197875976563	100.0	
1504542827893	5874022521113	-1.970977783203125	2.1397247314453125	9.365097045898438	100.0	
1504542827901	5874042662715	-1.9626312255859375	2.1339874267578125	9.368179321289063	100.0	
1504542827916	5874062804317	-1.9528045654296875	2.1275787353515625	9.371749877929688	100.0	
1504542827931	5874082945918	-1.941497802734375	2.1206512451171875	9.375640869140625	100.0	
1504542827952	5874103087520	-1.9352264404296875	2.114532470703125	9.378265380859375	100.0	
1504542827962	5874123229121	-1.93408203125	2.1111602783203125	9.37921142578125	100.0	
1504542827974	5874143370723	-1.931427001953125	2.109649658203125	9.380142211914063	100.0	
1504542827988	5874163512324	-1.924102783203125	2.1053314208984375	9.382659912109375	100.0	
1504542827996	5874183653926	-1.9133148193359375	2.09100341796875	9.388031005859375	100.0	
1504542828011	5874203795528	-1.8885955810546875	2.0630035400390625	9.399200439453125	100.0	
1504542828027	5874223937129	-1.851806640625	2.02362060546875	9.415084838867188	100.0	
1504542828051	5874244078731	-1.813934326171875	1.98193359375	9.431304931640625	100.0	
1504542828067	5874264220332	-1.7852783203125	1.9513092041015625	9.443161010742188	100.0	
1504542828094	5874284361934	-1.7629852294921875	1.932403564453125	9.451217651367188	100.0	
1504542828106	5874304503535	-1.7539520263671875	1.923583984375	9.454727172851563	100.0	
1504542828114	5874324645137	-1.7535858154296875	1.92193603515625	9.455169677734375	100.0	
1504542828125	5874344786738	-1.7516632080078125	1.9316864013671875	9.453460693359375	100.0	
1504542828150	5874364928340	-1.7471923828125	1.9551849365234375	9.449493408203125	100.0	
1504542828169	5874385069942	-1.744964599609375	1.9891357421875	9.442825317382813	100.0	
1504542828191	5874405211543	-1.742462158203125	2.01995849609375	9.436798095703125	100.0	
1504542828204	5874425353145	-1.726776123046875	2.037933349609375	9.435775756835938	100.0	
1504542828223	5874445494746	-1.697601318359375	2.0385284423828125	9.44091796875	100.0	
1504542828232	5874465636348	-1.64666748046875	2.0309600830078125	9.451553344726563	100.0	
1504542828242	5874485777949	-1.5914154052734375	2.0188446044921875	9.463592529296875	100.0	
1504542828259	5874505919551	-1.5494842529296875	2.000762939453125	9.474365234375	100.0	
1504542828273	5874526061153	-1.5202789306640625	1.991241455078125	9.481201171875	100.0	
1504542828299	5874546202754	-1.4987945556640625	1.9990234375	9.48297119140625	100.0	
1504542828313	5874566344356	-1.4752197265625	2.004638671875	9.485488891601563	100.0	
1504542828327	5874586485957	-1.448028564453125	1.9988555908203125	9.490875244140625	100.0	
1504542828338	5874606627559	-1.42535400390625	1.991790771484375	9.49578857421875	100.0	
1504542828347	5874626769160	-1.4132080078125	1.9969024658203125	9.496475219726563	100.0	
1504542828355	5874646910762	-1.406982421875	2.016571044921875	9.493301391601563	100.0	
1504542828367	5874667052363	-1.3880462646484375	2.0443115234375	9.49005126953125	100.0	
1504542828384	5874687193965	-1.3540496826171875	2.065521240234375	9.49041748046875	100.0	
1504542828395	5874707335567	-1.3174285888671875	2.063507080078125	9.49603271484375	100.0	
1504542828408	5874727477168	-1.2844085693359375	2.0422210693359375	9.505203247070313	100.0	
1504542828423	5874747618770	-1.261138916015625	2.016754150390625	9.51373291015625	100.0	
1504542828431	5874767760371	-1.2556304931640625	2.003326416015625	9.517257690429688	100.0	
1504542828439	5874787901973	-1.256195068359375	2.0068359375	9.51641845703125	100.0	
1504542828448	5874808043574	-1.241546630859375	2.015106201171875	9.516571044921875	100.0	
1504542828466	5874828185176	-1.2002716064453125	2.0132598876953125	9.52227783203125	100.0	
1504542828477	5874848326778	-1.1549224853515625	1.99969482421875	9.530807495117188	100.0	
1504542828489	5874868468379	-1.1411590576171875	2.00018310546875	9.5323486328125	100.0	
1504542828502	5874888609981	-1.1860198974609375	2.0348663330078125	9.519454956054688	100.0	
1504542828530	5874908751582	-1.2764434814453125	2.0977935791015625	9.493972778320313	100.0	
1504542828561	5874928893184	-1.3708953857421875	2.1611480712890625	9.466629028320313	100.0	
1504542828593	5874949034785	-1.45025634765625	2.20343017578125	9.44512939453125	100.0	
1504542828612	5874969176387	-1.5046539306640625	2.2269134521484375	9.4310302734375	100.0	
1504542828626	5874989317988	-1.53656005859375	2.242156982421875	9.422317504882813	100.0	
1504542828637	5875009459590	-1.5616455078125	2.2644500732421875	9.412796020507813	100.0	
1504542828655	5875029601192	-1.5882415771484375	2.2967681884765625	9.400527954101563	100.0	
1504542828670	5875049742793	-1.6215057373046875	2.3315887451171875	9.386245727539063	100.0	
1504542828678	5875069884395	-1.6600799560546875	2.3638153076171875	9.371475219726563	100.0	
1504542828690	5875090025996	-1.6959686279296875	2.3917236328125	9.358001708984375	100.0	
1504542828700	5875110167598	-1.72625732421875	2.4105224609375	9.347640991210938	100.0	
1504542828720	5875130309199	-1.738189697265625	2.4079437255859375	9.346038818359375	100.0	
1504542828735	5875150450801	-1.7260589599609375	2.381439208984375	9.355087280273438	100.0	
1504542828761	5875170592403	-1.7034454345703125	2.337799072265625	9.370223999023438	100.0	
1504542828783	5875190734004	-1.678680419921875	2.2827606201171875	9.388229370117188	100.0	
1504542828802	5875210875606	-1.638702392578125	2.2255401611328125	9.408966064453125	100.0	
1504542828813	5875231017207	-1.565399169921875	2.1646270751953125	9.435562133789063	100.0	
1504542828832	5875251158809	-1.458587646484375	2.102447509765625	9.466812133789063	100.0	
1504542828856	5875271300410	-1.3434600830078125	2.0447235107421875	9.496444702148438	100.0	
1504542828872	5875291442012	-1.2507171630859375	1.99896240234375	9.518844604492188	100.0	
1504542828884	5875311583613	-1.172821044921875	1.965423583984375	9.535690307617188	100.0	
1504542828895	5875331725215	-1.1008453369140625	1.953369140625	9.54669189453125	100.0	
1504542828905	5875351866817	-1.0558319091796875	1.94537353515625	9.553497314453125	100.0	
1504542828915	5875372008418	-1.0479583740234375	1.9295501708984375	9.557586669921875	100.0	
1504542828945	5875392150020	-1.069000244140625	1.90399169921875	9.5604248046875	100.0	
1504542828967	5875412291621	-1.084136962890625	1.877716064453125	9.563873291015625	100.0	
1504542828985	5875432433223	-1.0681304931640625	1.8571319580078125	9.5697021484375	100.0	
1504542829004	5875452574824	-1.0355987548828125	1.8404388427734375	9.576461791992188	100.0	
1504542829018	5875472716426	-1.0074310302734375	1.825927734375	9.582260131835938	100.0	
1504542829023	5875492858028	-0.9920654296875	1.81884765625	9.585235595703125	100.0	
1504542829038	5875512999629	-0.9866790771484375	1.82489013671875	9.58465576171875	100.0	
1504542829055	5875533141231	-0.9907379150390625	1.843597412109375	9.580581665039063	100.0	
1504542829075	5875553282832	-1.008270263671875	1.8766326904296875	9.572341918945313	100.0	
1504542829096	5875573424434	-1.029876708984375	1.9350128173828125	9.558364868164063	100.0	
1504542829108	5875593566035	-1.036468505859375	2.0167083740234375	9.540695190429688	100.0	
1504542829119	5875613707637	-1.0269622802734375	2.110321044921875	9.521453857421875	100.0	
1504542829128	5875633849238	-1.0140533447265625	2.20367431640625	9.501708984375	100.0	
1504542829137	5875653990840	-1.0103759765625	2.288238525390625	9.482147216796875	100.0	
1504542829150	5875674132442	-1.0237884521484375	2.362335205078125	9.46246337890625	100.0	
1504542829163	5875694274043	-1.0477142333984375	2.4293060302734375	9.442855834960938	100.0	
1504542829182	5875714415645	-1.068359375	2.49139404296875	9.424346923828125	100.0	
1504542829194	5875734557246	-1.08502197265625	2.54998779296875	9.406784057617188	100.0	
1504542829209	5875754698848	-1.1069793701171875	2.5972747802734375	9.391342163085938	100.0	
1504542829217	5875774840449	-1.1185150146484375	2.624969482421875	9.38232421875	100.0	
1504542829227	5875794982051	-1.090850830078125	2.6207427978515625	9.386672973632813	100.0	
1504542829241	5875815123653	-1.0186004638671875	2.5803070068359375	9.405960083007813	100.0	
1504542829255	5875835265254	-0.925384521484375	2.5107879638671875	9.434402465820313	100.0	
1504542829277	5875855406856	-0.8002777099609375	2.442626953125	9.463638305664063	100.0	
1504542829303	5875875548457	-0.7006072998046875	2.4062042236328125	9.4808349609375	100.0	
1504542829322	5875895690059	-0.6649322509765625	2.3990936279296875	9.485275268554688	100.0	
1504542829329	5875915831660	-0.672271728515625	2.418792724609375	9.479751586914063	100.0	
1504542829358	5875935973262	-0.687255859375	2.4590301513671875	9.46826171875	100.0	
1504542829370	5875956114863	-0.69610595703125	2.5092315673828125	9.454421997070313	100.0	
1504542829384	5875976256465	-0.6982879638671875	2.5706024169921875	9.437881469726563	100.0	
1504542829421	5875996398067	-0.6894073486328125	2.644866943359375	9.417938232421875	100.0	
1504542829443	5876016539668	-0.654022216796875	2.71466064453125	9.400527954101563	100.0	
1504542829458	5876036681270	-0.604248046875	2.77691650390625	9.3856201171875	100.0	
1504542829470	5876056822871	-0.54522705078125	2.8351593017578125	9.371856689453125	100.0	
1504542829474	5876076964473	-0.47100830078125	2.8952789306640625	9.357467651367188	100.0	
1504542829491	5876097106074	-0.424835205078125	2.9706573486328125	9.33599853515625	100.0	
1504542829533	5876117247676	-0.3973388671875	3.0709075927734375	9.304702758789063	100.0	
1504542829564	5876137389278	-0.4003143310546875	3.189300537109375	9.264816284179688	100.0	
1504542829609	5876157530879	-0.40399169921875	3.30767822265625	9.222976684570313	100.0	
1504542829623	5876177672481	-0.3795623779296875	3.4070587158203125	9.187759399414063	100.0	
1504542829639	5876197814082	-0.35137939453125	3.4810028076171875	9.161117553710938	100.0	
1504542829645	5876217955684	-0.3314666748046875	3.5241546630859375	9.145355224609375	100.0	
1504542829657	5876238097285	-0.31536865234375	3.5382537841796875	9.1405029296875	100.0	
1504542829669	5876258238887	-0.294830322265625	3.5353240966796875	9.142364501953125	100.0	
1504542829690	5876278380488	-0.2717742919921875	3.53668212890625	9.14263916015625	100.0	
1504542829712	5876298522090	-0.2618865966796875	3.552825927734375	9.136550903320313	100.0	
1504542829728	5876318663692	-0.264617919921875	3.577667236328125	9.1268310546875	100.0	
1504542829774	5876338805293	-0.2761383056640625	3.6099395751953125	9.113662719726563	100.0	
1504542829786	5876358946895	-0.290863037109375	3.65020751953125	9.097137451171875	100.0	
1504542829799	5876379088496	-0.31231689453125	3.701171875	9.075775146484375	100.0	
1504542829812	5876399230098	-0.3198699951171875	3.7633056640625	9.049957275390625	100.0	
1504542829826	5876419371699	-0.315216064453125	3.8183746337890625	9.027206420898438	100.0	
1504542829866	5876439513301	-0.3021240234375	3.8648223876953125	9.007797241210938	100.0	
1504542829886	5876459654903	-0.279510498046875	3.9049224853515625	8.99114990234375	100.0	
1504542829908	5876479796504	-0.25115966796875	3.9385528564453125	8.977325439453125	100.0	
1504542829913	5876499938106	-0.228912353515625	3.968048095703125	8.964996337890625	100.0	
1504542829933	5876520079707	-0.2165679931640625	3.993682861328125	8.953887939453125	100.0	
1504542829942	5876540221309	-0.21258544921875	4.0160064697265625	8.943954467773438	100.0	
1504542829970	5876560362910	-0.2129364013671875	4.028656005859375	8.93829345703125	100.0	
1504542829984	5876580504512	-0.211822509765625	4.022796630859375	8.940963745117188	100.0	
1504542829998	5876600646113	-0.202239990234375	3.997955322265625	8.952301025390625	100.0	
1504542830016	5876620787715	-0.1907196044921875	3.95196533203125	8.97296142578125	100.0	
1504542830022	5876640929317	-0.1818084716796875	3.9001312255859375	8.995819091796875	100.0	
1504542830035	5876661070918	-0.176910400390625	3.85589599609375	9.014938354492188	100.0	
1504542830055	5876681212520	-0.174072265625	3.8266754150390625	9.027481079101563	100.0	
