1504197498165	2797528747319	-3.37982177734375	-41.89300537109375	2.4688720703125	-1.0	
1504197498179	2797548888921	-4.6539306640625	-41.217041015625	3.89862060546875	-1.0	
1504197498205	2797569030522	-3.60565185546875	-41.1102294921875	3.84063720703125	-1.0	
1504197498217	2797589172124	-3.87115478515625	-42.45758056640625	4.168701171875	-1.0	
1504197498243	2797609313725	-2.90985107421875	-40.97900390625	2.87933349609375	-1.0	
1504197498269	2797629455327	-2.46429443359375	-41.73583984375	3.1890869140625	-1.0	
1504197498283	2797649596929	-3.6163330078125	-40.6707763671875	4.93927001953125	-1.0	
1504197498309	2797669738530	-2.11029052734375	-41.05072021484375	2.4688720703125	-1.0	
1504197498322	2797689880132	-2.80609130859375	-40.8203125	3.13873291015625	-1.0	
1504197498349	2797710021733	-4.38232421875	-41.69158935546875	3.21197509765625	-1.0	
1504197498362	2797730163335	-3.3966064453125	-42.0379638671875	3.36761474609375	-1.0	
1504197498389	2797750304936	-2.55279541015625	-42.10968017578125	4.42352294921875	-1.0	
1504197498404	2797770446538	-3.53240966796875	-41.39404296875	2.72674560546875	-1.0	
1504197498427	2797790588139	-2.5299072265625	-41.45050048828125	2.978515625	-1.0	
1504197498442	2797810729741	-2.28729248046875	-42.53082275390625	4.99420166015625	-1.0	
1504197498469	2797830871343	-3.19366455078125	-41.02783203125	2.7862548828125	-1.0	
1504197498481	2797851012944	-3.2012939453125	-41.02020263671875	4.3243408203125	-1.0	
1504197498510	2797871154546	-3.1646728515625	-41.67938232421875	3.4149169921875	-1.0	
1504197498523	2797891296147	-4.05120849609375	-41.5802001953125	3.31878662109375	-1.0	
1504197498550	2797911437749	-3.6224365234375	-41.8487548828125	3.40118408203125	-1.0	
1504197498576	2797931579350	-3.37371826171875	-41.5802001953125	3.6346435546875	-1.0	
1504197498587	2797951720952	-3.7506103515625	-41.27960205078125	2.88238525390625	-1.0	
1504197498615	2797971862554	-3.69873046875	-40.91033935546875	3.4210205078125	-1.0	
1504197498627	2797992004155	-2.4444580078125	-42.48199462890625	2.91748046875	-1.0	
1504197498659	2798012145757	-3.31878662109375	-41.314697265625	2.4383544921875	-1.0	
1504197498668	2798032287358	-3.2928466796875	-42.12493896484375	3.9764404296875	-1.0	
1504197498692	2798052428960	-4.18701171875	-41.33148193359375	4.5013427734375	-1.0	
1504197498707	2798072570561	-2.9815673828125	-41.7510986328125	2.80303955078125	-1.0	
1504197498733	2798092712163	-1.0528564453125	-41.4031982421875	3.4881591796875	-1.0	
1504197498745	2798112853764	-1.6326904296875	-42.27447509765625	4.04815673828125	-1.0	
1504197498773	2798132995366	-3.179931640625	-41.1865234375	3.25927734375	-1.0	
1504197498786	2798153136968	-1.33514404296875	-40.1947021484375	4.052734375	-1.0	
1504197498814	2798173278569	-3.4942626953125	-41.63970947265625	3.26385498046875	-1.0	
1504197498828	2798193420171	-4.20074462890625	-41.73126220703125	3.82080078125	-1.0	
1504197498854	2798213561772	-2.99835205078125	-41.4642333984375	2.18658447265625	-1.0	
1504197498868	2798233703374	-4.15191650390625	-40.9210205078125	3.42254638671875	-1.0	
1504197498891	2798253844975	-3.58123779296875	-42.5567626953125	3.106689453125	-1.0	
1504197498904	2798273986577	-2.87628173828125	-41.766357421875	3.20281982421875	-1.0	
1504197498931	2798294128179	-3.43780517578125	-42.0196533203125	2.1514892578125	-1.0	
1504197498945	2798314269780	-1.239013671875	-42.64678955078125	3.66363525390625	-1.0	
1504197498976	2798334411382	-3.289794921875	-41.876220703125	2.77099609375	-1.0	
1504197498984	2798354552983	-3.8970947265625	-41.71905517578125	3.19976806640625	-1.0	
1504197499011	2798374694585	-3.7078857421875	-43.11065673828125	3.485107421875	-1.0	
1504197499027	2798394836186	-3.14178466796875	-40.887451171875	3.2562255859375	-1.0	
1504197499050	2798414977788	-4.75921630859375	-41.717529296875	3.90167236328125	-1.0	
1504197499064	2798435119389	-2.97698974609375	-40.6341552734375	3.97796630859375	-1.0	
1504197499092	2798455260991	-1.82647705078125	-42.3248291015625	3.350830078125	-1.0	
1504197499103	2798475402593	-3.1005859375	-43.1304931640625	3.47900390625	-1.0	
1504197499130	2798495544194	-3.62091064453125	-40.9637451171875	3.58734130859375	-1.0	
1504197499155	2798515685796	-2.825927734375	-40.7073974609375	4.17327880859375	-1.0	
1504197499168	2798535827397	-2.62603759765625	-41.31317138671875	4.17327880859375	-1.0	
1504197499195	2798555968999	-3.94439697265625	-41.39251708984375	3.7017822265625	-1.0	
1504197499208	2798576110600	-3.68804931640625	-41.73431396484375	3.34320068359375	-1.0	
1504197499235	2798596252202	-3.11279296875	-41.455078125	2.94036865234375	-1.0	
1504197499248	2798616393804	-2.18658447265625	-41.51611328125	3.863525390625	-1.0	
1504197499274	2798636535405	-3.4759521484375	-41.0980224609375	2.25982666015625	-1.0	
1504197499288	2798656677007	-2.4017333984375	-41.4154052734375	2.81524658203125	-1.0	
1504197499314	2798676818608	-2.69622802734375	-42.11578369140625	3.48968505859375	-1.0	
1504197499326	2798696960210	-3.43017578125	-41.9219970703125	2.1087646484375	-1.0	
1504197499356	2798717101811	-3.06243896484375	-41.56036376953125	3.88946533203125	-1.0	
1504197499367	2798737243413	-3.88336181640625	-41.766357421875	3.49273681640625	-1.0	
1504197499397	2798757385014	-2.91290283203125	-42.0318603515625	3.41033935546875	-1.0	
1504197499419	2798777526616	-3.01361083984375	-41.24908447265625	2.655029296875	-1.0	
1504197499435	2798797668218	-3.25469970703125	-41.89300537109375	2.69317626953125	-1.0	
1504197499459	2798817809819	-2.9632568359375	-42.218017578125	3.3233642578125	-1.0	
1504197499474	2798837951421	-1.96380615234375	-41.36199951171875	2.6641845703125	-1.0	
1504197499502	2798858093022	-3.46527099609375	-41.38946533203125	1.77154541015625	-1.0	
1504197499514	2798878234624	-3.05023193359375	-41.6748046875	2.783203125	-1.0	
1504197499539	2798898376225	-3.857421875	-42.2393798828125	2.42919921875	-1.0	
1504197499555	2798918517827	-2.64434814453125	-41.7327880859375	2.984619140625	-1.0	
1504197499578	2798938659429	-3.5308837890625	-40.7073974609375	3.8330078125	-1.0	
1504197499592	2798958801030	-3.5308837890625	-41.6015625	3.546142578125	-1.0	
1504197499623	2798978942632	-2.008056640625	-40.70892333984375	3.607177734375	-1.0	
1504197499632	2798999084233	-3.558349609375	-42.08526611328125	2.78778076171875	-1.0	
1504197499660	2799019225835	-2.435302734375	-41.81365966796875	2.40936279296875	-1.0	
1504197499672	2799039367436	-2.4749755859375	-43.37005615234375	2.28729248046875	-1.0	
1504197499706	2799059509038	-2.18658447265625	-41.259765625	3.57818603515625	-1.0	
1504197499714	2799079650639	-2.3712158203125	-41.81060791015625	3.32794189453125	-1.0	
1504197499737	2799099792241	-4.46929931640625	-42.27752685546875	3.00140380859375	-1.0	
1504197499750	2799119933843	-3.076171875	-42.64678955078125	3.4515380859375	-1.0	
1504197499776	2799140075444	-1.86767578125	-41.6168212890625	2.569580078125	-1.0	
1504197499789	2799160217046	-3.00140380859375	-41.23687744140625	3.66363525390625	-1.0	
1504197499822	2799180358647	-2.2796630859375	-42.15240478515625	3.0303955078125	-1.0	
1504197499830	2799200500249	-4.26025390625	-42.578125	3.1524658203125	-1.0	
1504197499856	2799220641850	-1.2847900390625	-41.19110107421875	4.034423828125	-1.0	
1504197499870	2799240783452	-1.28326416015625	-42.25616455078125	4.0496826171875	-1.0	
1504197499896	2799260925054	-2.4749755859375	-42.3828125	2.64129638671875	-1.0	
1504197499909	2799281066655	-2.7587890625	-42.64678955078125	3.4027099609375	-1.0	
1504197499936	2799301208257	-0.99945068359375	-41.44744873046875	2.752685546875	-1.0	
1504197499949	2799321349858	-0.6256103515625	-42.34161376953125	2.6885986328125	-1.0	
1504197499977	2799341491460	-0.91552734375	-41.97235107421875	2.95562744140625	-1.0	
1504197499991	2799361633061	-2.75726318359375	-43.4722900390625	3.4820556640625	-1.0	
1504197500015	2799381774663	-3.4637451171875	-42.52777099609375	3.58123779296875	-1.0	
1504197500041	2799401916264	-1.99127197265625	-40.6463623046875	3.369140625	-1.0	
1504197500054	2799422057866	-2.7587890625	-41.53594970703125	3.48052978515625	-1.0	
1504197500083	2799442199468	-2.264404296875	-41.6229248046875	3.521728515625	-1.0	
1504197500094	2799462341069	-3.88336181640625	-40.75927734375	3.2989501953125	-1.0	
1504197500120	2799482482671	-3.98712158203125	-42.09136962890625	2.66265869140625	-1.0	
1504197500135	2799502624272	-3.62091064453125	-42.53692626953125	3.9398193359375	-1.0	
1504197500161	2799522765874	-2.53753662109375	-42.437744140625	2.752685546875	-1.0	
1504197500176	2799542907475	-3.13262939453125	-41.55426025390625	2.79998779296875	-1.0	
1504197500200	2799563049077	-2.89764404296875	-43.084716796875	4.3975830078125	-1.0	
1504197500244	2799583190679	-1.93939208984375	-41.9403076171875	3.6590576171875	-1.0	
1504197500249	2799603332280	-2.10418701171875	-41.668701171875	3.6285400390625	-1.0	
1504197500266	2799623473882	-2.43072509765625	-41.3330078125	3.45306396484375	-1.0	
1504197500278	2799643615483	-3.06854248046875	-41.65496826171875	3.3966064453125	-1.0	
1504197500305	2799663757085	-3.35540771484375	-41.23687744140625	3.38897705078125	-1.0	
1504197500319	2799683898686	-2.8533935546875	-40.73486328125	4.1473388671875	-1.0	
1504197500346	2799704040288	-3.05633544921875	-40.37322998046875	3.13720703125	-1.0	
1504197500358	2799724181889	-0.7843017578125	-42.657470703125	1.96380615234375	-1.0	
1504197500384	2799744323491	-1.9439697265625	-42.0013427734375	3.3233642578125	-1.0	
1504197500399	2799764465093	-2.65045166015625	-41.09649658203125	2.91595458984375	-1.0	
1504197500424	2799784606694	-2.64892578125	-41.94183349609375	2.3040771484375	-1.0	
1504197500437	2799804748296	-3.09600830078125	-42.09136962890625	2.16064453125	-1.0	
1504197500464	2799824877603	-0.89111328125	-42.26531982421875	3.0120849609375	-1.0	
1504197500477	2799845019205	-1.3397216796875	-40.789794921875	2.62451171875	-1.0	
1504197500505	2799865160806	-1.12152099609375	-42.864990234375	3.594970703125	-1.0	
1504197500518	2799885302408	-1.9805908203125	-42.0257568359375	3.96881103515625	-1.0	
1504197500547	2799905444010	-2.29644775390625	-42.26226806640625	3.509521484375	-1.0	
1504197500557	2799925585611	-1.78070068359375	-41.0980224609375	3.48968505859375	-1.0	
1504197500584	2799945727213	-1.85699462890625	-41.32537841796875	2.72979736328125	-1.0	
1504197500610	2799965868814	-1.92718505859375	-41.25518798828125	3.65447998046875	-1.0	
1504197500623	2799986010416	-1.5411376953125	-42.79022216796875	2.87628173828125	-1.0	
1504197500653	2800006152017	-1.93328857421875	-43.25103759765625	2.6763916015625	-1.0	
1504197500664	2800026293619	-1.87225341796875	-42.07611083984375	3.45306396484375	-1.0	
1504197500691	2800046435220	-1.910400390625	-41.86248779296875	2.72216796875	-1.0	
1504197500701	2800066576822	-1.2939453125	-42.425537109375	3.03802490234375	-1.0	
1504197500729	2800086718424	-1.5380859375	-42.73223876953125	2.8289794921875	-1.0	
1504197500742	2800106860025	-1.5960693359375	-41.595458984375	2.996826171875	-1.0	
1504197500769	2800127001627	-2.020263671875	-42.3675537109375	2.84423828125	-1.0	
1504197500782	2800147143228	-1.57470703125	-43.08319091796875	3.7322998046875	-1.0	
1504197500808	2800167284830	-2.61383056640625	-41.18804931640625	2.9266357421875	-1.0	
1504197500821	2800187426431	-1.4068603515625	-41.58935546875	3.82537841796875	-1.0	
1504197500848	2800207568033	-1.7669677734375	-41.766357421875	3.1524658203125	-1.0	
1504197500860	2800227709635	-3.33709716796875	-42.47894287109375	2.74200439453125	-1.0	
1504197500889	2800247851236	-1.531982421875	-41.522216796875	3.2623291015625	-1.0	
1504197500900	2800267992838	-1.318359375	-41.52374267578125	2.87017822265625	-1.0	
1504197500929	2800288134439	-1.9012451171875	-42.42706298828125	3.57818603515625	-1.0	
1504197500944	2800308276041	-2.3468017578125	-41.22467041015625	2.93731689453125	-1.0	
1504197500966	2800328417642	-2.84271240234375	-41.80908203125	3.22418212890625	-1.0	
1504197500980	2800348559244	-1.531982421875	-42.70782470703125	2.20489501953125	-1.0	
1504197501006	2800368700845	-0.70953369140625	-41.60308837890625	1.9775390625	-1.0	
1504197501022	2800388842447	-1.40380859375	-42.45452880859375	2.12860107421875	-1.0	
1504197501048	2800408984049	-1.94091796875	-42.27752685546875	2.80914306640625	-1.0	
1504197501072	2800429125650	-1.7730712890625	-41.12396240234375	2.51617431640625	-1.0	
1504197501088	2800449267252	-2.0416259765625	-42.09136962890625	3.16162109375	-1.0	
1504197501112	2800469408853	-1.53961181640625	-41.26434326171875	2.40478515625	-1.0	
1504197501126	2800489550455	-1.409912109375	-41.2750244140625	4.168701171875	-1.0	
1504197501152	2800509692056	-2.899169921875	-40.86456298828125	2.20489501953125	-1.0	
1504197501164	2800529833658	-1.7822265625	-41.497802734375	2.215576171875	-1.0	
1504197501192	2800549975260	-1.9561767578125	-40.99884033203125	2.99530029296875	-1.0	
1504197501206	2800570116861	-1.50604248046875	-41.9525146484375	1.86614990234375	-1.0	
1504197501231	2800590258463	-0.89569091796875	-41.58935546875	2.5848388671875	-1.0	
1504197501244	2800610400064	-2.5543212890625	-41.58935546875	3.16925048828125	-1.0	
1504197501270	2800630541666	-1.41448974609375	-41.05987548828125	2.47344970703125	-1.0	
1504197501283	2800650683267	-2.50396728515625	-42.4224853515625	2.21099853515625	-1.0	
1504197501310	2800670824869	-2.3193359375	-41.6717529296875	3.44390869140625	-1.0	
1504197501323	2800690966470	-2.08740234375	-42.43927001953125	4.01763916015625	-1.0	
1504197501351	2800711108072	-2.294921875	-41.82586669921875	4.33502197265625	-1.0	
1504197501364	2800731249674	-0.732421875	-40.73028564453125	4.4921875	-1.0	
1504197501389	2800751391275	-1.36260986328125	-42.3370361328125	3.23333740234375	-1.0	
1504197501404	2800771532877	-1.348876953125	-43.07708740234375	2.813720703125	-1.0	
1504197501429	2800791674478	-1.4678955078125	-41.412353515625	3.594970703125	-1.0	
1504197501441	2800811816080	-1.397705078125	-41.74957275390625	3.45916748046875	-1.0	
1504197501471	2800831957681	-1.85089111328125	-41.70379638671875	2.35595703125	-1.0	
1504197501482	2800852099283	-1.9439697265625	-41.23687744140625	2.98309326171875	-1.0	
1504197501509	2800872240885	-0.982666015625	-42.5628662109375	3.240966796875	-1.0	
1504197501534	2800892382486	-2.42156982421875	-41.09954833984375	2.789306640625	-1.0	
1504197501547	2800912524088	-1.654052734375	-41.9219970703125	2.89306640625	-1.0	
1504197501574	2800932665689	-2.044677734375	-41.6046142578125	3.28369140625	-1.0	
1504197501588	2800952807291	-1.68914794921875	-41.34063720703125	2.6092529296875	-1.0	
1504197501617	2800972948892	-1.6143798828125	-41.92047119140625	3.216552734375	-1.0	
1504197501628	2800993090494	-0.30517578125	-42.08831787109375	3.88336181640625	-1.0	
1504197501657	2801013232095	-1.44195556640625	-41.387939453125	4.1412353515625	-1.0	
1504197501667	2801033373697	-0.95367431640625	-41.876220703125	3.38897705078125	-1.0	
1504197501694	2801053515299	-1.41448974609375	-42.11883544921875	4.17327880859375	-1.0	
1504197501706	2801073656900	-1.54571533203125	-42.5079345703125	3.79791259765625	-1.0	
1504197501736	2801093798502	-2.30255126953125	-42.02880859375	2.47344970703125	-1.0	
1504197501746	2801113940103	-2.00042724609375	-42.59185791015625	3.53546142578125	-1.0	
1504197501774	2801134081705	-0.09765625	-41.607666015625	3.1341552734375	-1.0	
1504197501786	2801154223306	-1.654052734375	-42.39959716796875	2.3040771484375	-1.0	
1504197501812	2801174364908	-1.41448974609375	-41.644287109375	2.04315185546875	-1.0	
1504197501827	2801194506510	-1.568603515625	-41.8731689453125	2.7099609375	-1.0	
1504197501853	2801214648111	-1.7242431640625	-42.2576904296875	2.79693603515625	-1.0	
1504197501865	2801234789713	-0.8087158203125	-42.31109619140625	2.4383544921875	-1.0	
1504197501892	2801254931314	-1.68304443359375	-42.80242919921875	2.642822265625	-1.0	
1504197501906	2801275072916	-0.885009765625	-43.00079345703125	2.642822265625	-1.0	
1504197501932	2801295214517	-2.2491455078125	-41.851806640625	2.215576171875	-1.0	
1504197501944	2801315356119	-3.5308837890625	-41.05987548828125	2.47344970703125	-1.0	
1504197501970	2801335497720	-1.39923095703125	-42.64068603515625	3.1219482421875	-1.0	
1504197502000	2801355639322	-2.60162353515625	-41.58935546875	2.67486572265625	-1.0	
1504197502011	2801375780924	-0.592041015625	-41.3909912109375	3.3233642578125	-1.0	
1504197502038	2801395922525	-1.8341064453125	-41.99066162109375	3.0303955078125	-1.0	
1504197502051	2801416064127	-1.46636962890625	-41.71600341796875	2.76641845703125	-1.0	
1504197502076	2801436205728	-1.92108154296875	-42.17681884765625	3.1646728515625	-1.0	
1504197502092	2801456347330	-0.84228515625	-41.64581298828125	2.58026123046875	-1.0	
1504197502118	2801476488931	-1.41448974609375	-43.17626953125	1.79443359375	-1.0	
1504197502129	2801496630533	-2.2796630859375	-42.3126220703125	2.1514892578125	-1.0	
1504197502157	2801516772135	-2.0233154296875	-41.27655029296875	2.191162109375	-1.0	
1504197502170	2801536913736	-2.42919921875	-41.9921875	3.1097412109375	-1.0	
1504197502197	2801557055338	-3.40576171875	-42.388916015625	1.873779296875	-1.0	
1504197502209	2801577196939	-1.7303466796875	-41.95404052734375	2.0263671875	-1.0	
1504197502238	2801597338541	-0.87432861328125	-42.2607421875	2.42156982421875	-1.0	
1504197502250	2801617480142	-1.971435546875	-42.03338623046875	1.3153076171875	-1.0	
1504197502276	2801637621744	-1.995849609375	-42.095947265625	2.71453857421875	-1.0	
1504197502288	2801657763345	-0.99334716796875	-42.8070068359375	3.00445556640625	-1.0	
1504197502319	2801677904947	-1.556396484375	-42.82379150390625	3.28826904296875	-1.0	
1504197502329	2801698046549	-1.7669677734375	-42.82379150390625	3.49273681640625	-1.0	
1504197502356	2801718188150	-1.04217529296875	-41.94183349609375	2.98309326171875	-1.0	
1504197502369	2801738329752	-1.580810546875	-41.26129150390625	2.00042724609375	-1.0	
1504197502393	2801758471353	-2.740478515625	-42.205810546875	3.24554443359375	-1.0	
1504197502420	2801778612955	-1.4129638671875	-42.1142578125	1.800537109375	-1.0	
1504197502433	2801798754556	-2.2705078125	-41.30859375	3.29742431640625	-1.0	
1504197502461	2801818896158	-2.3162841796875	-41.60919189453125	3.3233642578125	-1.0	
1504197502473	2801839037760	-2.44598388671875	-41.7388916015625	3.1280517578125	-1.0	
1504197502499	2801859179361	-3.14483642578125	-41.1285400390625	2.44140625	-1.0	
1504197502513	2801879320963	-2.1697998046875	-41.986083984375	2.34527587890625	-1.0	
1504197502539	2801899462564	-2.11944580078125	-41.412353515625	1.79443359375	-1.0	
1504197502552	2801919604166	-2.00347900390625	-41.06292724609375	2.58331298828125	-1.0	
1504197502579	2801939745767	-2.099609375	-41.94183349609375	2.9205322265625	-1.0	
1504197502593	2801959887369	-2.6153564453125	-42.3187255859375	2.0416259765625	-1.0	
1504197502620	2801980028970	-1.4556884765625	-41.998291015625	2.51312255859375	-1.0	
1504197502631	2802000170572	-1.3275146484375	-41.05987548828125	2.38800048828125	-1.0	
1504197502657	2802020312174	-1.7669677734375	-42.022705078125	3.460693359375	-1.0	
1504197502672	2802040453775	-1.90887451171875	-42.1875	3.42254638671875	-1.0	
1504197502697	2802060595377	-1.287841796875	-41.8792724609375	3.37066650390625	-1.0	
1504197502710	2802080736978	-0.87890625	-40.33966064453125	2.40478515625	-1.0	
1504197502737	2802100878580	-1.38397216796875	-43.04962158203125	2.691650390625	-1.0	
1504197502751	2802121020181	-0.70953369140625	-42.82379150390625	2.47344970703125	-1.0	
1504197502778	2802141161783	-1.35040283203125	-42.327880859375	3.8970947265625	-1.0	
1504197502792	2802161303385	-2.25982666015625	-42.938232421875	4.28314208984375	-1.0	
1504197502816	2802181444986	-1.68304443359375	-41.8182373046875	2.7435302734375	-1.0	
1504197502830	2802201586588	-2.47802734375	-41.064453125	2.78472900390625	-1.0	
1504197502856	2802221728189	-1.1474609375	-42.73223876953125	2.7252197265625	-1.0	
1504197502883	2802241869791	-0.9124755859375	-41.60308837890625	4.35028076171875	-1.0	
1504197502896	2802262011392	-1.63116455078125	-42.5811767578125	4.04205322265625	-1.0	
1504197502922	2802282152994	-1.42669677734375	-42.0654296875	4.03594970703125	-1.0	
1504197502936	2802302294595	-1.59149169921875	-41.64886474609375	2.1636962890625	-1.0	
1504197502962	2802322436197	-1.59149169921875	-41.58935546875	1.96380615234375	-1.0	
1504197502975	2802342577799	-1.03759765625	-42.144775390625	3.13873291015625	-1.0	
1504197503003	2802362719400	-1.5655517578125	-41.72210693359375	2.53448486328125	-1.0	
1504197503015	2802382861002	-1.5350341796875	-42.828369140625	3.2623291015625	-1.0	
1504197503042	2802403002603	-2.581787109375	-41.64886474609375	3.192138671875	-1.0	
1504197503057	2802423144205	-2.6763916015625	-42.46978759765625	3.49578857421875	-1.0	
1504197503081	2802443285806	-0.66070556640625	-42.352294921875	2.33154296875	-1.0	
1504197503103	2802463427408	-1.19781494140625	-42.083740234375	2.33154296875	-1.0	
1504197503121	2802483569010	-1.74713134765625	-41.1346435546875	2.691650390625	-1.0	
1504197503133	2802503710611	-1.63421630859375	-41.90826416015625	2.40478515625	-1.0	
1504197503160	2802523852213	-1.83563232421875	-41.34674072265625	2.52685546875	-1.0	
1504197503173	2802543993814	-0.885009765625	-42.2943115234375	2.98309326171875	-1.0	
1504197503200	2802564135416	-0.750732421875	-40.87982177734375	2.60009765625	-1.0	
1504197503213	2802584277017	-2.044677734375	-43.0267333984375	1.90277099609375	-1.0	
1504197503239	2802604418619	-1.76544189453125	-42.50030517578125	2.50244140625	-1.0	
1504197503253	2802624560220	-2.17437744140625	-41.7999267578125	3.1005859375	-1.0	
1504197503280	2802644701822	-2.1881103515625	-42.50946044921875	3.06243896484375	-1.0	
1504197503293	2802664843424	-2.1270751953125	-42.8314208984375	2.4871826171875	-1.0	
1504197503322	2802684985025	-1.7669677734375	-41.064453125	2.80914306640625	-1.0	
1504197503349	2802705126627	-2.64129638671875	-42.620849609375	2.34832763671875	-1.0	
1504197503359	2802725268228	-2.7801513671875	-41.88079833984375	3.5369873046875	-1.0	
1504197503385	2802745409830	-3.35540771484375	-39.825439453125	3.3233642578125	-1.0	
1504197503398	2802765551431	-1.6845703125	-41.28875732421875	2.11639404296875	-1.0	
1504197503426	2802785693033	-3.32794189453125	-43.64013671875	3.33709716796875	-1.0	
1504197503438	2802805834635	-2.21710205078125	-41.766357421875	2.5665283203125	-1.0	
1504197503465	2802825976236	-1.41448974609375	-42.9534912109375	2.4200439453125	-1.0	
1504197503477	2802846117838	-1.29547119140625	-41.88690185546875	2.4810791015625	-1.0	
1504197503504	2802866259439	-0.921630859375	-42.474365234375	2.60467529296875	-1.0	
1504197503518	2802886401041	-0.29449462890625	-42.1539306640625	1.85394287109375	-1.0	
1504197503544	2802906542642	-0.84075927734375	-42.694091796875	2.09197998046875	-1.0	
1504197503556	2802926684244	0.52337646484375	-41.34521484375	1.57318115234375	-1.0	
1504197503585	2802946825845	-0.9368896484375	-41.23077392578125	1.8157958984375	-1.0	
1504197503596	2802966967447	-1.06201171875	-40.35491943359375	1.45416259765625	-1.0	
1504197503623	2802987109049	-1.0040283203125	-42.1783447265625	2.07977294921875	-1.0	
1504197503636	2803007250650	-0.48370361328125	-42.49725341796875	1.67388916015625	-1.0	
1504197503662	2803027392252	-0.72784423828125	-41.69921875	2.44293212890625	-1.0	
1504197503676	2803047533853	-1.13525390625	-41.90826416015625	1.59149169921875	-1.0	
1504197503702	2803067675455	-0.634765625	-41.59698486328125	1.13525390625	-1.0	
1504197503715	2803087817056	-0.53253173828125	-42.21954345703125	2.911376953125	-1.0	
1504197503742	2803107958658	-1.07421875	-42.34161376953125	2.98309326171875	-1.0	
1504197503755	2803128100260	-0.01220703125	-42.46368408203125	1.46942138671875	-1.0	
1504197503783	2803148241861	-0.25482177734375	-42.57354736328125	2.044677734375	-1.0	
1504197503808	2803168383463	0.17242431640625	-41.94183349609375	1.96380615234375	-1.0	
1504197503821	2803188525064	0.0732421875	-42.6300048828125	2.24761962890625	-1.0	
1504197503850	2803208666666	0.2410888671875	-41.9281005859375	1.01165771484375	-1.0	
1504197503861	2803228808267	0.7354736328125	-41.8731689453125	2.3040771484375	-1.0	
1504197503888	2803248949869	-0.44403076171875	-41.54205322265625	2.6824951171875	-1.0	
1504197503901	2803269091470	-0.72174072265625	-41.67633056640625	2.96783447265625	-1.0	
1504197503926	2803289233072	-1.21002197265625	-40.8538818359375	2.04925537109375	-1.0	
1504197503941	2803309374674	-0.7293701171875	-42.6239013671875	1.8585205078125	-1.0	
1504197503967	2803329516275	-0.41046142578125	-42.24700927734375	2.8656005859375	-1.0	
1504197503979	2803349657877	0.054931640625	-42.31719970703125	1.9195556640625	-1.0	
1504197504006	2803369799478	-1.153564453125	-42.291259765625	2.5543212890625	-1.0	
1504197504020	2803389941080	-1.41448974609375	-41.766357421875	1.79443359375	-1.0	
1504197504047	2803410082681	-1.08184814453125	-42.10052490234375	2.32086181640625	-1.0	
1504197504059	2803430224283	-0.8544921875	-42.32635498046875	1.617431640625	-1.0	
1504197504085	2803450365885	-0.77056884765625	-41.473388671875	2.64892578125	-1.0	
1504197504099	2803470507486	-1.03912353515625	-42.65899658203125	1.95465087890625	-1.0	
1504197504125	2803490649088	-1.1810302734375	-41.56951904296875	2.227783203125	-1.0	
1504197504138	2803510790689	-0.0518798828125	-41.845703125	2.7984619140625	-1.0	
1504197504165	2803530932291	-0.60577392578125	-42.32025146484375	2.08892822265625	-1.0	
1504197504178	2803551073892	-1.18255615234375	-41.95098876953125	2.63519287109375	-1.0	
1504197504205	2803571215494	-0.22430419921875	-41.31317138671875	2.73284912109375	-1.0	
1504197504217	2803591357095	0.3448486328125	-41.0614013671875	2.13470458984375	-1.0	
1504197504244	2803611498697	-0.38604736328125	-41.97845458984375	2.48870849609375	-1.0	
1504197504271	2803631640299	-1.55487060546875	-41.28875732421875	2.99072265625	-1.0	
1504197504284	2803651781900	-0.70953369140625	-41.87469482421875	2.96173095703125	-1.0	
1504197504311	2803671923502	-0.8697509765625	-42.31109619140625	3.5003662109375	-1.0	
1504197504323	2803692065103	-0.49591064453125	-42.04254150390625	2.001953125	-1.0	
1504197504349	2803712206705	0.27008056640625	-42.93212890625	1.78070068359375	-1.0	
1504197504363	2803732348306	0.0823974609375	-42.35687255859375	2.25830078125	-1.0	
1504197504389	2803752489908	-0.3570556640625	-42.76275634765625	3.05328369140625	-1.0	
1504197504403	2803772631510	-0.3570556640625	-42.22564697265625	3.46221923828125	-1.0	
1504197504430	2803792773111	-0.96282958984375	-42.2943115234375	3.17535400390625	-1.0	
1504197504442	2803812914713	-1.239013671875	-42.2943115234375	2.642822265625	-1.0	
1504197504469	2803833056314	-0.30059814453125	-42.10052490234375	2.813720703125	-1.0	
1504197504483	2803853197916	-1.01318359375	-41.05987548828125	3.3477783203125	-1.0	
1504197504508	2803873339517	-1.361083984375	-41.57562255859375	2.2125244140625	-1.0	
1504197504522	2803893481119	-1.092529296875	-42.08984375	2.0477294921875	-1.0	
1504197504548	2803913622720	-1.69677734375	-41.73431396484375	2.84423828125	-1.0	
1504197504561	2803933764322	-1.5472412109375	-42.64678955078125	1.96380615234375	-1.0	
1504197504588	2803953905924	-1.519775390625	-41.729736328125	2.50396728515625	-1.0	
1504197504601	2803974047525	-0.81024169921875	-42.75360107421875	1.60675048828125	-1.0	
1504197504628	2803994189127	-1.16119384765625	-42.218017578125	2.4200439453125	-1.0	
1504197504643	2804014330728	-0.384521484375	-42.7978515625	2.789306640625	-1.0	
1504197504667	2804034472330	-0.8697509765625	-42.4835205078125	2.65045166015625	-1.0	
1504197504694	2804054613931	-1.7669677734375	-41.76788330078125	1.80816650390625	-1.0	
1504197504707	2804074755533	-1.59149169921875	-41.75567626953125	3.125	-1.0	
1504197504735	2804094897135	-0.10223388671875	-40.753173828125	2.80609130859375	-1.0	
1504197504747	2804115038736	-1.23748779296875	-41.4886474609375	2.1575927734375	-1.0	
1504197504772	2804135180338	-3.59954833984375	-41.07666015625	1.87530517578125	-1.0	
1504197504787	2804155321939	-1.3214111328125	-41.67327880859375	2.2247314453125	-1.0	
1504197504812	2804175463541	-0.52947998046875	-41.0858154296875	2.00653076171875	-1.0	
1504197504826	2804195605142	-3.3416748046875	-41.8212890625	2.53753662109375	-1.0	
1504197504852	2804215746744	-0.50048828125	-42.5506591796875	3.38287353515625	-1.0	
1504197504866	2804235888345	-0.3570556640625	-42.11883544921875	2.1331787109375	-1.0	
1504197504893	2804256029947	-1.190185546875	-42.2943115234375	2.87628173828125	-1.0	
1504197504912	2804276171549	-0.885009765625	-42.55828857421875	3.155517578125	-1.0	
1504197504931	2804296313150	-0.885009765625	-41.01104736328125	3.2318115234375	-1.0	
1504197504946	2804316454752	-1.30615234375	-42.7154541015625	3.38897705078125	-1.0	
1504197504971	2804336596353	-2.44598388671875	-42.034912109375	2.3223876953125	-1.0	
1504197504984	2804356737955	-0.7965087890625	-42.26226806640625	2.6214599609375	-1.0	
1504197505011	2804376879556	-1.9439697265625	-42.041015625	2.08740234375	-1.0	
1504197505024	2804397021158	-0.3875732421875	-41.27960205078125	2.6031494140625	-1.0	
1504197505052	2804417162760	-0.70648193359375	-41.6961669921875	3.28826904296875	-1.0	
1504197505064	2804437304361	-1.324462890625	-42.0806884765625	3.1402587890625	-1.0	
1504197505090	2804457445963	-1.495361328125	-42.35687255859375	3.38287353515625	-1.0	
1504197505104	2804477587564	-2.276611328125	-41.96319580078125	1.68609619140625	-1.0	
1504197505130	2804497729166	-1.9500732421875	-41.23687744140625	3.3294677734375	-1.0	
1504197505158	2804517870767	-1.2298583984375	-42.97637939453125	3.31878662109375	-1.0	
1504197505172	2804538012369	-0.81787109375	-41.14227294921875	2.52685546875	-1.0	
1504197505195	2804558153970	-1.55029296875	-40.948486328125	2.68402099609375	-1.0	
1504197505211	2804578295572	-0.885009765625	-42.76275634765625	1.74560546875	-1.0	
1504197505235	2804598437174	-1.85394287109375	-42.6666259765625	3.30657958984375	-1.0	
1504197505248	2804618578775	-0.9521484375	-41.83197021484375	3.68499755859375	-1.0	
1504197505276	2804638720377	-1.7486572265625	-41.5374755859375	2.98309326171875	-1.0	
1504197505288	2804658861978	-2.64892578125	-41.23687744140625	2.98309326171875	-1.0	
1504197505316	2804679003580	-1.59149169921875	-41.58935546875	3.61175537109375	-1.0	
1504197505328	2804699145181	-2.47344970703125	-41.9677734375	2.3284912109375	-1.0	
1504197505354	2804719286783	-1.13525390625	-41.23687744140625	2.7435302734375	-1.0	
1504197505369	2804739428385	-1.9439697265625	-42.03948974609375	2.7374267578125	-1.0	
1504197505394	2804759569986	-2.728271484375	-42.43011474609375	2.07977294921875	-1.0	
1504197505407	2804779711588	-2.6153564453125	-42.120361328125	2.40631103515625	-1.0	
1504197505436	2804799853189	-1.47247314453125	-41.94793701171875	3.5675048828125	-1.0	
1504197505447	2804819994791	-1.44195556640625	-42.0379638671875	2.16064453125	-1.0	
1504197505474	2804840136392	-1.2298583984375	-42.4713134765625	2.1331787109375	-1.0	
1504197505487	2804860277994	-1.64947509765625	-41.05682373046875	3.1951904296875	-1.0	
1504197505513	2804880419595	-1.0101318359375	-41.0308837890625	3.04412841796875	-1.0	
1504197505527	2804900561197	-1.33514404296875	-42.0623779296875	2.80303955078125	-1.0	
1504197505553	2804920702799	-1.8829345703125	-41.94183349609375	3.16925048828125	-1.0	
1504197505565	2804940844400	-2.13165283203125	-42.80548095703125	2.81829833984375	-1.0	
1504197505593	2804960986002	-2.294921875	-41.2384033203125	3.3233642578125	-1.0	
1504197505618	2804981127603	-2.9815673828125	-41.93878173828125	2.62451171875	-1.0	
1504197505633	2805001269205	-2.60162353515625	-41.86248779296875	1.70135498046875	-1.0	
1504197505658	2805021410806	-1.69677734375	-42.75360107421875	2.496337890625	-1.0	
1504197505671	2805041552408	-0.81329345703125	-41.8701171875	3.1158447265625	-1.0	
1504197505701	2805061694010	-2.6702880859375	-41.571044921875	3.41796875	-1.0	
1504197505711	2805081835611	-1.41448974609375	-40.00244140625	2.813720703125	-1.0	
1504197505738	2805101977213	-2.6214599609375	-42.2119140625	2.25677490234375	-1.0	
1504197505751	2805122118814	-2.59246826171875	-42.36297607421875	3.4881591796875	-1.0	
1504197505777	2805142260416	-1.9439697265625	-42.083740234375	2.84881591796875	-1.0	
1504197505791	2805162402017	-1.678466796875	-41.50238037109375	3.7872314453125	-1.0	
1504197505818	2805182543619	-3.00140380859375	-42.20123291015625	2.90069580078125	-1.0	
1504197505830	2805202685220	-2.191162109375	-43.00079345703125	2.90374755859375	-1.0	
1504197505857	2805222826822	-2.0965576171875	-43.05267333984375	2.45208740234375	-1.0	
1504197505870	2805242968424	-2.61688232421875	-42.462158203125	2.6763916015625	-1.0	
1504197505897	2805263110025	-2.00347900390625	-42.11883544921875	3.26690673828125	-1.0	
1504197505909	2805283251627	-2.825927734375	-41.766357421875	3.44390869140625	-1.0	
1504197505936	2805303393228	-2.95867919921875	-41.89910888671875	3.1097412109375	-1.0	
1504197505950	2805323534830	-1.910400390625	-42.43621826171875	2.47344970703125	-1.0	
1504197505976	2805343676431	-1.18408203125	-40.9393310546875	3.23333740234375	-1.0	
1504197505988	2805363818033	-1.59149169921875	-39.86663818359375	2.642822265625	-1.0	
1504197506015	2805383959635	-1.89666748046875	-42.64678955078125	2.32696533203125	-1.0	
1504197506028	2805404101236	-1.95465087890625	-41.2567138671875	1.629638671875	-1.0	
1504197506057	2805424242838	-1.66473388671875	-42.3858642578125	2.5482177734375	-1.0	
1504197506081	2805444384439	-1.6143798828125	-41.2750244140625	3.3172607421875	-1.0	
1504197506094	2805464526041	-1.116943359375	-41.51611328125	3.5400390625	-1.0	
1504197506121	2805484667642	-2.93426513671875	-42.61322021484375	3.3233642578125	-1.0	
1504197506134	2805504809244	-2.29644775390625	-42.2943115234375	3.3233642578125	-1.0	
1504197506161	2805524950845	-0.531005859375	-40.7196044921875	3.533935546875	-1.0	
1504197506174	2805545092447	-2.83355712890625	-42.12646484375	2.69775390625	-1.0	
1504197506200	2805565234049	-1.8707275390625	-41.94183349609375	3.3233642578125	-1.0	
1504197506214	2805585375650	-1.59149169921875	-41.16363525390625	3.3233642578125	-1.0	
1504197506240	2805605517252	-0.823974609375	-41.15447998046875	2.813720703125	-1.0	
1504197506253	2805625658853	-1.56097412109375	-42.8131103515625	2.813720703125	-1.0	
1504197506281	2805645800455	-0.9368896484375	-40.92254638671875	3.17840576171875	-1.0	
1504197506293	2805665942056	-1.715087890625	-41.81976318359375	1.79443359375	-1.0	
1504197506320	2805686083658	-0.77667236328125	-42.05322265625	2.2430419921875	-1.0	
1504197506332	2805706225260	0.23193359375	-41.46270751953125	2.21405029296875	-1.0	
1504197506358	2805726366861	0.34942626953125	-42.48199462890625	1.8402099609375	-1.0	
1504197506373	2805746508463	1.702880859375	-42.52777099609375	1.45416259765625	-1.0	
1504197506399	2805766650064	2.43682861328125	-42.1142578125	-0.07476806640625	-1.0	
1504197506426	2805786791666	4.80194091796875	-42.59796142578125	-0.738525390625	-1.0	
1504197506439	2805806933267	8.099365234375	-41.5771484375	0.2471923828125	-1.0	
1504197506464	2805827074869	11.5447998046875	-41.09039306640625	-0.4547119140625	-1.0	
1504197506478	2805847216470	13.95263671875	-39.727783203125	-2.05230712890625	-1.0	
1504197506504	2805867358072	18.10302734375	-37.896728515625	-3.13720703125	-1.0	
1504197506517	2805887499674	21.45233154296875	-35.23712158203125	-4.36553955078125	-1.0	
1504197506544	2805907641275	26.1688232421875	-34.2132568359375	-7.89947509765625	-1.0	
1504197506557	2805927782877	27.1759033203125	-32.91778564453125	-9.423828125	-1.0	
1504197506584	2805947924478	29.97589111328125	-28.62091064453125	-9.29718017578125	-1.0	
1504197506597	2805968066080	32.66754150390625	-25.390625	-13.6962890625	-1.0	
1504197506623	2805988207681	36.16943359375	-19.91119384765625	-15.9393310546875	-1.0	
1504197506637	2806008349283	38.3544921875	-13.9923095703125	-20.477294921875	-1.0	
1504197506663	2806028490885	38.20037841796875	-7.27691650390625	-24.627685546875	-1.0	
1504197506676	2806048632486	36.93695068359375	-0.6439208984375	-27.642822265625	-1.0	
1504197506703	2806068774088	35.7269287109375	4.33807373046875	-30.00946044921875	-1.0	
1504197506716	2806088915689	33.7554931640625	10.7421875	-32.31048583984375	-1.0	
1504197506743	2806109057291	30.87005615234375	15.21148681640625	-33.935546875	-1.0	
1504197506758	2806129198892	28.41949462890625	17.68951416015625	-36.09161376953125	-1.0	
1504197506783	2806149340494	27.49176025390625	19.16656494140625	-36.810302734375	-1.0	
1504197506809	2806169482095	22.5555419921875	20.7122802734375	-38.05389404296875	-1.0	
1504197506822	2806189623697	20.4559326171875	21.65985107421875	-39.47296142578125	-1.0	
1504197506849	2806209765299	17.4072265625	22.67913818359375	-40.5120849609375	-1.0	
1504197506862	2806229906900	14.910888671875	22.0245361328125	-41.8792724609375	-1.0	
1504197506887	2806250048502	12.5091552734375	20.13702392578125	-42.98095703125	-1.0	
1504197506902	2806270190103	11.38763427734375	18.77288818359375	-43.408203125	-1.0	
1504197506927	2806290331705	7.55462646484375	14.544677734375	-45.4376220703125	-1.0	
1504197506940	2806310473306	5.6884765625	12.44049072265625	-44.9310302734375	-1.0	
1504197506967	2806330614908	5.5755615234375	9.59014892578125	-45.513916015625	-1.0	
1504197506980	2806350756510	5.0628662109375	9.0789794921875	-45.26824951171875	-1.0	
1504197507007	2806370898111	6.88323974609375	6.89697265625	-45.4376220703125	-1.0	
1504197507022	2806391039713	8.26416015625	7.53936767578125	-45.1446533203125	-1.0	
1504197507046	2806411181314	6.73065185546875	6.15997314453125	-44.3634033203125	-1.0	
1504197507061	2806431322916	5.97381591796875	4.75921630859375	-43.73779296875	-1.0	
1504197507086	2806451464517	6.94580078125	3.240966796875	-44.59075927734375	-1.0	
1504197507099	2806471606119	7.1624755859375	2.38189697265625	-43.243408203125	-1.0	
1504197507126	2806491747720	7.17926025390625	0.6134033203125	-43.9056396484375	-1.0	
1504197507152	2806511889322	7.86285400390625	0.616455078125	-43.878173828125	-1.0	
1504197507166	2806532030924	7.49053955078125	0.10528564453125	-42.81158447265625	-1.0	
1504197507192	2806552172525	7.35626220703125	0.4364013671875	-43.3990478515625	-1.0	
1504197507205	2806572314127	7.13958740234375	0.65155029296875	-43.3990478515625	-1.0	
1504197507231	2806592455728	4.229736328125	1.84783935546875	-43.7835693359375	-1.0	
1504197507245	2806612597330	3.59344482421875	2.3162841796875	-43.8507080078125	-1.0	
1504197507272	2806632738931	3.8330078125	2.90069580078125	-43.61114501953125	-1.0	
1504197507287	2806652880533	2.2308349609375	3.7384033203125	-42.5018310546875	-1.0	
1504197507310	2806673022135	2.76947021484375	2.37579345703125	-42.46368408203125	-1.0	
1504197507325	2806693163736	3.338623046875	4.5318603515625	-43.5302734375	-1.0	
1504197507351	2806713305338	2.91748046875	4.18853759765625	-43.28460693359375	-1.0	
1504197507363	2806733446939	2.47650146484375	5.02166748046875	-43.56842041015625	-1.0	
1504197507390	2806753588541	3.2989501953125	5.58013916015625	-42.425537109375	-1.0	
1504197507403	2806773730142	3.2989501953125	6.256103515625	-42.2088623046875	-1.0	
1504197507430	2806793871744	2.5360107421875	4.730224609375	-43.42498779296875	-1.0	
1504197507443	2806814013345	2.94647216796875	4.54864501953125	-41.619873046875	-1.0	
1504197507469	2806834154947	2.45361328125	5.7281494140625	-43.55926513671875	-1.0	
1504197507496	2806854296549	2.23846435546875	6.25762939453125	-43.56536865234375	-1.0	
1504197507509	2806874438150	1.8157958984375	7.2418212890625	-42.8192138671875	-1.0	
1504197507536	2806894579752	1.23291015625	8.0902099609375	-43.51806640625	-1.0	
1504197507552	2806914721353	2.2705078125	9.87396240234375	-42.32025146484375	-1.0	
1504197507575	2806934862955	3.57208251953125	10.06317138671875	-42.7032470703125	-1.0	
1504197507589	2806955004556	3.96728515625	12.36572265625	-43.36090087890625	-1.0	
1504197507615	2806975146158	4.534912109375	13.48724365234375	-41.69921875	-1.0	
1504197507627	2806995287760	3.7933349609375	13.73291015625	-42.6483154296875	-1.0	
1504197507654	2807015429361	5.82427978515625	15.5609130859375	-41.1346435546875	-1.0	
1504197507668	2807035570963	6.48040771484375	15.9576416015625	-41.27197265625	-1.0	
1504197507694	2807055712564	7.5775146484375	15.77911376953125	-41.4337158203125	-1.0	
1504197507707	2807075854166	8.3038330078125	16.34979248046875	-41.1895751953125	-1.0	
1504197507733	2807095995767	10.2935791015625	16.06597900390625	-40.5670166015625	-1.0	
1504197507747	2807116137369	9.41314697265625	16.0125732421875	-39.6484375	-1.0	
1504197507773	2807136278970	11.27166748046875	15.91796875	-40.51055908203125	-1.0	
1504197507786	2807156420572	10.08148193359375	14.82696533203125	-40.8233642578125	-1.0	
1504197507815	2807176562174	9.552001953125	14.72625732421875	-39.58282470703125	-1.0	
1504197507826	2807196703775	9.649658203125	13.66424560546875	-39.48974609375	-1.0	
1504197507854	2807216845377	11.4166259765625	12.2467041015625	-41.52374267578125	-1.0	
1504197507880	2807236986978	11.80877685546875	12.53662109375	-40.84320068359375	-1.0	
1504197507892	2807257128580	13.00048828125	10.467529296875	-40.87066650390625	-1.0	
1504197507919	2807277270181	13.00048828125	9.0606689453125	-39.9688720703125	-1.0	
1504197507932	2807297411783	13.43536376953125	9.356689453125	-38.39874267578125	-1.0	
1504197507959	2807317553385	14.8101806640625	9.45587158203125	-39.07623291015625	-1.0	
1504197507972	2807337694986	14.53399658203125	9.12933349609375	-39.09912109375	-1.0	
1504197507998	2807357836588	11.9384765625	8.68988037109375	-39.599609375	-1.0	
1504197508012	2807377978189	10.59112548828125	8.16192626953125	-40.985107421875	-1.0	
1504197508038	2807398119791	10.70709228515625	8.02001953125	-40.51055908203125	-1.0	
1504197508050	2807418261392	10.845947265625	7.6019287109375	-39.8406982421875	-1.0	
1504197508080	2807438402994	9.991455078125	8.4930419921875	-41.07208251953125	-1.0	
1504197508091	2807458544595	10.3546142578125	8.37249755859375	-40.9027099609375	-1.0	
1504197508118	2807478686197	10.1776123046875	6.915283203125	-41.3970947265625	-1.0	
1504197508130	2807498827799	10.65216064453125	6.3446044921875	-43.1060791015625	-1.0	
1504197508156	2807518969400	10.14862060546875	6.51092529296875	-40.75164794921875	-1.0	
1504197508171	2807539111002	10.21575927734375	6.04095458984375	-41.3360595703125	-1.0	
1504197508196	2807559252603	9.51690673828125	4.67987060546875	-41.35894775390625	-1.0	
1504197508224	2807579394205	11.2274169921875	3.61175537109375	-42.03033447265625	-1.0	
1504197508237	2807599535806	9.38720703125	3.61175537109375	-40.80810546875	-1.0	
1504197508262	2807619677408	8.42437744140625	3.57513427734375	-40.37322998046875	-1.0	
1504197508277	2807639819010	7.74993896484375	3.082275390625	-41.65802001953125	-1.0	
1504197508302	2807659960611	9.3597412109375	2.5787353515625	-40.5303955078125	-1.0	
1504197508315	2807680102213	10.05096435546875	2.1728515625	-40.89813232421875	-1.0	
1504197508344	2807700243814	10.3302001953125	1.28326416015625	-40.76080322265625	-1.0	
1504197508357	2807720385416	11.614990234375	2.0233154296875	-40.96527099609375	-1.0	
1504197508383	2807740527017	10.94970703125	0.103759765625	-41.168212890625	-1.0	
1504197508399	2807760668619	10.69793701171875	1.59759521484375	-41.119384765625	-1.0	
1504197508421	2807780810220	9.59930419921875	0.85601806640625	-39.46075439453125	-1.0	
1504197508436	2807800951822	10.93597412109375	1.74713134765625	-40.0054931640625	-1.0	
1504197508448	2807821093424	10.003662109375	1.31988525390625	-40.484619140625	-1.0	
1504197508474	2807841235025	10.4827880859375	1.1566162109375	-40.81878662109375	-1.0	
1504197508488	2807861376627	11.0595703125	0.63934326171875	-40.24810791015625	-1.0	
1504197508514	2807881518228	11.3067626953125	1.49993896484375	-40.5975341796875	-1.0	
1504197508533	2807901659830	11.41204833984375	2.35595703125	-41.7236328125	-1.0	
1504197508556	2807921801431	10.8734130859375	2.5238037109375	-40.99273681640625	-1.0	
1504197508580	2807941943033	8.9599609375	4.132080078125	-40.51666259765625	-1.0	
1504197508594	2807962084635	11.03057861328125	4.2236328125	-40.61126708984375	-1.0	
1504197508620	2807982226236	9.71221923828125	4.9346923828125	-40.64483642578125	-1.0	
1504197508632	2808002367838	11.06414794921875	6.1859130859375	-41.04156494140625	-1.0	
1504197508660	2808022509439	10.5499267578125	6.610107421875	-41.387939453125	-1.0	
1504197508672	2808042651041	11.76605224609375	6.610107421875	-40.51055908203125	-1.0	
1504197508700	2808062792642	11.8682861328125	7.42645263671875	-40.87982177734375	-1.0	
1504197508712	2808082934244	11.71875	7.89794921875	-40.71502685546875	-1.0	
1504197508739	2808103075845	11.651611328125	7.2021484375	-40.77301025390625	-1.0	
1504197508753	2808123217447	11.44256591796875	7.275390625	-41.02783203125	-1.0	
1504197508778	2808143359049	11.4776611328125	7.733154296875	-40.79742431640625	-1.0	
1504197508791	2808163500650	12.6007080078125	7.9345703125	-40.765380859375	-1.0	
1504197508817	2808183642252	12.1185302734375	9.5062255859375	-39.96734619140625	-1.0	
1504197508831	2808203783853	11.456298828125	9.8052978515625	-40.80657958984375	-1.0	
1504197508859	2808223925455	11.58905029296875	11.370849609375	-41.1590576171875	-1.0	
1504197508884	2808244067056	11.9415283203125	11.370849609375	-40.679931640625	-1.0	
1504197508897	2808264208658	11.08856201171875	11.8438720703125	-39.4927978515625	-1.0	
1504197508924	2808284350260	11.04583740234375	14.00146484375	-41.49322509765625	-1.0	
1504197508937	2808304491861	11.2030029296875	13.73291015625	-40.91644287109375	-1.0	
1504197508964	2808324633463	10.0067138671875	13.5589599609375	-40.2099609375	-1.0	
1504197508976	2808344775064	8.7066650390625	14.01519775390625	-41.07208251953125	-1.0	
1504197509002	2808364916666	8.7615966796875	14.11590576171875	-41.69464111328125	-1.0	
1504197509017	2808385058267	6.2408447265625	13.134765625	-41.02020263671875	-1.0	
1504197509042	2808405199869	5.53131103515625	13.006591796875	-41.5740966796875	-1.0	
1504197509055	2808425341470	2.9052734375	13.41705322265625	-42.79022216796875	-1.0	
1504197509082	2808445483072	2.2979736328125	12.07733154296875	-43.05572509765625	-1.0	
1504197509095	2808465624674	2.06451416015625	12.07733154296875	-42.3797607421875	-1.0	
1504197509123	2808485766275	2.20489501953125	11.4410400390625	-41.56341552734375	-1.0	
1504197509138	2808505907877	1.5594482421875	9.23919677734375	-41.86859130859375	-1.0	
1504197509162	2808526049478	3.2379150390625	8.80889892578125	-42.56591796875	-1.0	
1504197509188	2808546191080	2.94647216796875	8.36944580078125	-42.21038818359375	-1.0	
1504197509201	2808566332681	3.1097412109375	8.04443359375	-42.86346435546875	-1.0	
1504197509228	2808586474283	4.29534912109375	6.671142578125	-42.1966552734375	-1.0	
1504197509240	2808606615885	2.62451171875	7.91473388671875	-42.44842529296875	-1.0	
1504197509267	2808626757486	3.155517578125	6.39801025390625	-42.75054931640625	-1.0	
1504197509282	2808646899088	2.593994140625	7.66754150390625	-43.11676025390625	-1.0	
1504197509307	2808667040689	1.53656005859375	7.3150634765625	-40.84930419921875	-1.0	
1504197509319	2808687182291	1.92413330078125	7.183837890625	-41.973876953125	-1.0	
1504197509347	2808707323892	3.21502685546875	5.25665283203125	-43.66912841796875	-1.0	
1504197509360	2808727465494	2.6641845703125	5.0567626953125	-42.82073974609375	-1.0	
1504197509387	2808747607095	3.06549072265625	5.43365478515625	-43.3380126953125	-1.0	
1504197509402	2808767748697	2.93426513671875	6.3629150390625	-42.64984130859375	-1.0	
1504197509425	2808787890299	1.64337158203125	6.35833740234375	-42.8558349609375	-1.0	
1504197509440	2808808031900	2.264404296875	5.19866943359375	-42.61474609375	-1.0	
1504197509465	2808828173502	1.3702392578125	5.90362548828125	-43.2281494140625	-1.0	
1504197509478	2808848315103	1.7120361328125	5.3741455078125	-42.3797607421875	-1.0	
1504197509505	2808868456705	1.87530517578125	4.78668212890625	-43.60198974609375	-1.0	
1504197509531	2808888598306	1.6876220703125	4.20074462890625	-43.94073486328125	-1.0	
1504197509545	2808908739908	1.87835693359375	6.13861083984375	-43.341064453125	-1.0	
1504197509571	2808928881510	3.66058349609375	5.3924560546875	-42.77191162109375	-1.0	
1504197509585	2808949023111	2.349853515625	5.877685546875	-42.70172119140625	-1.0	
1504197509611	2808969164713	2.4078369140625	5.41229248046875	-43.25103759765625	-1.0	
1504197509624	2808989306314	3.4759521484375	5.6365966796875	-42.5140380859375	-1.0	
1504197509652	2809009447916	3.91387939453125	5.16815185546875	-41.3848876953125	-1.0	
1504197509666	2809029589517	5.47943115234375	5.5023193359375	-43.30291748046875	-1.0	
1504197509690	2809049731119	5.377197265625	3.8177490234375	-41.49017333984375	-1.0	
1504197509704	2809069872720	6.0699462890625	5.2947998046875	-43.1243896484375	-1.0	
1504197509730	2809090014322	6.65130615234375	5.02166748046875	-43.3990478515625	-1.0	
1504197509742	2809110155924	7.6934814453125	5.02166748046875	-43.3990478515625	-1.0	
1504197509770	2809130297525	6.6986083984375	4.986572265625	-41.73736572265625	-1.0	
1504197509783	2809150439127	7.08465576171875	5.61676025390625	-41.619873046875	-1.0	
1504197509810	2809170580728	9.12017822265625	5.4229736328125	-43.011474609375	-1.0	
1504197509823	2809190722330	9.12017822265625	6.7138671875	-41.22314453125	-1.0	
1504197509848	2809210863931	9.649658203125	5.64117431640625	-41.888427734375	-1.0	
1504197509863	2809231005533	9.06219482421875	7.48748779296875	-41.47186279296875	-1.0	
1504197509888	2809251147135	10.00213623046875	6.15692138671875	-40.2862548828125	-1.0	
1504197509901	2809271288736	10.15167236328125	7.464599609375	-41.8243408203125	-1.0	
1504197509930	2809291430338	9.7137451171875	7.29217529296875	-40.99884033203125	-1.0	
1504197509941	2809311571939	9.82513427734375	7.84454345703125	-40.679931640625	-1.0	
1504197509968	2809331713541	9.429931640625	7.59124755859375	-41.3909912109375	-1.0	
1504197509981	2809351855142	10.21270751953125	8.5845947265625	-41.1895751953125	-1.0	
1504197510007	2809371996744	8.85009765625	8.172607421875	-42.31109619140625	-1.0	
1504197510021	2809392138345	7.806396484375	8.20465087890625	-41.75872802734375	-1.0	
1504197510047	2809412279947	8.4136962890625	6.9732666015625	-40.81268310546875	-1.0	
1504197510060	2809432421549	8.24127197265625	10.06622314453125	-41.192626953125	-1.0	
1504197510087	2809452563150	7.63092041015625	8.4716796875	-42.4652099609375	-1.0	
1504197510113	2809472704752	7.1929931640625	9.771728515625	-41.1773681640625	-1.0	
1504197510127	2809492846353	8.67462158203125	8.27178955078125	-40.97900390625	-1.0	
1504197510153	2809512987955	7.8857421875	8.37249755859375	-40.84930419921875	-1.0	
1504197510166	2809533129556	7.20062255859375	8.86077880859375	-41.31927490234375	-1.0	
1504197510195	2809553271158	7.11212158203125	9.28955078125	-42.120361328125	-1.0	
1504197510206	2809573412760	8.074951171875	9.68017578125	-42.73223876953125	-1.0	
1504197510234	2809593554361	6.62994384765625	8.7432861328125	-42.498779296875	-1.0	
1504197510246	2809613695963	9.14306640625	7.818603515625	-42.03948974609375	-1.0	
1504197510271	2809633837564	7.4920654296875	6.52313232421875	-41.40167236328125	-1.0	
1504197510286	2809653979166	7.73162841796875	7.5927734375	-41.26129150390625	-1.0	
1504197510311	2809674120767	9.92584228515625	7.05413818359375	-41.2078857421875	-1.0	
1504197510324	2809694262369	8.1146240234375	6.84661865234375	-42.8955078125	-1.0	
1504197510351	2809714403970	7.8277587890625	7.4371337890625	-40.49835205078125	-1.0	
1504197510364	2809734545572	6.8267822265625	8.72650146484375	-41.1895751953125	-1.0	
1504197510392	2809754687174	8.30535888671875	7.17010498046875	-41.7724609375	-1.0	
1504197510405	2809774828775	6.13250732421875	8.29010009765625	-42.2882080078125	-1.0	
1504197510431	2809794970377	7.2662353515625	9.0789794921875	-42.46368408203125	-1.0	
1504197510445	2809815118842	6.5887451171875	8.404541015625	-42.33856201171875	-1.0	
1504197510470	2809835260444	7.92388916015625	7.21588134765625	-42.3980712890625	-1.0	
1504197510483	2809855402045	7.403564453125	7.38067626953125	-42.21343994140625	-1.0	
1504197510510	2809875543647	7.24639892578125	6.6497802734375	-43.60809326171875	-1.0	
1504197510524	2809895685249	7.4371337890625	6.12030029296875	-43.65692138671875	-1.0	
1504197510550	2809915826850	8.88671875	5.48858642578125	-43.61724853515625	-1.0	
1504197510563	2809935968452	8.51593017578125	5.02166748046875	-42.718505859375	-1.0	
1504197510589	2809956110053	8.673095703125	5.02166748046875	-42.8436279296875	-1.0	
1504197510604	2809976251655	8.3404541015625	5.79986572265625	-43.8079833984375	-1.0	
1504197510629	2809996393256	9.26055908203125	5.657958984375	-42.2393798828125	-1.0	
1504197510642	2810016534858	8.98590087890625	5.50689697265625	-42.9840087890625	-1.0	
1504197510669	2810036676459	9.60693359375	5.11932373046875	-43.035888671875	-1.0	
1504197510682	2810056818061	10.32867431640625	4.8492431640625	-41.87774658203125	-1.0	
1504197510708	2810076959663	10.63385009765625	4.4036865234375	-42.63458251953125	-1.0	
1504197510734	2810097101264	11.24267578125	3.009033203125	-43.02520751953125	-1.0	
1504197510747	2810117242866	11.51275634765625	4.84619140625	-42.498779296875	-1.0	
1504197510774	2810137384467	12.65716552734375	4.68597412109375	-43.65081787109375	-1.0	
1504197510787	2810157526069	9.649658203125	4.84619140625	-42.889404296875	-1.0	
1504197510815	2810177667670	12.1978759765625	3.82080078125	-43.20526123046875	-1.0	
1504197510827	2810197809272	14.01824951171875	2.3468017578125	-42.44384765625	-1.0	
1504197510853	2810217950874	14.410400390625	2.0843505859375	-41.43524169921875	-1.0	
1504197510867	2810238092475	15.07720947265625	1.971435546875	-41.571044921875	-1.0	
1504197510893	2810258234077	17.00439453125	1.87225341796875	-41.7724609375	-1.0	
1504197510906	2810278375678	18.499755859375	1.35040283203125	-40.54107666015625	-1.0	
1504197510933	2810298517280	19.47174072265625	1.84783935546875	-40.20538330078125	-1.0	
1504197510946	2810318658881	20.3216552734375	0.2960205078125	-39.91851806640625	-1.0	
1504197510973	2810338800483	20.93658447265625	2.08740234375	-40.51055908203125	-1.0	
1504197510988	2810358942084	22.09625244140625	1.5045166015625	-39.71099853515625	-1.0	
1504197511011	2810379083686	21.173095703125	1.82647705078125	-39.82086181640625	-1.0	
1504197511038	2810399225288	20.40863037109375	1.141357421875	-39.99786376953125	-1.0	
1504197511052	2810419366889	22.2412109375	1.141357421875	-39.34173583984375	-1.0	
1504197511079	2810439508491	22.09320068359375	1.4617919921875	-39.62860107421875	-1.0	
1504197511091	2810459650092	21.7742919921875	0.75531005859375	-38.54522705078125	-1.0	
1504197511117	2810479791694	22.8973388671875	0.5462646484375	-40.4876708984375	-1.0	
1504197511132	2810499933295	22.2808837890625	-0.61187744140625	-40.11688232421875	-1.0	
1504197511157	2810520074897	22.1923828125	-0.5126953125	-40.106201171875	-1.0	
1504197511170	2810540216499	21.53472900390625	-1.05133056640625	-39.58587646484375	-1.0	
1504197511197	2810560358100	20.53680419921875	-0.75531005859375	-39.8712158203125	-1.0	
1504197511210	2810580499702	21.466064453125	-0.62103271484375	-40.00091552734375	-1.0	
1504197511237	2810600641303	21.59881591796875	-0.35552978515625	-39.66064453125	-1.0	
1504197511252	2810620782905	20.66802978515625	-2.069091796875	-40.6585693359375	-1.0	
1504197511276	2810640924506	20.66802978515625	-2.032470703125	-40.252685546875	-1.0	
1504197511291	2810661066108	22.3846435546875	-3.94287109375	-39.45159912109375	-1.0	
1504197511316	2810681207709	21.56524658203125	-3.29742431640625	-38.88397216796875	-1.0	
1504197511329	2810701349311	20.4437255859375	-5.15899658203125	-39.96429443359375	-1.0	
1504197511356	2810721490913	21.55609130859375	-5.11627197265625	-40.43121337890625	-1.0	
1504197511382	2810741632514	21.66748046875	-6.768798828125	-39.48974609375	-1.0	
1504197511396	2810761774116	22.79815673828125	-5.63812255859375	-40.3411865234375	-1.0	
1504197511422	2810781915717	21.112060546875	-4.14886474609375	-42.3797607421875	-1.0	
1504197511434	2810802057319	21.22039794921875	-4.91180419921875	-42.0623779296875	-1.0	
1504197511461	2810822198920	20.87554931640625	-5.1300048828125	-41.34674072265625	-1.0	
1504197511475	2810842340522	20.0042724609375	-4.6783447265625	-42.07305908203125	-1.0	
1504197511502	2810862482124	20.806884765625	-5.51300048828125	-42.724609375	-1.0	
1504197511517	2810882623725	21.11663818359375	-5.72662353515625	-42.1112060546875	-1.0	
1504197511540	2810902765327	20.98388671875	-6.427001953125	-41.72821044921875	-1.0	
1504197511555	2810922906928	21.96197509765625	-6.75811767578125	-41.0858154296875	-1.0	
1504197511581	2810943048530	21.0540771484375	-7.97119140625	-41.64276123046875	-1.0	
1504197511593	2810963190131	21.59271240234375	-7.80487060546875	-42.4560546875	-1.0	
1504197511621	2810983331733	21.00830078125	-7.43408203125	-41.39404296875	-1.0	
1504197511634	2811003473334	20.5841064453125	-6.79473876953125	-41.1895751953125	-1.0	
1504197511661	2811023614936	21.0662841796875	-6.60400390625	-41.86859130859375	-1.0	
1504197511673	2811043756538	22.16339111328125	-7.66754150390625	-42.70782470703125	-1.0	
1504197511699	2811063898139	21.81854248046875	-6.99920654296875	-42.2027587890625	-1.0	
1504197511726	2811084039741	21.685791015625	-7.50885009765625	-41.89453125	-1.0	
1504197511739	2811104181342	22.625732421875	-7.574462890625	-42.08221435546875	-1.0	
1504197511766	2811124322944	23.24676513671875	-7.85369873046875	-41.15142822265625	-1.0	
1504197511782	2811144464545	22.3846435546875	-7.46307373046875	-42.31719970703125	-1.0	
1504197511805	2811164606147	23.27423095703125	-6.51092529296875	-41.2567138671875	-1.0	
1504197511819	2811184747749	22.686767578125	-6.8084716796875	-42.498779296875	-1.0	
1504197511845	2811204889350	21.9940185546875	-8.2061767578125	-41.1895751953125	-1.0	
1504197511858	2811225030952	22.39837646484375	-7.53173828125	-42.35992431640625	-1.0	
1504197511885	2811245172553	22.222900390625	-7.7301025390625	-41.71142578125	-1.0	
1504197511898	2811265314155	21.32415771484375	-7.122802734375	-42.40875244140625	-1.0	
1504197511925	2811285455756	22.04437255859375	-6.77032470703125	-42.47589111328125	-1.0	
1504197511938	2811305597358	22.7569580078125	-6.73675537109375	-42.34161376953125	-1.0	
1504197511963	2811325738959	21.13800048828125	-6.23931884765625	-41.845703125	-1.0	
1504197511978	2811345880561	21.43707275390625	-5.84869384765625	-41.73431396484375	-1.0	
1504197512004	2811366022163	21.39739990234375	-8.221435546875	-42.48199462890625	-1.0	
1504197512016	2811386163764	21.30889892578125	-7.1990966796875	-42.3980712890625	-1.0	
1504197512046	2811406305366	20.8587646484375	-6.08062744140625	-40.62957763671875	-1.0	
1504197512057	2811426446967	21.18377685546875	-8.03070068359375	-41.25823974609375	-1.0	
1504197512085	2811446588569	21.69342041015625	-6.57958984375	-41.6351318359375	-1.0	
1504197512096	2811466730170	21.8841552734375	-8.25958251953125	-40.6890869140625	-1.0	
1504197512122	2811486871772	21.9329833984375	-8.0596923828125	-41.37115478515625	-1.0	
1504197512137	2811507013374	21.83380126953125	-7.635498046875	-41.54510498046875	-1.0	
1504197512162	2811527154975	21.5911865234375	-7.8948974609375	-42.06695556640625	-1.0	
1504197512175	2811547296577	20.42694091796875	-7.476806640625	-42.17987060546875	-1.0	
1504197512202	2811567438178	21.11053466796875	-8.026123046875	-41.38946533203125	-1.0	
1504197512215	2811587579780	21.00677490234375	-6.48956298828125	-42.0623779296875	-1.0	
1504197512243	2811607721381	21.26312255859375	-6.88323974609375	-41.68243408203125	-1.0	
1504197512268	2811627862983	20.1263427734375	-7.67669677734375	-41.937255859375	-1.0	
1504197512283	2811648004584	20.33843994140625	-7.464599609375	-41.52679443359375	-1.0	
1504197512310	2811668146186	22.10693359375	-6.43157958984375	-42.0440673828125	-1.0	
1504197512321	2811688287788	21.978759765625	-6.00433349609375	-42.059326171875	-1.0	
1504197512349	2811708429389	21.05255126953125	-6.92901611328125	-41.7236328125	-1.0	
1504197512361	2811728570991	21.39434814453125	-6.76116943359375	-41.32537841796875	-1.0	
1504197512386	2811748712592	20.3277587890625	-7.47528076171875	-41.79229736328125	-1.0	
1504197512401	2811768854194	20.7244873046875	-6.7596435546875	-41.8701171875	-1.0	
1504197512427	2811788995795	21.4385986328125	-7.31353759765625	-41.83197021484375	-1.0	
1504197512439	2811809137397	21.00677490234375	-6.79931640625	-42.10357666015625	-1.0	
1504197512467	2811829278999	21.9818115234375	-6.17828369140625	-42.01812744140625	-1.0	
1504197512492	2811849420600	22.40753173828125	-6.0943603515625	-41.77093505859375	-1.0	
1504197512507	2811869562202	21.44927978515625	-6.89239501953125	-41.326904296875	-1.0	
1504197512535	2811889703803	21.36993408203125	-7.85675048828125	-40.74554443359375	-1.0	
1504197512546	2811909845405	22.15118408203125	-7.2174072265625	-41.534423828125	-1.0	
1504197512574	2811929987006	21.54083251953125	-7.330322265625	-41.58172607421875	-1.0	
1504197512585	2811950128608	20.61767578125	-6.58721923828125	-41.10107421875	-1.0	
1504197512613	2811970270209	21.88568115234375	-6.634521484375	-40.94085693359375	-1.0	
1504197512625	2811990411811	22.16949462890625	-7.40966796875	-41.47796630859375	-1.0	
1504197512651	2812010553413	21.7132568359375	-7.50885009765625	-41.77398681640625	-1.0	
1504197512665	2812030695014	21.9879150390625	-6.66046142578125	-42.01812744140625	-1.0	
1504197512691	2812050836616	21.36077880859375	-7.85369873046875	-41.08734130859375	-1.0	
1504197512704	2812070978217	21.91314697265625	-7.11669921875	-41.08734130859375	-1.0	
1504197512731	2812091119819	20.47882080078125	-5.2520751953125	-41.9281005859375	-1.0	
1504197512744	2812111261420	20.38421630859375	-5.95245361328125	-41.14990234375	-1.0	
1504197512771	2812131403022	22.369384765625	-7.14874267578125	-41.78619384765625	-1.0	
1504197512784	2812151544624	20.09429931640625	-6.59027099609375	-42.266845703125	-1.0	
1504197512810	2812171686225	21.173095703125	-7.33489990234375	-42.5872802734375	-1.0	
1504197512824	2812191827827	21.67205810546875	-7.77130126953125	-41.32537841796875	-1.0	
1504197512850	2812211969428	21.02813720703125	-7.1380615234375	-41.10870361328125	-1.0	
1504197512862	2812232111030	20.8648681640625	-6.51397705078125	-41.85791015625	-1.0	
1504197512890	2812252252631	20.85418701171875	-7.6416015625	-40.9637451171875	-1.0	
1504197512903	2812272394233	21.5362548828125	-6.6192626953125	-42.27752685546875	-1.0	
1504197512930	2812292535834	20.5291748046875	-6.292724609375	-41.571044921875	-1.0	
1504197512943	2812312677436	21.514892578125	-6.7291259765625	-41.363525390625	-1.0	
1504197512968	2812332819038	21.4599609375	-6.95953369140625	-40.1885986328125	-1.0	
1504197512983	2812352960639	21.978759765625	-6.219482421875	-41.61834716796875	-1.0	
1504197513009	2812373102241	20.654296875	-5.48553466796875	-41.76788330078125	-1.0	
1504197513021	2812393243842	20.94879150390625	-6.91986083984375	-41.76788330078125	-1.0	
1504197513048	2812413385444	21.49200439453125	-7.110595703125	-40.84320068359375	-1.0	
1504197513062	2812433527045	22.2686767578125	-6.82525634765625	-41.41693115234375	-1.0	
1504197513089	2812453668647	20.04241943359375	-7.59429931640625	-41.0003662109375	-1.0	
1504197513115	2812473810249	20.831298828125	-6.97174072265625	-42.27752685546875	-1.0	
1504197513127	2812493951850	21.3623046875	-5.804443359375	-40.74249267578125	-1.0	
1504197513155	2812514093452	20.806884765625	-7.379150390625	-41.31011962890625	-1.0	
1504197513167	2812534235053	21.844482421875	-6.4300537109375	-42.3187255859375	-1.0	
1504197513195	2812554376655	21.10595703125	-6.2835693359375	-40.50445556640625	-1.0	
1504197513207	2812574518256	22.03216552734375	-6.3201904296875	-42.5018310546875	-1.0	
1504197513233	2812594659858	20.95947265625	-6.67724609375	-41.3818359375	-1.0	
1504197513247	2812614801459	21.6583251953125	-6.6680908203125	-41.74957275390625	-1.0	
1504197513273	2812634943061	21.64306640625	-6.73675537109375	-41.69921875	-1.0	
1504197513286	2812655084663	20.59326171875	-6.50482177734375	-42.2027587890625	-1.0	
1504197513314	2812675226264	22.21221923828125	-6.2957763671875	-41.47186279296875	-1.0	
1504197513326	2812695367866	21.88873291015625	-6.6192626953125	-42.6177978515625	-1.0	
1504197513354	2812715509467	21.0968017578125	-5.694580078125	-41.339111328125	-1.0	
1504197513367	2812735651069	21.38214111328125	-4.52423095703125	-41.66107177734375	-1.0	
1504197513391	2812755792670	21.6217041015625	-5.877685546875	-42.108154296875	-1.0	
1504197513406	2812775934272	22.37091064453125	-6.16455078125	-42.6971435546875	-1.0	
1504197513432	2812796075874	21.3287353515625	-7.21282958984375	-41.1163330078125	-1.0	
1504197513445	2812816217475	22.49603271484375	-5.50079345703125	-40.87066650390625	-1.0	
1504197513472	2812836359077	21.9390869140625	-6.01806640625	-41.52374267578125	-1.0	
1504197513485	2812856500678	21.1090087890625	-6.243896484375	-41.37725830078125	-1.0	
1504197513511	2812876642280	20.1263427734375	-6.304931640625	-41.61529541015625	-1.0	
1504197513525	2812896783881	22.36785888671875	-6.92901611328125	-41.26739501953125	-1.0	
1504197513550	2812916925483	22.406005859375	-6.30950927734375	-40.618896484375	-1.0	
1504197513564	2812937067084	20.52459716796875	-6.57196044921875	-41.15753173828125	-1.0	
1504197513590	2812957208686	20.30181884765625	-6.30950927734375	-40.87066650390625	-1.0	
1504197513603	2812977350288	20.30181884765625	-7.4066162109375	-41.47491455078125	-1.0	
1504197513632	2812997491889	21.68731689453125	-6.7718505859375	-40.59295654296875	-1.0	
1504197513643	2813017633491	21.8963623046875	-6.2835693359375	-43.61419677734375	-1.0	
1504197513670	2813037775092	21.81396484375	-6.06689453125	-41.064453125	-1.0	
1504197513696	2813057916694	20.79315185546875	-6.23016357421875	-41.4947509765625	-1.0	
1504197513709	2813078058295	21.5362548828125	-7.96356201171875	-41.89300537109375	-1.0	
1504197513736	2813098199897	21.18377685546875	-5.560302734375	-42.42095947265625	-1.0	
1504197513749	2813118341499	21.18377685546875	-5.560302734375	-42.6177978515625	-1.0	
1504197513777	2813138483100	20.245361328125	-6.2652587890625	-41.937255859375	-1.0	
1504197513789	2813158624702	21.18377685546875	-5.841064453125	-43.011474609375	-1.0	
1504197513815	2813178766303	20.03021240234375	-6.4453125	-42.27752685546875	-1.0	
1504197513834	2813198907905	21.39129638671875	-6.16302490234375	-41.558837890625	-1.0	
1504197513855	2813219049506	21.4508056640625	-7.18536376953125	-42.71240234375	-1.0	
1504197513867	2813239191108	20.89080810546875	-6.32781982421875	-41.09344482421875	-1.0	
1504197513897	2813259332709	21.09375	-6.182861328125	-42.535400390625	-1.0	
1504197513908	2813279474311	20.3094482421875	-6.4361572265625	-42.20123291015625	-1.0	
1504197513935	2813299615913	21.41876220703125	-5.8685302734375	-42.4468994140625	-1.0	
1504197513961	2813319757514	20.654296875	-5.7373046875	-41.08734130859375	-1.0	
1504197513973	2813339899116	21.00830078125	-6.09283447265625	-42.1112060546875	-1.0	
1504197514000	2813360040717	21.3775634765625	-6.66656494140625	-41.55120849609375	-1.0	
1504197514014	2813380182319	20.6207275390625	-5.31768798828125	-41.5557861328125	-1.0	
1504197514041	2813400323920	21.6156005859375	-6.5093994140625	-40.887451171875	-1.0	
1504197514054	2813420465522	20.66192626953125	-6.097412109375	-42.4102783203125	-1.0	
1504197514079	2813440607124	21.12579345703125	-5.914306640625	-41.7083740234375	-1.0	
1504197514093	2813460748725	20.3857421875	-6.5826416015625	-41.84722900390625	-1.0	
1504197514119	2813480890327	19.720458984375	-5.682373046875	-41.5802001953125	-1.0	
1504197514131	2813501031928	19.4427490234375	-5.79681396484375	-41.619873046875	-1.0	
1504197514161	2813521173530	20.60089111328125	-6.7901611328125	-42.12493896484375	-1.0	
1504197514172	2813541315131	19.0673828125	-6.6192626953125	-42.6177978515625	-1.0	
1504197514199	2813561456733	18.87054443359375	-6.0211181640625	-42.12493896484375	-1.0	
1504197514212	2813581598334	20.074462890625	-6.4605712890625	-41.69158935546875	-1.0	
1504197514237	2813601739936	20.35369873046875	-5.82733154296875	-42.8375244140625	-1.0	
1504197514253	2813621881538	20.78857421875	-4.2755126953125	-41.75567626953125	-1.0	
1504197514278	2813642023139	20.09124755859375	-4.4921875	-43.16864013671875	-1.0	
1504197514305	2813662164741	19.98748779296875	-5.7769775390625	-42.12646484375	-1.0	
1504197514318	2813682306342	19.976806640625	-4.638671875	-42.230224609375	-1.0	
1504197514343	2813702447944	20.42083740234375	-6.58721923828125	-42.58575439453125	-1.0	
1504197514358	2813722589545	21.209716796875	-4.4342041015625	-41.96319580078125	-1.0	
1504197514384	2813742731147	20.1263427734375	-4.8553466796875	-40.91796875	-1.0	
1504197514396	2813762872749	19.32830810546875	-5.38787841796875	-43.2220458984375	-1.0	
1504197514425	2813783014350	20.55816650390625	-4.96673583984375	-41.9189453125	-1.0	
1504197514437	2813803155952	20.440673828125	-4.47998046875	-43.20220947265625	-1.0	
1504197514463	2813823297553	20.7977294921875	-4.97894287109375	-42.44384765625	-1.0	
1504197514476	2813843439155	20.44677734375	-5.39398193359375	-41.95709228515625	-1.0	
1504197514502	2813863580756	18.98956298828125	-4.88128662109375	-41.7816162109375	-1.0	
1504197514516	2813883722358	19.793701171875	-5.914306640625	-42.39501953125	-1.0	
1504197514542	2813903863959	21.026611328125	-6.02874755859375	-42.00592041015625	-1.0	
1504197514554	2813924005561	20.9197998046875	-5.2764892578125	-41.9036865234375	-1.0	
1504197514582	2813944147163	20.44219970703125	-4.6966552734375	-41.24755859375	-1.0	
1504197514597	2813964288764	20.74432373046875	-4.39453125	-41.7327880859375	-1.0	
1504197514622	2813984430366	20.03936767578125	-4.64019775390625	-41.94183349609375	2.0	
1504197514635	2814004571967	20.03936767578125	-5.00335693359375	-42.657470703125	2.0	
1504197514661	2814024713569	19.7540283203125	-4.67987060546875	-42.4774169921875	2.0	
1504197514684	2814044855170	20.086669921875	-4.34722900390625	-42.2119140625	2.0	
1504197514701	2814064996772	19.62432861328125	-4.217529296875	-42.80548095703125	2.0	
1504197514715	2814085138374	20.42083740234375	-4.498291015625	-42.99163818359375	2.0	
1504197514747	2814105279975	19.24896240234375	-3.9581298828125	-43.24798583984375	2.0	
1504197514757	2814125421577	19.38018798828125	-4.8583984375	-42.85736083984375	2.0	
1504197514784	2814145563178	20.25604248046875	-4.7027587890625	-42.8802490234375	5.0	
1504197514794	2814165704780	19.4183349609375	-4.42352294921875	-42.5506591796875	5.0	
1504197514819	2814185846381	19.7021484375	-4.17327880859375	-42.4835205078125	5.0	
1504197514852	2814205987983	21.270751953125	-4.92401123046875	-43.93768310546875	5.0	
1504197514861	2814226129584	20.9075927734375	-3.466796875	-42.37060546875	5.0	
1504197514886	2814246271186	18.6004638671875	-3.71856689453125	-42.779541015625	5.0	
1504197514899	2814266412788	20.08209228515625	-3.99932861328125	-43.04962158203125	5.0	
1504197514924	2814286554389	19.92034912109375	-4.278564453125	-43.20526123046875	5.0	
1504197514939	2814306695991	21.03729248046875	-4.68902587890625	-41.448974609375	5.0	
1504197514964	2814326837592	20.4376220703125	-4.461669921875	-41.84722900390625	5.0	
1504197514992	2814346979194	21.26312255859375	-4.217529296875	-41.89910888671875	5.0	
1504197515004	2814367120795	19.2596435546875	-4.6966552734375	-40.78216552734375	5.0	
1504197515030	2814387262397	19.53582763671875	-5.25054931640625	-40.58685302734375	5.0	
1504197515046	2814407403999	19.2291259765625	-4.74700927734375	-41.39251708984375	5.0	
1504197515070	2814427545600	19.34814453125	-3.8055419921875	-40.76080322265625	5.0	
1504197515085	2814447687202	20.27130126953125	-4.59747314453125	-40.90728759765625	5.0	
1504197515111	2814467828803	19.1986083984375	-4.97894287109375	-40.2923583984375	5.0	
1504197515122	2814487970405	20.10040283203125	-3.985595703125	-41.45355224609375	5.0	
1504197515149	2814508112006	19.68536376953125	-4.39453125	-40.68145751953125	5.0	
1504197515165	2814528253608	20.18280029296875	-4.64324951171875	-41.5924072265625	5.0	
1504197515188	2814548395209	19.09942626953125	-4.9468994140625	-40.10467529296875	5.0	
1504197515204	2814568536811	19.24591064453125	-5.1025390625	-39.4378662109375	5.0	
1504197515229	2814588678413	20.03936767578125	-4.04205322265625	-41.7327880859375	5.0	
1504197515241	2814608820014	19.89898681640625	-5.01861572265625	-42.13409423828125	5.0	
1504197515268	2814628961616	19.3878173828125	-5.79376220703125	-41.0858154296875	5.0	
1504197515281	2814649103217	19.36187744140625	-4.36553955078125	-40.62652587890625	5.0	
1504197515309	2814669244819	20.16448974609375	-5.2764892578125	-40.80963134765625	5.0	
1504197515321	2814689386420	19.30694580078125	-6.08978271484375	-41.41693115234375	5.0	
1504197515347	2814709528022	20.00274658203125	-4.6417236328125	-41.56341552734375	5.0	
1504197515363	2814729669624	19.96917724609375	-5.438232421875	-40.77911376953125	5.0	
1504197515391	2814749811225	19.87762451171875	-5.609130859375	-40.7135009765625	5.0	
1504197515401	2814769952827	19.744873046875	-6.14776611328125	-40.057373046875	5.0	
1504197515428	2814790094428	20.39947509765625	-4.57611083984375	-40.8782958984375	5.0	
1504197515453	2814810236030	20.0408935546875	-4.3975830078125	-41.04461669921875	5.0	
1504197515468	2814830377631	20.02716064453125	-5.13153076171875	-40.7440185546875	5.0	
1504197515493	2814850519233	20.07598876953125	-5.43365478515625	-41.7144775390625	5.0	
1504197515506	2814870660834	20.135498046875	-4.69512939453125	-41.39251708984375	5.0	
1504197515534	2814890802436	20.85113525390625	-4.99267578125	-42.14324951171875	5.0	
1504197515546	2814910944038	19.99664306640625	-5.62896728515625	-41.0125732421875	5.0	
1504197515573	2814931085639	20.18585205078125	-5.914306640625	-40.36407470703125	5.0	
1504197515587	2814951227241	19.92950439453125	-5.328369140625	-41.96319580078125	5.0	
1504197515613	2814971368842	20.1171875	-5.3741455078125	-40.6646728515625	5.0	
1504197515627	2814991510444	19.93408203125	-5.5572509765625	-40.6524658203125	5.0	
1504197515652	2815011652045	20.56732177734375	-4.217529296875	-40.54412841796875	5.0	
1504197515664	2815031793647	20.9625244140625	-5.40618896484375	-39.9078369140625	5.0	
1504197515692	2815051935249	20.56732177734375	-4.85687255859375	-41.1041259765625	5.0	
1504197515705	2815072076850	21.2646484375	-5.4901123046875	-39.72930908203125	5.0	
1504197515733	2815092218452	19.1802978515625	-5.474853515625	-40.73333740234375	5.0	
1504197515747	2815112360053	20.538330078125	-6.3690185546875	-40.74249267578125	5.0	
1504197515770	2815132501655	20.5291748046875	-5.79376220703125	-40.82183837890625	5.0	
1504197515785	2815152643256	20.78704833984375	-7.000732421875	-40.11688232421875	5.0	
1504197515810	2815172784858	20.001220703125	-5.9112548828125	-40.67840576171875	5.0	
1504197515823	2815192926459	20.172119140625	-5.96771240234375	-40.216064453125	5.0	
1504197515851	2815213068061	19.66552734375	-5.94329833984375	-41.6748046875	5.0	
1504197515863	2815233209663	19.86236572265625	-8.09783935546875	-40.54412841796875	5.0	
1504197515891	2815253351264	19.7845458984375	-5.89599609375	-40.99273681640625	5.0	
1504197515916	2815273492866	20.90911865234375	-5.633544921875	-40.55633544921875	5.0	
1504197515928	2815293634467	20.14312744140625	-5.13916015625	-41.4520263671875	5.0	
1504197515956	2815313776069	20.3155517578125	-5.5084228515625	-39.76593017578125	5.0	
1504197515969	2815333917670	19.51904296875	-5.3680419921875	-40.26947021484375	5.0	
1504197515995	2815354059272	20.1385498046875	-5.322265625	-41.26129150390625	5.0	
1504197516009	2815374200874	20.64208984375	-5.7586669921875	-40.826416015625	5.0	
1504197516034	2815394342475	21.40655517578125	-5.69915771484375	-39.85748291015625	5.0	
1504197516050	2815414484077	20.96405029296875	-5.511474609375	-40.35186767578125	5.0	
1504197516075	2815434625678	20.3216552734375	-4.96978759765625	-39.49737548828125	5.0	
1504197516089	2815454767280	20.69244384765625	-5.3436279296875	-39.85595703125	5.0	
1504197516115	2815474908881	20.90606689453125	-5.010986328125	-40.771484375	5.0	
1504197516129	2815495050483	20.62835693359375	-4.7515869140625	-39.9627685546875	5.0	
1504197516155	2815515192084	20.62530517578125	-4.50439453125	-40.313720703125	5.0	
1504197516167	2815535333686	20.635986328125	-5.0079345703125	-39.7430419921875	5.0	
1504197516193	2815555475288	19.99359130859375	-4.90570068359375	-41.0064697265625	5.0	
1504197516210	2815575616889	20.31707763671875	-5.14678955078125	-41.70684814453125	5.0	
1504197516233	2815595758491	20.7366943359375	-5.33599853515625	-41.1590576171875	5.0	
1504197516247	2815615900092	19.76318359375	-3.31268310546875	-42.4530029296875	5.0	
1504197516275	2815636041694	20.001220703125	-4.229736328125	-41.4337158203125	5.0	
1504197516287	2815656183295	19.2626953125	-3.912353515625	-41.53594970703125	5.0	
1504197516315	2815676324897	19.732666015625	-5.59844970703125	-42.17681884765625	5.0	
1504197516327	2815696466499	20.63140869140625	-4.98809814453125	-42.19818115234375	5.0	
1504197516352	2815716608100	19.439697265625	-4.97589111328125	-42.376708984375	5.0	
1504197516380	2815736749702	19.281005859375	-3.56903076171875	-41.54510498046875	5.0	
1504197516392	2815756891303	20.43914794921875	-4.6173095703125	-42.55523681640625	5.0	
1504197516423	2815777032905	18.96514892578125	-3.30047607421875	-42.16156005859375	5.0	
1504197516433	2815797174506	19.4610595703125	-5.072021484375	-41.6839599609375	5.0	
1504197516459	2815817316108	20.47882080078125	-5.44891357421875	-42.303466796875	5.0	
1504197516473	2815837457709	20.11260986328125	-5.1727294921875	-40.9820556640625	5.0	
1504197516498	2815857599311	19.8699951171875	-2.728271484375	-41.29791259765625	5.0	
1504197516511	2815877740913	19.51904296875	-3.7811279296875	-42.08526611328125	5.0	
1504197516539	2815897882514	19.757080078125	-3.741455078125	-41.59393310546875	5.0	
1504197516551	2815918024116	20.04547119140625	-5.0628662109375	-41.90673828125	5.0	
1504197516578	2815938165717	19.67620849609375	-3.564453125	-41.92962646484375	5.0	
1504197516592	2815958307319	21.40960693359375	-4.27398681640625	-41.25518798828125	5.0	
1504197516616	2815978448920	20.8465576171875	-4.0283203125	-40.9088134765625	5.0	
1504197516632	2815998590522	20.404052734375	-4.79583740234375	-40.66619873046875	5.0	
1504197516657	2816018732124	19.903564453125	-4.21600341796875	-41.3909912109375	5.0	
1504197516670	2816038873725	20.013427734375	-4.05426025390625	-41.10260009765625	5.0	
1504197516697	2816059015327	20.9503173828125	-3.73687744140625	-40.9088134765625	5.0	
1504197516709	2816079156928	20.04547119140625	-3.96270751953125	-41.1285400390625	5.0	
1504197516736	2816099298530	20.2911376953125	-4.351806640625	-41.912841796875	5.0	
1504197516750	2816119440131	20.68328857421875	-4.9560546875	-40.3533935546875	5.0	
1504197516776	2816139581733	21.142578125	-5.13916015625	-41.05224609375	5.0	
1504197516791	2816159723334	19.75555419921875	-4.67529296875	-42.108154296875	5.0	
1504197516816	2816179864936	21.09527587890625	-4.33349609375	-40.44036865234375	5.0	
1504197516844	2816200006538	20.0469970703125	-4.3060302734375	-40.46478271484375	5.0	
1504197516856	2816220148139	20.69091796875	-4.28009033203125	-42.4285888671875	5.0	
1504197516881	2816240289741	20.2117919921875	-5.18798828125	-40.948486328125	5.0	
1504197516895	2816260431342	19.9432373046875	-3.90472412109375	-40.4937744140625	5.0	
1504197516921	2816280572944	20.75042724609375	-5.3741455078125	-40.447998046875	5.0	
1504197516935	2816300714545	20.3125	-4.49981689453125	-40.447998046875	5.0	
1504197516962	2816320856147	19.8944091796875	-3.558349609375	-41.61834716796875	5.0	
1504197516974	2816340997749	20.2789306640625	-4.78515625	-40.33050537109375	5.0	
1504197517002	2816361139350	18.91326904296875	-4.45556640625	-40.4296875	5.0	
1504197517015	2816381280952	20.17974853515625	-2.728271484375	-40.31982421875	5.0	
1504197517040	2816401422553	19.9493408203125	-4.876708984375	-41.97845458984375	5.0	
1504197517055	2816421564155	21.148681640625	-3.65447998046875	-41.339111328125	5.0	
1504197517080	2816441705756	20.41473388671875	-3.240966796875	-40.216064453125	5.0	
1504197517093	2816461847358	20.77484130859375	-2.88238525390625	-40.54107666015625	5.0	
1504197517121	2816481988959	19.7479248046875	-3.90777587890625	-40.966796875	5.0	
1504197517133	2816502130561	19.8699951171875	-3.7872314453125	-40.618896484375	5.0	
1504197517161	2816522272163	20.135498046875	-3.900146484375	-40.19622802734375	5.0	
1504197517173	2816542413764	18.7530517578125	-3.4759521484375	-40.6585693359375	5.0	
1504197517198	2816562555366	19.9066162109375	-2.691650390625	-39.76898193359375	5.0	
1504197517214	2816582696967	20.26214599609375	-3.31268310546875	-38.983154296875	5.0	
1504197517238	2816602838569	20.550537109375	-5.09796142578125	-41.01715087890625	5.0	
1504197517252	2816622980170	18.988037109375	-3.2928466796875	-40.17486572265625	5.0	
1504197517279	2816643121772	19.05517578125	-4.21142578125	-40.53497314453125	5.0	
1504197517304	2816663263374	21.2615966796875	-4.1351318359375	-40.60516357421875	5.0	
1504197517319	2816683404975	19.598388671875	-3.704833984375	-40.06195068359375	5.0	
1504197517344	2816703546577	19.5159912109375	-3.08074951171875	-40.618896484375	5.0	
1504197517357	2816723688178	19.61669921875	-4.40216064453125	-40.51971435546875	5.0	
1504197517384	2816743829780	19.63958740234375	-3.13568115234375	-40.70281982421875	5.0	
1504197517397	2816763971381	19.2718505859375	-2.789306640625	-39.6209716796875	5.0	
1504197517425	2816784112983	18.95904541015625	-2.8289794921875	-40.56549072265625	5.0	
1504197517438	2816804254584	19.51751708984375	-3.3172607421875	-41.5283203125	5.0	
1504197517463	2816824396186	21.19598388671875	-4.4464111328125	-38.59710693359375	5.0	
1504197517482	2816844537788	20.294189453125	-3.02581787109375	-40.3900146484375	5.0	
1504197517507	2816864679389	19.757080078125	-3.67584228515625	-39.78271484375	5.0	
1504197517516	2816884820991	20.574951171875	-4.7576904296875	-39.76898193359375	100.0	
1504197517544	2816904962592	20.68634033203125	-3.704833984375	-40.57159423828125	100.0	
1504197517556	2816925104194	20.04547119140625	-5.3741455078125	-40.447998046875	100.0	
1504197517584	2816945245795	20.74127197265625	-4.78973388671875	-40.4388427734375	100.0	
1504197517598	2816965387397	21.39892578125	-4.3731689453125	-39.36309814453125	100.0	
1504197517622	2816985528999	22.296142578125	-5.21240234375	-40.26336669921875	100.0	
1504197517637	2817005670600	21.2799072265625	-4.93011474609375	-40.5364990234375	100.0	
1504197517662	2817025812202	20.32928466796875	-5.22613525390625	-39.56451416015625	100.0	
1504197517676	2817045953803	21.07696533203125	-3.96270751953125	-39.76898193359375	100.0	
1504197517704	2817066095405	21.30279541015625	-3.6895751953125	-39.16473388671875	100.0	
1504197517714	2817086237006	21.13189697265625	-3.27606201171875	-39.752197265625	100.0	
1504197517743	2817106378608	20.30792236328125	-3.7078857421875	-39.84222412109375	100.0	
1504197517767	2817126520209	20.92742919921875	-4.13970947265625	-41.29791259765625	100.0	
1504197517780	2817146661811	20.92742919921875	-4.5166015625	-39.483642578125	100.0	
1504197517809	2817166803413	22.83782958984375	-4.44488525390625	-40.8905029296875	100.0	
1504197517821	2817186945014	20.458984375	-4.73175048828125	-39.4744873046875	100.0	
1504197517848	2817207086616	19.33746337890625	-3.82232666015625	-39.9383544921875	100.0	
1504197517866	2817227228217	20.81756591796875	-4.0313720703125	-39.83306884765625	100.0	
1504197517886	2817247369819	20.7244873046875	-4.99725341796875	-40.08331298828125	100.0	
1504197517902	2817267511420	21.74835205078125	-4.13818359375	-39.25628662109375	100.0	
1504197517926	2817287653022	20.27435302734375	-6.48956298828125	-39.2059326171875	100.0	
1504197517938	2817307794624	20.78094482421875	-5.1971435546875	-38.24005126953125	100.0	
1504197517967	2817327936225	20.50323486328125	-4.96673583984375	-39.715576171875	100.0	
1504197517978	2817348077827	21.4569091796875	-5.3741455078125	-40.1092529296875	100.0	
1504197518007	2817368219428	20.34912109375	-5.13458251953125	-39.84527587890625	100.0	
1504197518020	2817388361030	19.94171142578125	-5.0537109375	-39.8773193359375	100.0	
1504197518044	2817408502631	20.68634033203125	-5.5328369140625	-38.9007568359375	100.0	
1504197518060	2817428644233	20.33538818359375	-5.07354736328125	-39.02740478515625	100.0	
1504197518085	2817448785834	20.166015625	-3.94134521484375	-39.57061767578125	100.0	
1504197518097	2817468927436	19.2779541015625	-5.93414306640625	-38.76953125	100.0	
1504197518126	2817489069038	20.01190185546875	-4.7088623046875	-39.46685791015625	100.0	
1504197518138	2817509210639	20.38421630859375	-5.38787841796875	-39.80560302734375	100.0	
