1507566021493	1647455888288	0.6405181884765625	0.302978515625	-0.0941925048828125	-1.0	
1507566021521	1647476029889	0.3362274169921875	0.1639404296875	0.180816650390625	-1.0	
1507566021536	1647496171491	0.2282257080078125	0.0364227294921875	0.0946807861328125	-1.0	
1507566021552	1647516313092	0.2608184814453125	0.1118621826171875	0.115234375	-1.0	
1507566021572	1647536454694	0.29241943359375	0.0704345703125	0.1813201904296875	-1.0	
1507566021590	1647556596296	0.4308013916015625	0.2171783447265625	0.132965087890625	-1.0	
1507566021608	1647576737897	0.5319976806640625	0.16180419921875	0.157684326171875	-1.0	
1507566021628	1647596879499	0.2525787353515625	0.0019989013671875	0.420013427734375	-1.0	
1507566021644	1647617021100	0.2030487060546875	-0.29144287109375	-0.8660430908203125	-1.0	
1507566021677	1647637162702	0.043792724609375	0.0192413330078125	0.03497314453125	-1.0	
1507566021694	1647657304303	0.5776519775390625	0.466217041015625	0.09637451171875	-1.0	
1507566021714	1647677445905	0.5879364013671875	0.193878173828125	0.02911376953125	-1.0	
1507566021730	1647697587506	0.4183197021484375	0.1873931884765625	-0.2900238037109375	-1.0	
1507566021751	1647717729108	0.33905029296875	0.275634765625	-0.867584228515625	-1.0	
1507566021766	1647737870710	0.4067840576171875	0.3474578857421875	-0.823822021484375	-1.0	
1507566021786	1647758012311	0.458831787109375	0.2530517578125	0.0131072998046875	-1.0	
1507566021820	1647778153913	0.5724945068359375	0.308746337890625	0.99151611328125	-1.0	
1507566021837	1647798295514	0.4966888427734375	0.0820159912109375	0.925018310546875	-1.0	
1507566021855	1647818437116	0.26275634765625	-0.1300506591796875	0.4004058837890625	-1.0	
1507566021873	1647838578717	0.318878173828125	-0.14373779296875	-0.0653839111328125	-1.0	
1507566021891	1647858720319	0.4865570068359375	-0.021881103515625	-0.3408203125	-1.0	
1507566021908	1647878861921	0.6221923828125	0.0516815185546875	-0.3980865478515625	-1.0	
1507566021926	1647899003522	0.576141357421875	0.2002105712890625	-0.2918548583984375	-1.0	
1507566021944	1647919145124	0.3682403564453125	0.3293609619140625	0.0778045654296875	-1.0	
1507566021980	1647939286725	0.410308837890625	0.147308349609375	0.2938385009765625	-1.0	
1507566021999	1647959428327	0.4501190185546875	0.0290374755859375	0.4892425537109375	-1.0	
1507566022015	1647979569928	0.3399658203125	0.0309906005859375	0.5099945068359375	-1.0	
1507566022034	1647999711530	0.3742828369140625	3.814697265625E-4	0.289459228515625	-1.0	
1507566022053	1648019853131	0.357391357421875	0.0206756591796875	0.056396484375	-1.0	
1507566022069	1648039994733	0.4412841796875	0.1250762939453125	-0.0878448486328125	-1.0	
1507566022088	1648060136335	0.504302978515625	0.1515655517578125	-0.10711669921875	-1.0	
1507566022123	1648080277936	0.4602203369140625	0.2247161865234375	0.1243743896484375	-1.0	
1507566022140	1648100419538	0.387847900390625	0.068267822265625	0.1141510009765625	-1.0	
1507566022161	1648120561139	0.4795684814453125	0.16632080078125	0.17242431640625	-1.0	
1507566022177	1648140702741	0.4245452880859375	0.069061279296875	0.244659423828125	-1.0	
1507566022194	1648160844342	0.44775390625	0.024871826171875	0.193878173828125	-1.0	
1507566022213	1648180985944	0.4143524169921875	0.1338043212890625	0.081268310546875	-1.0	
1507566022230	1648201127546	0.372802734375	0.1793060302734375	0.09564208984375	-1.0	
1507566022248	1648221269147	0.435455322265625	0.05535888671875	0.1986541748046875	-1.0	
1507566022286	1648241410749	0.4372406005859375	0.2063140869140625	-0.07061767578125	-1.0	
1507566022302	1648261552350	0.4785308837890625	0.10272216796875	-0.0612030029296875	-1.0	
1507566022319	1648281693952	0.43707275390625	0.0757598876953125	0.015625	-1.0	
1507566022337	1648301835553	0.4150543212890625	0.1041717529296875	0.013885498046875	-1.0	
1507566022355	1648321977155	0.404693603515625	0.1503753662109375	-0.013031005859375	-1.0	
1507566022374	1648342118756	0.414520263671875	0.02850341796875	0.0130767822265625	-1.0	
1507566022391	1648362260358	0.374664306640625	0.1600494384765625	-0.1194915771484375	-1.0	
1507566022409	1648382401960	0.4980926513671875	0.188568115234375	0.180084228515625	-1.0	
1507566022445	1648402543561	0.3930206298828125	0.0343780517578125	0.1945037841796875	-1.0	
1507566022463	1648422685163	0.435638427734375	0.07305908203125	0.05889892578125	-1.0	
1507566022481	1648442826764	0.44598388671875	0.1366729736328125	0.07012939453125	-1.0	
1507566022499	1648462968366	0.5327606201171875	0.1932373046875	0.145111083984375	-1.0	
1507566022517	1648483109967	0.4513092041015625	0.11468505859375	0.0704498291015625	-1.0	
1507566022536	1648503251569	0.35150146484375	0.098907470703125	-0.026031494140625	-1.0	
1507566022554	1648523393171	0.37322998046875	0.093841552734375	0.048370361328125	-1.0	
1507566022587	1648543534772	0.2816619873046875	0.1265411376953125	0.0051422119140625	-1.0	
1507566022605	1648563676374	0.4522857666015625	0.0926513671875	-0.0551910400390625	-1.0	
1507566022623	1648583817975	0.43170166015625	0.1571807861328125	0.0861358642578125	-1.0	
1507566022641	1648603959577	0.3442230224609375	0.089508056640625	0.08233642578125	-1.0	
1507566022658	1648624101178	0.2955780029296875	0.1120452880859375	0.161346435546875	-1.0	
1507566022677	1648644242780	0.3269500732421875	0.1172943115234375	0.2753448486328125	-1.0	
1507566022696	1648664384381	0.4474639892578125	-0.0323486328125	0.1871490478515625	-1.0	
1507566022713	1648684525983	0.4276275634765625	-0.020538330078125	0.086517333984375	-1.0	
1507566022748	1648704667585	0.5436553955078125	0.180267333984375	-0.260009765625	-1.0	
1507566022767	1648724809186	0.4512176513671875	0.223846435546875	-0.1576385498046875	-1.0	
1507566022785	1648744950788	0.4874267578125	0.23504638671875	0.0633087158203125	-1.0	
1507566022802	1648765092389	0.476959228515625	0.1339111328125	0.1521453857421875	-1.0	
1507566022820	1648785233991	0.447113037109375	0.1872711181640625	0.222625732421875	-1.0	
1507566022838	1648805375592	0.282440185546875	0.1363677978515625	0.186553955078125	-1.0	
1507566022858	1648825517194	0.2852783203125	0.0081329345703125	0.070831298828125	-1.0	
1507566022873	1648845658796	0.3487701416015625	0.05096435546875	0.0864715576171875	-1.0	
1507566022909	1648865800397	0.4318389892578125	0.0241241455078125	0.2641448974609375	-1.0	
1507566022928	1648885941999	0.4910430908203125	0.20684814453125	0.0991058349609375	-1.0	
1507566022945	1648906083600	0.47930908203125	0.291748046875	0.0215911865234375	-1.0	
1507566022964	1648926225202	0.4114837646484375	0.2270660400390625	0.0689544677734375	-1.0	
1507566022982	1648946366803	0.4008331298828125	0.126312255859375	0.012359619140625	-1.0	
1507566023001	1648966508405	0.3333587646484375	0.035064697265625	0.03875732421875	-1.0	
1507566023016	1648986650006	0.4352569580078125	0.1207122802734375	0.0540618896484375	-1.0	
1507566023056	1649006791608	0.456878662109375	0.135345458984375	0.0761871337890625	-1.0	
1507566023070	1649026933210	0.400665283203125	0.1575164794921875	-0.0624847412109375	-1.0	
1507566023088	1649047074811	0.412078857421875	0.1606292724609375	0.0276947021484375	-1.0	
1507566023106	1649067216413	0.393829345703125	0.15478515625	0.1431884765625	-1.0	
1507566023126	1649087358014	0.381591796875	0.0305023193359375	0.139190673828125	-1.0	
1507566023144	1649107499616	0.36297607421875	-0.0282440185546875	0.0728302001953125	-1.0	
1507566023159	1649127641217	0.3903045654296875	0.049346923828125	0.0666656494140625	-1.0	
1507566023178	1649147782819	0.4480133056640625	0.1290435791015625	-0.019866943359375	-1.0	
1507566023213	1649167924421	0.393402099609375	0.19659423828125	0.1855316162109375	-1.0	
1507566023230	1649188066022	0.4365081787109375	0.2223968505859375	-0.001983642578125	-1.0	
1507566023248	1649208207624	0.3814849853515625	0.1878662109375	0.0420074462890625	-1.0	
1507566023268	1649228349225	0.360504150390625	0.0975799560546875	0.051910400390625	-1.0	
1507566023287	1649248490827	0.3887939453125	0.1085357666015625	0.11029052734375	-1.0	
1507566023301	1649268632428	0.4926910400390625	0.0970001220703125	0.2131500244140625	-1.0	
1507566023320	1649288774030	0.3956298828125	0.071807861328125	0.24664306640625	-1.0	
1507566023337	1649308915631	0.3808135986328125	0.098297119140625	0.1304779052734375	-1.0	
1507566023373	1649329057233	0.3984832763671875	0.09844970703125	0.1366119384765625	-1.0	
1507566023391	1649349198835	0.456512451171875	0.0966339111328125	0.042022705078125	-1.0	
1507566023409	1649369340436	0.4179534912109375	0.1063232421875	0.0073089599609375	-1.0	
1507566023429	1649389482038	0.3790435791015625	0.098846435546875	0.0848846435546875	-1.0	
1507566023445	1649409623639	0.38287353515625	0.0535736083984375	0.1620635986328125	-1.0	
1507566023463	1649429765241	0.369110107421875	0.0290985107421875	0.1081390380859375	-1.0	
1507566023481	1649449906842	0.39544677734375	0.119598388671875	0.164306640625	-1.0	
1507566023524	1649470048444	0.4777679443359375	0.05792236328125	0.05120849609375	-1.0	
1507566023533	1649490190046	0.344482421875	0.1298065185546875	0.0482025146484375	-1.0	
1507566023553	1649510331647	0.4358978271484375	0.1292266845703125	0.0731658935546875	-1.0	
1507566023571	1649530473249	0.39971923828125	0.078582763671875	0.04705810546875	-1.0	
1507566023592	1649550614850	0.3651885986328125	0.1485137939453125	0.0355682373046875	-1.0	
1507566023607	1649570756452	0.420684814453125	0.0864715576171875	0.1903533935546875	-1.0	
1507566023623	1649590898053	0.3895416259765625	0.044769287109375	0.2204437255859375	-1.0	
1507566023643	1649611039655	0.35595703125	0.1301422119140625	0.271942138671875	-1.0	
1507566023678	1649631181256	0.274444580078125	0.12872314453125	-0.019195556640625	-1.0	
1507566023694	1649651322858	0.232147216796875	0.1826934814453125	-0.00982666015625	-1.0	
1507566023713	1649671464460	0.3636322021484375	0.0995025634765625	0.0190887451171875	-1.0	
1507566023731	1649691606061	0.3131256103515625	0.03851318359375	0.0808563232421875	-1.0	
1507566023748	1649711747663	0.29150390625	0.1073760986328125	0.0862274169921875	-1.0	
1507566023766	1649731889264	0.4055938720703125	0.0946197509765625	0.1068115234375	-1.0	
1507566023784	1649752030866	0.454681396484375	0.0548095703125	0.143798828125	-1.0	
1507566023823	1649772172467	0.4774017333984375	0.2046356201171875	-0.0241241455078125	-1.0	
1507566023837	1649792314069	0.3782806396484375	0.1214599609375	0.0809326171875	-1.0	
1507566023855	1649812455671	0.3892669677734375	0.0047760009765625	0.1605377197265625	-1.0	
1507566023873	1649832597272	0.3517608642578125	0.04705810546875	0.08135986328125	-1.0	
1507566023892	1649852738874	0.3350677490234375	0.1578826904296875	0.0158843994140625	-1.0	
1507566023908	1649872880475	0.3866119384765625	0.182891845703125	-0.0065460205078125	-1.0	
1507566023927	1649893022077	0.4165496826171875	0.1466217041015625	0.074737548828125	-1.0	
1507566023944	1649913163678	0.4862518310546875	0.1049652099609375	0.0997314453125	-1.0	
1507566023980	1649933305280	0.45263671875	3.96728515625E-4	0.0720977783203125	-1.0	
1507566023998	1649953446881	0.32489013671875	0.0719451904296875	-0.0559234619140625	-1.0	
1507566024016	1649973588483	0.330322265625	0.1583404541015625	0.033935546875	-1.0	
1507566024036	1649993730085	0.330413818359375	0.1341552734375	-0.0061798095703125	-1.0	
1507566024052	1650013871686	0.35101318359375	0.0624847412109375	0.0930328369140625	-1.0	
1507566024070	1650034013288	0.369903564453125	0.050750732421875	0.1286468505859375	-1.0	
1507566024095	1650054154889	0.3615570068359375	0.1097412109375	0.1336517333984375	1.0	
1507566024107	1650074296491	0.314605712890625	0.099090576171875	0.0732879638671875	1.0	
1507566024144	1650094438092	0.4135589599609375	0.12847900390625	0.08782958984375	1.0	
1507566024159	1650114579694	0.389068603515625	0.1094512939453125	0.0611724853515625	1.0	
1507566024177	1650134721296	0.4149169921875	0.01885986328125	0.111785888671875	1.0	
1507566024196	1650154862897	0.423736572265625	0.0829620361328125	0.065093994140625	1.0	
1507566024213	1650175004499	0.4081878662109375	0.0763092041015625	0.0510101318359375	1.0	
1507566024231	1650195146100	0.4287109375	0.1436309814453125	0.0098876953125	1.0	
1507566024249	1650215287702	0.477630615234375	0.14569091796875	0.15252685546875	1.0	
1507566024284	1650235429303	0.5507354736328125	0.1423492431640625	0.1049652099609375	1.0	
1507566024302	1650255570905	0.2676544189453125	0.1370849609375	0.1051025390625	1.0	
1507566024320	1650275712506	0.357666015625	0.0429534912109375	0.08843994140625	1.0	
1507566024338	1650295854108	0.380889892578125	0.157745361328125	0.134307861328125	1.0	
1507566024358	1650315995710	0.3753204345703125	0.1801605224609375	0.137054443359375	1.0	
1507566024374	1650336137311	0.2876434326171875	-0.0045166015625	0.111083984375	1.0	
1507566024391	1650356278913	0.355682373046875	0.07501220703125	0.1128387451171875	1.0	
1507566024410	1650376420514	0.314971923828125	0.097137451171875	0.0875396728515625	1.0	
1507566024446	1650396562116	0.388336181640625	0.0901031494140625	-0.16595458984375	1.0	
1507566024463	1650416703717	0.3853607177734375	0.1318511962890625	-0.0364532470703125	1.0	
1507566024482	1650436845319	0.361480712890625	0.0763702392578125	0.1442718505859375	1.0	
1507566024501	1650456986921	0.4121246337890625	0.1462249755859375	0.159698486328125	1.0	
1507566024519	1650477128522	0.3812408447265625	0.123199462890625	0.2062225341796875	1.0	
1507566024535	1650497270124	0.4611663818359375	0.0715179443359375	0.00213623046875	1.0	
1507566024556	1650517411725	0.376312255859375	0.17523193359375	0.07183837890625	1.0	
1507566024573	1650537553327	0.357452392578125	0.1460113525390625	0.1083526611328125	1.0	
1507566024606	1650557694928	0.3853912353515625	0.1313934326171875	0.2119293212890625	1.0	
1507566024624	1650577836530	0.387176513671875	0.182861328125	0.0701446533203125	1.0	
1507566024642	1650597978131	0.3729095458984375	0.142791748046875	0.19866943359375	1.0	
1507566024660	1650618119733	0.446319580078125	0.17022705078125	0.083587646484375	1.0	
1507566024679	1650638261335	0.3811492919921875	0.1510162353515625	0.0940399169921875	1.0	
1507566024695	1650658402936	0.449798583984375	0.1633148193359375	0.1401214599609375	1.0	
1507566024713	1650678544538	0.3855133056640625	0.052032470703125	0.0563201904296875	1.0	
1507566024749	1650698686139	0.325958251953125	0.0568084716796875	0.01971435546875	1.0	
1507566024767	1650718827741	0.3949432373046875	0.04083251953125	0.054412841796875	1.0	
1507566024786	1650738969342	0.425018310546875	0.066650390625	-0.051544189453125	1.0	
1507566024804	1650759110944	0.404937744140625	0.1858367919921875	0.094818115234375	1.0	
1507566024822	1650779252546	0.3656005859375	0.1618194580078125	0.0662689208984375	1.0	
1507566024843	1650799394147	0.27972412109375	0.0651397705078125	0.0385284423828125	1.0	
1507566024857	1650819535749	0.3428192138671875	0.072265625	0.1954498291015625	1.0	
1507566024875	1650839677350	0.3860626220703125	0.132965087890625	0.1009674072265625	1.0	
1507566024910	1650859818952	0.3845977783203125	0.022979736328125	0.138763427734375	1.0	
1507566024934	1650879960553	0.3849334716796875	0.057220458984375	0.1444244384765625	1.0	
1507566024947	1650900102155	0.436309814453125	0.1546173095703125	0.06878662109375	1.0	
1507566024964	1650920243756	0.3738555908203125	0.0400543212890625	0.1853179931640625	1.0	
1507566024990	1650940385358	0.38323974609375	0.0871734619140625	0.134490966796875	1.0	
1507566025012	1650960526960	0.4253997802734375	0.1444244384765625	0.0998687744140625	1.0	
1507566025021	1650980668561	0.41253662109375	0.0910186767578125	0.0171051025390625	1.0	
1507566025054	1651000810163	0.421661376953125	0.1187286376953125	0.1941070556640625	1.0	
1507566025076	1651020951764	0.3399658203125	0.1584930419921875	0.1881866455078125	1.0	
1507566025093	1651041093366	0.37640380859375	0.0071868896484375	0.117889404296875	1.0	
1507566025110	1651061234967	0.3900604248046875	0.1354217529296875	0.1230316162109375	1.0	
1507566025128	1651081376569	0.393646240234375	0.13018798828125	-0.0981597900390625	1.0	
1507566025143	1651101518171	0.437744140625	0.139892578125	-0.143463134765625	1.0	
1507566025162	1651121659772	0.38232421875	0.182525634765625	0.04266357421875	1.0	
1507566025179	1651141801374	0.33209228515625	0.0861358642578125	0.0574188232421875	1.0	
1507566025216	1651161942975	0.49273681640625	0.1592254638671875	0.2025604248046875	1.0	
1507566025240	1651182084577	0.5255584716796875	0.1025238037109375	0.077606201171875	1.0	
1507566025256	1651202226178	0.4191131591796875	0.066162109375	0.1747894287109375	1.0	
1507566025276	1651222351424	0.401336669921875	0.10906982421875	0.07623291015625	1.0	
1507566025285	1651242493025	0.3882904052734375	0.1377105712890625	0.1411895751953125	1.0	
1507566025302	1651262634627	0.4630126953125	0.06396484375	0.2002105712890625	1.0	
1507566025321	1651282776229	0.4996185302734375	0.220123291015625	0.2318572998046875	1.0	
1507566025340	1651302917830	0.4638824462890625	0.0236663818359375	0.167694091796875	1.0	
1507566025375	1651323059432	0.4251861572265625	0.0828857421875	0.288238525390625	1.0	
1507566025392	1651343201033	0.5538330078125	0.0411376953125	0.345458984375	1.0	
1507566025409	1651363342635	0.5002899169921875	0.1141510009765625	0.26226806640625	1.0	
1507566025428	1651383484236	0.5063629150390625	0.136749267578125	0.1362152099609375	1.0	
1507566025445	1651403625838	0.400146484375	0.03564453125	0.0141754150390625	1.0	
1507566025463	1651423767440	0.391448974609375	0.075439453125	0.003509521484375	1.0	
1507566025482	1651443909041	0.2424468994140625	0.0529937744140625	0.0061798095703125	1.0	
1507566025522	1651464050643	0.3477935791015625	0.1767120361328125	0.297515869140625	1.0	
1507566025539	1651484192244	0.1665802001953125	0.131744384765625	-0.05023193359375	1.0	
1507566025553	1651504333846	0.2251739501953125	0.1550750732421875	-0.22503662109375	1.0	
1507566025570	1651524475447	0.206298828125	-0.1044921875	-0.249786376953125	1.0	
1507566025591	1651544617049	0.2205963134765625	-0.107421875	-0.197113037109375	1.0	
1507566025610	1651564758650	0.0074920654296875	0.1705474853515625	-0.2274627685546875	1.0	
1507566025628	1651584900252	0.3223114013671875	0.0582733154296875	-0.0677642822265625	1.0	
1507566025645	1651605041854	0.6452178955078125	0.2382965087890625	0.3734893798828125	1.0	
1507566025682	1651625183455	0.514007568359375	0.344635009765625	0.4978790283203125	1.0	
1507566025697	1651645325057	0.573455810546875	0.18182373046875	0.372589111328125	1.0	
1507566025714	1651665466658	0.486846923828125	-0.069854736328125	0.2698822021484375	1.0	
1507566025734	1651685608260	0.3457794189453125	-0.05328369140625	0.045196533203125	1.0	
1507566025750	1651705749861	0.24114990234375	0.10748291015625	0.0010528564453125	1.0	
1507566025768	1651725891463	0.3343048095703125	0.1356964111328125	0.02374267578125	1.0	
1507566025801	1651746033065	0.4275665283203125	0.3221435546875	0.1483917236328125	1.0	
1507566025812	1651766174666	0.475311279296875	0.1725616455078125	0.0202178955078125	1.0	
1507566025822	1651786316268	0.2447967529296875	-0.0148162841796875	0.0678253173828125	1.0	
1507566025859	1651806457869	0.362396240234375	-0.0768890380859375	0.1037139892578125	1.0	
1507566025875	1651826599471	0.4840240478515625	0.116546630859375	-0.0712432861328125	1.0	
1507566025892	1651846741072	0.32073974609375	0.1396026611328125	0.1044158935546875	1.0	
1507566025909	1651866882674	0.33001708984375	0.0091400146484375	0.0124053955078125	1.0	
1507566025929	1651887024275	0.479156494140625	0.0160064697265625	0.0188446044921875	1.0	
1507566025946	1651907165877	0.418182373046875	0.020904541015625	0.18634033203125	1.0	
1507566025964	1651927307479	0.476287841796875	0.0146636962890625	0.3710784912109375	1.0	
1507566025983	1651947449080	0.3754425048828125	0.02874755859375	0.3475494384765625	1.0	
1507566026019	1651967590682	0.103302001953125	-0.1699676513671875	0.3776397705078125	1.0	
1507566026036	1651987732283	0.29010009765625	-0.0935821533203125	-0.0664825439453125	1.0	
1507566026053	1652007873885	0.4640655517578125	-0.0240631103515625	-0.5098419189453125	1.0	
1507566026073	1652028015486	0.3350067138671875	0.1719207763671875	-0.2578887939453125	1.0	
1507566026091	1652048157088	0.3918914794921875	0.3562164306640625	0.1961669921875	1.0	
1507566026109	1652068298690	0.3859710693359375	0.387969970703125	-0.3106536865234375	1.0	
1507566026129	1652088440291	0.6849212646484375	0.373870849609375	-0.0638885498046875	1.0	
1507566026145	1652108581893	0.4046478271484375	0.4147796630859375	0.228668212890625	1.0	
1507566026162	1652128723494	-0.0472259521484375	0.21624755859375	-0.1746826171875	1.0	
1507566026198	1652148865096	-0.026611328125	-0.197662353515625	-0.93768310546875	1.0	
1507566026214	1652169006697	0.351715087890625	-0.004730224609375	-1.406585693359375	1.0	
1507566026233	1652189148299	0.6022491455078125	0.3170623779296875	-0.8571319580078125	1.0	
1507566026249	1652209289900	0.584075927734375	0.4493408203125	0.7559356689453125	1.0	
1507566026267	1652229431502	0.466796875	0.476226806640625	1.9363555908203125	1.0	
1507566026286	1652249573104	0.5650177001953125	0.0295562744140625	1.27215576171875	1.0	
1507566026303	1652269714705	0.3998260498046875	-0.3985595703125	0.1905517578125	1.0	
1507566026323	1652289856307	0.183837890625	-0.391510009765625	-0.202239990234375	1.0	
1507566026358	1652309997908	0.5166473388671875	-0.107330322265625	-0.6231536865234375	1.0	
1507566026378	1652330139510	0.556396484375	0.2282867431640625	-0.7355804443359375	1.0	
1507566026394	1652350281111	0.44342041015625	0.4586029052734375	0.079742431640625	1.0	
1507566026412	1652370422713	0.5040283203125	0.3430938720703125	0.6697845458984375	1.0	
1507566026431	1652390564315	0.42474365234375	0.08551025390625	0.629119873046875	1.0	
1507566026447	1652410705916	0.365753173828125	-0.0867462158203125	0.336181640625	1.0	
1507566026464	1652430847518	0.35699462890625	-0.1295013427734375	-0.17919921875	1.0	
1507566026482	1652450989119	0.4584808349609375	0.120330810546875	-0.2982940673828125	1.0	
1507566026501	1652471130721	0.490753173828125	0.261077880859375	-0.122100830078125	1.0	
1507566026535	1652491272322	0.4266357421875	0.2675933837890625	-0.24163818359375	1.0	
1507566026554	1652511413924	0.471832275390625	0.2574615478515625	-0.0523223876953125	1.0	
1507566026570	1652531555525	0.4984588623046875	0.106719970703125	0.177276611328125	1.0	
1507566026591	1652551697127	0.5081024169921875	0.1156158447265625	0.3032989501953125	1.0	
1507566026610	1652571838729	0.4656524658203125	0.0898284912109375	0.2261810302734375	1.0	
1507566026627	1652591980330	0.4782257080078125	0.1490631103515625	0.069854736328125	1.0	
1507566026647	1652612121932	0.4223785400390625	0.211517333984375	0.018280029296875	1.0	
1507566026663	1652632263533	0.457794189453125	-7.62939453125E-5	-0.1569061279296875	1.0	
1507566026703	1652652405135	0.452239990234375	0.087158203125	-0.083404541015625	1.0	
1507566026716	1652672546736	0.4600830078125	0.10931396484375	0.05120849609375	1.0	
1507566026733	1652692688338	0.4114532470703125	0.054046630859375	0.20660400390625	1.0	
1507566026749	1652712829940	0.417388916015625	0.0615997314453125	0.1744384765625	1.0	
1507566026769	1652732971541	0.3892364501953125	0.0972442626953125	0.04638671875	1.0	
1507566026785	1652753113143	0.4736480712890625	0.167144775390625	-0.0234832763671875	1.0	
1507566026803	1652773254744	0.3895721435546875	0.2121429443359375	-0.01031494140625	1.0	
1507566026821	1652793396346	0.4249267578125	0.1157379150390625	0.0470733642578125	1.0	
1507566026858	1652813537947	0.4728240966796875	0.2184600830078125	0.0942535400390625	1.0	
1507566026878	1652833679549	0.4538726806640625	0.0736083984375	0.1757659912109375	1.0	
1507566026893	1652853821150	0.47149658203125	0.044158935546875	0.124725341796875	1.0	
1507566026910	1652873962752	0.426300048828125	0.035552978515625	-0.100494384765625	1.0	
1507566026929	1652894104354	0.3611602783203125	0.1058349609375	-0.0666351318359375	1.0	
1507566026946	1652914245955	0.4334564208984375	0.1472930908203125	-0.033355712890625	1.0	
1507566026965	1652934387557	0.4492645263671875	0.1640625	0.1016998291015625	1.0	
1507566026982	1652954529158	0.480743408203125	0.08111572265625	0.0709381103515625	1.0	
1507566027019	1652974670760	0.462982177734375	0.0400848388671875	0.1627349853515625	1.0	
1507566027036	1652994812361	0.36627197265625	0.20989990234375	0.11895751953125	1.0	
1507566027053	1653014953963	0.43695068359375	0.1577911376953125	0.1232757568359375	1.0	
1507566027074	1653035095565	0.409332275390625	0.1311187744140625	-0.0238800048828125	1.0	
1507566027090	1653055237166	0.4595794677734375	0.112518310546875	-0.087677001953125	1.0	
1507566027115	1653075378768	0.4151458740234375	0.0818328857421875	0.0540008544921875	1.0	
1507566027129	1653095520369	0.3996734619140625	0.1605987548828125	-0.01873779296875	1.0	
1507566027145	1653115661971	0.417724609375	0.1173858642578125	0.1089324951171875	1.0	
1507566027182	1653135803572	0.3968505859375	0.0449981689453125	-0.103790283203125	1.0	
1507566027197	1653155945174	0.4167022705078125	0.022979736328125	-0.001373291015625	1.0	
1507566027213	1653176086775	0.3165130615234375	0.099212646484375	-0.1186981201171875	1.0	
1507566027232	1653196228377	0.3460235595703125	0.12725830078125	-0.097930908203125	1.0	
1507566027253	1653216369979	0.5493316650390625	0.212127685546875	0.1099090576171875	1.0	
1507566027267	1653236511580	0.5967254638671875	0.232086181640625	0.246734619140625	1.0	
1507566027284	1653256653182	0.375701904296875	0.0682830810546875	0.0214691162109375	1.0	
1507566027321	1653276794783	0.3184661865234375	0.0429534912109375	0.039337158203125	1.0	
1507566027340	1653296936385	0.3946990966796875	0.111236572265625	0.0168304443359375	1.0	
1507566027358	1653317077986	0.38372802734375	0.1821136474609375	0.082672119140625	1.0	
1507566027377	1653337219588	0.42047119140625	0.1052093505859375	-0.051788330078125	1.0	
1507566027394	1653357361190	0.530303955078125	0.1100006103515625	0.00677490234375	1.0	
1507566027410	1653377502791	0.5289154052734375	0.07977294921875	-0.039215087890625	1.0	
1507566027428	1653397644393	0.31964111328125	0.0854339599609375	-0.1420135498046875	1.0	
1507566027447	1653417785994	0.3672027587890625	0.2079315185546875	-0.093780517578125	1.0	
1507566027483	1653437927596	0.42236328125	0.1547088623046875	0.2711181640625	1.0	
1507566027502	1653458069197	0.3416595458984375	0.1592559814453125	0.1147308349609375	1.0	
1507566027519	1653478210799	0.45196533203125	0.0718231201171875	0.1810760498046875	1.0	
1507566027535	1653498352400	0.3362884521484375	0.134002685546875	0.01641845703125	1.0	
1507566027553	1653518494002	0.2871856689453125	0.172332763671875	-0.0307464599609375	1.0	
1507566027572	1653538635604	0.4457855224609375	0.072967529296875	-0.0186920166015625	1.0	
1507566027593	1653558777205	0.5660247802734375	-0.1173858642578125	-0.0165557861328125	1.0	
1507566027626	1653578918807	0.393280029296875	0.159393310546875	0.2405242919921875	1.0	
1507566027645	1653599060408	0.8925018310546875	0.342254638671875	0.17230224609375	1.0	
1507566027660	1653619202010	0.3060150146484375	0.121795654296875	0.15032958984375	1.0	
1507566027684	1653639343611	0.2452545166015625	-0.216705322265625	0.0017852783203125	1.0	
1507566027703	1653659485213	0.290863037109375	-0.189697265625	0.07623291015625	1.0	
1507566027715	1653679626815	0.3557281494140625	0.00494384765625	0.4520416259765625	1.0	
1507566027735	1653699768416	0.1218414306640625	0.255401611328125	-0.3053131103515625	1.0	
1507566027750	1653719910018	0.222747802734375	0.4969940185546875	0.6329345703125	1.0	
1507566027786	1653740051619	0.521240234375	-0.059478759765625	0.474090576171875	1.0	
1507566027805	1653760193221	0.5290679931640625	-0.253204345703125	0.210845947265625	1.0	
1507566027821	1653780334822	0.649383544921875	-0.05523681640625	-0.0258331298828125	1.0	
1507566027842	1653800476424	0.4542999267578125	0.2542877197265625	-0.202178955078125	1.0	
1507566027861	1653820618025	0.1629180908203125	0.3433990478515625	-0.2187347412109375	1.0	
1507566027881	1653840759627	0.25128173828125	0.1725616455078125	-0.3848114013671875	1.0	
1507566027899	1653860901229	0.40887451171875	0.2126617431640625	-0.039215087890625	1.0	
1507566027928	1653881042830	0.5365753173828125	0.225189208984375	0.7465972900390625	1.0	
1507566027954	1653901184432	0.529205322265625	0.0257415771484375	0.2364501953125	1.0	
1507566027966	1653921326033	0.3829193115234375	0.097412109375	-0.0198211669921875	1.0	
1507566027983	1653941467635	0.4056396484375	0.1269683837890625	-0.1649169921875	1.0	
1507566028000	1653961609236	0.4196929931640625	0.1348114013671875	-0.1804962158203125	1.0	
1507566028017	1653981750838	0.2881317138671875	0.1162261962890625	0.06298828125	1.0	
1507566028035	1654001892440	0.2178955078125	0.0381927490234375	0.1655731201171875	1.0	
1507566028054	1654022034041	0.442474365234375	0.224609375	-0.1201324462890625	1.0	
1507566028088	1654042175643	0.2949371337890625	0.2887725830078125	-0.0883331298828125	1.0	
1507566028106	1654062317244	0.548675537109375	0.154205322265625	0.0951080322265625	1.0	
1507566028126	1654082458846	0.6255035400390625	0.0842132568359375	0.1834869384765625	1.0	
1507566028143	1654102600447	0.4278717041015625	0.1431427001953125	0.0543975830078125	1.0	
1507566028161	1654122742049	0.120208740234375	0.0504608154296875	0.012969970703125	1.0	
1507566028183	1654142883650	-0.0737762451171875	0.23150634765625	-0.060394287109375	1.0	
1507566028198	1654163025252	0.097137451171875	0.438232421875	-0.097076416015625	1.0	
1507566028231	1654183166854	0.5295562744140625	0.3862457275390625	-0.0519256591796875	1.0	
1507566028249	1654203308455	0.636871337890625	0.068695068359375	0.1249542236328125	1.0	
1507566028267	1654223450057	0.4131317138671875	0.0299835205078125	0.2793121337890625	1.0	
1507566028285	1654243591658	-0.1881103515625	0.068206787109375	0.2144622802734375	1.0	
1507566028303	1654263733260	-0.1690216064453125	0.2285614013671875	-0.1872711181640625	1.0	
1507566028322	1654283874861	0.498046875	0.1535491943359375	0.296661376953125	1.0	
1507566028341	1654304016463	0.8515167236328125	-0.0937652587890625	0.279266357421875	1.0	
1507566028377	1654324158065	0.741119384765625	-0.0387420654296875	-0.0294952392578125	1.0	
1507566028393	1654344299666	0.5007781982421875	0.0511932373046875	-0.213470458984375	1.0	
1507566028411	1654364441268	0.6263580322265625	-0.1219635009765625	-0.0135650634765625	1.0	
1507566028430	1654384582869	0.5666046142578125	0.00189208984375	0.083984375	1.0	
1507566028448	1654404724471	0.50775146484375	-0.170501708984375	0.004119873046875	1.0	
1507566028465	1654424866072	0.573577880859375	-0.380401611328125	0.2764892578125	1.0	
1507566028483	1654445007674	0.5938262939453125	0.3306121826171875	0.319488525390625	1.0	
1507566028500	1654465149275	0.4622650146484375	0.829010009765625	0.6141204833984375	1.0	
1507566028536	1654485290877	0.5736846923828125	0.0265655517578125	-0.2241668701171875	1.0	
1507566028556	1654505432479	0.332183837890625	0.0607757568359375	-0.1853179931640625	1.0	
1507566028572	1654525574080	0.3704681396484375	0.0550079345703125	-0.0261383056640625	1.0	
1507566028589	1654545715682	0.4926300048828125	0.101348876953125	0.1664886474609375	1.0	
1507566028607	1654565857283	0.323516845703125	-0.0287322998046875	0.19476318359375	1.0	
1507566028626	1654585998885	0.2575836181640625	-0.0253448486328125	0.189788818359375	1.0	
1507566028646	1654606140486	0.42547607421875	0.1026458740234375	0.2254180908203125	1.0	
1507566028679	1654626282088	0.3723602294921875	0.1304779052734375	0.140289306640625	1.0	
1507566028697	1654646423690	0.4771270751953125	0.2448272705078125	0.085906982421875	1.0	
1507566028715	1654666565291	0.460906982421875	0.103179931640625	-0.0126495361328125	1.0	
1507566028732	1654686706893	0.3710174560546875	0.0649261474609375	0.19036865234375	1.0	
1507566028750	1654706848494	0.4298095703125	0.0680694580078125	0.1876983642578125	1.0	
1507566028769	1654726990096	0.481689453125	0.00677490234375	0.1234893798828125	1.0	
1507566028788	1654747131697	0.346282958984375	0.1289825439453125	-0.09893798828125	1.0	
1507566028812	1654767273299	0.7293243408203125	0.1208648681640625	-0.7234649658203125	1.0	
1507566028843	1654787414900	0.00494384765625	0.3055419921875	0.2382049560546875	1.0	
1507566028858	1654807556502	0.3053741455078125	0.182098388671875	0.62701416015625	1.0	
1507566028874	1654827698104	0.2869110107421875	-0.0135650634765625	0.1254730224609375	1.0	
1507566028892	1654847839705	0.18060302734375	-0.225128173828125	-0.08074951171875	1.0	
1507566028911	1654867981307	0.5714111328125	-0.2852020263671875	-0.35186767578125	1.0	
1507566028929	1654888122908	0.338165283203125	0.4781646728515625	-0.4206390380859375	1.0	
1507566028945	1654908264510	0.3090362548828125	0.412506103515625	0.499786376953125	1.0	
1507566028983	1654928406111	0.4833526611328125	-0.0350799560546875	0.202362060546875	1.0	
1507566028999	1654948547713	0.441253662109375	-0.0928802490234375	-0.3702850341796875	1.0	
1507566029017	1654968689315	0.3693695068359375	0.1564178466796875	-0.0816802978515625	1.0	
1507566029036	1654988830916	0.44940185546875	0.6155548095703125	0.4519500732421875	1.0	
1507566029055	1655008972518	0.3941802978515625	0.302337646484375	0.55242919921875	1.0	
1507566029072	1655029114119	0.0946197509765625	-0.0742340087890625	-0.0195465087890625	1.0	
1507566029088	1655049255721	0.0597686767578125	0.169525146484375	-0.0462646484375	1.0	
1507566029107	1655069397322	0.351715087890625	0.3648223876953125	0.307098388671875	1.0	
1507566029128	1655089538924	0.5621337890625	0.1072235107421875	0.489349365234375	1.0	
1507566029160	1655109680525	0.372894287109375	0.20947265625	0.1650390625	1.0	
1507566029196	1655129822127	0.187530517578125	0.4390869140625	-0.052947998046875	1.0	
1507566029203	1655149963729	-0.0961456298828125	0.8361053466796875	0.0517120361328125	1.0	
1507566029214	1655170105330	0.011505126953125	0.626556396484375	0.2033843994140625	1.0	
1507566029231	1655190246932	0.4031219482421875	0.2188873291015625	0.0961151123046875	1.0	
1507566029249	1655210388533	0.6700439453125	-0.0761871337890625	0.0108795166015625	1.0	
1507566029267	1655230530135	0.579345703125	-0.075592041015625	0.0288238525390625	1.0	
1507566029285	1655250671736	0.497528076171875	-0.1529083251953125	0.0248260498046875	1.0	
1507566029320	1655270813338	0.490447998046875	0.200531005859375	0.26593017578125	1.0	
1507566029340	1655290954940	0.493682861328125	0.1853790283203125	-0.11590576171875	1.0	
1507566029356	1655311096541	0.4364013671875	0.0928955078125	-0.1786346435546875	1.0	
1507566029376	1655331238143	0.5212249755859375	0.0971527099609375	-0.101165771484375	1.0	
1507566029395	1655351379744	0.5728607177734375	-0.1467132568359375	0.1469573974609375	1.0	
1507566029410	1655371521346	0.62725830078125	-0.322479248046875	0.205352783203125	1.0	
1507566029429	1655391662947	0.579559326171875	-0.324493408203125	0.183135986328125	1.0	
1507566029448	1655411804549	0.3755950927734375	-0.17755126953125	-0.0477142333984375	1.0	
1507566029463	1655431946150	0.33685302734375	-0.1106719970703125	-0.0435333251953125	1.0	
1507566029501	1655452087752	0.131561279296875	0.132904052734375	0.3233795166015625	1.0	
1507566029519	1655472229354	0.3301849365234375	0.26397705078125	0.60052490234375	1.0	
1507566029537	1655492370955	0.47479248046875	0.1583709716796875	0.4721832275390625	1.0	
1507566029555	1655512512557	0.3534698486328125	-0.1031341552734375	-0.0372467041015625	1.0	
1507566029571	1655532654158	0.2188568115234375	-0.1281585693359375	-0.2939910888671875	1.0	
1507566029590	1655552795760	0.1902923583984375	-0.0557861328125	-0.415252685546875	1.0	
1507566029610	1655572937361	0.1420135498046875	0.03277587890625	-0.0141754150390625	1.0	
1507566029625	1655593078963	0.33392333984375	0.1172332763671875	0.2424468994140625	1.0	
1507566029643	1655613220565	0.424835205078125	0.2962799072265625	0.574066162109375	1.0	
1507566029678	1655633362166	0.5582275390625	0.3113250732421875	0.248687744140625	1.0	
1507566029696	1655653503768	0.49896240234375	0.1735992431640625	-0.05560302734375	1.0	
1507566029715	1655673645369	0.4080352783203125	0.060791015625	-0.1541290283203125	1.0	
1507566029732	1655693786971	0.4011383056640625	0.08953857421875	-0.1713104248046875	1.0	
1507566029750	1655713928572	0.2840423583984375	0.09222412109375	0.0390777587890625	1.0	
1507566029769	1655734070174	0.3079681396484375	0.1509857177734375	0.3720703125	1.0	
1507566029785	1655754211775	0.463775634765625	0.2463226318359375	0.247467041015625	1.0	
1507566029804	1655774353377	0.5233612060546875	0.1757049560546875	-0.015716552734375	1.0	
1507566029840	1655794494979	0.43243408203125	0.2032928466796875	-0.03857421875	1.0	
1507566029858	1655814636580	0.1608428955078125	0.131866455078125	-0.0069122314453125	1.0	
1507566029876	1655834778182	0.06591796875	0.08489990234375	0.0386199951171875	1.0	
1507566029893	1655854919783	0.082183837890625	0.4391937255859375	0.0160980224609375	1.0	
1507566029911	1655875061385	0.294891357421875	0.3860626220703125	-0.054412841796875	1.0	
1507566029931	1655895202986	0.385345458984375	0.2873992919921875	-0.2117919921875	1.0	
1507566029947	1655915344588	0.4237213134765625	0.40692138671875	-0.5028076171875	1.0	
1507566029965	1655935486190	0.38372802734375	0.3941497802734375	-0.384185791015625	1.0	
1507566029984	1655955627791	0.37103271484375	0.4341583251953125	-0.1230621337890625	1.0	
1507566030019	1655975769393	0.188568115234375	0.3242950439453125	-0.13897705078125	1.0	
1507566030038	1655995910994	-0.0415496826171875	0.251922607421875	0.16827392578125	1.0	
1507566030054	1656016052596	-0.0588226318359375	0.2314910888671875	0.03680419921875	1.0	
1507566030072	1656036194197	0.092559814453125	0.220306396484375	0.0208892822265625	1.0	
1507566030092	1656056335799	0.38763427734375	0.2083587646484375	0.05828857421875	1.0	
1507566030108	1656076477400	0.5526123046875	-0.0519866943359375	0.0356597900390625	1.0	
1507566030126	1656096619002	0.5687255859375	-0.0023040771484375	0.38787841796875	1.0	
1507566030147	1656116760604	0.52886962890625	-0.02685546875	0.551666259765625	1.0	
1507566030182	1656136902205	0.6786346435546875	-0.0478668212890625	0.265625	1.0	
1507566030198	1656157043807	0.6682891845703125	-0.048126220703125	-0.043853759765625	1.0	
1507566030214	1656177185408	0.6020965576171875	-0.1624603271484375	-0.335662841796875	1.0	
1507566030232	1656197327010	0.608428955078125	-0.1864471435546875	-0.03240966796875	1.0	
1507566030252	1656217468611	0.7155609130859375	-0.168975830078125	0.3369293212890625	1.0	
1507566030268	1656237610213	0.687347412109375	-0.102294921875	0.2559661865234375	1.0	
1507566030287	1656257751815	0.550323486328125	0.1681976318359375	0.1490020751953125	1.0	
1507566030322	1656277893416	0.4958953857421875	0.15411376953125	-0.009735107421875	1.0	
1507566030342	1656298035018	0.5071563720703125	-0.020965576171875	-0.136138916015625	1.0	
1507566030360	1656318176619	0.1981658935546875	0.0334930419921875	0.0737762451171875	1.0	
1507566030378	1656338318221	0.1440277099609375	0.0432586669921875	0.179168701171875	1.0	
1507566030394	1656358459822	0.12518310546875	0.102142333984375	0.23370361328125	1.0	
1507566030416	1656378601424	0.2372894287109375	0.0964202880859375	0.20550537109375	1.0	
1507566030429	1656398743025	0.3335418701171875	-0.03057861328125	0.3509979248046875	1.0	
1507566030465	1656418884627	0.4180145263671875	0.020751953125	0.2297515869140625	1.0	
1507566030483	1656439026229	0.3165740966796875	0.0054168701171875	0.0222930908203125	1.0	
1507566030500	1656459167830	0.337249755859375	0.0414581298828125	-0.1075592041015625	1.0	
1507566030518	1656479309432	0.378814697265625	0.081787109375	-0.0283966064453125	1.0	
1507566030536	1656499451033	0.4203033447265625	0.1690826416015625	0.0189666748046875	1.0	
1507566030554	1656519592635	0.48004150390625	0.3346710205078125	0.1088409423828125	1.0	
1507566030574	1656539734236	0.45361328125	0.2711181640625	0.12548828125	1.0	
1507566030590	1656559875838	0.317047119140625	0.021759033203125	-0.0340423583984375	1.0	
1507566030625	1656580017440	0.137115478515625	-0.0322723388671875	0.10943603515625	1.0	
1507566030644	1656600159041	0.1208343505859375	-0.068328857421875	0.0987548828125	1.0	
1507566030660	1656620300643	0.251953125	0.069732666015625	0.069915771484375	1.0	
1507566030680	1656640442244	0.2689208984375	0.220458984375	-0.15887451171875	1.0	
1507566030697	1656660583846	0.301605224609375	0.2656707763671875	-0.213104248046875	1.0	
1507566030715	1656680725447	0.426544189453125	0.3028106689453125	-0.202362060546875	1.0	
1507566030734	1656700867049	0.3424530029296875	0.301361083984375	0.0283203125	1.0	
1507566030768	1656721008650	0.4635772705078125	0.098724365234375	0.243377685546875	1.0	
1507566030786	1656741150252	0.3518524169921875	-0.033538818359375	0.1864471435546875	1.0	
1507566030804	1656761291854	0.403839111328125	0.0927276611328125	0.200469970703125	1.0	
1507566030821	1656781433455	0.3613739013671875	0.0157318115234375	0.0918731689453125	1.0	
1507566030839	1656801575057	0.3775177001953125	0.01641845703125	-0.131256103515625	1.0	
1507566030857	1656821716658	0.2187042236328125	-0.0287933349609375	-0.2281341552734375	1.0	
1507566030874	1656841858260	0.1875	0.198822021484375	-0.0578155517578125	1.0	
1507566030910	1656861999861	0.3223724365234375	0.225982666015625	0.0778656005859375	1.0	
1507566030928	1656882141463	0.4709625244140625	0.1996612548828125	0.2315521240234375	1.0	
1507566030946	1656902283065	0.38665771484375	0.1804962158203125	0.0759735107421875	1.0	
1507566030964	1656922424666	0.2467041015625	0.074615478515625	0.080810546875	1.0	
1507566030982	1656942566268	0.2587738037109375	0.1573028564453125	0.1307830810546875	1.0	
1507566031001	1656962707869	0.3160552978515625	0.1525115966796875	0.20220947265625	1.0	
1507566031020	1656982849471	0.4591217041015625	0.052398681640625	0.2046966552734375	1.0	
1507566031035	1657002991072	0.4136505126953125	0.084808349609375	0.0984954833984375	1.0	
1507566031071	1657023132674	0.3567047119140625	0.1146392822265625	0.1576385498046875	1.0	
1507566031090	1657043274275	0.3268585205078125	0.1545562744140625	-0.09197998046875	1.0	
1507566031107	1657063415877	0.353271484375	0.15313720703125	-0.0247802734375	1.0	
1507566031124	1657083557479	0.331512451171875	0.16864013671875	-0.0372314453125	1.0	
1507566031142	1657103699080	0.340667724609375	0.1037139892578125	0.0949249267578125	1.0	
1507566031162	1657123840682	0.3119354248046875	0.071746826171875	-0.011444091796875	1.0	
1507566031178	1657143982283	0.3997955322265625	0.19342041015625	0.026702880859375	1.0	
1507566031215	1657164123885	0.441741943359375	0.09381103515625	0.0747528076171875	1.0	
1507566031232	1657184265486	0.36566162109375	0.1016387939453125	-0.0414581298828125	1.0	
1507566031250	1657204407088	0.428375244140625	0.1204681396484375	0.0206146240234375	1.0	
1507566031268	1657224548690	0.4088897705078125	0.1529693603515625	0.1247100830078125	1.0	
1507566031286	1657244690291	0.32806396484375	0.1097564697265625	0.2281036376953125	1.0	
1507566031304	1657264831893	0.3873748779296875	0.11981201171875	0.179473876953125	1.0	
1507566031323	1657284973494	0.3970794677734375	0.12890625	0.1469573974609375	1.0	
1507566031358	1657305115096	0.30145263671875	0.079376220703125	-0.066253662109375	1.0	
1507566031376	1657325256697	0.30499267578125	0.08294677734375	0.0137939453125	1.0	
1507566031393	1657345398299	0.241302490234375	0.0908355712890625	0.0596923828125	1.0	
1507566031411	1657365539900	0.3024444580078125	0.1694183349609375	0.0927276611328125	1.0	
1507566031429	1657385681502	0.30645751953125	0.1813201904296875	0.0742950439453125	1.0	
1507566031447	1657405823104	0.383514404296875	0.0771484375	-0.0450286865234375	1.0	
1507566031464	1657425964705	0.392791748046875	0.1114349365234375	0.020843505859375	1.0	
1507566031483	1657446106307	0.317138671875	0.1144561767578125	0.001007080078125	1.0	
1507566031518	1657466247908	0.422210693359375	0.1389312744140625	0.132476806640625	1.0	
1507566031537	1657486389510	0.5089263916015625	0.1653900146484375	0.2399749755859375	1.0	
1507566031554	1657506531111	0.3914947509765625	0.014129638671875	0.203216552734375	1.0	
1507566031571	1657526672713	0.3261871337890625	0.032379150390625	-0.01641845703125	1.0	
1507566031589	1657546814315	0.373992919921875	0.0932769775390625	-0.0522308349609375	1.0	
1507566031607	1657566955916	0.4173431396484375	0.1778411865234375	0.0400848388671875	1.0	
1507566031625	1657587097518	0.43133544921875	0.072845458984375	-0.1139678955078125	1.0	
1507566031661	1657607239119	0.27789306640625	0.08148193359375	0.0057830810546875	1.0	
1507566031679	1657627380721	0.3489227294921875	0.123626708984375	0.008575439453125	1.0	
1507566031699	1657647522322	0.3895263671875	0.0838470458984375	0.0992889404296875	1.0	
1507566031714	1657667663924	0.3970947265625	0.119873046875	0.1272430419921875	1.0	
1507566031733	1657687805525	0.429534912109375	0.129150390625	0.0421600341796875	1.0	
1507566031750	1657707947127	0.3397216796875	0.0336456298828125	0.1363525390625	1.0	
1507566031768	1657728088729	0.39764404296875	0.0491790771484375	0.125885009765625	1.0	
1507566031786	1657748230330	0.4743804931640625	0.081451416015625	0.1568145751953125	1.0	
1507566031822	1657768371932	0.344146728515625	0.1424102783203125	0.041778564453125	1.0	
1507566031839	1657788513533	0.441375732421875	0.079010009765625	0.0371246337890625	1.0	
1507566031858	1657808655135	0.3815765380859375	0.1185455322265625	0.1724395751953125	1.0	
1507566031875	1657828796736	0.47161865234375	0.105316162109375	0.054718017578125	1.0	
1507566031892	1657848938338	0.3532562255859375	0.0784912109375	0.0400848388671875	1.0	
1507566031911	1657869079940	0.39056396484375	0.0219573974609375	-0.19549560546875	1.0	
1507566031930	1657889221541	0.3642120361328125	0.0951690673828125	-0.30682373046875	1.0	
1507566031954	1657909363143	0.3798980712890625	0.1671295166015625	-0.1689300537109375	1.0	
1507566031994	1657929504744	0.4080657958984375	0.3609466552734375	0.1417388916015625	1.0	
1507566032018	1657949646346	0.3813934326171875	0.17156982421875	0.4163665771484375	1.0	
1507566032039	1657969787947	0.251617431640625	-0.19036865234375	0.2949371337890625	1.0	
1507566032061	1657989929549	0.175262451171875	-0.21429443359375	0.353302001953125	1.0	
1507566032077	1658010071150	0.3520660400390625	0.072967529296875	0.1773681640625	1.0	
1507566032097	1658030212752	0.5230255126953125	0.1953887939453125	-0.1327056884765625	1.0	
1507566032114	1658050354354	0.3646392822265625	0.159393310546875	-0.25433349609375	1.0	
1507566032126	1658070495955	0.37396240234375	0.1749420166015625	-0.1016387939453125	1.0	
1507566032137	1658090637557	0.3637542724609375	0.1909332275390625	0.2617034912109375	1.0	
1507566032161	1658110779158	0.6259918212890625	0.0478515625	0.7133941650390625	1.0	
1507566032181	1658130920760	0.63934326171875	0.0582427978515625	0.723175048828125	1.0	
1507566032196	1658151062361	0.5284423828125	0.0484771728515625	0.212158203125	1.0	
1507566032214	1658171203963	0.341278076171875	-0.088592529296875	-0.45843505859375	1.0	
1507566032233	1658191345565	0.1248321533203125	-0.0350799560546875	-0.268157958984375	1.0	
1507566032250	1658211487166	0.4259796142578125	-0.0483856201171875	-0.2045745849609375	1.0	
1507566032269	1658231628768	0.2533111572265625	-0.1749114990234375	-1.0576934814453125	1.0	
1507566032289	1658251770369	-0.270233154296875	0.0180206298828125	-1.2122039794921875	1.0	
1507566032322	1658271911971	-0.0088043212890625	0.5245208740234375	0.2026824951171875	1.0	
1507566032340	1658292053572	0.73211669921875	0.6175994873046875	1.5502471923828125	1.0	
1507566032357	1658312195174	0.9904022216796875	0.3619537353515625	1.135162353515625	1.0	
1507566032375	1658332336775	0.6260528564453125	0.0181121826171875	0.32269287109375	1.0	
1507566032394	1658352478377	0.41741943359375	-0.2261810302734375	0.4844970703125	1.0	
1507566032411	1658372619979	0.16949462890625	0.0162200927734375	0.4743194580078125	1.0	
1507566032430	1658392761580	0.18731689453125	-0.0039825439453125	0.3377532958984375	1.0	
1507566032448	1658412903182	0.188323974609375	-0.3744049072265625	0.5247802734375	1.0	
1507566032483	1658433044783	0.1925048828125	-0.2544403076171875	0.1844024658203125	1.0	
1507566032501	1658453186385	0.2662200927734375	-0.0267333984375	-0.1918182373046875	1.0	
1507566032519	1658473327986	0.2716522216796875	0.04522705078125	-0.3288116455078125	1.0	
1507566032537	1658493469588	0.3697509765625	0.05169677734375	-0.162322998046875	1.0	
1507566032555	1658513611190	0.345550537109375	0.2155914306640625	-0.0580596923828125	1.0	
1507566032572	1658533752791	0.51202392578125	0.2697296142578125	-0.013031005859375	1.0	
1507566032590	1658553894393	0.3630218505859375	0.485260009765625	-0.0493621826171875	1.0	
1507566032609	1658574035994	0.2893829345703125	0.0581207275390625	-0.1189117431640625	1.0	
1507566032643	1658594177596	0.1602020263671875	0.0393218994140625	0.075531005859375	1.0	
1507566032662	1658614319197	-0.06781005859375	0.01177978515625	0.219482421875	1.0	
1507566032679	1658634460799	-0.2012481689453125	0.018035888671875	0.3269805908203125	1.0	
1507566032696	1658654602400	0.35235595703125	-0.271331787109375	1.709320068359375	1.0	
1507566032716	1658674744002	0.07611083984375	0.261199951171875	1.5485992431640625	1.0	
1507566032733	1658694885604	-0.205108642578125	0.5943756103515625	0.2675323486328125	1.0	
1507566032753	1658715027205	0.0744781494140625	0.11328125	-0.0222320556640625	1.0	
1507566032769	1658735168807	-0.182098388671875	0.2337799072265625	-0.261505126953125	1.0	
1507566032805	1658755310408	-0.07806396484375	0.1096954345703125	-0.098052978515625	1.0	
1507566032822	1658775452010	0.2387237548828125	-0.10198974609375	0.047821044921875	1.0	
1507566032840	1658795593611	0.089996337890625	-0.1442718505859375	0.2573699951171875	1.0	
1507566032857	1658815735213	0.18670654296875	-0.2098236083984375	-0.003173828125	1.0	
1507566032877	1658835876815	0.316131591796875	-0.1123504638671875	-0.346832275390625	1.0	
1507566032894	1658856018416	0.3948516845703125	0.1929779052734375	-0.796905517578125	1.0	
1507566032912	1658876160018	0.337371826171875	0.1793670654296875	-0.5612945556640625	1.0	
1507566032931	1658896301619	0.1474151611328125	0.012420654296875	0.007965087890625	1.0	
1507566032966	1658916443221	0.255950927734375	-0.3864593505859375	0.080108642578125	1.0	
1507566032984	1658936584822	0.1171722412109375	-0.2305145263671875	-0.13873291015625	1.0	
1507566033001	1658956726424	0.073455810546875	-0.1608428955078125	0.517364501953125	1.0	
1507566033019	1658976868025	0.355987548828125	-0.0560302734375	0.76953125	1.0	
1507566033039	1658997009627	0.355865478515625	0.036407470703125	0.7021636962890625	1.0	
1507566033055	1659017151229	0.4171295166015625	0.241180419921875	0.715911865234375	1.0	
1507566033073	1659037292830	0.496368408203125	0.6251068115234375	0.6602630615234375	1.0	
1507566033093	1659057434432	0.4659423828125	0.8187255859375	0.551666259765625	1.0	
1507566033126	1659077576033	0.3250274658203125	0.7645721435546875	0.6855010986328125	1.0	
1507566033144	1659097717635	0.2967071533203125	0.7232208251953125	0.6594390869140625	1.0	
1507566033162	1659117859236	0.2284088134765625	0.5194244384765625	0.4029998779296875	1.0	
1507566033180	1659138000838	0.0850677490234375	0.5207672119140625	0.1621856689453125	1.0	
1507566033198	1659158142440	-0.100311279296875	0.3797149658203125	0.001556396484375	1.0	
1507566033215	1659178284041	-0.1462554931640625	0.0090484619140625	-0.333984375	1.0	
1507566033233	1659198425643	-0.19549560546875	-0.377288818359375	-0.5178070068359375	1.0	
1507566033252	1659218567244	0.59503173828125	-0.414825439453125	-0.86944580078125	1.0	
1507566033287	1659238708846	1.0285186767578125	-0.243621826171875	-0.622344970703125	1.0	
1507566033304	1659258850447	0.9307708740234375	0.111663818359375	0.2108612060546875	1.0	
1507566033322	1659278992049	0.9522705078125	0.1141510009765625	1.21636962890625	1.0	
1507566033340	1659299133650	0.9888763427734375	0.1067962646484375	0.6788177490234375	1.0	
1507566033361	1659319275252	0.099609375	0.1732940673828125	0.013397216796875	1.0	
1507566033375	1659339416854	-1.0357666015625	0.3673248291015625	0.491668701171875	1.0	
1507566033393	1659359558455	-0.636260986328125	0.265045166015625	0.8096771240234375	1.0	
1507566033411	1659379700057	0.187652587890625	0.261016845703125	0.8681793212890625	1.0	
1507566033446	1659399841658	1.0049591064453125	0.19342041015625	0.5698089599609375	1.0	
1507566033464	1659419983260	1.1431121826171875	0.074981689453125	0.394287109375	1.0	
1507566033482	1659440124861	1.0937042236328125	0.07098388671875	0.0948028564453125	1.0	
1507566033500	1659460266463	0.7862091064453125	0.2701873779296875	-0.1214141845703125	1.0	
1507566033519	1659480408065	0.4582977294921875	0.188873291015625	-0.301910400390625	1.0	
1507566033536	1659500549666	0.3099517822265625	0.0866851806640625	-0.4327850341796875	1.0	
1507566033554	1659520691268	0.2189178466796875	0.0704498291015625	-0.4656219482421875	1.0	
1507566033573	1659540832869	0.228607177734375	-0.0076446533203125	-0.51763916015625	1.0	
1507566033607	1659560974471	0.5833587646484375	0.1360626220703125	-0.396209716796875	1.0	
1507566033626	1659581116072	0.635650634765625	0.0540924072265625	-0.22210693359375	1.0	
1507566033643	1659601257674	0.7114105224609375	0.0855865478515625	0.0338897705078125	1.0	
1507566033661	1659621399275	0.6221923828125	0.0525360107421875	0.0225372314453125	1.0	
1507566033680	1659641540877	0.3335113525390625	-0.030242919921875	0.07373046875	1.0	
1507566033697	1659661682479	0.1983184814453125	-0.0422515869140625	0.0475311279296875	1.0	
1507566033714	1659681824080	0.248443603515625	0.0888214111328125	0.524627685546875	1.0	
1507566033732	1659701965682	0.8346710205078125	0.072235107421875	0.6725921630859375	1.0	
1507566033768	1659722107283	0.6947174072265625	0.0714263916015625	0.11578369140625	1.0	
1507566033789	1659742248885	0.6326904296875	-0.1811981201171875	-0.1461639404296875	1.0	
1507566033805	1659762390486	0.6524810791015625	-0.1725921630859375	-0.1587677001953125	1.0	
1507566033823	1659782532088	0.6390838623046875	-0.15887451171875	-0.36297607421875	1.0	
1507566033839	1659802673690	0.58514404296875	-0.0742645263671875	-0.307037353515625	-1.0	
1507566033855	1659822815291	0.5290374755859375	0.10406494140625	0.12060546875	-1.0	
1507566033876	1659842956893	0.8665618896484375	0.33343505859375	-1.0728759765625	-1.0	
1507566033894	1659863098494	1.3353729248046875	0.851959228515625	-0.35125732421875	-1.0	
1507566033927	1659883240096	0.725616455078125	1.079559326171875	0.4320220947265625	-1.0	
1507566033945	1659903381697	0.1933746337890625	0.8917388916015625	1.018646240234375	-1.0	
1507566033962	1659923523299	0.5111236572265625	0.694091796875	1.241241455078125	-1.0	
1507566033981	1659943664900	0.2835540771484375	0.319976806640625	0.6723175048828125	-1.0	
1507566034000	1659963806502	-0.0618438720703125	0.301605224609375	0.4315032958984375	-1.0	
1507566034019	1659983948104	0.3795013427734375	0.031341552734375	0.4619140625	1.0	
1507566034039	1660004089705	0.4393157958984375	-0.1695556640625	0.6215972900390625	1.0	
1507566034053	1660024231307	0.28961181640625	-0.113311767578125	0.48846435546875	1.0	
1507566034092	1660044372908	-0.1282501220703125	-0.122802734375	0.199371337890625	1.0	
1507566034106	1660064514510	-0.0627899169921875	-0.36444091796875	-0.2591400146484375	1.0	
1507566034125	1660084656111	-0.18304443359375	-0.4143829345703125	-0.0619049072265625	1.0	
1507566034143	1660104797713	-0.04412841796875	-0.45025634765625	-0.100830078125	4.0	
1507566034161	1660124939315	0.1404266357421875	-0.446258544921875	0.025634765625	4.0	
1507566034177	1660145080916	0.4557647705078125	-0.51104736328125	0.1905517578125	4.0	
1507566034198	1660165222518	0.4848175048828125	-0.4631500244140625	0.194061279296875	4.0	
1507566034217	1660185364119	0.438446044921875	-0.393829345703125	0.02874755859375	4.0	
1507566034235	1660205505721	0.315399169921875	-0.4204864501953125	-0.0106353759765625	4.0	
1507566034272	1660225647322	0.43389892578125	-0.076629638671875	-0.1470947265625	4.0	
1507566034288	1660245788924	0.5614166259765625	-0.1836700439453125	-0.1263275146484375	4.0	
1507566034306	1660265930525	0.5703582763671875	-0.2823944091796875	-0.1722412109375	4.0	
1507566034322	1660286072127	0.51702880859375	-0.25213623046875	-0.203369140625	4.0	
1507566034337	1660306213729	0.4676971435546875	-0.1679840087890625	-0.2669830322265625	4.0	
1507566034355	1660326355330	0.5244140625	-0.207427978515625	-0.303375244140625	4.0	
1507566034374	1660346496932	0.511749267578125	-0.2521209716796875	-0.3056793212890625	4.0	
1507566034391	1660366638533	0.5531768798828125	-0.285552978515625	-0.24493408203125	4.0	
1507566034428	1660386780135	0.6248626708984375	-0.1891937255859375	-0.30780029296875	4.0	
1507566034445	1660406921736	0.568817138671875	-0.1135101318359375	-0.2980804443359375	4.0	
1507566034465	1660427063338	0.4805145263671875	-0.1407012939453125	-0.2277374267578125	4.0	
1507566034483	1660447204940	0.522216796875	-0.09954833984375	-0.2244110107421875	4.0	
1507566034500	1660467346541	0.3751678466796875	0.08709716796875	-0.2201690673828125	4.0	
1507566034517	1660487488143	0.2818450927734375	0.12548828125	-0.2484893798828125	4.0	
1507566034534	1660507629744	0.45343017578125	0.0882415771484375	-0.31854248046875	4.0	
1507566034553	1660527771346	0.4578857421875	0.1750640869140625	-0.2837066650390625	4.0	
1507566034590	1660547912947	0.65460205078125	0.3479156494140625	-0.37896728515625	4.0	
1507566034608	1660568054549	0.6519775390625	0.42474365234375	-0.243621826171875	4.0	
1507566034623	1660588196150	0.790191650390625	0.4460296630859375	-0.2242431640625	4.0	
1507566034642	1660608337752	0.871307373046875	0.4864044189453125	-0.205535888671875	4.0	
1507566034660	1660628479354	0.997711181640625	0.4254913330078125	-0.103424072265625	4.0	
1507566034677	1660648620955	0.9190826416015625	0.5039215087890625	-0.1556549072265625	4.0	
1507566034697	1660668762557	0.7815399169921875	0.7375946044921875	0.0369415283203125	4.0	
1507566034731	1660688904158	0.6055755615234375	0.606292724609375	0.08721923828125	4.0	
1507566034750	1660709045760	0.4608917236328125	0.5109710693359375	0.0691070556640625	4.0	
1507566034767	1660729187361	0.3802337646484375	0.5081634521484375	0.07489013671875	4.0	
1507566034786	1660749328963	0.30767822265625	0.4863739013671875	0.194061279296875	4.0	
1507566034806	1660769470565	0.371734619140625	0.5729217529296875	0.212005615234375	4.0	
1507566034822	1660789612166	0.5017242431640625	0.472686767578125	0.1672210693359375	4.0	
1507566034840	1660809753768	0.6758880615234375	0.4437713623046875	0.3289031982421875	4.0	
1507566034857	1660829895369	0.5926361083984375	0.4483184814453125	0.2858734130859375	4.0	
1507566034893	1660850036971	0.3883209228515625	0.544189453125	-0.058624267578125	4.0	
1507566034911	1660870178572	0.1135406494140625	0.6284637451171875	-5.0781402587890625	4.0	
1507566034927	1660890320174	1.0709381103515625	0.192230224609375	-1.7245941162109375	4.0	
1507566034945	1660910461775	1.0633697509765625	0.48779296875	0.9141998291015625	4.0	
1507566034966	1660930603377	0.83514404296875	0.44775390625	0.991302490234375	4.0	
1507566034984	1660950744979	0.769287109375	0.0833587646484375	0.7210235595703125	4.0	
1507566035001	1660970886580	0.402557373046875	-0.2026824951171875	0.5382537841796875	4.0	
1507566035017	1660991028182	0.0169525146484375	-0.070098876953125	0.1948089599609375	4.0	
1507566035053	1661011169783	-0.0711517333984375	-0.1218719482421875	0.01397705078125	4.0	
1507566035072	1661031311385	-0.07464599609375	-0.0597686767578125	0.0103912353515625	4.0	
1507566035088	1661051452986	0.170806884765625	-0.1787872314453125	0.06036376953125	4.0	
1507566035107	1661071594588	0.3180084228515625	-0.2984619140625	0.199859619140625	4.0	
1507566035125	1661091736190	0.3397674560546875	-0.36541748046875	0.2068023681640625	4.0	
1507566035141	1661111877791	0.327056884765625	-0.3573760986328125	0.304229736328125	4.0	
1507566035160	1661132019393	0.400421142578125	-0.2174530029296875	0.425445556640625	4.0	
1507566035195	1661152160994	0.3462677001953125	-0.175140380859375	0.318389892578125	4.0	
1507566035213	1661172302596	0.316131591796875	-0.118316650390625	0.236053466796875	4.0	
1507566035233	1661192444197	0.40496826171875	-0.1320648193359375	-0.0902252197265625	4.0	
1507566035253	1661212585799	0.4185791015625	0.0251312255859375	-0.2709503173828125	4.0	
1507566035271	1661232719907	0.403564453125	0.2281494140625	-0.314422607421875	4.0	
1507566035286	1661252861509	0.4694366455078125	0.388031005859375	-0.1997528076171875	4.0	
1507566035304	1661273003111	0.5272979736328125	0.3136749267578125	-0.0745697021484375	4.0	
1507566035321	1661293144712	0.4197998046875	0.2281951904296875	0.1906890869140625	4.0	
1507566035356	1661313286314	0.5907745361328125	0.2700042724609375	0.2982025146484375	4.0	
1507566035376	1661333427915	0.4990997314453125	0.064666748046875	0.32440185546875	4.0	
1507566035392	1661353569517	0.4970245361328125	0.0100860595703125	0.4228973388671875	4.0	
1507566035409	1661373711118	0.409698486328125	0.0501708984375	0.3457794189453125	4.0	
1507566035427	1661393852720	0.3571929931640625	0.06829833984375	0.188140869140625	4.0	
1507566035446	1661413994322	0.3697967529296875	0.0736236572265625	0.1817626953125	4.0	
1507566035463	1661434135923	0.4004669189453125	0.084869384765625	0.0731353759765625	4.0	
1507566035481	1661454277525	0.307037353515625	0.124237060546875	0.1513671875	4.0	
1507566035517	1661474419126	0.357208251953125	0.171783447265625	0.28558349609375	4.0	
1507566035536	1661494560728	0.4826507568359375	0.0867919921875	0.116851806640625	4.0	
1507566035554	1661514702329	0.5887451171875	0.06158447265625	0.1613311767578125	4.0	
1507566035571	1661534843931	0.4929351806640625	0.111602783203125	0.1165008544921875	4.0	
1507566035589	1661554985532	0.426055908203125	0.079376220703125	0.0796661376953125	4.0	
1507566035607	1661575127134	0.3304443359375	0.07391357421875	0.001922607421875	4.0	
1507566035624	1661595268736	0.40252685546875	0.0347137451171875	-0.010284423828125	4.0	
1507566035659	1661615410337	0.346405029296875	0.093505859375	0.0053558349609375	4.0	
1507566035678	1661635551939	0.4089508056640625	0.242279052734375	0.067901611328125	4.0	
1507566035695	1661655693540	0.480133056640625	0.4804840087890625	0.17498779296875	4.0	
1507566035714	1661675835142	0.5298614501953125	0.5690155029296875	0.315216064453125	4.0	
1507566035733	1661695976743	0.419525146484375	0.750030517578125	-0.2590789794921875	4.0	
1507566035749	1661716118345	0.548004150390625	0.683502197265625	-0.50445556640625	4.0	
1507566035771	1661736259947	0.4794769287109375	0.2916107177734375	0.1499786376953125	4.0	
1507566035787	1661756401548	0.2136993408203125	0.3710174560546875	0.3468780517578125	4.0	
1507566035824	1661776543150	-0.084197998046875	0.5274658203125	0.338653564453125	102.0	
1507566035840	1661796684751	-0.0735626220703125	0.4290313720703125	0.3119964599609375	102.0	
1507566035858	1661816826353	0.0289764404296875	0.3838348388671875	0.3221893310546875	102.0	
1507566035877	1661836967954	0.1382598876953125	0.298797607421875	0.2035369873046875	102.0	
1507566035891	1661857109556	0.1421356201171875	0.2378692626953125	0.154510498046875	102.0	
1507566035910	1661877251157	0.1696929931640625	0.251220703125	0.20501708984375	102.0	
1507566035930	1661897392759	0.1694488525390625	0.3038330078125	0.15179443359375	102.0	
1507566035946	1661917534361	0.215789794921875	0.3177947998046875	0.3022308349609375	102.0	
1507566035981	1661937675962	0.25177001953125	0.100616455078125	0.331634521484375	102.0	
1507566035999	1661957817564	0.200103759765625	0.0069580078125	0.1589202880859375	102.0	
1507566036017	1661977959165	0.038055419921875	0.01690673828125	0.0363616943359375	102.0	
1507566036038	1661998100767	0.0460052490234375	0.006195068359375	0.1523895263671875	102.0	
1507566036055	1662018242368	0.1963348388671875	-0.041748046875	0.2023162841796875	102.0	
1507566036075	1662038383970	0.29986572265625	0.0599822998046875	-0.032958984375	102.0	
1507566036092	1662058525572	0.40594482421875	-0.0672607421875	-0.126007080078125	102.0	
1507566036126	1662078667173	0.38775634765625	0.02288818359375	0.0217742919921875	102.0	
1507566036144	1662098808775	0.3907623291015625	-0.0415496826171875	-0.0133056640625	102.0	
1507566036161	1662118950376	0.4406585693359375	-0.0765533447265625	-7.01904296875E-4	102.0	
1507566036178	1662139091978	0.459991455078125	-0.168304443359375	0.0113677978515625	102.0	
1507566036197	1662159233579	0.457275390625	-0.1562957763671875	0.0757598876953125	102.0	
1507566036217	1662179375181	0.3600616455078125	-0.0881500244140625	0.0582275390625	102.0	
1507566036232	1662199516782	0.286163330078125	-0.0502471923828125	0.050323486328125	102.0	
1507566036253	1662219658384	0.46759033203125	-0.0523529052734375	0.041046142578125	102.0	
1507566036287	1662239799986	0.632598876953125	-0.0296630859375	0.0429229736328125	102.0	
1507566036304	1662259941587	0.6058502197265625	0.115386962890625	0.116485595703125	102.0	
1507566036322	1662280083189	0.4487762451171875	0.148223876953125	0.0811004638671875	102.0	
1507566036340	1662300224790	0.311553955078125	0.1178131103515625	0.1703948974609375	102.0	
1507566036360	1662320366392	0.32781982421875	0.0287322998046875	0.1199493408203125	102.0	
1507566036376	1662340507993	0.2763519287109375	0.046417236328125	0.126983642578125	102.0	
1507566036394	1662360649595	0.308837890625	0.1041107177734375	0.1562957763671875	102.0	
1507566036413	1662380791197	0.1236419677734375	0.0961761474609375	0.11236572265625	102.0	
1507566036448	1662400932798	0.17791748046875	0.0953216552734375	0.1638641357421875	102.0	
1507566036465	1662421074400	0.18194580078125	-0.05438232421875	0.1592254638671875	102.0	
1507566036483	1662441216001	0.365509033203125	0.029632568359375	0.238983154296875	102.0	
