1504199237831	1582252364418	330.0	-41.0	-1.0	95.0	
1504199237851	1582272506020	330.0	-41.0	-1.0	95.0	
1504199237884	1582292647621	330.0	-41.0	-1.0	95.0	
1504199237901	1582312789223	330.0	-41.0	-1.0	95.0	
1504199237919	1582332930824	330.0	-41.0	-1.0	95.0	
1504199237937	1582353072426	330.0	-41.0	-1.0	95.0	
1504199237956	1582373214027	330.0	-41.0	-1.0	95.0	
1504199237972	1582393355629	330.0	-41.0	-1.0	95.0	
1504199237990	1582413497231	330.0	-41.825042724609375	-1.0	95.0	
1504199238007	1582433638832	330.0	-42.0	-1.0	95.0	
1504199238043	1582453780434	330.0	-42.0	-1.0	95.0	
1504199238061	1582473922035	330.0	-42.0	-1.0	95.0	
1504199238078	1582494063637	330.0	-42.0	-1.0	95.0	
1504199238096	1582514205238	330.0	-42.0	-1.0	95.0	
1504199238114	1582534346840	330.0	-42.0	-1.0	95.0	
1504199238131	1582554488441	330.0	-42.0	-1.0	95.0	
1504199238148	1582574630043	330.0	-42.0	-1.0	95.0	
1504199238183	1582594771645	330.0	-42.0	-1.0	95.0	
1504199238201	1582614913246	330.0	-42.0	-1.0	95.0	
1504199238220	1582635054848	330.0	-42.0	-1.0	95.0	
1504199238237	1582655196449	330.0	-42.0	-1.0	95.0	
1504199238254	1582675338051	330.0	-42.0	-1.0	95.0	
1504199238273	1582695479652	330.0	-42.0	-1.0	95.0	
1504199238289	1582715621254	330.0	-42.0	-1.0	95.0	
1504199238307	1582735762856	330.0	-42.0	-1.0	95.0	
1504199238342	1582755904457	330.0	-42.0	-1.0	95.0	
1504199238360	1582776046059	330.0	-42.0	-1.0	95.0	
1504199238379	1582796187660	330.0	-42.0	-1.0	95.0	
1504199238395	1582816329262	330.0	-42.0	-1.0	95.0	
1504199238412	1582836470863	330.0	-42.0	-1.0	95.0	
1504199238431	1582856612465	330.0	-42.0	-1.0	95.0	
1504199238447	1582876754066	330.0	-42.0	-1.0	95.0	
1504199238484	1582896895668	330.0	-42.0	-1.0	95.0	
1504199238500	1582917037270	330.0	-42.0	-1.0	95.0	
1504199238518	1582937178871	330.0	-42.0	-1.0	95.0	
1504199238537	1582957320473	330.0	-42.0	-1.0	95.0	
1504199238553	1582977462074	330.0	-42.0	-1.0	95.0	
1504199238571	1582997603676	330.0	-41.176483154296875	-1.0	95.0	
1504199238589	1583017745277	330.0	-41.0	-1.0	95.0	
1504199238624	1583037886879	330.0	-41.0	-1.0	95.0	
1504199238643	1583058028481	330.0	-41.0	-1.0	95.0	
1504199238660	1583078170082	330.0	-41.0	-1.0	95.0	
1504199238679	1583098311684	330.0	-41.0	-1.0	95.0	
1504199238698	1583118453285	330.0	-41.0	-1.0	95.0	
1504199238714	1583138594887	330.0	-41.0	-1.0	95.0	
1504199238732	1583158736488	330.0	-41.0	-1.0	95.0	
1504199238774	1583178878090	330.0	-41.0	-1.0	95.0	
1504199238787	1583199019691	330.0	-41.0	-1.0	95.0	
1504199238801	1583219161293	330.0	-41.0	-1.0	95.0	
1504199238818	1583239302895	330.0	-41.0	-1.0	95.0	
1504199238836	1583259444496	330.0	-41.0	-1.0	95.0	
1504199238854	1583279586098	330.0	-41.0	-1.0	95.0	
1504199238873	1583299727699	330.0	-41.0	-1.0	95.0	
1504199238906	1583319869301	330.0	-41.0	-1.0	95.0	
1504199238924	1583340010902	330.0	-41.0	-1.0	95.0	
1504199238944	1583360152504	330.0	-41.0	-1.0	95.0	
1504199238965	1583380294106	330.0	-41.0	-1.0	95.0	
1504199238977	1583400435707	330.0	-41.0	-1.0	95.0	
1504199238995	1583420577309	330.0	-41.0	-1.0	95.0	
1504199239016	1583440718910	330.0	-41.0	-1.0	95.0	
1504199239052	1583460860512	330.0	-41.0	-1.0	95.0	
1504199239066	1583481002113	330.0	-41.0	-1.0	95.0	
1504199239082	1583501143715	330.0	-41.0	-1.0	95.0	
1504199239100	1583521285316	330.0	-41.0	-1.0	95.0	
1504199239122	1583541426918	330.0	-41.0	-1.0	95.0	
1504199239138	1583561568520	330.0	-41.0	-1.0	95.0	
1504199239152	1583581710121	330.0	-41.0	-1.0	95.0	
1504199239187	1583601851723	330.0	-41.0	-1.0	95.0	
1504199239205	1583621993324	330.0	-41.0	-1.0	95.0	
1504199239223	1583642134926	330.0	-41.0	-1.0	95.0	
1504199239240	1583662276527	330.0	-41.0	-1.0	95.0	
1504199239258	1583682418129	330.0	-41.0	-1.0	95.0	
1504199239276	1583702559731	330.0	-41.0	-1.0	95.0	
1504199239294	1583722701332	330.0	-41.0	-1.0	95.0	
1504199239328	1583742842934	330.0	-41.0	-1.0	95.0	
1504199239346	1583762984535	330.0	-41.0	-1.0	95.0	
1504199239364	1583783126137	330.0	-41.0	-1.0	95.0	
1504199239385	1583803267738	330.0	-41.0	-1.0	95.0	
1504199239409	1583823409340	330.0	-41.0	-1.0	95.0	
1504199239417	1583843550941	330.0	-41.0	-1.0	95.0	
1504199239452	1583863692543	330.0	-41.0	-1.0	95.0	
1504199239470	1583883834145	330.0	-41.0	-1.0	95.0	
1504199239490	1583903975746	330.0	-41.0	-1.0	95.0	
1504199239505	1583924117348	330.0	-41.0	-1.0	95.0	
1504199239522	1583944258949	330.0	-41.0	-1.0	95.0	
1504199239542	1583964400551	330.0	-41.0	-1.0	95.0	
1504199239557	1583984542152	330.0	-41.0	-1.0	95.0	
1504199239592	1584004683754	330.0	-41.0	-1.0	95.0	
1504199239617	1584024825356	330.0	-41.0	-1.0	95.0	
1504199239628	1584044966957	330.0	-41.0	-1.0	95.0	
1504199239646	1584065108559	330.0	-41.0	-1.0	95.0	
1504199239663	1584085250160	330.0	-41.0	-1.0	95.0	
1504199239681	1584105391762	330.0	-41.0	-1.0	95.0	
1504199239700	1584125533363	330.0	-41.0	-1.0	95.0	
1504199239734	1584145674965	330.0	-41.0	-1.0	95.0	
1504199239751	1584165816566	330.0	-41.0	-1.0	95.0	
1504199239769	1584185958168	330.0	-41.0	-1.0	95.0	
1504199239787	1584206099770	330.0	-41.0	-1.0	95.0	
1504199239805	1584226241371	330.0	-41.0	-1.0	95.0	
1504199239822	1584246382973	330.0	-41.0	-1.0	95.0	
1504199239840	1584266524574	330.0	-41.0	-1.0	95.0	
1504199239875	1584286666176	330.0	-41.0	-1.0	95.0	
1504199239892	1584306807777	330.0	-41.0	-1.0	95.0	
1504199239911	1584326949379	330.0	-41.0	-1.0	95.0	
1504199239928	1584347090981	330.0	-41.0	-1.0	95.0	
1504199239945	1584367232582	330.0	-41.0	-1.0	95.0	
1504199239964	1584387374184	330.0	-41.0	-1.0	95.0	
1504199239980	1584407515785	330.0	-41.0	-1.0	95.0	
1504199240016	1584427657387	330.0	-41.0	-1.0	95.0	
1504199240033	1584447798988	330.0	-41.0	-1.0	95.0	
1504199240053	1584467940590	330.0	-41.0	-1.0	95.0	
1504199240070	1584488082191	330.0	-41.0	-1.0	95.0	
1504199240094	1584508223793	330.0	-41.0	-1.0	95.0	
1504199240104	1584528365395	330.0	-41.0	-1.0	95.0	
1504199240123	1584548506996	330.0	-41.0	-1.0	95.0	
1504199240157	1584568648598	330.0	-41.0	-1.0	95.0	
1504199240176	1584588790199	330.0	-41.0	-1.0	95.0	
1504199240192	1584608931801	330.0	-41.0	-1.0	95.0	
1504199240216	1584629073402	330.0	-41.0	-1.0	95.0	
1504199240229	1584649215004	330.0	-41.0	-1.0	95.0	
1504199240245	1584669356606	329.2426452636719	-41.0	-1.0	95.0	
1504199240263	1584689498207	329.90118408203125	-41.0	-1.0	95.0	
1504199240298	1584709639809	330.0	-41.0	-1.0	95.0	
1504199240315	1584729781410	329.81109619140625	-41.0	-1.0	95.0	
1504199240334	1584749923012	329.332763671875	-41.0	-1.0	95.0	
1504199240350	1584770064613	329.5234069824219	-41.0	-1.0	95.0	
1504199240368	1584790206215	329.0	-41.0	-1.0	95.0	
1504199240387	1584810347816	329.0	-41.0	-1.0	95.0	
1504199240404	1584830489418	329.0	-41.0	-1.0	95.0	
1504199240439	1584850631020	329.0	-41.0	-1.0	95.0	
1504199240456	1584870772621	329.0	-41.0	-1.0	95.0	
1504199240478	1584890914223	329.0	-41.0	-1.0	95.0	
1504199240493	1584911055824	329.0	-41.0	-1.0	95.0	
1504199240509	1584931197426	329.0	-41.0	-1.0	95.0	
1504199240527	1584951339027	329.0	-41.0	-1.0	95.0	
1504199240545	1584971480629	329.0	-41.0	-1.0	95.0	
1504199240580	1584991622231	329.0	-41.0	-1.0	95.0	
1504199240598	1585011763832	329.0	-41.0	-1.0	95.0	
1504199240615	1585031905434	329.0	-41.0	-1.0	95.0	
1504199240633	1585052047035	329.0	-41.0	-1.0	95.0	
1504199240654	1585072188637	329.0	-41.0	-1.0	95.0	
1504199240669	1585092330238	329.0	-41.0	-1.0	95.0	
1504199240685	1585112471840	329.0	-41.0	-1.0	95.0	
1504199240721	1585132613441	329.0	-41.0	-1.0	95.0	
1504199240738	1585152755043	329.0	-41.0	-1.0	95.0	
1504199240757	1585172896645	329.0	-41.0	-1.0	95.0	
1504199240774	1585193038246	329.0	-41.0	-1.0	95.0	
1504199240791	1585213179848	329.0	-41.0	-1.0	95.0	
1504199240811	1585233321449	329.0	-41.0	-1.0	95.0	
1504199240827	1585253463051	329.0	-41.0	-1.0	95.0	
1504199240862	1585273604652	329.0	-41.0	-1.0	95.0	
1504199240881	1585293746254	329.0	-41.0	-1.0	95.0	
1504199240897	1585313887856	329.0	-41.0	-1.0	95.0	
1504199240923	1585334029457	329.0	-41.0	-1.0	95.0	
1504199240932	1585354171059	329.0	-41.0	-1.0	95.0	
1504199240950	1585374312660	329.0	-41.0	-1.0	95.0	
1504199240968	1585394454262	329.0	-41.0	-1.0	95.0	
1504199241003	1585414595863	329.0	-41.0	-1.0	95.0	
1504199241020	1585434737465	329.0	-41.0	-1.0	95.0	
1504199241040	1585454879066	329.0	-41.0	-1.0	95.0	
1504199241056	1585475020668	329.0	-41.0	-1.0	95.0	
1504199241074	1585495162270	329.0	-41.0	-1.0	95.0	
1504199241095	1585515303871	329.0	-41.0	-1.0	95.0	
1504199241109	1585535445473	329.0	-41.0	-1.0	95.0	
1504199241144	1585555587074	329.0	-41.0	-1.0	95.0	
1504199241162	1585575728676	329.0	-41.0	-1.0	95.0	
1504199241179	1585595870277	329.0	-41.0	-1.0	95.0	
1504199241197	1585616011879	329.0	-41.0	-1.0	95.0	
1504199241214	1585636153481	329.0	-41.0	-1.0	95.0	
1504199241233	1585656295082	329.0	-41.0	-1.0	95.0	
1504199241249	1585676436684	329.0	-41.0	-1.0	95.0	
1504199241285	1585696578285	329.0	-41.0	-1.0	95.0	
1504199241303	1585716719887	329.0	-41.0	-1.0	95.0	
1504199241320	1585736861488	329.0	-41.0	-1.0	95.0	
1504199241358	1585757003090	329.0	-41.0	-1.0	95.0	
1504199241366	1585777144691	329.0	-41.0	-1.0	95.0	
1504199241392	1585797286293	329.0	-41.0	-1.0	95.0	
1504199241400	1585817427895	329.0	-41.0	-1.0	95.0	
1504199241425	1585837569496	329.0	-41.0	-1.0	95.0	
1504199241447	1585857711098	329.0	-41.0	-1.0	95.0	
1504199241461	1585877852699	329.0	-41.0	-1.0	95.0	
1504199241479	1585897994301	329.0	-41.0	-1.0	95.0	
1504199241498	1585918135902	329.0	-41.0	-1.0	95.0	
1504199241514	1585938277504	329.0	-41.0	-1.0	95.0	
1504199241531	1585958419106	329.0	-41.0	-1.0	95.0	
1504199241567	1585978560707	329.0	-41.0	-1.0	95.0	
1504199241584	1585998702309	329.0	-40.75390625	-1.0	95.0	
1504199241603	1586018843910	329.0	-40.0	-1.0	95.0	
1504199241620	1586038985512	329.0	-40.0	-1.0	95.0	
1504199241638	1586059127113	328.3223571777344	-40.0	-1.0	95.0	
1504199241657	1586079268715	328.0	-40.0	-1.0	95.0	
1504199241675	1586099410316	328.0	-40.0	-1.0	95.0	
1504199241708	1586119551918	328.10919189453125	-40.0	-1.0	95.0	
1504199241725	1586139693520	329.0	-40.0	-1.0	95.0	
1504199241743	1586159835121	329.0	-40.39686584472656	-1.0	95.0	
1504199241761	1586179976723	329.0	-41.0	-1.0	95.0	
1504199241778	1586200118324	329.0	-41.0	-1.0	95.0	
1504199241796	1586220259926	329.0	-41.0	-1.0	95.0	
1504199241814	1586240401527	329.0	-41.0	-1.0	95.0	
1504199241849	1586260543129	329.0	-41.0	-1.0	95.0	
1504199241866	1586280684731	329.0	-40.74003601074219	-1.0	95.0	
1504199241888	1586300826332	329.0	-40.0	-1.0	95.0	
1504199241901	1586320967934	329.0	-40.0	-1.0	95.0	
1504199241920	1586341109535	329.0	-40.0	-1.0	95.0	
1504199241937	1586361251137	329.0	-40.8336181640625	-1.0	95.0	
1504199241954	1586381392738	329.0	-41.0	-1.0	95.0	
1504199241990	1586401534340	329.0	-41.0	-1.0	95.0	
1504199242008	1586421675941	329.0	-41.0	-1.0	95.0	
1504199242027	1586441817543	329.0	-41.0	-1.0	95.0	
1504199242048	1586461959145	329.0	-41.0	-1.0	95.0	
1504199242060	1586482100746	329.0	-40.30329895019531	-1.0	95.0	
1504199242079	1586502242348	329.0	-40.840545654296875	-1.0	95.0	
1504199242096	1586522383949	329.0	-41.0	-1.0	95.0	
1504199242131	1586542525551	329.0	-41.0	-1.0	95.0	
1504199242155	1586562667152	329.0	-41.0	-1.0	95.0	
1504199242166	1586582808754	329.0	-41.0	-1.0	95.0	
1504199242184	1586602950356	329.0	-41.0	-1.0	95.0	
1504199242204	1586623091957	329.0	-41.0	-1.0	95.0	
1504199242219	1586643233559	329.0	-41.0	-1.0	95.0	
1504199242237	1586663375160	329.0	-41.0	-1.0	95.0	
1504199242279	1586683516762	329.0	-41.0	-1.0	95.0	
1504199242289	1586703658363	329.0	-41.0	-0.720977783203125	95.0	
1504199242307	1586723799965	329.0	-41.0	-0.4228668212890625	95.0	
1504199242325	1586743941566	329.0	-41.0	-1.0	95.0	
1504199242343	1586764083168	329.0	-41.0	-1.0	95.0	
1504199242360	1586784224770	329.0	-41.0	-1.0	95.0	
1504199242377	1586804366371	329.0	-41.0	-1.0	95.0	
1504199242412	1586824507973	329.0	-41.0	-1.0	95.0	
1504199242430	1586844649574	329.0	-41.0	-1.0	95.0	
1504199242449	1586864791176	329.0	-41.0	-1.0	95.0	
1504199242465	1586884932777	329.0	-41.0	-1.0	95.0	
1504199242483	1586905074379	329.0	-41.0	-1.0	95.0	
1504199242502	1586925215981	329.0	-41.0	-1.0	95.0	
1504199242536	1586945357582	329.0	-41.0	-1.0	95.0	
1504199242554	1586965499184	329.0	-41.0	-1.0	95.0	
1504199242572	1586985640785	329.0	-41.0	-1.0	95.0	
1504199242589	1587005782387	329.0	-41.0	-1.0	95.0	
1504199242608	1587025923988	329.0	-41.0	-1.0	95.0	
1504199242624	1587046065590	329.0	-41.0	-1.7227020263671875	95.0	
1504199242643	1587066207191	329.0	-41.0	-2.0	95.0	
1504199242677	1587086348793	329.0	-41.0	-2.0	95.0	
1504199242695	1587106490395	329.0	-41.0	-2.0	95.0	
1504199242712	1587126631996	329.0	-41.0	-2.0	95.0	
1504199242730	1587146773598	328.55804443359375	-41.0	-2.4419403076171875	95.0	
1504199242749	1587166915199	328.0	-41.0	-3.0	95.0	
1504199242768	1587187056801	328.0	-41.0	-3.0	95.0	
1504199242784	1587207198402	328.0	-41.0	-3.0	95.0	
1504199242818	1587227340004	328.0	-41.0	-4.0	95.0	
1504199242836	1587247481606	328.0	-41.0	-4.0	95.0	
1504199242853	1587267623207	328.0	-41.0	-4.0	95.0	
1504199242874	1587287764809	328.0	-41.0	-3.5528717041015625	95.0	
1504199242888	1587307906410	328.0	-41.0	-3.590972900390625	95.0	
1504199242907	1587328048012	328.0	-41.0	-3.265167236328125	95.0	
1504199242924	1587348189613	328.0	-41.0	-3.0	95.0	
1504199242959	1587368331215	328.0	-41.0	-3.0	95.0	
1504199242977	1587388472816	328.0	-41.0	-3.0	95.0	
1504199242995	1587408614418	328.0	-41.0	-3.0	95.0	
1504199243012	1587428756020	328.0	-41.0	-3.0	95.0	
1504199243031	1587448897621	328.0	-41.0	-3.0	95.0	
1504199243047	1587469039223	328.0	-41.0	-3.0	95.0	
1504199243065	1587489180824	328.0	-41.0	-3.0	95.0	
1504199243100	1587509322426	328.0	-41.0	-3.0	95.0	
1504199243124	1587529464027	328.0	-41.0	-3.0	95.0	
1504199243136	1587549605629	328.0	-41.0	-3.0	95.0	
1504199243153	1587569747231	328.0	-41.0	-3.0	95.0	
1504199243171	1587589888832	328.0	-41.0	-3.0	95.0	
1504199243190	1587610030434	328.0	-41.0	-3.0	95.0	
1504199243206	1587630172035	328.0	-41.0	-3.0	95.0	
1504199243242	1587650313637	328.0	-40.0	-3.0	95.0	
1504199243259	1587670455238	328.18023681640625	-40.0	-3.0	95.0	
1504199243276	1587690596840	328.6759033203125	-40.0	-3.0	95.0	
1504199243295	1587710738441	328.0	-40.0	-3.0	95.0	
1504199243311	1587730880043	328.61175537109375	-40.0	-3.0	95.0	
1504199243329	1587751021645	329.0	-40.0	-3.0	95.0	
1504199243348	1587771163246	329.0	-40.0	-3.0	95.0	
1504199243382	1587791304848	328.95843505859375	-40.0	-3.0	95.0	
1504199243401	1587811446449	328.1854248046875	-40.0	-3.0	95.0	
1504199243417	1587831588051	329.0	-40.0	-3.0	95.0	
1504199243435	1587851729652	329.0	-40.0	-3.0	95.0	
1504199243453	1587871871254	329.0	-40.0	-3.0	95.0	
1504199243470	1587892012856	329.0	-40.0	-3.0	95.0	
1504199243488	1587912154457	329.0	-40.0	-3.0	95.0	
1504199243523	1587932296059	329.0	-40.0	-3.0	95.0	
1504199243541	1587952437660	329.0	-40.19236755371094	-3.0	95.0	
1504199243559	1587972579262	329.0	-41.0	-3.0	95.0	
1504199243576	1587992720863	329.0	-41.0	-3.0	95.0	
1504199243594	1588012862465	329.0	-41.0	-3.0	95.0	
1504199243612	1588033004066	329.0	-41.0	-3.0	95.0	
1504199243629	1588053145668	329.0	-41.0	-3.0	95.0	
1504199243664	1588073287270	329.0	-41.0	-3.0	95.0	
1504199243681	1588093428871	329.0	-41.0	-3.0	95.0	
1504199243699	1588113570473	328.6568603515625	-41.0	-3.0	95.0	
1504199243717	1588133712074	328.0	-41.0	-3.0	95.0	
1504199243734	1588153853676	328.0	-41.0	-3.0	95.0	
1504199243752	1588173995277	328.0	-41.0	-3.0	95.0	
1504199243770	1588194136879	328.0	-41.0	-3.0	95.0	
1504199243805	1588214278481	328.0	-41.0	-3.0622711181640625	95.0	
1504199243823	1588234420082	328.0	-41.0	-4.0	95.0	
1504199243841	1588254561684	328.0	-41.0	-4.0	95.0	
1504199243858	1588274703285	328.0	-40.5078125	-4.0	95.0	
1504199243877	1588294844887	328.0	-40.0	-4.0	95.0	
1504199243895	1588314986488	328.0	-40.0	-4.0	95.0	
1504199243912	1588335128090	328.0	-40.0	-4.0	95.0	
1504199243953	1588355269691	328.0	-40.06758117675781	-4.0	95.0	
1504199243963	1588375411293	328.0	-41.0	-4.0	95.0	
1504199243982	1588395552895	328.0	-41.0	-4.0	95.0	
1504199243999	1588415694496	328.0	-41.0	-4.0	95.0	
1504199244016	1588435836098	328.0	-41.0	-4.0	95.0	
1504199244035	1588455977699	328.0	-41.0	-4.0	95.0	
1504199244052	1588476119301	328.0	-41.0	-4.0	95.0	
1504199244087	1588496260902	328.0	-40.0	-4.0	95.0	
1504199244107	1588516402504	328.0	-40.0	-4.0	95.0	
1504199244123	1588536544106	328.0	-40.0	-4.0	95.0	
1504199244140	1588556685707	328.0	-40.0	-4.0	95.0	
1504199244158	1588576827309	328.0	-40.0	-4.0	95.0	
1504199244175	1588596968910	328.0	-40.0	-4.0	95.0	
1504199244194	1588617110512	328.0	-40.0	-4.0	95.0	
1504199244229	1588637252113	328.0	-40.0	-4.0	95.0	
1504199244247	1588657393715	328.0	-40.0	-4.0	95.0	
1504199244263	1588677535316	328.0	-40.0	-4.0	95.0	
1504199244281	1588697676918	328.0	-40.0	-4.0	95.0	
1504199244299	1588717818520	328.0	-40.0	-4.0	95.0	
1504199244316	1588737960121	328.0	-40.0	-4.0	95.0	
1504199244334	1588758101723	328.0	-40.0	-4.0	95.0	
1504199244369	1588778243324	328.0	-40.0	-4.0	95.0	
1504199244387	1588798384926	328.0	-40.0	-4.0	95.0	
1504199244405	1588818526527	328.0	-40.0	-4.0	95.0	
1504199244422	1588838668129	328.0	-40.0	-3.4818115234375	95.0	
1504199244439	1588858809731	328.0	-40.0	-3.0	95.0	
1504199244458	1588878951332	328.0	-40.0	-3.0	95.0	
1504199244475	1588899092934	328.0	-40.0	-3.0	95.0	
1504199244510	1588919234535	328.0	-40.0	-3.0	95.0	
1504199244528	1588939376137	328.0	-40.0	-3.0	95.0	
1504199244545	1588959517738	328.0	-40.0	-3.0	95.0	
1504199244563	1588979659340	328.0	-40.0	-3.0	95.0	
1504199244580	1588999800941	328.0	-40.0	-3.0	95.0	
1504199244600	1589019942543	328.0	-40.0	-3.0	95.0	
1504199244617	1589040084145	328.0	-40.0	-3.0	95.0	
1504199244651	1589060225746	328.0	-40.0	-3.0	95.0	
1504199244669	1589080367348	328.0	-40.0	-3.0	95.0	
1504199244687	1589100508949	328.0	-40.0	-3.0	95.0	
1504199244704	1589120650551	328.53204345703125	-40.0	-3.0	95.0	
1504199244722	1589140792152	329.0	-40.0	-3.0	95.0	
1504199244739	1589160933754	329.0	-40.0	-3.0	95.0	
1504199244757	1589181075356	329.0	-40.0	-3.0	95.0	
1504199244792	1589201216957	329.0	-40.0	-3.0	95.0	
1504199244810	1589221358559	329.0	-40.0	-3.0	95.0	
1504199244828	1589241500160	329.0	-40.0	-3.0	95.0	
1504199244845	1589261641762	329.0	-40.0	-3.0	95.0	
1504199244862	1589281783363	329.0	-40.0	-3.0	95.0	
1504199244881	1589301924965	329.0	-40.0	-3.0	95.0	
1504199244898	1589322066566	329.0	-40.0	-3.0	95.0	
1504199244933	1589342208168	329.0	-40.0	-3.0	95.0	
1504199244951	1589362349770	329.0	-40.0	-3.0	95.0	
1504199244968	1589382491371	329.0	-40.0	-3.0	95.0	
1504199244986	1589402632973	329.0	-40.0	-3.0	95.0	
1504199245004	1589422774574	329.0	-40.0	-2.3119659423828125	95.0	
1504199245021	1589442916176	329.8318786621094	-40.0	-2.0	95.0	
1504199245039	1589463057777	330.0	-40.0	-2.0	95.0	
1504199245074	1589483199379	330.0	-40.0	-2.0	95.0	
1504199245092	1589503340981	330.0	-40.0	-2.0	95.0	
1504199245109	1589523482582	330.0	-40.0	-2.0	95.0	
1504199245127	1589543624184	330.0	-40.0	-2.0	95.0	
1504199245146	1589563765785	330.0	-40.0	-2.0	95.0	
1504199245162	1589583907387	330.0	-40.0	-2.0	95.0	
1504199245180	1589604048988	330.0	-40.0	-2.0	95.0	
1504199245215	1589624190590	330.0	-40.0	-2.0	95.0	
1504199245233	1589644332191	330.0	-40.0	-2.0	95.0	
1504199245251	1589664473793	330.0	-40.0	-2.0	95.0	
1504199245268	1589684615395	330.0	-40.0	-2.0	95.0	
1504199245286	1589704756996	330.0	-40.0	-2.0	95.0	
1504199245305	1589724898598	330.0	-40.0	-2.0	95.0	
1504199245322	1589745040199	330.0	-40.0	-2.0	95.0	
1504199245356	1589765181801	330.0	-40.0	-2.0	95.0	
1504199245374	1589785323402	330.0	-40.0	-2.0	95.0	
1504199245391	1589805465004	330.0	-40.0	-2.0	95.0	
1504199245409	1589825606606	330.0	-40.0	-2.0	95.0	
1504199245427	1589845748207	330.0	-40.0	-2.0	95.0	
1504199245444	1589865889809	330.0	-40.0	-2.0	95.0	
1504199245463	1589886031410	330.0	-40.0	-2.0	95.0	
1504199245497	1589906173012	330.0	-40.0	-2.0	95.0	
1504199245515	1589926314613	330.0	-40.0	-2.0	95.0	
1504199245532	1589946456215	330.0	-40.0	-2.0	95.0	
1504199245550	1589966597816	330.0	-40.0	-2.0	95.0	
1504199245569	1589986739418	330.0	-40.0	-2.0	95.0	
1504199245585	1590006881020	330.8578796386719	-40.0	-2.0	95.0	
1504199245622	1590027022621	331.0	-40.0	-2.0	95.0	
1504199245638	1590047164223	331.0	-40.0	-2.0	95.0	
1504199245656	1590067305824	331.0	-40.0	-2.0	95.0	
1504199245674	1590087447426	331.0	-40.0	-2.0	95.0	
1504199245691	1590107589027	331.0	-40.0	-2.0	95.0	
1504199245709	1590127730629	330.2802734375	-40.0	-2.0	95.0	
1504199245727	1590147872231	330.0	-40.0	-2.0	95.0	
1504199245765	1590168013832	330.0069274902344	-40.0	-2.0	95.0	
1504199245779	1590188155434	331.0	-40.0	-2.0	95.0	
1504199245797	1590208297035	331.0	-40.0	-2.0	95.0	
1504199245814	1590228438637	330.5615234375	-40.0	-2.0	95.0	
1504199245832	1590248580238	330.0	-40.0	-2.0	95.0	
1504199245849	1590268721840	330.0	-40.0	-2.0	95.0	
1504199245867	1590288863441	330.0	-40.0	-2.0	95.0	
1504199245902	1590309005043	331.0	-40.0	-2.0	95.0	
1504199245920	1590329146645	331.0	-40.0	-2.0	95.0	
1504199245938	1590349288246	331.0	-40.0	-2.0	95.0	
1504199245955	1590369429848	330.5545959472656	-40.0	-2.0	95.0	
1504199245973	1590389571449	330.0	-40.0	-2.0	95.0	
1504199245992	1590409713675	330.0	-40.0	-2.0	95.0	
1504199246008	1590429855276	330.0	-40.0	-2.0	95.0	
1504199246043	1590449996878	330.0	-40.0	-2.0	95.0	
1504199246061	1590470138480	330.0	-40.0	-2.0	95.0	
1504199246078	1590490280081	330.0	-40.0	-2.0	95.0	
1504199246097	1590510421683	330.45233154296875	-40.0	-2.0	95.0	
1504199246114	1590530563284	331.0	-40.0	-2.0	95.0	
1504199246131	1590550704886	331.0	-40.0	-2.0	95.0	
1504199246150	1590570846487	331.0	-40.0	-2.0	95.0	
1504199246184	1590590988089	331.0	-40.0	-2.0	95.0	
1504199246202	1590611129690	331.0	-40.0	-2.0	95.0	
1504199246220	1590631271292	331.0	-40.0	-2.0	95.0	
1504199246237	1590651412894	331.0	-40.0	-2.0	95.0	
1504199246255	1590671554495	330.39862060546875	-40.0	-2.0	95.0	
1504199246273	1590691696097	330.0	-40.0	-2.0	95.0	
1504199246292	1590711837698	330.0	-40.0	-2.0	95.0	
1504199246325	1590731979300	330.0	-40.0	-2.0	95.0	
1504199246346	1590752120901	330.0	-40.0	-2.0	95.0	
1504199246361	1590772262503	330.0	-40.0	-2.0	95.0	
1504199246378	1590792404105	330.0	-40.0	-2.0	95.0	
1504199246396	1590812545706	330.0	-40.0	-2.0	95.0	
1504199246414	1590832687308	330.0	-40.0	-2.0	95.0	
1504199246431	1590852828909	330.0	-40.0	-2.0	95.0	
1504199246467	1590872970511	330.0	-40.0	-2.0	95.0	
1504199246484	1590893112112	330.0	-40.0	-2.0	95.0	
1504199246502	1590913253714	330.0	-40.0	-2.0	95.0	
1504199246520	1590933395315	330.0	-40.0	-2.0	95.0	
1504199246537	1590953536917	330.0	-40.0	-2.0	95.0	
1504199246555	1590973678519	330.0	-40.0	-2.0	95.0	
1504199246573	1590993820120	330.0	-40.0	-2.0	95.0	
1504199246607	1591013961722	330.0	-40.0	-2.0	95.0	
1504199246626	1591034103323	330.0	-40.0	-2.0	95.0	
1504199246643	1591054244925	330.0	-40.0	-2.0	95.0	
1504199246660	1591074386526	330.0	-40.0	-2.0	95.0	
1504199246678	1591094528128	330.0	-40.0	-2.0	95.0	
1504199246698	1591114669730	330.0	-40.0	-2.0	95.0	
1504199246713	1591134811331	330.0	-40.0	-2.0	95.0	
1504199246749	1591154952933	330.0	-40.0	-2.0	95.0	
1504199246766	1591175094534	330.0	-40.0	-2.0	95.0	
1504199246784	1591195236136	330.0	-40.0	-2.0	95.0	
1504199246801	1591215377737	330.0	-40.0	-2.0	95.0	
1504199246820	1591235519339	330.0	-40.0	-2.0	95.0	
1504199246837	1591255660940	330.0	-40.0	-2.0	95.0	
1504199246854	1591275802542	330.0	-40.0	-2.0	95.0	
1504199246890	1591295944144	330.0	-40.0	-2.0	95.0	
1504199246908	1591316085745	330.0	-40.0	-2.0	95.0	
1504199246925	1591336227347	330.0	-40.0	-2.0	95.0	
1504199246943	1591356368948	330.0	-40.0	-2.0	95.0	
1504199246960	1591376510550	330.0	-40.0	-2.0	95.0	
1504199246978	1591396652151	330.0	-40.0	-2.0	95.0	
1504199246996	1591416793753	330.0	-40.0	-2.0	95.0	
1504199247031	1591436935355	330.0	-40.0	-2.0	95.0	
1504199247048	1591457076956	330.0	-40.0	-2.0	95.0	
1504199247066	1591477218558	330.0	-40.0	-2.0	95.0	
1504199247087	1591497360159	330.0	-40.0	-2.0	95.0	
1504199247102	1591517501761	330.0	-40.0	-2.0	95.0	
1504199247118	1591537643362	330.0	-40.0	-2.0	95.0	
1504199247136	1591557784964	330.0	-40.0	-2.0	95.0	
1504199247172	1591577926565	330.0	-40.0	-2.0	95.0	
1504199247190	1591598068167	330.0	-40.0	-2.0	95.0	
1504199247207	1591618209769	330.0	-40.0	-2.0	95.0	
1504199247225	1591638351370	330.0	-40.0	-2.0	95.0	
1504199247242	1591658492972	330.0	-40.0	-2.0	95.0	
1504199247260	1591678634573	330.0	-40.0	-2.0	95.0	
1504199247278	1591698776175	330.0	-40.0	-2.0	95.0	
1504199247313	1591718917776	330.0	-40.0	-2.0	95.0	
1504199247331	1591739059378	330.0	-40.0	-2.0	95.0	
1504199247348	1591759200980	330.0	-40.0	-2.0	95.0	
1504199247367	1591779342581	330.0	-40.0	-2.0	95.0	
1504199247383	1591799484183	330.0	-40.0	-2.0	95.0	
1504199247401	1591819625784	330.0	-40.0	-2.0	95.0	
1504199247420	1591839767386	330.0	-40.0	-2.0	95.0	
1504199247454	1591859908987	330.0	-40.0	-2.0	95.0	
1504199247472	1591880050589	330.0	-40.0	-2.0	95.0	
1504199247489	1591900192190	330.0	-40.0	-2.0	95.0	
1504199247507	1591920333792	330.0	-40.0	-2.0	95.0	
1504199247527	1591940475394	330.0	-40.0	-2.0	95.0	
1504199247543	1591960616995	330.0	-40.0	-2.0	95.0	
1504199247559	1591980758597	330.0	-40.0	-2.0	95.0	
1504199247595	1592000900198	330.0	-40.0	-2.0	95.0	
1504199247612	1592021041800	330.0	-40.0	-2.0	95.0	
1504199247630	1592041183401	330.0	-40.0	-2.0	95.0	
1504199247648	1592061325003	330.0	-40.0	-2.0	95.0	
1504199247665	1592081466605	330.0	-40.0	-2.0	95.0	
1504199247684	1592101608206	330.0	-40.0	-2.0	95.0	
1504199247701	1592121749808	330.0	-40.0	-2.0	95.0	
1504199247737	1592141891409	330.0	-40.0	-2.0	95.0	
1504199247753	1592162033011	330.0	-40.0	-2.0	95.0	
1504199247771	1592182174612	330.0	-40.0	-2.0	95.0	
1504199247790	1592202316214	330.0	-40.0	-2.0	95.0	
1504199247806	1592222457815	330.0	-40.0	-2.0	95.0	
1504199247823	1592242599417	330.0	-40.0	-2.0	95.0	
1504199247842	1592262741019	330.0	-40.0	-2.0	95.0	
1504199247876	1592282882620	330.0	-40.0	-2.0	95.0	
1504199247894	1592303024222	330.0	-40.0	-2.0	95.0	
1504199247912	1592323165823	330.0	-40.0	-2.0	95.0	
1504199247929	1592343307425	330.0	-40.0	-2.0	95.0	
1504199247948	1592363449026	330.0	-40.0	-2.0	95.0	
1504199247965	1592383590628	330.0	-40.0	-2.0	95.0	
1504199247982	1592403732230	330.0	-40.0	-2.0	95.0	
1504199248017	1592423873831	330.0	-40.0	-2.0	95.0	
1504199248035	1592444015433	330.0	-40.0	-2.0	95.0	
1504199248053	1592464157034	330.0	-40.0	-2.0	95.0	
1504199248070	1592484298636	330.0	-40.0	-2.0	95.0	
1504199248088	1592504440237	330.0	-40.0	-2.0	95.0	
1504199248107	1592524581839	330.0	-40.0	-2.0	95.0	
1504199248123	1592544723440	330.0	-40.0	-2.0	95.0	
1504199248159	1592564865042	330.0	-40.0	-2.0	95.0	
1504199248176	1592585006644	330.0	-40.0	-2.0	95.0	
1504199248194	1592605148245	330.0	-40.0	-2.0	95.0	
1504199248212	1592625289847	330.0	-40.0	-2.0	95.0	
1504199248229	1592645431448	330.0	-40.0	-2.0	95.0	
1504199248247	1592665573050	330.0	-40.0	-2.0	95.0	
1504199248265	1592685714651	330.0	-40.0	-2.0	95.0	
1504199248300	1592705856253	330.0	-40.0	-2.0	95.0	
1504199248318	1592725997855	330.0	-40.0	-2.0	95.0	
1504199248339	1592746139456	330.0	-40.0	-2.0	95.0	
1504199248352	1592766281058	330.0	-40.0	-2.0	95.0	
1504199248371	1592786422659	330.0	-40.0	-2.0	95.0	
1504199248388	1592806564261	330.0	-40.0	-2.0	95.0	
1504199248405	1592826705862	330.0	-40.0	-2.0	95.0	
1504199248441	1592846847464	330.0	-40.0	-2.0	95.0	
1504199248458	1592866989065	330.0	-40.0	-2.0	95.0	
1504199248476	1592887130667	330.0	-40.0	-2.0	95.0	
1504199248493	1592907272269	330.0	-40.0	-2.0	95.0	
1504199248511	1592927413870	330.0	-40.0	-2.0	95.0	
1504199248533	1592947555472	330.0	-40.0	-2.0	95.0	
1504199248546	1592967697073	330.0	-40.0	-2.0	95.0	
1504199248582	1592987838675	330.0	-40.0	-2.0	95.0	
1504199248601	1593007980276	330.0	-40.0	-2.0	95.0	
1504199248617	1593028121878	330.0	-40.0	-2.0	95.0	
1504199248634	1593048263480	330.0	-40.0	-2.0	95.0	
1504199248652	1593068405081	330.0	-40.0	-2.0	95.0	
1504199248669	1593088546683	330.0	-40.0	-2.0	95.0	
1504199248688	1593108688284	330.0	-40.0	-2.0	95.0	
1504199248723	1593128829886	330.0	-40.0	-2.0	95.0	
1504199248740	1593148971487	330.0	-40.0	-2.0	95.0	
1504199248758	1593169113089	330.0	-40.0	-2.0	95.0	
1504199248775	1593189254690	330.0	-40.0	-2.0	95.0	
1504199248794	1593209396292	330.0	-40.0	-2.0	95.0	
1504199248811	1593229537894	330.0	-40.0	-2.0	95.0	
1504199248847	1593249679495	330.0	-40.0	-2.0	95.0	
1504199248863	1593269821097	330.0	-40.0	-2.0	95.0	
1504199248881	1593289962698	330.0	-40.0	-2.0	95.0	
1504199248899	1593310104300	330.0	-40.0	-2.0	95.0	
1504199248916	1593330245901	330.0	-40.0	-2.0	95.0	
1504199248934	1593350387503	330.0	-40.0	-2.0	95.0	
1504199248953	1593370529105	330.0	-40.0	-2.0	95.0	
1504199248987	1593390670706	330.0	-40.0	-2.0	95.0	
1504199249007	1593410812308	330.0	-40.0	-2.0	95.0	
1504199249022	1593430953909	330.0	-40.0	-2.0	95.0	
1504199249040	1593451095511	330.0	-40.0	-2.0	95.0	
1504199249057	1593471237112	330.0	-40.0	-2.0	95.0	
1504199249075	1593491378714	330.0	-40.0	-2.0	95.0	
1504199249093	1593511520315	330.0	-40.0	-2.0	95.0	
1504199249128	1593531661917	330.0	-40.01731872558594	-2.0	95.0	
1504199249146	1593551803519	330.0	-41.0	-2.0	95.0	
1504199249163	1593571945120	330.0	-41.0	-2.0	95.0	
1504199249181	1593592086722	330.0	-41.0	-2.0	95.0	
1504199249198	1593612228323	330.0	-41.0	-2.0	95.0	
1504199249217	1593632369925	330.0	-41.0	-2.0	95.0	
1504199249233	1593652511526	330.0	-41.0	-2.0	95.0	
1504199249270	1593672653128	330.0	-41.0	-2.0	95.0	
1504199249286	1593692794730	330.0	-41.0	-2.0	95.0	
1504199249305	1593712936331	330.0	-41.31195068359375	-2.0	95.0	
1504199249323	1593733077933	330.0	-42.0	-2.0	95.0	
1504199249345	1593753219534	330.0	-42.0	-2.0	95.0	
1504199249357	1593773361136	330.0	-42.0	-2.0	95.0	
1504199249375	1593793502737	330.0	-42.0	-2.0	95.0	
1504199249410	1593813644339	330.0	-42.0	-2.0	95.0	
1504199249430	1593833785940	330.0	-42.0	-2.0	95.0	
1504199249445	1593853927542	329.6811218261719	-42.0	-2.0	95.0	
1504199249463	1593874069144	329.0	-42.0	-2.0	95.0	
1504199249481	1593894210745	329.0	-42.0	-2.0	95.0	
1504199249498	1593914352347	329.0	-42.0	-2.0	95.0	
1504199249516	1593934493948	329.0	-42.0	-2.0	95.0	
1504199249551	1593954635550	329.0	-42.0	-2.0	95.0	
1504199249569	1593974777151	329.0	-42.0	-2.0	95.0	
1504199249586	1593994918753	329.0	-42.0	-2.0	95.0	
1504199249604	1594015060355	329.0	-42.0	-2.0	95.0	
1504199249621	1594035201956	329.0	-42.0	-2.0	95.0	
1504199249640	1594055343558	329.0	-42.0	-2.0	95.0	
1504199249657	1594075485159	329.0	-42.0	-2.0	95.0	
1504199249693	1594095626761	329.0	-42.0	-2.0	95.0	
1504199249710	1594115768362	329.0	-42.0	-2.0	95.0	
1504199249727	1594135909964	329.0	-42.0	-2.0	95.0	
1504199249746	1594156051565	329.0	-42.0	-2.0	95.0	
1504199249763	1594176193167	329.0	-42.0	-2.0	95.0	
1504199249780	1594196334769	329.0	-42.0	-2.0	95.0	
1504199249798	1594216476370	329.0	-42.0	-2.0	95.0	
1504199249833	1594236617972	329.0	-42.0	-2.0	95.0	
1504199249854	1594256759573	329.0	-42.0	-2.0	95.0	
1504199249868	1594276901175	329.0	-42.0	-2.0	95.0	
1504199249887	1594297042776	329.0	-42.0	-2.0	95.0	
1504199249903	1594317184378	329.0	-42.0	-2.0	95.0	
1504199249921	1594337325980	329.0	-42.0	-2.0	95.0	
1504199249940	1594357467581	329.0	-42.0	-2.0	95.0	
1504199249974	1594377609183	329.0	-42.0	-2.0	95.0	
1504199249992	1594397750784	329.0	-42.0	-2.0	95.0	
1504199250009	1594417892386	329.0	-42.0	-2.0	95.0	
1504199250027	1594438033987	329.0	-42.0	-2.0	95.0	
1504199250045	1594458175589	329.0	-42.0	-2.0	95.0	
1504199250063	1594478317190	329.0	-42.0	-2.0	95.0	
1504199250079	1594498458792	329.0	-42.0	-2.0	95.0	
1504199250116	1594518600394	329.0	-42.0	-2.0	95.0	
1504199250132	1594538741995	329.0	-42.0	-2.0	95.0	
1504199250150	1594558883597	329.0	-42.0	-2.0	95.0	
1504199250168	1594579025198	329.0	-42.0	-2.0	95.0	
1504199250185	1594599166800	329.0	-42.0	-2.0	95.0	
1504199250204	1594619308401	329.0	-42.0	-2.0	95.0	
1504199250222	1594639450003	329.0	-42.0	-2.0	95.0	
1504199250256	1594659591605	329.0	-42.0	-2.0	95.0	
1504199250283	1594679733206	329.0	-42.0	-2.0	95.0	
1504199250291	1594699874808	329.0	-42.0	-2.0	95.0	
1504199250309	1594720016409	329.0	-42.0	-2.0	95.0	
1504199250327	1594740158011	329.0	-42.0	-2.0	95.0	
1504199250344	1594760299612	329.0	-42.0	-2.0	95.0	
1504199250367	1594780441214	329.0	-42.0	-2.0	95.0	
1504199250399	1594800582815	329.0	-42.0	-2.0	95.0	
1504199250415	1594820724417	329.0	-42.0	-2.0	95.0	
1504199250432	1594840866019	329.0	-42.0	-2.0	95.0	
1504199250454	1594861007620	328.52423095703125	-42.0	-2.0	95.0	
1504199250467	1594881149222	328.6165771484375	-41.3834228515625	-2.0	95.0	
1504199250487	1594901290823	329.0	-41.0	-2.0	95.0	
1504199250503	1594921432425	329.0	-41.0	-2.0	95.0	
1504199250541	1594941574026	329.0	-41.0	-2.0	95.0	
1504199250555	1594961715628	329.0	-41.0	-2.0	95.0	
1504199250580	1594981857230	329.0	-41.0	-2.0	95.0	
1504199250592	1595001998831	329.0	-41.0	-2.0	95.0	
1504199250609	1595022140433	329.0	-41.0	-2.0	95.0	
1504199250627	1595042282034	329.0	-41.0	-2.0	95.0	
1504199250645	1595062423636	329.0	-41.0	-2.0	95.0	
1504199250679	1595082565237	329.0	-41.0	-2.0	95.0	
1504199250698	1595102706839	329.0	-41.0	-2.0	95.0	
1504199250714	1595122848440	329.0	-41.0	-2.0	95.0	
1504199250732	1595142990042	329.0	-41.0	-2.0	95.0	
1504199250750	1595163131644	329.0	-41.0	-2.0	95.0	
1504199250767	1595183273245	329.0	-41.0	-2.0	95.0	
1504199250788	1595203414847	329.0	-41.0	-2.0	95.0	
1504199250820	1595223556448	329.0	-41.0	-2.0	95.0	
1504199250838	1595243698050	329.0	-41.0	-2.0	95.0	
1504199250857	1595263839651	329.0	-41.0	-2.0	95.0	
1504199250877	1595283981253	329.0	-41.0	-2.0	95.0	
1504199250896	1595304122855	329.0	-41.0	-2.0	95.0	
1504199250911	1595324264456	329.0	-41.0	-2.0	95.0	
1504199250930	1595344406058	329.0	-41.0	-2.0	95.0	
1504199250944	1595364547659	329.0	-41.0	-2.0	95.0	
1504199250979	1595384689261	329.0	-41.0	-2.0	95.0	
1504199250996	1595404830862	329.0	-41.0	-2.0	95.0	
1504199251013	1595424972464	329.0	-41.0	-2.0	95.0	
1504199251031	1595445114065	329.0	-41.0	-1.4532928466796875	95.0	
1504199251049	1595465255667	329.0	-41.0	-1.0	95.0	
1504199251068	1595485397269	328.1727294921875	-41.0	-1.0	95.0	
1504199251084	1595505538870	328.0	-40.03282165527344	-1.0	95.0	
1504199251121	1595525680472	329.0	-40.0	-1.0	95.0	
1504199251138	1595545822073	329.0	-40.0	-1.0	95.0	
1504199251156	1595565963675	329.0	-40.0	-1.0	95.0	
1504199251173	1595586105276	329.0	-40.0	-1.0	95.0	
1504199251192	1595606246878	329.0	-40.0	-1.0	95.0	
1504199251211	1595626388480	329.0	-40.0	-1.0	95.0	
1504199251229	1595646530081	329.0	-40.0	-1.0	95.0	
1504199251261	1595666671683	329.0	-40.0	-1.0	95.0	
1504199251279	1595686813284	329.0	-40.0	-1.0	95.0	
1504199251298	1595706954886	329.0	-40.0	-1.0	95.0	
1504199251317	1595727096487	329.0	-40.0	-1.0	95.0	
1504199251333	1595747238089	329.0	-40.0	-1.0	95.0	
1504199251349	1595767379690	329.0	-40.0	-1.0	95.0	
1504199251367	1595787521292	329.0	-40.0	-1.0	95.0	
1504199251402	1595807662894	329.0	-40.0	-1.0	95.0	
1504199251420	1595827804495	329.0	-40.0	-1.0	95.0	
1504199251437	1595847946097	329.0	-40.0	-1.0	95.0	
1504199251455	1595868087698	329.0	-40.0	-1.0	95.0	
1504199251473	1595888229300	329.0	-40.0	-1.0	95.0	
1504199251492	1595908370901	329.0	-40.0	-1.0	95.0	
1504199251508	1595928512503	329.0	-40.0	-1.0	95.0	
1504199251544	1595948654105	329.0	-40.0	-1.0	95.0	
1504199251560	1595968795706	329.0	-40.0	-1.0	95.0	
1504199251579	1595988937308	329.0	-40.0	-1.0	95.0	
1504199251596	1596009078909	329.0	-40.0	-1.0	95.0	
1504199251613	1596029220511	329.0	-40.0	-1.0	95.0	
1504199251634	1596049362112	329.0	-40.0	-1.0	95.0	
1504199251653	1596069503714	329.0	-40.0	-1.0	95.0	
1504199251685	1596089645315	329.0	-40.0	-1.0	95.0	
1504199251702	1596109786917	329.0	-40.178192138671875	-1.0	95.0	
1504199251719	1596129928519	329.0	-41.0	-1.0	95.0	
1504199251737	1596150070120	329.0	-41.0	-1.0	95.0	
1504199251756	1596170211722	329.0	-41.0	-1.0	95.0	
1504199251772	1596190353323	329.0	-41.0	-1.0	95.0	
1504199251790	1596210494925	329.0	-41.0	-1.0	95.0	
1504199251825	1596230636526	329.0	-41.0	-2.0	95.0	
1504199251842	1596250778128	329.0	-41.0	-2.0	95.0	
1504199251861	1596270919730	329.0	-41.0	-2.0	95.0	
1504199251878	1596291061331	329.0	-41.0	-2.0	95.0	
1504199251895	1596311202933	329.0	-41.0	-2.0	95.0	
1504199251915	1596331344534	329.0	-41.0	-2.0	95.0	
1504199251941	1596351486136	329.0	-41.0	-2.0	95.0	
1504199251969	1596371627737	329.0	-41.0	-2.0	95.0	
1504199251985	1596391769339	329.0	-41.0	-2.0	95.0	
1504199252003	1596411910940	329.0	-41.0	-2.0	95.0	
1504199252019	1596432052542	328.57513427734375	-41.0	-2.42486572265625	95.0	
1504199252036	1596452194144	328.0	-41.56475830078125	-3.56475830078125	95.0	
1504199252055	1596472335745	327.29534912109375	-42.0	-4.0	95.0	
1504199252073	1596492477347	327.0	-42.0	-4.0	95.0	
1504199252090	1596512618948	327.0	-41.013824462890625	-4.0	95.0	
1504199252126	1596532760550	327.0	-41.0	-4.0	95.0	
1504199252142	1596552902151	327.0	-41.0	-4.0	95.0	
1504199252160	1596573043753	327.0	-41.0	-4.0	95.0	
1504199252180	1596593185355	327.0	-41.0	-4.0	95.0	
1504199252195	1596613326956	327.0	-41.0	-4.0	95.0	
1504199252213	1596633468558	327.0	-41.0	-4.0	95.0	
1504199252232	1596653610159	327.0	-41.968902587890625	-4.0	95.0	
1504199252265	1596673751761	327.0	-42.0	-4.0	95.0	
1504199252283	1596693893362	327.0	-42.0	-4.0	95.0	
1504199252300	1596714034964	327.0	-42.0	-4.0	95.0	
1504199252318	1596734176565	327.0	-41.46978759765625	-4.0	95.0	
1504199252341	1596754318167	327.0	-41.0	-4.0	95.0	
1504199252360	1596774459769	327.0	-41.0	-4.0	95.0	
1504199252373	1596794601370	327.0	-41.0	-4.0	95.0	
1504199252408	1596814742972	327.0	-41.0	-4.0	95.0	
1504199252425	1596834884573	327.0	-41.0	-4.0	95.0	
1504199252443	1596855026175	327.0	-41.0	-3.626953125	95.0	
1504199252459	1596875167776	327.0	-41.0	-3.0	95.0	
1504199252478	1596895309378	327.0	-41.0	-3.0	95.0	
1504199252496	1596915450980	327.0	-41.0	-3.0	95.0	
1504199252512	1596935592581	327.0	-41.0	-3.0	95.0	
1504199252549	1596955734183	327.0	-41.0	-3.0	95.0	
1504199252565	1596975875784	327.0	-41.0	-3.0	95.0	
1504199252584	1596996017386	327.0	-41.0	-3.0	95.0	
1504199252602	1597016158987	327.0	-41.0	-3.0	95.0	
1504199252619	1597036300589	327.0	-41.0	-3.0	95.0	
1504199252635	1597056442190	327.0	-41.0	-3.0	95.0	
1504199252654	1597076583792	327.0	-41.0	-3.0	95.0	
1504199252689	1597096725394	327.0	-41.0	-3.0	95.0	
1504199252706	1597116866995	327.0	-41.0	-3.0	95.0	
1504199252726	1597137008597	327.0	-41.0	-3.0	95.0	
1504199252741	1597157150198	327.0	-41.0	-3.0	95.0	
1504199252760	1597177291800	327.0	-41.0	-3.0	95.0	
1504199252777	1597197433401	327.0	-41.0	-3.0	95.0	
1504199252794	1597217575003	327.0	-41.0	-3.0	95.0	
1504199252830	1597237716605	327.0	-41.0	-3.0	95.0	
1504199252848	1597257858206	327.17962646484375	-41.0	-3.0	95.0	
1504199252865	1597277999808	328.0	-41.0	-3.0	95.0	
1504199252883	1597298141409	328.0	-41.0	-3.0	95.0	
1504199252902	1597318283011	328.0	-41.0	-3.0	95.0	
1504199252920	1597338424612	328.0	-41.0	-3.0	95.0	
1504199252938	1597358566214	328.0	-41.0	-3.0	95.0	
1504199252971	1597378707815	328.0	-41.0	-3.0	95.0	
1504199252989	1597398849417	328.0	-41.0	-3.0	95.0	
1504199253005	1597418991019	328.0	-41.0	-3.0	95.0	
1504199253023	1597439132620	328.0	-41.0	-3.0	95.0	
1504199253041	1597459274222	328.0	-41.0	-3.0	95.0	
1504199253059	1597479415823	328.0	-41.0	-3.0	95.0	
1504199253077	1597499557425	328.0	-41.0	-3.0	95.0	
1504199253112	1597519699026	328.0	-41.0	-3.0	95.0	
1504199253131	1597539840628	328.0	-41.0	-3.0	95.0	
1504199253147	1597559982230	328.0	-41.0	-3.0	95.0	
1504199253165	1597580123831	328.0	-41.0	-3.0	95.0	
1504199253183	1597600265433	328.0	-41.0	-3.0	95.0	
1504199253200	1597620407034	328.0	-41.0	-3.0	95.0	
1504199253219	1597640548636	328.0	-41.0	-3.0	95.0	
1504199253236	1597660690237	328.0	-41.0	-3.0	95.0	
1504199253270	1597680831839	328.0	-41.0	-3.0	95.0	
1504199253288	1597700973440	328.0	-41.0	-3.0	95.0	
1504199253305	1597721115042	328.0	-41.0	-3.0	95.0	
1504199253324	1597741256644	328.0	-41.0	-3.0	95.0	
1504199253342	1597761398245	328.0	-41.0	-3.0	95.0	
1504199253360	1597781539847	328.0	-41.0	-3.0	95.0	
1504199253376	1597801681448	328.0	-41.0	-3.0	95.0	
1504199253411	1597821823050	328.0	-41.0	-3.0	95.0	
1504199253429	1597841964651	328.0	-41.0	-3.0	95.0	
1504199253446	1597862106253	328.0	-41.0	-3.0	95.0	
1504199253464	1597882247855	328.0	-41.0	-3.0	95.0	
1504199253482	1597902389456	328.0	-41.0	-3.0	95.0	
1504199253503	1597922531058	328.0	-41.0	-3.0	95.0	
1504199253517	1597942672659	328.0	-41.0	-3.0	95.0	
1504199253553	1597962814261	328.0	-41.0	-3.0	95.0	
1504199253570	1597982955862	328.0	-41.0	-3.0	95.0	
1504199253596	1598003097464	328.0	-41.0	-3.0	95.0	
1504199253612	1598023239065	328.0	-41.0	-3.0	95.0	
1504199253622	1598043380667	328.0	-41.0	-3.0	95.0	
1504199253640	1598063522269	328.0	-41.0	-3.0	95.0	
1504199253659	1598083663870	328.0	-41.0	-3.0	95.0	
1504199253693	1598103805472	328.0	-41.0	-3.0	95.0	
1504199253711	1598123947073	328.0	-41.0	-3.0	95.0	
1504199253728	1598144088675	328.0	-41.0	-3.0	95.0	
1504199253746	1598164230276	328.0	-41.0	-3.0	95.0	
1504199253764	1598184371878	328.0	-41.0	-3.0	95.0	
1504199253781	1598204513480	328.0	-41.0	-3.0	95.0	
1504199253799	1598224655081	328.0	-41.0	-3.0	95.0	
1504199253834	1598244796683	328.0	-41.0	-3.0	95.0	
1504199253852	1598264938284	328.0	-41.0	-3.0	95.0	
1504199253869	1598285079886	328.0	-41.0	-3.0	95.0	
1504199253887	1598305221487	328.0	-41.0	-3.0	95.0	
1504199253904	1598325363089	328.0	-41.0	-3.0	95.0	
1504199253924	1598345504690	328.7599182128906	-41.0	-3.0	95.0	
1504199253940	1598365646292	329.0	-41.0	-2.1001739501953125	95.0	
1504199253975	1598385787894	329.0	-41.0	-2.0	95.0	
1504199253993	1598405929495	329.0	-41.0	-2.0	95.0	
1504199254010	1598426071097	329.0	-41.0	-2.0	95.0	
1504199254029	1598446212698	329.0	-41.0	-2.0	95.0	
1504199254047	1598466354300	329.0	-40.39793395996094	-2.0	95.0	
1504199254063	1598486495901	329.0	-40.0	-2.0	95.0	
1504199254082	1598506637503	329.0	-40.0	-2.0	95.0	
1504199254116	1598526779105	329.0	-40.0	-2.0	95.0	
1504199254134	1598546920706	329.0	-40.0	-2.0	95.0	
1504199254152	1598567062308	329.0	-40.0	-2.0	95.0	
1504199254169	1598587203909	329.0	-40.0	-2.0	95.0	
1504199254188	1598607345511	329.0	-40.0	-2.0	95.0	
1504199254204	1598627487112	329.0	-40.0	-2.0	95.0	
1504199254222	1598647628714	329.0	-40.0	-2.0	95.0	
1504199254257	1598667770315	329.0	-40.0	-2.0	95.0	
1504199254275	1598687911917	329.0	-40.0	-2.0	95.0	
1504199254292	1598708053519	329.0	-40.0	-2.0	95.0	
1504199254310	1598728195120	329.0	-40.0	-2.0	95.0	
1504199254328	1598748336722	329.0	-40.0	-2.0	95.0	
1504199254346	1598768478323	329.0	-40.0	-2.0	95.0	
1504199254363	1598788619925	329.0	-40.0	-2.0	95.0	
1504199254381	1598808761526	329.0	-40.0	-2.0	95.0	
1504199254416	1598828903128	329.0	-40.0	-2.0	95.0	
1504199254434	1598849044730	329.0	-40.0	-2.0	95.0	
1504199254453	1598869186331	329.0	-40.0	-2.0	95.0	
1504199254468	1598889327933	329.0	-40.0	-2.0	95.0	
1504199254486	1598909469534	329.0	-40.0	-2.0	95.0	
1504199254505	1598929611136	329.0	-40.0	-2.0	95.0	
1504199254522	1598949752737	329.0	-40.0	-2.0	95.0	
1504199254557	1598969894339	329.0	-40.0	-2.0	95.0	
1504199254574	1598990035940	329.0	-40.0	-2.0	95.0	
1504199254592	1599010177542	329.0	-40.0	-2.0	95.0	
1504199254610	1599030319144	329.0	-40.0	-2.0	95.0	
1504199254627	1599050460745	329.0	-40.0	-2.0	95.0	
1504199254645	1599070602347	329.0	-40.0	-2.0	95.0	
1504199254663	1599090743948	329.0	-40.0	-2.0	95.0	
1504199254698	1599110885550	329.0	-40.0	-2.0	95.0	
1504199254715	1599131027151	329.0	-40.0	-2.0	95.0	
1504199254733	1599151168753	329.0	-40.0	-2.0	95.0	
1504199254751	1599171310355	329.0	-40.0	-2.0	95.0	
1504199254769	1599191451956	329.0	-40.0	-2.0	95.0	
1504199254786	1599211593558	329.0	-40.0	-2.0	95.0	
1504199254803	1599231735159	329.0	-40.0	-2.0	95.0	
1504199254839	1599251876761	329.0	-40.0	-2.0	95.0	
1504199254856	1599272018362	329.0	-40.0	-2.0	95.0	
1504199254875	1599292159964	329.0	-40.0	-2.0	95.0	
1504199254892	1599312301565	329.0	-40.0	-2.0	95.0	
1504199254910	1599332443167	329.0	-40.0	-2.0	95.0	
1504199254928	1599352584769	329.0	-40.0	-2.0	95.0	
1504199254944	1599372726370	329.0	-40.0	-2.0	95.0	
1504199254980	1599392867972	329.0	-40.0	-2.0	95.0	
1504199254997	1599413009573	329.0	-40.0	-2.0	95.0	
1504199255015	1599433151175	329.0	-40.0	-2.0	95.0	
1504199255033	1599453292776	329.0	-40.0	-2.0	95.0	
1504199255050	1599473434378	329.0	-40.0	-2.0	95.0	
1504199255068	1599493575980	329.0	-40.0	-2.0	95.0	
1504199255086	1599513717581	329.0	-40.0	-2.0	95.0	
1504199255121	1599533859183	329.0	-40.0	-2.0	95.0	
1504199255138	1599554000784	329.0	-40.0	-2.0	95.0	
1504199255156	1599574142386	329.0	-40.0	-2.0	95.0	
1504199255173	1599594283987	329.0	-40.0	-2.0	95.0	
1504199255192	1599614425589	329.0	-40.0	-2.0	95.0	
1504199255209	1599634567190	329.0	-40.0	-2.0	95.0	
1504199255227	1599654708792	329.0	-40.0	-2.0	95.0	
1504199255262	1599674850394	329.0	-40.0	-2.0	95.0	
1504199255279	1599694991995	329.0	-40.0	-2.0	95.0	
1504199255299	1599715133597	329.0	-40.0	-2.0	95.0	
1504199255316	1599735275198	328.5544128417969	-40.0	-2.0	95.0	
1504199255333	1599755416800	328.0	-40.0	-2.0	95.0	
1504199255352	1599775558401	328.72662353515625	-40.0	-2.0	95.0	
1504199255368	1599795700003	328.1315002441406	-40.868499755859375	-2.0	95.0	
1504199255404	1599815841605	328.0	-41.0	-3.0	95.0	
1504199255422	1599835983206	328.0	-41.0	-3.0	95.0	
1504199255439	1599856124808	328.0	-41.0	-3.0	95.0	
1504199255458	1599876266409	328.0	-41.0	-3.0	95.0	
1504199255473	1599896408011	328.0	-41.0	-3.0	95.0	
1504199255491	1599916549612	328.7530517578125	-41.0	-3.0	95.0	
1504199255509	1599936691214	329.0	-41.0	-3.0	95.0	
1504199255544	1599956832815	329.0	-40.95304870605469	-3.0	95.0	
1504199255563	1599976974417	329.0	-40.0	-3.0	95.0	
1504199255579	1599997116019	329.0	-40.342010498046875	-3.0	95.0	
1504199255596	1600017257620	329.0	-41.0	-3.0	95.0	
1504199255616	1600037399222	329.0	-41.0	-3.0	95.0	
1504199255632	1600057540823	328.21563720703125	-41.0	-3.0	95.0	
1504199255649	1600077682425	328.0	-41.0	-2.0694580078125	95.0	
1504199255685	1600097824026	328.0	-41.0	-2.0	95.0	
1504199255702	1600117965628	328.0	-41.0	-2.0	95.0	
1504199255721	1600138107230	328.0	-40.627838134765625	-2.0	95.0	
1504199255739	1600158248831	328.0	-40.0	-2.0	95.0	
1504199255756	1600178390433	328.0	-40.0	-2.0	95.0	
1504199255775	1600198532034	328.0	-40.0	-2.0	95.0	
1504199255791	1600218673636	328.0	-40.0	-2.0	95.0	
1504199255827	1600238815237	328.0	-40.0	-2.0	95.0	
1504199255845	1600258956839	328.0	-40.0	-2.0	95.0	
1504199255862	1600279098440	328.0	-40.403472900390625	-2.0	95.0	
1504199255880	1600299240042	328.0	-41.0	-2.0	95.0	
1504199255898	1600319381644	328.0	-41.0	-2.0	95.0	
1504199255915	1600339523245	328.0	-40.15452575683594	-2.0	95.0	
1504199255932	1600359664847	328.0	-40.0	-2.0	95.0	
1504199255967	1600379806448	328.0	-40.0	-2.0	95.0	
1504199255986	1600399948050	328.0	-40.0	-2.0	95.0	
1504199256003	1600420112066	328.0	-40.0	-2.0	95.0	
1504199256020	1600440253668	328.0	-40.0	-2.0	95.0	
1504199256038	1600460395270	328.0	-40.0	-2.0	95.0	
1504199256055	1600480536871	328.0	-40.0	-2.0	95.0	
1504199256090	1600500678473	328.0	-40.0	-2.0	95.0	
1504199256108	1600520820074	328.0	-40.0	-2.0	95.0	
1504199256125	1600540961676	328.0	-40.0	-2.0	95.0	
1504199256144	1600561103277	328.0	-40.0	-2.0	95.0	
1504199256162	1600581244879	328.0	-40.0	-2.0	95.0	
1504199256179	1600601386480	328.0	-40.0	-2.0	95.0	
1504199256197	1600621528082	328.0	-40.0	-2.0	95.0	
1504199256231	1600641669684	328.0	-40.0	-2.0	95.0	
1504199256249	1600661811285	328.0	-40.0	-2.0	95.0	
1504199256267	1600681952887	328.0	-40.0	-2.0	95.0	
1504199256284	1600702094488	328.0	-40.0	-2.0	95.0	
1504199256303	1600722236090	328.0	-40.0	-2.0	95.0	
1504199256320	1600742377691	328.0	-40.0	-2.0	95.0	
1504199256338	1600762519293	328.0	-40.0	-2.0	95.0	
1504199256375	1600782660895	328.0	-40.0	-2.0	95.0	
1504199256392	1600802802496	328.0	-40.0	-2.0	95.0	
1504199256408	1600822944098	328.0	-40.0	-2.0	95.0	
1504199256426	1600843085699	328.0	-40.0	-2.0	95.0	
1504199256443	1600863227301	328.0	-40.0	-2.0	95.0	
1504199256463	1600883368902	328.0	-40.0	-2.0	95.0	
1504199256478	1600903510504	328.0	-40.0	-2.0	95.0	
1504199256513	1600923652105	328.0	-40.0	-2.0	95.0	
1504199256531	1600943793707	328.0	-40.0	-2.0	95.0	
1504199256549	1600963935309	328.0	-40.0	-2.0	95.0	
1504199256566	1600984076910	328.0	-40.0	-2.0	95.0	
1504199256587	1601004218512	328.0	-40.0	-2.0	95.0	
1504199256601	1601024360113	328.0	-40.0	-2.0	95.0	
1504199256637	1601044501715	328.0	-40.0	-2.0	95.0	
1504199256655	1601064643316	328.0	-40.14781188964844	-2.0	95.0	
1504199256672	1601084784918	328.0	-41.0	-2.0	95.0	
1504199256690	1601104926520	328.0	-41.0	-2.0	95.0	
1504199256707	1601125068121	328.0	-41.0	-2.0	95.0	
1504199256727	1601145209723	328.0	-41.0	-2.0	95.0	
1504199256742	1601165351324	328.0	-41.0	-2.8852081298828125	95.0	
1504199256782	1601185492926	328.0	-41.0	-3.0	95.0	
1504199256797	1601205634527	328.0	-41.0	-3.0	95.0	
1504199256814	1601225776129	328.0	-41.0	-3.0	95.0	
1504199256836	1601245917730	328.0	-41.0	-3.0	95.0	
1504199256848	1601266059332	328.0	-41.62086486816406	-3.0	95.0	
1504199256866	1601286200934	328.0	-42.0	-3.0	95.0	
1504199256885	1601306342535	328.0	-42.91651916503906	-3.9165191650390625	95.0	
1504199256919	1601326484137	328.0	-43.0	-4.0	95.0	
1504199256936	1601346625738	328.0	-43.0	-4.0	95.0	
1504199256954	1601366767340	328.0	-43.0	-4.0	95.0	
1504199256972	1601386908941	327.49481201171875	-43.0	-4.0	95.0	
1504199256990	1601407050543	327.0	-43.0	-4.0	95.0	
1504199257007	1601427192145	327.0	-43.0	-4.79998779296875	95.0	
1504199257024	1601447333746	327.0	-43.0	-5.0	95.0	
1504199257060	1601467475348	327.0	-44.0	-5.0	95.0	
1504199257078	1601487616949	327.0	-44.0	-5.0	95.0	
1504199257095	1601507758551	327.0	-44.0	-5.0	95.0	
1504199257112	1601527900152	327.0	-44.0	-5.53564453125	95.0	
1504199257130	1601548041754	327.0	-44.6834716796875	-6.0	95.0	
1504199257149	1601568183355	327.0	-45.0	-6.0	95.0	
1504199257166	1601588324957	327.0	-44.0225830078125	-6.0	95.0	
1504199257201	1601608466559	327.0	-43.0	-6.0	95.0	
1504199257218	1601628608160	327.0	-43.0	-6.0	95.0	
1504199257238	1601648749762	327.0	-43.0	-6.0	95.0	
1504199257259	1601668891363	327.0	-43.56695556640625	-6.0	95.0	
1504199257272	1601689032965	327.0	-44.0	-6.0	95.0	
1504199257288	1601709174566	327.0	-44.0	-6.0	95.0	
1504199257327	1601729316168	327.0	-45.0	-6.0	95.0	
1504199257343	1601749457770	327.0	-45.0	-6.0	95.0	
1504199257359	1601769599371	327.0	-45.0	-6.0	95.0	
1504199257377	1601789740973	327.0	-45.0	-6.0	95.0	
1504199257395	1601809882574	327.0	-45.0	-6.0	95.0	
1504199257413	1601830024176	327.0	-45.0	-6.0	95.0	
1504199257429	1601850165777	327.0	-45.0	-6.0	95.0	
1504199257466	1601870307379	327.0	-45.0	-6.0	95.0	
1504199257487	1601890448980	327.0	-45.0	-6.0	95.0	
1504199257500	1601910590582	327.0	-44.66493225097656	-6.0	95.0	
1504199257519	1601930732184	327.0	-44.0	-5.5182647705078125	95.0	
1504199257537	1601950873785	327.0	-44.0	-5.0	95.0	
1504199257553	1601971015387	327.0	-44.0	-5.0	95.0	
1504199257572	1601991156988	327.0	-44.0	-5.0	95.0	
1504199257606	1602011298590	327.0	-44.0	-5.0	95.0	
1504199257624	1602031440191	327.0	-43.7808837890625	-5.0	95.0	
1504199257641	1602051581793	327.3663330078125	-43.0	-4.6336822509765625	95.0	
1504199257659	1602071723395	328.0	-43.0	-4.0	95.0	
1504199257677	1602091864996	328.0	-43.0	-4.0	95.0	
1504199257694	1602112006598	328.0	-43.0	-4.0	95.0	
1504199257712	1602132148199	328.0	-43.0	-4.0	95.0	
1504199257747	1602152289801	328.0	-42.89739990234375	-4.0	95.0	
1504199257765	1602172431402	328.0	-42.0	-4.0	95.0	
1504199257783	1602192573004	328.0	-42.0	-4.0	95.0	
1504199257800	1602212714605	328.0	-42.0	-4.0	95.0	
1504199257818	1602232856207	328.0	-42.0	-4.0	95.0	
1504199257836	1602252997809	328.0	-42.0	-4.0	95.0	
1504199257853	1602273139410	328.0	-42.0	-4.0	95.0	
1504199257890	1602293281012	328.0	-42.0	-4.0	95.0	
1504199257906	1602313422613	328.0	-42.0	-4.0	95.0	
1504199257923	1602333564215	328.0	-42.0	-4.0	95.0	
1504199257942	1602353705816	328.0	-42.0	-3.4243621826171875	95.0	
1504199257959	1602373847418	328.0	-42.0	-3.0	95.0	
1504199257977	1602393989020	328.0	-42.0	-3.0	95.0	
1504199258012	1602414130621	328.0	-42.0	-3.0	95.0	
1504199258030	1602434272223	328.0	-42.0	-3.0	95.0	
1504199258048	1602454413824	328.0	-42.0	-3.0	95.0	
1504199258065	1602474555426	328.0	-42.0	-3.0	95.0	
1504199258082	1602494697027	328.0	-41.3975830078125	-3.0	95.0	
1504199258101	1602514838629	328.0	-41.0	-3.0	95.0	
1504199258117	1602534980230	328.0	-41.0	-3.0	95.0	
1504199258153	1602555121832	329.0	-41.0	-3.0	95.0	
1504199258170	1602575263434	329.0	-41.0	-3.0	95.0	
1504199258188	1602595405035	329.0	-41.0	-3.0	95.0	
1504199258205	1602615546637	329.0	-41.0	-3.0	95.0	
1504199258223	1602635688238	329.0	-41.0	-3.0	95.0	
1504199258241	1602655829840	329.0	-41.0	-3.0	95.0	
1504199258260	1602675971441	329.0	-41.0	-3.0	95.0	
1504199258276	1602696113043	329.0	-41.0	-3.0	95.0	
1504199258313	1602716254645	329.0	-41.0	-3.0	95.0	
1504199258329	1602736396246	329.0	-41.0	-3.0	95.0	
1504199258347	1602756537848	329.0	-41.0	-2.6438446044921875	95.0	
1504199258364	1602776679449	329.0	-41.0	-2.0	95.0	
1504199258382	1602796821051	329.0	-41.0	-2.0	95.0	
1504199258400	1602816962652	329.0	-41.0	-2.0	95.0	
1504199258418	1602837104254	329.0	-41.0	-2.0	95.0	
1504199258452	1602857245855	329.0	-41.0	-2.0	95.0	
1504199258472	1602877387457	329.136962890625	-40.86302185058594	-2.0	95.0	
1504199258488	1602897529059	330.0	-40.0	-2.0	95.0	
1504199258509	1602917670660	330.0	-40.0	-2.0	95.0	
1504199258523	1602937812262	330.0	-40.0	-2.0	95.0	
1504199258540	1602957953863	330.0	-40.0	-2.0	95.0	
1504199258558	1602978095465	330.0	-40.0	-2.0	95.0	
1504199258576	1602998237066	330.0	-40.0	-2.0	95.0	
1504199258611	1603018378668	330.0	-40.0	-2.0	95.0	
1504199258628	1603038520270	330.0	-40.0	-2.0	95.0	
1504199258646	1603058661871	330.0	-40.0	-1.6900787353515625	95.0	
1504199258663	1603078803473	330.0	-40.0	-1.0	95.0	
1504199258682	1603098945074	330.0	-40.0	-1.0	95.0	
1504199258699	1603119086676	330.0	-40.0	-1.0	95.0	
1504199258716	1603139228277	330.0	-39.169525146484375	-1.0	95.0	
1504199258736	1603159369879	330.0	-39.0	-1.0	95.0	
1504199258769	1603179511480	330.0	-39.0	-1.0	95.0	
1504199258787	1603199653082	330.0	-39.0	-1.0	95.0	
1504199258805	1603219794684	330.0	-39.0	-1.0	95.0	
1504199258823	1603239936285	330.0	-39.0	-1.0	95.0	
1504199258842	1603260077887	330.0	-39.0	-1.0	95.0	
1504199258858	1603280219488	330.7414245605469	-39.0	-1.0	95.0	
1504199258876	1603300361090	331.0	-39.0	-1.0	95.0	
1504199258911	1603320502691	331.0	-39.0	-1.0	95.0	
1504199258929	1603340644293	331.0	-39.0	-1.0	95.0	
1504199258948	1603360785895	331.0	-39.0	-1.0	95.0	
1504199258965	1603380927496	331.0	-39.0	-1.0	95.0	
1504199258982	1603401069098	331.0	-39.0	-1.0	95.0	
1504199259001	1603421210699	331.0	-39.0	-1.0	95.0	
1504199259017	1603441352301	331.0	-39.0	-1.0	95.0	
1504199259034	1603461493902	331.0	-39.0	-1.0	95.0	
1504199259070	1603481635504	331.0	-39.0	-1.0	95.0	
1504199259087	1603501777105	331.0	-39.0	-0.827056884765625	95.0	
1504199259107	1603521918707	331.0	-39.0	0.0	95.0	
1504199259122	1603542060309	331.0	-39.0	0.0	95.0	
1504199259141	1603562201910	331.5633544921875	-39.0	0.0	95.0	
1504199259159	1603582343512	332.0	-39.0	0.0	95.0	
1504199259179	1603602485113	332.0	-39.0	0.0	95.0	
1504199259210	1603622626715	332.0	-38.0	0.0	95.0	
1504199259228	1603642768316	332.0	-38.0	0.0	95.0	
1504199259246	1603662909918	332.0	-38.0	0.0	95.0	
1504199259265	1603683051520	332.0	-38.0	-0.833953857421875	95.0	
1504199259298	1603703193121	332.0	-38.0	-1.0	95.0	
1504199259317	1603723334723	332.0	-38.0	-1.0	95.0	
1504199259335	1603743476324	332.0	-38.0	-1.0	95.0	
1504199259352	1603763617926	332.0	-38.0	-1.0	95.0	
1504199259370	1603783759527	332.0	-38.0	-1.0	95.0	
1504199259386	1603803901129	332.0	-38.0	-1.0	95.0	
1504199259404	1603824042730	332.0	-38.0	-1.0	95.0	
1504199259439	1603844184332	332.0	-38.0	-1.0	95.0	
1504199259457	1603864325934	332.0	-38.0	-1.0	95.0	
1504199259474	1603884467535	332.0	-38.0	-1.0	95.0	
1504199259492	1603904609137	332.0	-38.0	-1.0	95.0	
1504199259510	1603924750738	332.0	-38.0	-1.0	95.0	
1504199259529	1603944892340	332.0	-38.0	-1.0	95.0	
1504199259563	1603965033941	332.0	-38.0	-1.0	95.0	
1504199259583	1603985175543	332.0	-38.0	-1.0	95.0	
1504199259599	1604005317145	332.0	-38.0	-1.0	95.0	
1504199259616	1604025458746	332.0	-38.0	-1.0	95.0	
1504199259635	1604045600348	332.0	-38.0	-1.0	95.0	
1504199259651	1604065741949	332.0	-38.0	-1.0	95.0	
1504199259669	1604085883551	332.0	-38.0	-1.0	95.0	
1504199259705	1604106025152	332.0	-38.0	-1.0	95.0	
1504199259722	1604126166754	332.0	-38.0	-1.0	95.0	
1504199259740	1604146308355	332.0	-38.0	-1.0	95.0	
1504199259757	1604166449957	332.0	-38.0	-1.0	95.0	
1504199259776	1604186591559	332.0	-38.0	-1.0	95.0	
1504199259793	1604206733160	332.0	-38.0	-1.0	95.0	
1504199259810	1604226874762	332.0	-38.0	-1.0	95.0	
1504199259846	1604247016363	332.0	-38.0	-1.0	95.0	
1504199259863	1604267157965	332.0	-38.0	-1.0	95.0	
1504199259880	1604287299566	332.0	-38.0	-1.0	95.0	
1504199259898	1604307441168	332.0	-38.0	-1.0	95.0	
1504199259917	1604327582770	332.0	-38.0	-1.0	95.0	
1504199259934	1604347724371	332.0	-38.0	-1.0	95.0	
1504199259952	1604367865973	332.0	-38.0	-1.0	95.0	
1504199259968	1604388007574	332.0	-38.0	-1.0	95.0	
1504199260003	1604408149176	332.0	-38.0	-1.0	95.0	
1504199260021	1604428290777	332.0	-38.0	-1.0	95.0	
1504199260038	1604448432379	332.0	-38.0	-1.0	95.0	
1504199260058	1604468573980	332.0	-38.0	-1.0	95.0	
1504199260074	1604488715582	332.0	-38.0	-1.0	95.0	
1504199260092	1604508857184	332.0	-38.0	-1.0	95.0	
1504199260111	1604528998785	332.0	-38.0	-1.0	95.0	
1504199260127	1604549140387	332.0	-38.0	-1.0	95.0	
1504199260162	1604569281988	332.0	-38.0	-1.0	95.0	
1504199260180	1604589423590	332.0	-38.0	-1.0	95.0	
1504199260198	1604609565191	332.0	-38.0	-1.0	95.0	
1504199260216	1604629706793	332.0	-38.0	-1.0	95.0	
1504199260233	1604649848395	332.0	-38.0	-1.0	95.0	
1504199260250	1604669989996	332.0	-38.0	-1.0	95.0	
1504199260269	1604690131598	332.0	-38.0	-1.0	95.0	
1504199260286	1604710273199	332.0	-38.0	-1.0	95.0	
1504199260303	1604730414801	331.0	-38.0	-1.0	95.0	
1504199260341	1604750556402	331.0	-38.0	-1.0	95.0	
1504199260361	1604770698004	331.24658203125	-38.0	-1.0	95.0	
1504199260380	1604790839605	331.6309814453125	-38.0	-1.0	95.0	
1504199260404	1604810981207	331.0	-38.0	-1.0	95.0	
1504199260419	1604831122809	331.6156311035156	-38.0	-1.0	95.0	
1504199260453	1604851264410	331.26190185546875	-38.0	-1.0	95.0	
1504199260470	1604871406012	331.0	-38.0	-1.0	95.0	
1504199260488	1604891547613	331.0	-38.0	-1.0	95.0	
1504199260520	1604911689215	331.0	-38.0	-1.0	95.0	
1504199260533	1604931830816	331.3203430175781	-38.0	-1.0	95.0	
1504199260551	1604951972418	332.0	-38.0	-1.0	95.0	
1504199260560	1604972114020	332.0	-38.0	-1.0	95.0	
1504199260569	1604992255621	332.0	-38.0	-1.0	95.0	
1504199260586	1605012397223	332.0	-38.0	-1.0	95.0	
1504199260624	1605032538824	332.0	-38.0	-1.0	95.0	
1504199260648	1605052680426	332.0	-38.0	-1.0	95.0	
1504199260659	1605072822027	332.0	-38.0	-1.0	95.0	
1504199260675	1605092963629	332.0	-38.0	-1.0	95.0	
1504199260697	1605113105230	332.0	-38.0	-1.0	95.0	
1504199260726	1605133246832	332.0	-38.0	-1.0	95.0	
1504199260744	1605153388434	332.0	-38.0	-1.0	95.0	
1504199260769	1605173530035	332.0	-38.0	-1.0	95.0	
1504199260786	1605193671637	332.0	-38.0	-1.0	95.0	
1504199260802	1605213813238	332.0	-38.0	-1.0	95.0	
1504199260832	1605233954840	332.0	-38.0	-1.0	95.0	
1504199260887	1605254096441	332.0	-38.0	-1.0	95.0	
1504199260944	1605274238043	332.0	-38.0	-1.0	95.0	
1504199260954	1605294379645	332.0	-38.0	-1.0	95.0	
1504199260961	1605314521246	332.0	-38.0	-1.0	95.0	
1504199260971	1605334662848	332.0	-38.0	-1.0	95.0	
1504199260979	1605354804449	332.0	-38.0	-1.0	95.0	
1504199260998	1605374946051	332.0	-38.0	-1.0	95.0	
1504199261009	1605395087652	332.0	-38.0	-1.0	95.0	
1504199261021	1605415229254	332.0	-38.0	-1.0	95.0	
1504199261033	1605435370855	332.0	-38.0	-1.0	95.0	
1504199261044	1605455512457	332.0	-38.0	-1.0	95.0	
1504199261064	1605475654059	332.0	-38.0	-1.0	95.0	
1504199261080	1605495795660	332.0	-38.0	-1.0	95.0	
1504199261098	1605515937262	332.0	-38.0	-1.0	95.0	
1504199261160	1605536078863	332.0	-38.0	-1.0	95.0	
1504199261208	1605556220465	332.0	-38.0	-1.0	95.0	
1504199261216	1605576362066	332.0	-38.0	-1.0	95.0	
1504199261222	1605596503668	332.0	-38.0	-1.0	95.0	
1504199261236	1605616645270	332.0	-38.0	-1.0	95.0	
1504199261243	1605636786871	332.0	-38.0	-1.0	95.0	
1504199261256	1605656928473	332.0	-38.0	-1.0	95.0	
1504199261278	1605677070074	332.0	-38.0	-1.0	95.0	
1504199261291	1605697211676	332.0	-38.0	-1.0	95.0	
1504199261310	1605717353277	332.0	-38.0	-1.0	95.0	
1504199261327	1605737494879	332.0	-38.0	-1.0	95.0	
1504199261348	1605757636480	332.0	-38.0	-1.0	95.0	
1504199261362	1605777778082	332.0	-38.0	-1.0	95.0	
1504199261384	1605797919684	332.0	-38.0	-1.0	95.0	
1504199261424	1605818061285	332.0	-38.0	-1.0	95.0	
1504199261442	1605838202887	332.0	-38.0	-1.0	95.0	
1504199261458	1605858344488	332.0	-38.33274841308594	-1.0	95.0	
1504199261478	1605878486090	332.0	-39.0	-1.0	95.0	
1504199261495	1605898627691	332.0	-39.0	-1.0	95.0	
1504199261514	1605918769293	332.0	-39.0	-1.0	95.0	
1504199261537	1605938910895	332.0	-39.0	-1.0	95.0	
1504199261591	1605959052496	332.0	-39.0	-1.0	95.0	
1504199261620	1605979194098	332.0	-39.0	-1.0	95.0	
1504199261649	1605999335699	332.0	-39.0	-1.0	95.0	
1504199261681	1606019477301	332.0	-39.0	-1.0	95.0	
1504199261699	1606039618902	332.0	-39.0	-1.0	95.0	
1504199261720	1606059760504	332.0	-39.0	-1.0	95.0	
1504199261744	1606079902105	332.0	-39.0	-1.0	95.0	
1504199261769	1606100043707	332.0	-39.0	-1.0	95.0	
1504199261813	1606120185309	332.0	-39.0	-1.0	95.0	
1504199261822	1606140326910	332.0	-39.0	-1.0	95.0	
1504199261831	1606160468512	332.0	-39.0	-1.0	95.0	
1504199261837	1606180610113	332.0	-39.0	-1.0	95.0	
1504199261843	1606200751715	332.0	-39.0	-1.0	95.0	
1504199261851	1606220893316	332.0	-39.0	-1.0	95.0	
1504199261862	1606241034918	332.0	-39.0	-1.0	95.0	
1504199261876	1606261176520	332.0	-39.0	-1.0	95.0	
1504199261883	1606281318121	332.0	-39.0	-1.0	95.0	
1504199261893	1606301459723	332.0	-39.0	-1.0	95.0	
1504199261908	1606321601324	332.0	-39.0	-1.0	95.0	
1504199261925	1606341742926	332.0	-39.0	-1.0	95.0	
1504199261945	1606361884527	332.0	-39.0	-1.0	95.0	
1504199261966	1606382026129	332.0	-39.0	-1.0	95.0	
1504199262004	1606402167730	332.0	-39.0	-1.0	95.0	
1504199262040	1606422309332	332.0	-39.0	-1.0	95.0	
1504199262073	1606442450934	332.0	-39.0	-1.0	95.0	
1504199262112	1606462592535	332.0	-39.0	-1.0	95.0	
1504199262116	1606482734137	332.0	-39.0	-1.0	95.0	
1504199262125	1606502875738	332.0	-39.0	-1.0	95.0	
1504199262133	1606523017340	332.0	-39.0	-1.0	95.0	
1504199262147	1606543158941	332.0	-39.0	-1.0	95.0	
1504199262155	1606563300543	332.0	-39.0	-1.0	95.0	
1504199262173	1606583442145	332.0	-39.0	-1.0	95.0	
1504199262190	1606603583746	332.0	-39.0	-1.0	95.0	
1504199262207	1606623725348	332.0	-39.0	-1.0	95.0	
1504199262227	1606643866949	332.0	-39.0	-1.0	95.0	
1504199262243	1606664008551	332.0	-39.0	-1.0	95.0	
1504199262281	1606684150152	332.0	-39.0	-1.0	95.0	
1504199262299	1606704291754	332.0	-39.0	-1.0	95.0	
1504199262315	1606724433355	332.0	-38.720703125	-1.0	95.0	
1504199262330	1606744574957	332.0	-38.0	-1.0	95.0	
1504199262348	1606764716559	332.0	-38.55516052246094	-1.0	95.0	
1504199262365	1606784858160	332.0	-39.0	-1.0	95.0	
1504199262384	1606804999762	332.0	-39.0	-1.0	95.0	
1504199262401	1606825141363	332.0	-39.0	-1.0	95.0	
1504199262436	1606845282965	332.0	-38.0	-1.0	95.0	
1504199262454	1606865424566	332.0	-38.0	-1.0	95.0	
1504199262472	1606885566168	332.0	-38.0	-1.0	95.0	
1504199262489	1606905707770	332.0	-38.0	-1.0	95.0	
1504199262507	1606925849371	332.0	-38.66148376464844	-1.0	95.0	
1504199262525	1606945990973	332.0	-39.0	-1.0	95.0	
1504199262543	1606966132574	332.0	-39.0	-1.0	95.0	
1504199262577	1606986274176	332.0	-39.0	-1.0	95.0	
1504199262595	1607006415777	332.0	-39.0	-1.0	95.0	
1504199262612	1607026557379	332.0	-39.0	-1.0	95.0	
1504199262630	1607046698980	332.0	-39.0	-1.0	95.0	
1504199262648	1607066840582	332.0	-39.0	-1.0	95.0	
1504199262666	1607086982184	332.0	-39.0	-1.0	95.0	
1504199262683	1607107123785	332.0	-39.0	-1.0	95.0	
1504199262718	1607127265387	332.0	-39.0	-1.0	95.0	
1504199262735	1607147406988	332.0	-39.0	-1.0	95.0	
1504199262755	1607167548590	332.0	-39.0	-1.0	95.0	
1504199262770	1607187690191	332.0	-39.0	-1.0	95.0	
1504199262788	1607207831793	332.0	-38.40345764160156	-1.0	95.0	
1504199262806	1607227973395	332.0	-38.0	-1.0	95.0	
1504199262823	1607248114996	332.0	-38.0	-1.0	95.0	
1504199262858	1607268256598	332.0	-38.0	-1.0	95.0	
1504199262876	1607288398199	332.0	-38.0	-1.0	95.0	
1504199262893	1607308539801	332.0	-38.0	-1.0	95.0	
1504199262912	1607328681402	332.0	-38.0	-1.0	95.0	
1504199262929	1607348823004	332.0	-38.0	-1.0	95.0	
1504199262947	1607368964605	332.0	-38.0	-1.0	95.0	
1504199262966	1607389106207	332.0	-38.0	-1.0	95.0	
1504199262982	1607409247809	332.0	-38.0	-0.02069091796875	95.0	
1504199263018	1607429389410	332.0	-38.0	-0.117431640625	95.0	
1504199263036	1607449531012	332.0	-38.0	-1.0	95.0	
1504199263054	1607469672613	332.0	-38.0	-1.0	95.0	
1504199263073	1607489814215	332.0	-38.0	-1.0	95.0	
1504199263089	1607509955816	332.0	-38.0	-1.0	95.0	
1504199263108	1607530097418	332.0	-38.0	-1.0	95.0	
1504199263126	1607550239020	332.0	-38.0	-1.0	95.0	
1504199263159	1607570380621	332.0	-38.0	-1.0	95.0	
1504199263178	1607590522223	332.0	-38.0	-1.0	95.0	
1504199263194	1607610663824	332.0	-38.0	-1.0	95.0	
1504199263212	1607630805426	332.0	-38.0	-1.0	95.0	
1504199263231	1607650947027	332.0	-38.0	-1.0	95.0	
1504199263247	1607671088629	332.0	-38.0	-0.2224273681640625	95.0	
1504199263264	1607691230230	332.0	-38.0	0.0	95.0	
1504199263299	1607711371832	332.0	-38.0	0.0	95.0	
1504199263317	1607731513434	332.0	-38.0	0.0	95.0	
1504199263336	1607751655035	332.0	-38.0	0.0	95.0	
1504199263352	1607771796637	332.0	-38.0	0.0	95.0	
1504199263370	1607791938238	332.0	-38.0	0.0	95.0	
1504199263389	1607812079840	332.0	-38.0	0.0	95.0	
1504199263406	1607832221441	332.0	-38.0	0.0	95.0	
1504199263440	1607852363043	332.0	-38.0	0.0	95.0	
1504199263458	1607872504645	332.0	-38.0	0.0	95.0	
1504199263476	1607892646246	332.0	-38.0	0.0	95.0	
1504199263498	1607912787848	332.0	-38.0	0.0	95.0	
1504199263512	1607932929449	332.0	-38.0	0.0	95.0	
1504199263530	1607953071051	332.0	-38.0	0.0	95.0	
1504199263547	1607973212652	332.0	-38.0	0.0	95.0	
1504199263565	1607993354254	332.0	-38.0	0.0	95.0	
1504199263601	1608013495855	332.0	-38.0	0.0	95.0	
1504199263617	1608033637457	332.0	-38.0	0.0	95.0	
1504199263634	1608053779059	332.0	-38.404144287109375	-0.404144287109375	95.0	
1504199263653	1608073920660	332.0	-39.0	-1.0	95.0	
1504199263669	1608094062262	332.0	-39.0	-1.0	95.0	
1504199263688	1608114203863	332.0	-39.0	-1.0	95.0	
1504199263705	1608134345465	332.0	-39.0	-1.0	95.0	
1504199263740	1608154487066	331.8461608886719	-39.0	-1.153839111328125	95.0	
1504199263759	1608174628668	331.0	-39.30767822265625	-2.0	95.0	
1504199263775	1608194770270	331.0	-40.0	-2.0	95.0	
1504199263792	1608214911871	331.0	-40.61537170410156	-2.6153717041015625	95.0	
1504199263811	1608235053473	331.0	-41.0	-3.0	95.0	
1504199263828	1608255195074	331.0	-41.0	-3.0	95.0	
1504199263863	1608275336676	331.0	-41.0	-3.0	95.0	
1504199263881	1608295478277	331.0	-41.0	-3.2307586669921875	95.0	
1504199263899	1608315619879	330.6153869628906	-41.0	-4.0	95.0	
1504199263918	1608335761480	330.0	-41.0	-4.0	95.0	
1504199263934	1608355903082	330.0	-41.0	-4.0	95.0	
1504199263951	1608376044684	330.0	-41.0	-4.0	95.0	
1504199263970	1608396186285	330.0	-41.0	-4.0	95.0	
1504199264004	1608416327887	330.0	-41.0	-4.0	95.0	
1504199264022	1608436469488	330.0	-41.30767822265625	-4.0	95.0	
1504199264039	1608456611090	330.0	-42.0	-4.4615325927734375	95.0	
1504199264057	1608476752691	330.0	-42.0	-5.0	95.0	
1504199264076	1608496894293	330.0	-41.23077392578125	-4.23077392578125	95.0	
1504199264093	1608517035895	330.0	-41.0	-4.0	95.0	
1504199264128	1608537177496	330.0	-41.0	-5.0	95.0	
1504199264145	1608557319098	329.76922607421875	-41.0	-5.0	95.0	
1504199264163	1608577460699	329.0	-41.0	-5.0	95.0	
1504199264182	1608597602301	329.0	-41.0	-5.0	95.0	
1504199264199	1608617743902	329.69232177734375	-41.0	-5.0	95.0	
1504199264216	1608637885504	330.0	-41.0	-5.0	95.0	
1504199264235	1608658027105	330.0	-41.0	-5.0	95.0	
1504199264269	1608678168707	329.0	-41.153839111328125	-5.0	95.0	
1504199264287	1608698310309	329.0	-42.0	-5.0	95.0	
1504199264304	1608718451910	329.0	-42.0	-5.0	95.0	
1504199264323	1608738593512	329.0	-42.61537170410156	-5.0	95.0	
1504199264341	1608758735113	329.76922607421875	-43.0	-5.0	95.0	
1504199264358	1608778876715	330.0	-43.0	-5.0	95.0	
1504199264394	1608799018316	330.0	-43.0	-5.0	95.0	
1504199264411	1608819159918	330.0	-43.0	-5.0	95.0	
1504199264428	1608839301520	330.0	-43.0	-4.615386962890625	95.0	
1504199264447	1608859443121	330.0	-43.0	-4.0	95.0	
1504199264462	1608879584723	330.0	-42.30769348144531	-4.0	95.0	
1504199264480	1608899726324	330.0	-42.0	-4.0	95.0	
1504199264500	1608919867926	329.0	-42.0	-4.0	95.0	
1504199264533	1608940009527	329.1538391113281	-42.0	-4.0	95.0	
1504199264551	1608960151129	330.0	-42.0	-4.0	95.0	
1504199264568	1608980292730	330.0	-42.0	-3.5384674072265625	95.0	
1504199264587	1609000434332	330.0	-42.0	-3.0	95.0	
1504199264606	1609020575934	330.0	-42.0	-3.0	95.0	
1504199264622	1609040717535	330.0	-42.0	-3.0	95.0	
1504199264659	1609060859137	330.0	-42.0	-3.0	95.0	
1504199264674	1609081000738	330.0	-42.0	-3.0	95.0	
1504199264692	1609101142340	330.0	-42.0	-3.0	95.0	
1504199264710	1609121283941	330.0	-42.0	-3.0	95.0	
1504199264726	1609141425543	330.0	-42.0	-3.0	95.0	
1504199264744	1609161567145	330.0	-42.0	-3.0	95.0	
1504199264764	1609181708746	330.0	-42.0	-3.0	95.0	
1504199264797	1609201850348	330.0	-42.0	-3.0	95.0	
1504199264817	1609221991949	330.0	-42.0	-3.0	95.0	
1504199264833	1609242133551	330.0	-42.0	-3.0	95.0	
1504199264850	1609262275152	330.0	-42.0	-3.0	95.0	
1504199264868	1609282416754	330.0	-42.0	-3.0	95.0	
1504199264886	1609302558355	330.0	-42.0	-3.0	95.0	
1504199264903	1609322699957	330.0	-42.0	-3.0	95.0	
1504199264922	1609342841559	330.0	-42.0	-3.0	95.0	
1504199264957	1609362983160	330.0	-42.0	-3.0	95.0	
1504199264975	1609383124762	330.0	-42.0	-3.0	95.0	
1504199264991	1609403266363	330.0	-42.0	-3.0	95.0	
1504199265009	1609423407965	330.0	-41.59661865234375	-3.0	95.0	
1504199265027	1609443549566	330.0	-41.0	-3.0	95.0	
1504199265045	1609463691168	330.0	-41.0	-3.0	95.0	
1504199265062	1609483832770	330.0	-41.0	-3.0	95.0	
1504199265081	1609503974371	330.0	-41.0	-3.0	95.0	
1504199265097	1609524115973	330.0	-41.0	-3.0	95.0	
1504199265134	1609544257574	330.0	-41.0	-3.0	95.0	
1504199265150	1609564399176	330.0	-41.0	-3.0	95.0	
1504199265168	1609584540777	330.0	-41.0	-3.0	95.0	
1504199265187	1609604682379	330.0	-41.0	-3.0	95.0	
1504199265203	1609624823980	330.0	-41.0	-3.0	95.0	
1504199265221	1609644965582	330.0	-41.0	-3.0	95.0	
1504199265239	1609665107184	330.0	-41.0	-3.0	95.0	
1504199265274	1609685248785	330.0	-41.0	-3.0	95.0	
1504199265292	1609705390387	330.0	-41.0	-3.0	95.0	
1504199265309	1609725531988	330.0	-41.0	-3.0	95.0	
1504199265327	1609745673590	330.0	-41.0	-3.0	95.0	
1504199265346	1609765815191	330.0	-41.0	-3.0	95.0	
1504199265379	1609785956793	330.0	-41.0	-3.0	95.0	
1504199265397	1609806098395	330.0	-41.0	-3.0	95.0	
1504199265414	1609826239996	330.0	-41.0	-3.0	95.0	
1504199265432	1609846381598	330.0	-41.0	-3.0	95.0	
1504199265450	1609866523199	330.0	-41.0	-3.0	95.0	
1504199265467	1609886664801	330.0	-41.0	-3.0	95.0	
1504199265504	1609906806402	330.0	-41.0	-3.0	95.0	
1504199265520	1609926948004	330.0	-41.0	-3.0	95.0	
1504199265538	1609947089605	330.0	-41.0	-3.0	95.0	
1504199265557	1609967231207	330.0	-41.0	-3.0	95.0	
1504199265574	1609987372809	330.0	-41.0	-3.0	95.0	
1504199265591	1610007514410	330.0	-41.0	-3.0	95.0	
1504199265610	1610027656012	330.0	-41.0	-3.0	95.0	
1504199265644	1610047797613	330.0	-41.0	-3.0	95.0	
1504199265661	1610067939215	330.0	-41.0	-3.0	95.0	
1504199265678	1610088080816	330.0	-41.0	-3.0	95.0	
1504199265696	1610108222418	330.0	-41.0	-3.0	95.0	
1504199265715	1610128364020	330.0	-41.0	-3.0	95.0	
1504199265731	1610148505621	330.0	-41.0	-3.0	95.0	
1504199265750	1610168647223	330.0	-41.0	-3.0	95.0	
1504199265785	1610188788824	330.0	-41.0	-3.0	95.0	
1504199265802	1610208930426	330.0	-41.0	-3.0	95.0	
1504199265820	1610229072027	330.0	-41.0	-3.0	95.0	
1504199265838	1610249213629	330.0	-41.0	-3.0	95.0	
1504199265855	1610269355230	330.0	-41.0	-3.0	95.0	
1504199265874	1610289496832	330.0	-41.0	-3.0	95.0	
1504199265891	1610309638434	330.0	-41.0	-3.0	95.0	
1504199265908	1610329780035	330.0	-41.0	-3.0	95.0	
1504199265943	1610349921637	330.0	-41.0	-3.0	95.0	
1504199265961	1610370063238	330.0	-41.0	-3.0	95.0	
1504199265979	1610390204840	330.0	-41.0	-3.0	95.0	
1504199265996	1610410316427	330.0	-41.0	-3.0	95.0	
1504199266014	1610430458029	330.0	-41.0	-3.0	95.0	
1504199266033	1610450599631	330.0	-41.0	-3.0	95.0	
1504199266049	1610470741232	330.0	-41.0	-3.0	95.0	
1504199266086	1610490882834	330.0	-41.0	-3.0	95.0	
1504199266102	1610511024435	330.0	-41.0	-3.0	95.0	
1504199266119	1610531166037	330.0	-41.0	-3.0	95.0	
1504199266138	1610551307638	330.0	-41.0	-3.0	95.0	
1504199266155	1610571449240	330.0	-41.0	-3.0	95.0	
1504199266172	1610591590841	330.0	-41.0	-3.0	95.0	
1504199266192	1610611732443	330.0	-41.0	-3.0	95.0	
1504199266208	1610631874045	330.0	-41.0	-3.0	95.0	
1504199266244	1610652015646	330.0	-41.0	-3.0	95.0	
1504199266261	1610672157248	330.0	-41.0	-3.0	95.0	
1504199266279	1610692298849	330.0	-41.0	-3.0	95.0	
1504199266297	1610712440451	330.0	-41.0	-3.0	95.0	
1504199266313	1610732582052	330.0	-41.0	-3.0	95.0	
1504199266331	1610752723654	330.0	-41.0	-3.0	95.0	
1504199266350	1610772865256	330.0	-41.0	-3.0	95.0	
1504199266384	1610793006857	330.0	-41.0	-3.0	95.0	
1504199266402	1610813148459	330.0	-41.0	-3.0	95.0	
1504199266419	1610833290060	330.0	-41.0	-3.0	95.0	
1504199266437	1610853431662	330.0	-41.0	-3.0	95.0	
1504199266455	1610873573263	330.0	-41.0	-3.0	95.0	
1504199266473	1610893714865	330.0	-41.0	-3.0	95.0	
1504199266490	1610913856466	330.0	-41.0	-3.0	95.0	
1504199266507	1610933998068	330.0	-41.0	-3.0	95.0	
1504199266542	1610954139670	330.0	-41.0	-3.0	95.0	
1504199266561	1610974281271	330.0	-41.0	-3.0	95.0	
1504199266577	1610994422873	330.0	-41.0	-3.0	95.0	
1504199266595	1611014564474	330.0	-41.0	-3.0	95.0	
1504199266614	1611034706076	330.0	-41.0	-3.0	95.0	
1504199266631	1611054847677	330.0	-41.0	-3.0	95.0	
1504199266648	1611074989279	330.0	-41.0	-3.0	95.0	
1504199266684	1611095130881	330.0	-41.0	-3.0	95.0	
1504199266702	1611115272482	330.0	-41.0	-3.0	95.0	
1504199266721	1611135414084	330.0	-41.0	-3.0	95.0	
1504199266737	1611155555685	330.0	-41.0	-3.0	95.0	
1504199266754	1611175697287	330.0	-41.0	-3.0	95.0	
1504199266773	1611195838888	330.0	-41.0	-3.0	95.0	
1504199266789	1611215980490	330.0	-41.0	-3.0	95.0	
1504199266824	1611236122091	330.0	-41.0	-3.0	95.0	
1504199266842	1611256263693	330.0	-41.0	-3.0	95.0	
1504199266860	1611276405295	330.0	-41.0	-3.0	95.0	
1504199266879	1611296546896	330.0	-41.0	-3.0	95.0	
1504199266895	1611316688498	330.0	-41.0	-3.0	95.0	
1504199266913	1611336830099	330.0	-41.0	-3.0	95.0	
1504199266932	1611356971701	330.0	-41.0	-3.0	95.0	
1504199266966	1611377113302	330.0	-41.0	-3.0	95.0	
1504199266983	1611397254904	330.0	-41.0	-3.0	95.0	
1504199267001	1611417396506	330.0	-41.0	-3.0	95.0	
1504199267019	1611437538107	330.0	-41.0	-3.0	95.0	
1504199267038	1611457679709	330.0	-41.75669860839844	-3.0	95.0	
1504199267054	1611477821310	330.0	-42.0	-3.0	95.0	
1504199267089	1611497962912	330.0	-42.0	-3.0	95.0	
1504199267106	1611518104513	330.0	-42.0	-3.0	95.0	
1504199267124	1611538246115	330.0	-42.0	-3.0	95.0	
1504199267142	1611558387716	330.0	-42.0	-3.0	95.0	
1504199267160	1611578529318	330.0	-42.0	-3.0	95.0	
1504199267196	1611598670920	330.0	-42.0	-3.01788330078125	95.0	
1504199267212	1611618812521	330.0	-42.0	-4.0	95.0	
1504199267230	1611638954123	330.0	-42.0	-4.0	95.0	
1504199267247	1611659095724	330.0	-42.0	-4.0	95.0	
1504199267265	1611679237326	330.0	-42.0	-4.0	95.0	
1504199267283	1611699378927	330.0	-42.0	-4.0	95.0	
1504199267302	1611719520529	330.0	-42.0	-4.0	95.0	
1504199267339	1611739662131	330.0	-42.0	-4.1314849853515625	95.0	
1504199267368	1611759803732	330.0	-42.0	-5.0	95.0	
1504199267391	1611779945334	330.0	-42.0	-5.0	95.0	
1504199267404	1611800086935	330.0	-42.0	-5.0	95.0	
1504199267419	1611820228537	330.0	-42.70414733886719	-5.0	95.0	
1504199267435	1611840370138	330.0	-43.0	-5.0	95.0	
1504199267443	1611860511740	330.0	-43.0	-5.0	95.0	
1504199267479	1611880653341	329.0	-43.0	-5.0	95.0	
1504199267496	1611900794943	329.0	-43.0	-5.0	95.0	
1504199267513	1611920936545	329.0	-43.0	-5.0	95.0	
1504199267531	1611941078146	329.0	-43.0	-5.0	95.0	
1504199267549	1611961219748	329.0	-43.0	-5.0	95.0	
1504199267574	1611981361349	329.0	-43.0	-5.0	95.0	
1504199267593	1612001502951	329.0	-43.0	-5.0	95.0	
1504199267628	1612021644552	329.0	-43.0	-6.0	95.0	
1504199267646	1612041786154	329.0	-43.0	-6.0	95.0	
1504199267675	1612061927756	329.0	-43.0	-6.0	95.0	
1504199267698	1612082069357	329.0	-43.0	-6.0	95.0	
1504199267720	1612102210959	329.0	-43.0	-6.0	95.0	
1504199267732	1612122352560	329.0	-43.0	-6.0	95.0	
1504199267743	1612142494162	329.0	-43.0	-6.0	95.0	
1504199267760	1612162635763	329.0	-43.0	-6.0	95.0	
1504199267788	1612182777365	329.0	-43.0	-6.0	95.0	
1504199267804	1612202918966	329.0	-43.0	-6.0	95.0	
1504199267825	1612223060568	329.0	-43.0	-6.0	95.0	
1504199267836	1612243202170	329.0	-43.0	-6.0	95.0	
1504199267847	1612263343771	329.0	-43.0	-6.0	95.0	
1504199267864	1612283485373	329.0	-43.0	-6.0	95.0	
1504199267883	1612303626974	329.0	-43.0	-6.0	95.0	
1504199267917	1612323768576	329.0	-43.0	-6.0	95.0	
1504199267935	1612343910177	329.0	-43.0	-6.0	95.0	
1504199267952	1612364051779	329.0	-43.0	-6.0	95.0	
1504199267970	1612384193381	329.0	-43.0	-6.0	95.0	
1504199267989	1612404334982	329.0	-43.0	-6.0	95.0	
1504199268005	1612424476584	328.40338134765625	-43.0	-6.0	95.0	
1504199268028	1612444618185	328.0	-43.715240478515625	-6.0	95.0	
1504199268044	1612464759787	328.0	-44.0	-6.0	95.0	
1504199268059	1612484901388	328.0	-44.0	-6.0	95.0	
1504199268095	1612505042990	328.9305114746094	-43.930511474609375	-6.0	95.0	
1504199268113	1612525184591	328.0	-43.0	-6.0	95.0	
1504199268130	1612545326193	328.0	-43.0	-6.0	95.0	
1504199268149	1612565467795	328.0	-43.0	-6.0	95.0	
1504199268165	1612585609396	328.0	-43.0	-5.435638427734375	95.0	
1504199268182	1612605750998	328.0	-43.0	-5.0	95.0	
1504199268200	1612625892599	328.0	-43.0	-5.0	95.0	
1504199268234	1612646034201	328.0	-42.0	-5.0	95.0	
1504199268263	1612666175802	328.0	-42.0	-5.0	95.0	
1504199268282	1612686317404	328.0	-42.0	-5.0	95.0	
1504199268290	1612706459006	328.0	-42.0	-5.0	95.0	
1504199268307	1612726600607	328.71905517578125	-42.0	-5.0	95.0	
1504199268324	1612746742209	329.0	-42.0	-5.0	95.0	
1504199268359	1612766883810	329.0	-41.952301025390625	-4.952301025390625	95.0	
1504199268376	1612787025412	329.0	-41.0	-4.0	95.0	
1504199268393	1612807167013	329.0	-41.0	-4.0	95.0	
1504199268413	1612827308615	329.0	-41.0	-4.0	95.0	
1504199268428	1612847450216	329.0	-41.0	-4.0	95.0	
1504199268446	1612867591818	329.0	-41.0	-4.0	95.0	
1504199268481	1612887733420	329.0	-41.0	-4.0	95.0	
1504199268498	1612907875021	329.0	-40.79718017578125	-4.0	95.0	
1504199268516	1612928016623	329.0	-40.0	-4.0	95.0	
1504199268534	1612948158224	329.0	-40.0	-4.0	95.0	
1504199268552	1612968299826	329.0	-40.0	-4.0	95.0	
1504199268570	1612988441427	329.0	-40.0	-3.1378173828125	95.0	
1504199268605	1613008583029	329.0264892578125	-40.0	-3.0	95.0	
1504199268624	1613028724631	330.0	-40.0	-3.0	95.0	
1504199268640	1613048866232	330.0	-40.0	-3.0	95.0	
1504199268658	1613069007834	330.0	-39.47796630859375	-3.0	95.0	
1504199268677	1613089149435	330.0	-39.0	-3.0	95.0	
1504199268692	1613109291037	330.0	-39.0	-3.0	95.0	
1504199268710	1613129432638	330.0	-39.0	-3.0	95.0	
1504199268746	1613149574240	330.0	-39.0	-3.0	95.0	
1504199268763	1613169715841	330.0	-39.0	-2.7261810302734375	95.0	
1504199268781	1613189857443	330.0	-39.0	-2.0	95.0	
1504199268799	1613209999045	330.5597839355469	-38.440216064453125	-2.0	95.0	
1504199268817	1613230140646	331.0	-38.0	-2.0	95.0	
1504199268835	1613250282248	331.0	-38.0	-2.0	95.0	
1504199268851	1613270423849	331.0	-38.0	-2.0	95.0	
1504199268887	1613290565451	331.0	-38.0	-2.0	95.0	
1504199268904	1613310707052	331.0	-38.0	-2.0	95.0	
1504199268922	1613330848654	331.0	-38.0	-2.0	95.0	
1504199268940	1613350990256	331.0	-38.0	-2.0	95.0	
1504199268957	1613371131857	331.0	-38.0	-2.0	95.0	
1504199268975	1613391273459	331.0	-38.0	-2.0	95.0	
1504199268994	1613411415060	331.0	-38.0	-2.0	95.0	
1504199269028	1613431556662	332.0	-37.8682861328125	-1.0	95.0	
1504199269045	1613451698263	332.0	-37.0	-1.0	95.0	
1504199269063	1613471839865	332.0	-37.0	-1.0	95.0	
1504199269080	1613491981466	332.0	-37.0	-1.0	95.0	
1504199269100	1613512123068	332.0	-37.0	-1.0	95.0	
1504199269116	1613532264670	332.0	-37.0	-1.0	95.0	
1504199269134	1613552406271	332.0	-37.0	-1.0	95.0	
1504199269168	1613572547873	332.1334228515625	-36.86656188964844	-1.0	95.0	
1504199269186	1613592689474	333.0	-36.0	-1.0	95.0	
1504199269204	1613612831076	333.0	-36.0	-1.0	95.0	
1504199269223	1613632972677	333.0	-36.0	-1.0	95.0	
1504199269240	1613653114279	333.0	-36.0	-1.0	95.0	
1504199269258	1613673255881	333.0	-36.0	-1.0	95.0	
1504199269274	1613693397482	333.0	-36.0	-1.0	95.0	
1504199269309	1613713539084	333.0	-36.0	-1.0	95.0	
1504199269327	1613733680685	333.0	-36.0	-1.0	95.0	
1504199269345	1613753822287	333.0	-36.0	-1.0	95.0	
1504199269364	1613773963888	333.0	-36.0	-1.0	95.0	
1504199269380	1613794105490	333.0	-36.0	-1.0	95.0	
1504199269397	1613814247091	333.0	-36.0	-1.0	95.0	
1504199269416	1613834388693	333.0	-36.0	-0.0086517333984375	95.0	
1504199269450	1613854530295	333.13519287109375	-36.0	0.0	95.0	
1504199269468	1613874671896	334.0	-36.0	0.0	95.0	
1504199269486	1613894813498	334.0	-36.0	0.0	95.0	
1504199269504	1613914955099	334.0	-36.0	0.0	95.0	
1504199269522	1613935096701	334.0	-36.0	0.0	95.0	
1504199269539	1613955238302	334.0	-36.0	0.0	95.0	
1504199269557	1613975379904	334.0	-35.02073669433594	0.0	95.0	
1504199269592	1613995521506	334.0	-35.0	0.0	95.0	
1504199269610	1614015663107	334.0	-35.0	0.0	95.0	
1504199269627	1614035804709	334.0	-35.0	0.0	95.0	
1504199269645	1614055946310	334.0	-35.0	0.0	95.0	
1504199269662	1614076087912	334.0	-35.0	0.0	95.0	
1504199269682	1614096229513	334.0	-35.0	0.0	95.0	
1504199269697	1614116371115	334.0	-35.0	0.0	95.0	
1504199269733	1614136512716	334.094970703125	-35.0	0.0	95.0	
1504199269750	1614156654318	335.0	-35.0	0.0	95.0	
1504199269768	1614176795920	335.0	-35.0	0.0	95.0	
1504199269788	1614196937521	335.0	-35.0	0.0	95.0	
1504199269807	1614217079123	335.0	-35.0	0.0	95.0	
1504199269822	1614237220724	335.0	-34.20863342285156	0.0	95.0	
1504199269839	1614257362326	335.0	-34.0	0.0	95.0	
1504199269874	1614277503927	335.0	-34.0	0.0	95.0	
1504199269892	1614297645529	335.0	-34.0	0.0	95.0	
1504199269909	1614317787131	335.0	-34.0	0.0	95.0	
1504199269926	1614337928732	335.0	-34.0	0.0	95.0	
1504199269944	1614358070334	335.0	-34.0	0.0	95.0	
1504199269962	1614378211935	335.0	-34.0	0.0	95.0	
1504199269979	1614398353537	335.0	-34.0	0.0	95.0	
1504199270014	1614418495138	335.0	-34.0	0.0	95.0	
1504199270032	1614438636740	335.0	-34.0	0.0	95.0	
1504199270049	1614458778341	335.0	-34.0	0.0	95.0	
1504199270067	1614478919943	335.0	-34.0	0.0	95.0	
1504199270086	1614499061545	335.0	-34.0	0.0	95.0	
1504199270104	1614519203146	335.0	-34.0	0.0	95.0	
1504199270120	1614539344748	335.0	-34.0	0.0	95.0	
1504199270159	1614559486349	335.0	-34.0	0.0	95.0	
1504199270174	1614579627951	335.0	-34.0	0.0	95.0	
1504199270191	1614599769552	335.0	-34.0	0.0	95.0	
1504199270210	1614619911154	335.0	-34.0	0.0	95.0	
1504199270226	1614640052756	335.0	-34.0	0.0	95.0	
1504199270243	1614660194357	335.0	-34.0	0.0	95.0	
1504199270263	1614680335959	335.0	-34.0	0.0	95.0	
1504199270279	1614700477560	335.0	-34.0	0.0	95.0	
1504199270314	1614720619162	335.0	-34.0	0.0	95.0	
1504199270331	1614740760763	335.0	-34.0	0.0	95.0	
1504199270349	1614760902365	335.0	-34.0	0.0	95.0	
1504199270368	1614781043966	335.0	-34.0	0.0	95.0	
1504199270385	1614801185568	335.0	-34.0	0.0	95.0	
1504199270402	1614821327170	335.0	-34.0	0.0	95.0	
1504199270422	1614841468771	335.0	-34.0	0.0	95.0	
1504199270455	1614861610373	335.0	-34.0	0.0	95.0	
1504199270473	1614881751974	335.0	-34.0	0.0	95.0	
1504199270491	1614901893576	335.0	-34.0	0.0	95.0	
1504199270508	1614922035177	335.0	-34.0	0.0	95.0	
1504199270528	1614942176779	335.0	-34.0	0.0	95.0	
1504199270543	1614962318381	335.0	-34.0	0.0	95.0	
1504199270561	1614982459982	335.0	-34.0	0.0	95.0	
1504199270596	1615002601584	335.0	-34.0	0.0	95.0	
1504199270614	1615022743185	335.0	-34.0	0.0	95.0	
1504199270633	1615042884787	335.0	-34.0	0.0	95.0	
1504199270649	1615063026388	335.0	-34.0	0.0	95.0	
1504199270667	1615083167990	335.0	-34.0	0.0	95.0	
1504199270686	1615103309591	335.0	-34.0	0.0	95.0	
1504199270702	1615123451193	335.0	-34.0	0.0	95.0	
1504199270738	1615143592795	335.0	-34.0	0.0	95.0	
1504199270755	1615163734396	335.0	-34.0	0.0	95.0	
1504199270773	1615183875998	335.0	-34.0	0.0	95.0	
1504199270792	1615204017599	335.0	-34.0	0.0	95.0	
1504199270808	1615224159201	335.0	-34.0	0.0	95.0	
1504199270826	1615244300802	335.0	-34.0	0.0	95.0	
1504199270845	1615264442404	335.0	-34.0	0.0	95.0	
1504199270878	1615284584006	335.0	-34.0	0.0	95.0	
1504199270896	1615304725607	335.0	-34.0	0.0	95.0	
1504199270914	1615324867209	335.0	-34.0	0.0	95.0	
1504199270931	1615345008810	335.0	-34.462066650390625	0.0	95.0	
1504199270950	1615365150412	335.0	-35.0	0.0	95.0	
1504199270967	1615385292013	335.0	-35.0	0.0	95.0	
1504199270984	1615405433615	335.0	-35.0	0.0	95.0	
1504199271019	1615425575216	335.0	-35.0	0.0	95.0	
1504199271040	1615445716818	335.0	-35.0	0.0	95.0	
1504199271059	1615465858420	335.0	-35.0	0.0	95.0	
1504199271073	1615486000021	335.0	-35.0	0.0	95.0	
1504199271092	1615506141623	335.0	-35.0	0.0	95.0	
1504199271112	1615526283224	335.0	-35.0	0.0	95.0	
1504199271127	1615546424826	335.0	-35.0	0.0	95.0	
1504199271144	1615566566427	335.0	-35.0	0.0	95.0	
1504199271179	1615586708029	335.0	-35.0	0.0	95.0	
1504199271197	1615606849631	335.0	-35.0	0.0	95.0	
1504199271215	1615626991232	335.0	-35.0	0.0	95.0	
1504199271232	1615647132834	335.0	-35.0	0.0	95.0	
1504199271252	1615667274435	335.0	-35.0	0.0	95.0	
1504199271276	1615687416037	335.0	-35.0	0.0	95.0	
1504199271293	1615707557638	335.0	-35.0	0.0	95.0	
1504199271335	1615727699240	335.0	-35.0	0.0	95.0	
1504199271352	1615747840841	335.0	-35.0	0.0	95.0	
1504199271370	1615767982443	335.0	-35.0	0.0	95.0	
1504199271392	1615788124045	335.0	-35.0	0.0	95.0	
1504199271409	1615808265646	335.0	-35.0	0.0	95.0	
1504199271427	1615828407248	335.0	-35.0	0.0	95.0	
1504199271446	1615848548849	335.0	-35.0	0.0	95.0	
1504199271479	1615868690451	335.0	-35.0	0.0	95.0	
1504199271488	1615888832052	335.0	-35.0	0.0	95.0	
1504199271503	1615908973654	335.0	-35.0	0.0	95.0	
1504199271514	1615929115256	335.0	-35.0	0.0	95.0	
1504199271534	1615949256857	335.0	-35.0	0.0	95.0	
1504199271550	1615969398459	335.0	-35.0	0.0	95.0	
1504199271575	1615989540060	335.0	-35.0	0.0	95.0	
1504199271627	1616009681662	335.0	-35.0	0.0	95.0	
1504199271646	1616029823263	335.0	-35.0	0.0	95.0	
1504199271671	1616049964865	335.0	-35.0	0.0	95.0	
1504199271695	1616070106466	335.0	-35.0	0.0	95.0	
1504199271707	1616090248068	335.0	-35.0	0.0	95.0	
1504199271722	1616110389670	335.0	-35.0	0.0	95.0	
1504199271739	1616130531271	335.0	-35.0	0.0	95.0	
1504199271781	1616150672873	335.0	-35.0	0.0	95.0	
1504199271802	1616170814474	335.0	-35.0	0.0	95.0	
1504199271824	1616190956076	335.0	-35.0	0.0	95.0	
1504199271844	1616211097677	335.0	-35.0	0.0	95.0	
1504199271860	1616231239279	335.0	-35.0	0.0	95.0	
1504199271878	1616251380881	335.0	-35.0	0.0	95.0	
1504199271917	1616271522482	335.0	-35.0	0.0	95.0	
1504199271968	1616291664084	335.0	-35.0	0.0	95.0	
1504199271983	1616311805685	335.0	-35.0	0.0	95.0	
1504199272009	1616331947287	335.0	-35.0	0.0	95.0	
1504199272032	1616352088888	335.0	-35.0	0.0	95.0	
1504199272054	1616372230490	335.0	-35.0	0.0	95.0	
1504199272069	1616392372091	335.0	-35.0	0.0	95.0	
1504199272080	1616412513693	335.0	-35.0	0.0	95.0	
1504199272087	1616432655295	335.0	-35.0	0.0	95.0	
1504199272102	1616452796896	335.0	-35.0	0.0	95.0	
1504199272109	1616472938498	335.0	-35.0	0.0	95.0	
1504199272119	1616493080099	335.0	-35.0	0.0	95.0	
1504199272123	1616513221701	335.0	-35.0	0.0	95.0	
1504199272134	1616533363302	335.0	-35.0	0.0	95.0	
1504199272140	1616553504904	335.0	-35.0	0.0	95.0	
1504199272162	1616573646506	335.0	-35.0	0.0	95.0	
1504199272201	1616593788107	335.0	-35.0	0.0	95.0	
1504199272229	1616613929709	335.0	-35.0	0.0	95.0	
1504199272257	1616634071310	335.0	-35.0	0.0	95.0	
1504199272267	1616654212912	335.0	-35.0	0.0	95.0	
1504199272278	1616674354513	335.0	-35.0	0.0	95.0	
1504199272291	1616694496115	335.0	-35.0	0.0	95.0	
1504199272301	1616714637716	335.0	-35.0	0.0	95.0	
1504199272324	1616734779318	335.0	-35.0	0.0	95.0	
1504199272343	1616754920920	335.0	-35.0	0.0	95.0	
1504199272360	1616775062521	335.0	-35.0	0.0	95.0	
1504199272381	1616795204123	335.0	-35.0	0.0	95.0	
1504199272394	1616815345724	335.0	-35.0	0.0	95.0	
1504199272412	1616835487326	335.0	-35.0	0.0	95.0	
1504199272431	1616855628927	335.0	-35.0	0.0	95.0	
1504199272472	1616875770529	335.0	-35.0	0.0	95.0	
1504199272496	1616895912131	335.0	-35.0	0.0	95.0	
1504199272522	1616916053732	335.0	-35.0	0.0	95.0	
1504199272544	1616936195334	335.0	-35.0	0.0	95.0	
1504199272569	1616956336935	335.0	-35.0	0.0	95.0	
1504199272594	1616976478537	335.0	-35.0	0.0	95.0	
1504199272628	1616996620138	335.0	-35.0	0.0	95.0	
1504199272671	1617016761740	335.0	-35.0	0.0	95.0	
1504199272701	1617036903341	335.0	-35.0	0.0	95.0	
1504199272730	1617057044943	335.0	-35.0	0.0	95.0	
1504199272761	1617077186545	335.0	-35.0	0.0	95.0	
1504199272779	1617097328146	335.0	-35.0	0.0	95.0	
1504199272811	1617117469748	335.0	-35.0	0.0	95.0	
