1501451451575	185542458088350	307.0	5.0	60.92216491699219	-1.0	
1501451451606	185542478229952	307.0	5.0	61.0	-1.0	
1501451451625	185542498371554	307.0	5.0	61.0	-1.0	
1501451451642	185542518513155	307.0	5.0	61.0	-1.0	
1501451451660	185542538654757	307.0	5.0	61.0	-1.0	
1501451451678	185542558796358	307.0	5.0	61.0	-1.0	
1501451451696	185542578937960	307.0	5.0	61.0	-1.0	
1501451451713	185542599079561	307.0	5.0	61.0	-1.0	
1501451451732	185542619221163	307.0	5.0	61.0	-1.0	
1501451451749	185542639362765	307.0	5.0	61.0	-1.0	
1501451451784	185542659504366	307.0	5.0	60.893402099609375	-1.0	
1501451451803	185542679645968	307.0	5.0	60.0	-1.0	
1501451451820	185542699787569	307.0	5.0	60.34236145019531	-1.0	
1501451451840	185542719929171	307.0	5.0	61.0	-1.0	
1501451451856	185542740070772	307.0	5.0	61.0	-1.0	
1501451451874	185542760212374	307.0	5.0	61.0	-1.0	
1501451451892	185542780353975	307.0	5.0	61.0	-1.0	
1501451451910	185542800495577	307.0	5.0	61.0	-1.0	
1501451451946	185542820637179	307.0	5.0	61.0	-1.0	
1501451451963	185542840778780	307.0	5.0	61.0	-1.0	
1501451451981	185542860920382	307.0	5.0	61.0	-1.0	
1501451451999	185542881061983	307.0	5.0	61.0	-1.0	
1501451452017	185542901203585	307.0	5.0	61.0	-1.0	
1501451452035	185542921345186	307.0	5.0	61.0	-1.0	
1501451452053	185542941486788	307.0	5.0	61.0	-1.0	
1501451452070	185542961628390	307.0	5.0	61.0	-1.0	
1501451452089	185542981769991	307.0	5.0	61.0	-1.0	
1501451452124	185543001911593	307.0	5.0	61.0	-1.0	
1501451452142	185543022053194	307.0	5.0	61.0	-1.0	
1501451452160	185543042194796	307.0	5.0	61.0	-1.0	
1501451452177	185543062336397	307.0	5.0	61.0	-1.0	
1501451452196	185543082477999	307.0	5.0	61.0	-1.0	
1501451452217	185543102619600	307.0	5.0	61.0	-1.0	
1501451452231	185543122761202	307.0	5.0	61.0	-1.0	
1501451452249	185543142902804	307.0	5.0	61.0	-1.0	
1501451452285	185543163044405	307.0	5.0	61.0	-1.0	
1501451452302	185543183186007	307.0	5.0	61.0	-1.0	
1501451452321	185543203327608	307.0	5.0	61.0	-1.0	
1501451452338	185543223469210	307.0	5.0	61.0	-1.0	
1501451452356	185543243610811	307.0	5.0	61.0	-1.0	
1501451452375	185543263752413	307.0	5.0	61.0	-1.0	
1501451452392	185543283894015	307.0	5.0	61.0	-1.0	
1501451452410	185543304035616	307.0	5.0	61.89607238769531	-1.0	
1501451452445	185543324177218	307.0	5.0	62.0	-1.0	
1501451452463	185543344318819	307.0	5.0	62.0	-1.0	
1501451452482	185543364460421	307.0	5.0	62.0	-1.0	
1501451452499	185543384602022	307.0	5.0	62.0	-1.0	
1501451452517	185543404743624	307.0	5.0	62.0	-1.0	
1501451452537	185543424885225	307.0	5.0	62.0	-1.0	
1501451452553	185543445026827	307.0	5.0	61.173553466796875	-1.0	
1501451452570	185543465168429	307.0	5.0	61.0	-1.0	
1501451452606	185543485310030	306.905517578125	5.0	60.0	-1.0	
1501451452624	185543505451632	306.0	5.228515625	59.771484375	-1.0	
1501451452643	185543525593233	306.0	6.0	59.0	-1.0	
1501451452660	185543545734835	306.0	6.0	59.0	-1.0	
1501451452678	185543565876436	306.0	6.6305694580078125	59.0	-1.0	
1501451452697	185543586018038	306.0	7.0	59.76460266113281	-1.0	
1501451452715	185543606159640	306.0	6.10137939453125	60.0	-1.0	
1501451452749	185543626301241	306.0	6.0	61.0	-1.0	
1501451452767	185543646442843	306.0	6.0	61.0	-1.0	
1501451452785	185543666584444	306.0	6.0	61.30067443847656	-1.0	
1501451452803	185543686726046	306.0	6.0	62.0	-1.0	
1501451452820	185543706867647	306.0	6.0	62.0	-1.0	
1501451452838	185543727009249	306.0	6.0	62.0	-1.0	
1501451452857	185543747150850	306.0	6.0	61.163238525390625	-1.0	
1501451452877	185543767292452	306.0	6.0	61.0	-1.0	
1501451452910	185543787434054	306.0	6.10479736328125	61.0	-1.0	
1501451452927	185543807575655	306.0	7.0	61.0	-1.0	
1501451452946	185543827717257	306.0	7.0	61.0	-1.0	
1501451452965	185543847858858	306.0	7.0	61.0	-1.0	
1501451452981	185543868000460	306.0	7.0	61.0	-1.0	
1501451452999	185543888142061	306.0	7.0	61.0	-1.0	
1501451453017	185543908283663	306.0	7.0	61.0	-1.0	
1501451453054	185543928425265	306.0	7.0	61.0	-1.0	
1501451453071	185543948566866	306.0	7.0	61.0	-1.0	
1501451453089	185543968708468	306.0	7.0	61.0	-1.0	
1501451453106	185543988850069	306.0	7.0	61.0	-1.0	
1501451453125	185544008991671	306.0	7.0	61.0	-1.0	
1501451453142	185544029133272	306.0	7.0	61.0	-1.0	
1501451453162	185544049274874	306.0	7.0	61.0	-1.0	
1501451453179	185544069416475	306.0	7.0	61.0	-1.0	
1501451453214	185544089558077	306.0	7.0	61.0	-1.0	
1501451453232	185544109699679	306.0	7.0	61.0	-1.0	
1501451453249	185544129841280	306.0	7.0	61.0	-1.0	
1501451453267	185544149982882	306.0	7.0	61.0	-1.0	
1501451453285	185544170124483	306.0	7.0	61.0	-1.0	
1501451453303	185544190266085	306.0	7.0	61.0	-1.0	
1501451453321	185544210407686	306.0	7.0	61.0	-1.0	
1501451453357	185544230549288	306.0	7.0	61.0	-1.0	
1501451453375	185544250690890	306.0	7.0	61.0	-1.0	
1501451453393	185544270832491	306.0	7.0	61.0	-1.0	
1501451453411	185544290974093	306.0	7.0	61.0	-1.0	
1501451453429	185544311115694	306.0	7.0	61.0	-1.0	
1501451453447	185544331257296	306.0	7.0	61.0	-1.0	
1501451453465	185544351398897	306.0	7.0	61.0	-1.0	
1501451453483	185544371540499	306.0	7.0	61.0	-1.0	
1501451453518	185544391682100	306.0	7.0	61.0	-1.0	
1501451453535	185544411823702	306.0	7.0	61.25944519042969	-1.0	
1501451453553	185544431965304	306.0	7.0	62.0	-1.0	
1501451453570	185544452106905	306.0	6.4725189208984375	62.0	-1.0	
1501451453588	185544472248507	306.0	6.0	62.0	-1.0	
1501451453607	185544492390108	306.0	6.0	62.0	-1.0	
1501451453624	185544512531710	306.0	6.0	62.92955017089844	-1.0	
1501451453661	185544532673311	306.0	6.0	63.0	-1.0	
1501451453679	185544552814913	306.0	6.0	63.0	-1.0	
1501451453698	185544572956515	306.0	6.0	63.0	-1.0	
1501451453714	185544593098116	306.0	6.0	63.0	-1.0	
1501451453733	185544613239718	306.0	6.0	63.0	-1.0	
1501451453750	185544633381319	306.0	6.0	63.0	-1.0	
1501451453768	185544653522921	306.0	6.0	63.0	-1.0	
1501451453803	185544673664522	306.0	6.0	63.0	-1.0	
1501451453821	185544693806124	306.0	6.0	63.0	-1.0	
1501451453838	185544713947725	306.0	6.0	63.0	-1.0	
1501451453856	185544734089327	306.0	6.0	63.0	-1.0	
1501451453874	185544754230929	306.0	6.0	63.0	-1.0	
1501451453892	185544774372530	306.0	6.0	63.0	-1.0	
1501451453910	185544794514132	306.0	6.0	63.0	-1.0	
1501451453928	185544814655733	306.0	6.0	63.0	-1.0	
1501451453963	185544834797335	306.0	6.0	63.0	-1.0	
1501451453982	185544854938936	306.0	6.0	63.0	-1.0	
1501451453999	185544875080538	306.0	6.0	63.0	-1.0	
1501451454017	185544895222140	306.0	6.0	63.0	-1.0	
1501451454035	185544915363741	306.0	6.0	63.0	-1.0	
1501451454053	185544935505343	306.0	5.2560272216796875	63.0	-1.0	
1501451454071	185544955646944	306.0	5.0	63.0	-1.0	
1501451454107	185544975788546	306.01202392578125	5.0	63.0	-1.0	
1501451454125	185544995930147	307.0	5.0	63.14604187011719	-1.0	
1501451454142	185545016071749	307.0	5.0	64.0	-1.0	
1501451454160	185545036213350	307.0	5.0	64.0	-1.0	
1501451454178	185545056354952	307.0	5.0	64.0	-1.0	
1501451454197	185545076496554	307.0	5.0	64.0	-1.0	
1501451454214	185545096638155	307.0	5.0	64.0	-1.0	
1501451454231	185545116779757	307.0	5.0	64.0	-1.0	
1501451454267	185545136921358	307.0	5.0	64.0	-1.0	
1501451454285	185545157062960	307.0	5.0	64.0	-1.0	
1501451454303	185545177204561	307.0	4.6477813720703125	64.0	-1.0	
1501451454321	185545197346163	307.0	4.0	64.0	-1.0	
1501451454343	185545217487765	307.0	4.0	64.0	-1.0	
1501451454358	185545237629366	307.0	4.0	64.0	-1.0	
1501451454374	185545257770968	307.0	4.0	64.8883056640625	-1.0	
1501451454410	185545277912569	307.0	4.0	64.97775268554688	-1.0	
1501451454428	185545298054171	307.0	4.0	64.0	-1.0	
1501451454446	185545318195772	307.0	4.0	64.0	-1.0	
1501451454463	185545338337374	307.0	4.0	64.0	-1.0	
1501451454481	185545358478975	307.0	4.0	64.0	-1.0	
1501451454502	185545378620577	307.0	4.0	64.0	-1.0	
1501451454518	185545398762179	307.0	4.0	64.0	-1.0	
1501451454535	185545418903780	307.0	4.0	64.0	-1.0	
1501451454572	185545439045382	307.0	4.0	64.0	-1.0	
1501451454589	185545459186983	307.0	4.0	64.0	-1.0	
1501451454607	185545479328585	307.0	4.0	64.0	-1.0	
1501451454624	185545499470186	307.0	4.0	64.0	-1.0	
1501451454642	185545519611788	307.0	4.0	64.0	-1.0	
1501451454660	185545539753390	307.0	4.0	64.0	-1.0	
1501451454684	185545559894991	307.0	4.0	64.0	-1.0	
1501451454696	185545580036593	307.0	4.0	64.0	-1.0	
1501451454732	185545600178194	307.0	4.0	64.0	-1.0	
1501451454751	185545620319796	307.0	4.0	64.0	-1.0	
1501451454768	185545640461397	307.0	4.0	64.0	-1.0	
1501451454787	185545660602999	307.0	4.0	64.0	-1.0	
1501451454804	185545680744600	307.0	4.0	64.0	-1.0	
1501451454831	185545700886202	307.0	4.0	64.0	-1.0	
1501451454954	185545721027804	307.0	4.0	64.10667419433594	-1.0	
1501451454954	185545741169405	307.0	4.0	64.26315307617188	-1.0	
1501451454955	185545761311007	307.0	4.0	64.41961669921875	-1.0	
1501451454955	185545781452608	307.0	4.0	64.57609558105469	-1.0	
1501451454955	185545801594210	307.0	4.0	64.73257446289063	-1.0	
1501451454956	185545821735811	307.0	4.0	64.8890380859375	-1.0	
1501451454969	185545841877413	307.0	4.0	65.0	-1.0	
1501451454987	185545862019015	307.45391845703125	4.0	65.0	-1.0	
1501451455005	185545882160616	308.0	4.0	65.0	-1.0	
1501451455022	185545902302218	308.0	3.29351806640625	65.0	-1.0	
1501451455042	185545922443819	308.0	3.0	65.0	-1.0	
1501451455059	185545942585421	308.0	3.0	65.0	-1.0	
1501451455098	185545962727022	308.0	3.0	65.0	-1.0	
1501451455118	185545982868624	308.0	3.0	65.0	-1.0	
1501451455131	185546003010225	308.0	3.0	65.0	-1.0	
1501451455150	185546023151827	308.0	3.0	65.0	-1.0	
1501451455166	185546043293429	308.0	3.0	65.0	-1.0	
1501451455186	185546063435030	308.0	3.0	65.0	-1.0	
1501451455203	185546083576632	307.1535949707031	3.0	65.0	-1.0	
1501451455219	185546103718233	307.0	3.0	65.0	-1.0	
1501451455256	185546123859835	307.0	4.0	65.0	-1.0	
1501451455276	185546144001436	307.0	4.0	65.0	-1.0	
1501451455291	185546164143038	307.0	4.0	65.0	-1.0	
1501451455309	185546184284640	307.4794921875	4.0	65.0	-1.0	
1501451455327	185546204426241	307.3931884765625	4.0	65.0	-1.0	
1501451455345	185546224567843	307.7337646484375	4.0	64.26622009277344	-1.0	
1501451455365	185546244709444	308.0	4.0	64.0	-1.0	
1501451455386	185546264851046	308.0	4.0	64.0	-1.0	
1501451455422	185546284992647	308.0	4.0	64.0	-1.0	
1501451455439	185546305134249	307.76068115234375	4.0	64.0	-1.0	
1501451455454	185546325275850	307.0	4.0	64.0	-1.0	
1501451455471	185546345417452	307.0	4.0	64.0	-1.0	
1501451455488	185546365559054	307.0	4.0	64.0	-1.0	
1501451455505	185546385700655	307.0	4.0	64.0	-1.0	
1501451455527	185546405842257	307.0	4.0	64.0	-1.0	
1501451455541	185546425983858	307.0	4.0	64.0	-1.0	
1501451455577	185546446125460	307.0	4.0	64.0	-1.0	
1501451455595	185546466267061	307.0	4.0	64.0	-1.0	
1501451455613	185546486408663	307.0	4.3788299560546875	64.0	-1.0	
1501451455632	185546506550265	307.0	5.0	64.0	-1.0	
1501451455650	185546526691866	307.0	5.0	64.0	-1.0	
1501451455666	185546546833468	307.7593994140625	5.0	64.0	-1.0	
1501451455686	185546566975069	308.0	5.0	64.0	-1.0	
1501451455720	185546587116671	308.0	5.0	64.0	-1.0	
1501451455738	185546607258272	308.0	5.0	64.0	-1.0	
1501451455755	185546627399874	308.0	5.0	64.0	-1.0	
1501451455773	185546647541475	308.0	5.0	64.0	-1.0	
1501451455790	185546667683077	308.0	5.0	64.0	-1.0	
1501451455808	185546687824679	308.0	5.0	64.0	-1.0	
1501451455826	185546707966280	308.0	5.0	64.0	-1.0	
1501451455846	185546728107882	308.0	5.0	64.0	-1.0	
1501451455880	185546748249483	308.0	5.0	64.0	-1.0	
1501451455899	185546768391085	308.0	5.0	64.15187072753906	-1.0	
1501451455917	185546788532686	308.0	5.0	65.0	-1.0	
1501451455934	185546808674288	308.0	5.0	65.0	-1.0	
1501451455952	185546828815890	308.0	5.0	65.0	-1.0	
1501451455969	185546848957491	308.0	5.0	65.0	-1.0	
1501451455987	185546869099093	308.0	5.0	65.0	-1.0	
1501451456006	185546889240694	308.0	5.0	65.0	-1.0	
1501451456041	185546909382296	308.0	5.0	65.0	-1.0	
1501451456059	185546929523897	308.0	5.0	65.0	-1.0	
1501451456077	185546949665499	308.0	5.0	64.70820617675781	-1.0	
1501451456094	185546969807100	308.0	5.0	64.0	-1.0	
1501451456112	185546989948702	308.0	5.0	64.0	-1.0	
1501451456130	185547010090304	308.0	5.0	64.0	-1.0	
1501451456148	185547030231905	308.0	5.0	64.0	-1.0	
1501451456166	185547050373507	308.0	5.0	64.92491149902344	-1.0	
1501451456202	185547070515108	308.0	5.0	64.0	-1.0	
1501451456220	185547090656710	308.0	5.0	64.0	-1.0	
1501451456241	185547110798311	308.0	5.0	64.0	-1.0	
1501451456256	185547130939913	308.0	5.0	64.0	-1.0	
1501451456274	185547151081515	308.0	5.0	64.0	-1.0	
1501451456291	185547171223116	308.0	5.684295654296875	64.0	-1.0	
1501451456309	185547191364718	308.0	6.0	64.0	-1.0	
1501451456329	185547211506319	308.0	6.0	64.0	-1.0	
1501451456362	185547231647921	308.0	6.0	64.0	-1.0	
1501451456380	185547251789522	308.0	6.0	64.0	-1.0	
1501451456398	185547271931124	308.0	6.0	64.0	-1.0	
1501451456416	185547292072725	308.0	6.0	64.0	-1.0	
1501451456433	185547312214327	308.0	6.0	64.0	-1.0	
1501451456453	185547332355929	308.0	6.0	64.0	-1.0	
1501451456469	185547352497530	308.0	5.17578125	64.0	-1.0	
1501451456487	185547372639132	308.0	5.0	64.0	-1.0	
1501451456523	185547392780733	308.0	5.0769195556640625	63.92308044433594	-1.0	
1501451456542	185547412922335	308.0	6.0	63.0	-1.0	
1501451456559	185547433063936	308.0	6.0	63.0	-1.0	
1501451456578	185547453205538	307.54266357421875	6.0	63.0	-1.0	
1501451456594	185547473347140	307.0	6.0	63.0	-1.0	
1501451456612	185547493488741	307.0	6.0	63.0	-1.0	
1501451456631	185547513630343	307.0	6.0	63.0	-1.0	
1501451456648	185547533771944	307.0	6.0	63.0	-1.0	
1501451456685	185547553913546	307.0	6.0	64.0	-1.0	
1501451456704	185547574055147	307.21673583984375	5.7832794189453125	64.21672058105469	-1.0	
1501451456723	185547594196749	308.0	5.0	65.0	-1.0	
1501451456737	185547614338350	308.0	5.0	65.0	-1.0	
1501451456754	185547634479952	308.0	5.0	65.0	-1.0	
1501451456773	185547654621554	307.2764587402344	5.0	65.0	-1.0	
1501451456791	185547674763155	307.0	5.0	65.0	-1.0	
1501451456809	185547694904757	307.0	5.0	65.0	-1.0	
1501451456845	185547715046358	307.0	5.104095458984375	65.0	-1.0	
1501451456863	185547735187960	307.0	6.0	65.0	-1.0	
1501451456880	185547755329561	307.0	6.0	65.0	-1.0	
1501451456898	185547775471163	307.0	6.0	65.0	-1.0	
1501451456916	185547795612765	307.0	5.3897552490234375	65.0	-1.0	
1501451456934	185547815754366	307.0	5.0	65.0	-1.0	
1501451456954	185547835895968	307.0	5.0	65.0	-1.0	
1501451456982	185547856037569	307.0	5.0	65.0	-1.0	
1501451457005	185547876179171	307.0	5.0	65.0	-1.0	
1501451457024	185547896320772	307.0	5.0	65.0	-1.0	
1501451457041	185547916462374	307.0	5.0	65.0	-1.0	
1501451457059	185547936603975	307.0	5.0	65.0	-1.0	
1501451457077	185547956745577	307.0	5.0	65.0	-1.0	
1501451457098	185547976887179	307.0	5.0	65.0	-1.0	
1501451457114	185547997028780	307.0	5.0	65.0	-1.0	
1501451457151	185548017170382	307.0	5.0	65.0	-1.0	
1501451457167	185548037311983	307.0	5.0	65.0	-1.0	
1501451457187	185548057453585	307.0	5.0	65.0	-1.0	
1501451457203	185548077595186	307.0	5.0	65.0	-1.0	
1501451457220	185548097736788	307.0	5.0	65.5093994140625	-1.0	
1501451457238	185548117878390	307.0	5.0	66.0	-1.0	
1501451457255	185548138019991	307.0	5.0	66.0	-1.0	
1501451457273	185548158161593	307.0	5.0	66.0	-1.0	
1501451457309	185548178303194	307.0	5.0	66.0	-1.0	
1501451457327	185548198444796	307.0	5.0	66.0	-1.0	
1501451457346	185548218586397	307.0	5.0	66.0	-1.0	
1501451457363	185548238727999	307.0	5.0	66.0	-1.0	
1501451457381	185548258869600	307.0	5.0	66.0	-1.0	
1501451457401	185548279011202	307.0	5.0	66.0	-1.0	
1501451457417	185548299152804	307.0	5.0	66.0	-1.0	
1501451457435	185548319294405	307.0	5.0	66.0	-1.0	
1501451457470	185548339436007	307.0	5.0	66.0	-1.0	
1501451457488	185548359577608	307.0	5.0	66.0	-1.0	
1501451457506	185548379719210	307.0	5.0	66.0	-1.0	
1501451457523	185548399860811	307.0	5.0	66.0	-1.0	
1501451457541	185548420002413	307.0	5.0	66.0	-1.0	
1501451457560	185548440144015	307.0	5.0	66.0	-1.0	
1501451457577	185548460285616	307.0	5.0	66.0	-1.0	
1501451457595	185548480427218	307.0	5.0	66.0	-1.0	
1501451457632	185548500568819	307.0	5.0	66.0	-1.0	
1501451457651	185548520710421	307.0	5.0	66.0	-1.0	
1501451457668	185548540852022	307.0	5.0	66.0	-1.0	
1501451457686	185548560993624	307.0	5.0	66.0	-1.0	
1501451457702	185548581135225	307.0	5.0	66.0	-1.0	
1501451457720	185548601276827	307.0	5.0	66.0	-1.0	
1501451457737	185548621418429	307.0	5.0	66.0	-1.0	
1501451457758	185548641560030	307.0	5.0	66.0	-1.0	
1501451457791	185548661701632	307.0	5.0	66.0	-1.0	
1501451457809	185548681843233	307.0	5.0	66.0	-1.0	
1501451457827	185548701984835	307.0	5.0	66.0	-1.0	
1501451457845	185548722126436	307.0	5.0	66.0	-1.0	
1501451457862	185548742268038	307.0	5.0	66.0	-1.0	
1501451457881	185548762409640	307.0	5.0	66.0	-1.0	
1501451457898	185548782551241	307.0	5.0	66.0	-1.0	
1501451457916	185548802692843	307.0	5.0	66.0	-1.0	
1501451457952	185548822834444	307.0	5.0	66.0	-1.0	
1501451457970	185548842976046	307.0	5.0	66.0	-1.0	
1501451457988	185548863117647	307.0	5.0	66.0	-1.0	
1501451458005	185548883259249	307.0	5.0	66.0	-1.0	
1501451458025	185548903400850	307.0	5.0	66.0	-1.0	
1501451458041	185548923542452	307.0	5.0	66.0	-1.0	
1501451458058	185548943684054	307.0	5.0	66.0	-1.0	
1501451458077	185548963825655	307.0	5.0	66.0	-1.0	
1501451458119	185548983967257	307.0	5.0	66.0	-1.0	
1501451458130	185549004108858	307.0	5.0	66.0	-1.0	
1501451458148	185549024250460	307.0	5.0	66.0	-1.0	
1501451458166	185549044392061	307.0	5.0	66.0	-1.0	
1501451458184	185549064533663	307.0	5.0	66.0	-1.0	
1501451458202	185549084675265	307.0	5.0	66.0	-1.0	
1501451458223	185549104816866	307.0	5.0	66.0	-1.0	
1501451458238	185549124958468	307.0	5.0	66.0	-1.0	
1501451458273	185549145100069	306.9061584472656	6.0	66.0	-1.0	
1501451458291	185549165241671	306.0	6.0	66.0	-1.0	
1501451458309	185549185383272	306.0	6.0	66.0	-1.0	
1501451458327	185549205524874	306.0	6.0	66.0	-1.0	
1501451458345	185549225667172	306.0	6.0	66.0	-1.0	
1501451458365	185549245808774	306.0	6.0	65.27304077148438	-1.0	
1501451458380	185549265950376	306.0	6.0	65.0	-1.0	
1501451458399	185549286091977	306.0	6.0	65.0	-1.0	
1501451458434	185549306233579	306.0	6.0	65.0	-1.0	
1501451458453	185549326375180	306.0	6.0	65.0	-1.0	
1501451458470	185549346516782	306.0	6.0	65.0	-1.0	
1501451458488	185549366658383	306.0	6.0	65.0	-1.0	
1501451458505	185549386799985	306.0	6.0	65.0	-1.0	
1501451458524	185549406941587	306.0	6.0	65.0	-1.0	
1501451458541	185549427083188	306.0	6.0	65.0	-1.0	
1501451458559	185549447224790	306.0	6.0	65.0	-1.0	
1501451458595	185549467366391	306.0	6.0	64.0	-1.0	
1501451458613	185549487507993	306.0	6.0	64.0	-1.0	
1501451458631	185549507649594	306.0	6.0	64.0	-1.0	
1501451458648	185549527791196	306.0	6.0	64.0	-1.0	
1501451458666	185549547932797	306.0	6.0	64.0	-1.0	
1501451458685	185549568074399	306.0	6.7525482177734375	64.0	-1.0	
1501451458703	185549588216001	306.0	7.0	64.0	-1.0	
1501451458737	185549608357602	306.0	7.0	64.0	-1.0	
1501451458755	185549628499204	306.13311767578125	7.0	64.0	-1.0	
1501451458773	185549648640805	307.0	7.0	64.0	-1.0	
1501451458792	185549668782407	307.0	7.0	64.38632202148438	-1.0	
1501451458809	185549688924008	307.0	7.0	65.0	-1.0	
1501451458827	185549709065610	307.0	7.0	65.0	-1.0	
1501451458845	185549729207212	307.0	6.233795166015625	65.0	-1.0	
1501451458862	185549749348813	307.0	6.0	65.0	-1.0	
1501451458899	185549769490415	307.0	6.0	65.0	-1.0	
1501451458916	185549789632016	307.0	6.0	65.0	-1.0	
1501451458934	185549809773618	307.0	6.0	65.0	-1.0	
1501451458952	185549829915219	307.0	6.0	65.0	-1.0	
1501451458970	185549850056821	307.0	6.0	65.0	-1.0	
1501451458988	185549870198422	307.0	6.0	65.65298461914063	-1.0	
1501451459006	185549890340024	307.0	6.0	66.0	-1.0	
1501451459023	185549910481626	307.0	6.0	66.0	-1.0	
1501451459059	185549930623227	307.0	6.0	66.0	-1.0	
1501451459077	185549950764829	307.0	6.0	66.0	-1.0	
1501451459095	185549970906430	307.0	6.0	66.0	-1.0	
1501451459112	185549991048032	307.0	6.0	66.0	-1.0	
1501451459130	185550011189633	307.0	6.0	66.0	-1.0	
1501451459148	185550031331235	307.0	6.0	66.0	-1.0	
1501451459167	185550051472837	307.0	6.0	66.0	-1.0	
1501451459184	185550071614438	307.0	6.0	66.0	-1.0	
1501451459220	185550091756040	307.0	6.0	66.0	-1.0	
1501451459238	185550111897641	307.0	6.0	66.0	-1.0	
1501451459255	185550132039243	306.70135498046875	6.0	66.0	-1.0	
1501451459275	185550152180844	306.0	6.0	66.0	-1.0	
1501451459291	185550172322446	306.0	6.0	66.0	-1.0	
1501451459309	185550192464047	306.0	6.0	66.0	-1.0	
1501451459327	185550212605649	306.0	6.0	66.0	-1.0	
1501451459344	185550232747251	306.0	6.0	66.0	-1.0	
1501451459381	185550252888852	306.0	5.94189453125	66.05810546875	-1.0	
1501451459401	185550273030454	306.0	5.0	67.0	-1.0	
1501451459420	185550293172055	306.0	5.0	67.0	-1.0	
1501451459435	185550313313657	306.0	5.0	67.0	-1.0	
1501451459452	185550333455258	306.0	5.0	67.0	-1.0	
1501451459470	185550353596860	306.0	5.6911163330078125	67.0	-1.0	
1501451459490	185550373738462	306.0	6.0	67.0	-1.0	
1501451459505	185550393880063	306.0	6.0	67.0	-1.0	
1501451459541	185550414021665	305.9283447265625	6.0	67.0	-1.0	
1501451459559	185550434163266	305.0	6.0	67.0	-1.0	
1501451459577	185550454304868	305.0	6.0	67.0	-1.0	
1501451459595	185550474446469	305.0	6.0	67.0	-1.0	
1501451459613	185550494588071	305.0	6.0	67.0	-1.0	
1501451459631	185550514729672	305.0	6.0	67.0	-1.0	
1501451459649	185550534871274	305.0	6.0	67.0	-1.0	
1501451459668	185550555012876	305.0	6.0	67.0	-1.0	
1501451459703	185550575154477	305.0	5.9146881103515625	67.08531188964844	-1.0	
1501451459720	185550595296079	305.0	5.0	68.0	-1.0	
1501451459738	185550615437680	305.0	5.0	68.0	-1.0	
1501451459767	185550635579282	305.0	5.0	68.0	18.0	
1501451459778	185550655720883	305.0	5.0	68.0	18.0	
1501451459794	185550675862485	305.0	5.0	68.0	18.0	
1501451459814	185550696004087	305.0	5.0	68.0	18.0	
1501451459827	185550716145688	305.0	5.970977783203125	68.0	18.0	
1501451459871	185550736287290	305.0	6.0	68.0	18.0	
1501451459889	185550756428891	305.0	6.0	68.0	18.0	
1501451459905	185550776570493	305.0	6.0	68.0	18.0	
1501451459919	185550796712094	305.0	6.0	68.0	18.0	
1501451459938	185550816853696	305.0	6.0	68.0	18.0	
1501451459955	185550836995297	305.0	6.0	68.0	18.0	
1501451459976	185550857136899	305.0	6.0	68.0	18.0	
1501451459996	185550877278501	305.0	6.0	68.0	18.0	
1501451460030	185550897420102	304.0	6.0	68.0	18.0	
1501451460051	185550917561704	304.0	6.0	68.0	18.0	
1501451460068	185550937703305	304.0	6.0	68.0	18.0	
1501451460087	185550957844907	304.0	6.0	68.0	18.0	
1501451460097	185550977986508	304.0	6.0	68.0	18.0	
1501451460118	185550998128110	304.0	6.0	68.0	18.0	
1501451460137	185551018269712	304.0	6.0	68.0	18.0	
1501451460152	185551038411313	304.0	6.0	68.0	18.0	
1501451460187	185551058552915	304.0	6.0	68.0	18.0	
1501451460206	185551078694516	304.0	6.0	68.0	18.0	
1501451460223	185551098836118	304.0	6.0	68.0	18.0	
1501451460243	185551118977719	304.0	6.0	68.0	18.0	
1501451460258	185551139119321	304.0	6.0	68.0	18.0	
1501451460275	185551159260922	304.0	6.0	68.0	18.0	
1501451460295	185551179402524	304.0	6.0	68.0	18.0	
1501451460331	185551199544126	304.0	6.0	68.0	18.0	
1501451460347	185551219685727	304.0	6.0	68.0	18.0	
1501451460364	185551239827329	304.0	6.0	67.73721313476563	18.0	
1501451460385	185551259968930	304.0	6.0	67.0	18.0	
1501451460406	185551280110532	304.0	6.0	67.0	18.0	
1501451460419	185551300252133	304.0	6.0	67.0	18.0	
1501451460436	185551320393735	304.0	6.0	67.0	18.0	
1501451460468	185551340535337	304.0	6.0	67.0	18.0	
1501451460490	185551360676938	304.0	6.0	67.0	18.0	
1501451460513	185551380818540	304.0	6.0	67.0	18.0	
1501451460527	185551400960141	304.0	6.0	67.0	18.0	
1501451460543	185551421101743	304.0	6.0	67.0	18.0	
1501451460564	185551441243344	304.0	6.0	67.0	18.0	
1501451460579	185551461384946	304.0	6.0	67.0	18.0	
1501451460597	185551481526547	304.0	6.0	67.0	18.0	
1501451460624	185551501668149	304.0	6.0	67.0	18.0	
1501451460655	185551521809751	304.0	6.0	67.0	18.0	
1501451460671	185551541951352	304.0	6.0	67.0	18.0	
1501451460686	185551562092954	304.0	6.0	67.0	18.0	
1501451460704	185551582234555	304.0	6.4163818359375	67.0	18.0	
1501451460723	185551602376157	304.0	7.0	67.0	18.0	
1501451460740	185551622517758	304.0	7.0	67.0	18.0	
1501451460757	185551642659360	303.20477294921875	7.0	67.0	18.0	
1501451460777	185551662800962	303.0	7.0	66.07693481445313	18.0	
1501451460813	185551682942563	303.0	7.0	66.0	18.0	
1501451460830	185551703084165	303.0	7.0	66.0	18.0	
1501451460848	185551723225766	303.0	7.0	66.0	18.0	
1501451460865	185551743367368	303.0	7.0	66.0	18.0	
1501451460884	185551763508969	303.0	7.0	66.0	18.0	
1501451460901	185551783650571	303.0	7.0	66.0	18.0	
1501451460918	185551803792172	303.0	7.0	66.0	18.0	
1501451460936	185551823933774	303.0	7.0	66.0	18.0	
1501451460972	185551844075376	303.0	7.0	66.0	18.0	
1501451460990	185551864216977	303.0	7.0	66.0	18.0	
1501451461007	185551884358579	303.0	7.0	66.0	18.0	
1501451461026	185551904500180	303.0	7.0	66.0	18.0	
1501451461045	185551924641782	303.0	7.0	66.0	18.0	
1501451461061	185551944783383	303.0	7.0	66.0	18.0	
1501451461079	185551964924985	303.0	7.0	65.17747497558594	18.0	
1501451461099	185551985066587	303.0	7.0	65.0	18.0	
1501451461133	185552005208188	303.0	7.0	65.0	18.0	
1501451461151	185552025349790	303.0	7.0	65.0	18.0	
1501451461168	185552045491391	303.0	7.3282012939453125	65.32820129394531	18.0	
1501451461186	185552065632993	303.0	8.0	66.0	18.0	
1501451461206	185552085774594	303.0	8.0	66.0	18.0	
1501451461222	185552105916196	303.0	8.0	66.0	18.0	
1501451461241	185552126057797	303.0	8.0	66.0	18.0	
1501451461260	185552146199399	303.0	8.0	66.0	18.0	
1501451461294	185552166341001	303.0	8.0	66.0	18.0	
1501451461312	185552186482602	303.0	8.0	66.0	18.0	
1501451461329	185552206624204	303.0	8.0	66.0	18.0	
1501451461348	185552226765805	303.0	8.0	66.0	18.0	
1501451461366	185552246907407	303.0	8.0	66.0	18.0	
1501451461383	185552267049008	303.0	8.0	66.0	18.0	
1501451461400	185552287190610	303.0	8.0	66.0	18.0	
1501451461420	185552307332212	303.0	8.0	66.0	18.0	
1501451461457	185552327473813	303.0	8.0	66.0	18.0	
1501451461472	185552347615415	303.0	8.0	66.0	18.0	
1501451461490	185552367757016	303.0	8.0	66.0	18.0	
1501451461507	185552387898618	303.0	8.0	66.0	18.0	
1501451461528	185552408040219	303.0	8.0	66.0	18.0	
1501451461544	185552428181821	303.0	8.0	66.0	18.0	
1501451461561	185552448323422	303.0	8.0	66.0	18.0	
1501451461580	185552468465024	303.0	8.0	66.0	18.0	
1501451461614	185552488606626	303.0	8.0	66.0	18.0	
1501451461634	185552508748227	303.0	8.0	66.0	18.0	
1501451461651	185552528889829	303.0	8.0	66.0	18.0	
1501451461669	185552549031430	303.0	8.0	66.0	18.0	
1501451461688	185552569173032	303.0	8.0	66.0	18.0	
1501451461704	185552589314633	303.0	8.0	66.0	18.0	
1501451461722	185552609456235	303.0	8.0	66.0	18.0	
1501451461745	185552629597837	303.0	8.0	66.0	18.0	
1501451461774	185552649739438	303.0	8.0	66.0	18.0	
1501451461794	185552669881040	303.0	8.0	66.0	18.0	
1501451461814	185552690022641	303.0	8.0	66.0	18.0	
1501451461829	185552710164243	303.0	8.0	66.0	18.0	
1501451461849	185552730305844	303.0	8.0	66.63310241699219	18.0	
1501451461865	185552750447446	303.0	8.0	67.0	18.0	
1501451461883	185552770589047	303.0	8.0	67.0	18.0	
1501451461919	185552790730649	303.0	7.013641357421875	67.0	18.0	
1501451461935	185552810872251	303.0	8.0	67.0	18.0	
1501451461953	185552831013852	303.0	8.0	67.0	18.0	
1501451461972	185552851155454	303.0	8.0	67.0	18.0	
1501451461990	185552871297055	303.0	8.0	67.0	18.0	
1501451462010	185552891438657	303.0	8.0	67.0	18.0	
1501451462030	185552911580258	303.0	7.2269744873046875	67.0	18.0	
1501451462044	185552931721860	303.0	7.0	67.0	18.0	
1501451462080	185552951863462	303.0	7.0	67.0	18.0	
1501451462096	185552972005063	303.0	7.0	67.0	18.0	
1501451462116	185552992146665	303.0	7.0	67.0	18.0	
1501451462133	185553012288266	303.0	7.0	67.0	18.0	
1501451462151	185553032429868	303.0	7.0	67.0	18.0	
1501451462173	185553052571469	303.0	7.0	67.0	18.0	
1501451462188	185553072713071	303.0	7.0	67.0	18.0	
1501451462206	185553092854672	303.0	7.0	67.0	18.0	
1501451462241	185553112996274	303.0	7.0	67.0	18.0	
1501451462257	185553133137876	303.0	7.0	67.0	18.0	
1501451462281	185553153279477	303.0	7.0	67.0	18.0	
1501451462294	185553173421079	303.0	7.0	67.0	18.0	
1501451462312	185553193562680	303.0	7.0	67.0	18.0	
1501451462331	185553213704282	303.0	7.0	67.0	18.0	
1501451462348	185553233845883	303.0	7.0	67.0	18.0	
1501451462365	185553253987485	303.0	7.0	67.0	18.0	
1501451462401	185553274129087	303.0	7.0	67.0	18.0	
1501451462418	185553294270688	303.0	7.0	67.0	18.0	
1501451462439	185553314412290	303.0	7.0	67.0	18.0	
1501451462456	185553334553891	303.0	7.0	67.0	18.0	
1501451462474	185553354695493	303.0	7.0	67.0	18.0	
1501451462492	185553374837094	303.0	7.0	67.0	18.0	
1501451462508	185553394978696	303.0	7.0	67.0	18.0	
1501451462526	185553415120297	303.0	7.0	67.0	18.0	
1501451462561	185553435261899	303.0	7.0	67.0	18.0	
1501451462580	185553455403501	303.0	7.0	67.0	18.0	
1501451462599	185553475545102	303.0	7.0	67.31910705566406	18.0	
1501451462616	185553495686704	303.0	7.0	68.0	18.0	
1501451462633	185553515828305	303.0	7.0	68.0	18.0	
1501451462653	185553535969907	303.0	7.0	68.0	18.0	
1501451462674	185553556111508	303.0	7.0	68.0	18.0	
1501451462688	185553576253110	303.0	7.0	68.0	18.0	
1501451462721	185553596394712	303.0	7.0	68.0	18.0	
1501451462741	185553616536313	303.0	7.0	68.0	18.0	
1501451462760	185553636677915	303.0	7.0	68.0	18.0	
1501451462776	185553656819516	303.0	7.0	68.0	18.0	
1501451462796	185553676961118	303.0	7.0	68.0	18.0	
1501451462814	185553697102719	303.0	7.0	68.0	18.0	
1501451462831	185553717244321	303.0	7.0	68.0	18.0	
1501451462849	185553737385922	303.0	7.0	68.0	18.0	
1501451462882	185553757527524	303.0	7.0	68.0	18.0	
1501451462901	185553777669126	303.0	7.0	68.0	18.0	
1501451462920	185553797810727	303.0	7.0	68.0	18.0	
1501451462940	185553817952329	303.0	7.0	68.0	18.0	
1501451462954	185553838093930	303.0	7.0	68.0	18.0	
1501451462973	185553858235532	303.0	7.0	68.0	18.0	
1501451462991	185553878377133	303.0	7.0	68.0	18.0	
1501451463009	185553898518735	303.0	7.0	67.02218627929688	18.0	
1501451463044	185553918660337	303.0	8.0	67.0	18.0	
1501451463062	185553938801938	303.0	8.0	67.0	18.0	
1501451463082	185553958943540	303.0	8.0	67.0	18.0	
1501451463105	185553979085141	303.0	8.0	67.0	18.0	
1501451463122	185553999226743	303.0	8.0	67.0	18.0	
1501451463135	185554019368344	303.0	8.0	67.0	18.0	
1501451463153	185554039509946	303.0	8.0	67.0	18.0	
1501451463169	185554059651547	303.0	8.0	67.0	18.0	
1501451463207	185554079793149	303.0	8.0	67.0	18.0	
1501451463225	185554099934751	303.0	8.0	67.0	18.0	
1501451463245	185554120076352	303.0	8.0	67.0	18.0	
1501451463259	185554140217954	303.0	8.0	67.0	18.0	
1501451463275	185554160359555	303.0	8.0	67.0	18.0	
1501451463296	185554180501157	303.0	8.0	67.0	18.0	
1501451463312	185554200642758	303.0	8.0	67.0	18.0	
1501451463346	185554220784360	303.0	8.0	67.0	18.0	
1501451463367	185554240925962	303.0	7.8686065673828125	67.0	18.0	
1501451463383	185554261067563	303.0	7.0	67.0	18.0	
1501451463403	185554281209165	303.0	7.0	67.0	18.0	
1501451463419	185554301350766	303.0	7.0	67.0	18.0	
1501451463438	185554321492368	303.0	7.0	67.0	18.0	
1501451463456	185554341633969	303.0	7.0	67.0	18.0	
1501451463473	185554361775571	303.0	7.0	67.0	18.0	
1501451463509	185554381917172	303.0	7.0	67.0	18.0	
1501451463526	185554402058774	303.0	7.143341064453125	67.0	18.0	
1501451463547	185554422200376	303.0	7.72991943359375	67.27008056640625	18.0	
1501451463564	185554442341977	303.0	7.0	68.0	18.0	
1501451463580	185554462483579	303.0	7.0	68.0	18.0	
1501451463598	185554482625180	303.0	7.0	68.0	18.0	
1501451463617	185554502766782	303.0	7.0	68.0	18.0	
1501451463634	185554522908383	303.0	7.0	68.0	18.0	
1501451463669	185554543049985	303.0	7.0	68.0	18.0	
1501451463687	185554563191587	303.0	7.0	68.0	18.0	
1501451463706	185554583333188	303.0	7.0	68.0	18.0	
1501451463724	185554603474790	303.0	7.0	68.0	18.0	
1501451463741	185554623616391	303.0	7.0	68.0	18.0	
1501451463759	185554643757993	303.0	7.0	68.0	18.0	
1501451463778	185554663899594	303.0	7.0	68.0	18.0	
1501451463794	185554684041196	303.0	7.0	68.0	18.0	
1501451463830	185554704182797	303.0	7.0	68.0	18.0	
1501451463851	185554724324399	302.829345703125	7.0	68.0	18.0	
1501451463867	185554744466001	302.0	7.0	68.0	18.0	
1501451463885	185554764607602	302.0	7.0	68.0	18.0	
1501451463901	185554784749204	302.0	7.0	68.0	18.0	
1501451463919	185554804890805	302.0	7.0	68.0	18.0	
1501451463938	185554825032407	302.0	7.0	68.0	18.0	
1501451463954	185554845174008	302.0	7.0	68.0	18.0	
1501451464006	185554865315610	302.0	7.0	68.0	18.0	
1501451464021	185554885457212	302.0	7.0	68.0	18.0	
1501451464037	185554905598813	302.0	7.0	68.0	18.0	
1501451464061	185554925740415	302.0	7.0	68.0	18.0	
1501451464071	185554945882016	302.0	7.0	68.0	18.0	
1501451464093	185554966023618	302.0	7.0	68.0	18.0	
1501451464108	185554986165219	302.0	7.0	68.0	18.0	
1501451464120	185555006306821	302.0	7.0	68.0	18.0	
1501451464153	185555026448422	302.0	7.0	68.0	18.0	
1501451464169	185555046590024	302.0	7.0	68.0	18.0	
1501451464187	185555066731626	302.0	7.0	68.0	18.0	
1501451464209	185555086873227	302.0	7.0	68.0	18.0	
1501451464223	185555107014829	302.0	7.0	68.0	18.0	
1501451464241	185555127156430	302.0	7.0	68.0	18.0	
1501451464258	185555147298032	302.0	7.0	68.0	18.0	
1501451464275	185555167439633	302.0	7.0	68.0	18.0	
1501451464313	185555187581235	302.0	7.0	68.0	18.0	
1501451464330	185555207722837	302.0	7.0	68.0	18.0	
1501451464348	185555227864438	302.0	7.0	68.0	18.0	
1501451464367	185555248006040	302.0	7.4624481201171875	68.0	18.0	
1501451464383	185555268147641	302.0	8.0	67.41127014160156	18.0	
1501451464401	185555288289243	302.0	8.0	67.0	18.0	
1501451464418	185555308430844	302.0	8.0	67.0	18.0	
1501451464437	185555328572446	302.0	8.0	67.0	18.0	
1501451464474	185555348714047	302.0	8.0	67.09555053710938	18.0	
1501451464491	185555368855649	302.0	8.0	67.77816772460938	18.0	
1501451464509	185555388997251	302.0	8.0	67.0	18.0	
1501451464528	185555409138852	302.0	8.0	67.0	18.0	
1501451464544	185555429280454	302.0	8.0	67.0	18.0	
1501451464562	185555449422055	302.0	8.0	67.72866821289063	18.0	
1501451464581	185555469563657	302.0	8.0	68.0	18.0	
1501451464599	185555489705258	302.0	8.0	68.0	18.0	
1501451464634	185555509846860	302.0	7.8923187255859375	68.0	18.0	
1501451464651	185555529988462	302.0	7.0	68.0	18.0	
1501451464675	185555550130063	302.0	7.0	68.0	18.0	
1501451464690	185555570271665	302.0	7.0	67.51194763183594	18.0	
1501451464707	185555590413266	302.0	7.0	67.0	18.0	
1501451464723	185555610554868	302.0	7.0	67.0	18.0	
1501451464741	185555630696469	302.0	7.0	67.0	18.0	
1501451464759	185555650838071	302.0	7.0	67.0	18.0	
1501451464795	185555670979672	302.0	7.0	68.0	18.0	
1501451464820	185555691121274	302.0	7.0	68.0	18.0	
1501451464830	185555711262876	302.0	7.0	68.0	18.0	
1501451464850	185555731404477	302.0	7.0	68.0	18.0	
1501451464866	185555751546079	302.0	7.0	68.0	18.0	
1501451464884	185555771687680	302.0	7.0	68.0	18.0	
1501451464900	185555791829282	302.0	7.0	68.0	18.0	
1501451464938	185555811970883	302.0	7.0	68.0	18.0	
1501451464957	185555832112485	302.0	7.0	68.0	18.0	
1501451464974	185555852254087	302.0	7.0	68.0	18.0	
1501451464991	185555872395688	302.0	7.0	68.0	18.0	
1501451465012	185555892537290	302.0	7.0	68.0	18.0	
1501451465032	185555912678891	302.0	7.0	68.0	18.0	
1501451465044	185555932820493	302.0	7.0	68.0	18.0	
1501451465063	185555952962094	302.0	7.0	68.0	18.0	
1501451465098	185555973103696	302.0	7.0	68.0	18.0	
1501451465118	185555993245297	302.0	7.0	68.0	18.0	
1501451465134	185556013386899	302.0	7.0	68.0	18.0	
1501451465157	185556033528501	302.0	7.0	68.0	18.0	
1501451465172	185556053670102	302.0	7.0	68.0	18.0	
1501451465188	185556073811704	302.0	7.0	68.0	18.0	
1501451465205	185556093953305	302.0	7.0	68.0	18.0	
1501451465224	185556114094907	302.0	7.0	68.0	18.0	
1501451465259	185556134236508	302.0	7.0	68.0	18.0	
1501451465281	185556154378110	302.0	7.0	68.0	18.0	
1501451465295	185556174519712	302.0	7.0	68.0	18.0	
1501451465312	185556194661313	302.0	7.0	68.0	18.0	
1501451465332	185556214802915	302.0	7.0	68.0	18.0	
1501451465348	185556234944516	302.0	7.0	68.0	18.0	
1501451465364	185556255086118	302.0	7.0	68.0	18.0	
1501451465383	185556275227719	302.0	7.0	68.0	18.0	
1501451465419	185556295369321	302.0	7.0	68.0	18.0	
1501451465443	185556315510922	302.0	7.0	68.0	18.0	
1501451465455	185556335652524	302.0	7.0	68.0	18.0	
1501451465476	185556355794126	302.0	7.0	68.0	18.0	
1501451465492	185556375935727	302.0	7.0	68.0	18.0	
1501451465507	185556396077329	302.0	7.0	68.0	18.0	
1501451465527	185556416218930	302.0	7.0	68.0	18.0	
1501451465562	185556436360532	302.0	7.0	68.0	18.0	
1501451465580	185556456502133	302.0	7.0	67.79275512695313	18.0	
1501451465599	185556476643735	302.0	7.0	67.0	18.0	
1501451465616	185556496785337	302.0	7.0	67.0	18.0	
1501451465635	185556516926938	302.0	7.0	67.628662109375	18.0	
1501451465654	185556537068540	302.0	7.0	68.0	18.0	
1501451465668	185556557210141	302.0	7.0	68.0	18.0	
1501451465706	185556577351743	302.0	7.0	68.0	18.0	
1501451465723	185556597493344	302.0	7.0	68.0	18.0	
1501451465741	185556617634946	302.0	7.0	68.0	18.0	
1501451465760	185556637776547	302.0	7.0	68.0	18.0	
1501451465777	185556657918149	302.0	7.0	68.0	18.0	
1501451465794	185556678059751	302.0	7.0	68.0	18.0	
1501451465814	185556698201352	302.0	7.0	68.0	18.0	
1501451465859	185556718342954	302.0	7.0	68.0	18.0	
1501451465869	185556738484555	302.0	7.0	68.0	18.0	
1501451465883	185556758626157	302.0	7.0	68.0	18.0	
1501451465901	185556778767758	302.0	7.0	68.0	18.0	
1501451465921	185556798909360	302.0	7.0	68.0	18.0	
1501451465937	185556819050962	302.0	7.0	68.0	18.0	
1501451465955	185556839192563	302.0	7.0	68.0	18.0	
1501451465992	185556859334165	302.0	7.0	68.0	18.0	
1501451466011	185556879475766	302.0	7.0	68.0	18.0	
1501451466027	185556899617368	302.0	7.0	68.0	18.0	
1501451466051	185556919758969	302.0	7.0	68.0	18.0	
1501451466063	185556939900571	302.0	6.42315673828125	68.0	18.0	
1501451466090	185556960042172	302.0	6.0	68.0	18.0	
1501451466102	185556980183774	302.0	6.858123779296875	68.0	18.0	
1501451466125	185557000325376	302.0	7.0	68.0	18.0	
1501451466152	185557020466977	302.0	7.0	68.0	18.0	
1501451466173	185557040608579	302.0	7.0	68.0	18.0	
1501451466192	185557060750180	302.0	7.0	68.0	18.0	
1501451466208	185557080891782	302.0	6.4404296875	68.0	18.0	
1501451466223	185557101033383	302.0	6.0	68.0	18.0	
1501451466244	185557121174985	302.0	6.0	68.0	18.0	
1501451466259	185557141316587	302.0	6.0	68.0	18.0	
1501451466294	185557161458188	301.0	6.0	68.0	18.0	
1501451466312	185557181599790	301.0	6.0	68.0	18.0	
1501451466330	185557201741391	301.0	6.0	68.0	18.0	
1501451466349	185557221882993	301.50848388671875	6.0	68.0	18.0	
1501451466368	185557242024594	302.0	6.0	68.0	18.0	
1501451466386	185557262166196	302.0	6.0	68.0	18.0	
1501451466403	185557282307797	302.0	6.0	68.0	18.0	
1501451466436	185557302449399	301.0	6.9965972900390625	68.0	18.0	
1501451466457	185557322591001	301.0	6.0	68.0	18.0	
1501451466474	185557342732602	301.0	6.0	68.25041198730469	18.0	
1501451466506	185557362874204	301.0	6.0	69.0	18.0	
1501451466521	185557383015805	301.0	6.0	69.0	18.0	
1501451466537	185557403157407	301.0	6.0	69.0	18.0	
1501451466548	185557423299008	301.0	6.0	69.0	18.0	
1501451466565	185557443440610	301.0	6.0	69.0	18.0	
1501451466583	185557463582212	301.0	6.0	69.0	18.0	
1501451466617	185557483723813	301.0	6.0	69.0	18.0	
1501451466634	185557503865415	301.0	6.0	69.0	18.0	
1501451466652	185557524007016	301.0	6.0	69.0	18.0	
1501451466670	185557544148618	301.0	6.0	69.0	18.0	
1501451466688	185557564290219	301.0	6.0	69.0	18.0	
1501451466707	185557584431821	301.0	6.0	69.0	18.0	
1501451466724	185557604573422	301.0	6.0	69.0	18.0	
1501451466741	185557624715024	301.0	6.0	69.0	18.0	
1501451466778	185557644856626	301.1072998046875	6.0	69.0	18.0	
1501451466795	185557664998227	301.768310546875	6.0	69.0	18.0	
1501451466812	185557685139829	301.0	6.0	69.0	18.0	
1501451466831	185557705281430	301.0	6.0	69.0	18.0	
1501451466849	185557725423032	301.6030578613281	6.0	68.39694213867188	18.0	
1501451466866	185557745564633	302.0	6.0	68.0	18.0	
1501451466885	185557765706235	302.0	6.0	68.0	18.0	
1501451466900	185557785847837	302.0	6.0	68.0	18.0	
1501451466939	185557805989438	302.0	6.0	68.0	18.0	
1501451466956	185557826131040	302.0	6.0	68.0	18.0	
1501451466973	185557846272641	302.0	6.0	68.0	18.0	
1501451466991	185557866414243	302.0	6.0	68.0	18.0	
1501451467009	185557886555844	302.0	6.0	68.0	18.0	
1501451467027	185557906697446	302.0	6.0	68.71719360351563	18.0	
1501451467047	185557926839047	302.0	6.0	68.15986633300781	18.0	
1501451467062	185557946980649	302.0	6.0	68.0	18.0	
1501451467100	185557967122251	302.0	7.0	68.0	18.0	
1501451467129	185557987263852	302.0	7.0	68.0	18.0	
1501451467147	185558007405454	302.0	7.0	68.0	18.0	
1501451467174	185558027547055	302.0	7.0	68.0	18.0	
1501451467191	185558047688657	302.0	7.0	68.0	18.0	
1501451467223	185558067830258	302.0	7.0	68.0	18.0	
1501451467258	185558087971860	302.0	7.0	68.0	18.0	
1501451467274	185558108113462	302.0	7.0	68.0	18.0	
1501451467295	185558128255063	302.0	7.0	68.0	18.0	
1501451467318	185558148396665	302.0	7.0	68.0	18.0	
1501451467345	185558168538266	302.0	7.0	68.0	18.0	
1501451467363	185558188679868	302.0	7.0	68.0	18.0	
1501451467370	185558208821469	302.0	7.0	68.0	18.0	
1501451467387	185558228963071	302.0	7.0	68.0	18.0	
1501451467413	185558249104672	302.0	7.0	68.0	18.0	
1501451467427	185558269246274	302.0	7.0	68.0	18.0	
1501451467460	185558289387876	302.0	7.0	68.0	18.0	
1501451467491	185558309529477	302.0	7.0	68.0	18.0	
1501451467501	185558329671079	302.0	7.0	68.0	18.0	
1501451467518	185558349812680	302.0	7.0	68.0	18.0	
1501451467524	185558369954282	302.0	7.0	68.0	18.0	
1501451467536	185558390095883	302.0	7.0	68.0	18.0	
1501451467559	185558410237485	302.0	7.0	68.0	18.0	
1501451467583	185558430379087	302.0	7.0	68.0	18.0	
1501451467608	185558450520688	302.0	7.0	68.0	18.0	
1501451467624	185558470662290	302.0	7.0	67.81771850585938	18.0	
1501451467640	185558490803891	302.0	7.0	67.0	18.0	
1501451467655	185558510945493	302.0	7.0	67.0	18.0	
1501451467665	185558531087094	302.0	7.0	67.0	18.0	
1501451467677	185558551228696	302.0	7.0	67.0	18.0	
1501451467692	185558571370297	302.0	7.0	67.80101013183594	18.0	
1501451467708	185558591511899	302.0	7.0	68.0	18.0	
1501451467743	185558611653501	302.0	7.0	68.0	18.0	
1501451467759	185558631795102	302.0	7.0	68.0	18.0	
1501451467777	185558651936704	302.0	7.0	68.0	18.0	
1501451467795	185558672078305	302.0	7.0	68.0	18.0	
1501451467813	185558692219907	302.0	7.0	68.0	18.0	
1501451467830	185558712361508	302.0	7.0	68.0	18.0	
1501451467850	185558732503110	302.0	7.0	68.0	18.0	
1501451467866	185558752644712	302.0	7.0	68.0	18.0	
1501451467904	185558772786313	302.0	7.0	68.0	18.0	
1501451467921	185558792927915	302.0	7.0	68.0	18.0	
1501451467938	185558813069516	302.0	7.0	68.0	18.0	
1501451467958	185558833211118	302.0	7.0	68.0	18.0	
1501451467974	185558853352719	302.0	7.0	68.0	18.0	
1501451467990	185558873494321	302.0	7.0	68.0	18.0	
1501451468011	185558893635922	302.0	7.0	68.0	18.0	
1501451468027	185558913777524	302.0	7.0	68.0	18.0	
1501451468063	185558933919126	302.0	7.0	68.0	18.0	
1501451468081	185558954060727	302.0	7.0	68.0	18.0	
1501451468099	185558974202329	302.0	7.0	68.0	18.0	
1501451468118	185558994343930	302.0	7.0	68.0	18.0	
1501451468134	185559014485532	302.0	7.0	68.0	18.0	
1501451468151	185559034627133	302.0	7.0	68.0	18.0	
1501451468177	185559054768735	302.0	7.0	68.0	18.0	
1501451468190	185559074910337	302.0	7.0	68.89607238769531	18.0	
1501451468226	185559095051938	302.0	7.0	68.0	18.0	
1501451468242	185559115193540	302.0	7.0	68.0	18.0	
1501451468259	185559135335141	302.0	7.0	68.0	18.0	
1501451468278	185559155476743	302.0	7.0	68.0	18.0	
1501451468295	185559175618344	302.0	7.0	68.0	18.0	
1501451468325	185559195759946	302.0	7.0	68.0	18.0	
1501451468337	185559215901547	302.0	7.0	68.0	18.0	
1501451468351	185559236021079	302.0	7.0	68.0	18.0	
1501451468384	185559256162681	302.0	7.0	68.0	18.0	
1501451468403	185559276304282	302.0	7.0	68.0	18.0	
1501451468422	185559296445884	302.0	7.0	68.0	18.0	
1501451468441	185559316587485	302.0	7.0	68.0	18.0	
1501451468455	185559336729087	302.0	7.0	68.0	18.0	
1501451468474	185559356870688	302.0	7.0	68.0	18.0	
1501451468493	185559377012290	302.0	7.0	68.0	18.0	
1501451468509	185559397153892	302.0	7.0	68.0	18.0	
1501451468549	185559417295493	302.0	7.0	68.0	18.0	
1501451468571	185559437437095	302.0	7.0	68.0	18.0	
1501451468581	185559457578696	302.0	7.0	68.0	18.0	
1501451468606	185559477720298	302.0	7.0	68.0	18.0	
1501451468615	185559497861899	302.0	7.0	68.0	18.0	
1501451468634	185559518003501	302.0	7.0	68.0	18.0	
1501451468654	185559538145102	302.0	7.0	68.0	18.0	
1501451468670	185559558286704	302.0	7.0	68.0	18.0	
1501451468688	185559578428306	302.0	7.0	68.0	18.0	
1501451468724	185559598569907	302.0	7.0	68.0	18.0	
1501451468742	185559618711509	302.0	7.0	68.0	18.0	
1501451468761	185559638853110	302.0	7.0	68.0	18.0	
1501451468776	185559658994712	302.0	7.0	68.0	18.0	
1501451468796	185559679136313	302.0	7.0	68.0	18.0	
1501451468815	185559699277915	302.0	7.0	68.73252868652344	18.0	
1501451468832	185559719419517	302.0	7.0	69.0	18.0	
1501451468850	185559739561118	302.0	7.0	69.0	18.0	
1501451468886	185559759702720	302.0	7.0	68.0	18.0	
1501451468903	185559779844321	302.0	7.228271484375	68.0	18.0	
1501451468921	185559799985923	302.0	8.0	68.0	18.0	
1501451468939	185559820127524	302.0	8.0	67.52470397949219	18.0	
1501451468958	185559840269126	302.0	8.0	67.0	18.0	
1501451468975	185559860410727	302.0	8.0	67.0	18.0	
1501451468991	185559880552329	302.0	8.0	67.0	18.0	
1501451469009	185559900693931	302.0	8.0	67.0	18.0	
1501451469045	185559920835532	302.0	8.0	67.0	18.0	
1501451469063	185559940977134	302.0	8.0	67.21804809570313	18.0	
1501451469081	185559961118735	302.0	8.0	68.0	18.0	
1501451469099	185559981260337	302.0	8.0	68.0	18.0	
1501451469118	185560001401938	302.0	8.0	68.0	18.0	
1501451469135	185560021543540	302.0	8.0	68.0	18.0	
1501451469153	185560041685142	302.0	8.0	68.0	18.0	
1501451469171	185560061826743	302.0	8.0	68.9608154296875	18.0	
1501451469207	185560081968345	302.0	8.0	69.0	18.0	
1501451469224	185560102109946	302.20782470703125	8.0	69.0	18.0	
1501451469241	185560122251548	303.0	7.667816162109375	69.33218383789063	18.0	
1501451469260	185560142393149	303.0	7.0	70.0	18.0	
1501451469277	185560162534751	303.0	7.0	70.57992553710938	18.0	
1501451469295	185560182676352	303.0	6.2964324951171875	71.0	18.0	
1501451469315	185560202817954	303.0	6.0	71.82792663574219	18.0	
1501451469342	185560222959556	303.0	6.9506683349609375	72.0	18.0	
1501451469367	185560243101157	302.925048828125	7.074951171875	72.074951171875	18.0	
1501451469384	185560263242759	301.80035400390625	8.0	73.0	18.0	
1501451469406	185560283384360	301.0	8.327606201171875	73.0	18.0	
1501451469421	185560303525962	301.0	9.0	73.0	18.0	
1501451469439	185560323667563	301.0	9.0	72.38046264648438	18.0	
1501451469456	185560343809165	301.0	9.0	71.22862243652344	18.0	
1501451469486	185560363950767	301.9232177734375	9.0	71.0	18.0	
1501451469516	185560384092368	302.0	9.0	70.92671203613281	18.0	
1501451469544	185560404233970	302.0	9.0	70.0	18.0	
1501451469553	185560424375571	302.0	9.0	70.0	18.0	
1501451469573	185560444517173	302.0	9.0	69.47120666503906	18.0	
1501451469596	185560464658774	302.0	9.0	69.0	18.0	
1501451469618	185560484800376	302.0	9.0	68.16754150390625	18.0	
1501451469632	185560504941977	302.0	9.0	68.0	18.0	
1501451469675	185560525083579	301.0	9.135879516601563	67.13587951660156	18.0	
1501451469691	185560545225181	300.4275817871094	10.572418212890625	68.28620910644531	18.0	
1501451469699	185560565366782	298.1239318847656	13.314102172851563	69.87606811523438	18.0	
1501451469704	185560585508384	295.2303771972656	16.769622802734375	72.17974853515625	18.0	
1501451469724	185560605649985	292.5166015625	19.4833984375	74.4833984375	18.0	
1501451469741	185560625791587	295.57415771484375	18.212921142578125	75.89353942871094	18.0	
1501451469777	185560645933188	302.4536437988281	12.591720581054688	77.04536437988281	18.0	
1501451469794	185560666074790	314.7559509277344	1.63775634765625	77.80314636230469	18.0	
1501451469812	185560686216392	330.5147705078125	-11.8201904296875	76.305419921875	18.0	
1501451469831	185560706357993	343.4920349121094	-22.992919921875	73.50265502929688	18.0	
1501451469847	185560726499595	353.2076416015625	-30.905731201171875	70.04713439941406	18.0	
1501451469866	185560746641196	73.42138671875	-37.01390075683594	66.59165954589844	18.0	
1501451469886	185560766782798	9.72772216796875	-42.773101806640625	62.1815185546875	18.0	
1501451469920	185560786924399	17.8515625	-48.638671875	57.787109375	18.0	
1501451469937	185560807066001	27.296417236328125	-55.53094482421875	55.234527587890625	18.0	
1501451469956	185560827207602	37.501617431640625	-62.723480224609375	52.610931396484375	18.0	
1501451469973	185560847349204	49.1527099609375	-72.12725830078125	52.0	18.0	
1501451469995	185560867490806	61.965972900390625	-82.69943237304688	52.633270263671875	18.0	
1501451470008	185560887632407	71.27670288085938	-90.52288818359375	53.0	18.0	
1501451470028	185560907774009	75.62307739257813	-94.62307739257813	53.0	18.0	
1501451470047	185560927915610	76.99490356445313	-95.99490356445313	53.0	18.0	
1501451470102	185560948057212	74.64857482910156	-94.64857482910156	53.11714172363281	18.0	
1501451470126	185560968198813	70.81156921386719	-91.04925537109375	54.0	18.0	
1501451470138	185560988340415	64.85061645507813	-86.20884704589844	54.0	18.0	
1501451470148	185561008482017	58.60612487792969	-81.08489990234375	54.0	18.0	
1501451470156	185561028623618	53.60272216796875	-77.20204162597656	53.40068054199219	18.0	
1501451470169	185561048765220	50.557830810546875	-74.55783081054688	53.0	18.0	
1501451470189	185561068906821	50.0	-73.15789794921875	53.0	18.0	
1501451470209	185561089048423	50.0	-73.0	53.0	18.0	
1501451470242	185561109190024	51.08319091796875	-73.08319091796875	53.0	18.0	
1501451470262	185561129331626	52.20372009277344	-74.40744018554688	53.20372009277344	18.0	
1501451470278	185561149473227	53.32426452636719	-76.32426452636719	54.0	18.0	
1501451470297	185561169614829	54.891143798828125	-77.44557189941406	54.0	18.0	
1501451470312	185561189756431	56.56706237792969	-78.56706237792969	54.56706237792969	18.0	
1501451470338	185561209898032	57.0	-79.68759155273438	55.0	18.0	
1501451470351	185561230039634	57.0	-80.0	55.0	18.0	
1501451470371	185561250181235	57.0	-80.0	55.0	18.0	
1501451470405	185561270322837	55.95068359375	-79.0	55.0	18.0	
1501451470432	185561290464438	55.0	-78.82853698730469	55.17146301269531	18.0	
1501451470452	185561310606040	54.70799255371094	-77.70799255371094	56.0	18.0	
1501451470469	185561330747642	53.58744812011719	-77.0	56.0	18.0	
1501451470475	185561350889243	52.46690368652344	-75.93380737304688	56.53309631347656	18.0	
1501451470492	185561371030845	51.34635925292969	-74.34635925292969	57.0	18.0	
1501451470510	185561391172446	49.449005126953125	-72.44900512695313	57.0	18.0	
1501451470529	185561411314048	48.10357666015625	-71.10357666015625	57.0	18.0	
1501451470570	185561431455649	46.0	-69.9830322265625	57.0	18.0	
1501451470584	185561451597251	46.0	-69.13751220703125	56.86248779296875	18.0	
1501451470599	185561471738852	46.0	-70.0	56.258056640625	18.0	
1501451470619	185561491880454	46.0	-70.0	57.0	18.0	
1501451470636	185561512022056	46.0	-69.49916076660156	57.0	18.0	
1501451470653	185561532163657	45.37861633300781	-69.0	56.37861633300781	18.0	
1501451470674	185561552305259	43.516143798828125	-68.25807189941406	56.0	18.0	
1501451470691	185561572446860	42.13752746582031	-66.27505493164063	56.0	18.0	
1501451470707	185561592588462	40.033966064453125	-65.01698303222656	56.0	18.0	
1501451470743	185561612730063	38.79254150390625	-63.896270751953125	55.896270751953125	18.0	
1501451470760	185561632871665	36.774200439453125	-62.774200439453125	55.0	18.0	
1501451470780	185561653013267	35.653656005859375	-61.653656005859375	55.0	18.0	
1501451470793	185561673154868	34.06622314453125	-61.0	54.533111572265625	18.0	
1501451470814	185561693296470	32.412567138671875	-59.82513427734375	54.0	18.0	
1501451470831	185561713438071	30.58404541015625	-58.292022705078125	53.292022705078125	18.0	
1501451470853	185561733579673	27.510223388671875	-56.34014892578125	52.170074462890625	18.0	
1501451470867	185561753721274	25.098480224609375	-55.04924011230469	52.0	18.0	
1501451470902	185561773862876	23.928695678710938	-53.92869567871094	51.0	18.0	
1501451470921	185561794004477	23.0	-53.0	51.0	18.0	
1501451470938	185561814146079	22.687606811523438	-53.0	50.68760681152344	18.0	
1501451470958	185561834287681	22.0	-53.0	50.0	18.0	
1501451470974	185561854429282	22.0	-53.0	50.0	18.0	
1501451470992	185561874570884	22.0	-53.0	50.0	18.0	
1501451471013	185561894712485	22.0	-53.0	50.0	18.0	
1501451471027	185561914854087	21.083206176757813	-53.0	50.0	18.0	
1501451471063	185561934995688	21.0	-53.0	50.0	18.0	
1501451471082	185561955137290	20.680816650390625	-52.84040832519531	49.84040832519531	18.0	
1501451471097	185561975278892	18.43975830078125	-51.719879150390625	49.0	18.0	
1501451471119	185561995420493	16.599334716796875	-50.599334716796875	48.599334716796875	18.0	
1501451471143	185562015562095	16.0	-50.0	48.0	18.0	
1501451471159	185562035703696	16.0	-50.0	48.641754150390625	18.0	
1501451471173	185562055845298	16.0	-50.0	49.0	18.0	
1501451471188	185562075986899	16.0	-50.0	48.11546325683594	18.0	
1501451471224	185562096128501	15.994918823242188	-49.99491882324219	48.0	18.0	
1501451471242	185562116270102	14.874374389648438	-49.0	47.87437438964844	18.0	
1501451471258	185562136411704	13.753829956054688	-48.75382995605469	47.0	18.0	
1501451471279	185562156553306	12.266571044921875	-47.63328552246094	47.0	18.0	
1501451471296	185562176694907	10.511917114257813	-46.51191711425781	47.48808288574219	18.0	
1501451471316	185562196836509	8.781005859375	-45.3905029296875	48.6094970703125	18.0	
1501451471335	185562216978110	6.5399169921875	-44.26995849609375	49.73004150390625	18.0	
1501451471351	185562237119712	4.298828125	-42.298828125	51.701171875	18.0	
1501451471367	185562257261313	3.02886962890625	-42.0	53.9422607421875	18.0	
1501451471401	185562277402915	1.908172607421875	-41.0	56.18365478515625	18.0	
1501451471422	185562297544517	0.7860870361328125	-41.0	58.427825927734375	18.0	
1501451471441	185562317686118	120.07020568847656	-40.66554260253906	60.33445739746094	18.0	
1501451471457	185562337827720	358.54498291015625	-40.0	61.910003662109375	18.0	
1501451471474	185562357969321	357.4244384765625	-40.0	64.15109252929688	18.0	
1501451471493	185562378110923	356.30389404296875	-40.0	66.39218139648438	18.0	
1501451471510	185562398252524	354.36395263671875	-39.181976318359375	68.63604736328125	18.0	
1501451471527	185562418394126	353.0611267089844	-38.061126708984375	70.87774658203125	18.0	
1501451471562	185562438535727	353.1782531738281	-39.178253173828125	74.17825317382813	18.0	
1501451471582	185562458677329	356.1799621582031	-42.35992431640625	77.35992431640625	18.0	
1501451471605	185562478818931	357.3005065917969	-44.300506591796875	79.30050659179688	18.0	
1501451471622	185562498960532	207.00698852539063	-46.26530456542969	80.0	18.0	
1501451471634	185562519102134	1.6298675537109375	-50.17315673828125	80.0	18.0	
1501451471654	185562539243735	5.65533447265625	-54.65533447265625	80.0	18.0	
1501451471671	185562559385337	8.568756103515625	-58.35313415527344	79.21562194824219	18.0	
1501451471688	185562579526938	8.095077514648438	-59.0	78.09507751464844	18.0	
1501451471723	185562599668540	14.04229736328125	-54.821197509765625	76.97445678710938	18.0	
1501451471745	185562619810142	357.64385986328125	-46.493194580078125	75.69863891601563	18.0	
1501451471762	185562639951743	348.03765869140625	-35.75732421875	73.4393310546875	18.0	
1501451471782	185562660093345	340.9573059082031	-27.54876708984375	72.0	18.0	
1501451471796	185562680234946	335.85302734375	-21.3162841796875	72.0	18.0	
1501451471817	185562700376548	331.3126220703125	-14.96893310546875	71.32815551757813	18.0	
1501451471832	185562720518149	326.7586669921875	-9.7586669921875	70.18966674804688	18.0	
1501451471852	185562740659751	325.0517272949219	-7.10345458984375	69.05172729492188	18.0	
1501451471886	185562760801352	325.0	-7.0861968994140625	67.91380310058594	18.0	
1501451471903	185562780942954	325.22412109375	-8.224136352539063	66.77586364746094	18.0	
1501451471922	185562801084556	326.72412109375	-9.72412109375	66.0	18.0	
1501451471939	185562821226157	328.0	-11.5008544921875	65.4991455078125	18.0	
1501451471956	185562841367759	328.6396484375	-12.0	65.0	18.0	
1501451471976	185562861509360	328.222412109375	-12.0	65.0	18.0	
1501451471992	185562881650962	327.08447265625	-11.084487915039063	65.91551208496094	18.0	
1501451472026	185562901792563	325.9465637207031	-9.89312744140625	67.05343627929688	18.0	
1501451472046	185562921934165	324.80828857421875	-7.8083038330078125	68.0	18.0	
1501451472063	185562942075767	323.6689758300781	-6.33795166015625	68.33102416992188	18.0	
1501451472085	185562962217368	322.5310363769531	-5.0	69.0	18.0	
1501451472099	185562982358970	321.39312744140625	-4.3931121826171875	68.39311218261719	18.0	
1501451472119	185563002500571	321.0	-3.2551727294921875	68.0	18.0	
1501451472137	185563022642173	320.11724853515625	-3.0	68.0	18.0	
1501451472171	185563042783774	318.9792785644531	-2.0	69.0	18.0	
1501451472188	185563062925376	317.83966064453125	-1.83966064453125	69.0	18.0	
1501451472207	185563083066977	316.70172119140625	-1.0	69.0	18.0	
1501451472229	185563103208579	315.56378173828125	-1.0	69.0	18.0	
1501451472244	185563123350181	314.4258728027344	-0.425872802734375	69.0	18.0	
1501451472260	185563143491782	314.0	0.0	69.71206665039063	18.0	
1501451472278	185563163633384	313.1500244140625	0.0	70.0	18.0	
1501451472297	185563183774985	312.0103759765625	0.0	70.9896240234375	18.0	
1501451472333	185563203916587	312.0	0.0	72.0	18.0	
1501451472348	185563224058188	311.7344970703125	0.0	72.2655029296875	18.0	
1501451472367	185563244199790	311.0	0.0	73.0	18.0	
1501451472385	185563264341392	310.4586181640625	0.5413665771484375	74.08273315429688	18.0	
1501451472405	185563284482993	309.31951904296875	1.68048095703125	75.68048095703125	18.0	
1501451472422	185563304624595	309.0	2.0	76.0	18.0	
1501451472445	185563324766196	309.0	2.0	76.95689392089844	18.0	
1501451472474	185563344907798	309.0	2.0	77.0	18.0	
1501451472492	185563365049399	309.2327575683594	2.0	77.0	18.0	
1501451472510	185563385191001	310.0	2.0	76.62931823730469	18.0	
1501451472528	185563405332602	310.0	2.0	76.0	18.0	
1501451472547	185563425474204	310.64825439453125	2.0	74.70346069335938	18.0	
1501451472565	185563445615806	311.0	2.0	73.21380615234375	18.0	
1501451472585	185563465757407	311.0	2.92413330078125	71.1517333984375	18.0	
1501451472619	185563485899009	312.0	3.0	70.93794250488281	18.0	
1501451472635	185563506040610	312.0	3.0	70.0	18.0	
1501451472653	185563526182212	312.0	3.0	70.0	18.0	
1501451472672	185563546323813	312.0	3.0	70.0	18.0	
1501451472691	185563566465415	312.0	3.0	70.0	18.0	
1501451472709	185563586607017	312.0	3.0	70.0	18.0	
1501451472727	185563606748618	312.0	3.8913726806640625	70.0	18.0	
1501451472762	185563626890220	312.0	4.0	70.0	18.0	
1501451472779	185563647031821	312.0	4.0	69.83103942871094	18.0	
1501451472796	185563667173423	312.0	4.0	69.0	18.0	
1501451472815	185563687315024	312.0	4.0	69.0	18.0	
1501451472832	185563707456626	312.582763671875	2.834503173828125	69.0	18.0	
1501451472852	185563727598227	313.720703125	1.2793121337890625	68.27931213378906	18.0	
1501451472871	185563747739829	314.8586120605469	0.141387939453125	67.14138793945313	18.0	
1501451472888	185563767881431	315.9982604980469	0.0	66.00173950195313	18.0	
1501451472922	185563788023032	315.8638000488281	0.0	64.86380004882813	18.0	
1501451472950	185563808164634	315.0	0.0	63.72587585449219	18.0	
1501451472965	185563828306235	314.58795166015625	0.4120635986328125	62.58793640136719	18.0	
1501451472974	185563848447837	313.451904296875	1.548095703125	62.0	18.0	
1501451473004	185563868589438	312.31903076171875	2.0	61.31904602050781	18.0	
1501451473015	185563888731040	312.0	2.803375244140625	60.196624755859375	18.0	
1501451473030	185563908872642	311.0779724121094	3.0	59.077972412109375	18.0	
1501451473063	185563929014243	311.0	3.0	58.0	18.0	
1501451473086	185563949155845	311.0	3.0	58.0	18.0	
1501451473104	185563969297446	311.0	2.718658447265625	58.281341552734375	-1.0	
1501451473118	185563989439048	311.4006652832031	1.599334716796875	59.0	-1.0	
1501451473133	185564009580649	312.0	0.47967529296875	59.52032470703125	-1.0	
1501451473151	185564029722251	312.0	0.0	60.0	-1.0	
1501451473169	185564049863852	312.0	0.0	59.2410888671875	-1.0	
1501451473187	185564070005454	312.0	0.0	59.877960205078125	-1.0	
1501451473205	185564090147056	312.0	0.0	60.998291015625	-1.0	
1501451473240	185564110288657	313.0	0.0	61.11714172363281	-1.0	
1501451473258	185564130430259	313.2372741699219	0.0	61.762725830078125	-1.0	
1501451473276	185564150571860	314.0	-0.3565216064453125	61.0	-1.0	
1501451473294	185564170713462	314.0	-1.0	61.0	-1.0	
1501451473314	185564190855063	314.0	-0.40509033203125	60.40509033203125	-1.0	
1501451473330	185564210996665	314.0	0.0	60.0	-1.0	
1501451473348	185564231138267	313.1661071777344	0.0	60.0	-1.0	
1501451473366	185564251279868	313.0	0.0	59.04585266113281	-1.0	
1501451473401	185564271421470	313.0	0.0	59.0	-1.0	
1501451473419	185564291563071	313.0	0.0	59.0	-1.0	
1501451473437	185564311704673	313.0	0.0	59.0	-1.0	
1501451473455	185564331846274	313.0	0.0	59.0	-1.0	
1501451473473	185564351987876	313.55084228515625	0.0	59.0	-1.0	
1501451473491	185564372129477	314.0	0.0	59.0	-1.0	
1501451473509	185564392271079	314.0	0.0	59.0	-1.0	
1501451473527	185564412412681	314.0	0.0	58.089996337890625	-1.0	
1501451473562	185564432554282	314.0	0.0	58.0	-1.0	
1501451473581	185564452695884	314.0	0.0	57.850860595703125	-1.0	
1501451473598	185564472837485	314.0	0.0	57.0	-1.0	
1501451473621	185564492979087	314.0	0.0	57.0	-1.0	
1501451473636	185564513120688	314.0	0.0	57.0	-1.0	
1501451473655	185564533262290	314.0	0.0	57.0	-1.0	
1501451473671	185564553403892	314.0	0.0	57.0	-1.0	
1501451473687	185564573545493	314.0	0.0	57.0	-1.0	
1501451473706	185564593687095	314.0	0.0	57.0	-1.0	
1501451473741	185564613828696	314.0	0.0	57.0	-1.0	
1501451473758	185564633970298	314.0	0.0	57.0	-1.0	
1501451473775	185564654111899	314.0	0.0	57.0	-1.0	
1501451473794	185564674253501	314.0	0.0	57.46270751953125	-1.0	
1501451473811	185564694395102	314.58233642578125	0.0	58.0	-1.0	
1501451473830	185564714536704	315.0	0.0	58.0	-1.0	
1501451473851	185564734678306	315.0	0.0	58.0	-1.0	
1501451473865	185564754819907	315.0	0.0	58.0	-1.0	
1501451473903	185564774961509	315.0	-0.059417724609375	58.059417724609375	-1.0	
1501451473919	185564795103110	315.0	-1.0	59.0	-1.0	
1501451473937	185564815244712	315.0	-1.0	59.0	-1.0	
1501451473956	185564835386313	315.0	-1.0	59.0	-1.0	
1501451473973	185564855527915	315.0	-1.0	59.0	-1.0	
1501451473991	185564875669517	315.0	-1.0	59.0	-1.0	
1501451474012	185564895811118	315.0	-1.0	59.0	-1.0	
1501451474027	185564915952720	315.0	-1.0	59.0	-1.0	
1501451474062	185564936094321	315.0	0.0	59.0	-1.0	
1501451474086	185564956235923	315.0	0.0	59.0	-1.0	
1501451474097	185564976377524	315.0	0.0	59.0	-1.0	
1501451474118	185564996519126	315.0	0.0	59.0	-1.0	
1501451474133	185565016660727	315.0	0.0	59.0	-1.0	
1501451474152	185565036802329	315.0	0.0	59.0	-1.0	
1501451474170	185565056943931	315.0	0.0	59.0	-1.0	
1501451474188	185565077085532	315.0	0.0	59.0	-1.0	
1501451474205	185565097227134	315.0	0.0	59.0	-1.0	
1501451474241	185565117368735	315.0	0.0	59.0	-1.0	
1501451474258	185565137510337	315.0	0.0	59.0	-1.0	
1501451474279	185565157651938	315.0	0.0	59.0	-1.0	
1501451474294	185565177793540	315.0	0.0	59.0	-1.0	
1501451474312	185565197935142	315.0	0.0	59.0	-1.0	
1501451474331	185565218076743	315.0	0.0	59.0	-1.0	
1501451474348	185565238218345	315.0	0.0	59.0	-1.0	
1501451474366	185565258359946	315.0	0.0	58.07289123535156	-1.0	
1501451474404	185565278501548	315.0	0.047454833984375	58.0	-1.0	
1501451474419	185565298643149	315.0	1.0	57.8336181640625	-1.0	
1501451474440	185565318784751	315.0	1.0	57.0	-1.0	
1501451474455	185565338926352	315.0	1.0	57.0	-1.0	
1501451474472	185565359067954	315.0	1.0	57.0	-1.0	
1501451474491	185565379209556	315.0	1.0	57.0	-1.0	
1501451474509	185565399351157	315.0	1.0	57.0	-1.0	
1501451474529	185565419492759	315.0	1.0	57.0	-1.0	
1501451474574	185565439634360	315.0	1.0	57.0	-1.0	
1501451474579	185565459775962	315.0	1.0	57.0	-1.0	
1501451474600	185565479917563	315.0	1.0	57.0	-1.0	
1501451474615	185565500059165	315.0	1.0	57.0	-1.0	
1501451474633	185565520200767	315.0	1.0	57.0	-1.0	
1501451474652	185565540342368	315.0	1.0	57.0	-1.0	
1501451474669	185565560483970	315.0	1.0	57.0	-1.0	
1501451474688	185565580625571	315.0	1.0	57.0	-1.0	
1501451474724	185565600767173	315.0	1.0	56.917816162109375	-1.0	
1501451474740	185565620908774	315.0	1.0	56.0	-1.0	
1501451474759	185565641050376	315.0	1.0	56.0	-1.0	
1501451474777	185565661191977	315.0	1.0	56.0	-1.0	
1501451474795	185565681333579	315.0	1.0	56.0	-1.0	
1501451474813	185565701475181	315.0	1.0	56.0	-1.0	
1501451474830	185565721616782	315.0	1.0	56.0	-1.0	
1501451474848	185565741758384	315.0	1.0	56.0	-1.0	
1501451474884	185565761899985	315.0	1.0	56.0	-1.0	
1501451474902	185565782041587	315.0	1.0	55.75	-1.0	
1501451474920	185565802183188	315.0	1.0	55.0	-1.0	
1501451474938	185565822324790	315.508544921875	1.0	55.0	-1.0	
1501451474956	185565842466392	316.0	1.0	55.0	-1.0	
1501451474974	185565862607993	316.0	1.0	55.0	-1.0	
1501451474991	185565882749595	316.0	1.0	55.0	-1.0	
1501451475027	185565902891196	316.0	1.0	55.0	-1.0	
1501451475045	185565923032798	316.0	1.0	55.0	-1.0	
1501451475062	185565943174399	316.0	1.0	55.0	-1.0	
1501451475084	185565963316001	316.0	1.0	55.0	-1.0	
1501451475099	185565983457602	316.0	1.0	55.0	-1.0	
1501451475116	185566003599204	316.0	1.0	55.0	-1.0	
1501451475134	185566023740806	316.0	1.0	55.0	-1.0	
1501451475152	185566043882407	316.0	1.0	55.0	-1.0	
1501451475189	185566064024009	316.0	1.0	55.0	-1.0	
1501451475205	185566084165610	316.0	1.0	55.0	-1.0	
1501451475224	185566104307212	316.0	1.0	55.0	-1.0	
1501451475241	185566124448813	316.0	1.0	55.0	-1.0	
1501451475259	185566144590415	316.0	1.0	55.0	-1.0	
1501451475276	185566164732017	316.0	1.0	55.0	-1.0	
1501451475294	185566184873618	316.0	1.0	55.0	-1.0	
1501451475312	185566205015220	316.0	1.0	55.0	-1.0	
1501451475348	185566225156821	316.0	1.0	55.0	-1.0	
1501451475366	185566245298423	316.0	1.0	55.0	-1.0	
1501451475384	185566265440024	316.0	1.0	55.0	-1.0	
1501451475402	185566285581626	316.0	1.0	55.0	-1.0	
1501451475420	185566305723227	316.0	1.0	55.0	-1.0	
1501451475438	185566325864829	316.0	1.0	55.0	-1.0	
1501451475456	185566346006431	316.0	1.0	55.0	-1.0	
1501451475491	185566366148032	316.0	1.0	55.0	-1.0	
1501451475509	185566386289634	316.0	1.0	55.0	-1.0	
1501451475527	185566406431235	316.0	1.0	55.0	-1.0	
1501451475544	185566426572837	316.0	1.0	55.0	-1.0	
1501451475564	185566446714438	316.0	1.0	55.0	-1.0	
1501451475580	185566466856040	316.66094970703125	1.0	55.0	-1.0	
1501451475598	185566486997642	317.0	1.0	55.0	-1.0	
1501451475616	185566507139243	317.0	1.0	55.0	-1.0	
1501451475652	185566527280845	317.0	1.0	55.0	-1.0	
1501451475670	185566547422446	317.0	1.0	55.0	-1.0	
1501451475690	185566567564048	317.0	1.0	55.0	-1.0	
1501451475705	185566587705649	317.0	1.0	55.0	-1.0	
1501451475723	185566607847251	317.0	1.0	55.0	-1.0	
1501451475741	185566627988852	317.0	1.0	55.0	-1.0	
1501451475759	185566648130454	317.0	1.0	55.0	-1.0	
1501451475776	185566668272056	317.0	1.0	55.0	-1.0	
1501451475812	185566688413657	317.0	0.0	55.08732604980469	-1.0	
1501451475831	185566708555259	317.0	0.0	56.0	-1.0	
1501451475848	185566728696860	317.0	0.0	56.0	-1.0	
1501451475866	185566748838462	317.0	0.0	56.0	-1.0	
1501451475885	185566768980063	317.0	0.0	56.0	-1.0	
1501451475901	185566789121665	317.0	0.0	56.0	-1.0	
1501451475919	185566809263267	317.0	0.0	56.0	-1.0	
1501451475937	185566829404868	317.0	0.0	56.0	-1.0	
1501451475980	185566849546470	317.0	0.0	56.0	-1.0	
1501451475992	185566869688071	317.0	0.0	56.0	-1.0	
1501451476008	185566889829673	317.0	0.0	56.0	-1.0	
1501451476026	185566909971274	317.0	0.0	56.0	-1.0	
1501451476046	185566930112876	317.0	0.0	56.0	-1.0	
1501451476064	185566950254477	317.0	0.0	56.77397155761719	-1.0	
1501451476081	185566970396079	317.0	0.0	57.0	-1.0	
1501451476116	185566990537681	317.0	0.0	56.9658203125	-1.0	
1501451476134	185567010679282	317.0	0.0	56.0	-1.0	
1501451476153	185567030820884	317.0	0.0	56.29280090332031	-1.0	
1501451476169	185567050962485	317.0	0.0	57.0	-1.0	
1501451476188	185567071104087	317.0	0.0	57.0	-1.0	
1501451476207	185567091245688	317.0	0.0	57.0	-1.0	
1501451476224	185567111387290	317.0	0.0	57.0	-1.0	
1501451476242	185567131528892	317.0	0.0	57.0	-1.0	
1501451476277	185567151670493	317.0	0.0	57.0	-1.0	
1501451476294	185567171812095	317.0	0.0	57.0	-1.0	
1501451476313	185567191953696	317.0	0.0	57.0	-1.0	
1501451476330	185567212095298	317.0	0.0	57.0	-1.0	
1501451476348	185567232236899	317.59075927734375	0.0	57.0	-1.0	
1501451476366	185567252378501	318.0	0.0	57.0	-1.0	
1501451476384	185567272520102	318.0	0.0	57.0	-1.0	
1501451476402	185567292661704	318.0	0.0	57.0	-1.0	
1501451476438	185567312803306	318.0	0.0	57.0	-1.0	
1501451476455	185567332944907	318.0	0.0	57.0	-1.0	
1501451476473	185567353086509	317.6318359375	0.3681488037109375	57.0	-1.0	
1501451476490	185567373228110	317.0	1.0	56.50172424316406	-1.0	
1501451476508	185567393369712	317.0	1.0	56.0	-1.0	
1501451476527	185567413511313	317.0	1.0	56.0	-1.0	
1501451476546	185567433652915	317.0	1.0	56.0	-1.0	
1501451476580	185567453794517	317.0	1.0	56.0	-1.0	
1501451476598	185567473936118	317.1472473144531	1.0	56.147247314453125	-1.0	
1501451476619	185567494077720	318.0	0.7226104736328125	57.27738952636719	-1.0	
1501451476635	185567514219321	318.0	0.0	58.0	-1.0	
1501451476651	185567534360923	318.0	0.0	58.0	-1.0	
1501451476668	185567554502524	318.0	0.0	58.0	-1.0	
1501451476687	185567574644126	318.0	0.0	58.0	-1.0	
1501451476705	185567594785727	318.0	0.926361083984375	57.073638916015625	-1.0	
1501451476740	185567614927329	317.0	1.0	57.0	-1.0	
1501451476758	185567635068931	317.1849365234375	1.0	57.0	-1.0	
1501451476777	185567655210532	318.0	1.0	57.0	-1.0	
1501451476795	185567675352134	318.0	1.0	57.0	-1.0	
1501451476811	185567695493735	318.0	1.0	57.0	-1.0	
1501451476830	185567715635337	318.0	1.0	57.0	-1.0	
1501451476848	185567735776938	318.0	1.0	57.0	-1.0	
1501451476866	185567755918540	318.0	1.0	57.0	-1.0	
1501451476901	185567776060142	318.0	1.0	57.0	-1.0	
1501451476919	185567796201743	318.0	1.0	57.0	-1.0	
1501451476938	185567816343345	318.0	1.0	57.0	-1.0	
1501451476957	185567836484946	318.0	1.0	57.0	-1.0	
1501451476972	185567856626548	318.0	1.0	57.0	-1.0	
1501451476991	185567876768149	318.0	1.0	57.0	-1.0	
1501451477009	185567896909751	318.0	1.0	57.0	-1.0	
1501451477044	185567917051352	318.0	1.0	57.0	-1.0	
1501451477062	185567937192954	318.0	1.0	57.0	-1.0	
1501451477080	185567957334556	318.0	1.0	57.0	-1.0	
1501451477098	185567977476157	318.0	1.0	57.0	-1.0	
1501451477116	185567997617759	318.0	1.0	57.0	-1.0	
1501451477133	185568017759360	318.0	1.0	57.0	-1.0	
1501451477152	185568037900962	318.0	1.0	57.0	-1.0	
1501451477172	185568058042563	318.0	1.0	57.0	-1.0	
1501451477205	185568078184165	318.0	1.0	57.0	-1.0	
1501451477224	185568098325767	318.0	1.0	57.0	-1.0	
1501451477241	185568118467368	318.0	1.0	57.0	-1.0	
1501451477259	185568138608970	318.0	1.0	57.0	-1.0	
1501451477276	185568158750571	318.0	1.0	57.0	-1.0	
1501451477294	185568178892173	318.0	1.0	57.0	-1.0	
1501451477312	185568199033774	318.0	1.0	57.0	-1.0	
1501451477330	185568219175376	318.0	1.0	57.0	-1.0	
1501451477366	185568239316977	318.0	1.0	57.0	-1.0	
1501451477384	185568259458579	318.0	1.0	57.0	-1.0	
1501451477403	185568279600181	318.0	1.0	57.0	-1.0	
1501451477427	185568299741782	318.0	1.0	57.0	-1.0	
1501451477441	185568319883384	318.0	1.0	57.0	-1.0	
1501451477455	185568340024985	318.0	1.0	57.0	-1.0	
1501451477473	185568360166587	318.0	1.0	57.0	-1.0	
1501451477492	185568380308188	318.0	1.0	57.0	-1.0	
1501451477526	185568400449790	318.0	1.0	57.0	-1.0	
1501451477545	185568420591392	318.0	1.0	57.0	-1.0	
1501451477562	185568440732993	318.0	1.0	57.0	-1.0	
1501451477580	185568460874595	318.0	1.0	57.0	-1.0	
1501451477598	185568481016196	318.0	1.0	57.0	-1.0	
1501451477615	185568501157798	318.0	1.0	57.0	-1.0	
1501451477634	185568521299399	318.0	1.0	57.0	-1.0	
1501451477672	185568541441001	318.0	1.0	57.0	-1.0	
1501451477691	185568561582602	318.0	1.0	57.0	-1.0	
1501451477706	185568581724204	318.0	1.0	57.0	-1.0	
1501451477723	185568601865806	318.0	1.0	57.0	-1.0	
1501451477741	185568622007407	318.0	1.0	57.0	-1.0	
1501451477761	185568642149009	318.0	1.0	57.0	-1.0	
1501451477775	185568662290610	318.0	1.0	57.0	-1.0	
1501451477798	185568682432212	318.0	1.0	57.0	-1.0	
1501451477830	185568702573813	318.0	1.0	57.0	-1.0	
1501451477848	185568722715415	318.0	1.0	57.0	-1.0	
1501451477866	185568742857017	318.0	1.0	57.0	-1.0	
1501451477884	185568762998618	318.0	1.0	57.0	-1.0	
1501451477901	185568783140220	318.0	1.0	57.0	-1.0	
1501451477920	185568803281821	318.0	1.0	57.0	-1.0	
1501451477937	185568823423423	318.0	1.0	57.0	-1.0	
1501451477955	185568843565024	318.0	1.0	57.0	-1.0	
1501451477991	185568863706626	318.0	1.0	57.0	-1.0	
1501451478009	185568883848227	318.0	1.0	57.0	-1.0	
1501451478028	185568903989829	318.0	1.0	57.0	-1.0	
1501451478044	185568924131431	318.0	1.0	57.0	-1.0	
1501451478062	185568944273032	317.3818359375	1.0	57.0	-1.0	
1501451478080	185568964414634	317.0	1.0	57.0	-1.0	
1501451478098	185568984556235	317.0	1.0	57.0	-1.0	
1501451478134	185569004697837	317.0	1.0	57.0	-1.0	
1501451478152	185569024839438	317.0	1.0	57.0	-1.0	
1501451478170	185569044981040	317.0	1.0	57.0	-1.0	
1501451478195	185569065122642	317.0	1.0	57.0	-1.0	
1501451478205	185569085264243	317.0	1.0	57.0	-1.0	
1501451478223	185569105405845	317.0	1.0	57.0	-1.0	
1501451478241	185569125547446	317.0	1.0	57.0	-1.0	
1501451478258	185569145689048	317.0	1.0	57.0	-1.0	
1501451478294	185569165830649	317.0	1.0	57.0	-1.0	
1501451478312	185569185972251	317.0	1.0	57.0	-1.0	
1501451478330	185569206113852	317.0	1.0	57.0	-1.0	
1501451478348	185569226277134	317.0	1.0	57.0	-1.0	
1501451478366	185569246418736	317.0	1.0	57.0	-1.0	
1501451478384	185569266560337	317.0	1.0	57.0	-1.0	
1501451478402	185569286701939	317.0	1.0	57.0	-1.0	
1501451478419	185569306843540	317.0	1.0	57.0	-1.0	
1501451478455	185569326985142	317.0	1.0	57.0	-1.0	
1501451478474	185569347126743	317.0	1.0	57.0	-1.0	
1501451478491	185569367268345	317.0	1.0	57.0	-1.0	
1501451478510	185569387409947	317.0	1.0	57.0	-1.0	
1501451478527	185569407551548	317.0	1.0	57.0	-1.0	
1501451478545	185569427693150	317.0	1.0	57.0	-1.0	
1501451478563	185569447834751	317.0	1.0	57.0	-1.0	
1501451478581	185569467976353	317.0	1.0	57.0	-1.0	
1501451478617	185569488117954	317.0	1.0	57.0	-1.0	
1501451478634	185569508259556	317.0	1.0	57.0	-1.0	
1501451478652	185569528401157	317.0	1.0	57.0	-1.0	
1501451478670	185569548542759	317.0	1.0	57.0	-1.0	
1501451478688	185569568684361	317.0	1.0	57.0	-1.0	
1501451478705	185569588825962	317.0	1.0	57.0	-1.0	
1501451478726	185569608967564	317.0	1.0	57.0	-1.0	
1501451478759	185569629109165	316.97088623046875	1.0	57.0	-1.0	
1501451478779	185569649250767	316.0	1.15924072265625	56.84075927734375	-1.0	
1501451478795	185569669392368	316.0	2.0	56.0	-1.0	
1501451478812	185569689533970	316.0	2.0	56.0	-1.0	
1501451478831	185569709675572	316.0	2.0	56.0	-1.0	
1501451478848	185569729817173	316.0	1.321929931640625	56.0	-1.0	
1501451478866	185569749958775	316.0	1.0	56.80682373046875	-1.0	
1501451478884	185569770100376	316.0	1.0	57.0	-1.0	
1501451478919	185569790241978	316.0	1.0	57.0667724609375	-1.0	
1501451478937	185569810383579	316.0	1.0	58.0	-1.0	
1501451478957	185569830525181	316.0	1.0	58.0	-1.0	
1501451478972	185569850666782	316.0	1.0	58.0	-1.0	
1501451478991	185569870808384	316.0	1.0	58.0	-1.0	
1501451479008	185569890949986	316.0	1.0	58.0	-1.0	
1501451479026	185569911091587	316.0	1.0	58.0	-1.0	
1501451479044	185569931233189	316.0	1.0	58.0	-1.0	
1501451479080	185569951374790	316.0	1.0	58.0	-1.0	
1501451479107	185569971516392	316.0	1.0	58.0	-1.0	
1501451479116	185569991657993	316.0	1.0	58.0	-1.0	
1501451479134	185570011799595	316.0	1.0	58.0	-1.0	
1501451479158	185570031941197	316.0	1.0	58.0	-1.0	
1501451479174	185570052082798	316.0	1.0	57.24658203125	-1.0	
1501451479192	185570072224400	316.0	1.0	57.0	-1.0	
1501451479225	185570092366001	316.0	1.0	57.0	-1.0	
1501451479243	185570112507603	316.0	1.0	57.0	-1.0	
1501451479260	185570132649204	316.0	1.0	57.0	-1.0	
1501451479277	185570152790806	316.0	1.0	57.40238952636719	-1.0	
1501451479295	185570172932407	316.0	1.0	58.0	-1.0	
1501451479314	185570193074009	316.0	1.0	58.0	-1.0	
1501451479330	185570213215611	316.0	1.0	58.0	-1.0	
1501451479348	185570233357212	316.0	1.0	58.0	-1.0	
1501451479385	185570253498814	316.0	1.0	58.0	-1.0	
1501451479402	185570273640415	316.0	1.0	58.0	-1.0	
1501451479422	185570293782017	316.0	1.0	58.0	-1.0	
1501451479440	185570313923618	316.0	1.0	58.0	-1.0	
1501451479456	185570334065220	316.0	1.0	58.0	-1.0	
1501451479474	185570354206822	316.0	1.0	58.0	-1.0	
1501451479491	185570374348423	316.0	1.0	58.0	-1.0	
1501451479509	185570394490025	316.0	1.0	58.0	-1.0	
1501451479544	185570414631626	316.0	1.0	58.0	-1.0	
1501451479562	185570434773228	316.0	1.0	58.0	-1.0	
1501451479580	185570454914829	316.0	1.0	57.65240478515625	-1.0	
1501451479598	185570475056431	316.0	1.0	57.47773742675781	-1.0	
1501451479617	185570495198032	316.0	1.0	57.39213562011719	-1.0	
1501451479635	185570515339634	316.0	1.0	57.0	-1.0	
1501451479652	185570535481236	316.0	1.0	57.0	-1.0	
1501451479672	185570555622837	316.0	1.0	57.0	-1.0	
1501451479707	185570575764439	316.0	1.0	57.0	-1.0	
1501451479723	185570595906040	316.0	1.0	57.0	-1.0	
1501451479743	185570616047642	316.0	1.0	57.0	-1.0	
1501451479759	185570636189243	316.0	1.0	57.0	-1.0	
1501451479776	185570656330845	316.0	1.0	57.645538330078125	-1.0	
1501451479794	185570676472447	316.0	1.0	57.22431945800781	-1.0	
1501451479812	185570696614048	316.0	1.0	57.0	-1.0	
1501451479848	185570716755650	316.0	1.0	57.03424072265625	-1.0	
1501451479866	185570736897251	316.0	1.0	58.0	-1.0	
1501451479884	185570757038853	316.0	1.0	58.0	-1.0	
1501451479903	185570777180454	316.0	1.0	58.0	-1.0	
1501451479921	185570797322056	316.0	1.0	58.0	-1.0	
1501451479938	185570817463657	316.0	1.0	58.0	-1.0	
1501451479956	185570837605259	316.0	1.8133544921875	58.0	-1.0	
1501451479973	185570857746861	316.0	2.0	58.0	-1.0	
1501451480008	185570877888462	316.0	2.0	58.0	-1.0	
1501451480027	185570898030064	316.0	2.0	58.0	-1.0	
1501451480045	185570918171665	316.0	2.0	58.0	-1.0	
1501451480075	185570938313267	316.0	2.0	58.0	-1.0	
1501451480080	185570958454868	316.0	2.0	58.0	-1.0	
1501451480099	185570978596470	316.0	2.0	58.0	-1.0	
1501451480116	185570998738072	316.0	2.0	58.0	-1.0	
1501451480134	185571018879673	316.0	2.0	58.0	-1.0	
1501451480169	185571039021275	316.0	2.0	58.0	-1.0	
1501451480188	185571059162876	316.0	2.0	58.0	-1.0	
1501451480206	185571079304478	316.0	2.0	58.0	-1.0	
1501451480223	185571099446079	316.0	2.0	58.0	-1.0	
1501451480242	185571119587681	316.630126953125	2.0	58.0	-1.0	
1501451480259	185571139729282	317.0	2.0	58.0	-1.0	
1501451480277	185571159870884	317.0	2.0	58.0	-1.0	
1501451480312	185571180012486	317.0	2.0	58.0	-1.0	
1501451480330	185571200154087	317.0	2.0	58.0	-1.0	
1501451480348	185571220295689	317.0	2.0	58.0	-1.0	
1501451480366	185571240437290	317.0	1.59246826171875	58.0	-1.0	
1501451480384	185571260578892	317.0	1.0	58.0	-1.0	
1501451480402	185571280720493	317.0	1.0	58.0	-1.0	
1501451480420	185571300862095	317.0	1.0	58.0	-1.0	
1501451480438	185571321003697	317.0	1.0	58.0	-1.0	
1501451480473	185571341145298	317.0	1.0	58.0	-1.0	
1501451480497	185571361286900	317.0	1.0	58.0	-1.0	
1501451480508	185571381428501	317.0	1.0	58.0	-1.0	
1501451480526	185571401570103	317.0	1.0	58.0	-1.0	
1501451480544	185571421711704	317.0	1.0	58.0	-1.0	
1501451480562	185571441853306	317.0	1.0	58.0	-1.0	
1501451480580	185571461994907	317.0	1.0	58.0	-1.0	
1501451480599	185571482136509	317.0	1.0	58.0	-1.0	
1501451480633	185571502278111	317.0	1.0	58.0	-1.0	
1501451480653	185571522419712	317.0	1.0	58.0	-1.0	
1501451480669	185571542561314	317.0	1.0	58.0	-1.0	
1501451480692	185571562702915	317.0	1.0	58.0	-1.0	
1501451480708	185571582844517	317.0	1.0	58.0	-1.0	
1501451480723	185571602986118	317.0	1.0	58.0	-1.0	
1501451480741	185571623127720	317.0	1.0	58.0	-1.0	
1501451480765	185571643269322	317.0	1.0	58.0	-1.0	
1501451480776	185571663410923	317.0	1.0	58.0	-1.0	
1501451480813	185571683552525	317.0	1.0	58.0	-1.0	
1501451480831	185571703694126	317.0	1.0	58.0	-1.0	
1501451480849	185571723835728	317.0	1.0	58.0	-1.0	
1501451480868	185571743977329	317.0	1.0	58.0	-1.0	
1501451480884	185571764118931	317.0	1.0	58.0	-1.0	
1501451480902	185571784260532	317.0	1.0	58.0	-1.0	
1501451480921	185571804402134	317.0	1.0	58.0	-1.0	
1501451480937	185571824543736	317.0	1.0	58.0	-1.0	
1501451480955	185571844685337	317.0	1.0	58.0	-1.0	
1501451480991	185571864826939	317.0	1.0	58.0	-1.0	
1501451481010	185571884968540	317.0	1.0	58.0	-1.0	
1501451481027	185571905110142	317.0	1.0	58.0	-1.0	
1501451481045	185571925251743	317.0	1.0	58.0	-1.0	
1501451481063	185571945393345	317.0	1.0	58.0	-1.0	
1501451481082	185571965534947	317.0	1.0	58.0	-1.0	
1501451481098	185571985676548	317.0	1.0	58.0	-1.0	
1501451481116	185572005818150	317.0	1.0	58.0	-1.0	
1501451481134	185572025959751	317.0	1.0	58.0	-1.0	
1501451481170	185572046101353	317.0	1.0	58.0	-1.0	
1501451481188	185572066242954	317.0	1.0	58.0	-1.0	
1501451481205	185572086384556	317.0	1.0	58.0	-1.0	
1501451481223	185572106526157	317.0	1.0	58.0	-1.0	
1501451481242	185572126667759	317.0	1.0	58.0	-1.0	
1501451481259	185572146809361	317.0	1.0	58.0	-1.0	
1501451481276	185572166950962	317.0	1.0	58.0	-1.0	
1501451481295	185572187092564	317.0	1.0	58.0	-1.0	
1501451481330	185572207234165	317.0	1.0	58.0	-1.0	
1501451481348	185572227375767	317.0	1.0	58.1597900390625	-1.0	
1501451481366	185572247517368	317.0	1.0	58.70619201660156	-1.0	
1501451481385	185572267658970	317.0	1.0	58.0	-1.0	
1501451481402	185572287800572	317.0	1.5618438720703125	58.0	-1.0	
1501451481421	185572307942173	317.0	2.0	58.0	-1.0	
1501451481438	185572328083775	317.0	2.0	57.17010498046875	-1.0	
1501451481456	185572348225376	317.0	2.0	57.0	-1.0	
1501451481492	185572368366978	317.0	2.0	57.0	-1.0	
1501451481509	185572388508579	317.0	2.0	57.0	-1.0	
1501451481527	185572408650181	317.0	2.0	57.0	-1.0	
1501451481545	185572428791782	317.0	1.5	57.5	-1.0	
1501451481564	185572448933384	317.0	1.0	58.0	-1.0	
1501451481584	185572469074986	317.0	1.0	58.768035888671875	-1.0	
1501451481605	185572489216587	317.0	1.0	59.0	-1.0	
1501451481634	185572509358189	317.0	1.0	59.0	-1.0	
1501451481652	185572529499790	317.0	1.0	58.82991027832031	-1.0	
1501451481670	185572549641392	317.0	1.0	58.0	-1.0	
1501451481688	185572569782993	317.0	1.0	58.0	-1.0	
1501451481705	185572589924595	317.0	1.0	58.0	-1.0	
1501451481725	185572610066197	317.0	1.0	58.0	-1.0	
1501451481742	185572630207798	317.0	1.0	58.0	-1.0	
1501451481758	185572650349400	317.0	1.0	58.0	-1.0	
1501451481794	185572670491001	317.0	1.0	58.0	-1.0	
1501451481812	185572690632603	317.0	1.0	58.0	-1.0	
1501451481831	185572710774204	317.0	1.0	58.0	-1.0	
1501451481848	185572730915806	317.0	1.0	58.0	-1.0	
1501451481867	185572751057407	317.0	1.0	58.0	-1.0	
1501451481885	185572771199009	317.0	1.0	58.0	-1.0	
1501451481902	185572791340611	317.0	1.0	58.0	-1.0	
1501451481939	185572811482212	317.0	1.0	58.0	-1.0	
1501451481958	185572831623814	317.0	1.0	58.0	-1.0	
1501451481977	185572851765415	317.0	1.0	58.0	-1.0	
1501451481993	185572871907017	317.0	1.0	58.0	-1.0	
1501451482009	185572892048618	317.0	1.0	58.0	-1.0	
1501451482027	185572912190220	317.0	1.0	58.0	-1.0	
1501451482045	185572932331822	317.0	1.0	58.0	-1.0	
1501451482062	185572952473423	317.0	1.0	58.0	-1.0	
1501451482099	185572972615025	317.0	1.0	58.0	-1.0	
1501451482116	185572992756626	317.0	1.0	58.0	-1.0	
1501451482134	185573012898228	317.0	1.0	58.0	-1.0	
1501451482153	185573033039829	317.0	1.0	58.0	-1.0	
1501451482171	185573053181431	317.0	1.0	58.0	-1.0	
1501451482188	185573073323032	317.0	1.0	58.0	-1.0	
1501451482208	185573093464634	317.0	1.0	58.0	-1.0	
1501451482241	185573113606236	317.0	1.0	58.0	-1.0	
1501451482259	185573133747837	317.0	1.0	58.0	-1.0	
1501451482277	185573153889439	317.0	1.0	58.0	-1.0	
1501451482295	185573174031040	317.0	1.0	58.0	-1.0	
1501451482312	185573194172642	317.0	1.0	58.0	-1.0	
1501451482331	185573214314243	317.0	1.0	58.0	-1.0	
1501451482348	185573234455845	317.0	1.0	58.0	-1.0	
1501451482367	185573254597447	317.0	1.0	58.0	-1.0	
1501451482402	185573274739048	317.0	1.0	58.0	-1.0	
1501451482421	185573294880650	317.0	1.0	58.0	-1.0	
1501451482442	185573315022251	317.0	1.0	58.0	-1.0	
1501451482457	185573335163853	317.0	1.0	58.0	-1.0	
1501451482475	185573355305454	317.0	1.0	58.0	-1.0	
1501451482492	185573375447056	317.0	1.0	58.0	-1.0	
1501451482510	185573395588657	317.0	1.0	58.0	-1.0	
1501451482545	185573415730259	317.0	1.0	58.0	-1.0	
1501451482563	185573435871861	317.0	1.0	58.0	-1.0	
1501451482581	185573456013462	317.0	1.0	58.0	-1.0	
1501451482598	185573476155064	317.0	1.0	58.0	-1.0	
1501451482617	185573496296665	317.0	1.0	58.0	-1.0	
1501451482635	185573516438267	317.0	1.0	58.0	-1.0	
1501451482654	185573536579868	317.0	1.0	58.0	-1.0	
1501451482691	185573556721470	317.0	1.0	58.0	-1.0	
1501451482706	185573576863072	317.0	1.0	58.0	-1.0	
1501451482725	185573597004673	317.0	1.0	58.0	-1.0	
1501451482742	185573617146275	317.0	1.0	58.0	-1.0	
1501451482760	185573637287876	317.0	1.0	58.0	-1.0	
1501451482778	185573657429478	317.0	1.0	58.0	-1.0	
1501451482795	185573677571079	317.0	1.0	58.0	-1.0	
1501451482813	185573697712681	317.0	1.0	58.0	-1.0	
1501451482849	185573717854282	317.0	1.0	58.0	-1.0	
1501451482866	185573737995884	317.0	1.0	58.0	-1.0	
1501451482884	185573758137486	317.0	1.0	58.0	-1.0	
1501451482902	185573778279087	317.0	1.0	58.0	-1.0	
1501451482920	185573798420689	317.0	1.0	58.0	-1.0	
1501451482938	185573818562290	317.0	1.0	58.0	-1.0	
1501451482956	185573838703892	317.0	1.0	58.0	-1.0	
1501451482991	185573858845493	317.0	1.0	58.0	-1.0	
1501451483010	185573878987095	317.0	1.0	58.0	-1.0	
1501451483027	185573899128697	317.0	1.0	58.0	-1.0	
1501451483046	185573919270298	317.0	1.0	58.0	-1.0	
1501451483063	185573939411900	317.0	1.0	58.0	-1.0	
1501451483081	185573959553501	317.0	1.0	58.0	-1.0	
1501451483099	185573979695103	317.0	1.0	58.0	-1.0	
1501451483117	185573999836704	317.0	1.0	58.0	-1.0	
1501451483152	185574019978306	317.0	1.0	58.0	-1.0	
1501451483171	185574040119907	317.0	1.0	58.0	-1.0	
1501451483188	185574060261509	317.0	1.0	58.0	-1.0	
1501451483206	185574080403111	317.0	1.0	58.0	-1.0	
1501451483224	185574100544712	317.0	1.0	58.0	-1.0	
1501451483242	185574120686314	317.0	1.0	58.0	-1.0	
1501451483260	185574140827915	317.0	1.0	58.0	-1.0	
1501451483278	185574160969517	317.0	1.0	58.0	-1.0	
1501451483295	185574181111118	317.0	1.0	58.0	-1.0	
1501451483313	185574201252720	317.0	1.0	58.0	-1.0	
1501451483348	185574221394322	317.0	1.0	58.0	-1.0	
1501451483367	185574241535923	317.0	1.0	58.0	-1.0	
1501451483385	185574261677525	317.0	1.0	58.0	-1.0	
1501451483405	185574281819126	317.0	1.0	58.0	-1.0	
1501451483421	185574301960728	317.0	1.0	58.0	-1.0	
1501451483439	185574322102329	317.0	1.0	58.0	-1.0	
1501451483456	185574342243931	317.0	1.0	58.0	-1.0	
1501451483473	185574362385532	317.0	1.0	58.0	-1.0	
1501451483492	185574382527134	317.0	1.0	58.0	-1.0	
1501451483509	185574402668736	317.0	1.0	58.0	-1.0	
1501451483546	185574422810337	317.0	1.0	58.0	-1.0	
1501451483563	185574442951939	317.0	1.0	58.0	-1.0	
1501451483581	185574463093540	317.0	1.0	58.0	-1.0	
1501451483600	185574483235142	317.0	1.0	58.0	-1.0	
1501451483618	185574503376743	317.0	1.0	58.0	-1.0	
1501451483635	185574523518345	317.0	1.0	58.0	-1.0	
1501451483654	185574543659947	317.0	1.0	58.0	-1.0	
1501451483670	185574563801548	317.0	1.0	58.0	-1.0	
1501451483708	185574583943150	317.0	1.0	58.0	-1.0	
1501451483724	185574604084751	317.0	1.0	58.0	-1.0	
1501451483742	185574624226353	317.0	1.0	58.0	-1.0	
1501451483762	185574644367954	317.0	1.0	58.0	-1.0	
1501451483778	185574664509556	317.0	1.0	58.0	-1.0	
1501451483796	185574684651157	317.0	1.0	58.0	-1.0	
1501451483815	185574704792759	317.0	1.0	58.0	-1.0	
1501451483849	185574724934361	317.0	1.0	58.0	-1.0	
1501451483870	185574745075962	317.0	1.0	58.0	-1.0	
1501451483886	185574765217564	317.0	1.0	58.0	-1.0	
1501451483902	185574785359165	317.0	1.0	58.0	-1.0	
1501451483922	185574805500767	317.0	1.0	58.0	-1.0	
1501451483938	185574825642368	317.0	1.0	58.0	-1.0	
1501451483956	185574845783970	317.0	1.0	58.0	-1.0	
1501451483974	185574865925572	317.0	1.0	58.0	-1.0	
1501451484009	185574886067173	317.0	1.0	58.0	-1.0	
1501451484032	185574906208775	317.0	1.0	58.0	-1.0	
1501451484046	185574926350376	317.0	1.0	58.0	-1.0	
1501451484063	185574946491978	317.0	1.0	58.0	-1.0	
1501451484081	185574966633579	317.0	1.0	58.0	-1.0	
1501451484098	185574986775181	317.0	1.0	58.0	-1.0	
1501451484116	185575006916782	317.0	1.0	58.0	-1.0	
1501451484134	185575027058384	317.0	1.0	58.0	-1.0	
1501451484170	185575047199986	317.0	1.0	58.0	-1.0	
1501451484193	185575067341587	317.0	1.0	58.0	-1.0	
1501451484206	185575087483189	317.0	1.0	58.0	-1.0	
1501451484226	185575107624790	317.0	1.0	58.0	-1.0	
1501451484242	185575127766392	317.0	1.0	58.0	-1.0	
1501451484260	185575147907993	317.0	1.0	58.0	-1.0	
1501451484277	185575168049595	317.0	1.0	58.0	-1.0	
1501451484295	185575188191197	317.0	1.0	58.0	-1.0	
1501451484331	185575208332798	317.0	1.0	58.0	-1.0	
1501451484352	185575228474400	317.0	1.0	58.0	-1.0	
1501451484368	185575248616001	317.0	1.0	58.0	-1.0	
1501451484385	185575268757603	317.0	1.0	58.0	-1.0	
1501451484406	185575288899204	317.0	1.0	58.0	-1.0	
1501451484422	185575309040806	317.0	1.0	58.0	-1.0	
1501451484439	185575329182407	317.0	1.0	58.0	-1.0	
1501451484474	185575349324009	317.0	1.0	58.0	-1.0	
1501451484492	185575369465611	317.0	1.0	58.0	-1.0	
1501451484511	185575389607212	317.0	1.0	58.0	-1.0	
1501451484527	185575409748814	317.0	1.0	58.0	-1.0	
1501451484546	185575429890415	317.0	1.0	58.0	-1.0	
1501451484563	185575450032017	317.0	1.0	58.0	-1.0	
1501451484581	185575470173618	317.0	1.0	58.0	-1.0	
1501451484601	185575490315220	317.0	1.0	58.0	-1.0	
1501451484634	185575510456822	317.0	1.0	58.0	-1.0	
1501451484653	185575530598423	317.0	1.0	58.0	-1.0	
1501451484672	185575550740025	317.0	1.0	58.0	-1.0	
1501451484688	185575570881626	317.0	1.0	58.0	-1.0	
1501451484707	185575591023228	317.0	1.0	58.0	-1.0	
1501451484725	185575611164829	317.0	1.0	58.0	-1.0	
1501451484742	185575631306431	317.0	1.0	58.0	-1.0	
1501451484760	185575651448032	317.0	1.0	58.0	-1.0	
1501451484795	185575671589634	317.0	1.0	58.0	-1.0	
1501451484813	185575691731236	317.0	1.0	58.0	-1.0	
1501451484831	185575711872837	317.0	1.0	58.0	-1.0	
1501451484848	185575732014439	317.0	1.0	58.0	-1.0	
1501451484867	185575752156040	317.0	1.0	58.0	-1.0	
1501451484885	185575772297642	317.0	1.0	58.0	-1.0	
1501451484903	185575792439243	317.0	1.0	58.0	-1.0	
1501451484940	185575812580845	317.0	1.0	57.0	-1.0	
1501451484957	185575832722447	317.0	1.0	57.0	-1.0	
1501451484975	185575852864048	317.0	1.0	57.0	-1.0	
1501451484992	185575873005650	317.0	1.0	57.0	-1.0	
1501451485010	185575893147251	317.0	1.0	57.0	-1.0	
1501451485027	185575913288853	317.0	1.0	57.0	-1.0	
1501451485046	185575933430454	317.0	1.0	57.0	-1.0	
1501451485063	185575953572056	317.0	1.0	57.0	-1.0	
1501451485098	185575973713657	317.0	1.0	57.0	-1.0	
1501451485117	185575993855259	317.0	1.0	57.0	-1.0	
1501451485134	185576013996861	317.0	1.0	57.0	-1.0	
1501451485154	185576034138462	317.0	1.0	57.0	-1.0	
1501451485172	185576054280064	317.0	1.0	57.0	-1.0	
1501451485188	185576074421665	317.0	1.0	57.72259521484375	-1.0	
1501451485206	185576094563267	317.0	1.0	58.0	-1.0	
1501451485224	185576114704868	317.0	1.0	58.0	-1.0	
1501451485260	185576134846470	317.0	1.0	58.0	-1.0	
1501451485277	185576154988072	317.0	1.0	58.0	-1.0	
1501451485296	185576175129673	317.0	1.0	58.0	-1.0	
1501451485314	185576195271275	317.0	1.0	58.0	-1.0	
1501451485332	185576215412876	317.0	1.0	58.0	-1.0	
1501451485349	185576235554478	317.0	1.0	58.0	-1.0	
1501451485368	185576255696079	317.0	1.0	57.106170654296875	-1.0	
1501451485402	185576275837681	317.0	1.0	57.0	-1.0	
1501451485420	185576295979282	317.0	1.0	57.0	-1.0	
1501451485438	185576316120884	317.0	1.0	57.0	-1.0	
1501451485456	185576336262486	317.0	1.0	57.41438293457031	-1.0	
1501451485475	185576356404087	317.0	1.0	58.0	-1.0	
1501451485492	185576376545689	317.0	1.0	58.0	-1.0	
1501451485510	185576396687290	317.0	1.0	58.0	-1.0	
1501451485528	185576416828892	317.0	1.0	58.0	-1.0	
1501451485563	185576436970493	317.0	1.0	58.0	-1.0	
1501451485583	185576457112095	317.0	1.0	58.0	-1.0	
1501451485599	185576477253697	317.0	1.0	58.0	-1.0	
1501451485616	185576497395298	317.0	1.0	58.0	-1.0	
1501451485635	185576517536900	317.0	1.0	58.0	-1.0	
1501451485652	185576537678501	317.0	1.0	58.0	-1.0	
1501451485671	185576557820103	317.0	1.0	58.0	-1.0	
1501451485689	185576577961704	317.0	1.0	58.0	-1.0	
1501451485725	185576598103306	317.0	1.0	58.0	-1.0	
1501451485742	185576618244907	317.0	1.0	58.0	-1.0	
1501451485760	185576638386509	317.0	1.0	58.0	-1.0	
1501451485777	185576658528111	317.0	1.0	58.0	-1.0	
1501451485796	185576678669712	317.0	1.0	58.0	-1.0	
1501451485814	185576698811314	317.0	1.7568359375	58.0	-1.0	
1501451485832	185576718952915	317.0	2.0	58.0	-1.0	
1501451485867	185576739094517	317.0	2.0	58.0	-1.0	
1501451485885	185576759236118	317.0	2.0	58.0	-1.0	
1501451485904	185576779377720	317.0	2.0	58.0	-1.0	
1501451485921	185576799519322	317.0	2.0	58.0	-1.0	
1501451485939	185576819660923	317.0	2.0	58.0	-1.0	
1501451485957	185576839802525	317.0	2.0	58.0	-1.0	
1501451485974	185576859944126	317.0	2.0	58.797943115234375	-1.0	
1501451485992	185576880085728	317.0	2.0	59.0	-1.0	
1501451486027	185576900227329	317.0	1.9417877197265625	59.0	-1.0	
1501451486046	185576920368931	317.0	1.0	59.0	-1.0	
1501451486065	185576940510532	317.0	1.0	59.0	-1.0	
1501451486082	185576960652134	317.0	1.0	59.0	-1.0	
1501451486099	185576980793736	317.0	1.0	59.0	-1.0	
1501451486118	185577000935337	317.0	1.0	59.0	-1.0	
1501451486135	185577021076939	317.0	1.0	59.0	-1.0	
1501451486158	185577041218540	317.0	1.0	59.0	-1.0	
1501451486188	185577061360142	317.0	1.0	59.0	-1.0	
1501451486207	185577081501743	317.0	1.0	59.0	-1.0	
1501451486224	185577101643345	317.0	1.0	59.0	-1.0	
1501451486242	185577121784947	317.0	1.0	59.0	-1.0	
1501451486260	185577141926548	317.0	1.0	59.0	-1.0	
1501451486278	185577162068150	317.0	1.0	59.0	-1.0	
1501451486296	185577182209751	317.0	1.0	59.0	-1.0	
1501451486331	185577202351353	317.0	1.0	59.0	-1.0	
1501451486352	185577222492954	317.0	1.0	59.0	-1.0	
1501451486367	185577242634556	317.0	1.0	59.0	-1.0	
1501451486385	185577262776157	317.0	1.0	59.0	-1.0	
1501451486403	185577282917759	317.0	1.0	59.0	-1.0	
1501451486422	185577303059361	317.0	1.66094970703125	59.0	-1.0	
1501451486441	185577323200962	317.0	2.0	59.0	-1.0	
1501451486457	185577343342564	317.0	2.0	59.0	-1.0	
1501451486493	185577363484165	317.0	2.0	59.0	-1.0	
1501451486510	185577383625767	317.0	2.0	59.0	-1.0	
1501451486528	185577403767368	317.0	1.6883697509765625	59.0	-1.0	
1501451486546	185577423908970	317.0	1.0	59.0	-1.0	
1501451486563	185577444050572	317.0	1.0	59.0	-1.0	
