1501451626657	185717528900470	331.0	-18.0	61.0	-1.0	
1501451626673	185717549042071	331.2013854980469	-18.0	61.0	-1.0	
1501451626691	185717569183673	332.0	-18.347824096679688	61.0	-1.0	
1501451626708	185717589325274	332.0	-19.0	61.49565124511719	-1.0	
1501451626726	185717609466876	332.0	-19.0	62.0	-1.0	
1501451626743	185717629608478	332.0	-19.0	61.2100830078125	-1.0	
1501451626763	185717649750079	332.0	-19.0	61.0	-1.0	
1501451626798	185717669891681	332.0	-18.0	61.0	-1.0	
1501451626816	185717690033282	332.0	-18.0	61.0	-1.0	
1501451626846	185717710174884	332.0	-18.0	61.0	-1.0	
1501451626851	185717730316485	332.0	-18.0	61.0	-1.0	
1501451626869	185717750458087	332.0	-18.0	61.0	-1.0	
1501451626887	185717770599688	332.0	-18.0	61.0	-1.0	
1501451626910	185717790741290	332.0	-18.0	61.0	-1.0	
1501451626941	185717810882892	332.0	-18.0	61.0	-1.0	
1501451626959	185717831024493	332.0	-18.0	61.0	-1.0	
1501451626976	185717851166095	332.0	-18.0	61.0	-1.0	
1501451626994	185717871307696	332.0	-18.0	61.0	-1.0	
1501451627012	185717891449298	332.0	-18.706085205078125	61.0	-1.0	
1501451627031	185717911590899	332.0	-19.0	61.0	-1.0	
1501451627047	185717931732501	332.0	-19.0	61.0	-1.0	
1501451627085	185717951874103	332.0	-19.0	61.0	-1.0	
1501451627102	185717972015704	332.0	-19.0	61.0	-1.0	
1501451627119	185717992157306	332.0	-19.0	61.0	-1.0	
1501451627137	185718012298907	332.0	-19.0	61.0	-1.0	
1501451627155	185718032440509	332.0	-19.0	61.0	-1.0	
1501451627172	185718052582110	332.0	-19.0	61.0	-1.0	
1501451627193	185718072723712	332.0	-19.0	61.0	-1.0	
1501451627225	185718092865313	332.0	-19.0	61.0	-1.0	
1501451627245	185718113006915	332.0	-19.0	61.0	-1.0	
1501451627262	185718133148517	332.29864501953125	-19.0	61.0	-1.0	
1501451627284	185718153290118	333.0	-19.0	61.0	-1.0	
1501451627297	185718173431720	333.0	-19.0	61.0	-1.0	
1501451627316	185718193573321	333.0	-19.0	61.0	-1.0	
1501451627334	185718213714923	333.0	-19.0	61.0	-1.0	
1501451627352	185718233856524	332.0666809082031	-19.0	61.0	-1.0	
1501451627387	185718253998126	332.0	-19.0	61.0	-1.0	
1501451627405	185718274139728	332.0	-19.0	61.0	-1.0	
1501451627422	185718294281329	332.0	-19.0	61.0	-1.0	
1501451627440	185718314422931	332.0	-19.0	61.0	-1.0	
1501451627458	185718334564532	332.0	-19.0	61.0	-1.0	
1501451627476	185718354706134	332.0	-19.0	61.0	-1.0	
1501451627494	185718374847735	332.0	-19.0	61.0	-1.0	
1501451627512	185718394989337	332.0	-19.0	61.0	-1.0	
1501451627529	185718415130938	332.0	-19.0	61.0	-1.0	
1501451627565	185718435272540	333.0	-19.0	61.04005432128906	-1.0	
1501451627583	185718455414142	333.0	-19.0	62.0	-1.0	
1501451627601	185718475555743	333.0	-19.0	62.0	-1.0	
1501451627619	185718495697345	333.0	-19.0	62.0	-1.0	
1501451627637	185718515838946	333.0	-19.0	62.0	-1.0	
1501451627657	185718535980548	333.0	-19.0	62.0	-1.0	
1501451627672	185718556122149	333.0	-19.0	62.0	-1.0	
1501451627690	185718576263751	333.0	-19.0	62.0	-1.0	
1501451627708	185718596405353	333.0	-19.0	61.148590087890625	-1.0	
1501451627726	185718616546954	332.0467529296875	-19.0	61.0	-1.0	
1501451627762	185718636688556	332.0	-19.0	61.0	-1.0	
1501451627782	185718656830157	332.0	-19.0	61.0	-1.0	
1501451627797	185718676971759	332.0	-19.0	61.0	-1.0	
1501451627817	185718697113360	332.0	-19.0	61.0	-1.0	
1501451627834	185718717254962	332.0	-19.0	61.0	-1.0	
1501451627851	185718737396563	332.0	-19.0	61.0	-1.0	
1501451627869	185718757538165	332.0	-19.0	61.0	-1.0	
1501451627887	185718777679767	332.0	-19.0	61.0	-1.0	
1501451627905	185718797821368	332.0	-19.0	60.08763122558594	-1.0	
1501451627940	185718817962970	332.0	-19.0	61.0	-1.0	
1501451627961	185718838104571	332.0	-19.0	61.0	-1.0	
1501451627978	185718858246173	332.0	-19.0	61.0	-1.0	
1501451627994	185718878387774	332.0	-19.0	61.0	-1.0	
1501451628011	185718898529376	332.0	-19.0	61.0	-1.0	
1501451628029	185718918670978	332.0	-19.0	61.762969970703125	-1.0	
1501451628048	185718938812579	332.0	-19.0	62.0	-1.0	
1501451628083	185718958954181	332.0	-19.0	61.95329284667969	-1.0	
1501451628101	185718979095782	332.0	-19.0	61.0	-1.0	
1501451628119	185718999237384	332.0	-19.0	61.0	-1.0	
1501451628136	185719019378985	332.0	-19.0	61.0	-1.0	
1501451628158	185719039520587	332.0	-19.0	61.0	-1.0	
1501451628172	185719059662188	332.0	-19.0	61.0	-1.0	
1501451628190	185719079803790	332.0	-19.0	61.0	-1.0	
1501451628226	185719099945392	332.0	-19.0	61.0	-1.0	
1501451628243	185719120086993	332.0	-19.0	61.0	-1.0	
1501451628262	185719140228595	332.0	-19.0	61.0	-1.0	
1501451628279	185719160370196	332.0	-19.0	61.0	-1.0	
1501451628298	185719180511798	332.0	-19.0	61.0	-1.0	
1501451628315	185719200653399	332.0	-19.0	61.0	-1.0	
1501451628333	185719220795001	332.0	-19.0	61.0	-1.0	
1501451628369	185719240945545	332.0	-19.0	61.0	-1.0	
1501451628387	185719261087146	332.0	-19.0	61.0	-1.0	
1501451628405	185719281228748	332.0	-19.0	61.0	-1.0	
1501451628423	185719301370349	332.0	-19.0	61.0	-1.0	
1501451628440	185719321511951	332.0	-19.0	61.0	-1.0	
1501451628458	185719341653552	332.0	-19.0	61.0	-1.0	
1501451628476	185719361795154	332.0	-19.0	61.0	-1.0	
1501451628513	185719381936755	332.0	-19.0	61.0	-1.0	
1501451628530	185719402078357	332.0	-19.0	61.0	-1.0	
1501451628547	185719422219959	332.0	-19.0	61.0	-1.0	
1501451628565	185719442361560	332.0	-19.0	61.0	-1.0	
1501451628583	185719462503162	332.0	-19.0	61.0	-1.0	
1501451628601	185719482644763	332.0	-19.0	61.0	-1.0	
1501451628619	185719502786365	332.0	-19.0	61.0	-1.0	
1501451628654	185719522927966	332.0	-19.0	61.0	-1.0	
1501451628672	185719543069568	332.0	-19.0	61.0	-1.0	
1501451628691	185719563211170	332.0	-19.0	61.0	-1.0	
1501451628708	185719583352771	332.0	-19.0	61.0	-1.0	
1501451628726	185719603494373	332.0	-19.0	61.0	-1.0	
1501451628744	185719623635974	331.2716369628906	-19.0	61.0	-1.0	
1501451628764	185719643777576	331.0	-19.0	61.0	-1.0	
1501451628797	185719663919177	331.0085754394531	-19.0	61.0	-1.0	
1501451628815	185719684060779	332.0	-19.0	61.0	-1.0	
1501451628833	185719704202380	332.0	-19.0	61.0	-1.0	
1501451628852	185719724343982	332.0	-19.0	61.0	-1.0	
1501451628869	185719744485584	332.0	-19.0	61.0	-1.0	
1501451628887	185719764627185	332.0	-19.0	61.0	-1.0	
1501451628905	185719784768787	332.0	-19.0	61.0	-1.0	
1501451628922	185719804910388	332.0	-19.0	61.0	-1.0	
1501451628958	185719825051990	332.0	-19.0	61.0	-1.0	
1501451628976	185719845193591	332.0	-19.0	61.0	-1.0	
1501451628994	185719865335193	332.0	-19.0	61.0	-1.0	
1501451629012	185719885476795	332.0	-19.0	61.0	-1.0	
1501451629031	185719905618396	332.0	-19.0	61.0	-1.0	
1501451629047	185719925759998	332.0	-19.0	61.0	-1.0	
1501451629065	185719945901599	332.0	-19.0	61.0	-1.0	
1501451629083	185719966043201	332.0	-19.0	61.0	-1.0	
1501451629101	185719986184802	332.0	-19.0	61.0	-1.0	
1501451629137	185720006326404	332.0	-19.0	61.0	-1.0	
1501451629154	185720026468005	332.0	-19.0	61.0	-1.0	
1501451629172	185720046609607	332.0	-19.0	61.0	-1.0	
1501451629191	185720066751209	332.0	-19.0	61.0	-1.0	
1501451629208	185720086892810	332.0	-19.0	61.0	-1.0	
1501451629226	185720107034412	332.0	-19.0	61.0	-1.0	
1501451629244	185720127176013	332.0	-19.0	61.0	-1.0	
1501451629262	185720147317615	332.0	-19.0	61.0	-1.0	
1501451629298	185720167459216	332.0	-19.0	61.0	-1.0	
1501451629315	185720187600818	332.0	-19.0	61.0	-1.0	
1501451629333	185720207742420	332.0	-19.0	61.0	-1.0	
1501451629351	185720227884021	332.0	-19.0	61.0	-1.0	
1501451629369	185720248025623	332.0	-19.0	60.39796447753906	-1.0	
1501451629387	185720268167224	332.0	-19.0	60.0	-1.0	
1501451629405	185720288308826	331.1513671875	-19.0	60.0	-1.0	
1501451629422	185720308450427	331.0	-19.0	60.0	-1.0	
1501451629461	185720328592029	332.0	-19.0	60.0	-1.0	
1501451629476	185720348733630	332.0	-19.0	60.0	-1.0	
1501451629494	185720368875232	332.0	-19.0	60.0	-1.0	
1501451629512	185720389016834	332.0	-19.0	60.0	-1.0	
1501451629529	185720409158435	332.0	-19.0	60.0	-1.0	
1501451629549	185720429300037	332.0	-19.0	60.71208190917969	-1.0	
1501451629565	185720449441638	332.0	-19.0	61.0	-1.0	
1501451629584	185720469583240	332.0	-19.957473754882813	61.0	-1.0	
1501451629619	185720489724841	332.0	-20.0	61.0	-1.0	
1501451629638	185720509866443	332.0	-20.0	61.0	-1.0	
1501451629655	185720530008045	332.0	-20.0	61.0	-1.0	
1501451629673	185720550149646	332.0	-19.548553466796875	61.0	-1.0	
1501451629691	185720570291248	332.0	-19.0	61.0	-1.0	
1501451629710	185720590432849	332.0	-19.0	61.0	-1.0	
1501451629726	185720610574451	332.0	-19.0	61.0	-1.0	
1501451629744	185720630716052	332.0	-19.0	61.0	-1.0	
1501451629781	185720650857654	332.0	-19.068023681640625	61.0	-1.0	
1501451629798	185720670999255	332.0	-20.0	61.0	-1.0	
1501451629824	185720691140857	332.0	-20.0	61.0	-1.0	
1501451629833	185720711282459	332.0	-20.0	61.0	-1.0	
1501451629852	185720731424060	332.0	-20.0	61.0	-1.0	
1501451629871	185720751565662	332.0	-20.0	61.0	-1.0	
1501451629887	185720771707263	332.0	-20.0	61.0	-1.0	
1501451629904	185720791848865	331.0681457519531	-19.068145751953125	61.0	-1.0	
1501451629940	185720811990466	331.0	-19.0	61.0	-1.0	
1501451629958	185720832132068	331.0	-19.0	61.0	-1.0	
1501451629976	185720852273670	331.0	-19.0	61.0	-1.0	
1501451629994	185720872415271	331.0	-19.0	61.0	-1.0	
1501451630012	185720892556873	331.0	-19.0	61.0	-1.0	
1501451630030	185720912698474	331.0	-19.0	61.0	-1.0	
1501451630048	185720932840076	331.0	-19.0	61.0	-1.0	
1501451630065	185720952981677	331.0	-19.0	60.08177185058594	-1.0	
1501451630101	185720973123279	331.0408020019531	-20.0	61.0	-1.0	
1501451630119	185720993264880	332.0	-20.0	61.0	-1.0	
1501451630137	185721013406482	332.0	-20.0	61.0	-1.0	
1501451630155	185721033548084	332.0	-20.0	61.0	-1.0	
1501451630173	185721053689685	331.46600341796875	-20.0	61.0	-1.0	
1501451630191	185721073831287	331.0	-19.342422485351563	60.34242248535156	-1.0	
1501451630208	185721093972888	331.0	-19.0	60.0	-1.0	
1501451630225	185721114114490	331.0	-19.0	60.0	-1.0	
1501451630262	185721134256091	331.0	-19.0	60.0	-1.0	
1501451630280	185721154397693	331.0	-19.0	60.0	-1.0	
1501451630298	185721174539295	331.0	-19.0	60.0	-1.0	
1501451630321	185721194680896	331.0	-19.0	60.0	-1.0	
1501451630334	185721214822498	331.0	-19.0	60.0	-1.0	
1501451630352	185721234964099	331.0	-19.0	60.0	-1.0	
1501451630369	185721255105701	331.0	-19.0	60.0	-1.0	
1501451630387	185721275247302	331.0	-19.0	60.0	-1.0	
1501451630423	185721295388904	331.0	-19.0	60.0	-1.0	
1501451630441	185721315530505	331.0	-19.0	60.0	-1.0	
1501451630458	185721335672107	331.0	-19.0	60.0	-1.0	
1501451630478	185721355813709	331.0	-19.0	60.0	-1.0	
1501451630494	185721375955310	331.0	-19.0	60.0	-1.0	
1501451630513	185721396096912	331.0	-19.0	60.0	-1.0	
1501451630531	185721416238513	331.0	-19.0	60.0	-1.0	
1501451630548	185721436380115	331.0	-19.0	60.0	-1.0	
1501451630566	185721456521716	331.0	-19.0	60.0	-1.0	
1501451630601	185721476663318	331.0	-19.0	60.0	-1.0	
1501451630619	185721496804920	331.0	-19.0	60.0	-1.0	
1501451630637	185721516946521	331.0	-19.0	60.0	-1.0	
1501451630655	185721537088123	331.0	-19.0	60.0	-1.0	
1501451630673	185721557229724	331.0	-19.0	60.0	-1.0	
1501451630691	185721577371326	331.0	-19.0	60.0	-1.0	
1501451630714	185721597512927	331.0	-19.0	60.0	-1.0	
1501451630726	185721617654529	331.0	-19.0	60.0	-1.0	
1501451630762	185721637796130	331.0	-19.0	60.0	-1.0	
1501451630780	185721657937732	331.0	-19.0	60.0	-1.0	
1501451630798	185721678079334	331.0	-19.0	60.0	-1.0	
1501451630815	185721698220935	331.0	-19.0	60.0	-1.0	
1501451630834	185721718362537	331.0	-19.0	60.0	-1.0	
1501451630851	185721738504138	331.0	-19.0	60.0	-1.0	
1501451630869	185721758645740	331.0	-19.0	60.0	-1.0	
1501451630887	185721778787341	331.0	-19.0	60.0	-1.0	
1501451630922	185721798928943	331.0	-19.0	60.0	-1.0	
1501451630941	185721819070545	331.0	-19.0	60.0	-1.0	
1501451630964	185721839212146	331.0	-19.0	60.0	-1.0	
1501451630978	185721859353748	331.0	-19.0	60.0	-1.0	
1501451630995	185721879495349	331.0	-19.0	60.0	-1.0	
1501451631012	185721899636951	331.0	-19.0	60.0	-1.0	
1501451631029	185721919778552	331.0	-19.0	60.0	-1.0	
1501451631048	185721939920154	331.0	-19.0	60.0	-1.0	
1501451631092	185721960061755	331.0	-18.0	59.0	-1.0	
1501451631102	185721980203357	330.7942199707031	-18.0	59.0	-1.0	
1501451631119	185722000344959	330.0	-18.0	59.0	-1.0	
1501451631137	185722020486560	330.0	-18.0	59.0	-1.0	
1501451631156	185722040628162	330.0	-18.0	59.0	-1.0	
1501451631173	185722060769763	330.0	-18.0	59.0	-1.0	
1501451631191	185722080911365	330.0	-18.0	59.0	-1.0	
1501451631209	185722101052966	330.0	-18.0	59.0	-1.0	
1501451631244	185722121194568	330.0697021484375	-18.0	59.0	-1.0	
1501451631263	185722141336170	331.0	-18.192489624023438	59.0	-1.0	
1501451631280	185722161477771	331.0	-19.0	59.0	-1.0	
1501451631298	185722181619373	331.0	-19.0	59.0	-1.0	
1501451631316	185722201760974	331.0	-19.0	59.0	-1.0	
1501451631333	185722221902576	331.0	-19.0	59.0	-1.0	
1501451631351	185722242044177	331.0	-19.0	59.0	-1.0	
1501451631369	185722262185779	331.0	-19.0	59.0	-1.0	
1501451631405	185722282327380	331.0	-19.0	60.0	-1.0	
1501451631423	185722302468982	331.0	-19.0	60.0	-1.0	
1501451631441	185722322610584	331.0	-19.0	60.0	-1.0	
1501451631458	185722342752185	331.0	-19.0	60.0	-1.0	
1501451631476	185722362893787	331.0	-19.0	60.0	-1.0	
1501451631494	185722383035388	331.0	-19.0	60.0	-1.0	
1501451631512	185722403176990	331.0	-19.0	60.0	-1.0	
1501451631530	185722423318591	331.0	-19.918365478515625	60.0	-1.0	
1501451631566	185722443460193	332.0	-20.0	60.0	-1.0	
1501451631585	185722463601795	332.0	-20.0	60.0	-1.0	
1501451631602	185722483743396	332.0	-20.0	60.0	-1.0	
1501451631619	185722503884998	332.0	-20.0	60.0	-1.0	
1501451631637	185722524026599	332.0	-20.0	60.0	-1.0	
1501451631655	185722544168201	332.0	-20.0	60.0	-1.0	
1501451631673	185722564309802	332.0	-20.0	60.0	-1.0	
1501451631691	185722584451404	332.0	-20.0	60.0	-1.0	
1501451631726	185722604593005	332.0	-20.0	60.0	-1.0	
1501451631744	185722624734607	332.0	-20.0	60.0	-1.0	
1501451631762	185722644876209	332.0	-20.0	60.0	-1.0	
1501451631781	185722665017810	332.0	-20.0	60.494842529296875	-1.0	
1501451631798	185722685159412	332.0	-19.371139526367188	61.0	-1.0	
1501451631816	185722705301013	332.0	-19.0	61.0	-1.0	
1501451631834	185722725442615	331.10308837890625	-18.103103637695313	61.0	-1.0	
1501451631869	185722745584216	330.9690856933594	-17.969085693359375	61.0	-1.0	
1501451631887	185722765725818	329.8350524902344	-16.67010498046875	60.835052490234375	-1.0	
1501451631905	185722785867420	328.7010498046875	-14.701034545898438	60.0	-1.0	
1501451631923	185722806009021	328.0	-14.0	60.0	-1.0	
1501451631941	185722826150623	328.0	-14.0	60.0	-1.0	
1501451631959	185722846292224	328.0	-13.298980712890625	60.701019287109375	-1.0	
1501451631977	185722866433826	328.0	-13.0	61.0	-1.0	
1501451631994	185722886575427	327.03094482421875	-12.030929565429688	61.0	-1.0	
1501451632030	185722906717029	326.89691162109375	-11.89691162109375	62.0	-1.0	
1501451632048	185722926858630	325.76287841796875	-10.525787353515625	61.76289367675781	-1.0	
1501451632066	185722947000232	324.25775146484375	-8.25775146484375	60.628875732421875	-1.0	
1501451632085	185722967141834	321.9897155761719	-5.989715576171875	60.0	-1.0	
1501451632101	185722987283435	319.08251953125	-3.7216796875	59.36083984375	-1.0	
1501451632119	185723007425037	317.226806640625	-2.226806640625	59.0	-1.0	
1501451632137	185723027566638	315.1855773925781	-1.0927886962890625	58.09278869628906	-1.0	
1501451632173	185723047708240	313.91754150390625	-1.041229248046875	56.91754150390625	-1.0	
1501451632191	185723067849841	311.82476806640625	-1.8247528076171875	54.82475280761719	-1.0	
1501451632208	185723087991443	310.3814697265625	-0.69073486328125	53.69073486328125	-1.0	
1501451632227	185723108133045	307.67010498046875	0.0	53.0	-1.0	
1501451632244	185723128274646	304.8453674316406	1.154632568359375	53.0	-1.0	
1501451632262	185723148416248	303.2886657714844	3.42266845703125	53.0	-1.0	
1501451632280	185723168557849	302.1546630859375	4.8453521728515625	53.0	-1.0	
1501451632298	185723188699451	301.0206298828125	5.9793701171875	53.9793701171875	-1.0	
1501451632334	185723208841052	301.0	6.8866119384765625	54.0	-1.0	
1501451632352	185723228982654	301.2474365234375	6.0	54.0	-1.0	
1501451632369	185723249124255	302.0	5.618560791015625	54.0	-1.0	
1501451632387	185723269265857	302.0	4.4845428466796875	54.0	-1.0	
1501451632405	185723289407459	302.0	4.0	53.35052490234375	-1.0	
1501451632422	185723309549060	302.0	4.0	52.21650695800781	-1.0	
1501451632441	185723329690662	301.0824890136719	4.917510986328125	52.0	-1.0	
1501451632477	185723349832263	302.0	7.051544189453125	52.0	-1.0	
1501451632494	185723369973865	302.0	8.371124267578125	52.18556213378906	-1.0	
1501451632512	185723390115466	302.319580078125	10.319580078125	53.0	-1.0	
1501451632530	185723410257068	303.45361328125	11.453598022460938	53.0	-1.0	
1501451632549	185723430398670	304.0	12.587615966796875	53.0	-1.0	
1501451632566	185723450540271	304.7216491699219	13.0	53.721649169921875	-1.0	
1501451632584	185723470681873	305.85565185546875	13.855667114257813	54.0	-1.0	
1501451632602	185723490823474	307.9793701171875	14.0	54.98968505859375	-1.0	
1501451632638	185723510965076	309.2474060058594	12.876296997070313	56.0	-1.0	
1501451632656	185723531106677	311.2577209472656	11.48455810546875	56.257720947265625	-1.0	
1501451632673	185723551248279	312.3917236328125	9.608261108398438	57.0	-1.0	
1501451632691	185723571389880	313.5257568359375	8.474227905273438	57.0	-1.0	
1501451632709	185723591531482	314.0	8.0	56.3402099609375	-1.0	
1501451632727	185723611673084	314.7938232421875	7.2061920166015625	56.0	-1.0	
1501451632744	185723631814685	315.9278259277344	6.072174072265625	56.0	-1.0	
1501451632780	185723651956287	316.0	4.9381561279296875	55.0	-1.0	
1501451632798	185723672097888	316.0	4.0	54.80413818359375	-1.0	
1501451632816	185723692239490	316.32989501953125	3.67010498046875	54.0	-1.0	
1501451632834	185723712381091	316.53607177734375	3.0	54.46391296386719	-1.0	
1501451632852	185723732522693	316.0	2.402069091796875	55.597930908203125	-1.0	
1501451632870	185723752664295	316.0	1.2680511474609375	57.463897705078125	-1.0	
1501451632887	185723772805896	316.0	0.134033203125	58.865966796875	-1.0	
1501451632905	185723792947498	316.0	0.0	59.0	-1.0	
1501451632941	185723813089099	317.0	-0.1340179443359375	58.86598205566406	-1.0	
1501451632959	185723833230701	317.0	-1.0	57.46392822265625	-1.0	
1501451632977	185723853372302	317.0	-1.0	55.195892333984375	-1.0	
1501451632995	185723873513904	316.46392822265625	-1.0	54.0	-1.0	
1501451633013	185723893655505	316.0	-1.0	54.67008972167969	-1.0	
1501451633031	185723913797107	315.19586181640625	-0.1958770751953125	55.80412292480469	-1.0	
1501451633048	185723933938709	314.0618591308594	0.0	56.0	-1.0	
1501451633086	185723954080310	314.0	-0.0721588134765625	55.92784118652344	-1.0	
1501451633102	185723974221912	314.0	-1.0	54.7938232421875	-1.0	
1501451633120	185723994363513	314.0	-1.0	53.65980529785156	-1.0	
1501451633138	185724014505115	314.0	-1.0	53.0	-1.0	
1501451633155	185724034646716	314.0	-0.391754150390625	53.608245849609375	-1.0	
1501451633174	185724054788318	314.0	0.0	53.25773620605469	-1.0	
1501451633192	185724074929920	314.0	0.0	53.0	-1.0	
1501451633226	185724095071521	314.0	0.0	54.0	-1.0	
1501451633245	185724115213123	314.0	0.0	54.144317626953125	-1.0	
1501451633262	185724135354724	314.0	0.0	55.0	-1.0	
1501451633280	185724155496326	314.0	0.0	55.0	-1.0	
1501451633298	185724175637927	314.0	0.0	55.0	-1.0	
1501451633316	185724195779529	314.0	0.0	54.31959533691406	-1.0	
1501451633334	185724215921130	314.0	0.0	54.0	-1.0	
1501451633352	185724236062732	314.0	0.0	54.0	-1.0	
1501451633386	185724256204334	314.0	1.0	53.0	-1.0	
1501451633405	185724276345935	314.0	1.0	52.78350830078125	-1.0	
1501451633423	185724296487537	314.0	1.3505096435546875	51.64949035644531	-1.0	
1501451633441	185724316629138	314.0	2.0	50.03094482421875	-1.0	
1501451633459	185724336770740	314.0	2.0	49.61854553222656	-1.0	
1501451633477	185724356912341	314.7525634765625	2.0	50.0	-1.0	
1501451633495	185724377053943	315.0	2.0	50.0	-1.0	
1501451633513	185724397195545	315.0	1.0084686279296875	50.0	-1.0	
1501451633549	185724417337146	316.1082763671875	0.8917236328125	50.1082763671875	-1.0	
1501451633567	185724437478748	317.22503662109375	0.0	51.0	-1.0	
1501451633585	185724457620349	318.341796875	-0.3417816162109375	51.0	-1.0	
1501451633602	185724477761951	319.45855712890625	-1.4585418701171875	51.0	-1.0	
1501451633620	185724497903552	320.5752868652344	-2.575286865234375	51.0	-1.0	
1501451633638	185724518045154	321.0	-3.0	51.0	-1.0	
1501451633656	185724538186755	321.0	-3.0	51.0	-1.0	
1501451633674	185724558328357	321.0	-3.0	50.074462890625	-1.0	
1501451633709	185724578469959	321.0	-3.0	50.0	-1.0	
1501451633728	185724598611560	321.0	-3.0	50.0	-1.0	
1501451633745	185724618753162	321.0	-3.0	50.0	-1.0	
1501451633763	185724638894763	321.0	-3.0	50.0	-1.0	
1501451633781	185724659036365	321.0	-3.0	50.0	-1.0	
1501451633799	185724679177966	321.0	-3.0	50.0	-1.0	
1501451633816	185724699319568	321.0	-3.0	50.0	-1.0	
1501451633835	185724719461170	321.0	-3.0	50.0	-1.0	
1501451633852	185724739602771	321.0	-3.0	50.977996826171875	-1.0	
1501451633888	185724759744373	321.0	-3.0	51.0	-1.0	
1501451633906	185724779885974	321.0	-3.0	51.0	-1.0	
1501451633923	185724800027576	321.0	-3.0	51.0	-1.0	
1501451633941	185724820169177	321.0	-3.0	51.0	-1.0	
1501451633959	185724840310779	321.0	-3.0	51.0	-1.0	
1501451633977	185724860452380	321.0	-3.0	51.0	-1.0	
1501451633995	185724880593982	321.0	-3.0	51.0	-1.0	
1501451634012	185724900735584	321.0	-3.0	50.0863037109375	-1.0	
1501451634049	185724920877185	321.0	-3.0	50.0	-1.0	
1501451634067	185724941018787	321.0	-3.0	50.0	-1.0	
1501451634085	185724961160388	321.0	-3.0	50.0	-1.0	
1501451634102	185724981301990	321.0	-3.0	50.0	-1.0	
1501451634120	185725001443591	321.0	-3.0	50.0	-1.0	
1501451634138	185725021585193	321.0	-3.0	50.0	-1.0	
1501451634156	185725041726795	321.0	-2.26904296875	50.0	-1.0	
1501451634173	185725061868396	321.0	-2.0	50.0	-1.0	
1501451634192	185725082009998	321.0	-2.0	50.0	-1.0	
1501451634228	185725102151599	320.9171142578125	-2.0	50.0	-1.0	
1501451634245	185725122293201	320.0	-2.0	50.0	-1.0	
1501451634264	185725142434802	320.0	-2.0	49.68359375	-1.0	
1501451634281	185725162576404	320.0	-1.5668487548828125	49.0	-1.0	
1501451634299	185725182718005	320.0	-1.0	49.0	-1.0	
1501451634317	185725202859607	320.0	-1.0	49.0	-1.0	
1501451634334	185725223001209	320.0	-1.0	49.0	-1.0	
1501451634353	185725243142810	320.0	-1.0	49.0	-1.0	
1501451634388	185725263284412	320.0	-1.0	49.0	-1.0	
1501451634406	185725283426013	320.0	-1.0	49.0	-1.0	
1501451634424	185725303567615	320.0	-1.0	49.0	-1.0	
1501451634442	185725323709216	320.0	-1.0	48.63221740722656	-1.0	
1501451634459	185725343850818	320.0	-1.0	48.48561096191406	-1.0	
1501451634477	185725363992420	320.0	-1.0	49.0	-1.0	
1501451634496	185725384134021	320.0	-1.0	48.2808837890625	-1.0	
1501451634513	185725404275623	320.0	-1.0	48.0	-1.0	
1501451634531	185725424417224	320.0	-1.0	48.0	-1.0	
1501451634567	185725444558826	320.0	-1.0	48.0	-1.0	
1501451634586	185725464700427	320.0	-1.0	48.0	-1.0	
1501451634602	185725484842029	320.0	-1.0	48.0	-1.0	
1501451634620	185725504983630	320.0	-1.0	48.0	-1.0	
1501451634638	185725525125232	320.0	-1.0	48.0	-1.0	
1501451634656	185725545266834	320.0	-1.0	48.0	-1.0	
1501451634674	185725565408435	320.0	-1.0	48.0	-1.0	
1501451634709	185725585550037	320.0	-1.0	48.0	-1.0	
1501451634727	185725605691638	320.0	-1.0	48.0	-1.0	
1501451634746	185725625833240	320.0	-1.0	48.0	-1.0	
1501451634763	185725645974841	320.0	-1.0	48.0	-1.0	
1501451634781	185725666116443	320.0	-1.0	48.0	-1.0	
1501451634799	185725686258045	320.0	-1.0	48.0	-1.0	
1501451634817	185725706399646	320.0	-1.0	48.0	-1.0	
1501451634853	185725726541248	320.0	-1.0	48.0	-1.0	
1501451634871	185725746682849	320.0	-1.0	48.0	-1.0	
1501451634888	185725766824451	320.0	-1.0	48.0	-1.0	
1501451634906	185725786966052	320.0	-1.0	48.0	-1.0	
1501451634924	185725807107654	320.0	-1.0	48.0	-1.0	
1501451634942	185725827249255	320.0	-1.0	48.0	-1.0	
1501451634977	185725847390857	320.0	-1.0	48.0	-1.0	
1501451634996	185725867532459	320.0	-1.0	48.0	-1.0	
1501451635015	185725887674060	320.0	-1.0	48.0	-1.0	
1501451635031	185725907815662	320.0	-1.0	48.0	-1.0	
1501451635053	185725927957263	320.0	-1.0	48.0	-1.0	
1501451635066	185725948098865	320.0	-1.0	48.0	-1.0	
1501451635084	185725968240466	320.0	-0.0341949462890625	48.0	-1.0	
1501451635120	185725988382068	320.0	0.0	48.0	-1.0	
1501451635137	185726008523670	320.0	0.0	48.0	-1.0	
1501451635155	185726028665271	320.0	0.0	48.0	-1.0	
1501451635173	185726048806873	320.0	0.0	48.0	-1.0	
1501451635192	185726068948474	320.0	0.0	48.0	-1.0	
1501451635210	185726089090076	320.3922119140625	0.0	48.0	-1.0	
1501451635227	185726109231677	321.0	0.0	48.0	-1.0	
1501451635245	185726129373279	321.0	0.0	48.0	-1.0	
1501451635263	185726149514880	321.0	0.0	48.0	-1.0	
1501451635280	185726169656482	321.0	0.0	48.0	-1.0	
1501451635299	185726189798084	321.0	0.801025390625	48.0	-1.0	
1501451635318	185726209939685	321.0	1.0	48.0	-1.0	
1501451635352	185726230081287	321.0	1.0	48.0	-1.0	
1501451635371	185726250222888	321.0	0.7972564697265625	48.0	-1.0	
1501451635396	185726270364490	321.0	0.0	48.0	-1.0	
1501451635405	185726290506091	321.0	0.0	48.0	-1.0	
1501451635424	185726310647693	321.0	0.0	48.0	-1.0	
1501451635441	185726330789295	321.0	0.0	48.0	-1.0	
1501451635459	185726350930896	321.0	0.0	48.87284851074219	-1.0	
1501451635498	185726371072498	321.0	0.0	49.0	-1.0	
1501451635513	185726391214099	321.0	0.0	49.0	-1.0	
1501451635531	185726411355701	321.0	0.0	49.0	-1.0	
1501451635549	185726431497302	321.0	0.0	49.0	-1.0	
1501451635566	185726451638904	321.0	0.0	49.0	-1.0	
1501451635583	185726471780505	321.0	0.0	49.0	-1.0	
1501451635603	185726491922107	321.0	0.0	49.0	-1.0	
1501451635621	185726512063709	321.0	0.0	49.0	-1.0	
1501451635656	185726532205310	321.0	0.0	49.0	-1.0	
1501451635673	185726552346912	321.0	0.0	49.0	-1.0	
1501451635691	185726572488513	321.0	0.0	49.0	-1.0	
1501451635709	185726592630115	321.0	0.0	49.0	-1.0	
1501451635727	185726612771716	321.0	0.0	49.0	-1.0	
1501451635744	185726632913318	321.0	0.0	49.0	-1.0	
1501451635763	185726653054920	321.0	0.0	49.0	-1.0	
1501451635799	185726673196521	321.0	0.0	49.0	-1.0	
1501451635816	185726693338123	321.0	0.0	49.0	-1.0	
1501451635834	185726713479724	321.0	0.0	49.0	-1.0	
1501451635852	185726733621326	321.0	0.0	49.0	-1.0	
1501451635869	185726753762927	321.0	0.0	49.0	-1.0	
1501451635888	185726773904529	321.0	0.0	49.0	-1.0	
1501451635908	185726794046130	321.0	0.0	49.0	-1.0	
1501451635924	185726814187732	321.0	0.0	49.0	-1.0	
1501451635959	185726834329334	321.0	0.0	49.0	-1.0	
1501451635978	185726854470935	321.0	0.0	49.0	-1.0	
1501451635995	185726874612537	321.0	0.0	49.0	-1.0	
1501451636013	185726894754138	321.0	0.0	49.0	-1.0	
1501451636032	185726914895740	321.0	0.0	49.0	-1.0	
1501451636051	185726935037341	321.0	0.0	49.0	-1.0	
1501451636066	185726955178943	321.0	0.0	49.0	-1.0	
1501451636103	185726975320545	321.0	0.0	49.0	-1.0	
1501451636119	185726995462146	321.0	0.0	49.0	-1.0	
1501451636138	185727015603748	321.0	0.0	49.0	-1.0	
1501451636157	185727035745349	321.0	0.0	49.0	-1.0	
1501451636173	185727055886951	321.0	0.0	49.0	-1.0	
1501451636192	185727076028552	321.0	0.0	49.0	-1.0	
1501451636209	185727096170154	321.0	0.0	49.0	-1.0	
1501451636227	185727116311755	321.0	0.0	49.0	-1.0	
1501451636263	185727136453357	321.0	0.0	49.0	-1.0	
1501451636281	185727156594959	321.0	0.0	49.0	-1.0	
1501451636299	185727176736560	321.0	0.0	49.0	-1.0	
1501451636317	185727196878162	321.0	0.0	49.0	-1.0	
1501451636335	185727217019763	321.0	0.0	49.0	-1.0	
1501451636352	185727237161365	321.0	0.0	49.0	-1.0	
1501451636370	185727257302966	321.0	0.0	49.0	-1.0	
1501451636406	185727277444568	321.0	0.0	50.0	-1.0	
1501451636424	185727297586170	321.0	-0.17181396484375	50.0	-1.0	
1501451636442	185727317727771	321.0	-1.0	50.0	-1.0	
1501451636459	185727337869373	321.0	-1.0	50.0	-1.0	
1501451636477	185727358010974	321.5738830566406	-1.0	50.0	-1.0	
1501451636495	185727378152576	322.0	-1.0	50.0	-1.0	
1501451636513	185727398294177	322.0	-1.0	50.0	-1.0	
1501451636530	185727418435779	322.0	-1.0	50.0	-1.0	
1501451636572	185727438577380	322.0	-1.0	50.0	-1.0	
1501451636584	185727458718982	322.0	-1.0	50.0	-1.0	
1501451636602	185727478860584	322.0	-1.0	50.0	-1.0	
1501451636620	185727499002185	322.0	-1.0	50.0	-1.0	
1501451636638	185727519143787	322.0	-1.0	50.0	-1.0	
1501451636655	185727539285388	322.0	-1.0	50.0	-1.0	
1501451636675	185727559426990	322.0	-1.0	50.0	-1.0	
1501451636712	185727579568591	322.0	-1.0	50.0	-1.0	
1501451636727	185727599710193	322.0	-1.18212890625	50.0	-1.0	
1501451636746	185727619851795	322.0	-2.0	50.0	-1.0	
1501451636763	185727639993396	322.0	-2.0	50.0	-1.0	
1501451636781	185727660134998	322.0	-2.0	50.0	-1.0	
1501451636799	185727680276599	322.0	-2.0	50.0	-1.0	
1501451636816	185727700418201	322.0	-2.0	50.0	-1.0	
1501451636835	185727720559802	322.0	-2.0	50.0	-1.0	
1501451636870	185727740701404	322.0	-3.0	50.0	-1.0	
1501451636888	185727760843005	322.0	-3.0	50.0	-1.0	
1501451636906	185727780984607	322.0	-3.0	50.0	-1.0	
1501451636923	185727801126209	322.0	-3.0	50.0	-1.0	
1501451636944	185727821267810	322.0	-3.0	50.0	-1.0	
1501451636965	185727841409412	322.0	-3.0	50.0	-1.0	
1501451636978	185727861551013	322.0	-3.0	50.0	-1.0	
1501451637012	185727881692615	322.0	-4.0	50.0	-1.0	
1501451637031	185727901834216	322.0	-4.0	50.0	-1.0	
1501451637048	185727921975818	322.0	-4.0	50.0	-1.0	
1501451637066	185727942117420	322.0	-4.0	50.0	-1.0	
1501451637084	185727962259021	322.0	-4.0	50.0	-1.0	
1501451637104	185727982400623	322.0	-4.0	50.0	-1.0	
1501451637120	185728002542224	322.0	-4.0	50.0	-1.0	
1501451637138	185728022683826	322.0	-4.0	50.0	-1.0	
1501451637173	185728042825427	322.0	-4.0	50.0	-1.0	
1501451637199	185728062967029	322.0	-4.0	50.0	-1.0	
1501451637209	185728083108630	322.0	-4.39862060546875	50.0	-1.0	
1501451637227	185728103250232	322.0	-5.0	50.0	-1.0	
1501451637245	185728123391834	322.0	-5.0	50.0	-1.0	
1501451637263	185728143533435	322.0	-5.0	50.0	-1.0	
1501451637281	185728163675037	322.0	-5.0	50.0	-1.0	
1501451637299	185728183816638	322.0	-5.0	50.0	-1.0	
1501451637334	185728203958240	322.0	-5.0048980712890625	50.0	-1.0	
1501451637352	185728224099841	322.0	-6.0	50.0	-1.0	
1501451637370	185728244241443	322.0	-6.0	50.0	-1.0	
1501451637388	185728264383045	322.0	-6.0	50.0	-1.0	
1501451637406	185728284524646	322.0	-6.0	50.0	-1.0	
1501451637424	185728304666248	322.0	-6.0	50.0	-1.0	
1501451637442	185728324807849	322.0	-6.0	50.0	-1.0	
1501451637459	185728344949451	322.0	-6.0	50.0	-1.0	
1501451637478	185728365091052	322.0	-6.6464691162109375	50.0	-1.0	
1501451637495	185728385232654	322.0	-7.0	50.0	-1.0	
1501451637513	185728405374255	322.0	-7.0	50.0	-1.0	
1501451637531	185728425515857	322.0	-7.0	50.0	-1.0	
1501451637567	185728445657459	323.0	-7.0	50.0	-1.0	
1501451637585	185728465799060	323.0	-7.0	50.0	-1.0	
1501451637603	185728485940662	323.0	-7.42559814453125	50.0	-1.0	
1501451637620	185728506082263	323.0	-8.0	50.0	-1.0	
1501451637638	185728526223865	323.0	-8.0	50.0	-1.0	
1501451637656	185728546365466	323.0	-8.0	50.0	-1.0	
1501451637674	185728566507068	323.0	-8.0	50.0	-1.0	
1501451637710	185728586648670	323.0	-8.0	50.0	-1.0	
1501451637727	185728606790271	323.0	-8.0	50.0	-1.0	
1501451637746	185728626931873	323.0	-8.0	50.0	-1.0	
1501451637763	185728647073474	323.0	-8.560546875	50.0	-1.0	
1501451637785	185728667215076	323.702392578125	-9.0	50.0	-1.0	
1501451637799	185728687356677	324.0	-9.0	50.84428405761719	-1.0	
1501451637816	185728707498279	324.0	-9.0	51.0	-1.0	
1501451637852	185728727639880	324.0	-9.0	51.0	-1.0	
1501451637870	185728747781482	324.0	-9.0	51.0	-1.0	
1501451637888	185728767923084	324.0	-9.0	51.0	-1.0	
1501451637906	185728788064685	324.0	-9.0	51.0	-1.0	
1501451637924	185728808206287	324.0	-9.0	51.0	-1.0	
1501451637942	185728828347888	324.0	-9.0	51.0	-1.0	
1501451637960	185728848489490	324.0	-9.0	51.0	-1.0	
1501451637995	185728868631091	324.0	-9.0	51.0	-1.0	
1501451638013	185728888772693	324.0	-9.0	51.0	-1.0	
1501451638031	185728908914295	324.0	-8.595169067382813	51.0	-1.0	
1501451638049	185728929055896	323.45330810546875	-8.0	51.0	-1.0	
1501451638067	185728949197498	323.0	-8.0	51.0	-1.0	
1501451638084	185728969339099	323.0	-8.0	50.1695556640625	-1.0	
1501451638103	185728989480701	323.0	-8.0	50.0	-1.0	
1501451638138	185729009622302	323.0	-8.0	50.0	-1.0	
1501451638156	185729029763904	323.0	-8.0	50.0	-1.0	
1501451638174	185729049905505	323.0	-8.0	50.0	-1.0	
1501451638192	185729070047107	323.0	-8.0	50.0	-1.0	
1501451638210	185729090188709	323.0	-8.0	50.0	-1.0	
1501451638228	185729110330310	323.0	-8.0	50.0	-1.0	
1501451638245	185729130471912	323.0	-8.0	50.0	-1.0	
1501451638281	185729150613513	323.0	-7.0	50.0	-1.0	
1501451638299	185729170755115	323.0	-7.0	50.0	-1.0	
1501451638317	185729190896716	323.0	-7.0	50.0	-1.0	
1501451638335	185729211038318	323.0	-7.0	50.0	-1.0	
1501451638352	185729231181053	323.0	-7.0	50.0	-1.0	
1501451638370	185729251322654	323.0	-7.0	50.0	-1.0	
1501451638389	185729271464256	323.0	-7.0	50.0	-1.0	
1501451638424	185729291605857	323.0	-7.0	50.0	-1.0	
1501451638442	185729311747459	323.0	-7.0	50.0	-1.0	
1501451638460	185729331889060	323.0	-7.0	50.0	-1.0	
1501451638477	185729352030662	323.0	-7.0	50.0	-1.0	
1501451638496	185729372172263	323.0	-7.0	50.0	-1.0	
1501451638513	185729392313865	323.0	-7.0	50.0	-1.0	
1501451638531	185729412455467	322.16156005859375	-6.1615753173828125	50.0	-1.0	
1501451638549	185729432597068	322.0	-6.0	50.0	-1.0	
1501451638584	185729452738670	322.0	-6.0	50.0	-1.0	
1501451638604	185729472880271	322.0	-6.0	50.0	-1.0	
1501451638620	185729493021873	322.0	-5.7421112060546875	50.0	-1.0	
1501451638639	185729513163474	322.0	-5.0	50.0	-1.0	
1501451638656	185729533305076	322.0	-5.0	50.0	-1.0	
1501451638674	185729553446678	322.0	-5.0	50.0	-1.0	
1501451638692	185729573588279	322.0	-5.0	50.0	-1.0	
1501451638715	185729593729881	322.0	-5.0	50.0	-1.0	
1501451638727	185729613871482	322.0	-4.1497650146484375	49.14976501464844	-1.0	
1501451638745	185729634013084	321.05157470703125	-4.0	49.0	-1.0	
1501451638781	185729654154685	321.0	-4.0	49.0	-1.0	
1501451638799	185729674296287	321.0	-4.0	49.14640808105469	-1.0	
1501451638817	185729694437888	321.0	-4.0	50.0	-1.0	
1501451638834	185729714579490	321.0	-4.0	50.0	-1.0	
1501451638852	185729734721092	321.0	-4.0	50.0	-1.0	
1501451638871	185729754862693	321.0	-4.0	50.0	-1.0	
1501451638888	185729775004295	321.0	-3.3610687255859375	50.0	-1.0	
1501451638906	185729795145896	321.0	-3.0	50.0	-1.0	
1501451638924	185729815287498	321.0	-3.0	50.0	-1.0	
1501451638942	185729835429099	321.0	-3.0	50.0	-1.0	
1501451638978	185729855570701	321.0	-3.0	50.0	-1.0	
1501451638995	185729875712303	321.0	-3.0	50.0	-1.0	
1501451639013	185729895853904	321.0	-3.0	50.0	-1.0	
1501451639031	185729915995506	321.0	-3.0	49.55363464355469	-1.0	
1501451639049	185729936137107	321.0	-3.0	49.0	-1.0	
1501451639066	185729956278709	321.0	-3.0	49.0	-1.0	
1501451639085	185729976420310	321.0	-3.0	49.0	-1.0	
1501451639120	185729996561912	321.0	-3.0	49.01383972167969	-1.0	
1501451639138	185730016703513	321.0	-3.0	50.0	-1.0	
1501451639156	185730036845115	321.0	-3.0	50.0	-1.0	
1501451639174	185730056986717	321.0	-3.0	50.0	-1.0	
1501451639192	185730077128318	321.0	-3.0	50.0	-1.0	
1501451639210	185730097269920	321.0	-3.0	50.0	-1.0	
1501451639227	185730117411521	321.0	-3.0	50.0	-1.0	
1501451639263	185730137553123	320.0	-3.0	50.0	-1.0	
1501451639281	185730157694724	320.0	-3.0	50.14878845214844	-1.0	
1501451639300	185730177836326	320.0	-2.7093505859375	51.0	-1.0	
1501451639317	185730197977928	320.0	-2.0	51.0	-1.0	
1501451639335	185730218119529	320.0	-2.0	51.0	-1.0	
1501451639353	185730238261131	320.0	-2.0	51.0	-1.0	
1501451639371	185730258402732	320.0	-2.0	51.0	-1.0	
1501451639388	185730278544334	320.0	-2.0	51.0	-1.0	
1501451639424	185730298685935	320.0	-2.0	51.0	-1.0	
1501451639442	185730318827537	320.0	-2.0	51.0	-1.0	
1501451639460	185730338969138	320.0	-2.0	51.0	-1.0	
1501451639478	185730359110740	320.0	-2.0	51.0	-1.0	
1501451639495	185730379252342	320.0	-2.0	51.0	-1.0	
1501451639514	185730399393943	320.0	-2.0	51.0	-1.0	
1501451639531	185730419535545	320.0	-2.0	51.0	-1.0	
1501451639567	185730439677146	320.0	-2.0	51.0	-1.0	
1501451639585	185730459818748	320.0	-2.0	51.0	-1.0	
1501451639614	185730479960349	320.0	-2.0	51.0	-1.0	
1501451639621	185730500101951	320.0	-2.0	51.0	-1.0	
1501451639638	185730520243553	320.0	-2.0	51.0	-1.0	
1501451639656	185730540385154	320.0	-2.0	51.0	-1.0	
1501451639676	185730560526756	320.0	-2.0	50.01385498046875	-1.0	
1501451639710	185730580668357	320.0	-2.0	50.0	-1.0	
1501451639728	185730600809959	320.0	-2.0	50.0	-1.0	
1501451639746	185730620951560	320.0	-2.0	50.0	-1.0	
1501451639763	185730641093162	320.0	-2.0	50.0	-1.0	
1501451639781	185730661234763	320.0	-2.0	50.0	-1.0	
1501451639800	185730681376365	320.83734130859375	-2.0	50.0	-1.0	
1501451639817	185730701517967	321.0	-2.0	50.0	-1.0	
1501451639857	185730721659568	320.0	-2.0	50.0	-1.0	
1501451639871	185730741801170	320.0	-2.0	50.0	-1.0	
1501451639889	185730761942771	320.0	-2.0	50.0	-1.0	
1501451639907	185730782084373	320.0	-2.0	50.0	-1.0	
1501451639924	185730802225974	320.0	-2.5609283447265625	50.0	-1.0	
1501451639943	185730822367576	320.0	-3.0	50.0	-1.0	
1501451639960	185730842509178	320.0	-2.2353973388671875	50.0	-1.0	
1501451639979	185730862650779	320.0	-2.0	50.0	-1.0	
1501451639996	185730882792381	320.0	-2.0	50.0	-1.0	
1501451640035	185730902933982	320.0	-2.0	50.0	-1.0	
1501451640052	185730923075584	320.0	-2.0	50.0	-1.0	
1501451640068	185730943217185	320.0	-2.0	50.0	-1.0	
1501451640085	185730963358787	320.0	-2.0	50.0	-1.0	
1501451640105	185730983500388	320.0	-2.0	50.0	-1.0	
1501451640121	185731003641990	320.0	-2.0	50.0	-1.0	
1501451640138	185731023783592	320.0	-2.0	50.0	-1.0	
1501451640157	185731043925193	320.0	-2.0	50.0	-1.0	
1501451640174	185731064066795	320.0	-2.0	50.0	-1.0	
1501451640192	185731084208396	320.0	-2.0	50.0	-1.0	
1501451640228	185731104349998	320.0	-2.09014892578125	50.0	-1.0	
1501451640246	185731124491599	320.1919860839844	-2.808013916015625	50.0	-1.0	
1501451640264	185731144633201	321.0	-2.0	50.0	-1.0	
1501451640281	185731164774803	321.0	-2.3956451416015625	50.0	-1.0	
1501451640299	185731184916404	321.0	-3.0	50.0	-1.0	
1501451640318	185731205058006	321.0	-3.0	50.0	-1.0	
1501451640335	185731225199607	321.0	-3.0	50.0	-1.0	
1501451640353	185731245341209	321.0	-3.0	50.0	-1.0	
1501451640388	185731265482810	321.0	-3.0	50.0	-1.0	
1501451640407	185731285624412	321.0	-3.0	50.0	-1.0	
1501451640425	185731305766013	321.0	-3.0	50.0	-1.0	
1501451640442	185731325907615	321.0	-3.0	50.0	-1.0	
1501451640460	185731346049217	321.0	-3.0	50.0	-1.0	
1501451640478	185731366190818	321.0	-3.0	50.0	-1.0	
1501451640514	185731386332420	321.0	-3.0	50.0	-1.0	
1501451640531	185731406474021	321.0	-3.0	50.0	-1.0	
1501451640549	185731426615623	321.0	-3.0	50.0	-1.0	
1501451640567	185731446757224	321.0	-3.0	50.0	-1.0	
1501451640586	185731466898826	321.0	-3.0	50.0	-1.0	
1501451640605	185731487040428	321.0	-3.0	50.0	-1.0	
1501451640639	185731507182029	321.0	-3.0	50.0	-1.0	
1501451640657	185731527323631	321.0	-3.0	50.0	-1.0	
1501451640674	185731547465232	321.0	-3.0	50.0	-1.0	
1501451640693	185731567606834	321.0	-3.0	50.0	-1.0	
1501451640710	185731587748435	321.0	-3.0	50.0	-1.0	
1501451640728	185731607890037	321.0	-3.0	50.0	-1.0	
1501451640746	185731628031638	321.0	-3.0	50.0	-1.0	
1501451640764	185731648173240	321.0	-3.0	50.0	-1.0	
1501451640799	185731668314842	321.0	-3.0	50.0	-1.0	
1501451640818	185731688456443	321.0	-3.0	49.759796142578125	-1.0	
1501451640835	185731708598045	321.0	-3.0	49.36456298828125	-1.0	
1501451640853	185731728739646	321.0	-3.0	50.0	-1.0	
1501451640871	185731748881248	321.0	-3.0	50.0	-1.0	
1501451640889	185731769022849	321.0	-3.0	50.0	-1.0	
1501451640907	185731789164451	321.0	-3.0	50.0	-1.0	
1501451640925	185731809306053	321.0	-3.0	50.0	-1.0	
1501451640961	185731829447654	321.0	-3.0	50.0	-1.0	
1501451640979	185731849589256	321.0	-3.0	50.0	-1.0	
1501451640997	185731869730857	321.0	-3.0	50.0	-1.0	
1501451641014	185731889872459	321.0	-3.0	50.0	-1.0	
1501451641032	185731910014060	321.0	-3.0	50.0	-1.0	
1501451641051	185731930155662	321.0	-3.0	50.0	-1.0	
1501451641072	185731950297263	321.0	-3.0	50.0	-1.0	
1501451641085	185731970438865	321.0	-3.0	50.0	-1.0	
1501451641121	185731990580467	321.09881591796875	-3.0	50.0	-1.0	
1501451641139	185732010722068	321.7772216796875	-3.0	50.0	-1.0	
1501451641157	185732030863670	321.3458251953125	-3.0	50.0	-1.0	
1501451641175	185732051005271	321.5298156738281	-3.0	50.0	-1.0	
1501451641192	185732071146873	321.0	-3.0	50.0	-1.0	
1501451641210	185732091288474	321.7176818847656	-3.0	50.0	-1.0	
1501451641228	185732111430076	322.0	-3.0	50.0	-1.0	
1501451641246	185732131571678	322.0	-3.0	49.03407287597656	-1.0	
1501451641281	185732151713279	322.0	-3.0	49.0	-1.0	
1501451641300	185732171854881	322.0	-3.0	49.21293640136719	-1.0	
1501451641318	185732191996482	322.0	-3.0	49.66270446777344	-1.0	
1501451641336	185732212138084	322.0	-3.0	49.0	-1.0	
1501451641353	185732232279685	322.0	-3.0	49.0	-1.0	
1501451641371	185732252421287	322.0	-3.0	49.0	-1.0	
1501451641389	185732272562888	322.0	-3.0	49.0	-1.0	
1501451641407	185732292704490	322.0	-3.0	49.0	-1.0	
1501451641442	185732312846092	322.0	-3.0	49.0	-1.0	
1501451641460	185732332987693	322.0	-3.0	49.0	-1.0	
1501451641478	185732353129295	322.0	-3.0	49.0	-1.0	
1501451641496	185732373270896	322.0	-3.0	49.0	-1.0	
1501451641514	185732393412498	322.0	-3.0	49.0	-1.0	
1501451641532	185732413554099	322.0	-3.0	49.0	-1.0	
1501451641550	185732433695701	322.0	-3.0	49.0	-1.0	
1501451641568	185732453837303	322.0	-3.0	49.0	-1.0	
1501451641603	185732473978904	321.928466796875	-3.0	49.0	-1.0	
1501451641622	185732494120506	321.0	-3.0	49.0	-1.0	
1501451641639	185732514262107	321.0	-3.0	49.0	-1.0	
1501451641658	185732534403709	321.0	-3.0	49.44291687011719	-1.0	
1501451641675	185732554545310	321.5663146972656	-3.0	50.0	-1.0	
1501451641692	185732574686912	321.31005859375	-3.0	50.0	-1.0	
1501451641711	185732594828513	321.8143005371094	-3.0	50.0	-1.0	
1501451641728	185732614970115	322.0	-3.0	50.0	-1.0	
1501451641764	185732635111717	321.93865966796875	-3.0	50.0	-1.0	
1501451641782	185732655253318	321.0	-3.0	50.0	-1.0	
1501451641799	185732675394920	321.0	-3.0	50.0	-1.0	
1501451641818	185732695536521	321.43365478515625	-3.0	50.0	-1.0	
1501451641835	185732715678123	322.0	-3.0	50.0	-1.0	
1501451641853	185732735819724	322.0	-3.0	50.0	-1.0	
1501451641871	185732755961326	322.0	-3.0	50.0	-1.0	
1501451641889	185732776102928	322.0	-3.0	50.0	-1.0	
1501451641925	185732796244529	322.0	-3.0	50.0	-1.0	
1501451641942	185732816386131	322.0	-3.0	50.0	-1.0	
1501451641960	185732836527732	322.0	-3.0	50.0	-1.0	
1501451641982	185732856669334	322.0	-3.0	50.0	-1.0	
1501451641996	185732876810935	322.0	-3.0	50.0	-1.0	
1501451642014	185732896952537	322.0	-3.0	50.0	-1.0	
1501451642032	185732917094138	322.0	-3.0	50.0	-1.0	
1501451642049	185732937235740	322.0	-3.0	50.0	-1.0	
1501451642085	185732957377342	322.0	-3.0	50.0	-1.0	
1501451642103	185732977518943	322.0	-3.0	50.0	-1.0	
1501451642121	185732997660545	322.0	-3.0	50.0	-1.0	
1501451642139	185733017802146	322.0	-3.0	50.0	-1.0	
1501451642157	185733037943748	322.0	-3.0	50.0	-1.0	
1501451642175	185733058085349	322.0	-3.0	50.0	-1.0	
1501451642194	185733078226951	322.0	-3.0	50.0	-1.0	
1501451642210	185733098368553	322.0	-3.0	50.0	-1.0	
1501451642246	185733118510154	322.0	-3.0	50.0	-1.0	
1501451642264	185733138651756	322.0	-3.0	50.0	-1.0	
1501451642282	185733158793357	322.0	-3.0	50.0	-1.0	
1501451642300	185733178934959	322.0	-3.0	50.0	-1.0	
1501451642318	185733199076560	322.0	-3.0	50.0	-1.0	
1501451642335	185733219218162	322.0	-3.0	50.0	-1.0	
1501451642354	185733239359763	322.0	-3.0	50.0	-1.0	
1501451642371	185733259501365	322.0	-3.0	50.0	-1.0	
1501451642407	185733279642967	322.0	-3.0	50.0	-1.0	
1501451642425	185733299784568	322.0	-3.0	50.0	-1.0	
1501451642443	185733319926170	322.0	-3.0	50.0	-1.0	
1501451642461	185733340067771	322.0	-3.0	50.0	-1.0	
1501451642479	185733360209373	322.0	-3.0	50.0	-1.0	
1501451642496	185733380350974	322.0	-3.0	50.0	-1.0	
1501451642515	185733400492576	322.0	-3.0	50.0	-1.0	
1501451642532	185733420634178	322.0	-3.0	50.0	-1.0	
1501451642569	185733440775779	322.0	-3.0	50.0	-1.0	
1501451642585	185733460917381	322.0	-3.0	50.0	-1.0	
1501451642603	185733481058982	322.0	-3.0	50.0	-1.0	
1501451642622	185733501200584	322.0	-3.0	50.0	-1.0	
1501451642639	185733521342185	322.0	-3.0	50.0	-1.0	
1501451642657	185733541483787	322.0	-3.0	50.0	-1.0	
1501451642676	185733561625388	322.0	-3.0	50.0	-1.0	
1501451642694	185733581766990	322.0	-3.0	50.0	-1.0	
1501451642729	185733601908592	322.0	-3.0	50.0	-1.0	
1501451642746	185733622050193	322.0	-3.0	50.0	-1.0	
1501451642769	185733642191795	322.0	-3.0	50.0	18.0	
1501451642788	185733662333396	322.0	-3.0	50.0	18.0	
1501451642803	185733682474998	322.0	-3.0	50.0	18.0	
1501451642822	185733702616599	322.0	-3.0	50.0	18.0	
1501451642841	185733722758201	322.0	-3.0	50.0	18.0	
1501451642854	185733742899803	322.0	-3.0	50.0	18.0	
1501451642875	185733763041404	322.0	-3.0	50.0	18.0	
1501451642912	185733783183006	322.0	-3.0	50.0	18.0	
1501451642933	185733803324607	322.0	-3.0	50.0	18.0	
1501451642947	185733823466209	322.0	-3.0	50.0	18.0	
1501451642964	185733843607810	322.0	-3.0	50.0	18.0	
1501451642979	185733863749412	322.0	-3.0	50.0	18.0	
1501451642999	185733883891013	322.0	-3.0	50.0	18.0	
1501451643015	185733904032615	322.0	-3.0	50.0	18.0	
1501451643034	185733924174217	322.0	-3.0	50.0	18.0	
1501451643070	185733944315818	322.0	-3.0	50.0	18.0	
1501451643088	185733964457420	322.0	-3.0	50.0	18.0	
1501451643108	185733984599021	322.0	-3.0	50.0	18.0	
1501451643125	185734004740623	322.0	-3.0	50.0	18.0	
1501451643140	185734024882224	322.0	-3.0	50.0	18.0	
1501451643160	185734045023826	322.73126220703125	-3.0	49.26872253417969	18.0	
1501451643175	185734065165428	323.0	-3.0	49.0	18.0	
1501451643194	185734085307029	323.0	-3.0	49.0	18.0	
1501451643230	185734105448631	323.0	-3.0	49.0	18.0	
1501451643249	185734125590232	323.0	-3.0	49.0	18.0	
1501451643267	185734145731834	323.0	-3.0	49.0	18.0	
1501451643284	185734165873435	323.0	-3.0	49.0	18.0	
1501451643300	185734186015037	323.0	-3.0	49.0	18.0	
1501451643325	185734206156638	323.0	-3.0	49.0	18.0	
1501451643337	185734226298240	323.0	-3.0	49.0	18.0	
1501451643359	185734246439842	323.0	-3.0	49.0	18.0	
1501451643391	185734266581443	323.0	-3.0	49.0	18.0	
1501451643409	185734286723045	323.0	-3.0	49.0	18.0	
1501451643427	185734306864646	323.0	-3.0	49.0	18.0	
1501451643444	185734327006248	323.0	-3.0	49.0	18.0	
1501451643462	185734347147849	323.0	-3.0	49.0	18.0	
1501451643483	185734367289451	323.0	-3.0	49.0	18.0	
1501451643497	185734387431053	323.0	-3.0	49.0	18.0	
1501451643516	185734407572654	323.0	-3.0	49.0	18.0	
1501451643551	185734427714256	323.0	-3.0	49.0	18.0	
1501451643574	185734447855857	323.0	-3.0	49.0	18.0	
1501451643595	185734467997459	323.0	-3.0	49.0	18.0	
1501451643606	185734488139060	323.0	-2.5434417724609375	48.54344177246094	18.0	
1501451643624	185734508280662	322.4190673828125	-2.0	48.0	18.0	
1501451643643	185734528422263	322.0	-2.0	48.0	18.0	
1501451643658	185734548563865	322.0	-2.0	48.0	18.0	
1501451643681	185734568705467	322.0	-2.0	48.0	18.0	
1501451643713	185734588847068	322.0	-2.0	49.0	18.0	
1501451643731	185734608988670	322.0	-2.0	49.0	18.0	
1501451643749	185734629130271	322.0	-2.0	49.0	18.0	
1501451643766	185734649271873	322.0	-2.0	49.0	18.0	
1501451643784	185734669413474	322.0	-2.0	49.0	18.0	
1501451643802	185734689555076	322.0	-2.0	49.0	18.0	
1501451643820	185734709696678	322.0	-1.0418243408203125	49.0	18.0	
1501451643855	185734729838279	321.0	-1.0	49.0	18.0	
1501451643873	185734749979881	321.0	-1.0	49.0	18.0	
1501451643891	185734770121482	321.0	-1.0	49.0	18.0	
1501451643908	185734790263084	321.0	-1.0	49.0	18.0	
1501451643926	185734810404685	321.0	-1.0	49.0	18.0	
1501451643945	185734830546287	321.0	-1.0	49.0	18.0	
1501451643981	185734850687888	321.0	-1.0	49.0	18.0	
1501451643998	185734870829490	321.0	-1.0	49.0	18.0	
1501451644016	185734890971092	321.0	-1.0	49.0	18.0	
1501451644034	185734911112693	321.0	-1.0	49.46595764160156	18.0	
1501451644051	185734931254295	321.0	-0.3832855224609375	50.0	18.0	
1501451644071	185734951395896	321.0	0.0	50.0	18.0	
1501451644087	185734971537498	321.0	0.0	50.0	18.0	
1501451644124	185734991679099	321.0	0.0	50.0	18.0	
1501451644141	185735011820701	321.0	0.0	50.0	18.0	
1501451644159	185735031962303	321.0	0.0	50.0	18.0	
1501451644177	185735052103904	321.0	0.0	50.0	18.0	
1501451644194	185735072245506	320.3275146484375	0.0	50.0	18.0	
1501451644213	185735092387107	320.0	0.0	50.0	18.0	
1501451644232	185735112528709	320.0	0.0	50.0	18.0	
1501451644267	185735132670310	320.0	0.0	51.0	18.0	
1501451644284	185735152811912	320.0	0.0	51.0	18.0	
1501451644302	185735172953513	320.0	0.0	51.0	18.0	
1501451644319	185735193095115	320.0	0.0	51.0	18.0	
1501451644338	185735213236717	320.0	0.0	51.0	18.0	
1501451644355	185735233378318	320.644287109375	0.0	51.0	18.0	
1501451644374	185735253519920	321.0	-0.7529296875	51.0	18.0	
1501451644393	185735273661521	321.0	-1.0	51.0	18.0	
1501451644410	185735293803123	320.03021240234375	-0.03021240234375	51.0	18.0	
1501451644445	185735313944724	320.0	0.0	51.0	18.0	
1501451644464	185735334086326	320.0	0.0	51.0	18.0	
1501451644481	185735354227928	320.0	0.0	51.0	18.0	
1501451644499	185735374369529	320.0	0.0	51.0	18.0	
1501451644517	185735394511131	320.0	0.0	50.487396240234375	18.0	
1501451644536	185735414652732	320.62078857421875	-0.6208038330078125	50.0	18.0	
1501451644555	185735434794334	321.0	-1.0	50.0	18.0	
1501451644571	185735454935935	321.0	-1.0	50.0	18.0	
1501451644588	185735475077537	321.0	-1.0	50.0	18.0	
1501451644624	185735495219138	321.0	-1.0	50.0	18.0	
1501451644642	185735515360740	321.0	-1.0	50.0	18.0	
1501451644659	185735535502342	321.0	-1.2718048095703125	50.0	18.0	
1501451644677	185735555643943	321.0	-2.0	50.0	18.0	
1501451644695	185735575785545	321.0	-2.0	50.0	18.0	
1501451644712	185735595927146	321.0	-2.0	50.0	18.0	
1501451644732	185735616068748	321.0	-2.0	50.0	18.0	
1501451644747	185735636210349	321.0	-2.0	50.0	18.0	
1501451644768	185735656351951	321.0	-2.0	50.0	18.0	
1501451644804	185735676493553	321.0	-2.0	50.0	18.0	
1501451644822	185735696635154	321.0	-2.0	50.0	18.0	
1501451644839	185735716776756	321.0	-2.0	50.0	18.0	
1501451644856	185735736918357	321.0	-2.0	50.0	18.0	
1501451644876	185735757059959	321.0	-2.0	50.0	18.0	
1501451644893	185735777201560	321.0	-2.0	50.0	18.0	
1501451644909	185735797343162	321.0	-2.0	50.0	18.0	
1501451644931	185735817484763	321.0	-2.0	50.0	18.0	
1501451644946	185735837626365	321.0	-2.0	50.0	18.0	
1501451644982	185735857767967	321.0	-1.8938446044921875	50.0	18.0	
1501451645006	185735877909568	321.0	-1.0	50.0	18.0	
1501451645016	185735898051170	321.0	-1.0	50.0	18.0	
1501451645035	185735918192771	321.0	-1.0	50.0	18.0	
1501451645052	185735938334373	321.0	-1.0	50.0	18.0	
1501451645068	185735958475974	321.0	-1.7568359375	50.0	18.0	
1501451645089	185735978617576	321.0	-2.0	50.0	18.0	
1501451645125	185735998759178	321.0	-2.0	50.0	18.0	
1501451645144	185736018900779	321.0	-2.0	50.0	18.0	
1501451645159	185736039042381	321.0	-2.0	50.0	18.0	
1501451645178	185736059183982	321.0	-2.0	50.0	18.0	
1501451645196	185736079325584	321.0	-2.0	50.0	18.0	
1501451645213	185736099467185	321.0	-2.0	50.0	18.0	
1501451645229	185736119608787	321.0	-2.0	50.0	18.0	
1501451645251	185736139750388	321.0	-2.0	50.0	18.0	
1501451645285	185736159891990	321.0	-2.0	50.0	18.0	
1501451645303	185736180033592	321.0	-2.0	50.0	18.0	
1501451645321	185736200175193	321.0	-2.0	50.0	18.0	
1501451645338	185736220316795	321.0	-2.0	50.0	18.0	
1501451645356	185736240458396	321.0	-2.0	50.0	18.0	
1501451645374	185736260599998	321.0	-2.0	50.0	18.0	
1501451645390	185736280741599	321.0	-2.0	50.0	18.0	
1501451645411	185736300883201	321.0	-2.0	50.0	18.0	
1501451645445	185736321024803	321.0	-2.0	50.0	18.0	
1501451645463	185736341166404	321.0	-2.0	50.0	18.0	
1501451645481	185736361308006	321.0	-2.0	50.0	18.0	
1501451645499	185736381449607	321.0	-2.0	50.0	18.0	
1501451645518	185736401591209	321.0	-2.0	50.0	18.0	
1501451645535	185736421732810	321.0	-2.0	50.0	18.0	
1501451645551	185736441874412	321.0	-2.0	50.0	18.0	
1501451645588	185736462016013	321.0	-2.0	50.0	18.0	
1501451645606	185736482157615	321.0	-2.0	50.0	18.0	
1501451645625	185736502299217	321.0	-2.0	50.0	18.0	
1501451645641	185736522440818	321.0	-2.0	50.0	18.0	
1501451645659	185736542582420	321.0	-2.0	50.0	18.0	
1501451645679	185736562724021	321.0	-2.0	50.0	18.0	
1501451645696	185736582865623	321.0	-2.0	50.0	18.0	
1501451645712	185736603007224	321.0	-2.0	50.0	18.0	
1501451645749	185736623148826	321.0	-2.0	50.0	18.0	
1501451645768	185736643290428	321.0	-2.0	50.0	18.0	
1501451645786	185736663432029	321.0	-2.0	50.0	18.0	
1501451645802	185736683573631	321.0	-2.0	50.0	18.0	
1501451645821	185736703715232	321.0	-2.0	50.0	18.0	
1501451645844	185736723856834	321.0	-2.0	50.0	18.0	
1501451645855	185736743998435	321.0	-2.0	50.0	18.0	
1501451645874	185736764140037	321.0	-2.0	50.0	18.0	
1501451645910	185736784281638	321.0	-2.0	50.0	18.0	
1501451645928	185736804423240	321.0	-2.0	50.0	18.0	
1501451645949	185736824564842	321.0	-2.0	50.0	18.0	
1501451645963	185736844706443	321.0	-2.0	50.0	18.0	
1501451645982	185736864848045	321.0	-2.0	50.0	18.0	
1501451646005	185736884989646	321.0	-2.0	50.0	18.0	
1501451646016	185736905131248	321.0	-2.0	50.0	18.0	
1501451646053	185736925272849	321.0	-2.0	50.0	18.0	
1501451646070	185736945414451	321.0	-2.0	50.0	18.0	
1501451646088	185736965556053	321.0	-2.0	50.0	18.0	
1501451646107	185736985697654	321.0	-2.0	50.0	18.0	
1501451646126	185737005839256	321.0	-2.0	50.0	18.0	
1501451646141	185737025980857	321.0	-2.0	50.0	18.0	
1501451646161	185737046122459	321.0	-2.0	50.0	18.0	
1501451646176	185737066264060	321.0	-2.0	50.0	18.0	
1501451646217	185737086405662	321.0	-2.0	50.0	18.0	
1501451646231	185737106547263	321.0	-2.0	50.0	18.0	
1501451646249	185737126688865	321.0	-2.0	50.0	18.0	
1501451646268	185737146830467	321.0	-2.0	50.0	18.0	
1501451646284	185737166972068	321.0	-2.0	50.0	18.0	
1501451646302	185737187113670	321.0	-2.0	50.0	18.0	
1501451646321	185737207255271	321.0	-2.0	50.0	18.0	
1501451646336	185737227396873	321.0	-2.0	50.0	18.0	
1501451646373	185737247538474	321.0	-2.0	50.0	18.0	
1501451646392	185737267680076	321.0	-2.0	50.0	18.0	
1501451646410	185737287821678	321.0	-2.0	50.0	18.0	
1501451646429	185737307963279	321.0	-2.0	50.0	18.0	
1501451646445	185737328104881	321.0	-2.0	50.0	18.0	
1501451646464	185737348246482	321.0	-2.0	50.0	18.0	
1501451646483	185737368388084	321.0	-2.0	50.0	18.0	
1501451646498	185737388529685	321.0	-2.0	50.0	18.0	
1501451646536	185737408671287	321.0	-2.0	50.0	18.0	
1501451646553	185737428812888	321.0	-2.0	50.0	18.0	
1501451646571	185737448954490	321.0	-2.0	50.0	18.0	
1501451646590	185737469096092	321.0	-1.482879638671875	50.0	18.0	
1501451646608	185737489237693	321.0	-1.0	49.352752685546875	18.0	
1501451646626	185737509379295	321.0	-1.0	49.0	18.0	
1501451646644	185737529520896	321.0	-1.0	49.0	18.0	
1501451646677	185737549662498	320.96234130859375	-2.0	49.0	18.0	
1501451646695	185737569804099	320.0	-2.0	49.0	18.0	
1501451646713	185737589945701	320.0	-2.0	49.0	18.0	
1501451646731	185737610087303	320.0	-2.0	49.0	18.0	
1501451646751	185737630228904	320.0	-2.0	49.0	18.0	
1501451646767	185737650370506	320.0	-2.0	49.0	18.0	
1501451646785	185737670512107	320.0	-2.8184814453125	49.0	18.0	
1501451646801	185737690653709	320.0	-3.0	49.0	18.0	
1501451646840	185737710795310	320.0	-3.0	49.0	18.0	
1501451646867	185737730936912	320.0	-3.0	49.0	18.0	
1501451646877	185737751078513	320.0	-3.0	49.0	18.0	
1501451646892	185737771220115	320.0	-3.0	49.0	18.0	
1501451646911	185737791361717	320.0	-3.0	49.0	18.0	
1501451646927	185737811503318	320.0	-3.0	49.0	18.0	
1501451646948	185737831644920	320.0	-3.0	49.0	18.0	
1501451646961	185737851786521	320.0	-3.0	49.989715576171875	18.0	
1501451646998	185737871928123	320.0	-3.0	50.0	18.0	
1501451647018	185737892069724	319.75	-3.0	50.0	18.0	
1501451647034	185737912211326	319.0	-3.0	50.0	18.0	
1501451647052	185737932352928	319.0	-3.0	50.0	18.0	
1501451647077	185737952494529	319.0	-3.0	50.0	18.0	
1501451647096	185737972636131	319.0	-3.0	50.0	18.0	
1501451647109	185737992777732	319.0	-2.0993194580078125	50.0	18.0	
1501451647141	185738012919334	319.03082275390625	-2.0	50.0	18.0	
1501451647159	185738033060935	320.0	-2.16094970703125	50.0	18.0	
1501451647178	185738053202537	320.0	-3.0	50.0	18.0	
1501451647196	185738073344138	320.0	-3.0	50.0	18.0	
1501451647213	185738093485740	319.4486389160156	-3.0	50.0	18.0	
1501451647232	185738113627342	318.3184814453125	-3.0	50.0	18.0	
1501451647249	185738133768943	318.0	-3.0	50.81163024902344	18.0	
1501451647266	185738153910545	318.0	-3.9417724609375	51.0	18.0	
1501451647302	185738174052146	318.0	-4.0719146728515625	51.07191467285156	18.0	
1501451647320	185738194193748	318.0	-5.0	52.0	18.0	
1501451647338	185738214335349	318.0	-4.667816162109375	51.667816162109375	18.0	
1501451647356	185738234476951	318.0	-4.0	51.0	18.0	
1501451647375	185738254618553	318.0	-3.4075469970703125	51.0	18.0	
1501451647393	185738274760154	318.0	-3.0	51.0	18.0	
1501451647415	185738294901756	318.0	-3.0	51.0	18.0	
1501451647428	185738315043357	318.0	-3.0	51.0	18.0	
1501451647463	185738335184959	318.0	-3.0	51.0	18.0	
1501451647483	185738355326560	318.0	-3.0	51.0	18.0	
1501451647499	185738375468162	318.0	-3.0	51.0	18.0	
1501451647517	185738395609763	318.0	-3.0	51.0	18.0	
1501451647536	185738415751365	318.0	-2.3664398193359375	51.0	18.0	
1501451647553	185738435892967	318.0	-2.0	51.0	18.0	
1501451647570	185738456034568	318.0	-2.0	51.0	18.0	
1501451647606	185738476176170	318.0	-2.0	50.0	18.0	
1501451647628	185738496317771	318.0	-2.0	50.0	18.0	
1501451647643	185738516459373	318.0	-2.0	50.0	18.0	
1501451647661	185738536600974	318.0	-2.0	50.0	18.0	
1501451647678	185738556742576	318.0	-2.0	50.0	18.0	
1501451647696	185738576884178	318.0	-2.0	50.0	18.0	
1501451647716	185738597025779	318.0	-2.0	50.0	18.0	
1501451647738	185738617167381	318.0	-2.0	50.0	18.0	
1501451647769	185738637308982	318.0	-2.0	50.0	18.0	
1501451647784	185738657450584	318.0	-2.0	50.0	18.0	
1501451647803	185738677592185	318.0	-1.6746673583984375	50.0	18.0	
1501451647825	185738697733787	318.0	-1.0	50.0	18.0	
1501451647845	185738717875388	318.0	-1.0	50.0	18.0	
1501451647859	185738738016990	318.0	-1.0	50.0	18.0	
1501451647875	185738758158592	317.15411376953125	-1.84588623046875	50.0	18.0	
1501451647891	185738778300193	317.0	-2.0	50.0	18.0	
1501451647927	185738798441795	317.0	-2.0	50.0	18.0	
1501451647945	185738818583396	317.0	-2.0	50.0	18.0	
1501451647962	185738838724998	317.0	-2.0	50.366424560546875	18.0	
1501451647983	185738858866599	317.0	-2.0	51.0	18.0	
1501451647998	185738879008201	317.0	-2.0	51.0	18.0	
1501451648016	185738899149803	316.2431640625	-2.0	51.0	18.0	
1501451648035	185738919291404	316.0	-2.0	51.0	18.0	
1501451648068	185738939433006	316.0	-2.0	51.0	18.0	
1501451648087	185738959574607	316.0	-2.0	51.0	18.0	
1501451648105	185738979716209	315.72259521484375	-2.0	51.0	18.0	
1501451648123	185738999857810	315.0	-2.40753173828125	51.0	18.0	
1501451648147	185739019999412	315.0	-3.0	51.0	18.0	
1501451648162	185739040141013	314.33221435546875	-3.0	51.66780090332031	18.0	
1501451648177	185739060282615	314.0	-3.0	52.0	18.0	
1501451648203	185739080424217	313.0719299316406	-3.0	52.0	18.0	
1501451648229	185739100565818	313.0	-3.0	52.0	18.0	
1501451648252	185739120707420	313.0	-3.0	52.0	18.0	
1501451648267	185739140849021	313.3184814453125	-3.0	51.6815185546875	18.0	
1501451648287	185739160990623	314.0	-3.0	51.0	18.0	
1501451648306	185739181132224	314.0	-3.0	50.421234130859375	18.0	
1501451648329	185739201273826	314.0	-2.291107177734375	50.0	18.0	
1501451648339	185739221415428	314.83905029296875	-2.0	50.0	18.0	
1501451648360	185739241558735	315.0	-2.0	49.03082275390625	18.0	
1501451648391	185739261700337	315.0	-1.0	49.0	18.0	
1501451648410	185739281841938	315.0	-1.0	49.0	18.0	
1501451648429	185739301983540	315.0	-1.359588623046875	49.0	18.0	
1501451648446	185739322125141	315.0	-2.0	49.0	18.0	
1501451648465	185739342266743	315.0	-2.0	49.0	18.0	
1501451648482	185739362408344	315.0	-1.25	49.0	18.0	
1501451648500	185739382549946	315.0	-1.0	49.0	18.0	
1501451648535	185739402691548	315.0	-1.0	49.0	18.0	
1501451648552	185739422833149	315.0	-1.0	49.0	18.0	
1501451648571	185739442974751	315.0	-1.0	49.0	18.0	
1501451648591	185739463116352	315.0	-1.0	49.0	18.0	
1501451648606	185739483257954	315.0	-1.5308074951171875	49.0	18.0	
1501451648630	185739503399555	315.0	-2.0	49.0	18.0	
1501451648642	185739523541157	315.0	-2.0	49.0	18.0	
1501451648661	185739543682759	315.0	-2.0	49.0	18.0	
1501451648697	185739563824360	315.0	-2.0	49.0	18.0	
1501451648712	185739583965962	315.0	-2.0	49.0	18.0	
1501451648734	185739604107563	315.0	-2.0	49.0	18.0	
1501451648750	185739624249165	315.0	-2.0	49.0	18.0	
1501451648769	185739644390766	315.0	-2.0	49.0	18.0	
1501451648790	185739664532368	315.0	-2.0	49.0	18.0	
1501451648802	185739684673969	315.0	-2.0	49.0	18.0	
1501451648833	185739704815571	315.0	-2.0	49.0	18.0	
1501451648855	185739724957173	315.0	-2.0	50.0	18.0	
1501451648874	185739745098774	315.0	-2.0	50.0	18.0	
1501451648894	185739765240376	315.0	-2.0	50.0	18.0	
1501451648910	185739785381977	315.0	-2.0	50.0	18.0	
1501451648929	185739805523579	315.0	-2.0	50.0	18.0	
1501451648947	185739825665180	315.0	-2.0	50.0	18.0	
1501451648964	185739845806782	315.0	-2.0	50.0	18.0	
1501451649001	185739865948384	315.0	-2.0	50.0	18.0	
1501451649017	185739886089985	315.0	-2.0	50.0	18.0	
1501451649035	185739906231587	315.0	-2.0	50.0	18.0	
1501451649059	185739926373188	315.0	-2.0	50.0	18.0	
1501451649072	185739946514790	315.0	-2.0	50.0	18.0	
1501451649091	185739966656391	315.0	-2.0	50.0	18.0	
1501451649109	185739986797993	315.0	-2.0	50.0	18.0	
1501451649127	185740006939594	315.0	-2.0	50.0	18.0	
1501451649164	185740027081196	315.0	-2.0	50.0	18.0	
1501451649176	185740047222798	315.0	-2.0	50.0	18.0	
1501451649199	185740067364399	315.0	-2.0	50.0	18.0	
1501451649214	185740087506001	315.0	-2.0	50.0	18.0	
1501451649237	185740107647602	315.0	-2.0	50.0	18.0	
1501451649259	185740127789204	315.0	-2.0	50.0	18.0	
1501451649268	185740147930805	315.0	-2.0	50.0	18.0	
1501451649285	185740168072407	315.0	-2.0	50.0	18.0	
1501451649322	185740188214009	315.0	-2.0	50.0	18.0	
1501451649337	185740208355610	315.0	-2.0	50.0	18.0	
1501451649357	185740228497212	315.0	-2.0	50.0	18.0	
1501451649374	185740248638813	315.0	-2.0	50.0	18.0	
1501451649392	185740268780415	315.60614013671875	-2.0	50.0	18.0	
1501451649410	185740288922016	316.0	-2.0	50.0	18.0	
1501451649430	185740309063618	316.0	-2.0	50.0	18.0	
1501451649445	185740329205219	316.0	-2.0	50.0	18.0	
1501451649483	185740349346821	316.0	-2.0	50.0	18.0	
1501451649498	185740369488423	316.0	-2.0	50.0	18.0	
1501451649517	185740389630024	316.0	-2.0	50.0	18.0	
1501451649535	185740409771626	316.0	-2.0	50.0	18.0	
1501451649553	185740429913227	316.0	-2.0	50.0	18.0	
1501451649571	185740450054829	316.0	-2.0	50.0	18.0	
1501451649590	185740470196430	316.0	-2.0	50.0	18.0	
1501451649625	185740490338032	316.0	-2.0	50.0	18.0	
1501451649643	185740510479634	316.0	-2.0	50.0	18.0	
1501451649660	185740530621235	316.0	-2.0	50.0	18.0	
1501451649678	185740550762837	316.0	-2.428070068359375	50.0	18.0	
1501451649697	185740570904438	316.0	-3.0	50.0	18.0	
1501451649714	185740591046040	316.0	-2.3116455078125	50.0	18.0	
1501451649732	185740611187641	316.0	-2.0	50.0	18.0	
1501451649752	185740631329243	316.0	-2.0	50.0	18.0	
1501451649785	185740651470844	316.0	-2.0	50.0	18.0	
1501451649804	185740671612446	316.0	-2.0	50.0	18.0	
1501451649820	185740691754048	316.0	-2.0	50.0	18.0	
1501451649839	185740711895649	316.0	-2.0	50.0	18.0	
1501451649860	185740732037251	316.0	-2.0	50.0	18.0	
1501451649876	185740752178852	316.0	-2.0	50.0	18.0	
1501451649893	185740772320454	316.0	-2.0	50.0	18.0	
1501451649912	185740792462055	316.0	-2.0	50.0	18.0	
1501451649949	185740812603657	316.0	-2.0	50.0	18.0	
1501451649963	185740832745259	316.0	-2.25	50.0	18.0	
1501451649983	185740852886860	316.0	-3.0	50.0	18.0	
1501451650003	185740873028462	316.0	-3.0	50.0	18.0	
1501451650018	185740893170063	316.0	-3.0	50.0	18.0	
1501451650041	185740913311665	316.0	-3.0	50.0	18.0	
1501451650058	185740933453266	316.0	-3.0	50.0	18.0	
1501451650089	185740953594868	317.0	-2.9691925048828125	50.0	18.0	
1501451650106	185740973736469	317.0	-2.0	50.0	18.0	
1501451650125	185740993878071	317.0	-2.0	50.0	18.0	
1501451650143	185741014019673	317.0	-2.0	50.0	18.0	
1501451650161	185741034161274	317.0	-2.0	50.0	18.0	
1501451650178	185741054302876	317.0	-2.0	50.0	18.0	
1501451650196	185741074444477	317.0	-2.0	50.0	18.0	
1501451650214	185741094586079	317.0	-2.0	50.0	18.0	
1501451650251	185741114727680	317.0	-3.0	50.0	18.0	
1501451650267	185741134869282	317.0	-3.0	50.0	18.0	
1501451650287	185741155010884	317.0	-3.0	50.0	18.0	
1501451650304	185741175152485	317.0	-3.0	50.0	18.0	
1501451650323	185741195294087	317.0	-3.0	50.0	18.0	
1501451650339	185741215435688	317.0	-3.0	50.0	18.0	
1501451650357	185741235577290	317.0	-3.0	50.0	18.0	
1501451650375	185741255718891	317.0	-3.0	50.0	18.0	
1501451650411	185741275860493	317.0	-3.0	50.0	18.0	
1501451650430	185741296002094	317.0	-3.0	50.0	18.0	
1501451650446	185741316143696	317.0	-3.0	50.0	18.0	
1501451650464	185741336285298	317.0	-3.0	50.0	18.0	
1501451650483	185741356426899	317.0	-3.0	50.0	18.0	
1501451650499	185741376568501	317.0	-3.0	50.0	18.0	
1501451650519	185741396710102	317.0	-3.0	50.0	18.0	
1501451650535	185741416851704	317.0	-3.0	50.0	18.0	
1501451650572	185741436993305	317.0	-3.0	50.0	18.0	
1501451650589	185741457134907	317.0	-3.0	50.0	18.0	
1501451650606	185741477276509	317.0	-3.0	50.0	18.0	
1501451650624	185741497418110	317.0	-3.0	50.0	18.0	
1501451650643	185741517559712	317.0	-3.0	50.0	18.0	
1501451650660	185741537701313	317.0	-3.0	50.0	18.0	
1501451650678	185741557842915	317.0	-3.0	50.0	18.0	
1501451650696	185741577984516	317.0	-3.0	50.0	18.0	
1501451650732	185741598126118	317.0	-3.0	50.0	18.0	
1501451650749	185741618267719	317.0	-3.0	50.0	18.0	
1501451650766	185741638409321	317.0	-3.0	50.0	18.0	
1501451650786	185741658550923	317.0	-3.0	50.0	18.0	
1501451650804	185741678692524	317.51788330078125	-3.0	50.0	18.0	
1501451650824	185741698834126	318.0	-3.0	50.0	18.0	
1501451650839	185741718975727	318.0	-3.0	50.0	18.0	
1501451650857	185741739117329	318.0	-3.0	50.0	18.0	
1501451650896	185741759258930	318.0	-3.0	50.0	18.0	
1501451650909	185741779400532	318.0	-3.0	50.0	18.0	
1501451650930	185741799542134	318.0	-3.0	50.0	18.0	
1501451650946	185741819683735	318.0	-3.0	50.0	18.0	
1501451650965	185741839825337	318.0	-3.0	50.0	18.0	
1501451650984	185741859966938	318.0	-3.0	50.0	18.0	
1501451650999	185741880108540	318.0	-3.0	50.0	18.0	
1501451651018	185741900250141	318.0	-3.0	49.11244201660156	18.0	
1501451651054	185741920391743	318.0	-3.0	49.0	18.0	
1501451651072	185741940533344	318.0	-3.0	49.0	18.0	
1501451651091	185741960674946	318.0	-3.0	49.0	18.0	
1501451651108	185741980816548	318.0	-3.0	49.0	18.0	
1501451651125	185742000958149	318.0	-3.0	49.0	18.0	
1501451651145	185742021099751	318.0	-3.0	49.0	18.0	
1501451651161	185742041241352	318.0	-3.0	49.0	18.0	
1501451651178	185742061382954	318.0	-3.0	49.0	18.0	
1501451651213	185742081524555	318.0	-3.0	49.0	18.0	
1501451651230	185742101666157	318.0	-3.0	49.0	18.0	
1501451651250	185742121807759	318.0	-3.0	49.0	18.0	
1501451651268	185742141949360	318.0	-3.381591796875	49.0	18.0	
1501451651285	185742162090962	318.0	-4.0	48.494049072265625	18.0	
1501451651304	185742182232563	318.0	-4.0	47.36860656738281	18.0	
1501451651321	185742202374165	318.0	-4.756378173828125	47.0	18.0	
1501451651338	185742222515766	318.0	-5.0	47.0	18.0	
1501451651374	185742242657368	318.0	-5.0	47.0	18.0	
1501451651391	185742262798969	318.0	-4.8705291748046875	47.12947082519531	18.0	
1501451651410	185742282940571	317.74615478515625	-3.7461700439453125	48.507659912109375	18.0	
1501451651428	185742303082173	317.0	-3.0	50.37818908691406	18.0	
1501451651446	185742323223774	317.0	-3.0	51.0	18.0	
1501451651465	185742343365376	317.0	-3.0	50.37309265136719	18.0	
1501451651482	185742363506977	317.75128173828125	-3.0	49.24873352050781	18.0	
1501451651499	185742383648579	318.0	-3.0	49.0	18.0	
1501451651520	185742403790180	318.0	-3.0	49.0	18.0	
1501451651554	185742423931782	317.0	-3.0	50.0	18.0	
1501451651571	185742444073384	317.0	-3.0	50.0	18.0	
1501451651591	185742464214985	317.0	-3.0	49.625213623046875	18.0	
1501451651607	185742484356587	317.0	-3.0	49.0	18.0	
1501451651626	185742504498188	317.0	-3.0	49.0	18.0	
1501451651643	185742524639790	317.0	-3.0	49.0	18.0	
1501451651661	185742544781391	317.0	-3.0	49.0	18.0	
1501451651680	185742564922993	317.0	-3.0	49.0	18.0	
1501451651715	185742585064594	317.0	-3.0	49.0	18.0	
1501451651732	185742605206196	317.0	-3.0	49.0	18.0	
1501451651750	185742625347798	317.0	-3.0	49.0	18.0	
1501451651768	185742645489399	317.0	-3.0	49.0	18.0	
1501451651789	185742665631001	317.0	-3.0	49.0	18.0	
1501451651803	185742685772602	317.0	-3.0	49.0	18.0	
1501451651823	185742705914204	317.0	-3.0	49.0	18.0	
1501451651840	185742726055805	317.0	-3.0	49.0	18.0	
1501451651873	185742746197407	317.0	-3.0	49.0	18.0	
1501451651893	185742766339009	317.0	-3.0	49.0	18.0	
1501451651911	185742786480610	317.0	-3.0	49.0	18.0	
1501451651929	185742806622212	317.0	-3.0	49.0	18.0	
1501451651947	185742826763813	317.0	-3.0	49.0	18.0	
1501451651964	185742846905415	317.0	-3.0	49.0	18.0	
1501451651982	185742867047016	317.0	-3.0	49.0	18.0	
1501451652002	185742887188618	317.0	-3.0	49.0	18.0	
1501451652035	185742907330219	317.0	-3.0	49.0	18.0	
1501451652058	185742927471821	317.0	-3.0	49.0	18.0	
1501451652071	185742947613423	317.0	-3.0	49.0	18.0	
1501451652090	185742967755024	317.0	-3.0	49.0	18.0	
1501451652108	185742987896626	317.0	-3.0	49.0	18.0	
1501451652126	185743008038227	317.0	-3.0	49.0	18.0	
1501451652145	185743028179829	317.0	-3.0	49.0	18.0	
1501451652161	185743048321430	317.0	-3.0	49.0	18.0	
1501451652196	185743068463032	317.0	-3.0	49.0	18.0	
1501451652216	185743088604634	317.0	-3.0	49.0	18.0	
1501451652232	185743108746235	317.0	-3.0	49.0	18.0	
1501451652250	185743128887837	317.0	-3.0	49.0	18.0	
1501451652269	185743149029438	317.0	-3.0	49.0	18.0	
1501451652286	185743169171040	317.0	-3.0	49.0	18.0	
1501451652303	185743189312641	317.0	-3.0	49.0	18.0	
1501451652321	185743209454243	317.0	-3.0	49.0	18.0	
1501451652359	185743229595844	317.0	-3.0	49.0	18.0	
1501451652377	185743249737446	317.0	-3.0	49.0	18.0	
1501451652397	185743269879048	317.0	-3.0	49.0	18.0	
1501451652411	185743290020649	317.0	-3.0	49.0	18.0	
1501451652430	185743310162251	317.0	-3.0	49.0	18.0	
1501451652447	185743330303852	317.0	-3.0	49.0	18.0	
1501451652464	185743350445454	317.0	-3.0	49.0	18.0	
1501451652482	185743370587055	317.0	-3.0	49.0	18.0	
1501451652517	185743390728657	317.0	-3.0	49.0	18.0	
1501451652538	185743410870259	317.0	-3.0	49.0	18.0	
1501451652557	185743431011860	317.0	-2.6490631103515625	49.35093688964844	18.0	
1501451652572	185743451153462	317.0	-2.0	50.0	18.0	
1501451652591	185743471295063	317.0	-2.0	50.0	18.0	
1501451652608	185743491436665	317.0	-2.0	50.0	18.0	
1501451652625	185743511578266	317.0	-2.0	50.0	18.0	
1501451652644	185743531719868	317.0	-2.0	50.0	18.0	
1501451652678	185743551861469	317.0	-2.0	50.0	18.0	
1501451652698	185743572003071	317.0	-2.0	50.0	18.0	
1501451652715	185743592144673	317.0	-2.0	50.0	18.0	
1501451652732	185743612286274	317.0	-2.0	50.0	18.0	
1501451652753	185743632427876	317.0	-2.0	50.0	18.0	
1501451652767	185743652569477	317.0	-2.0	50.0	18.0	
1501451652786	185743672711079	317.0	-2.0	50.0	18.0	
1501451652806	185743692852680	317.0	-2.0	50.0	18.0	
1501451652839	185743712994282	317.0	-2.0	50.0	18.0	
1501451652858	185743733135884	317.0	-2.0	50.0	18.0	
1501451652875	185743753277485	317.0	-2.0	50.0	18.0	
1501451652894	185743773419087	317.0	-2.0	50.0	18.0	
1501451652914	185743793560688	317.0	-2.0	50.0	18.0	
1501451652929	185743813702290	317.0	-2.0	50.0	18.0	
1501451652947	185743833843891	317.0	-2.0	50.0	18.0	
1501451652964	185743853985493	317.0	-2.0	50.0	18.0	
1501451653000	185743874127094	317.0	-2.0	50.0	18.0	
1501451653019	185743894268696	317.0	-2.0	50.0	18.0	
1501451653035	185743914410298	317.0	-2.0	50.0	18.0	
1501451653056	185743934551899	317.0	-2.0	50.0	18.0	
1501451653073	185743954693501	317.0	-2.0	50.0	18.0	
1501451653089	185743974835102	317.0	-2.0	50.0	18.0	
1501451653107	185743994976704	317.0	-2.0	50.0	18.0	
1501451653126	185744015118305	317.0	-2.0	50.0	18.0	
1501451653161	185744035259907	317.0	-2.0	49.0	18.0	
1501451653184	185744055401509	317.0	-2.0	49.0	18.0	
1501451653208	185744075543110	317.0	-2.0	49.0	18.0	
1501451653219	185744095684712	317.0	-2.0	48.54096984863281	18.0	
1501451653234	185744115826313	317.0	-2.0	48.0	18.0	
1501451653250	185744135967915	317.0	-2.0	48.0	18.0	
1501451653268	185744156109516	317.0	-2.0	48.0	18.0	
1501451653287	185744176251118	317.0	-2.0	48.0	18.0	
1501451653322	185744196392719	317.0	-2.0	48.0	18.0	
1501451653339	185744216534321	317.0	-2.0	48.0	18.0	
1501451653359	185744236675923	317.33050537109375	-2.0	48.0	18.0	
1501451653374	185744256817524	318.0	-2.0	48.0	18.0	
1501451653400	185744276959126	318.0	-2.5792083740234375	48.0	18.0	
1501451653411	185744297100727	318.0	-3.0	48.0	18.0	
1501451653430	185744317242329	318.0	-3.0	48.0	18.0	
1501451653447	185744337383930	318.0	-3.0	48.0	18.0	
1501451653483	185744357525532	318.0	-3.0	48.0	18.0	
1501451653501	185744377667134	318.0	-3.0	48.0	18.0	
1501451653518	185744397808735	318.0	-3.0	48.0	18.0	
1501451653536	185744417950337	318.4514465332031	-3.0	48.0	18.0	
1501451653556	185744438091938	319.0	-3.0	48.0	18.0	
1501451653571	185744458233540	319.0	-3.0	48.0	18.0	
1501451653590	185744478375141	318.17547607421875	-3.0	48.0	18.0	
1501451653607	185744498516743	318.9488830566406	-3.0	48.0	18.0	
1501451653644	185744518658344	319.0	-3.0	48.0	18.0	
1501451653661	185744538799946	319.0	-3.0	48.0	18.0	
1501451653678	185744558941548	319.0	-3.0	48.0	18.0	
1501451653696	185744579083149	319.0	-3.0	48.0	18.0	
1501451653715	185744599224751	318.4276123046875	-3.0	48.0	18.0	
1501451653732	185744619366352	318.0	-3.0	48.0	18.0	
1501451653751	185744639507954	318.0	-3.0	48.82112121582031	18.0	
1501451653766	185744659649555	318.0	-3.0	49.0	18.0	
1501451653805	185744679791157	318.0	-3.0	49.0	18.0	
1501451653827	185744699932759	318.0	-3.0	49.0	18.0	
1501451653851	185744720074360	318.0	-3.0	49.0	18.0	
1501451653864	185744740215962	317.5264892578125	-3.0	49.0	18.0	
1501451653885	185744760357563	317.0	-3.0	49.0	18.0	
1501451653895	185744780499165	317.0	-2.1943511962890625	49.0	18.0	
1501451653911	185744800640766	317.0	-2.0	49.0	18.0	
1501451653949	185744820782368	317.0	-2.0	50.0	18.0	
1501451653975	185744840923969	317.0	-2.0	50.0	18.0	
1501451653986	185744861065571	317.0	-2.0	50.0	18.0	
1501451653999	185744881207173	317.0	-2.0	50.0	18.0	
1501451654017	185744901348774	317.0	-2.0	50.0	18.0	
1501451654036	185744921490376	317.0	-2.0	49.03181457519531	18.0	
1501451654069	185744941631977	317.0	-2.0	49.0	18.0	
1501451654090	185744961773579	317.0	-2.0	49.0	18.0	
1501451654107	185744981915180	317.0	-2.0	49.0	18.0	
1501451654126	185745002056782	317.0	-2.0	49.0	18.0	
1501451654146	185745022198384	317.0	-2.0	49.0	18.0	
1501451654161	185745042339985	317.0	-2.0	49.0	18.0	
1501451654198	185745062481587	317.0	-2.0	49.0	18.0	
1501451654217	185745082623188	317.0	-2.0	49.0	18.0	
1501451654231	185745102764790	317.0	-2.0	49.0	18.0	
1501451654251	185745122906391	317.0	-2.0	49.0	18.0	
1501451654267	185745143047993	317.0	-2.0	49.0	18.0	
1501451654285	185745163189594	317.0	-2.0	49.0	18.0	
1501451654304	185745183331196	317.0	-2.0	49.0	18.0	
1501451654321	185745203472798	317.0	-2.0	49.0	18.0	
1501451654359	185745223614399	317.0	-2.0	49.0	18.0	
1501451654375	185745243756001	317.0	-2.0	49.0	18.0	
1501451654393	185745263897602	317.0	-2.0	49.0	18.0	
1501451654413	185745284039204	317.0	-2.0	49.0	18.0	
1501451654429	185745304180805	317.0	-2.0	49.0	18.0	
1501451654453	185745324322407	317.0	-2.0	49.0	18.0	
1501451654466	185745344464009	317.0	-2.0	49.0	18.0	
1501451654487	185745364605610	317.0	-1.0357208251953125	49.0	18.0	
1501451654520	185745384747212	317.0	-1.0	49.0	18.0	
1501451654536	185745404888813	317.0	-1.0	49.0	18.0	
1501451654560	185745425030415	317.0	-1.0	49.0	18.0	
1501451654571	185745445172016	317.0	-1.0	49.0	18.0	
1501451654592	185745465313618	317.0	-1.0	49.0	18.0	
1501451654607	185745485455219	317.0	-1.0	49.0	18.0	
1501451654626	185745505596821	317.0	-1.0	49.0	18.0	
1501451654643	185745525738423	317.0	-1.0	49.0	18.0	
1501451654682	185745545880024	317.0	-1.0	49.0	18.0	
1501451654696	185745566021626	317.0	-1.0	49.0	18.0	
1501451654713	185745586163227	317.0	-1.0	49.0	18.0	
1501451654732	185745606304829	317.0	-1.0	49.0	18.0	
1501451654750	185745626446430	317.0	-1.0	49.0	18.0	
1501451654768	185745646588032	317.0	-1.0	49.0	18.0	
1501451654787	185745666729634	317.0	-1.0	49.0	18.0	
1501451654803	185745686871235	317.0	-1.0	49.0	18.0	
1501451654840	185745707012837	317.0	-1.0	49.0	18.0	
1501451654858	185745727154438	317.0	-1.0	49.0	18.0	
1501451654874	185745747296040	317.0	-1.0	49.0	18.0	
1501451654899	185745767437641	316.5690002441406	-1.0	49.0	18.0	
1501451654910	185745787579243	316.0	-1.0	49.0	18.0	
1501451654929	185745807720844	316.0	-1.0	49.0	18.0	
1501451654952	185745827862446	316.0	-0.1993255615234375	49.0	18.0	
1501451654965	185745848004048	316.0	0.0	49.0	18.0	
1501451655002	185745868145649	316.0	0.0	49.0	18.0	
1501451655017	185745888287251	316.0	0.0	49.0	18.0	
1501451655036	185745908428852	316.0	0.0	49.0	18.0	
1501451655054	185745928570454	316.0	0.0	48.58262634277344	18.0	
1501451655071	185745948712055	316.0	0.0	48.0	18.0	
1501451655092	185745968853657	316.0	0.0	48.66325378417969	18.0	
1501451655115	185745988995259	316.0	0.0	49.0	18.0	
1501451655130	185746009136860	316.0	0.0	49.0	18.0	
1501451655163	185746029278462	316.0	0.0	49.0	18.0	
1501451655177	185746049420063	316.0	-0.1567230224609375	49.0	18.0	
1501451655196	185746069561665	316.0	-1.0	49.0	18.0	
1501451655214	185746089703266	316.0	-1.0	49.0	18.0	
1501451655232	185746109844868	316.0	-1.0	49.0	18.0	
1501451655250	185746129986469	316.0	-1.0	49.0	18.0	
1501451655269	185746150128071	316.0	-1.0	49.0	18.0	
1501451655286	185746170269673	316.0	-1.0	49.0	18.0	
1501451655325	185746190411274	316.0	-1.0	49.0	18.0	
1501451655340	185746210552876	316.0	-1.0	49.0	18.0	
1501451655360	185746230694477	316.0	-1.0	49.0	18.0	
1501451655376	185746250836079	316.0	-1.0	49.0	18.0	
1501451655400	185746270977680	316.0	-1.0	49.0	18.0	
1501451655414	185746291119282	316.0	-1.0	49.0	18.0	
1501451655434	185746311260884	316.0	-1.0	49.0	18.0	
1501451655450	185746331402485	316.0	-1.8826446533203125	49.0	18.0	
1501451655484	185746351544087	316.0	-2.0	49.00679016113281	18.0	
1501451655499	185746371685688	316.0	-1.8705291748046875	50.0	18.0	
1501451655520	185746391827290	316.0	-1.0	50.0	18.0	
1501451655537	185746411968891	316.0	-1.0	50.0	18.0	
1501451655556	185746432110493	316.0	-1.0	50.0	18.0	
1501451655573	185746452252094	316.0	-1.0	50.0	18.0	
1501451655593	185746472393696	316.0	-1.7465972900390625	50.0	18.0	
1501451655607	185746492535298	316.0	-2.0	50.0	18.0	
1501451655626	185746512676899	316.0	-2.0	50.99317932128906	18.0	
1501451655660	185746532818501	316.0	-2.0	51.0	18.0	
1501451655679	185746552960102	316.0	-2.0	51.0	18.0	
1501451655700	185746573101704	316.0	-2.0	51.0	18.0	
1501451655715	185746593243305	316.48638916015625	-2.0	51.0	18.0	
1501451655733	185746613384907	317.0	-2.0	51.0	18.0	
1501451655752	185746633526509	317.0	-2.0	51.0	18.0	
1501451655774	185746653668110	317.0	-2.0	51.0	18.0	
1501451655785	185746673809712	317.0	-2.0	51.0	18.0	
1501451655820	185746693951313	317.0	-2.0	51.0	18.0	
1501451655840	185746714092915	317.0	-2.0	51.0	18.0	
1501451655858	185746734234516	317.0	-2.0	51.34922790527344	18.0	
1501451655875	185746754376118	317.0	-2.0	52.0	18.0	
1501451655893	185746774517719	317.0	-2.0	52.0	18.0	
1501451655912	185746794659321	317.0	-2.0	52.0	18.0	
1501451655930	185746814800923	317.0	-2.0	52.0	18.0	
1501451655946	185746834942524	317.0	-2.0	52.96592712402344	18.0	
1501451655985	185746855084126	317.0	-2.0	53.0	18.0	
1501451656001	185746875225727	317.0	-2.0	53.0	18.0	
1501451656018	185746895367329	317.0	-2.0	53.0	18.0	
1501451656036	185746915508930	317.0	-2.0	53.0	18.0	
1501451656055	185746935650532	317.0	-2.582611083984375	53.582611083984375	18.0	
1501451656075	185746955792134	317.0	-2.294219970703125	54.0	18.0	
1501451656089	185746975933735	317.0	-2.0	54.0	18.0	
1501451656107	185746996075337	317.0	-2.0	54.0	18.0	
1501451656143	185747016216938	316.925048828125	-1.925048828125	54.0	18.0	
1501451656161	185747036358540	316.0	-1.0	54.0	18.0	
1501451656179	185747056500141	316.0	-1.0	53.67802429199219	18.0	
1501451656197	185747076641743	316.0	-1.0	53.0	18.0	
1501451656215	185747096783344	316.0	-1.0	53.0	18.0	
1501451656234	185747116924946	316.0	-1.0	53.0	18.0	
1501451656251	185747137066548	316.8160095214844	-1.816009521484375	53.816009521484375	18.0	
1501451656269	185747157208149	317.0	-2.0	54.0	18.0	
1501451656304	185747177349751	317.0	-2.0	54.0	18.0	
1501451656324	185747197491352	317.0	-1.81463623046875	54.0	18.0	
1501451656339	185747217632954	316.691650390625	-1.0	54.0	18.0	
1501451656359	185747237774555	316.0	-1.0	54.0	18.0	
1501451656377	185747257916157	316.0	-1.0	54.0	18.0	
1501451656396	185747278057759	316.0	-1.0	54.0	18.0	
1501451656415	185747298199360	316.0	-1.0	53.19761657714844	18.0	
1501451656433	185747318340962	316.0	-1.0	53.0	18.0	
1501451656467	185747338482563	316.0476989746094	-1.0	54.0	18.0	
1501451656484	185747358624165	317.0	-1.0	54.0	18.0	
1501451656502	185747378765766	317.0	-1.0	54.0	18.0	
1501451656518	185747398907368	317.0	-1.0	54.0	18.0	
1501451656537	185747419048969	317.0	-1.0	54.0	18.0	
1501451656558	185747439190571	317.0	-1.6649627685546875	54.0	18.0	
1501451656571	185747459332173	317.0	-2.0	54.0	18.0	
1501451656593	185747479473774	317.0	-2.0	54.0	18.0	
1501451656625	185747499615376	317.0	-2.0	54.0	18.0	
1501451656643	185747519756977	317.0	-2.0	54.0	18.0	
1501451656663	185747539898579	317.0	-1.7189178466796875	54.0	18.0	
1501451656678	185747560040180	317.0	-1.404754638671875	54.0	18.0	
1501451656696	185747580181782	317.0	-2.0	54.0	18.0	
1501451656716	185747600323384	317.0	-2.0	54.0	18.0	
1501451656732	185747620464985	317.0	-2.0	54.0	18.0	
1501451656750	185747640606587	317.0	-2.0	54.0	18.0	
1501451656785	185747660748188	317.0	-2.0	54.0	18.0	
1501451656803	185747680889790	317.0	-2.0	54.0	18.0	
1501451656827	185747701031391	317.0	-2.0	54.0	18.0	
1501451656840	185747721172993	317.0	-2.0	54.0	18.0	
1501451656857	185747741314594	317.0	-2.0	54.0	18.0	
1501451656876	185747761456196	317.0	-2.0	54.0	18.0	
1501451656893	185747781597798	317.0	-2.0	54.0	18.0	
1501451656911	185747801739399	317.0	-2.0	53.11564636230469	18.0	
1501451656947	185747821881001	317.0	-2.0	53.0	18.0	
1501451656964	185747842022602	317.0	-2.1382293701171875	53.0	18.0	
1501451656986	185747862164204	317.0	-3.0	53.0	18.0	
1501451657000	185747882305805	317.0	-3.0	53.0	18.0	
1501451657018	185747902447407	317.0	-3.0	53.0	18.0	
1501451657037	185747922589009	317.0	-3.0	53.0	18.0	
1501451657069	185747942730610	317.0	-3.0	53.0	-1.0	
1501451657090	185747962872212	317.0	-3.0	53.0	-1.0	
1501451657105	185747983013813	317.0	-3.0	53.0	-1.0	
1501451657123	185748003155415	317.0	-3.619384765625	53.0	-1.0	
1501451657143	185748023297016	317.0	-4.0	53.0	-1.0	
1501451657159	185748043438618	317.0	-3.010772705078125	53.0	-1.0	
1501451657195	185748063580219	317.0	-3.0	53.0	-1.0	
1501451657213	185748083721821	317.0	-3.0	53.0	-1.0	
1501451657230	185748103863423	317.0	-3.0	53.0	-1.0	
1501451657249	185748124005024	317.0	-3.0	53.0	-1.0	
1501451657266	185748144146626	317.0	-3.0	53.0	-1.0	
1501451657284	185748164288227	317.0	-3.0	53.0	-1.0	
1501451657302	185748184429829	317.0	-3.0	53.0	-1.0	
1501451657337	185748204571430	317.0	-3.0	53.0	-1.0	
1501451657357	185748224713032	317.0	-3.0	53.0	-1.0	
1501451657373	185748244854634	317.0	-3.0	53.0	-1.0	
1501451657391	185748264996235	317.0	-3.0	53.0	-1.0	
1501451657409	185748285137837	317.0	-3.0	53.0	-1.0	
1501451657427	185748305279438	317.63543701171875	-3.0	53.0	-1.0	
1501451657445	185748325421040	318.0	-3.0	53.0	-1.0	
1501451657464	185748345562641	318.0	-3.0	53.0	-1.0	
1501451657499	185748365704243	318.0	-3.0	53.0	-1.0	
1501451657518	185748385845844	318.0	-3.0	53.0	-1.0	
1501451657534	185748405987446	318.0	-3.0	53.0	-1.0	
1501451657552	185748426129048	318.0	-3.0	53.0	-1.0	
1501451657570	185748446270649	318.0	-3.0	53.0	-1.0	
1501451657588	185748466412251	318.0	-3.0	53.0	-1.0	
1501451657606	185748486553852	318.0	-3.0	53.0	-1.0	
1501451657626	185748506695454	318.0	-3.0	53.0	-1.0	
1501451657641	185748526837055	318.0	-3.0	53.0	-1.0	
1501451657677	185748546978657	318.0	-3.0	53.0	-1.0	
1501451657695	185748567120259	318.0	-3.0	53.0	-1.0	
1501451657712	185748587261860	318.0	-3.3696746826171875	53.0	-1.0	
1501451657731	185748607403462	318.0	-4.0	53.0	-1.0	
1501451657750	185748627545063	318.0	-4.0	53.0	-1.0	
1501451657766	185748647686665	318.0	-4.0	53.0	-1.0	
1501451657786	185748667828266	318.0	-4.0	53.0	-1.0	
1501451657803	185748687969868	318.0	-3.0119171142578125	53.0	-1.0	
1501451657840	185748708111469	318.0	-3.0	53.0	-1.0	
1501451657856	185748728253071	318.0	-3.236785888671875	53.0	-1.0	
1501451657873	185748748394673	318.0	-4.0	53.0	-1.0	
1501451657895	185748768536274	318.0	-4.0	52.51618957519531	-1.0	
1501451657910	185748788677876	318.0	-4.0	52.0	-1.0	
1501451657928	185748808819477	318.0	-4.0	52.0	-1.0	
1501451657945	185748828961079	318.0	-4.0	52.0	-1.0	
1501451657963	185748849102680	318.0	-4.0	52.0	-1.0	
1501451657998	185748869244282	318.0	-4.0	52.0	-1.0	
1501451658015	185748889385884	318.0	-4.0	52.0	-1.0	
1501451658034	185748909527485	318.0	-4.0	52.0	-1.0	
1501451658052	185748929669087	318.0	-4.0	52.0	-1.0	
1501451658070	185748949810688	318.0	-4.0	52.0	-1.0	
1501451658088	185748969952290	318.0	-4.0	52.72230529785156	-1.0	
1501451658105	185748990093891	318.0	-4.0	53.0	-1.0	
1501451658123	185749010235493	318.0	-4.0	53.0	-1.0	
1501451658159	185749030377094	318.0	-4.0	53.0	-1.0	
1501451658176	185749050518696	318.0	-4.0	53.0	-1.0	
1501451658198	185749070660298	318.0	-4.0	53.0	-1.0	
1501451658213	185749090801899	318.0	-4.0	53.0	-1.0	
1501451658230	185749110943501	318.0	-4.0	53.0	-1.0	
1501451658248	185749131085102	318.71380615234375	-4.0	52.28620910644531	-1.0	
1501451658266	185749151226704	319.83673095703125	-4.83673095703125	52.83673095703125	-1.0	
1501451658284	185749171368305	320.0	-5.0	53.0	-1.0	
1501451658320	185749191509907	320.0	-5.085174560546875	53.0	-1.0	
1501451658337	185749211651509	320.0	-6.0	53.0	-1.0	
1501451658356	185749231788095	320.0	-6.0	53.0	-1.0	
1501451658374	185749251929697	320.0	-6.0	53.0	-1.0	
1501451658391	185749272071298	320.0	-6.0	53.0	-1.0	
1501451658409	185749292212900	320.0	-6.0	53.0	-1.0	
1501451658427	185749312354501	320.0	-5.1720733642578125	53.0	-1.0	
1501451658445	185749332496103	320.0	-5.0	53.0	-1.0	
1501451658480	185749352637704	320.0765380859375	-5.0765228271484375	53.0	-1.0	
1501451658498	185749372779306	321.0	-6.0	53.0	-1.0	
1501451658517	185749392920908	321.0	-6.0	53.0	-1.0	
1501451658535	185749413062509	321.0	-6.0	53.0	-1.0	
1501451658552	185749433204111	321.0	-6.5714263916015625	53.0	-1.0	
1501451658570	185749453345712	321.0	-7.0	53.0	-1.0	
1501451658588	185749473487314	321.0	-7.0	53.81941223144531	-1.0	
1501451658605	185749493628915	321.0	-7.0	54.0	-1.0	
1501451658641	185749513770517	320.0	-6.933563232421875	54.066436767578125	-1.0	
1501451658659	185749533912119	319.8092041015625	-6.0	55.0	-1.0	
1501451658677	185749554053720	319.0	-6.0	55.0	-1.0	
1501451658696	185749574195322	319.0	-5.56219482421875	55.0	-1.0	
1501451658713	185749594336923	318.43780517578125	-5.0	55.0	-1.0	
1501451658731	185749614478525	317.3134765625	-4.3134613037109375	55.0	-1.0	
1501451658749	185749634620126	316.19049072265625	-3.19049072265625	55.0	-1.0	
1501451658766	185749654761728	315.06646728515625	-3.0	54.06645202636719	-1.0	
1501451658802	185749674903329	314.0	-2.0	54.0	-1.0	
1501451658819	185749695044931	314.0	-2.0	54.18196105957031	-1.0	
1501451658838	185749715186533	314.0	-2.0	55.0	-1.0	
1501451658856	185749735328134	313.5707092285156	-2.0	55.0	-1.0	
1501451658874	185749755469736	313.0	-2.0	55.0	-1.0	
1501451658892	185749775611337	313.0	-2.0	55.0	-1.0	
1501451658910	185749795752939	312.1993408203125	-1.1993255615234375	55.80067443847656	-1.0	
1501451658927	185749815894540	311.074951171875	-0.0749664306640625	56.0	-1.0	
1501451658964	185749836036142	309.9523010253906	0.047698974609375	56.047698974609375	-1.0	
1501451658981	185749856177744	308.82794189453125	1.3441162109375	57.0	-1.0	
1501451658999	185749876319345	307.40716552734375	3.296417236328125	57.0	-1.0	
1501451659018	185749896460947	306.0	4.4200592041015625	57.0	-1.0	
1501451659035	185749916602548	305.4565734863281	5.0	56.456573486328125	-1.0	
1501451659053	185749936744150	305.0	5.0	56.0	-1.0	
1501451659071	185749956885751	305.0	5.0	56.0	-1.0	
1501451659088	185749977027353	305.91497802734375	4.0850372314453125	55.08503723144531	-1.0	
1501451659124	185749997168954	306.0	3.0	53.96083068847656	-1.0	
1501451659142	185750017310556	306.0	3.0	53.0	-1.0	
1501451659160	185750037452158	306.0	3.0	52.71380615234375	-1.0	
1501451659179	185750057593759	306.0	3.0	52.0	-1.0	
1501451659196	185750077735361	306.0	3.0	52.0	-1.0	
1501451659213	185750097876962	306.0	3.0	52.0	-1.0	
1501451659232	185750118018564	306.0	3.0	52.0	-1.0	
1501451659249	185750138160165	306.90631103515625	3.0	52.0	-1.0	
1501451659284	185750158301767	307.0	3.0	52.0	-1.0	
1501451659302	185750178443369	307.0	3.0	52.0	-1.0	
1501451659321	185750198584970	307.0	3.0	52.0	-1.0	
1501451659339	185750218726572	307.0	3.0	52.0	-1.0	
1501451659356	185750238868173	307.0	3.0	52.0	-1.0	
1501451659375	185750259009775	307.0	3.0	52.0	-1.0	
1501451659393	185750279151376	307.0	3.0	52.0	-1.0	
1501451659418	185750299292978	307.0	3.0	51.10221862792969	-1.0	
1501451659444	185750319434579	307.0	3.0204315185546875	51.02043151855469	-1.0	
1501451659467	185750339576181	307.0	4.0	52.0	-1.0	
1501451659481	185750359717783	307.0	4.0	51.731292724609375	-1.0	
1501451659499	185750379859384	307.0	4.0	51.0	-1.0	
1501451659516	185750400000986	307.0	4.0	51.0	-1.0	
1501451659534	185750420142587	307.0	4.0	51.0	-1.0	
1501451659552	185750440284189	307.0	4.0	51.0	-1.0	
1501451659570	185750460425790	307.0	4.0	51.0	-1.0	
1501451659606	185750480567392	307.0	4.0	51.0	-1.0	
1501451659624	185750500708994	307.0	4.0	51.0	-1.0	
1501451659642	185750520850595	307.0	4.0	51.0	-1.0	
1501451659662	185750540992197	307.0	4.0	51.0	-1.0	
1501451659677	185750561133798	307.0	4.0	51.0	-1.0	
1501451659696	185750581275400	307.0	4.0	51.0	-1.0	
1501451659714	185750601417001	307.0	4.0	51.0	-1.0	
1501451659731	185750621558603	307.0	4.0	51.0	-1.0	
1501451659767	185750641700204	307.0	4.0	51.0	-1.0	
1501451659785	185750661841806	307.0	4.0	51.0	-1.0	
1501451659802	185750681983408	307.0	4.0	51.0	-1.0	
1501451659821	185750702125009	307.0	4.0	51.0	-1.0	
1501451659839	185750722266611	307.0	4.0	51.0	-1.0	
1501451659856	185750742408212	307.6217956542969	4.0	51.0	-1.0	
1501451659875	185750762549814	308.0	4.0	51.0	-1.0	
1501451659892	185750782691415	308.0	4.0	51.0	-1.0	
1501451659910	185750802833017	308.0	4.0	51.0	-1.0	
1501451659945	185750822974619	308.0	4.0	51.0	-1.0	
1501451659963	185750843116220	307.7585144042969	4.241485595703125	51.0	-1.0	
1501451659983	185750863257822	307.0	5.0	51.0	-1.0	
1501451659999	185750883399423	307.4889221191406	5.0	50.511077880859375	-1.0	
1501451660017	185750903541025	308.61224365234375	5.0	50.0	-1.0	
1501451660035	185750923682626	309.7359313964844	4.264068603515625	50.0	-1.0	
1501451660052	185750943824228	311.7206115722656	3.1396942138671875	50.86030578613281	-1.0	
1501451660070	185750963965829	313.9693298339844	2.0153350830078125	51.0	-1.0	
1501451660106	185750984107431	316.1072998046875	0.0	52.0	-1.0	
1501451660123	185751004249033	317.0	-0.2316741943359375	52.0	-1.0	
1501451660141	185751024390634	317.0	-1.0	52.0	-1.0	
1501451660160	185751044532236	317.0	-1.0	52.0	-1.0	
1501451660177	185751064673837	316.3969421386719	-0.396942138671875	52.0	-1.0	
1501451660195	185751084815439	316.0	0.0	51.2725830078125	-1.0	
1501451660213	185751104957040	316.0	0.0	51.0	-1.0	
1501451660231	185751125098642	316.0	0.0	51.0	-1.0	
1501451660267	185751145240244	314.90118408203125	0.0	50.90119934082031	-1.0	
1501451660285	185751165381845	314.0	0.2231597900390625	50.0	-1.0	
1501451660303	185751185523447	313.6524658203125	1.3475189208984375	50.0	-1.0	
1501451660320	185751205665048	312.52569580078125	2.0	49.52569580078125	-1.0	
1501451660338	185751225806650	311.39556884765625	2.6044464111328125	49.0	-1.0	
1501451660356	185751245948251	311.0	3.734588623046875	49.0	-1.0	
1501451660374	185751266089853	311.0	4.0	49.0	-1.0	
1501451660410	185751286231454	310.0	5.0	49.0	-1.0	
1501451660428	185751306373056	310.0	5.0	49.0	-1.0	
1501451660448	185751326514658	310.0	5.0	49.0	-1.0	
1501451660464	185751346656259	310.461669921875	5.0	49.461669921875	-1.0	
1501451660481	185751366797861	311.0	4.3885040283203125	50.0	-1.0	
1501451660499	185751386939462	311.0	4.0	50.0	-1.0	
1501451660517	185751407081064	311.0	4.0	50.0	-1.0	
1501451660552	185751427222665	311.0	3.93902587890625	50.0	-1.0	
1501451660571	185751447364267	311.0	3.0	50.0	-1.0	
1501451660588	185751467505869	311.0	3.0	50.360626220703125	-1.0	
1501451660606	185751487647470	311.0	3.0	51.0	-1.0	
1501451660624	185751507789072	311.0	3.0	51.0	-1.0	
1501451660642	185751527930673	311.81011962890625	2.1898956298828125	51.0	-1.0	
1501451660661	185751548072275	312.0	2.0	51.0	-1.0	
1501451660695	185751568213876	312.0	1.8902587890625	51.0	-1.0	
1501451660712	185751588355478	312.0	1.0	51.0	-1.0	
1501451660731	185751608497079	312.0	1.0	51.409393310546875	-1.0	
1501451660749	185751628638681	312.0	1.0	52.0	-1.0	
1501451660766	185751648780283	312.0	1.0	52.0	-1.0	
1501451660785	185751668921884	312.0	1.0	52.0	-1.0	
1501451660820	185751689063486	311.9913024902344	2.0	51.0	-1.0	
1501451660838	185751709205087	311.15850830078125	2.0	51.0	-1.0	
1501451660856	185751729346689	312.0	2.0	51.0	-1.0	
1501451660874	185751749488290	312.0	2.0	51.0	-1.0	
1501451660892	185751769629892	312.0	2.0	51.0	-1.0	
1501451660910	185751789771494	312.0	2.0	51.0	-1.0	
1501451660928	185751809913095	312.0	1.0939178466796875	51.0	-1.0	
1501451660963	185751830054697	313.0	0.0	51.0	-1.0	
1501451660982	185751850196298	313.0	0.0	51.0	-1.0	
1501451660999	185751870337900	313.0	0.0	51.0	-1.0	
1501451661017	185751890479501	313.0	0.0	51.0	-1.0	
1501451661034	185751910621103	313.0	0.0	51.0	-1.0	
1501451661053	185751930762704	313.0	0.0	51.0	-1.0	
1501451661071	185751950904306	313.0	0.79998779296875	51.0	-1.0	
1501451661091	185751971045908	313.0	1.0	51.0	-1.0	
1501451661125	185751991187509	313.0	1.0	51.0	-1.0	
1501451661142	185752011329111	313.0	1.0	51.0	-1.0	
1501451661160	185752031470712	313.0	1.0	51.0	-1.0	
1501451661177	185752051612314	313.0	1.0	51.0	-1.0	
1501451661196	185752071753915	313.0	1.0	51.0	-1.0	
1501451661216	185752091895517	313.0	1.0	51.0	-1.0	
1501451661232	185752112037119	313.0	1.0	51.0	-1.0	
1501451661250	185752132178720	313.0	1.0	51.0	-1.0	
1501451661288	185752152320322	313.0	1.0	51.0	-1.0	
1501451661305	185752172461923	313.0	1.0	51.0	-1.0	
1501451661322	185752192603525	313.0	1.0	51.0	-1.0	
1501451661338	185752212745126	313.0	1.0	51.0	-1.0	
1501451661356	185752232886728	313.0	0.4283294677734375	51.0	-1.0	
1501451661374	185752253028329	313.0	0.69793701171875	51.0	-1.0	
1501451661392	185752273169931	313.0	0.17578125	51.0	-1.0	
1501451661410	185752293311533	313.0	0.0	51.0	-1.0	
1501451661445	185752313453134	313.0	0.0	51.0	-1.0	
1501451661464	185752333594736	313.0	0.0	51.0	-1.0	
1501451661482	185752353736337	313.0	0.0	51.0	-1.0	
1501451661500	185752373877939	313.0	0.45733642578125	51.0	-1.0	
1501451661520	185752394019540	313.0	1.0	51.0	-1.0	
1501451661539	185752414161142	313.0	1.0	51.0	-1.0	
1501451661556	185752434302744	313.0	1.0	51.0	-1.0	
1501451661576	185752454444345	313.0	1.0	51.0	-1.0	
1501451661609	185752474585947	313.0	0.9095611572265625	51.0	-1.0	
1501451661629	185752494727548	313.0	0.2167205810546875	51.0	-1.0	
