1504720544558	1165928220997	25.99334716796875	-44.00482177734375	-19.72808837890625	-1.0	
1504720544584	1165948362598	25.91400146484375	-45.4193115234375	-20.7733154296875	-1.0	
1504720544610	1165968504200	25.006103515625	-45.00274658203125	-21.331787109375	-1.0	
1504720544625	1165988645802	25.16632080078125	-44.50836181640625	-20.36895751953125	-1.0	
1504720544652	1166008787403	25.1708984375	-43.524169921875	-20.8526611328125	-1.0	
1504720544664	1166028929005	25.1708984375	-45.526123046875	-21.185302734375	-1.0	
1504720544691	1166049070606	24.371337890625	-44.37255859375	-20.05767822265625	-1.0	
1504720544706	1166069212208	25.6744384765625	-45.83587646484375	-20.35980224609375	-1.0	
1504720544733	1166089353809	25.8209228515625	-45.806884765625	-20.263671875	-1.0	
1504720544744	1166109495411	25.50201416015625	-44.30389404296875	-20.7611083984375	-1.0	
1504720544771	1166129645404	25.341796875	-44.9981689453125	-21.65069580078125	-1.0	
1504720544790	1166149787005	26.129150390625	-44.56634521484375	-20.8831787109375	-1.0	
1504720544814	1166169928607	24.44000244140625	-44.70367431640625	-21.04339599609375	-1.0	
1504720544825	1166190070208	25.50811767578125	-44.14520263671875	-21.2127685546875	-1.0	
1504720544853	1166210211810	25.2685546875	-44.62432861328125	-19.78912353515625	-1.0	
1504720544868	1166230353411	24.456787109375	-44.305419921875	-20.21942138671875	-1.0	
1504720544894	1166250495013	23.89068603515625	-43.2586669921875	-20.57037353515625	-1.0	
1504720544905	1166270636614	24.6978759765625	-44.12689208984375	-20.80841064453125	-1.0	
1504720544932	1166290778216	25.50201416015625	-44.171142578125	-22.4639892578125	-1.0	
1504720544947	1166310919818	25.12054443359375	-43.78814697265625	-21.72088623046875	-1.0	
1504720544974	1166331061419	24.3988037109375	-43.72711181640625	-20.7427978515625	-1.0	
1504720544986	1166351203021	24.810791015625	-44.5343017578125	-21.5240478515625	-1.0	
1504720545014	1166371344622	26.5106201171875	-44.9462890625	-20.074462890625	-1.0	
1504720545028	1166391486224	24.90692138671875	-44.04144287109375	-21.038818359375	-1.0	
1504720545054	1166411627825	25.36773681640625	-44.0704345703125	-20.2728271484375	-1.0	
1504720545066	1166431769427	25.36773681640625	-44.7723388671875	-19.4976806640625	-1.0	
1504720545094	1166451911029	24.47357177734375	-44.1009521484375	-19.88525390625	-1.0	
1504720545109	1166472052630	24.481201171875	-44.21844482421875	-19.98291015625	-1.0	
1504720545135	1166492194232	24.51019287109375	-44.0582275390625	-20.989990234375	-1.0	
1504720545147	1166512335833	24.51019287109375	-43.1732177734375	-19.56329345703125	-1.0	
1504720545173	1166532477435	25.9185791015625	-45.0897216796875	-21.09527587890625	-1.0	
1504720545188	1166552619036	24.8016357421875	-44.50531005859375	-20.53070068359375	-1.0	
1504720545218	1166572760638	24.14398193359375	-43.42803955078125	-20.86029052734375	-1.0	
1504720545227	1166592902239	25.74005126953125	-44.11163330078125	-21.26312255859375	-1.0	
1504720545254	1166613043841	24.835205078125	-44.40765380859375	-21.08001708984375	-1.0	
1504720545275	1166633185443	25.72479248046875	-45.58868408203125	-21.18377685546875	-1.0	
1504720545295	1166653327044	24.60784912109375	-45.257568359375	-21.3531494140625	-1.0	
1504720545310	1166673468646	25.6011962890625	-44.70977783203125	-20.73974609375	-1.0	
1504720545334	1166693610247	25.4058837890625	-44.18182373046875	-20.48797607421875	-1.0	
1504720545350	1166713751849	24.66888427734375	-43.560791015625	-20.03936767578125	-1.0	
1504720545378	1166733893450	24.896240234375	-43.7835693359375	-20.5291748046875	-1.0	
1504720545387	1166754035052	24.89776611328125	-44.00482177734375	-21.22802734375	-1.0	
1504720545414	1166774176654	25.37994384765625	-43.73016357421875	-21.39129638671875	-1.0	
1504720545430	1166794318255	24.68719482421875	-44.00482177734375	-22.0947265625	-1.0	
1504720545456	1166814459857	23.87847900390625	-43.47686767578125	-21.73004150390625	-1.0	
1504720545468	1166834601458	24.58038330078125	-44.5953369140625	-20.56121826171875	-1.0	
1504720545495	1166854743060	24.33624267578125	-44.4732666015625	-21.46453857421875	-1.0	
1504720545511	1166874884661	25.69427490234375	-44.33746337890625	-21.783447265625	-1.0	
1504720545540	1166895026263	24.73907470703125	-45.2728271484375	-22.30377197265625	-1.0	
1504720545548	1166915167864	25.3173828125	-43.51806640625	-21.76971435546875	-1.0	
1504720545575	1166935309466	26.1627197265625	-43.8385009765625	-20.8526611328125	-1.0	
1504720545590	1166955451068	24.63226318359375	-44.19403076171875	-21.4263916015625	-1.0	
1504720545617	1166975592669	24.52392578125	-44.4915771484375	-21.55303955078125	-1.0	
1504720545630	1166995734271	25.0518798828125	-44.1986083984375	-21.29058837890625	-1.0	
1504720545655	1167015875872	24.7100830078125	-43.8568115234375	-22.22900390625	-1.0	
1504720545673	1167036017474	23.8037109375	-44.6746826171875	-21.392822265625	-1.0	
1504720545697	1167056159075	23.99139404296875	-43.75	-22.2259521484375	-1.0	
1504720545709	1167076300677	24.884033203125	-44.37408447265625	-23.52447509765625	-1.0	
1504720545736	1167096442279	24.96490478515625	-43.44940185546875	-22.35107421875	-1.0	
1504720545751	1167116583880	24.224853515625	-44.71435546875	-21.6156005859375	-1.0	
1504720545777	1167136725482	24.13787841796875	-44.04754638671875	-21.9390869140625	-1.0	
1504720545791	1167156867083	23.51837158203125	-44.171142578125	-21.81854248046875	-1.0	
1504720545816	1167177008685	25.01068115234375	-43.7530517578125	-22.4639892578125	-1.0	
1504720545834	1167197150286	24.9969482421875	-44.268798828125	-21.234130859375	-1.0	
1504720545857	1167217291888	24.6185302734375	-43.9056396484375	-22.31292724609375	-1.0	
1504720545870	1167237433489	24.17755126953125	-43.5577392578125	-22.1649169921875	-1.0	
1504720545897	1167257575091	23.4893798828125	-43.719482421875	-21.5576171875	-1.0	
1504720545912	1167277716693	25.006103515625	-45.26519775390625	-22.51739501953125	-1.0	
1504720545938	1167297858294	24.9114990234375	-44.19403076171875	-22.0703125	-1.0	
1504720545951	1167317999896	25.45623779296875	-43.88427734375	-22.30224609375	-1.0	
1504720545978	1167338141497	23.73199462890625	-43.81866455078125	-21.42333984375	-1.0	
1504720545991	1167358283099	24.2431640625	-45.10040283203125	-22.52197265625	-1.0	
1504720546019	1167378424700	24.54376220703125	-44.9371337890625	-22.46246337890625	-1.0	
1504720546031	1167398566302	26.20086669921875	-44.13909912109375	-23.0194091796875	-1.0	
1504720546061	1167418707904	25.677490234375	-43.65997314453125	-21.7681884765625	-1.0	
1504720546074	1167438849505	25.335693359375	-44.27642822265625	-21.6583251953125	-1.0	
1504720546101	1167458991107	24.33319091796875	-44.50531005859375	-22.0550537109375	-1.0	
1504720546111	1167479132708	24.0203857421875	-43.548583984375	-21.8353271484375	-1.0	
1504720546138	1167499274310	23.90594482421875	-43.78814697265625	-20.78857421875	-1.0	
1504720546153	1167519415911	25.4638671875	-44.5831298828125	-21.5240478515625	-1.0	
1504720546180	1167539557513	25.0579833984375	-44.72808837890625	-22.03521728515625	-1.0	
1504720546191	1167559699114	24.12567138671875	-44.27947998046875	-21.7041015625	-1.0	
1504720546219	1167579840716	24.51019287109375	-43.505859375	-21.81854248046875	-1.0	
1504720546233	1167599982318	24.36981201171875	-43.64776611328125	-21.6827392578125	-1.0	
1504720546260	1167620123919	25.37689208984375	-44.91119384765625	-21.58355712890625	-1.0	
1504720546273	1167640265521	23.8525390625	-44.78607177734375	-20.71380615234375	-1.0	
1504720546298	1167660407122	24.4964599609375	-43.99871826171875	-21.45843505859375	-1.0	
1504720546315	1167680548724	24.749755859375	-44.59686279296875	-21.36383056640625	-1.0	
1504720546341	1167700690325	24.51934814453125	-43.76068115234375	-22.0123291015625	-1.0	
1504720546352	1167720831927	23.5382080078125	-44.647216796875	-22.20306396484375	-1.0	
1504720546379	1167740973529	24.63226318359375	-44.1741943359375	-21.697998046875	-1.0	
1504720546395	1167761115130	25.17852783203125	-45.29876708984375	-22.0184326171875	-1.0	
1504720546421	1167781256732	25.347900390625	-43.9422607421875	-22.36328125	-1.0	
1504720546432	1167801398333	24.84130859375	-43.8385009765625	-22.4639892578125	-1.0	
1504720546459	1167821539935	25.50201416015625	-43.51806640625	-22.406005859375	-1.0	
1504720546474	1167841681536	24.462890625	-45.0469970703125	-22.540283203125	-1.0	
1504720546501	1167861823138	24.871826171875	-43.47381591796875	-23.846435546875	-1.0	
1504720546514	1167881964739	24.8809814453125	-43.37158203125	-22.59368896484375	-1.0	
1504720546539	1167902106341	24.102783203125	-43.25103759765625	-22.14202880859375	-1.0	
1504720546554	1167922247943	24.725341796875	-43.53485107421875	-23.61297607421875	-1.0	
1504720546581	1167942389544	25.09002685546875	-42.48199462890625	-22.8424072265625	-1.0	
1504720546593	1167962531146	24.90386962890625	-44.36492919921875	-22.55096435546875	-1.0	
1504720546621	1167982672747	25.787353515625	-43.2220458984375	-22.92327880859375	-1.0	
1504720546637	1168002814349	24.22332763671875	-43.15185546875	-23.406982421875	-1.0	
1504720546665	1168022955950	24.322509765625	-42.88482666015625	-23.28948974609375	-1.0	
1504720546673	1168043097552	24.35455322265625	-43.91326904296875	-23.56109619140625	-1.0	
1504720546700	1168063239154	24.60174560546875	-42.083740234375	-22.9461669921875	-1.0	
1504720546717	1168083380755	26.23138427734375	-42.96417236328125	-24.51629638671875	1.0	
1504720546743	1168103522357	24.58038330078125	-43.2220458984375	-24.02801513671875	1.0	
1504720546754	1168123663958	24.08447265625	-44.903564453125	-23.016357421875	1.0	
1504720546781	1168143805560	25.51422119140625	-42.7276611328125	-23.2940673828125	1.0	
1504720546796	1168163947161	24.53765869140625	-43.45550537109375	-24.658203125	1.0	
1504720546828	1168184088763	25.567626953125	-42.7734375	-23.04229736328125	1.0	
1504720546838	1168204230364	25.5096435546875	-42.1844482421875	-24.35302734375	1.0	
1504720546861	1168224371966	26.1627197265625	-43.1732177734375	-23.10791015625	1.0	
1504720546878	1168244513568	25.6744384765625	-43.00994873046875	-22.6318359375	1.0	
1504720546903	1168264655169	25.3692626953125	-42.7093505859375	-22.80426025390625	1.0	
1504720546914	1168284796771	25.98114013671875	-42.66510009765625	-22.61962890625	1.0	
1504720546941	1168304938372	26.4923095703125	-42.3370361328125	-21.014404296875	1.0	
1504720546957	1168325079974	27.4810791015625	-41.180419921875	-21.81549072265625	1.0	
1504720546983	1168345221575	27.81524658203125	-42.340087890625	-20.6878662109375	1.0	
1504720547011	1168365363177	28.96575927734375	-42.99774169921875	-20.379638671875	1.0	
1504720547022	1168385504779	28.9031982421875	-42.27447509765625	-20.7427978515625	1.0	
1504720547050	1168405646380	27.53143310546875	-41.827392578125	-21.49658203125	1.0	
1504720547064	1168425787982	30.37109375	-40.23895263671875	-21.07696533203125	1.0	
1504720547095	1168445929583	30.27801513671875	-39.7552490234375	-20.7122802734375	1.0	
1504720547102	1168466071185	30.242919921875	-42.03948974609375	-21.57135009765625	1.0	
1504720547129	1168486212786	30.6243896484375	-40.032958984375	-21.01287841796875	1.0	
1504720547144	1168506354388	31.06689453125	-41.12396240234375	-20.57952880859375	1.0	
1504720547171	1168526495989	31.57958984375	-40.04669189453125	-21.01898193359375	1.0	
1504720547182	1168546637591	30.69915771484375	-40.39154052734375	-20.38421630859375	1.0	
1504720547213	1168566779193	30.29327392578125	-40.411376953125	-20.97930908203125	1.0	
1504720547225	1168586920794	30.841064453125	-41.30859375	-20.90301513671875	1.0	
1504720547255	1168607062396	30.8868408203125	-40.7257080078125	-19.48394775390625	1.0	
1504720547264	1168627203997	30.16815185546875	-40.38848876953125	-20.12786865234375	1.0	
1504720547289	1168647345599	31.12030029296875	-40.17791748046875	-22.14202880859375	1.0	
1504720547305	1168667487200	31.024169921875	-39.51568603515625	-21.31500244140625	1.0	
1504720547332	1168687628802	30.77545166015625	-41.78009033203125	-21.50726318359375	1.0	
1504720547345	1168707770404	29.66766357421875	-41.009521484375	-21.09832763671875	1.0	
1504720547371	1168727912005	30.56640625	-40.484619140625	-21.09375	1.0	
1504720547387	1168748053607	31.781005859375	-40.765380859375	-21.15325927734375	1.0	
1504720547412	1168768195208	30.45806884765625	-41.69158935546875	-21.93603515625	1.0	
1504720547423	1168788336810	30.55572509765625	-40.87066650390625	-20.74737548828125	1.0	
1504720547450	1168808478411	30.6396484375	-40.29541015625	-19.90203857421875	1.0	
1504720547465	1168828620013	31.18743896484375	-40.04669189453125	-21.30126953125	1.0	
1504720547493	1168848761614	30.5633544921875	-40.10772705078125	-20.989990234375	1.0	
1504720547504	1168868903216	31.44989013671875	-39.51263427734375	-22.14202880859375	1.0	
1504720547531	1168889044818	30.36956787109375	-40.716552734375	-21.087646484375	1.0	
1504720547546	1168909186419	30.3375244140625	-40.3900146484375	-20.45745849609375	1.0	
1504720547573	1168929328021	29.83856201171875	-41.3848876953125	-21.45538330078125	1.0	
1504720547586	1168949469622	29.815673828125	-42.0806884765625	-20.66802978515625	1.0	
1504720547615	1168969611224	29.84161376953125	-40.46630859375	-20.80841064453125	1.0	
1504720547627	1168989752825	29.9163818359375	-40.17791748046875	-20.73516845703125	1.0	
1504720547653	1169009894427	30.24444580078125	-42.25006103515625	-20.64361572265625	1.0	
1504720547665	1169030036029	30.9539794921875	-41.107177734375	-20.91827392578125	1.0	
1504720547692	1169050177630	29.119873046875	-40.72723388671875	-21.36688232421875	1.0	
1504720547708	1169070319232	30.3955078125	-41.22772216796875	-20.5657958984375	1.0	
1504720547733	1169090460833	30.41229248046875	-41.5557861328125	-21.1669921875	1.0	
1504720547745	1169110602435	30.28717041015625	-41.68243408203125	-20.5902099609375	1.0	
1504720547772	1169130744036	29.32891845703125	-41.705322265625	-21.4691162109375	1.0	
1504720547790	1169150885638	29.62646484375	-40.33966064453125	-21.1181640625	1.0	
1504720547818	1169171027239	30.08575439453125	-41.17584228515625	-21.38214111328125	1.0	
1504720547836	1169191168841	30.2154541015625	-41.28875732421875	-21.39892578125	1.0	
1504720547852	1169211310443	30.8013916015625	-41.58477783203125	-20.5413818359375	1.0	
1504720547868	1169231452044	30.810546875	-41.40625	-20.77178955078125	1.0	
1504720547900	1169251593646	30.1025390625	-40.0115966796875	-21.533203125	1.0	
1504720547906	1169271735247	30.22308349609375	-40.2435302734375	-21.2371826171875	1.0	
1504720547934	1169291876849	30.9539794921875	-41.3421630859375	-20.36895751953125	1.0	
1504720547948	1169312018450	29.3212890625	-42.2821044921875	-21.27838134765625	1.0	
1504720547975	1169332160052	30.51910400390625	-41.2384033203125	-21.60797119140625	1.0	
1504720547987	1169352301654	30.48095703125	-40.4876708984375	-20.78094482421875	1.0	
1504720548018	1169372443255	29.0374755859375	-42.27447509765625	-20.86639404296875	1.0	
1504720548028	1169392584857	30.69610595703125	-41.8060302734375	-21.49658203125	1.0	
1504720548056	1169412726458	29.60968017578125	-40.7318115234375	-20.88775634765625	1.0	
1504720548066	1169432868060	28.729248046875	-40.83099365234375	-21.484375	1.0	
1504720548097	1169453009661	29.98199462890625	-42.108154296875	-21.35467529296875	1.0	
1504720548112	1169473151263	29.3365478515625	-40.728759765625	-20.9625244140625	1.0	
1504720548137	1169493292864	30.20782470703125	-41.754150390625	-20.7733154296875	1.0	
1504720548150	1169513434466	30.45806884765625	-42.5079345703125	-20.53070068359375	1.0	
1504720548174	1169533576068	30.33294677734375	-41.05377197265625	-20.57037353515625	1.0	
1504720548189	1169553717669	30.5877685546875	-41.04766845703125	-21.0479736328125	1.0	
1504720548215	1169573859271	30.45196533203125	-41.74957275390625	-20.61920166015625	1.0	
1504720548228	1169594000872	30.08880615234375	-41.39251708984375	-21.2127685546875	1.0	
1504720548254	1169614142474	29.54254150390625	-40.70281982421875	-19.8333740234375	1.0	
1504720548269	1169634284075	29.42962646484375	-41.54815673828125	-20.88775634765625	1.0	
1504720548297	1169654425677	30.27496337890625	-41.6595458984375	-20.8526611328125	1.0	
1504720548308	1169674567279	30.18341064453125	-40.52734375	-20.977783203125	1.0	
1504720548335	1169694708880	30.50537109375	-41.8426513671875	-20.02105712890625	1.0	
1504720548350	1169714850482	29.57916259765625	-41.3604736328125	-21.2158203125	1.0	
1504720548381	1169734992083	29.78668212890625	-41.30401611328125	-21.01287841796875	1.0	
1504720548388	1169755133685	30.426025390625	-40.6829833984375	-21.270751953125	1.0	
1504720548418	1169775275286	29.9468994140625	-41.32843017578125	-20.4803466796875	1.0	
1504720548431	1169795416888	29.62646484375	-41.81060791015625	-20.4986572265625	1.0	
1504720548457	1169815558489	30.41839599609375	-42.03338623046875	-20.83587646484375	1.0	
1504720548468	1169835700091	28.34625244140625	-40.2587890625	-20.5108642578125	1.0	
1504720548497	1169855841693	29.95452880859375	-41.1102294921875	-21.356201171875	1.0	
1504720548510	1169875983294	29.4769287109375	-40.3076171875	-21.42791748046875	1.0	
1504720548538	1169896124896	30.45806884765625	-42.5140380859375	-21.71173095703125	1.0	
1504720548548	1169916266497	29.22210693359375	-40.32135009765625	-21.3623046875	1.0	
1504720548576	1169936408099	30.6243896484375	-41.67633056640625	-21.98028564453125	1.0	
1504720548591	1169956549700	30.76171875	-41.2567138671875	-20.7611083984375	1.0	
1504720548618	1169976691302	30.94329833984375	-41.021728515625	-20.39794921875	1.0	
1504720548629	1169996832904	30.15289306640625	-42.38128662109375	-21.34552001953125	1.0	
1504720548656	1170016974505	30.2337646484375	-41.71600341796875	-20.86029052734375	1.0	
1504720548671	1170037116107	30.55267333984375	-41.033935546875	-21.31195068359375	1.0	
1504720548699	1170057257708	29.55322265625	-42.32940673828125	-20.90911865234375	1.0	
1504720548710	1170077399310	31.29425048828125	-42.44232177734375	-21.43096923828125	1.0	
1504720548736	1170097540911	29.8583984375	-41.2384033203125	-21.11358642578125	1.0	
1504720548751	1170117682513	30.97381591796875	-42.36297607421875	-21.71630859375	1.0	
1504720548780	1170137824114	29.327392578125	-41.78314208984375	-22.44110107421875	1.0	
1504720548790	1170157965716	30.45806884765625	-42.5079345703125	-22.14202880859375	1.0	
1504720548817	1170178107318	30.01556396484375	-41.41845703125	-21.67816162109375	1.0	
1504720548832	1170198248919	30.474853515625	-42.34466552734375	-21.6949462890625	1.0	
1504720548860	1170218390521	30.9234619140625	-41.9891357421875	-21.30584716796875	1.0	
1504720548870	1170238532122	30.3253173828125	-42.17529296875	-21.88262939453125	1.0	
1504720548897	1170258673724	30.32989501953125	-41.778564453125	-21.2982177734375	1.0	
1504720548916	1170278815325	30.96923828125	-41.119384765625	-21.26007080078125	1.0	
1504720548939	1170298956927	31.5948486328125	-42.02880859375	-21.50726318359375	1.0	
1504720548952	1170319098529	30.4718017578125	-41.94183349609375	-22.26409912109375	1.0	
1504720548978	1170339240130	30.7098388671875	-40.97747802734375	-22.81036376953125	1.0	
1504720548995	1170359381732	30.6732177734375	-41.24298095703125	-22.92327880859375	1.0	
1504720549023	1170379523333	30.4107666015625	-41.4154052734375	-22.601318359375	1.0	
1504720549032	1170399664935	30.12847900390625	-41.510009765625	-22.14202880859375	1.0	
1504720549058	1170419806536	30.108642578125	-40.72723388671875	-21.514892578125	1.0	
1504720549073	1170439948138	30.4962158203125	-41.88079833984375	-22.32666015625	1.0	
1504720549101	1170460089739	31.40716552734375	-40.7470703125	-21.08001708984375	1.0	
1504720549111	1170480231341	30.3619384765625	-41.607666015625	-21.3226318359375	1.0	
1504720549138	1170500372943	31.01043701171875	-41.48101806640625	-21.71173095703125	1.0	
1504720549153	1170520514544	29.57000732421875	-41.5252685546875	-22.36328125	1.0	
1504720549190	1170540656146	30.36651611328125	-41.88690185546875	-21.14410400390625	1.0	
1504720549203	1170560797747	29.30450439453125	-41.31622314453125	-21.1883544921875	1.0	
1504720549218	1170580939349	29.79736328125	-41.510009765625	-21.17462158203125	1.0	
1504720549233	1170601080950	30.54046630859375	-41.96014404296875	-21.6094970703125	1.0	
1504720549260	1170621222552	30.859375	-41.77703857421875	-21.17156982421875	1.0	
1504720549277	1170641364154	28.92608642578125	-41.229248046875	-21.8017578125	1.0	
1504720549299	1170661505755	31.01806640625	-41.8731689453125	-21.3287353515625	1.0	
1504720549315	1170681647357	29.0618896484375	-41.58477783203125	-20.672607421875	1.0	
1504720549341	1170701788958	30.34515380859375	-42.21343994140625	-21.6583251953125	1.0	
1504720549352	1170721930560	29.34722900390625	-41.27349853515625	-21.7987060546875	1.0	
1504720549382	1170742072161	29.91485595703125	-41.3421630859375	-21.13494873046875	1.0	
1504720549394	1170762213763	28.86505126953125	-42.0745849609375	-21.759033203125	1.0	
1504720549422	1170782355364	29.6112060546875	-41.94793701171875	-20.9930419921875	1.0	
1504720549434	1170802496966	30.12847900390625	-41.8426513671875	-21.49658203125	1.0	
1504720549459	1170822638568	29.61273193359375	-43.04046630859375	-21.47216796875	1.0	
1504720549475	1170842780169	29.5867919921875	-41.9647216796875	-21.98028564453125	1.0	
1504720549501	1170862921771	30.999755859375	-41.60003662109375	-20.76416015625	1.0	
1504720549514	1170883063372	30.62896728515625	-42.48504638671875	-21.5728759765625	1.0	
1504720549542	1170903204974	30.0689697265625	-41.97235107421875	-22.174072265625	1.0	
1504720549555	1170923346575	29.82025146484375	-42.86041259765625	-21.51947021484375	1.0	
1504720549582	1170943488177	29.45709228515625	-41.95098876953125	-21.1822509765625	1.0	
1504720549593	1170963629779	29.2755126953125	-42.26837158203125	-21.90704345703125	1.0	
1504720549621	1170983771380	29.75921630859375	-42.2271728515625	-21.44775390625	1.0	
1504720549636	1171003912982	29.08935546875	-41.02630615234375	-21.7926025390625	1.0	
1504720549664	1171024054583	29.0313720703125	-41.41387939453125	-21.3775634765625	1.0	
1504720549674	1171044196185	29.18853759765625	-41.95098876953125	-21.61102294921875	1.0	
1504720549704	1171064337786	29.63409423828125	-42.34161376953125	-20.80078125	1.0	
1504720549716	1171084479388	29.96368408203125	-42.00897216796875	-20.53070068359375	1.0	
1504720549743	1171104620989	30.3466796875	-42.61932373046875	-21.38519287109375	1.0	
1504720549754	1171124762591	29.63714599609375	-41.9586181640625	-21.87347412109375	1.0	
1504720549782	1171144904193	30.07354736328125	-40.673828125	-21.33941650390625	1.0	
1504720549797	1171165045794	29.6905517578125	-41.55731201171875	-21.5423583984375	1.0	
1504720549825	1171185187396	30.35888671875	-41.60919189453125	-20.74127197265625	1.0	
1504720549835	1171205328997	29.79736328125	-42.17529296875	-21.6400146484375	1.0	
1504720549861	1171225470599	30.6243896484375	-42.67425537109375	-20.0469970703125	1.0	
1504720549877	1171245612200	29.1473388671875	-42.2698974609375	-22.52960205078125	1.0	
1504720549904	1171265753802	29.6844482421875	-42.3675537109375	-21.6339111328125	1.0	
1504720549915	1171285895404	30.88531494140625	-41.27349853515625	-22.17254638671875	1.0	
1504720549942	1171306037005	30.47332763671875	-41.99066162109375	-21.5118408203125	1.0	
1504720549957	1171326178607	30.25970458984375	-42.10968017578125	-21.5606689453125	1.0	
1504720549984	1171346320208	29.1412353515625	-42.4407958984375	-21.59576416015625	1.0	
1504720549996	1171366461810	29.290771484375	-41.3543701171875	-21.7132568359375	1.0	
1504720550024	1171386603411	29.3487548828125	-41.778564453125	-20.78857421875	1.0	
1504720550038	1171406745013	30.90057373046875	-41.6595458984375	-21.1822509765625	1.0	
1504720550064	1171426886614	29.7027587890625	-42.12799072265625	-22.14202880859375	1.0	
1504720550076	1171447028216	29.4677734375	-41.17584228515625	-22.14202880859375	1.0	
1504720550102	1171467169818	30.58319091796875	-42.34161376953125	-21.8902587890625	1.0	
1504720550119	1171487311419	30.01708984375	-42.4713134765625	-21.28143310546875	1.0	
1504720550145	1171507453021	30.04913330078125	-42.13104248046875	-21.01593017578125	1.0	
1504720550157	1171527594622	28.33404541015625	-41.62445068359375	-22.17864990234375	1.0	
1504720550183	1171547736224	29.67529296875	-41.56646728515625	-22.5799560546875	1.0	
1504720550198	1171567877825	29.92401123046875	-41.28265380859375	-21.10443115234375	1.0	
1504720550225	1171588019427	29.962158203125	-41.32537841796875	-21.2158203125	1.0	
1504720550241	1171608161029	29.40673828125	-42.169189453125	-21.82464599609375	1.0	
1504720550264	1171628302630	31.35986328125	-41.41998291015625	-21.8963623046875	1.0	
1504720550278	1171648444232	29.62493896484375	-41.6839599609375	-21.90093994140625	1.0	
1504720550305	1171668585833	29.217529296875	-42.17681884765625	-21.73614501953125	1.0	
1504720550317	1171688727435	30.08270263671875	-41.80450439453125	-21.1334228515625	1.0	
1504720550344	1171708869036	29.7607421875	-41.96624755859375	-21.13037109375	1.0	
1504720550360	1171729010638	29.37774658203125	-41.1041259765625	-21.26007080078125	1.0	
1504720550386	1171749152239	29.87823486328125	-41.082763671875	-21.89788818359375	1.0	
1504720550397	1171769293841	30.377197265625	-42.083740234375	-22.38616943359375	1.0	
1504720550424	1171789435443	30.62744140625	-41.82586669921875	-21.65374755859375	1.0	
1504720550440	1171809577044	29.94842529296875	-41.7633056640625	-21.55914306640625	1.0	
1504720550471	1171829718646	30.81817626953125	-42.00897216796875	-21.52557373046875	1.0	
1504720550482	1171849860247	31.95037841796875	-41.876220703125	-20.5474853515625	1.0	
1504720550504	1171870001849	29.4677734375	-41.510009765625	-20.53070068359375	1.0	
1504720550523	1171890143450	30.84259033203125	-42.06390380859375	-19.9920654296875	1.0	
1504720550546	1171910285052	30.731201171875	-41.3482666015625	-21.44012451171875	1.0	
1504720550558	1171930426654	30.340576171875	-41.961669921875	-21.33636474609375	1.0	
1504720550585	1171950568255	30.389404296875	-42.66510009765625	-21.4447021484375	1.0	
1504720550599	1171970709857	30.2459716796875	-42.39044189453125	-20.53070068359375	1.0	
1504720550627	1171990851458	31.55975341796875	-40.6829833984375	-21.1334228515625	1.0	
1504720550640	1172010993060	29.8583984375	-40.7806396484375	-21.234130859375	1.0	
1504720550665	1172031134661	31.0089111328125	-42.48046875	-21.038818359375	1.0	
1504720550683	1172051276263	31.781005859375	-40.27099609375	-21.1517333984375	1.0	
1504720550707	1172071417864	31.5765380859375	-40.4541015625	-21.62017822265625	1.0	
1504720550721	1172091559466	31.94580078125	-41.009521484375	-21.98028564453125	1.0	
1504720550745	1172111701068	30.7769775390625	-39.7247314453125	-21.57135009765625	1.0	
1504720550760	1172131842669	31.7352294921875	-40.1824951171875	-22.76153564453125	1.0	
1504720550788	1172151984271	31.21185302734375	-41.5985107421875	-21.73919677734375	1.0	
1504720550815	1172172125872	30.9478759765625	-41.009521484375	-21.33941650390625	1.0	
1504720550826	1172192267474	30.05828857421875	-41.2689208984375	-22.71728515625	1.0	
1504720550853	1172212409075	30.28411865234375	-40.34423828125	-21.3531494140625	1.0	
1504720550868	1172232550677	30.05218505859375	-40.97442626953125	-22.0672607421875	1.0	
1504720550895	1172252692279	28.55377197265625	-41.11480712890625	-20.89385986328125	1.0	
1504720550906	1172272833880	30.33599853515625	-40.2008056640625	-21.2921142578125	1.0	
1504720550934	1172292975482	30.9539794921875	-42.34161376953125	-21.6583251953125	1.0	
1504720550949	1172313117083	30.7586669921875	-41.1651611328125	-22.0367431640625	1.0	
1504720550975	1172333258685	30.73883056640625	-41.39251708984375	-21.0601806640625	1.0	
1504720550986	1172353400286	29.68292236328125	-41.57257080078125	-20.24383544921875	1.0	
1504720551019	1172373541888	30.438232421875	-41.0308837890625	-21.636962890625	1.0	
1504720551031	1172393683489	31.23931884765625	-41.38946533203125	-21.29058837890625	1.0	
1504720551055	1172413825091	30.91278076171875	-42.53387451171875	-21.10137939453125	1.0	
1504720551067	1172433966693	31.39495849609375	-42.23480224609375	-21.331787109375	1.0	
1504720551095	1172454108294	30.224609375	-43.13507080078125	-21.08001708984375	1.0	
1504720551109	1172474249896	31.2225341796875	-41.71905517578125	-21.21429443359375	1.0	
1504720551138	1172494391497	30.6549072265625	-41.70989990234375	-21.5606689453125	1.0	
1504720551149	1172514533099	31.44989013671875	-42.5079345703125	-20.53070068359375	1.0	
1504720551174	1172534674700	29.97894287109375	-41.17584228515625	-21.42333984375	1.0	
1504720551189	1172554816302	30.0750732421875	-41.54510498046875	-21.0540771484375	1.0	
1504720551217	1172574957904	31.243896484375	-41.6351318359375	-22.5830078125	1.0	
1504720551227	1172595099505	31.12030029296875	-41.7633056640625	-20.99151611328125	1.0	
1504720551258	1172615241107	31.19354248046875	-42.10052490234375	-21.6583251953125	1.0	
1504720551270	1172635382708	30.4351806640625	-41.55731201171875	-22.16339111328125	1.0	
1504720551298	1172655524310	31.55059814453125	-41.009521484375	-20.4986572265625	1.0	
1504720551308	1172675665911	30.08880615234375	-41.5496826171875	-21.0906982421875	1.0	
1504720551335	1172695807513	30.96466064453125	-41.56951904296875	-20.14007568359375	1.0	
1504720551350	1172715949114	31.39495849609375	-41.3421630859375	-21.01287841796875	1.0	
1504720551377	1172736090716	31.7291259765625	-41.5740966796875	-20.89996337890625	1.0	
1504720551388	1172756232318	31.94580078125	-41.436767578125	-21.7987060546875	1.0	
1504720551415	1172776373919	30.51910400390625	-42.3614501953125	-21.47369384765625	1.0	
1504720551431	1172796515521	30.6243896484375	-42.38128662109375	-22.26409912109375	1.0	
1504720551458	1172816657122	30.6243896484375	-42.21649169921875	-21.1334228515625	1.0	
1504720551469	1172836798724	30.1727294921875	-43.2769775390625	-21.56982421875	1.0	
1504720551496	1172856940325	31.231689453125	-42.23785400390625	-21.23260498046875	1.0	
1504720551511	1172877081927	30.2398681640625	-42.54608154296875	-21.53167724609375	1.0	
1504720551542	1172897223529	31.292724609375	-41.9219970703125	-20.9442138671875	1.0	
1504720551549	1172917365130	29.83551025390625	-41.375732421875	-20.82672119140625	1.0	
1504720551576	1172937506732	30.29327392578125	-42.00897216796875	-21.98028564453125	1.0	
1504720551592	1172957648333	29.5135498046875	-41.67327880859375	-21.87042236328125	1.0	
1504720551618	1172977789935	29.72869873046875	-41.24603271484375	-20.36895751953125	1.0	
1504720551630	1172997931536	30.41229248046875	-39.95208740234375	-20.220947265625	1.0	
1504720551657	1173018073138	29.7149658203125	-40.6951904296875	-21.49658203125	1.0	
1504720551672	1173038214739	30.35736083984375	-41.45050048828125	-22.40447998046875	1.0	
1504720551702	1173058356341	30.88531494140625	-42.06390380859375	-21.209716796875	1.0	
1504720551711	1173078497943	31.07757568359375	-41.76025390625	-21.77734375	1.0	
1504720551737	1173098639544	29.97894287109375	-40.79742431640625	-21.0296630859375	1.0	
1504720551752	1173118781146	30.9539794921875	-41.07208251953125	-21.98028564453125	1.0	
1504720551780	1173138922747	30.60302734375	-40.93780517578125	-22.01080322265625	1.0	
1504720551791	1173159064349	30.12847900390625	-41.17584228515625	-20.8526611328125	1.0	
1504720551821	1173179205950	30.975341796875	-42.0013427734375	-20.8099365234375	1.0	
1504720551834	1173199347552	30.68389892578125	-40.863037109375	-21.15478515625	1.0	
1504720551859	1173219489154	30.5084228515625	-40.89508056640625	-20.9014892578125	1.0	
1504720551870	1173239630755	30.377197265625	-41.17584228515625	-20.97320556640625	1.0	
1504720551899	1173259772357	31.19354248046875	-40.4052734375	-21.94976806640625	1.0	
1504720551914	1173279913958	29.64630126953125	-41.10260009765625	-21.92840576171875	1.0	
1504720551940	1173300055560	30.61370849609375	-40.65704345703125	-21.02203369140625	1.0	
1504720551951	1173320197161	30.90362548828125	-40.80352783203125	-21.93145751953125	1.0	
1504720551978	1173340338763	31.05010986328125	-41.168212890625	-21.795654296875	1.0	
1504720551994	1173360480364	30.29632568359375	-41.10565185546875	-21.2432861328125	1.0	
1504720552020	1173380621966	30.670166015625	-41.22772216796875	-21.22344970703125	1.0	
1504720552032	1173400763568	30.25665283203125	-40.2099609375	-21.6583251953125	1.0	
1504720552059	1173420905169	30.82275390625	-40.0909423828125	-21.63238525390625	1.0	
1504720552075	1173441046771	30.46722412109375	-41.5374755859375	-20.9442138671875	1.0	
1504720552100	1173461188372	30.975341796875	-41.534423828125	-22.6043701171875	1.0	
1504720552112	1173481329974	31.66351318359375	-41.13311767578125	-21.453857421875	1.0	
1504720552139	1173501471575	31.7474365234375	-41.29791259765625	-20.62225341796875	1.0	
1504720552154	1173521613177	31.58416748046875	-41.70684814453125	-21.35772705078125	1.0	
1504720552183	1173541754779	30.84716796875	-41.3421630859375	-20.7855224609375	1.0	
1504720552192	1173561896380	31.1859130859375	-40.77606201171875	-21.3836669921875	1.0	
1504720552219	1173582037982	31.12030029296875	-41.8426513671875	-20.8526611328125	1.0	
1504720552234	1173602179583	31.5673828125	-41.08734130859375	-20.99761962890625	1.0	
1504720552261	1173622321185	31.951904296875	-40.84320068359375	-21.70562744140625	1.0	
1504720552273	1173642462786	30.6976318359375	-41.56646728515625	-21.3592529296875	1.0	
1504720552299	1173662604388	31.44378662109375	-41.66717529296875	-21.331787109375	1.0	
1504720552326	1173682745989	30.9906005859375	-40.34423828125	-21.6461181640625	1.0	
1504720552342	1173702887591	31.85272216796875	-40.70892333984375	-20.48492431640625	1.0	
1504720552380	1173723029193	31.56585693359375	-41.55426025390625	-21.0601806640625	1.0	
1504720552407	1173743170794	31.43463134765625	-40.6890869140625	-21.37603759765625	1.0	
1504720552425	1173763312396	30.4168701171875	-41.607666015625	-20.7855224609375	1.0	
1504720552437	1173783453997	31.48956298828125	-41.9158935546875	-21.34552001953125	1.0	
1504720552452	1173803595599	31.298828125	-42.51251220703125	-20.941162109375	1.0	
1504720552463	1173823737200	31.54449462890625	-40.55633544921875	-21.04339599609375	1.0	
1504720552495	1173843878802	31.73370361328125	-40.8599853515625	-20.2362060546875	1.0	
1504720552505	1173864020404	30.7037353515625	-41.60614013671875	-21.59881591796875	1.0	
1504720552526	1173884162005	31.597900390625	-40.6982421875	-20.71533203125	1.0	
1504720552548	1173904303607	30.7281494140625	-41.2384033203125	-21.08612060546875	1.0	
1504720552559	1173924445208	31.3720703125	-40.89508056640625	-22.06573486328125	1.0	
1504720552603	1173944586810	30.5816650390625	-40.44647216796875	-21.93756103515625	1.0	
1504720552612	1173964728411	32.13958740234375	-41.204833984375	-22.34649658203125	1.0	
1504720552626	1173984870013	32.3883056640625	-41.78924560546875	-22.1923828125	1.0	
1504720552638	1174005011614	31.81304931640625	-40.1458740234375	-21.722412109375	1.0	
1504720552667	1174025153216	31.37969970703125	-39.89105224609375	-21.71173095703125	1.0	
1504720552676	1174045294818	29.92706298828125	-41.36199951171875	-21.7071533203125	1.0	
1504720552706	1174065436419	30.99365234375	-41.30401611328125	-23.028564453125	1.0	
1504720552717	1174085578021	30.322265625	-41.302490234375	-21.60491943359375	1.0	
1504720552743	1174105719622	31.1676025390625	-41.12701416015625	-22.45025634765625	1.0	
1504720552754	1174125861224	31.640625	-40.88897705078125	-22.1893310546875	1.0	
1504720552782	1174146002825	30.914306640625	-41.20635986328125	-21.7132568359375	1.0	
1504720552798	1174166144427	31.4178466796875	-41.2078857421875	-22.2015380859375	1.0	
1504720552826	1174186286029	30.95703125	-40.8660888671875	-22.576904296875	1.0	
1504720552836	1174206427630	32.85369873046875	-41.864013671875	-22.72491455078125	1.0	
1504720552863	1174226569232	31.44989013671875	-40.84320068359375	-23.42987060546875	1.0	
1504720552877	1174246710833	31.591796875	-40.69976806640625	-21.89483642578125	1.0	
1504720552908	1174266852435	30.52215576171875	-40.29998779296875	-22.918701171875	1.0	
1504720552917	1174286994036	32.440185546875	-39.48516845703125	-22.62420654296875	1.0	
1504720552945	1174307135638	31.09893798828125	-40.2679443359375	-22.40753173828125	1.0	
1504720552957	1174327277239	31.28509521484375	-39.07928466796875	-22.32208251953125	1.0	
1504720552985	1174347418841	31.28204345703125	-39.02130126953125	-22.7935791015625	1.0	
1504720553011	1174367560443	31.76727294921875	-39.49432373046875	-22.48687744140625	1.0	
1504720553023	1174387702044	31.02874755859375	-38.96942138671875	-24.01580810546875	1.0	
1504720553051	1174407843646	31.8023681640625	-38.84735107421875	-25.018310546875	1.0	
1504720553069	1174427985247	31.22406005859375	-38.5498046875	-25.006103515625	1.0	
1504720553092	1174448126849	30.84564208984375	-38.3270263671875	-25.22125244140625	1.0	
1504720553103	1174468268450	31.2652587890625	-38.720703125	-26.092529296875	1.0	
1504720553131	1174488410052	32.354736328125	-36.66229248046875	-25.9368896484375	1.0	
1504720553145	1174508551654	32.4066162109375	-36.88507080078125	-26.6845703125	1.0	
1504720553172	1174528693255	33.6151123046875	-35.59417724609375	-27.2247314453125	1.0	
1504720553183	1174548834857	33.22296142578125	-35.48431396484375	-28.51715087890625	1.0	
1504720553218	1174568976458	32.6202392578125	-32.73468017578125	-29.94842529296875	1.0	
1504720553226	1174589118060	32.940673828125	-30.35736083984375	-30.7769775390625	1.0	
1504720553256	1174609259661	31.683349609375	-30.77545166015625	-32.5347900390625	1.0	
1504720553267	1174629401263	32.17620849609375	-30.26885986328125	-31.67724609375	1.0	
1504720553291	1174649542864	32.110595703125	-29.52880859375	-32.1319580078125	1.0	
1504720553305	1174669684466	33.453369140625	-29.754638671875	-32.1319580078125	1.0	
1504720553336	1174689826068	32.9345703125	-28.6407470703125	-32.77587890625	1.0	
1504720553346	1174709967669	33.76312255859375	-28.5430908203125	-33.197021484375	1.0	
1504720553371	1174730109271	34.44976806640625	-27.984619140625	-31.73980712890625	1.0	
1504720553387	1174750250872	34.53216552734375	-27.27813720703125	-32.70111083984375	1.0	
1504720553418	1174770392474	33.96759033203125	-28.155517578125	-34.0240478515625	1.0	
1504720553427	1174790534075	34.6038818359375	-28.5614013671875	-33.3465576171875	1.0	
1504720553455	1174810675677	35.60791015625	-26.49993896484375	-34.0972900390625	1.0	
1504720553467	1174830817279	35.1104736328125	-26.300048828125	-34.674072265625	1.0	
1504720553496	1174850958880	35.6903076171875	-25.78582763671875	-36.5631103515625	1.0	
1504720553505	1174871100482	35.08453369140625	-24.87030029296875	-35.67657470703125	1.0	
1504720553534	1174891242083	36.23046875	-24.71466064453125	-34.89990234375	1.0	
1504720553548	1174911383685	35.1654052734375	-24.68719482421875	-34.99908447265625	1.0	
1504720553573	1174931525286	35.5926513671875	-24.9969482421875	-34.88311767578125	1.0	
1504720553586	1174951666888	35.73455810546875	-24.92218017578125	-34.33685302734375	1.0	
1504720553619	1174971808489	35.27069091796875	-24.371337890625	-35.8306884765625	1.0	
1504720553628	1174991950091	36.24114990234375	-24.71160888671875	-35.35003662109375	1.0	
1504720553639	1175012091693	36.24114990234375	-23.7060546875	-34.87091064453125	1.0	
1504720553665	1175032233294	37.469482421875	-24.79248046875	-36.07330322265625	1.0	
1504720553681	1175052374896	37.249755859375	-23.724365234375	-36.4776611328125	1.0	
1504720553708	1175072516497	36.0565185546875	-23.248291015625	-36.83319091796875	1.0	
1504720553721	1175092658099	36.407470703125	-22.540283203125	-36.32049560546875	1.0	
1504720553747	1175112799700	36.42730712890625	-24.298095703125	-37.664794921875	1.0	
1504720553762	1175132941302	37.37640380859375	-25.45166015625	-36.724853515625	1.0	
1504720553789	1175153082904	35.1531982421875	-23.8494873046875	-36.6241455078125	1.0	
1504720553803	1175173224505	36.06109619140625	-23.88763427734375	-37.13836669921875	1.0	
1504720553838	1175193366107	36.24114990234375	-24.371337890625	-36.6729736328125	1.0	
1504720553848	1175213507708	35.797119140625	-24.22332763671875	-37.2039794921875	1.0	
1504720553874	1175233649310	36.5936279296875	-25.1190185546875	-35.9405517578125	1.0	
1504720553889	1175253790911	36.199951171875	-25.93231201171875	-35.64605712890625	1.0	
1504720553906	1175273932513	36.5509033203125	-25.5096435546875	-36.5325927734375	1.0	
1504720553922	1175294074114	36.8133544921875	-25.23651123046875	-37.21160888671875	1.0	
1504720553949	1175314215716	37.03155517578125	-25.20294189453125	-37.1429443359375	1.0	
1504720553960	1175334357318	34.539794921875	-25.20294189453125	-36.03515625	1.0	
1504720553991	1175354498919	36.0443115234375	-24.3316650390625	-36.45782470703125	1.0	
1504720554003	1175374640521	36.40899658203125	-25.86212158203125	-36.6455078125	1.0	
1504720554030	1175394782122	35.5804443359375	-24.871826171875	-36.65008544921875	1.0	
1504720554056	1175414923724	36.4013671875	-23.89678955078125	-36.3311767578125	1.0	
1504720554071	1175435065325	35.63690185546875	-25.82244873046875	-36.36474609375	1.0	
1504720554094	1175455206927	35.62469482421875	-26.02081298828125	-34.57794189453125	1.0	
1504720554110	1175475348529	36.84844970703125	-25.98114013671875	-34.381103515625	1.0	
1504720554139	1175495490130	36.61956787109375	-26.39312744140625	-34.7747802734375	1.0	
1504720554160	1175515631732	37.23297119140625	-26.70135498046875	-33.58154296875	1.0	
1504720554180	1175535773333	37.80975341796875	-26.4862060546875	-33.85467529296875	1.0	
1504720554193	1175555914935	36.9659423828125	-27.43072509765625	-33.71734619140625	1.0	
1504720554218	1175576056536	37.3260498046875	-27.447509765625	-33.8531494140625	1.0	
1504720554232	1175596198138	38.7298583984375	-27.83355712890625	-32.76519775390625	1.0	
1504720554262	1175616339739	38.55438232421875	-28.0853271484375	-31.3262939453125	1.0	
1504720554270	1175636481341	38.55438232421875	-28.36456298828125	-31.109619140625	1.0	
1504720554300	1175656622943	40.76385498046875	-28.4454345703125	-30.48248291015625	1.0	
1504720554308	1175676764544	40.33966064453125	-29.06494140625	-30.035400390625	1.0	
1504720554337	1175696906146	41.49322509765625	-28.875732421875	-28.82843017578125	1.0	
1504720554351	1175717047747	41.00341796875	-30.37567138671875	-28.05938720703125	1.0	
1504720554412	1175737189349	40.34576416015625	-31.13861083984375	-27.90679931640625	1.0	
1504720554416	1175757330950	40.09552001953125	-32.90252685546875	-28.15093994140625	1.0	
1504720554431	1175777472552	39.03961181640625	-33.77532958984375	-27.166748046875	1.0	
1504720554437	1175797614154	37.49237060546875	-36.1358642578125	-27.3193359375	1.0	
1504720554458	1175817755755	36.8377685546875	-36.981201171875	-27.07366943359375	1.0	
1504720554469	1175837897357	34.43603515625	-39.1693115234375	-27.3468017578125	1.0	
1504720554497	1175858038958	33.82415771484375	-41.3482666015625	-25.61798095703125	1.0	
1504720554511	1175878180560	31.60247802734375	-42.12799072265625	-27.0843505859375	1.0	
1504720554538	1175898322161	29.66156005859375	-42.43316650390625	-27.03857421875	1.0	
1504720554549	1175918463763	28.44390869140625	-44.5892333984375	-27.0416259765625	1.0	
1504720554576	1175938605364	27.79693603515625	-45.819091796875	-27.58941650390625	1.0	
1504720554595	1175958746966	25.57373046875	-45.9686279296875	-28.02276611328125	1.0	
1504720554619	1175978888568	22.77374267578125	-48.13690185546875	-29.22821044921875	1.0	
1504720554630	1175999030169	18.88275146484375	-48.08502197265625	-28.73992919921875	1.0	
1504720554659	1176019171771	15.94085693359375	-50.3143310546875	-30.0872802734375	1.0	
1504720554674	1176039313372	12.4237060546875	-51.49383544921875	-31.11724853515625	1.0	
1504720554701	1176059454974	9.21630859375	-50.48980712890625	-31.84967041015625	1.0	
1504720554710	1176079596575	5.53741455078125	-51.94244384765625	-33.54339599609375	1.0	
1504720554738	1176099738177	3.3477783203125	-49.798583984375	-34.18426513671875	1.0	
1504720554764	1176119879779	0.03814697265625	-50.8026123046875	-36.5997314453125	1.0	
1504720554781	1176140030712	-2.1240234375	-50.2471923828125	-36.41815185546875	1.0	
1504720554806	1176160172314	-4.06494140625	-50.60272216796875	-37.44659423828125	1.0	
1504720554820	1176180313915	-4.1534423828125	-49.47967529296875	-38.39569091796875	1.0	
1504720554845	1176200455517	-6.48651123046875	-49.0386962890625	-39.3524169921875	1.0	
1504720554860	1176220597118	-9.51080322265625	-49.84893798828125	-38.92364501953125	1.0	
1504720554887	1176240738720	-10.4278564453125	-48.6541748046875	-40.30303955078125	1.0	
1504720554899	1176260880321	-12.53814697265625	-48.9898681640625	-40.68145751953125	1.0	
1504720554934	1176281021923	-14.3646240234375	-49.6307373046875	-42.5506591796875	1.0	
1504720554944	1176301163525	-16.19110107421875	-47.41973876953125	-42.1112060546875	1.0	
1504720554967	1176321305126	-18.829345703125	-45.15838623046875	-42.73834228515625	1.0	
1504720554980	1176341446728	-20.03021240234375	-45.4071044921875	-42.8131103515625	1.0	
1504720555007	1176361588329	-23.59161376953125	-44.9859619140625	-43.218994140625	1.0	
1504720555022	1176381729931	-23.93035888671875	-43.963623046875	-42.72308349609375	1.0	
1504720555050	1176401871532	-26.64337158203125	-43.12744140625	-43.22967529296875	1.0	
1504720555060	1176422013134	-27.1484375	-40.47698974609375	-45.147705078125	1.0	
1504720555087	1176442154736	-28.79486083984375	-40.64483642578125	-44.02313232421875	1.0	
1504720555103	1176462296337	-30.77850341796875	-38.31634521484375	-44.9859619140625	1.0	
1504720555113	1176482437939	-32.2601318359375	-37.48779296875	-45.46966552734375	1.0	
1504720555140	1176502579540	-34.9029541015625	-35.16387939453125	-45.79315185546875	1.0	
1504720555155	1176522721142	-34.906005859375	-35.48736572265625	-46.11053466796875	1.0	
1504720555181	1176542862743	-35.64300537109375	-32.76824951171875	-46.98486328125	1.0	
1504720555193	1176563004345	-36.22589111328125	-32.1563720703125	-45.8099365234375	1.0	
1504720555221	1176583145946	-37.38250732421875	-32.32879638671875	-47.24273681640625	1.0	
1504720555236	1176603287548	-37.05902099609375	-33.31298828125	-47.55859375	1.0	
1504720555262	1176623429150	-37.310791015625	-31.73828125	-48.4466552734375	1.0	
1504720555273	1176643570751	-38.348388671875	-31.01959228515625	-47.89886474609375	1.0	
1504720555300	1176663712353	-38.13018798828125	-30.4351806640625	-47.77374267578125	1.0	
1504720555314	1176683853954	-39.0106201171875	-30.00030517578125	-46.64459228515625	1.0	
1504720555342	1176703995556	-41.3726806640625	-30.5694580078125	-46.84295654296875	1.0	
1504720555364	1176724137157	-42.02423095703125	-31.63909912109375	-47.22747802734375	1.0	
1504720555389	1176744278759	-41.912841796875	-30.255126953125	-47.5982666015625	1.0	
1504720555409	1176764420361	-42.97332763671875	-30.328369140625	-47.59063720703125	1.0	
1504720555440	1176784561962	-42.93975830078125	-30.499267578125	-46.484375	1.0	
1504720555445	1176804703564	-43.8262939453125	-30.499267578125	-45.7916259765625	1.0	
1504720555475	1176824845165	-44.69451904296875	-28.9886474609375	-47.1343994140625	1.0	
1504720555483	1176844986767	-43.99871826171875	-29.010009765625	-46.28143310546875	1.0	
1504720555506	1176865128368	-44.0216064453125	-28.1585693359375	-47.4151611328125	1.0	
1504720555516	1176885269970	-44.18182373046875	-28.12957763671875	-47.442626953125	1.0	
1504720555560	1176905411571	-44.7662353515625	-26.7425537109375	-48.85406494140625	1.0	
1504720555574	1176925553173	-44.0643310546875	-26.007080078125	-49.15771484375	1.0	
1504720555591	1176945694775	-45.8282470703125	-26.56402587890625	-48.6358642578125	1.0	
1504720555599	1176965836376	-46.11053466796875	-25.53863525390625	-50.23651123046875	1.0	
1504720555623	1176985977978	-45.2728271484375	-24.78179931640625	-48.773193359375	1.0	
1504720555635	1177006119579	-45.79925537109375	-24.5635986328125	-50.55389404296875	1.0	
1504720555672	1177026261181	-46.23870849609375	-24.6551513671875	-50.067138671875	1.0	
1504720555688	1177046402782	-46.954345703125	-24.688720703125	-49.18670654296875	1.0	
1504720555724	1177066544384	-47.10693359375	-24.62921142578125	-48.944091796875	1.0	
1504720555733	1177086685986	-48.828125	-23.15826416015625	-50.897216796875	1.0	
1504720555768	1177106827587	-46.80023193359375	-24.51019287109375	-49.52239990234375	1.0	
1504720555804	1177126969189	-47.5616455078125	-25.5828857421875	-49.7802734375	1.0	
1504720555856	1177147110790	-47.30682373046875	-23.19488525390625	-49.50714111328125	4.0	
1504720555875	1177167252392	-47.39227294921875	-22.61199951171875	-50.77056884765625	4.0	
1504720555910	1177187393993	-48.7152099609375	-23.52447509765625	-50.10223388671875	4.0	
1504720555921	1177207535595	-47.2625732421875	-23.25286865234375	-50.84686279296875	4.0	
1504720555944	1177227677196	-49.609375	-22.34649658203125	-49.176025390625	4.0	
1504720555950	1177247818798	-48.260498046875	-21.89483642578125	-50.1983642578125	4.0	
1504720555965	1177267960400	-49.44305419921875	-20.64361572265625	-52.2979736328125	4.0	
1504720555972	1177288102001	-48.69842529296875	-20.30181884765625	-51.1871337890625	4.0	
1504720555993	1177308243603	-50.0396728515625	-19.11773681640625	-51.20391845703125	4.0	
1504720556001	1177328385204	-50.33416748046875	-18.023681640625	-52.459716796875	4.0	
1504720556019	1177348526806	-50.23193359375	-16.5802001953125	-54.09698486328125	4.0	
1504720556026	1177368668407	-50.63629150390625	-15.90423583984375	-52.38494873046875	4.0	
1504720556039	1177388810009	-51.45416259765625	-15.73944091796875	-52.76641845703125	4.0	
1504720556050	1177408951611	-51.46484375	-15.380859375	-53.5614013671875	4.0	
1504720556065	1177429093212	-52.06146240234375	-14.4989013671875	-53.2012939453125	4.0	
1504720556078	1177449234814	-51.75628662109375	-14.19219970703125	-51.91497802734375	4.0	
1504720556103	1177469376415	-52.80609130859375	-13.092041015625	-53.4698486328125	4.0	
1504720556119	1177489518017	-52.08740234375	-12.61138916015625	-54.45404052734375	4.0	
1504720556145	1177509659618	-52.68707275390625	-10.92681884765625	-55.1971435546875	4.0	
1504720556157	1177529801220	-52.97698974609375	-10.92529296875	-56.243896484375	4.0	
1504720556187	1177549942821	-53.31268310546875	-9.71832275390625	-55.841064453125	4.0	
1504720556201	1177570084423	-51.00555419921875	-8.4442138671875	-55.8013916015625	4.0	
1504720556228	1177590226025	-52.4169921875	-8.95843505859375	-57.745361328125	4.0	
1504720556250	1177610367626	-52.84576416015625	-7.81707763671875	-57.38525390625	4.0	
1504720556266	1177630509228	-50.09918212890625	-8.87451171875	-59.9395751953125	4.0	
1504720556281	1177650650829	-51.40380859375	-6.70623779296875	-60.59112548828125	4.0	
1504720556305	1177670792431	-51.3092041015625	-6.77642822265625	-60.3851318359375	4.0	
1504720556317	1177690934032	-51.37939453125	-6.353759765625	-60.5194091796875	4.0	
1504720556345	1177711075634	-51.03759765625	-5.38482666015625	-61.4105224609375	4.0	
1504720556358	1177731217236	-51.35955810546875	-5.8502197265625	-61.23809814453125	4.0	
1504720556386	1177751358837	-50.06256103515625	-5.4229736328125	-61.77825927734375	4.0	
1504720556400	1177771500439	-51.2847900390625	-4.8126220703125	-61.96441650390625	4.0	
1504720556430	1177791642040	-50.79345703125	-5.3131103515625	-62.0269775390625	4.0	
1504720556440	1177811783642	-51.8341064453125	-2.98614501953125	-62.80059814453125	4.0	
1504720556466	1177831925243	-50.20294189453125	-4.71343994140625	-63.87481689453125	4.0	
1504720556478	1177852066845	-49.554443359375	-4.16107177734375	-62.85552978515625	4.0	
1504720556506	1177872208446	-51.0955810546875	-2.87628173828125	-63.5162353515625	4.0	
1504720556520	1177892350048	-49.1241455078125	-3.33709716796875	-64.55078125	4.0	
1504720556549	1177912491650	-49.3988037109375	-3.20587158203125	-63.7939453125	4.0	
1504720556558	1177932633251	-50.9613037109375	-3.56597900390625	-64.71710205078125	4.0	
1504720556586	1177952774853	-48.9166259765625	-2.55584716796875	-63.848876953125	4.0	
1504720556602	1177972916454	-50.1708984375	-2.423095703125	-64.63470458984375	4.0	
1504720556628	1177993058056	-48.6175537109375	-2.679443359375	-64.1448974609375	4.0	
1504720556639	1178013199657	-47.509765625	-2.56500244140625	-64.78424072265625	4.0	
1504720556665	1178033341259	-49.01580810546875	-3.22265625	-65.22674560546875	4.0	
1504720556679	1178053482861	-48.27880859375	-2.7191162109375	-64.3035888671875	4.0	
1504720556707	1178073624462	-48.2940673828125	-2.6641845703125	-64.6240234375	4.0	
1504720556720	1178093766064	-48.12164306640625	-3.875732421875	-65.1275634765625	4.0	
1504720556747	1178113907665	-47.039794921875	-2.12554931640625	-65.374755859375	4.0	
1504720556761	1178134049267	-49.609375	-2.7099609375	-64.64385986328125	4.0	
1504720556787	1178154190868	-48.0316162109375	-3.12347412109375	-65.69671630859375	4.0	
1504720556815	1178174332470	-48.28033447265625	-1.72882080078125	-64.01519775390625	4.0	
1504720556826	1178194474071	-48.30780029296875	-2.18505859375	-65.1275634765625	4.0	
1504720556854	1178214615673	-47.01080322265625	-2.69317626953125	-65.9149169921875	4.0	
1504720556869	1178234757275	-48.7945556640625	-2.40020751953125	-65.460205078125	4.0	
1504720556895	1178254898876	-49.43695068359375	-2.24609375	-65.7257080078125	4.0	
1504720556907	1178275040478	-49.00665283203125	-1.67694091796875	-64.55535888671875	4.0	
1504720556937	1178295182079	-47.95684814453125	-2.7099609375	-64.96734619140625	4.0	
1504720556949	1178315323681	-49.4415283203125	-3.271484375	-65.14739990234375	4.0	
1504720556979	1178335465282	-49.36981201171875	-3.64227294921875	-64.64385986328125	4.0	
1504720556987	1178355606884	-50.69580078125	-2.80609130859375	-64.55078125	4.0	
1504720557017	1178375748486	-50.06256103515625	-3.30963134765625	-64.3341064453125	4.0	
1504720557032	1178395890087	-49.9664306640625	-2.0538330078125	-65.14739990234375	4.0	
1504720557060	1178416031689	-49.31640625	-2.813720703125	-65.09552001953125	4.0	
1504720557071	1178436173290	-49.4171142578125	-1.910400390625	-65.0970458984375	4.0	
1504720557099	1178456314892	-49.53765869140625	-2.081298828125	-64.71405029296875	4.0	
1504720557110	1178476456493	-49.6612548828125	-2.685546875	-65.386962890625	4.0	
1504720557137	1178496598095	-48.57635498046875	-2.252197265625	-62.90740966796875	4.0	
1504720557150	1178516739696	-49.44305419921875	-2.54364013671875	-65.44952392578125	4.0	
1504720557175	1178536881298	-49.72991943359375	-3.01361083984375	-63.9251708984375	4.0	
1504720557195	1178557022900	-49.3377685546875	-2.26898193359375	-65.20843505859375	4.0	
1504720557218	1178577164501	-50.732421875	-3.55987548828125	-64.86968994140625	4.0	
1504720557269	1178597306103	-50.26092529296875	-3.36761474609375	-65.16876220703125	4.0	
1504720557282	1178617447704	-48.66790771484375	-3.2623291015625	-64.4805908203125	4.0	
1504720557290	1178637589306	-50.37994384765625	-3.70635986328125	-65.0726318359375	4.0	
1504720557301	1178657730907	-50.01678466796875	-4.51202392578125	-64.7186279296875	4.0	
1504720557309	1178677872509	-50.17547607421875	-4.94537353515625	-64.4317626953125	4.0	
1504720557337	1178698014111	-49.5391845703125	-4.254150390625	-65.020751953125	4.0	
1504720557351	1178718155712	-50.054931640625	-3.857421875	-64.9200439453125	4.0	
1504720557377	1178738297314	-50.103759765625	-4.41436767578125	-64.54925537109375	4.0	
1504720557389	1178758438915	-50.103759765625	-4.25872802734375	-64.5751953125	4.0	
1504720557417	1178778580517	-50.201416015625	-5.40924072265625	-64.1754150390625	4.0	
1504720557431	1178798722118	-49.8626708984375	-4.69512939453125	-64.453125	4.0	
1504720557458	1178818863720	-50.43487548828125	-5.206298828125	-64.82696533203125	4.0	
1504720557469	1178839005321	-50.3143310546875	-5.5755615234375	-64.43328857421875	4.0	
1504720557498	1178859146923	-50.5584716796875	-5.8319091796875	-64.68963623046875	4.0	
1504720557511	1178879288525	-50.5584716796875	-4.57763671875	-63.9617919921875	4.0	
1504720557538	1178899430126	-50.51422119140625	-5.70526123046875	-63.92822265625	4.0	
1504720557553	1178919571728	-50.7781982421875	-6.72760009765625	-63.90228271484375	4.0	
1504720557580	1178939713329	-49.27825927734375	-7.037353515625	-64.64385986328125	4.0	
1504720557602	1178959854931	-49.7955322265625	-7.81707763671875	-63.8885498046875	4.0	
1504720557627	1178979996532	-49.30419921875	-5.4443359375	-64.483642578125	4.0	
1504720557644	1179000138134	-49.9053955078125	-4.01763916015625	-64.86663818359375	4.0	
1504720557658	1179020279736	-51.6265869140625	-4.57916259765625	-63.934326171875	4.0	
1504720557671	1179040421337	-51.4190673828125	-4.7271728515625	-62.72735595703125	4.0	
1504720557700	1179060562939	-51.24664306640625	-5.53131103515625	-63.84735107421875	4.0	
1504720557711	1179080704540	-50.3173828125	-5.87158203125	-64.5751953125	4.0	
1504720557739	1179100846142	-51.2664794921875	-6.48193359375	-63.995361328125	4.0	
1504720557757	1179120987743	-50.46234130859375	-7.67822265625	-64.77813720703125	4.0	
1504720557780	1179141129345	-49.83062744140625	-5.9295654296875	-63.037109375	4.0	
1504720557792	1179161270946	-49.93896484375	-6.03790283203125	-63.35601806640625	4.0	
1504720557818	1179181412548	-50.78887939453125	-5.96923828125	-64.276123046875	4.0	
1504720557832	1179201554150	-50.28533935546875	-5.82733154296875	-63.3697509765625	4.0	
1504720557861	1179221695751	-50.75225830078125	-5.74951171875	-63.7176513671875	4.0	
1504720557871	1179241837353	-51.25885009765625	-4.9560546875	-64.080810546875	4.0	
1504720557899	1179261978954	-51.23748779296875	-5.32073974609375	-63.50250244140625	4.0	
1504720557914	1179282120556	-51.519775390625	-6.63299560546875	-63.1378173828125	4.0	
1504720557942	1179302262157	-50.33416748046875	-5.43670654296875	-64.5111083984375	4.0	
1504720557952	1179322403759	-49.737548828125	-4.23431396484375	-65.5792236328125	4.0	
1504720557979	1179342545361	-51.00860595703125	-5.5877685546875	-63.46893310546875	4.0	
1504720557993	1179362686962	-50.9857177734375	-5.45501708984375	-64.18914794921875	4.0	
1504720558021	1179382828564	-50.579833984375	-5.30242919921875	-64.25323486328125	4.0	
1504720558033	1179402970165	-50.56610107421875	-5.05218505859375	-63.71002197265625	4.0	
1504720558059	1179423111767	-50.7659912109375	-5.27191162109375	-64.1998291015625	4.0	
1504720558075	1179443253368	-50.29754638671875	-5.41839599609375	-63.3819580078125	4.0	
1504720558102	1179463394970	-50.45166015625	-6.34002685546875	-64.61334228515625	4.0	
1504720558113	1179483536571	-49.6368408203125	-6.06536865234375	-64.03961181640625	4.0	
1504720558139	1179503678173	-50.347900390625	-5.09490966796875	-64.2242431640625	4.0	
1504720558153	1179523819775	-50.1129150390625	-5.2154541015625	-64.483642578125	4.0	
1504720558183	1179543961376	-50.1251220703125	-5.718994140625	-64.630126953125	4.0	
1504720558193	1179564102978	-49.609375	-6.68792724609375	-64.64691162109375	4.0	
1504720558227	1179584244579	-49.93896484375	-6.03790283203125	-64.64385986328125	4.0	
1504720558235	1179604386181	-49.11346435546875	-6.53839111328125	-63.83819580078125	4.0	
1504720558262	1179624527782	-49.84893798828125	-6.94732666015625	-64.56451416015625	4.0	
1504720558288	1179644669384	-49.603271484375	-6.3751220703125	-64.31427001953125	4.0	
1504720558302	1179664810986	-49.54376220703125	-6.79931640625	-63.7542724609375	4.0	
1504720558329	1179684952587	-49.9664306640625	-7.0465087890625	-63.39111328125	4.0	
1504720558343	1179705094189	-50.225830078125	-7.1929931640625	-64.471435546875	4.0	
1504720558369	1179725235790	-48.82354736328125	-7.56378173828125	-65.0604248046875	4.0	
1504720558382	1179745377392	-49.5025634765625	-7.928466796875	-65.01617431640625	4.0	
1504720558408	1179765518993	-49.13177490234375	-6.61163330078125	-62.994384765625	4.0	
1504720558422	1179785660595	-50.00152587890625	-6.7474365234375	-64.40277099609375	4.0	
1504720558451	1179805802196	-50.3570556640625	-5.90667724609375	-63.8702392578125	4.0	
1504720558461	1179825943798	-48.7091064453125	-7.330322265625	-63.76495361328125	4.0	
1504720558489	1179846085400	-48.5626220703125	-7.20367431640625	-64.4561767578125	4.0	
1504720558509	1179866227001	-50.164794921875	-7.20367431640625	-63.40179443359375	102.0	
1504720558530	1179886368603	-49.658203125	-7.25860595703125	-65.82489013671875	102.0	
1504720558552	1179906510204	-49.80621337890625	-6.50787353515625	-65.0970458984375	102.0	
1504720558568	1179926651806	-50.3082275390625	-5.58929443359375	-63.46282958984375	102.0	
1504720558586	1179946793407	-49.3804931640625	-7.9833984375	-63.330078125	102.0	
1504720558610	1179966935009	-50.35552978515625	-6.3720703125	-64.8468017578125	102.0	
1504720558622	1179987076611	-49.2431640625	-6.16302490234375	-63.99993896484375	102.0	
1504720558649	1180007218212	-50.43487548828125	-7.86895751953125	-62.872314453125	102.0	
1504720558663	1180027359814	-49.69024658203125	-6.9061279296875	-64.42718505859375	102.0	
1504720558691	1180047501415	-50.55084228515625	-6.7047119140625	-63.92059326171875	102.0	
1504720558703	1180067643017	-51.031494140625	-6.59637451171875	-65.1824951171875	102.0	
1504720558732	1180087784618	-51.4007568359375	-8.18023681640625	-64.94140625	102.0	
1504720558745	1180107926220	-49.93133544921875	-7.04193115234375	-64.215087890625	102.0	
1504720558775	1180128067821	-50.1708984375	-7.02056884765625	-64.24713134765625	102.0	
1504720558783	1180148209423	-49.5147705078125	-7.5897216796875	-64.09149169921875	102.0	
1504720558813	1180168351025	-49.8321533203125	-7.672119140625	-63.69476318359375	102.0	
1504720558825	1180188492626	-50.6500244140625	-7.8857421875	-64.1143798828125	102.0	
1504720558852	1180208634228	-50.665283203125	-8.16802978515625	-64.06097412109375	102.0	
1504720558864	1180228775829	-50.27008056640625	-8.0352783203125	-63.677978515625	102.0	
1504720558890	1180248917431	-49.078369140625	-8.35418701171875	-63.0035400390625	102.0	
1504720558905	1180269059032	-49.52392578125	-8.282470703125	-64.08233642578125	102.0	
1504720558933	1180289200634	-49.609375	-7.52716064453125	-64.27001953125	102.0	
1504720558958	1180309342236	-49.71160888671875	-8.0596923828125	-64.29901123046875	102.0	
1504720558971	1180329483837	-49.37591552734375	-8.88214111328125	-64.764404296875	102.0	
1504720558987	1180349625439	-48.88763427734375	-8.76312255859375	-64.05792236328125	102.0	
1504720559020	1180369767040	-48.93951416015625	-8.038330078125	-64.31427001953125	102.0	
1504720559027	1180389908642	-47.7813720703125	-8.837890625	-62.90130615234375	102.0	
1504720559041	1180410050243	-48.72589111328125	-8.59222412109375	-65.53955078125	102.0	
1504720559067	1180430191845	-48.77777099609375	-10.8123779296875	-64.166259765625	102.0	
1504720559080	1180450333446	-49.27825927734375	-9.70001220703125	-63.677978515625	102.0	
1504720559104	1180470475048	-48.6419677734375	-10.91766357421875	-64.4317626953125	102.0	
1504720559123	1180490616650	-48.30169677734375	-11.43951416015625	-64.190673828125	102.0	
1504720559148	1180510758251	-49.1485595703125	-10.70098876953125	-63.7420654296875	102.0	
1504720559158	1180530899853	-49.44305419921875	-11.529541015625	-64.4805908203125	102.0	
1504720559184	1180551041454	-48.91204833984375	-11.0076904296875	-63.7725830078125	102.0	
1504720559211	1180571183056	-48.1109619140625	-10.4827880859375	-64.2913818359375	102.0	
1504720559227	1180591324657	-48.6541748046875	-10.1837158203125	-64.53704833984375	102.0	
1504720559258	1180611466259	-48.49700927734375	-9.99908447265625	-64.59197998046875	102.0	
1504720559274	1180631607861	-48.39019775390625	-10.13641357421875	-63.99993896484375	102.0	
1504720559296	1180651749462	-47.95684814453125	-10.36529541015625	-63.03253173828125	102.0	
1504720559307	1180671891064	-48.1353759765625	-10.723876953125	-63.897705078125	102.0	
1504720559319	1180692032665	-48.28643798828125	-9.75189208984375	-64.64385986328125	102.0	
1504720559345	1180712174267	-48.468017578125	-9.9578857421875	-64.24713134765625	102.0	
1504720559360	1180732315868	-48.7152099609375	-11.21826171875	-64.36767578125	102.0	
1504720559387	1180752457470	-47.86529541015625	-10.67962646484375	-66.094970703125	102.0	
1504720559399	1180772599071	-48.687744140625	-10.79254150390625	-64.599609375	102.0	
1504720559426	1180792740673	-48.42071533203125	-10.1226806640625	-64.57977294921875	102.0	
1504720559453	1180812882275	-49.61395263671875	-9.7015380859375	-64.64080810546875	102.0	
1504720559468	1180833023876	-49.53765869140625	-9.5062255859375	-64.33563232421875	102.0	
1504720559495	1180853165478	-49.871826171875	-10.04638671875	-64.30816650390625	102.0	
1504720559506	1180873307079	-49.11346435546875	-10.198974609375	-64.16168212890625	102.0	
1504720559533	1180893448681	-48.6541748046875	-11.17095947265625	-63.641357421875	102.0	
1504720559549	1180913590282	-48.760986328125	-10.6842041015625	-64.88037109375	102.0	
