1504190411741	1623120028772	264.0	4.0	26.0	-1.0	
1504190411759	1623140170373	264.0	4.0	26.0	-1.0	
1504190411794	1623160311975	264.0	4.0	26.0	-1.0	
1504190411811	1623180453576	264.0	4.0	26.0	-1.0	
1504190411830	1623200595178	264.0	4.0	26.0	-1.0	
1504190411846	1623220736779	264.0	4.0	26.0	-1.0	
1504190411864	1623240878381	264.0	4.0	26.0	-1.0	
1504190411885	1623261019982	264.0	4.0	26.0	-1.0	
1504190411901	1623281161584	264.0	4.0	26.0	-1.0	
1504190411935	1623301303186	264.0	4.0	26.0	-1.0	
1504190411952	1623321444787	264.0	4.0	26.0	-1.0	
1504190411974	1623341586389	264.0	4.0	26.0	-1.0	
1504190411991	1623361727990	264.0	4.0	26.0	-1.0	
1504190412005	1623381869592	264.0	4.0	26.0	-1.0	
1504190412021	1623402011193	264.0	4.0	26.0	-1.0	
1504190412051	1623422152795	264.0	4.0	26.0	-1.0	
1504190412074	1623442294397	264.0	4.0	26.0	-1.0	
1504190412092	1623462435998	264.0	4.0	26.0	-1.0	
1504190412109	1623482577600	264.0	4.0	26.0	-1.0	
1504190412127	1623502719201	264.0	4.0	26.0	-1.0	
1504190412146	1623522860803	264.0	4.0	26.0	-1.0	
1504190412162	1623543002404	264.0	4.0	26.0	-1.0	
1504190412182	1623563144006	264.0	4.0	26.0	-1.0	
1504190412199	1623583285607	264.0	4.0	26.0	-1.0	
1504190412234	1623603427209	263.9312744140625	4.0	26.0	-1.0	
1504190412258	1623623568811	263.202392578125	4.0	26.0	-1.0	
1504190412269	1623643710412	264.0	4.0	26.0	-1.0	
1504190412286	1623663852014	264.0	4.0	26.0	-1.0	
1504190412304	1623683993615	264.0	4.0	26.0	-1.0	
1504190412321	1623704135217	264.0	4.0	26.0	-1.0	
1504190412340	1623724276818	264.0	4.0	26.0	-1.0	
1504190412375	1623744418420	264.0	4.0	26.0	-1.0	
1504190412393	1623764560022	264.0	4.0	26.0	-1.0	
1504190412410	1623784701623	264.0	4.0	26.0	-1.0	
1504190412428	1623804843225	264.0	4.0	26.0	-1.0	
1504190412445	1623824984826	264.0	4.0	26.0	-1.0	
1504190412463	1623845126428	264.0	4.0	26.0	-1.0	
1504190412482	1623865268029	264.0	4.0	26.0	-1.0	
1504190412520	1623885409631	264.0	4.0	26.0	-1.0	
1504190412533	1623905551232	264.0	4.0	26.0	-1.0	
1504190412553	1623925692834	264.0	4.0	26.0	-1.0	
1504190412569	1623945834436	264.0	4.0	26.0	-1.0	
1504190412599	1623965976037	264.0	4.0	26.0	-1.0	
1504190412603	1623986117639	264.0	4.0	26.0	-1.0	
1504190412621	1624006259240	264.0	4.0	26.0	-1.0	
1504190412657	1624026400842	264.0	4.0	26.0	-1.0	
1504190412675	1624046542443	264.0	4.0	26.0	-1.0	
1504190412692	1624066684045	264.0	4.0	26.0	-1.0	
1504190412714	1624086825647	264.0	4.0	26.0	-1.0	
1504190412730	1624106967248	264.0	4.0	26.0	-1.0	
1504190412746	1624127108850	264.0	4.0	26.0	-1.0	
1504190412769	1624147250451	264.0	4.0	26.0	-1.0	
1504190412798	1624167392053	264.0	4.0	26.0	-1.0	
1504190412816	1624187533654	264.0	4.0	26.0	-1.0	
1504190412834	1624207675256	264.0	4.0	26.0	-1.0	
1504190412851	1624227816857	264.0	4.0	26.0	-1.0	
1504190412871	1624247958459	264.0	4.0	26.0	-1.0	
1504190412887	1624268100061	264.0	4.0	26.0	-1.0	
1504190412903	1624288241662	264.0	4.0	26.0	-1.0	
1504190412938	1624308383264	264.0	4.0	26.0	-1.0	
1504190412958	1624328524865	264.0	4.0	26.0	-1.0	
1504190412976	1624348666467	264.0	4.0	26.0	-1.0	
1504190412997	1624368808068	264.0	4.0	26.0	-1.0	
1504190413012	1624388949670	264.0	3.348358154296875	26.0	-1.0	
1504190413028	1624409091272	264.0	3.0	26.0	-1.0	
1504190413044	1624429232873	264.0	3.0	26.0	-1.0	
1504190413080	1624449374475	264.0	3.0	26.0	-1.0	
1504190413097	1624469516076	264.0	3.0	26.232635498046875	-1.0	
1504190413117	1624489657678	264.0	3.0	27.0	-1.0	
1504190413132	1624509799279	264.0	2.4774322509765625	27.522567749023438	-1.0	
1504190413150	1624529940881	264.0	1.33160400390625	28.0	-1.0	
1504190413167	1624550082482	264.81280517578125	0.1871795654296875	28.0	-1.0	
1504190413184	1624570224084	265.0	-0.9583282470703125	28.958328247070313	-1.0	
1504190413220	1624590365686	265.8960266113281	-2.0	29.0	-1.0	
1504190413237	1624610507287	265.0	-2.0	28.751739501953125	-1.0	
1504190413256	1624630648889	265.39410400390625	-1.6059112548828125	28.0	-1.0	
1504190413273	1624650790490	266.0	-1.0	28.0	-1.0	
1504190413290	1624670932092	266.0	-1.0	28.0	-1.0	
1504190413309	1624691073693	266.0	-1.0	28.828414916992188	-1.0	
1504190413326	1624711215295	266.97393798828125	-1.0	29.0	-1.0	
1504190413361	1624731356897	267.0	-1.0	29.0	-1.0	
1504190413378	1624751498498	267.0	-1.0	29.0	-1.0	
1504190413396	1624771640100	267.0	-0.5902862548828125	29.0	-1.0	
1504190413414	1624791781701	267.0	0.0	28.445419311523438	-1.0	
1504190413431	1624811923303	267.0	0.0	28.0	-1.0	
1504190413449	1624832064904	267.0	0.0	28.0	-1.0	
1504190413467	1624852206506	267.9895935058594	0.0	28.0	-1.0	
1504190413502	1624872348107	268.0	0.0	28.0	-1.0	
1504190413520	1624892489709	268.0	0.0	27.71923828125	-1.0	
1504190413538	1624912631311	268.0	0.0	26.574661254882813	-1.0	
1504190413557	1624932772912	267.4288330078125	0.0	25.4288330078125	-1.0	
1504190413573	1624952914514	267.0	0.0	24.28424072265625	-1.0	
1504190413590	1624973056115	267.0	0.0	23.138900756835938	-1.0	
1504190413625	1624993197717	267.0	0.0	23.0	-1.0	
1504190413643	1625013339318	267.0	0.0	23.0	-1.0	
1504190413661	1625033480920	267.0	0.0	22.703643798828125	-1.0	
1504190413678	1625053622522	267.44097900390625	0.0	22.0	-1.0	
1504190413696	1625073764123	268.0	0.0	22.5867919921875	-1.0	
1504190413713	1625093905725	268.0	0.0	23.0	-1.0	
1504190413731	1625114047326	268.0	0.0	23.0	-1.0	
1504190413766	1625134188928	268.0	0.0	23.0	-1.0	
1504190413785	1625154330529	268.0	0.0	23.0	-1.0	
1504190413802	1625174472131	268.0	0.0	23.3125	-1.0	
1504190413819	1625194613732	268.45751953125	0.0	24.0	-1.0	
1504190413839	1625214755334	269.0	0.0	23.3975830078125	-1.0	
1504190413854	1625234896936	269.0	0.0	23.0	-1.0	
1504190413872	1625255038537	269.0	0.0	23.0	-1.0	
1504190413907	1625275180139	269.0	0.0	23.038116455078125	-1.0	
1504190413925	1625295321740	269.0	0.0	24.0	-1.0	
1504190413943	1625315463342	269.0	0.0	24.0	-1.0	
1504190413960	1625335604943	269.0	0.0	23.526870727539063	-1.0	
1504190413978	1625355746545	269.0	0.0	23.6180419921875	-1.0	
1504190413996	1625375888147	269.0	0.0	24.0	-1.0	
1504190414013	1625396029748	269.0	0.0	24.0	-1.0	
1504190414048	1625416171350	269.0	0.0	24.0	-1.0	
1504190414066	1625436312951	269.0	0.0	24.0	-1.0	
1504190414084	1625456454553	269.0	0.0	24.34375	-1.0	
1504190414102	1625476596154	269.0	0.0	25.0	-1.0	
1504190414119	1625496737756	269.0	0.0	25.0	-1.0	
1504190414136	1625516879357	269.0	0.0	25.0	-1.0	
1504190414154	1625537020959	269.0	0.0	25.0	-1.0	
1504190414189	1625557162561	269.0	0.0	25.0	-1.0	
1504190414207	1625577304162	269.0	0.0	25.0	-1.0	
1504190414224	1625597445764	269.0	0.0	25.0	-1.0	
1504190414242	1625617587365	269.0	0.0	25.0	-1.0	
1504190414260	1625637728967	269.0	0.0	25.0	-1.0	
1504190414277	1625657870568	269.0	0.0	25.0	-1.0	
1504190414295	1625678012170	269.0	0.0	25.940963745117188	-1.0	
1504190414330	1625698153772	269.0	0.0	26.0	-1.0	
1504190414349	1625718295373	269.0	0.0	26.0	-1.0	
1504190414366	1625738436975	269.0	0.0	26.0	-1.0	
1504190414383	1625758578576	269.0	0.0	25.479171752929688	-1.0	
1504190414402	1625778720178	268.3333435058594	0.666656494140625	25.0	-1.0	
1504190414419	1625798861779	268.0	1.0	25.0	-1.0	
1504190414436	1625819003381	268.0	1.0	25.956588745117188	-1.0	
1504190414472	1625839144982	268.0	1.0	26.0	-1.0	
1504190414489	1625859286584	268.0	1.0	26.0	-1.0	
1504190414507	1625879428186	268.0	1.0	26.0	-1.0	
1504190414525	1625899569787	268.0	1.0	26.0	-1.0	
1504190414542	1625919711389	268.0	1.0	26.0	-1.0	
1504190414560	1625939852990	268.0	1.0	26.0	-1.0	
1504190414579	1625959994592	268.0	1.0	26.0	-1.0	
1504190414612	1625980136193	268.0	1.0	26.0	-1.0	
1504190414630	1626000277795	268.0	1.0	26.0	-1.0	
1504190414647	1626020419397	268.0	1.0	26.0	-1.0	
1504190414665	1626040560998	268.0	1.0	26.0	-1.0	
1504190414685	1626060702600	268.0	1.0	26.0	-1.0	
1504190414700	1626080844201	268.0	1.0	26.0	-1.0	
1504190414718	1626100985803	268.0	1.0	26.0	-1.0	
1504190414753	1626121127404	268.0	1.0	26.0	-1.0	
1504190414771	1626141269006	268.0	1.0	26.0	-1.0	
1504190414790	1626161410607	268.0	1.0	26.0	-1.0	
1504190414806	1626181552209	268.0	1.0	26.0	-1.0	
1504190414824	1626201693811	268.0	1.0	26.0	-1.0	
1504190414842	1626221835412	268.0	1.0	26.0	-1.0	
1504190414877	1626241977014	268.0	1.0	26.0	-1.0	
1504190414895	1626262118615	268.0	1.0	26.0	-1.0	
1504190414912	1626282260217	268.0	1.0	26.0	-1.0	
1504190414930	1626302401818	268.0	1.0	26.0	-1.0	
1504190414948	1626322543420	268.0	1.0	26.0	-1.0	
1504190414965	1626342685022	268.0	1.0	26.0	-1.0	
1504190414982	1626362826623	268.0	1.0	26.0	-1.0	
1504190415017	1626382968225	268.0	1.0	26.0	-1.0	
1504190415035	1626403109826	268.0	1.0	26.0	-1.0	
1504190415053	1626423251428	268.0	1.0	26.0	-1.0	
1504190415070	1626443393029	268.0	1.0	26.0	-1.0	
1504190415088	1626463534631	268.0	1.0	26.0	-1.0	
1504190415106	1626483676232	268.0	1.0	26.0	-1.0	
1504190415123	1626503817834	268.0	1.0	26.0	-1.0	
1504190415159	1626523959436	268.0	1.0	26.0	-1.0	
1504190415176	1626544101037	268.0	1.0	26.0	-1.0	
1504190415194	1626564242639	268.0	1.0	26.0	-1.0	
1504190415215	1626584384240	268.0	1.0	26.0	-1.0	
1504190415229	1626604525842	268.0	1.0	26.616317749023438	-1.0	
1504190415246	1626624667443	268.0	1.0	27.0	-1.0	
1504190415268	1626644809045	268.0	1.0	27.0	-1.0	
1504190415300	1626664950647	268.0	1.0	27.0	-1.0	
1504190415317	1626685092248	268.0	1.0	27.0	-1.0	
1504190415335	1626705233850	268.0	1.0	27.0	-1.0	
1504190415352	1626725375451	268.0	1.0	27.0	-1.0	
1504190415370	1626745517053	268.0	1.0	27.0	-1.0	
1504190415388	1626765658654	268.0	1.0	27.0	-1.0	
1504190415405	1626785800256	268.0	1.0	27.0	-1.0	
1504190415441	1626805941857	268.0	1.0	27.0	-1.0	
1504190415458	1626826083459	268.0	1.0	27.0	-1.0	
1504190415476	1626846225061	268.0	1.0	27.0	-1.0	
1504190415493	1626866366662	268.0	1.0	27.0	-1.0	
1504190415511	1626886508264	268.0	1.0	27.0	-1.0	
1504190415530	1626906649865	268.0	1.0	27.0	-1.0	
1504190415546	1626926791467	268.0	1.0	27.0	-1.0	
1504190415581	1626946933068	268.0	1.0	27.0	-1.0	
1504190415600	1626967074670	268.0	1.0	27.0	-1.0	
1504190415617	1626987216272	268.0	1.0	27.0	-1.0	
1504190415635	1627007357873	268.0	1.0	27.0	-1.0	
1504190415652	1627027499475	268.0	1.0	27.0	-1.0	
1504190415670	1627047641076	268.0	1.0	27.0	-1.0	
1504190415688	1627067782678	268.0	1.0	27.0	-1.0	
1504190415723	1627087924279	268.0	1.0	27.0	-1.0	
1504190415740	1627108065881	268.0	1.0	27.0	-1.0	
1504190415758	1627128207482	268.0	1.0	27.0	-1.0	
1504190415775	1627148349084	268.0	1.0	27.0	-1.0	
1504190415796	1627168490686	268.0	1.0	27.0	-1.0	
1504190415811	1627188632287	268.0	1.0	27.0	-1.0	
1504190415828	1627208773889	268.0	1.0	27.0	-1.0	
1504190415863	1627228915490	268.0	1.0	27.0	-1.0	
1504190415881	1627249057092	268.0	1.0	27.0	-1.0	
1504190415899	1627269198693	268.0	1.0	27.0	-1.0	
1504190415916	1627289340295	268.0	1.0	27.0	-1.0	
1504190415934	1627309481897	268.0	1.0	27.0	-1.0	
1504190415952	1627329623498	268.0	1.0	27.0	-1.0	
1504190415970	1627349765100	268.0	1.0	27.0	-1.0	
1504190416006	1627369906701	268.0	1.0	27.0	-1.0	
1504190416022	1627390048303	268.0	1.0	27.0	-1.0	
1504190416040	1627410189904	268.0	1.0	27.0	-1.0	
1504190416057	1627430331506	268.0	1.0	27.0	-1.0	
1504190416075	1627450473107	268.0	1.0	27.0	-1.0	
1504190416093	1627470614709	268.0	1.0	27.0	-1.0	
1504190416129	1627490756311	268.0	1.0	27.0	-1.0	
1504190416146	1627510897912	268.0	1.0	27.0	-1.0	
1504190416163	1627531039514	268.0	1.0	27.0	-1.0	
1504190416181	1627551181115	268.0	1.0	27.0	-1.0	
1504190416198	1627571322717	268.0	1.0	27.0	-1.0	
1504190416216	1627591464318	268.0	1.0	27.0	-1.0	
1504190416234	1627611605920	268.0	1.0	27.0	-1.0	
1504190416271	1627631747522	268.0	1.0	27.0	-1.0	
1504190416287	1627651889123	268.0	1.0	27.0	-1.0	
1504190416304	1627672030725	268.0	1.0	27.0	-1.0	
1504190416322	1627692172326	268.0	1.0	27.0	-1.0	
1504190416339	1627712313928	268.0	1.0	27.0	-1.0	
1504190416357	1627732455529	268.0	1.0	27.0	-1.0	
1504190416375	1627752597131	268.0	1.0	27.0	-1.0	
1504190416410	1627772738732	268.0	1.0	27.0	-1.0	
1504190416428	1627792880334	268.0	1.0	27.0	-1.0	
1504190416445	1627813021936	268.0	1.0	27.0	-1.0	
1504190416463	1627833163537	268.0	1.0	27.0	-1.0	
1504190416481	1627853305139	268.0	1.0	27.0	-1.0	
1504190416498	1627873446740	268.0	1.0	27.0	-1.0	
1504190416516	1627893588342	268.0	1.0	27.0	-1.0	
1504190416551	1627913729943	268.0	1.0	27.0	-1.0	
1504190416568	1627933871545	268.0	1.0	27.0	-1.0	
1504190416586	1627954013147	268.0	1.0	27.0	-1.0	
1504190416606	1627974154748	268.0	1.0	27.0	-1.0	
1504190416621	1627994296350	268.0	1.0	27.0	-1.0	
1504190416640	1628014437951	268.0	1.0	27.0	-1.0	
1504190416657	1628034579553	268.0	1.0	27.0	-1.0	
1504190416692	1628054721154	268.0	1.0	27.0	-1.0	
1504190416712	1628074862756	268.0	1.0	27.0	-1.0	
1504190416727	1628095004357	268.0	1.0	27.0	-1.0	
1504190416745	1628115145959	268.0	1.0	27.0	-1.0	
1504190416763	1628135287561	268.0	1.0	27.0	-1.0	
1504190416780	1628155429162	268.0	1.0	27.0	-1.0	
1504190416799	1628175570764	268.0	1.0	27.0	-1.0	
1504190416833	1628195712365	268.0	1.0	27.0	-1.0	
1504190416851	1628215853967	268.0	1.0	27.0	-1.0	
1504190416868	1628235995568	268.0	1.0	27.0	-1.0	
1504190416886	1628256137170	268.0	1.0	27.0	-1.0	
1504190416903	1628276278772	268.0	1.0	27.0	-1.0	
1504190416921	1628296420373	268.0	1.0	27.0	-1.0	
1504190416939	1628316561975	268.0	1.0	27.0	-1.0	
1504190416974	1628336703576	268.0	1.0	27.0	-1.0	
1504190416992	1628356845178	268.0	1.0	27.0	-1.0	
1504190417010	1628376986779	268.0	1.0	27.0	-1.0	
1504190417027	1628397128381	268.0	1.0	27.0	-1.0	
1504190417045	1628417269982	268.0	1.0	27.0	-1.0	
1504190417063	1628437411584	268.0	1.0	27.0	-1.0	
1504190417080	1628457553186	268.0	1.0	27.0	-1.0	
1504190417115	1628477694787	268.0	1.0	27.0	-1.0	
1504190417132	1628497836389	268.0	1.0	27.0	-1.0	
1504190417150	1628517977990	268.0	1.0	27.0	-1.0	
1504190417168	1628538119592	268.0	1.0	27.0	-1.0	
1504190417186	1628558261193	268.0	1.0	27.0	-1.0	
1504190417203	1628578402795	268.0	1.0	27.0	-1.0	
1504190417221	1628598544397	268.0	1.0	27.0	-1.0	
1504190417256	1628618685998	268.0	1.0	27.0	-1.0	
1504190417274	1628638827600	268.0	1.0	27.0	-1.0	
1504190417291	1628658969201	268.0	1.0	27.0	-1.0	
1504190417309	1628679110803	268.0	1.0	27.0	-1.0	
1504190417326	1628699252404	268.0	0.3829193115234375	27.0	-1.0	
1504190417345	1628719394006	268.0	0.0	27.0	-1.0	
1504190417362	1628739535607	268.0	0.0	27.0	-1.0	
1504190417397	1628759677209	268.0	0.0	27.0	-1.0	
1504190417415	1628779818811	268.0	0.0	27.0	-1.0	
1504190417432	1628799960412	268.0	0.0	27.0	-1.0	
1504190417450	1628820102014	268.0	0.0	27.0	-1.0	
1504190417467	1628840243615	268.0	0.0	27.0	-1.0	
1504190417485	1628860385217	268.0	0.0	27.0	-1.0	
1504190417505	1628880526818	268.0	0.0	27.0	-1.0	
1504190417520	1628900668420	268.0	0.0	27.0	-1.0	
1504190417556	1628920810022	268.0	0.0	27.0	-1.0	
1504190417573	1628940951623	268.0	0.0	27.0	-1.0	
1504190417591	1628961093225	268.0	0.0	27.0	-1.0	
1504190417608	1628981234826	268.0	0.0	27.0	-1.0	
1504190417626	1629001376428	268.0	0.0	27.0	-1.0	
1504190417644	1629021518029	268.0	0.0	27.0	-1.0	
1504190417662	1629041659631	268.0	0.0	27.0	-1.0	
1504190417679	1629061801232	268.0	0.0	27.0	-1.0	
1504190417714	1629081942834	268.0	0.0	27.0	-1.0	
1504190417732	1629102084436	268.0	0.0	27.0	-1.0	
1504190417750	1629122226037	268.0	0.0	27.0	-1.0	
1504190417767	1629142367639	268.0	0.0	27.0	-1.0	
1504190417784	1629162509240	268.0	0.0	27.0	-1.0	
1504190417802	1629182650842	268.0	0.0	27.0	-1.0	
1504190417820	1629202792443	268.0	0.0	27.0	-1.0	
1504190417840	1629222934045	268.0	0.0	27.0	-1.0	
1504190417873	1629243075647	268.0	0.0	27.0	-1.0	
1504190417891	1629263217248	268.0	0.0	27.0	-1.0	
1504190417909	1629283358850	268.0	0.0	27.0	-1.0	
1504190417928	1629303500451	268.0	0.0	27.0	-1.0	
1504190417943	1629323642053	268.0	0.0	27.0	-1.0	
1504190417962	1629343783654	268.0	0.0	27.0	-1.0	
1504190417978	1629363925256	268.0	0.0	27.0	-1.0	
1504190418014	1629384066857	268.0	0.0	27.0	-1.0	
1504190418031	1629404208459	268.0	0.140167236328125	27.0	-1.0	
1504190418049	1629424350061	268.0	1.0	27.0	-1.0	
1504190418067	1629444491662	268.0	1.0	27.0	-1.0	
1504190418084	1629464633264	268.0	1.0	27.0	-1.0	
1504190418102	1629484774865	268.0	1.0	27.0	-1.0	
1504190418120	1629504916467	268.0	1.0	27.0	-1.0	
1504190418155	1629525058068	268.0	1.0	27.0	-1.0	
1504190418172	1629545199670	268.0	1.0	27.0	-1.0	
1504190418190	1629565341272	268.0	1.0	27.0	-1.0	
1504190418208	1629585482873	268.0	1.0	27.0	-1.0	
1504190418226	1629605624475	268.0	1.0	27.0	-1.0	
1504190418243	1629625766076	268.0	1.0	27.0	-1.0	
1504190418262	1629645907678	268.0	1.0	27.0	-1.0	
1504190418296	1629666049279	268.0	1.0	27.0	-1.0	
1504190418315	1629686190881	268.0	1.0	27.0	-1.0	
1504190418332	1629706332482	268.0	1.0	27.0	-1.0	
1504190418349	1629726474084	268.0	1.0	26.42657470703125	-1.0	
1504190418366	1629746615686	268.0	1.0	26.0	-1.0	
1504190418384	1629766757287	268.0	1.0	26.0	-1.0	
1504190418419	1629786901174	268.0	1.0	26.0	-1.0	
1504190418437	1629807042775	268.0	1.0	26.0	-1.0	
1504190418454	1629827184377	268.0	1.0	25.6573486328125	-1.0	
1504190418472	1629847325978	268.0	1.0	25.0	-1.0	
1504190418490	1629867467580	268.0	1.0	25.0	-1.0	
1504190418507	1629887609182	268.0	1.0	25.0	-1.0	
1504190418525	1629907750783	268.0	1.0	25.0	-1.0	
1504190418560	1629927892385	268.0	1.0	25.0	-1.0	
1504190418578	1629948033986	268.0	1.0	24.734268188476563	-1.0	
1504190418597	1629968175588	268.0	1.0	24.0	-1.0	
1504190418613	1629988317189	268.0	1.0	24.0	-1.0	
1504190418631	1630008458791	268.0	1.0	24.0	-1.0	
1504190418650	1630028600392	268.0	1.0	24.0	-1.0	
1504190418684	1630048741994	268.0	1.0	24.0	-1.0	
1504190418701	1630068883596	268.0	1.0	24.0	-1.0	
1504190418719	1630089025197	268.0	1.0	24.0	-1.0	
1504190418736	1630109166799	268.0	1.0	24.0	-1.0	
1504190418755	1630129308400	268.0	1.0	24.0	-1.0	
1504190418772	1630149450002	268.0	1.0	24.0	-1.0	
1504190418790	1630169591603	268.0	1.0	24.0	-1.0	
1504190418825	1630189733205	268.0	0.0	24.0	-1.0	
1504190418842	1630209874807	268.0	0.0	24.0	-1.0	
1504190418860	1630230016408	268.0	0.0	24.0	-1.0	
1504190418877	1630250158010	268.0	0.0	24.0	-1.0	
1504190418895	1630270299611	268.0	0.0	24.0	-1.0	
1504190418914	1630290441213	268.0	0.0	24.0	-1.0	
1504190418948	1630310582814	268.0	0.0	24.0	-1.0	
1504190418967	1630330724416	268.0	0.0	24.0	-1.0	
1504190418983	1630350866017	268.0	0.0	24.0	-1.0	
1504190419001	1630371007619	268.0	0.0	24.0	-1.0	
1504190419018	1630391149221	268.0	0.0	24.0	-1.0	
1504190419036	1630411290822	268.0	0.0	24.0	-1.0	
1504190419055	1630431432424	268.0	0.0	24.0	-1.0	
1504190419089	1630451574025	268.0	0.0	24.0	-1.0	
1504190419107	1630471715627	268.0	0.0	24.0	-1.0	
1504190419124	1630491857228	268.0	0.0	24.0	-1.0	
1504190419142	1630511998830	268.0	0.0	24.0	-1.0	
1504190419159	1630532140432	268.0	0.0	24.0	-1.0	
1504190419178	1630552282033	268.0	0.0	24.0	-1.0	
1504190419212	1630572423635	268.0	0.0	24.0	-1.0	
1504190419230	1630592565236	268.0	0.0	24.0	-1.0	
1504190419248	1630612706838	268.0	0.0	24.0	-1.0	
1504190419265	1630632848439	268.0	0.0	24.0	-1.0	
1504190419283	1630652990041	268.0	0.0	24.0	-1.0	
1504190419301	1630673131642	268.0	-0.68212890625	24.0	-1.0	
1504190419318	1630693273244	268.0	-1.0	24.0	-1.0	
1504190419336	1630713414846	268.0	-1.0	24.0	-1.0	
1504190419371	1630733556447	268.0	-1.0	24.0	-1.0	
1504190419390	1630753698049	268.0	-1.0	24.0	-1.0	
1504190419406	1630773839650	268.0	-1.0	24.0	-1.0	
1504190419424	1630793981252	268.0	-1.0	24.0	-1.0	
1504190419442	1630814122853	268.0	-1.0	24.0	-1.0	
1504190419459	1630834264455	268.0	-1.0	24.0	-1.0	
1504190419477	1630854406057	268.0	-1.0	24.0	-1.0	
1504190419512	1630874547658	268.0	-1.0	24.0	-1.0	
1504190419530	1630894689260	268.0	-1.0	24.0	-1.0	
1504190419547	1630914830861	268.0	-1.0	24.0	-1.0	
1504190419565	1630934972463	268.0	-1.0	24.0	-1.0	
1504190419582	1630955114064	268.0	-1.0	24.0	-1.0	
1504190419601	1630975255666	268.0	-1.0	24.0	-1.0	
1504190419618	1630995397267	268.0	-1.0	24.0	-1.0	
1504190419635	1631015538869	268.0	-1.0	24.0	-1.0	
1504190419671	1631035680471	268.0	-1.0	23.91595458984375	-1.0	
1504190419690	1631055822072	268.0	-1.0	23.0	-1.0	
1504190419707	1631075963674	268.0	-1.0	23.0	-1.0	
1504190419724	1631096105275	268.0	-1.0	23.0	-1.0	
1504190419741	1631116246877	268.0	-1.0	23.0	-1.0	
1504190419760	1631136388478	268.0	-1.0	23.0	-1.0	
1504190419776	1631156530080	268.0	-1.0	23.0	-1.0	
1504190419813	1631176671682	268.0	-1.0	23.0	-1.0	
1504190419830	1631196813283	268.0	-1.0	23.0	-1.0	
1504190419847	1631216954885	268.0	-1.0	23.0	-1.0	
1504190419864	1631237096486	268.0	-1.0	23.0	-1.0	
1504190419882	1631257238088	268.0	-1.0	23.0	-1.0	
1504190419900	1631277379689	267.314453125	-0.3144378662109375	23.0	-1.0	
1504190419917	1631297521291	267.0	0.0	23.0	-1.0	
1504190419935	1631317662892	267.0	0.0	23.0	-1.0	
1504190419970	1631337804494	267.0	0.0	23.0	-1.0	
1504190419988	1631357946096	267.0	0.0	23.0	-1.0	
1504190420005	1631378087697	267.0	0.0	23.0	-1.0	
1504190420023	1631398229299	267.0	0.0	23.0	-1.0	
1504190420042	1631418370900	267.0	0.0	23.0	-1.0	
1504190420059	1631438512502	267.0	0.0	23.0	-1.0	
1504190420076	1631458654103	267.0	0.0	23.0	-1.0	
1504190420111	1631478795705	267.0	0.0	23.0	-1.0	
1504190420129	1631498937307	267.0	0.0	23.0	-1.0	
1504190420147	1631519078908	267.0	0.0	23.0	-1.0	
1504190420164	1631539220510	267.0	0.0	23.0	-1.0	
1504190420183	1631559362111	267.0	0.0	23.553253173828125	-1.0	
1504190420199	1631579503713	267.0	0.0	24.0	-1.0	
1504190420217	1631599645314	267.0	0.0	24.0	-1.0	
1504190420235	1631619786916	267.0	0.0	24.0	-1.0	
1504190420270	1631639928517	267.0	1.0	24.0	-1.0	
1504190420289	1631660070119	267.0	1.0	24.0	-1.0	
1504190420307	1631680211721	267.0	1.0	24.0	-1.0	
1504190420323	1631700353322	267.0	1.0	24.0	-1.0	
1504190420341	1631720494924	267.0	1.0	24.0	-1.0	
1504190420363	1631740636525	267.0	1.0	24.0	-1.0	
1504190420376	1631760778127	267.0	1.0	24.0	-1.0	
1504190420411	1631780919728	267.0	1.0	24.0	-1.0	
1504190420429	1631801061330	267.0	1.0	24.0	-1.0	
1504190420447	1631821202932	267.0	1.0	24.0	-1.0	
1504190420464	1631841344533	267.0	1.0	24.0	-1.0	
1504190420482	1631861486135	267.0	1.0	24.0	-1.0	
1504190420499	1631881627736	267.0	1.0	24.0	-1.0	
1504190420516	1631901769338	267.0	1.0	24.0	-1.0	
1504190420534	1631921910939	267.0	1.0	24.0	-1.0	
1504190420569	1631942052541	267.0	1.0	24.0	-1.0	
1504190420587	1631962194142	267.0	1.0	24.0	-1.0	
1504190420605	1631982335744	267.0	1.0	24.0	-1.0	
1504190420625	1632002477346	267.0	1.0	24.0	-1.0	
1504190420640	1632022618947	267.0	1.0	24.0	-1.0	
1504190420658	1632042760549	267.0	1.0	24.0	-1.0	
1504190420675	1632062902150	267.0	1.0	24.0	-1.0	
1504190420711	1632083043752	267.0	1.0	24.0	-1.0	
1504190420728	1632103185353	267.0	1.0	24.0	-1.0	
1504190420746	1632123326955	267.0	1.435760498046875	24.0	-1.0	
1504190420764	1632143468557	267.0	2.0	24.0	-1.0	
1504190420781	1632163610158	267.0	2.0	24.0	-1.0	
1504190420798	1632183751760	267.0	2.0	24.0	-1.0	
1504190420834	1632203893361	267.0	2.0	24.0	-1.0	
1504190420852	1632224034963	267.0	2.0	24.0	-1.0	
1504190420870	1632244176564	267.0	2.0	24.0	-1.0	
1504190420887	1632264318166	267.0	2.0	24.0	-1.0	
1504190420904	1632284459767	267.0	2.0	24.0	-1.0	
1504190420922	1632304601369	267.0	2.0	24.0	-1.0	
1504190420940	1632324742971	267.0	2.0	24.0	-1.0	
1504190420976	1632344884572	267.0	2.0	24.0	-1.0	
1504190420993	1632365026174	267.0	2.0	24.0	-1.0	
1504190421014	1632385167775	267.0	2.0	24.0	-1.0	
1504190421028	1632405309377	267.0	2.0	24.0	-1.0	
1504190421045	1632425450978	267.0	2.0	24.0	-1.0	
1504190421063	1632445592580	267.0	2.0	24.0	-1.0	
1504190421081	1632465734182	267.0	2.0	24.0	-1.0	
1504190421116	1632485875783	267.0	2.0	24.0	-1.0	
1504190421134	1632506017385	267.0	2.0	24.0	-1.0	
1504190421152	1632526158986	267.0	2.0	24.0	-1.0	
1504190421169	1632546300588	267.0	2.0	24.0	-1.0	
1504190421188	1632566442189	267.0	2.0	24.0	-1.0	
1504190421204	1632586583791	267.0	2.0	24.0	-1.0	
1504190421222	1632606725392	267.0	2.0	24.0	-1.0	
1504190421257	1632626866994	267.0	2.0	24.0	-1.0	
1504190421274	1632647008596	267.0	2.0	24.0	-1.0	
1504190421293	1632667150197	267.0	2.0	24.0	-1.0	
1504190421312	1632687291799	267.53125	2.0	24.0	-1.0	
1504190421328	1632707433400	268.0	2.0	24.0	-1.0	
1504190421346	1632727575002	268.0	2.0	24.0	-1.0	
1504190421363	1632747716603	268.0	2.0	24.0	-1.0	
1504190421398	1632767858205	268.0	2.0	24.0	-1.0	
1504190421415	1632787999807	268.0	2.0	24.0	-1.0	
1504190421433	1632808141408	268.0	2.0	24.0	-1.0	
1504190421451	1632828283010	268.0	2.0	24.0	-1.0	
1504190421468	1632848424611	268.0	2.0	24.0	-1.0	
1504190421486	1632868566213	268.0	2.0	24.0	-1.0	
1504190421505	1632888707814	268.0	2.0	24.0	-1.0	
1504190421542	1632908849416	268.0	2.0	24.0	-1.0	
1504190421557	1632928991017	268.0	2.0	24.0	-1.0	
1504190421574	1632949132619	268.0	2.0	24.0	-1.0	
1504190421592	1632969274221	268.0	2.0	24.0	-1.0	
1504190421612	1632989415822	268.0	2.0	24.0	-1.0	
1504190421627	1633009557424	268.0	2.0	24.0	-1.0	
1504190421663	1633029699025	268.0	2.0	24.0	-1.0	
1504190421681	1633049840627	268.0	2.0	24.0	-1.0	
1504190421698	1633069982228	268.0	2.0	24.0	-1.0	
1504190421715	1633090123830	268.0	2.0	24.0	-1.0	
1504190421733	1633110265432	268.0	2.0	24.0	-1.0	
1504190421750	1633130407033	268.0	2.0	24.0	-1.0	
1504190421769	1633150548635	268.0	2.0	24.0	-1.0	
1504190421803	1633170690236	267.0416564941406	2.0	24.0	-1.0	
1504190421821	1633190831838	268.0	2.0	24.0	-1.0	
1504190421839	1633210973439	268.0	2.0	24.0	-1.0	
1504190421856	1633231115041	268.0	2.0	24.0	-1.0	
1504190421874	1633251256642	268.0	2.0	24.0	-1.0	
1504190421892	1633271398244	268.0	2.0	24.0	-1.0	
1504190421909	1633291539846	268.0	2.0	24.0	-1.0	
1504190421944	1633311681447	268.0	2.0	24.0	-1.0	
1504190421962	1633331823049	268.0	2.0	24.0	-1.0	
1504190421980	1633351964650	268.0	2.0	24.0	-1.0	
1504190421997	1633372106252	268.0	2.0	24.0	-1.0	
1504190422016	1633392247853	268.0	2.0	24.0	-1.0	
1504190422033	1633412389455	268.0	2.0	24.0	-1.0	
1504190422051	1633432531057	268.0	2.0	24.0	-1.0	
1504190422085	1633452672658	267.0	2.0	24.0	-1.0	
1504190422103	1633472814260	267.0	2.0	24.0	-1.0	
1504190422120	1633492955861	267.0	2.0	24.0	-1.0	
1504190422138	1633513097463	267.0	2.0	24.0	-1.0	
1504190422156	1633533239064	267.0	2.0	24.0	-1.0	
1504190422173	1633553380666	267.0	2.0	24.0	-1.0	
1504190422192	1633573522267	267.0	2.0	24.0	-1.0	
1504190422227	1633593663869	267.0	2.0	24.0	-1.0	
1504190422244	1633613805471	267.0	2.0	24.0	-1.0	
1504190422261	1633633947072	267.0	2.0	24.0	-1.0	
1504190422279	1633654088674	267.0	2.0	24.0	-1.0	
1504190422297	1633674230275	267.0	2.0	24.0	-1.0	
1504190422316	1633694371877	267.0	2.0	24.84521484375	-1.0	
1504190422332	1633714513478	267.0	2.0	25.0	-1.0	
1504190422367	1633734655080	267.0	2.0	25.0	-1.0	
1504190422385	1633754796682	267.0	2.0	25.0	-1.0	
1504190422404	1633774938283	267.0	2.0	25.429550170898438	-1.0	
1504190422420	1633795079885	267.0	2.0	26.0	-1.0	
1504190422439	1633815221486	267.0	2.7222137451171875	26.0	-1.0	
1504190422455	1633835363088	267.0	3.0	26.0	-1.0	
1504190422491	1633855504689	267.015625	3.0	27.0	-1.0	
1504190422508	1633875646291	268.0	3.0	27.161453247070313	-1.0	
1504190422526	1633895787892	268.0	3.0	28.0	-1.0	
1504190422544	1633915929494	268.0	3.0	28.453125	-1.0	
1504190422562	1633936071096	268.0	2.4000091552734375	29.0	-1.0	
1504190422579	1633956212697	268.0	2.0	29.74652099609375	-1.0	
1504190422596	1633976354299	268.0	2.0	30.892349243164063	-1.0	
1504190422632	1633996495900	268.0	2.0	32.03825378417969	-1.0	
1504190422650	1634016637502	268.1857604980469	2.0	33.185760498046875	-1.0	
1504190422667	1634036779103	269.0	2.0	34.663177490234375	-1.0	
1504190422684	1634056920705	269.0	2.0	36.4774169921875	-1.0	
1504190422705	1634077062307	269.0	2.0	37.623260498046875	-1.0	
1504190422720	1634097203908	269.77044677734375	2.0	38.77043151855469	-1.0	
1504190422738	1634117345510	270.0	1.083343505859375	39.916656494140625	-1.0	
1504190422774	1634137487111	270.0	1.0	40.0	-1.0	
1504190422790	1634157628713	270.0	1.0	40.0	-1.0	
1504190422808	1634177770314	270.0	1.0	40.0	-1.0	
1504190422827	1634197911916	270.0	1.0	40.0	-1.0	
1504190422843	1634218053517	270.0	1.0	40.0	-1.0	
1504190422861	1634238195119	270.0	1.0	40.0	-1.0	
1504190422879	1634258336721	270.0	1.0	39.05914306640625	-1.0	
1504190422914	1634278478322	270.0	1.0	37.9132080078125	-1.0	
1504190422931	1634298619924	270.0	1.0	36.53472900390625	-1.0	
1504190422949	1634318761525	270.0	1.0	34.620880126953125	-1.0	
1504190422967	1634338903127	270.0	0.473968505859375	32.94793701171875	-1.0	
1504190422986	1634359044728	270.0	0.0	30.65625	-1.0	
1504190423002	1634379186330	270.0	-0.8177032470703125	28.364593505859375	-1.0	
1504190423020	1634399327932	270.0	-1.0	26.07293701171875	-1.0	
1504190423055	1634419469533	270.0	-2.0	24.888900756835938	-1.0	
1504190423072	1634439611135	270.0	-2.0	23.486114501953125	-1.0	
1504190423091	1634459752736	270.0	-2.0	21.59722900390625	-1.0	
1504190423107	1634479894338	270.0	-1.450439453125	21.0	-1.0	
1504190423125	1634500035939	270.0	-1.0	20.3038330078125	-1.0	
1504190423144	1634520177541	270.0	-1.842010498046875	19.157989501953125	-1.0	
1504190423160	1634540319142	270.98785400390625	-2.0	18.012161254882813	-1.0	
1504190423196	1634560460744	271.0	-2.0	17.0	-1.0	
1504190423213	1634580602346	271.0	-2.0	17.0	-1.0	
1504190423231	1634600743947	271.0	-2.0	16.572921752929688	-1.0	
1504190423249	1634620885549	271.5729064941406	-2.0	16.0	-1.0	
1504190423266	1634641027150	272.0	-2.0	16.0	-1.0	
1504190423284	1634661168752	272.0	-2.0	16.0	-1.0	
1504190423319	1634681310353	273.0	-2.0	15.98785400390625	-1.0	
1504190423337	1634701451955	273.0	-2.0	15.0	-1.0	
1504190423355	1634721593557	273.0	-2.3043365478515625	15.0	-1.0	
1504190423372	1634741735158	273.0	-3.0	15.0	-1.0	
1504190423390	1634761876760	273.0	-3.0	14.402786254882813	-1.0	
1504190423407	1634782018361	272.2569580078125	-3.0	14.0	-1.0	
1504190423425	1634802159963	272.0	-3.0	14.0	-1.0	
1504190423461	1634822301564	272.0	-3.0	14.036453247070313	-1.0	
1504190423478	1634842443166	272.0	-3.0	15.0	-1.0	
1504190423495	1634862584767	272.0	-3.0	15.0	-1.0	
1504190423513	1634882726369	272.0	-3.0	14.525222778320313	-1.0	
1504190423531	1634902867971	272.0	-3.0	14.0	-1.0	
1504190423548	1634923009572	272.0	-3.0	14.0	-1.0	
1504190423566	1634943151174	272.0	-2.0868072509765625	14.0	-1.0	
1504190423601	1634963292775	272.0	-2.0	14.059127807617188	-1.0	
1504190423619	1634983434377	272.0	-2.0	15.0	-1.0	
1504190423637	1635003575978	272.0	-2.0	15.0	-1.0	
1504190423654	1635023717580	272.0	-2.0	15.0	-1.0	
1504190423671	1635043859182	272.0	-2.0	15.0	-1.0	
1504190423690	1635064000783	272.7916564941406	-1.208343505859375	15.0	-1.0	
1504190423707	1635084142385	273.0	-1.0	15.0	-1.0	
1504190423742	1635104283986	273.0	-0.9166717529296875	14.0	-1.0	
1504190423760	1635124425588	273.0	0.0	13.77044677734375	-1.0	
1504190423777	1635144567189	273.0	0.0	13.0	-1.0	
1504190423795	1635164708791	272.4774169921875	0.5225677490234375	13.522567749023438	-1.0	
1504190423813	1635184850392	272.0	1.0	14.0	-1.0	
1504190423832	1635204991994	272.0	1.0	13.184356689453125	-1.0	
1504190423848	1635225133596	272.0	1.0	13.0	-1.0	
1504190423883	1635245275197	272.0	1.0	13.0	-1.0	
1504190423900	1635265416799	272.0	1.0	13.0	-1.0	
1504190423918	1635285558400	272.0	1.0	13.0	-1.0	
1504190423936	1635305700002	272.0	1.0	13.0	-1.0	
1504190423953	1635325841603	272.0	1.0	13.0	-1.0	
1504190423972	1635345983205	272.0	1.0	13.0	-1.0	
1504190423989	1635366124807	272.0	1.0	13.0	-1.0	
1504190424025	1635386266408	272.1319580078125	1.0	12.131942749023438	-1.0	
1504190424042	1635406408010	273.0	1.0	13.0	-1.0	
1504190424059	1635426549611	273.41094970703125	1.0	13.41094970703125	-1.0	
1504190424077	1635446691213	274.0	1.0	14.0	-1.0	
1504190424095	1635466832814	274.66949462890625	1.0	14.0	-1.0	
1504190424112	1635486974416	275.7996520996094	1.0	14.0	-1.0	
1504190424130	1635507116017	276.0	1.0	14.0	-1.0	
1504190424165	1635527257619	276.0	1.0	15.0	-1.0	
1504190424183	1635547399221	276.0	1.0	15.0	-1.0	
1504190424201	1635567540822	276.0	1.0	15.0	-1.0	
1504190424218	1635587682424	276.0	1.0	15.0	-1.0	
1504190424236	1635607824025	276.0	1.0	15.577041625976563	-1.0	
1504190424253	1635627965627	276.0	1.0	16.0	-1.0	
1504190424271	1635648107228	276.0	1.0	16.837326049804688	-1.0	
1504190424288	1635668248830	276.0	1.0	17.0	-1.0	
1504190424324	1635688390432	276.0	1.0	17.09588623046875	-1.0	
1504190424341	1635708532033	276.0	1.0	18.0	-1.0	
1504190424359	1635728673635	276.0	1.0	18.0	-1.0	
1504190424379	1635748815236	276.0	1.0	18.485458374023438	-1.0	
1504190424394	1635768956838	276.0	1.0	19.0	-1.0	
1504190424413	1635789098439	276.0	1.0	19.744857788085938	-1.0	
1504190424430	1635809240041	276.0	1.0	20.0	-1.0	
1504190424465	1635829381642	276.0	1.0	20.0	-1.0	
1504190424483	1635849523244	276.0	1.0	20.0	-1.0	
1504190424500	1635869664846	276.0	1.0	20.0	-1.0	
1504190424518	1635889806447	276.0	1.0	20.0	-1.0	
1504190424536	1635909948049	276.0	1.0	20.522247314453125	-1.0	
1504190424553	1635930089650	276.0	1.0	21.0	-1.0	
1504190424572	1635950231252	276.0	1.0	21.0	-1.0	
1504190424589	1635970372853	276.0	1.0	21.0	-1.0	
1504190424624	1635990514455	276.0	1.0	21.0	-1.0	
1504190424641	1636010656057	276.0	1.0	21.0	-1.0	
1504190424659	1636030797658	276.0	1.0	21.0	-1.0	
1504190424678	1636050939260	276.0	1.0	21.0	-1.0	
1504190424694	1636071080861	276.0	1.0	21.0	-1.0	
1504190424711	1636091222463	276.0	1.0	21.0	-1.0	
1504190424730	1636111364064	276.0	1.0	21.0	-1.0	
1504190424747	1636131505666	276.0	1.0	21.0	-1.0	
1504190424782	1636151647267	276.0	1.0	21.0	-1.0	
1504190424801	1636171788869	276.0	1.0	20.791458129882813	-1.0	
1504190424817	1636191930471	276.0	1.0	20.0	-1.0	
1504190424835	1636212072072	276.0	1.0	20.0	-1.0	
1504190424853	1636232213674	276.0	1.0	20.0	-1.0	
1504190424870	1636252355275	276.0	1.0	20.0	-1.0	
1504190424888	1636272496877	276.0	1.0	20.0	-1.0	
1504190424905	1636292638478	276.9862976074219	1.0	20.0	-1.0	
1504190424942	1636312780080	277.0	1.0	20.0	-1.0	
1504190424958	1636332921682	277.0	1.0	20.0	-1.0	
1504190424976	1636353063283	277.0	1.0	20.0	-1.0	
1504190424994	1636373204885	277.0	1.0	20.0	-1.0	
1504190425011	1636393346486	277.0	1.0	19.34088134765625	-1.0	
1504190425030	1636413488088	277.0	1.0	19.0	-1.0	
1504190425047	1636433629689	276.04180908203125	1.0	19.0	-1.0	
1504190425082	1636453771291	276.0	1.0	19.0	-1.0	
1504190425100	1636473912892	276.0	1.0	19.0	-1.0	
1504190425117	1636494054494	276.0	1.0	19.0	-1.0	
1504190425134	1636514196096	276.0	1.0	19.0	-1.0	
1504190425153	1636534337697	276.0	1.0	19.0	-1.0	
1504190425170	1636554479299	276.0	1.0	19.0	-1.0	
1504190425205	1636574620900	276.0	0.9930419921875	19.0	-1.0	
1504190425223	1636594762502	276.0	0.0	19.0	-1.0	
1504190425241	1636614904103	276.0	0.0	19.0	-1.0	
1504190425258	1636635045705	276.0	0.0	19.0	-1.0	
1504190425275	1636655187307	276.0	0.0	19.0	-1.0	
1504190425293	1636675328908	276.0	0.0	19.0	-1.0	
1504190425311	1636695470510	276.0	0.0	19.0	-1.0	
1504190425346	1636715612111	276.0	0.0	19.0	-1.0	
1504190425364	1636735753713	276.0	0.0	19.0	-1.0	
1504190425382	1636755895314	276.0	0.0	19.0	-1.0	
1504190425399	1636776036916	276.0	0.0	19.0	-1.0	
1504190425417	1636796178517	276.0	0.0	19.0	-1.0	
1504190425434	1636816320119	276.0	0.0	19.0	-1.0	
1504190425452	1636836461721	276.0	0.0	19.0	-1.0	
1504190425487	1636856603322	276.0	0.0	19.0	-1.0	
1504190425505	1636876744924	276.0	0.0	19.0	-1.0	
1504190425523	1636896886525	276.0	0.0	19.0	-1.0	
1504190425540	1636917028127	276.0	0.0	19.0	-1.0	
1504190425558	1636937169728	276.0	0.0	19.0	-1.0	
1504190425575	1636957311330	276.0	0.0	19.0	-1.0	
1504190425610	1636977452932	276.0	0.0	18.99652099609375	-1.0	
1504190425628	1636997594533	276.0	0.0	18.0	-1.0	
1504190425646	1637017736135	276.0	0.0	18.303131103515625	-1.0	
1504190425663	1637037877736	276.0	0.0	19.0	-1.0	
1504190425682	1637058019338	276.0	0.0	19.0	-1.0	
1504190425699	1637078160939	276.0	0.0	19.0	-1.0	
1504190425716	1637098302541	276.0	0.0	19.0	-1.0	
1504190425752	1637118444142	276.0	0.0	19.0	-1.0	
1504190425769	1637138585744	276.0	0.0	19.0	-1.0	
1504190425787	1637158727346	276.0	0.0	19.0	-1.0	
1504190425805	1637178868947	276.0	0.0	19.0	-1.0	
1504190425822	1637199010549	276.0	0.0	19.0	-1.0	
1504190425840	1637219152150	276.0	0.0	19.0	-1.0	
1504190425858	1637239293752	276.0	0.0	19.0	-1.0	
1504190425893	1637259435353	276.0	0.0	19.0	-1.0	
1504190425910	1637279576955	276.0	0.0	19.0	-1.0	
1504190425928	1637299718557	276.0	0.0	19.0	-1.0	
1504190425946	1637319860158	276.0	0.0	19.0	-1.0	
1504190425963	1637340001760	276.0	0.0	19.0	-1.0	
1504190425981	1637360143361	276.0	0.0	19.0	-1.0	
1504190425999	1637380284963	276.0	0.0	19.0	-1.0	
1504190426033	1637400426564	276.0	0.0	18.850189208984375	-1.0	
1504190426052	1637420568166	276.0	0.0	18.0	-1.0	
1504190426069	1637440709767	276.0	0.0	18.0	-1.0	
1504190426086	1637460851369	276.0	0.0	18.0	-1.0	
1504190426104	1637480992971	276.0	0.0	18.0	-1.0	
1504190426122	1637501134572	276.0	0.0	18.0	-1.0	
1504190426157	1637521276174	276.0	0.0	18.0	-1.0	
1504190426174	1637541417775	276.0	0.0	18.0	-1.0	
1504190426193	1637561559377	276.0	0.0	18.0	-1.0	
1504190426210	1637581700978	276.0	0.0	18.0	-1.0	
1504190426227	1637601842580	276.0	0.6480712890625	17.3519287109375	-1.0	
1504190426245	1637621984182	276.0	1.0	17.0	-1.0	
1504190426263	1637642125783	275.0522766113281	1.0	17.0	-1.0	
1504190426298	1637662267385	275.0	1.0	17.0	-1.0	
1504190426316	1637682408986	275.0	1.0	16.75262451171875	-1.0	
1504190426334	1637702550588	275.0	1.0	16.0	-1.0	
1504190426351	1637722692189	275.0	1.0	16.0	-1.0	
1504190426369	1637742833791	275.0	1.0	16.0	-1.0	
1504190426386	1637762975392	275.0	1.0	16.0	-1.0	
1504190426404	1637783116994	275.0	1.0	16.0	-1.0	
1504190426439	1637803258596	275.0	1.0	16.0	-1.0	
1504190426456	1637823400197	275.0	1.0	16.0	-1.0	
1504190426474	1637843541799	275.0	1.0	16.0	-1.0	
1504190426494	1637863683400	275.0	1.0	16.0	-1.0	
1504190426509	1637883825002	275.0	1.0	16.0	-1.0	
1504190426528	1637903966603	275.0	1.0	16.0	-1.0	
1504190426562	1637924108205	275.0	1.0	16.0	-1.0	
1504190426580	1637944249807	275.0	1.0	16.0	-1.0	
1504190426600	1637964391408	275.0	1.0	16.0	-1.0	
1504190426615	1637984533010	275.0	1.0	16.0	-1.0	
1504190426633	1638004674611	275.0	1.0	16.0	-1.0	
1504190426651	1638024816213	275.0	1.0	16.0	-1.0	
1504190426668	1638044957814	275.0	1.0	16.0	-1.0	
1504190426704	1638065099416	275.0	0.9059295654296875	16.0	-1.0	
1504190426723	1638085241017	275.0	0.0	16.0	-1.0	
1504190426739	1638105382619	275.0	0.0	16.0	-1.0	
1504190426756	1638125524221	275.0	0.0	16.0	-1.0	
1504190426774	1638145665822	275.0	0.0	16.0	-1.0	
1504190426791	1638165807424	275.0	0.0	16.600311279296875	-1.0	
1504190426809	1638185949025	275.0	0.0	17.0	-1.0	
1504190426827	1638206090627	275.0	0.0	17.0	-1.0	
1504190426845	1638226232228	275.0	0.0	16.169662475585938	-1.0	
1504190426865	1638246373830	275.0	0.0	16.0	-1.0	
1504190426883	1638266515432	275.0	0.0	16.0	-1.0	
1504190426915	1638286657033	275.0	0.0	16.0	-1.0	
1504190426933	1638306798635	275.0	0.0	16.0	-1.0	
1504190426950	1638326940236	275.0	0.0	16.0	-1.0	
1504190426968	1638347081838	275.0	0.0	16.0	-1.0	
1504190426986	1638367223439	275.0	0.0	16.0	-1.0	
1504190427003	1638387365041	275.0	0.0	16.0	-1.0	
1504190427021	1638407506642	275.0	0.0	16.0	-1.0	
1504190427056	1638427648244	275.0	0.0	16.0	-1.0	
1504190427074	1638447789846	275.0	0.0	16.0	-1.0	
1504190427092	1638467931447	275.0	0.0	16.0	-1.0	
1504190427109	1638488073049	275.0	0.0	16.0	-1.0	
1504190427126	1638508214650	275.0	0.0	16.0	-1.0	
1504190427144	1638528356252	275.0	0.0	16.0	-1.0	
1504190427180	1638548497853	275.0	0.0	16.0	-1.0	
1504190427197	1638568639455	275.0	0.0	16.0	-1.0	
1504190427215	1638588781057	275.0	0.325775146484375	16.0	-1.0	
1504190427232	1638608922658	275.0	1.0	16.0	-1.0	
1504190427250	1638629064260	275.0	1.0	16.0	-1.0	
1504190427268	1638649205861	275.0	1.0	15.224746704101563	-1.0	
1504190427285	1638669347463	275.0	1.0	15.0	-1.0	
1504190427321	1638689489064	275.0	1.0	15.0	-1.0	
1504190427338	1638709630666	275.0	1.0	15.0	-1.0	
1504190427358	1638729772267	275.0	1.0	15.0	-1.0	
1504190427374	1638749913869	275.0	1.0	15.0	-1.0	
1504190427391	1638770055471	275.0	1.0	15.0	-1.0	
1504190427410	1638790197072	275.0	1.0	15.0	-1.0	
1504190427427	1638810338674	275.0	1.0	15.0	-1.0	
1504190427461	1638830480275	275.0	1.0	15.0	-1.0	
1504190427481	1638850621877	275.0	1.0	15.0	-1.0	
1504190427497	1638870763478	275.0	1.0	15.0	-1.0	
1504190427514	1638890905080	275.0	1.0	15.0	-1.0	
1504190427532	1638911046682	275.0	1.0	15.0	-1.0	
1504190427549	1638931188283	275.0	1.0	15.0	-1.0	
1504190427586	1638951329885	275.0	1.0	15.0	-1.0	
1504190427602	1638971471486	275.0	1.0	15.0	-1.0	
1504190427620	1638991613088	275.0	1.0	15.0	-1.0	
1504190427638	1639011754689	275.0	1.0	15.0	-1.0	
1504190427655	1639031896291	275.0	1.0	15.0	-1.0	
1504190427673	1639052037892	275.0	1.0	15.0	-1.0	
1504190427693	1639072179494	275.0	1.0	15.0	-1.0	
1504190427726	1639092321096	275.0	0.9285736083984375	15.0	-1.0	
1504190427744	1639112462697	275.0	0.0	15.0	-1.0	
1504190427762	1639132604299	275.0	0.0	15.0	-1.0	
1504190427779	1639152745900	275.0	0.0	15.0	-1.0	
1504190427796	1639172887502	275.0	0.0	15.0	-1.0	
1504190427814	1639193029103	275.0	0.0	15.0	-1.0	
1504190427833	1639213170705	275.0	0.0	15.0	-1.0	
1504190427867	1639233312307	275.0	0.0	15.0	-1.0	
1504190427885	1639253453908	275.0	0.0	15.0	-1.0	
1504190427903	1639273595510	275.0	0.0	15.419845581054688	-1.0	
1504190427920	1639293737111	275.0	0.0	16.0	-1.0	
1504190427937	1639313878713	275.0	0.0	16.0	-1.0	
1504190427957	1639334020314	275.0	0.0	16.0	-1.0	
1504190427991	1639354161916	275.0	0.0	16.0	-1.0	
1504190428009	1639374303517	275.0	0.0	16.0	-1.0	
1504190428026	1639394445119	275.0	0.0	16.0	-1.0	
1504190428043	1639414586721	275.0	0.0	15.5313720703125	-1.0	
1504190428062	1639434728322	275.0	0.0	15.0	-1.0	
1504190428080	1639454869924	275.0	0.0	15.0	-1.0	
1504190428099	1639475011525	275.0	0.0	15.0	-1.0	
1504190428131	1639495153127	275.0	0.0	15.0	-1.0	
1504190428149	1639515294728	275.0	0.0	15.0	-1.0	
1504190428166	1639535436330	275.0	0.0	15.0	-1.0	
1504190428184	1639555577932	275.0	0.0	15.0	-1.0	
1504190428201	1639575719533	275.0	0.0	15.0	-1.0	
1504190428220	1639595861135	275.0	0.0	15.0	-1.0	
1504190428237	1639616002736	275.0	0.0	15.0	-1.0	
1504190428272	1639636144338	275.0	0.0	15.0	-1.0	
1504190428290	1639656285939	275.0	0.0	15.0	-1.0	
1504190428307	1639676427541	275.0	0.0	15.0	-1.0	
1504190428325	1639696569142	275.0	0.0	15.0	-1.0	
1504190428342	1639716710744	275.0	0.0	15.0	-1.0	
1504190428360	1639736852346	275.0	0.0	15.0	-1.0	
1504190428396	1639757031671	274.98431396484375	0.0	15.0	-1.0	
1504190428415	1639777173273	274.0	0.0	15.165496826171875	-1.0	
1504190428431	1639797314874	274.0	0.0	16.0	-1.0	
1504190428448	1639817456476	274.0	0.0	16.0	-1.0	
1504190428466	1639837598077	274.0	0.0	16.0	-1.0	
1504190428484	1639857739679	274.0	0.0	15.235198974609375	-1.0	
1504190428501	1639877881281	274.0	0.0	15.0	-1.0	
1504190428538	1639898022882	274.0	0.0	15.0	-1.0	
1504190428554	1639918164484	274.0	0.0	15.0	-1.0	
1504190428572	1639938306085	274.0	0.0	15.0	-1.0	
1504190428589	1639958447687	274.0	0.0	15.0	-1.0	
1504190428607	1639978589288	274.0	0.0	15.0	-1.0	
1504190428625	1639998730890	274.0	0.0	15.0	-1.0	
1504190428643	1640018872491	274.0	0.0	15.0	-1.0	
1504190428660	1640039014093	274.0	0.0	15.0	-1.0	
1504190428679	1640059155695	274.0	0.0	15.0	-1.0	
1504190428713	1640079297296	274.0	0.0	15.081527709960938	-1.0	
1504190428731	1640099438898	274.0	0.0	16.0	-1.0	
1504190428748	1640119580499	274.0	0.0	16.0	-1.0	
1504190428766	1640139722101	274.0	0.0	16.0	-1.0	
1504190428784	1640159863702	274.0	0.0	16.0	-1.0	
1504190428805	1640180005304	274.0	0.0	16.0	-1.0	
1504190428818	1640200146906	274.0	0.0	16.0	-1.0	
1504190428837	1640220288507	274.0	0.0	16.0	-1.0	
1504190428855	1640240430109	274.0	0.0	15.081329345703125	-1.0	
1504190428889	1640260571710	274.0	0.0	15.0	-1.0	
1504190428907	1640280713312	274.0	0.0	15.0	-1.0	
1504190428926	1640300854913	274.0	0.0	15.36346435546875	-1.0	
1504190428946	1640320996515	274.0	0.0	16.0	-1.0	
1504190428960	1640341138116	274.0	0.0	16.0	-1.0	
1504190428977	1640361279718	274.0	0.0	16.0	-1.0	
1504190428995	1640381421320	274.0	0.0	16.0	-1.0	
1504190429030	1640401562921	274.0	0.0	16.0	-1.0	
1504190429048	1640421704523	274.0	0.0	16.0	-1.0	
1504190429066	1640441846124	274.0	0.0	16.0	-1.0	
1504190429083	1640461987726	274.0	0.0	16.0	-1.0	
1504190429100	1640482129327	274.0	0.0	16.0	-1.0	
1504190429118	1640502270929	274.0	0.0	16.0	-1.0	
1504190429137	1640522412531	274.0	0.0	16.0	-1.0	
1504190429172	1640542554132	274.0	0.0	16.0	-1.0	
1504190429188	1640562695734	274.0	0.0	16.0	-1.0	
1504190429206	1640582837335	274.0	0.0	16.0	-1.0	
1504190429225	1640602978937	274.0	0.0	16.0	-1.0	
1504190429242	1640623120538	274.0	0.0	16.0	-1.0	
1504190429259	1640643262140	274.0	0.0	16.0	-1.0	
1504190429295	1640663403741	274.0	0.0	16.0	-1.0	
1504190429313	1640683545343	274.0	0.0	16.0	-1.0	
1504190429331	1640703686945	274.0	0.0	16.0	-1.0	
1504190429348	1640723828546	274.0	0.0	16.0	-1.0	
1504190429365	1640743970148	274.0	0.0	16.0	-1.0	
1504190429383	1640764111749	274.0	0.0	16.0	-1.0	
1504190429400	1640784253351	274.0	0.0	16.0	-1.0	
1504190429436	1640804394952	274.0	0.0	16.0	-1.0	
1504190429453	1640824536554	274.0	0.0	16.0	-1.0	
1504190429470	1640844678156	274.0	0.0	16.0	-1.0	
1504190429489	1640864819757	274.0	0.0	16.0	-1.0	
1504190429506	1640884961359	274.0	0.0	16.0	-1.0	
1504190429524	1640905102960	274.0	0.0	16.0	-1.0	
1504190429541	1640925244562	274.0	0.0	16.0	-1.0	
1504190429577	1640945386163	274.0	0.0	16.0	-1.0	
1504190429595	1640965527765	274.2521667480469	0.0	16.0	-1.0	
1504190429612	1640985669366	275.0	0.0	16.0	-1.0	
1504190429630	1641005810968	275.0	0.0	16.0	-1.0	
1504190429648	1641025952570	275.0	0.0	16.0	-1.0	
1504190429665	1641046094171	275.0	0.0	16.0	-1.0	
1504190429682	1641066235773	275.0	0.0	16.0	-1.0	
1504190429718	1641086377374	275.0	0.0	16.0	-1.0	
1504190429735	1641106518976	275.0	0.0	16.0	-1.0	
1504190429758	1641126660577	275.0	0.0	16.0	-1.0	
1504190429771	1641146802179	275.0	0.0	16.0	-1.0	
1504190429788	1641166943781	275.0	0.0	16.0	-1.0	
1504190429808	1641187085382	275.0	0.0	16.0	-1.0	
1504190429841	1641207226984	275.0	0.0	16.0	-1.0	
1504190429858	1641227368585	275.0	0.0	16.0	-1.0	
1504190429879	1641247510187	275.0	0.0	16.0	-1.0	
1504190429896	1641267651788	275.0	0.0	16.0	-1.0	
1504190429913	1641287793390	275.0	0.0	16.0	-1.0	
1504190429936	1641307934991	275.0	0.0	16.0	-1.0	
1504190429947	1641328076593	275.0	0.0	16.0	-1.0	
1504190429985	1641348218195	275.0	0.0	16.0	-1.0	
1504190430005	1641368359796	275.0	0.0	16.0	-1.0	
1504190430018	1641388501398	275.0	0.0	16.0	-1.0	
1504190430044	1641408642999	275.0	0.0	16.51129150390625	-1.0	
1504190430053	1641428784601	275.0	0.0	17.0	-1.0	
1504190430077	1641448926202	275.0	0.0	17.0	-1.0	
1504190430088	1641469067804	275.0	0.0	17.0	-1.0	
1504190430123	1641489209406	275.0	0.0	17.0	-1.0	
1504190430141	1641509351007	275.0	0.0	17.0	-1.0	
1504190430159	1641529492609	275.0	0.0	17.0	-1.0	
1504190430176	1641549634210	275.0	0.0	17.0	-1.0	
1504190430194	1641569775812	275.0	0.0	17.0	-1.0	
1504190430211	1641589917413	275.0	0.0	17.0	-1.0	
1504190430229	1641610059015	275.0	0.0	17.0	-1.0	
1504190430264	1641630200616	275.0	0.0	17.0	-1.0	
1504190430281	1641650342218	275.0	0.0	17.0	-1.0	
1504190430299	1641670483820	275.0	0.0	17.0	-1.0	
1504190430317	1641690625421	275.0	0.0	17.0	-1.0	
1504190430337	1641710767023	275.0	0.0	17.0	-1.0	
1504190430352	1641730908624	275.0	0.0	17.0	-1.0	
1504190430387	1641751050226	275.0	0.0	17.0	-1.0	
1504190430405	1641771191827	275.0	0.0	17.0	-1.0	
1504190430423	1641791333429	275.0	0.0	17.0	-1.0	
1504190430442	1641811475031	275.0	0.0	17.0	-1.0	
1504190430458	1641831616632	275.0	0.0	17.0	-1.0	
1504190430479	1641851758234	275.0	0.0	17.0	-1.0	
1504190430494	1641871899835	275.0	0.0	17.0	-1.0	
1504190430528	1641892041437	275.0	0.0	17.0	-1.0	
1504190430546	1641912183038	275.0	0.0	17.0	-1.0	
1504190430563	1641932324640	275.0	0.0	17.0	-1.0	
1504190430581	1641952466241	275.0	0.0	16.48870849609375	-1.0	
1504190430600	1641972607843	275.0	0.0	16.0	-1.0	
1504190430616	1641992749445	275.0	0.0	16.808349609375	-1.0	
1504190430634	1642012891046	275.0	0.0	17.0	-1.0	
1504190430669	1642033032648	275.0	0.0	17.0	-1.0	
1504190430687	1642053174249	275.0	0.0	17.0	-1.0	
1504190430706	1642073315851	275.0	0.0	17.0	-1.0	
1504190430722	1642093457452	275.0	0.0	16.452178955078125	-1.0	
1504190430740	1642113599054	275.0	0.0	16.0	-1.0	
1504190430757	1642133740656	275.0	0.0	16.0	-1.0	
1504190430776	1642153882257	275.0	0.0	16.0	-1.0	
1504190430811	1642174023859	275.0	0.0	16.0	-1.0	
1504190430828	1642194165460	275.0	0.0	16.0	-1.0	
1504190430845	1642214307062	275.0	0.0	16.0	-1.0	
1504190430863	1642234448663	275.0	0.0	16.0	-1.0	
1504190430881	1642254590265	275.0	0.0	16.0	-1.0	
1504190430898	1642274731866	275.0	0.0	16.0	-1.0	
1504190430933	1642294873468	275.0	0.0	16.0	-1.0	
1504190430952	1642315015070	275.0	0.0	16.0	-1.0	
1504190430970	1642335156671	275.0	0.0	16.0	-1.0	
1504190430987	1642355298273	275.0	0.0	16.0	-1.0	
1504190431004	1642375439874	275.0	0.0	16.0	-1.0	
1504190431022	1642395581476	275.0	0.0	16.0	-1.0	
1504190431040	1642415723077	275.0	0.0	16.0	-1.0	
1504190431078	1642435864679	275.0	0.0	16.0	-1.0	
1504190431100	1642456006281	275.0	0.0	16.0	-1.0	
1504190431111	1642476147882	275.0	0.0	16.0	-1.0	
1504190431129	1642496289484	275.0	0.0	16.0	-1.0	
1504190431148	1642516431085	275.0	0.0	16.0	-1.0	
1504190431164	1642536572687	275.0	0.0	16.0	-1.0	
1504190431181	1642556714288	275.0	0.0	16.0	-1.0	
1504190431220	1642576855890	275.0	0.0	16.056594848632813	-1.0	
1504190431234	1642596997491	275.0	0.0	17.0	-1.0	
1504190431251	1642617139093	275.0	0.0	17.0	-1.0	
1504190431268	1642637280695	275.0	0.0	17.0	-1.0	
1504190431286	1642657422296	275.0	0.0	17.0	-1.0	
1504190431304	1642677563898	275.0	0.0	17.0	-1.0	
1504190431322	1642697705499	275.0	0.0	17.0	-1.0	
1504190431339	1642717847101	275.0	0.0	17.0	-1.0	
1504190431375	1642737988702	275.0	0.0	18.0	-1.0	
1504190431392	1642758130304	275.0	0.0	18.0	-1.0	
1504190431411	1642778271906	275.0	0.0	18.0	-1.0	
1504190431427	1642798413507	275.0	0.0	18.0	-1.0	
1504190431446	1642818555109	275.0	0.0	18.626068115234375	-1.0	
1504190431462	1642838696710	275.0	0.0	19.0	-1.0	
1504190431480	1642858838312	275.0	0.0	19.886978149414063	-1.0	
1504190431515	1642878979913	275.0	0.0	20.0	-1.0	
1504190431534	1642899121515	275.0	0.0	20.148971557617188	-1.0	
1504190431551	1642919263116	275.0	0.0	21.0	-1.0	
1504190431569	1642939404718	275.0	0.0	21.0	-1.0	
1504190431587	1642959546320	275.0	0.0	21.541091918945313	-1.0	
1504190431604	1642979687921	275.0	0.0	22.0	-1.0	
1504190431622	1642999829523	275.0	0.0	22.0	-1.0	
1504190431639	1643019971124	275.0	0.0	22.0	-1.0	
1504190431674	1643040112726	275.0	0.0	23.0	-1.0	
1504190431692	1643060254327	275.0	0.0	23.0	-1.0	
1504190431709	1643080395929	275.0	0.0	23.325332641601563	-1.0	
1504190431727	1643100537531	275.0	0.0	24.0	-1.0	
1504190431744	1643120679132	275.0	0.0	24.0	-1.0	
1504190431763	1643140820734	275.0	0.0	24.0	-1.0	
1504190431780	1643160962335	275.0	0.0	24.0	-1.0	
1504190431797	1643181103937	275.0	0.0	24.0	-1.0	
1504190431835	1643201245538	275.0	0.0	24.0	-1.0	
1504190431850	1643221387140	275.0	0.0	24.240127563476563	-1.0	
1504190431869	1643241528741	275.0	0.0	25.0	-1.0	
1504190431885	1643261670343	275.0	0.0	25.0	-1.0	
1504190431904	1643281811945	275.0	0.0	25.0	-1.0	
1504190431921	1643301953546	275.0	0.0	25.0	-1.0	
1504190431939	1643322095148	275.0	0.0	25.0	-1.0	
1504190431973	1643342236749	275.0	0.0	25.0	-1.0	
1504190431991	1643362378351	275.0	0.0	25.0	-1.0	
1504190432008	1643382519952	275.0	0.0	25.0	-1.0	
1504190432027	1643402661554	275.0	0.0	25.0	-1.0	
1504190432044	1643422803156	275.0	0.0	25.0	-1.0	
1504190432064	1643442944757	275.0	0.0	25.0	-1.0	
1504190432083	1643463086359	275.0	0.0	25.0	-1.0	
1504190432097	1643483227960	275.0	0.0	25.0	-1.0	
1504190432133	1643503369562	276.0	0.0	24.9296875	-1.0	
1504190432150	1643523511163	276.0	-0.2020416259765625	24.0	-1.0	
1504190432167	1643543652765	276.0	-1.0	23.666671752929688	-1.0	
1504190432186	1643563794366	276.0	-1.0	23.0	-1.0	
1504190432203	1643583935968	276.0	-1.0	22.3819580078125	-1.0	
1504190432222	1643604077570	276.0	-1.0	22.0	-1.0	
1504190432238	1643624219171	276.0	-1.0	22.916366577148438	-1.0	
1504190432276	1643644360773	276.0	0.0	23.0	-1.0	
1504190432292	1643664502374	276.0	0.0	23.216018676757813	-1.0	
1504190432308	1643684643976	276.0	0.0	23.6341552734375	-1.0	
1504190432328	1643704785577	276.0	0.0	23.0	-1.0	
1504190432344	1643724927179	276.0	0.0	23.0	-1.0	
1504190432362	1643745068781	276.0	0.0	23.815322875976563	-1.0	
1504190432379	1643765210382	276.0	0.0	24.0	-1.0	
1504190432415	1643785351984	276.0	0.0	24.0	-1.0	
1504190432432	1643805493585	276.0	0.0	24.0	-1.0	
1504190432451	1643825635187	276.0	0.0	24.0	-1.0	
1504190432467	1643845776788	276.0	0.0	24.0	-1.0	
1504190432487	1643865918390	276.0	0.0	24.0	-1.0	
1504190432503	1643886059991	276.0	0.0	24.0	-1.0	
1504190432541	1643906201593	276.0	0.0	24.0	-1.0	
1504190432556	1643926343195	276.0	0.0	24.0	-1.0	
1504190432573	1643946484796	276.0	0.0	24.0	-1.0	
1504190432590	1643966626398	276.0	0.0	24.0	-1.0	
1504190432609	1643986767999	276.0	-0.6132354736328125	24.0	-1.0	
1504190432626	1644006909601	276.0	-1.0	24.0	-1.0	
1504190432644	1644027051202	276.0	-1.0	24.0	-1.0	
1504190432679	1644047192804	276.0	-1.0	24.0	-1.0	
1504190432698	1644067334406	276.0	-1.0	24.0	-1.0	
1504190432715	1644087476007	276.0	-1.0	24.0	-1.0	
1504190432733	1644107617609	276.0	-1.0	24.0	-1.0	
1504190432749	1644127759210	276.0	-1.0	24.0	-1.0	
1504190432767	1644147900812	276.0	-1.0	24.0	-1.0	
1504190432785	1644168042413	276.0	-1.0	24.0	-1.0	
1504190432820	1644188184015	276.0	-1.0	24.0	-1.0	
1504190432838	1644208325616	276.0	-1.0	24.0	-1.0	
1504190432855	1644228467218	276.0	-1.0	24.0	-1.0	
1504190432874	1644248608820	276.0	-1.0	24.0	-1.0	
1504190432890	1644268750421	276.0	-1.0	24.0	-1.0	
1504190432907	1644288892023	276.0	-1.0	24.0	-1.0	
1504190432944	1644309033624	276.0	-1.0	24.0	-1.0	
1504190432963	1644329175226	276.0	-1.0	24.0	-1.0	
1504190432978	1644349316827	276.0	-1.0	24.0	-1.0	
1504190432996	1644369458429	276.0	-1.0	24.0	-1.0	
1504190433015	1644389600031	276.0	-1.0	24.0	-1.0	
1504190433034	1644409741632	276.0	-1.0	24.0	-1.0	
1504190433049	1644429883234	276.0	-1.0	24.0	-1.0	
1504190433084	1644450024835	276.0	-1.0	24.0	-1.0	
1504190433101	1644470166437	276.0	-1.0	24.0	-1.0	
1504190433119	1644490308038	276.0	-1.0	24.0	-1.0	
1504190433138	1644510449640	276.0	-1.0	24.0	-1.0	
1504190433155	1644530591241	276.0	-1.0	24.0	-1.0	
1504190433172	1644550732843	276.0	-1.0	24.0	-1.0	
1504190433190	1644570874445	276.0	-1.0	24.0	-1.0	
1504190433225	1644591016046	276.0	-1.0	23.891998291015625	-1.0	
1504190433242	1644611157648	276.0	-1.0	23.0	-1.0	
1504190433260	1644631299249	276.0	-1.0	23.0	-1.0	
1504190433278	1644651440851	276.0	-1.0	23.0	-1.0	
1504190433299	1644671582452	276.0	-1.0	23.707305908203125	-1.0	
1504190433314	1644691724054	276.0	-1.0	24.0	-1.0	
1504190433349	1644711865656	275.9930419921875	-1.0	24.0	-1.0	
1504190433366	1644732007257	275.0	-1.0	24.0	-1.0	
1504190433383	1644752148859	275.0	-1.0	23.693389892578125	-1.0	
1504190433401	1644772290460	275.0	-1.0	23.0	-1.0	
1504190433419	1644792432062	275.0	-1.0	23.0	-1.0	
1504190433436	1644812573663	275.0	-1.0	23.0	-1.0	
1504190433456	1644832715265	275.0	-1.0	23.0	-1.0	
1504190433490	1644852856866	275.0	-1.0	23.0	-1.0	
1504190433508	1644872998468	275.0	-1.0	23.0	-1.0	
1504190433525	1644893140070	275.0	-1.0	23.0	-1.0	
1504190433543	1644913281671	275.0	-1.0	23.0	-1.0	
1504190433560	1644933423273	275.0	-1.0	23.0	-1.0	
1504190433578	1644953564874	275.0	-1.0	23.0	-1.0	
1504190433595	1644973706476	275.0	-1.0	23.0	-1.0	
1504190433631	1644993848077	275.0	-1.0	23.0	-1.0	
1504190433648	1645013989679	275.0	-1.0	23.0	-1.0	
1504190433666	1645034131281	275.0	-1.0	23.0	-1.0	
1504190433683	1645054272882	275.0	-1.0	23.0	-1.0	
1504190433702	1645074414484	275.0	-1.0	23.0	-1.0	
1504190433719	1645094556085	275.8536376953125	-1.0	23.0	-1.0	
1504190433754	1645114697687	276.0	-1.0	23.0	-1.0	
1504190433772	1645134839288	276.0	-1.0	23.0	-1.0	
1504190433789	1645154980890	276.0	-1.0	23.0	-1.0	
1504190433806	1645175122491	275.54705810546875	-1.0	23.0	-1.0	
1504190433825	1645195264093	275.0	-1.0	23.0	-1.0	
1504190433842	1645215405695	275.0	-1.0	23.0	-1.0	
1504190433859	1645235547296	275.0	-0.097564697265625	23.0	-1.0	
1504190433894	1645255688898	275.0	0.0	23.0	-1.0	
1504190433912	1645275830499	275.0	0.0	23.0	-1.0	
1504190433931	1645295972101	275.0	0.0	23.0	-1.0	
1504190433947	1645316113702	275.0	0.0	23.0	-1.0	
1504190433965	1645336255304	275.0	0.0	23.0	-1.0	
1504190433984	1645356396906	275.0	0.0	23.0	-1.0	
1504190434001	1645376538507	275.0	0.0	22.07427978515625	-1.0	
1504190434037	1645396680109	275.0	0.0	22.0	-1.0	
1504190434055	1645416821710	275.0	0.0	22.0	-1.0	
1504190434071	1645436963312	275.0	0.0	22.0	-1.0	
1504190434089	1645457104913	275.0	0.0	22.0	-1.0	
1504190434106	1645477246515	275.0	0.0	22.0	-1.0	
1504190434124	1645497388116	275.0	0.0	22.0	-1.0	
1504190434142	1645517529718	275.0	0.0	22.0	-1.0	
1504190434179	1645537671320	275.0	0.0	22.0	-1.0	
1504190434196	1645557812921	275.0	-0.177886962890625	21.822113037109375	-1.0	
1504190434212	1645577954523	275.0	-0.682220458984375	21.0	-1.0	
1504190434232	1645598096124	275.0	0.0	21.456893920898438	-1.0	
1504190434247	1645618237726	275.0	0.0	22.0	-1.0	
1504190434265	1645638379327	275.0	0.0	22.0	-1.0	
1504190434282	1645658520929	275.0	0.0	22.0	-1.0	
1504190434318	1645678662531	275.0	0.0	21.0	-1.0	
1504190434336	1645698804132	275.0	0.0	21.0	-1.0	
1504190434354	1645718945734	275.0	0.0	21.0	-1.0	
1504190434371	1645739087335	275.0	0.0	21.0	-1.0	
1504190434388	1645759228937	275.0	0.0	21.0	-1.0	
1504190434407	1645779370538	275.0	0.0	21.0	-1.0	
1504190434426	1645799512140	275.0	0.0	20.1517333984375	-1.0	
1504190434443	1645819653741	275.0	0.0	20.0	-1.0	
1504190434477	1645839795343	275.0	0.0	20.0	-1.0	
1504190434494	1645859936945	275.0	0.0	20.0	-1.0	
1504190434511	1645880078546	275.0	0.0	20.0	-1.0	
1504190434530	1645900220148	275.0	0.0	20.0	-1.0	
1504190434547	1645920361749	275.0	0.0	19.316070556640625	-1.0	
1504190434565	1645940503351	275.0	0.0	19.0	-1.0	
1504190434582	1645960644952	275.0	0.0	19.0	-1.0	
1504190434617	1645980786554	275.0	0.0	18.0	-1.0	
1504190434635	1646000928156	275.0	0.0	18.0	-1.0	
1504190434652	1646021069757	275.0	0.0	17.620697021484375	-1.0	
1504190434670	1646041211359	275.51812744140625	0.0	17.0	-1.0	
1504190434688	1646061352960	276.0	0.0	17.0	-1.0	
1504190434706	1646081494562	276.0	0.0	16.203460693359375	-1.0	
1504190434724	1646101636163	276.0	0.0	16.0	-1.0	
1504190434758	1646121777765	276.0	0.0	15.0	-1.0	
1504190434776	1646141919366	276.0	0.0	15.0	-1.0	
1504190434794	1646162060968	276.0	0.0	15.0	-1.0	
1504190434812	1646182202570	276.0	0.0	15.0	-1.0	
1504190434833	1646202344171	276.0	0.0	15.0	-1.0	
1504190434846	1646222485773	276.0	0.0	15.0	-1.0	
1504190434864	1646242627374	276.0	0.0	15.0	-1.0	
1504190434900	1646262768976	276.0	0.04998779296875	15.0	-1.0	
1504190434918	1646282910577	276.0	1.0	15.0	-1.0	
1504190434935	1646303052179	276.0	1.0	15.0	-1.0	
1504190434953	1646323193781	276.0	1.0	15.0	-1.0	
1504190434970	1646343335382	276.0	1.0	15.0	-1.0	
1504190434988	1646363476984	276.0	1.0	15.0	-1.0	
1504190435005	1646383618585	276.0	1.0	15.0	-1.0	
1504190435041	1646403760187	276.0	1.0	16.0	-1.0	
1504190435058	1646423901788	276.0	1.0	16.0	-1.0	
1504190435076	1646444043390	276.0	1.0	16.0	-1.0	
1504190435093	1646464184991	276.0	1.0	16.0	-1.0	
1504190435111	1646484326593	276.0	1.0	16.0	-1.0	
1504190435129	1646504468195	276.0	1.0	16.0	-1.0	
1504190435146	1646524609796	276.0	1.0	16.0	-1.0	
1504190435164	1646544751398	276.0	1.0	16.0	-1.0	
1504190435199	1646564892999	276.0	1.0	16.0	-1.0	
1504190435216	1646585034601	276.0	1.0	16.0	-1.0	
1504190435234	1646605176202	276.0	1.0	16.0	-1.0	
1504190435253	1646625317804	276.0	1.0	16.0	-1.0	
1504190435274	1646645459406	276.0	1.0	16.0	-1.0	
1504190435287	1646665601007	276.0	1.0	16.0	-1.0	
1504190435305	1646685742609	276.0	1.0	16.0	-1.0	
1504190435340	1646705884210	276.0	1.0	16.0	-1.0	
1504190435358	1646726025812	276.0	1.0	16.0	-1.0	
1504190435376	1646746167413	276.0	1.0	16.0	-1.0	
1504190435393	1646766309015	276.0	1.0	16.0	-1.0	
1504190435411	1646786450616	276.0	1.0	16.0	-1.0	
1504190435428	1646806592218	276.0	1.0	16.0	-1.0	
1504190435446	1646826733820	276.0	1.0	15.053543090820313	-1.0	
1504190435481	1646846875421	276.0	1.0	15.0	-1.0	
1504190435498	1646867017023	276.0	1.0	15.0	-1.0	
1504190435517	1646887158624	276.0	1.0	15.0	-1.0	
1504190435534	1646907300226	276.0	1.0	15.0	-1.0	
1504190435553	1646927441827	276.0	1.0	15.0	-1.0	
1504190435570	1646947583429	276.0	1.0	15.0	-1.0	
1504190435587	1646967725031	276.0	1.0	15.0	-1.0	
1504190435622	1646987866632	276.0	1.0	15.0	-1.0	
1504190435640	1647008008234	276.0	1.0	15.0	-1.0	
1504190435658	1647028149835	276.0	1.0	15.336776733398438	-1.0	
1504190435676	1647048291437	276.0	1.0	16.0	-1.0	
1504190435694	1647068433038	276.0	1.0	16.0	-1.0	
1504190435711	1647088574640	276.0	1.0	16.0	-1.0	
1504190435728	1647108716241	276.0	1.0	16.0	-1.0	
1504190435763	1647128857843	276.0	1.0	16.0	-1.0	
1504190435781	1647148999445	276.0	1.0	16.0	-1.0	
1504190435798	1647169141046	276.0	1.0	16.0	-1.0	
1504190435816	1647189282648	276.0	1.0	16.0	-1.0	
1504190435835	1647209424249	276.0	1.0	16.589645385742188	-1.0	
1504190435851	1647229565851	276.0	1.0	17.0	-1.0	
1504190435871	1647249707452	276.0	1.0	17.0	-1.0	
1504190435904	1647269849054	276.0	1.0	17.0	-1.0	
1504190435923	1647289990656	276.0	1.0	17.0	-1.0	
1504190435939	1647310132257	276.0	1.0	17.0	-1.0	
1504190435957	1647330273859	276.0	1.0	17.0	-1.0	
1504190435974	1647350415460	276.0	1.0	17.0	-1.0	
1504190435994	1647370557062	276.0	1.0	17.0	-1.0	
1504190436010	1647390698663	276.0	1.0	17.0	-1.0	
1504190436027	1647410840265	276.0	1.0	17.0	-1.0	
1504190436063	1647430981866	276.0	1.0	17.0	-1.0	
1504190436081	1647451123468	276.0	1.0	17.0	-1.0	
1504190436100	1647471265070	276.0	1.0	17.0	-1.0	
1504190436116	1647491406671	276.0	1.0	16.462081909179688	-1.0	
1504190436134	1647511548273	276.0	1.0	16.0	-1.0	
1504190436152	1647531689874	276.0	1.0	16.0	-1.0	
1504190436168	1647551831476	276.0	1.0	16.0	-1.0	
1504190436204	1647571973077	276.0	1.0	16.0	-1.0	
1504190436221	1647592114679	276.0	1.0	16.0	-1.0	
1504190436240	1647612256281	276.0	1.0	16.0	-1.0	
1504190436257	1647632397882	276.0	1.0	16.0	-1.0	
1504190436275	1647652539484	276.0	1.0	16.0	-1.0	
1504190436292	1647672681085	276.0	0.208984375	16.0	-1.0	
1504190436311	1647692822687	276.0	0.0	16.0	-1.0	
1504190436345	1647712964288	276.0	0.0	16.0	-1.0	
1504190436363	1647733105890	276.0	0.0	16.0	-1.0	
1504190436382	1647753247491	276.0	0.0	16.0	-1.0	
1504190436398	1647773389093	276.0	0.0	16.0	-1.0	
1504190436417	1647793530695	276.0	0.0	16.0	-1.0	
1504190436434	1647813672296	276.0	0.0	16.0	-1.0	
1504190436451	1647833813898	276.0	0.0	16.0	-1.0	
1504190436487	1647853955499	276.0	0.0	16.0	-1.0	
1504190436504	1647874097101	276.0	0.0	16.0	-1.0	
1504190436523	1647894238702	276.0	0.0	16.0	-1.0	
1504190436539	1647914380304	276.0	0.0	16.0	-1.0	
1504190436557	1647934521906	276.0	0.0	16.0	-1.0	
1504190436576	1647954663507	276.0	0.0	16.0	-1.0	
1504190436592	1647974805109	276.0	0.0	16.0	-1.0	
1504190436628	1647994946710	276.0	0.0	15.982742309570313	-1.0	
1504190436645	1648015088312	276.0	0.0	15.0	-1.0	
1504190436663	1648035229913	276.0	0.0	15.0	-1.0	
1504190436681	1648055371515	276.0	0.0	15.0	-1.0	
1504190436698	1648075513116	276.0	0.0	15.0	-1.0	
1504190436716	1648095654718	276.0	0.0	15.0	-1.0	
1504190436733	1648115796320	276.0	0.0	15.0	-1.0	
1504190436751	1648135937921	276.0	0.0	15.0	-1.0	
1504190436787	1648156079523	276.0	0.0	15.0	-1.0	
1504190436803	1648176221124	276.0	0.0	15.0	-1.0	
1504190436821	1648196362726	276.0	0.0	15.0	-1.0	
1504190436839	1648216504327	276.0	0.0	15.0	-1.0	
1504190436856	1648236645929	276.0	0.0	15.0	-1.0	
1504190436875	1648256787531	276.0	0.0	15.0	-1.0	
1504190436892	1648276929132	276.0	0.0	15.0	-1.0	
1504190436927	1648297070734	276.0	0.0	15.0	-1.0	
1504190436945	1648317212335	276.0	0.0	15.0	-1.0	
1504190436962	1648337353937	276.0	0.0	15.0	-1.0	
1504190436980	1648357495538	276.0	0.52239990234375	15.0	-1.0	
1504190436998	1648377637140	276.0	1.0	15.0	-1.0	
1504190437015	1648397778741	276.0	1.0	15.0	-1.0	
1504190437033	1648417920343	276.0	1.0	15.0	-1.0	
1504190437068	1648438061945	276.0	1.0	15.0	-1.0	
1504190437086	1648458203546	276.0	1.0	15.0	-1.0	
1504190437103	1648478345148	276.0	1.0	15.0	-1.0	
1504190437121	1648498486749	276.0	1.0	15.0	-1.0	
1504190437139	1648518628351	276.0	1.0	15.0	-1.0	
1504190437157	1648538769952	276.0	1.0	15.0	-1.0	
1504190437174	1648558911554	276.0	1.0	15.0	-1.0	
1504190437210	1648579053156	276.0	1.0	15.0	-1.0	
1504190437226	1648599194757	276.0	1.0	15.0	-1.0	
1504190437246	1648619336359	276.0	1.0	15.0	-1.0	
1504190437263	1648639477960	276.0	1.0	15.0	-1.0	
1504190437280	1648659619562	276.0	1.0	15.0	-1.0	
1504190437299	1648679761163	276.0	1.0	15.0	-1.0	
1504190437320	1648699902765	276.0	1.0	15.0	-1.0	
1504190437350	1648720044366	276.0	1.0	15.0	-1.0	
1504190437372	1648740185968	276.0	1.0	15.0	-1.0	
1504190437386	1648760327570	276.0	1.0	15.0	-1.0	
1504190437404	1648780469171	276.0	1.0	15.0	-1.0	
1504190437423	1648800610773	276.0	1.0	15.0	-1.0	
1504190437439	1648820752374	276.0	1.0	15.0	-1.0	
1504190437457	1648840893976	276.0	1.0	15.0	-1.0	
1504190437492	1648861035577	276.0	1.0	15.0	-1.0	
1504190437511	1648881177179	276.0	1.0	15.0	-1.0	
1504190437529	1648901318781	276.0	1.0	15.0	-1.0	
1504190437544	1648921460382	276.0	1.0	15.45233154296875	-1.0	
1504190437562	1648941601984	276.0	1.0	16.0	-1.0	
1504190437581	1648961743585	276.0	1.0	16.0	-1.0	
1504190437597	1648981885187	276.0	1.0	16.0	-1.0	
1504190437633	1649002026788	276.0	1.0	16.0	-1.0	
1504190437649	1649022168390	276.0	1.0	16.0	-1.0	
1504190437671	1649042309991	276.0	1.0	16.0	-1.0	
1504190437685	1649062451593	276.0	1.0	16.0	-1.0	
1504190437703	1649082593195	276.0	1.0	16.0	-1.0	
1504190437720	1649102734796	276.0	1.0	16.0	-1.0	
1504190437737	1649122876398	276.0	1.0	16.0	-1.0	
1504190437777	1649143017999	276.0	1.0	16.0	-1.0	
1504190437792	1649163159601	276.0	1.0	16.0	-1.0	
1504190437808	1649183301202	276.0	1.0	16.0	-1.0	
1504190437825	1649203442804	276.0	1.0	16.0	-1.0	
1504190437847	1649223584406	276.0	1.0	16.0	-1.0	
1504190437861	1649243726007	276.0	1.0	16.0	-1.0	
1504190437880	1649263867609	276.0	1.0	16.0	-1.0	
1504190437918	1649284009210	276.0	1.0	16.0	-1.0	
1504190437932	1649304150812	276.0	1.0	16.0	-1.0	
1504190437953	1649324292413	276.0	1.0	16.0	-1.0	
1504190437967	1649344434015	276.0	1.0	16.0	-1.0	
1504190437987	1649364575616	276.0	1.0	16.0	-1.0	
1504190438005	1649384717218	276.0	1.0	16.0	-1.0	
1504190438020	1649404858820	276.0	1.0	16.0	-1.0	
1504190438055	1649425000421	276.0	1.0	16.0	-1.0	
1504190438075	1649445142023	276.0	1.0	16.0	-1.0	
1504190438093	1649465283624	276.3431396484375	1.0	16.0	-1.0	
1504190438110	1649485425226	276.51300048828125	1.0	16.0	-1.0	
1504190438126	1649505566827	276.0	1.0	16.0	-1.0	
1504190438144	1649525708429	276.0	1.0	16.0	-1.0	
1504190438164	1649545850031	276.0	1.0	16.0	-1.0	
1504190438198	1649565991632	276.0	1.0	16.0	-1.0	
1504190438218	1649586133234	276.0	1.0	16.0	-1.0	
1504190438238	1649606274835	276.0	1.0	16.0	-1.0	
1504190438253	1649626416437	276.0	1.0	16.0	-1.0	
1504190438267	1649646558038	276.0	1.0	15.359375	-1.0	
1504190438285	1649666699640	276.78509521484375	1.0	15.0	-1.0	
1504190438302	1649686841241	277.0	1.0	15.0	-1.0	
1504190438337	1649706982843	277.0	1.0	15.0	-1.0	
1504190438355	1649727124445	276.78338623046875	1.0	15.216629028320313	-1.0	
1504190438373	1649747266046	276.0	1.0	16.0	-1.0	
1504190438390	1649767407648	276.0	1.0	16.0	-1.0	
1504190438408	1649787525749	276.0	1.0	16.0	-1.0	
1504190438427	1649807667351	276.0	1.0	16.0	-1.0	
1504190438443	1649827808952	276.0	1.0	16.0	-1.0	
1504190438478	1649847950554	276.0	0.918548583984375	16.0	-1.0	
1504190438496	1649868092156	276.0	0.0	16.0	-1.0	
1504190438513	1649888233757	276.0	0.0	16.0	-1.0	
1504190438532	1649908375359	276.0	0.0	16.0	-1.0	
1504190438549	1649928516960	276.0	0.0	16.0	-1.0	
1504190438566	1649948658562	276.0	0.0	16.0	-1.0	
1504190438584	1649968800163	276.0	0.0	16.0	-1.0	
1504190438621	1649988941765	276.0	0.0	16.0	-1.0	
1504190438637	1650009083366	276.0	0.0	16.0	-1.0	
1504190438655	1650029224968	276.0	0.0	16.3778076171875	-1.0	
1504190438673	1650049366570	276.0	0.0	17.0	-1.0	
1504190438690	1650069508171	276.0	0.0	17.0	-1.0	
1504190438708	1650089649773	276.0	0.0	17.0	-1.0	
1504190438726	1650109791374	276.0	0.0	17.0	-1.0	
1504190438761	1650129932976	276.0	0.0	17.0	-1.0	
1504190438781	1650150074577	276.0	0.0	17.0	-1.0	
1504190438798	1650170216179	276.0	0.0	17.0	-1.0	
1504190438814	1650190357781	276.0	0.0	17.0	-1.0	
1504190438830	1650210499382	276.0	0.0	17.0	-1.0	
1504190438849	1650230640984	276.0	0.0	17.0	-1.0	
1504190438867	1650250782585	276.0	0.0	17.0	-1.0	
1504190438902	1650270924187	276.0	0.0	17.0	-1.0	
1504190438920	1650291065788	276.0	0.0	17.0	-1.0	
1504190438938	1650311207390	276.0	0.0	17.0	-1.0	
1504190438957	1650331348991	276.0	0.0	17.0	-1.0	
1504190438976	1650351490593	276.68402099609375	0.0	17.0	-1.0	
1504190438990	1650371632195	277.0	0.0	17.0	-1.0	
1504190439011	1650391773796	277.0	0.0	17.0	-1.0	
1504190439044	1650411915398	277.0	0.0	17.0	-1.0	
1504190439062	1650432056999	277.0	0.0	17.0	-1.0	
1504190439079	1650452198601	277.0	0.0	17.0	-1.0	
1504190439100	1650472340202	277.0	0.0	17.0	-1.0	
1504190439121	1650492481804	277.0	0.0	17.0	-1.0	
1504190439131	1650512623406	277.0	0.0	17.0	-1.0	
1504190439149	1650532765007	277.0	0.0	17.0	-1.0	
1504190439185	1650552906609	277.0	0.0	17.0	-1.0	
1504190439201	1650573048210	277.0	0.0	17.0	-1.0	
1504190439219	1650593189812	277.0	0.0	17.0	-1.0	
1504190439236	1650613331413	277.55633544921875	0.0	17.0	-1.0	
1504190439253	1650633473015	278.0	0.0	17.0	-1.0	
1504190439271	1650653614616	278.0	0.0	17.0	-1.0	
1504190439289	1650673756218	278.0	0.0	17.0	-1.0	
1504190439324	1650693897820	278.0	0.0	17.0	-1.0	
1504190439343	1650714039421	278.0	0.0	17.0	-1.0	
1504190439359	1650734181023	278.0	0.0	17.0	-1.0	
1504190439389	1650754322624	278.0	0.0	17.0	-1.0	
1504190439404	1650774464226	278.0	0.0	17.0	-1.0	
1504190439415	1650794605827	278.0	0.0	17.0	-1.0	
1504190439444	1650814747429	278.0	0.0	17.0	-1.0	
1504190439466	1650834889031	278.0	0.0	17.0	-1.0	
1504190439484	1650855030632	278.0	0.0	17.0	-1.0	
1504190439508	1650875172234	278.0	0.0	17.0	-1.0	
1504190439518	1650895313835	278.0	0.0	17.0	-1.0	
1504190439536	1650915455437	278.0	0.0	17.0	-1.0	
1504190439552	1650935597038	278.0	0.0	17.0	-1.0	
1504190439589	1650955738640	278.0	0.0	17.0	-1.0	
1504190439606	1650975880241	278.0	0.0	17.0	-1.0	
1504190439628	1650996021843	278.0	0.0	17.0	-1.0	
1504190439642	1651016163445	278.0	0.0	17.0	-1.0	
1504190439660	1651036305046	278.0	0.0	17.0	-1.0	
1504190439684	1651056446648	278.0	0.0	17.0	-1.0	
1504190439695	1651076588249	278.0	0.0	17.0	-1.0	
1504190439730	1651096729851	278.0	0.0	17.0	-1.0	
1504190439750	1651116871452	278.0	0.0	17.0	-1.0	
1504190439765	1651137013054	278.0	0.0	17.0	-1.0	
1504190439783	1651157154656	278.0	0.0	17.0	-1.0	
1504190439801	1651177296257	278.0	0.0	17.0	-1.0	
1504190439821	1651197437859	278.0	0.0	17.0	-1.0	
1504190439836	1651217579460	278.0	0.0	17.0	-1.0	
1504190439875	1651237721062	278.0	0.0	17.0	-1.0	
1504190439888	1651257862663	278.0	0.0	17.0	-1.0	
1504190439908	1651278004265	278.0	0.0	17.0	-1.0	
1504190439923	1651298145866	278.0	0.0	17.0	-1.0	
1504190439945	1651318287468	278.0	0.0	17.0	-1.0	
1504190439965	1651338429070	278.0	0.0	17.0	-1.0	
1504190439977	1651358570671	278.0	0.0	17.0	-1.0	
1504190440011	1651378712273	278.0	0.0	17.0	-1.0	
1504190440031	1651398853874	278.0	0.0	17.0	-1.0	
1504190440050	1651418995476	278.0	0.0	17.0	-1.0	
1504190440067	1651439137077	278.0	0.0	17.0	-1.0	
1504190440083	1651459278679	278.0	0.0	17.0	-1.0	
1504190440101	1651479420281	278.0	0.0	17.0	-1.0	
1504190440117	1651499561882	278.0	0.0	17.0	-1.0	
1504190440159	1651519703484	278.0	0.0	17.0	-1.0	
1504190440172	1651539845085	278.0	0.0	17.0	-1.0	
1504190440189	1651559986687	278.0	0.0	17.0	-1.0	
1504190440213	1651580128288	278.0	0.0	17.0	-1.0	
1504190440226	1651600269890	278.0	0.0	17.0	-1.0	
1504190440243	1651620411491	278.0	0.0	17.0	-1.0	
1504190440261	1651640553093	278.0	0.0	17.0	-1.0	
1504190440295	1651660694695	278.0	0.0	17.0	-1.0	
1504190440316	1651680836296	278.0	0.0	17.0	-1.0	
1504190440329	1651700977898	278.0	0.0	17.0	-1.0	
1504190440355	1651721119499	278.0	0.0	17.0	-1.0	
1504190440364	1651741261101	278.0	0.0	17.0	-1.0	
1504190440382	1651761402702	278.0	0.0	17.0	-1.0	
1504190440399	1651781544304	278.0	0.0	17.0	-1.0	
1504190440434	1651801685906	278.0	0.0	17.0	-1.0	
1504190440452	1651821827507	278.0	0.0	17.0	-1.0	
1504190440470	1651841969109	278.0	0.0	17.0	-1.0	
1504190440488	1651862110710	278.0	0.0	17.0	-1.0	
1504190440513	1651882252312	278.0	0.0	17.0	-1.0	
1504190440522	1651902393913	278.0	0.0	17.0	-1.0	
1504190440541	1651922535515	278.0	0.0	17.0	-1.0	
1504190440575	1651942677116	278.0	0.0	17.0	-1.0	
1504190440598	1651962818718	278.0	0.0	17.0	-1.0	
1504190440613	1651982960320	278.0	0.0	17.0	-1.0	
1504190440630	1652003101921	278.0	0.0	17.0	-1.0	
1504190440647	1652023243523	278.0	0.0	17.0	-1.0	
1504190440667	1652043385124	278.0	0.0	17.0	-1.0	
1504190440683	1652063526726	278.0	0.0	17.0	-1.0	
1504190440716	1652083668327	278.0	0.0	17.0	-1.0	
1504190440735	1652103809929	278.0	0.0	17.0	-1.0	
1504190440754	1652123951531	278.0	0.0	17.0	-1.0	
1504190440769	1652144093132	278.0	0.0	17.0	-1.0	
1504190440787	1652164234734	278.0	0.0	17.0	-1.0	
1504190440806	1652184376335	278.0	0.0	17.0	-1.0	
1504190440822	1652204517937	278.0	0.0	17.0	-1.0	
1504190440858	1652224659538	278.0	0.0	17.0	-1.0	
1504190440874	1652244801140	278.0	0.0	17.0	-1.0	
1504190440893	1652264942741	278.0	0.0	17.0	-1.0	
1504190440914	1652285084343	278.0	0.0	17.0	-1.0	
1504190440928	1652305225945	278.0	0.0	17.0	-1.0	
1504190440947	1652325367546	278.0	0.0	16.1944580078125	-1.0	
1504190440970	1652345509148	278.0	0.0	16.0	-1.0	
1504190440998	1652365650749	278.0	0.0	16.0	-1.0	
1504190441016	1652385792351	278.0	0.0	16.0	-1.0	
1504190441034	1652405933952	278.0	0.0	16.0	-1.0	
1504190441051	1652426075554	278.0	0.0	16.525115966796875	-1.0	
1504190441069	1652446217156	278.0	0.0	17.0	-1.0	
1504190441091	1652466358757	278.814208984375	0.0	17.0	-1.0	
1504190441105	1652486500359	278.0415954589844	0.0	16.041595458984375	-1.0	
1504190441139	1652506641960	278.0	0.0	16.0	-1.0	
1504190441156	1652526783562	278.0	0.0	16.0	-1.0	
1504190441178	1652546925163	278.0	0.0	16.389938354492188	-1.0	
1504190441192	1652567066765	278.5337829589844	0.0	17.0	-1.0	
1504190441210	1652587208366	279.0	0.0	16.322357177734375	-1.0	
1504190441228	1652607349968	279.0	0.0	16.0	-1.0	
1504190441245	1652627491570	279.0	0.0	16.967056274414063	-1.0	
1504190441283	1652647633171	279.0	0.0	17.0	-1.0	
1504190441300	1652667774773	279.0	0.0	17.0	-1.0	
1504190441317	1652687916374	279.0	0.0	17.0	-1.0	
1504190441336	1652708057976	279.0	0.0	17.0	-1.0	
1504190441354	1652728199577	279.0	0.0	17.0	-1.0	
1504190441371	1652748341179	279.0	0.0	17.0	-1.0	
1504190441387	1652768482781	279.0	0.0	17.0	-1.0	
1504190441424	1652788624382	279.0	0.0	17.0	-1.0	
1504190441440	1652808765984	279.0	0.0	17.0	-1.0	
1504190441457	1652828907585	279.0	0.0	17.0	-1.0	
1504190441476	1652849049187	279.0	0.0	17.0	-1.0	
1504190441495	1652869190788	279.0	0.0	17.0	-1.0	
1504190441511	1652889332390	279.0	0.0	17.0	-1.0	
1504190441527	1652909473991	279.0	0.0	17.0	-1.0	
1504190441563	1652929615593	279.0	0.0	17.0	-1.0	
1504190441580	1652949757195	279.0	0.0	17.0	-1.0	
1504190441597	1652969898796	279.0	0.0	17.0	-1.0	
1504190441616	1652990040398	279.0	0.0	17.0	-1.0	
1504190441633	1653010181999	279.0	0.0	16.296371459960938	-1.0	
1504190441653	1653030323601	279.0	0.0	16.0	-1.0	
1504190441670	1653050465202	279.0	0.0	16.0	-1.0	
1504190441709	1653070606804	279.0	0.0	16.0	-1.0	
1504190441722	1653090748406	279.0	0.0	16.0	-1.0	
1504190441741	1653110890007	279.0	0.0	16.0	-1.0	
1504190441758	1653131031609	279.0	0.0	16.0	-1.0	
1504190441775	1653151173210	279.0	0.0	16.0	-1.0	
1504190441796	1653171314812	279.0	0.0	16.0	-1.0	
1504190441828	1653191456413	279.0	0.0	16.0	-1.0	
1504190441844	1653211598015	279.0	0.0	16.0	-1.0	
1504190441862	1653231739616	279.0	0.0	16.0	-1.0	
1504190441882	1653251881218	279.0	0.0	16.0	-1.0	
1504190441897	1653272022820	279.0	0.0	16.0	-1.0	
1504190441922	1653292164421	279.0	0.0	16.0	-1.0	
1504190441932	1653312306023	279.0	0.0	16.0	-1.0	
1504190441970	1653332447624	279.0	0.0	16.0	-1.0	
1504190441988	1653352589226	279.0	0.0	16.0	-1.0	
1504190442014	1653372730827	279.0	0.0	16.0	-1.0	
1504190442025	1653392872429	279.0	0.0	16.0	-1.0	
1504190442047	1653413014031	279.0	0.0	16.0	-1.0	
1504190442057	1653433155632	279.0	0.0	16.0	-1.0	
1504190442077	1653453297234	279.0	0.0	16.0	-1.0	
1504190442111	1653473438835	279.0	0.0	16.0	-1.0	
1504190442127	1653493580437	279.0	0.0	16.0	-1.0	
1504190442144	1653513722038	279.0	0.0	16.0	-1.0	
1504190442163	1653533863640	279.0	0.0	16.0	-1.0	
1504190442181	1653554005241	279.0	0.0	16.0	-1.0	
1504190442197	1653574146843	279.0	0.0	16.0	-1.0	
1504190442215	1653594288445	279.0	0.0	16.0	-1.0	
1504190442251	1653614430046	279.0	0.0277252197265625	16.0	-1.0	
1504190442268	1653634571648	279.0	1.0	16.0	-1.0	
1504190442287	1653654713249	279.0	1.0	16.0	-1.0	
1504190442303	1653674854851	279.0	1.0	16.0	-1.0	
1504190442322	1653694996452	279.0	1.0	16.0	-1.0	
1504190442340	1653715138054	279.0	1.0	16.0	-1.0	
1504190442360	1653735279656	279.0	1.0	16.0	-1.0	
1504190442393	1653755421257	279.0	1.0	16.0	-1.0	
1504190442409	1653775562859	279.0	1.0	16.0	-1.0	
1504190442432	1653795704460	279.0	1.0	16.0	-1.0	
1504190442449	1653815846062	279.0	1.0	16.0	-1.0	
1504190442463	1653835987663	279.0	1.0	16.0	-1.0	
1504190442481	1653856129265	279.0	1.0	16.0	-1.0	
1504190442498	1653876270866	279.0	1.0	16.0	-1.0	
1504190442532	1653896412468	279.0	1.0	16.0	-1.0	
1504190442550	1653916554070	279.0	1.0	16.0	-1.0	
1504190442567	1653936695671	279.0	1.0	16.0	-1.0	
1504190442586	1653956837273	279.0	1.0	16.0	-1.0	
1504190442604	1653976978874	279.0	1.0	16.0	-1.0	
1504190442622	1653997120476	279.0	1.0	16.0	-1.0	
1504190442640	1654017262077	279.0	1.0	16.0	-1.0	
1504190442672	1654037403679	279.0	1.0	16.0	-1.0	
1504190442690	1654057545281	279.0	1.0	16.0	-1.0	
1504190442708	1654077686882	279.0	1.0	16.0	-1.0	
1504190442726	1654097828484	279.0	1.0	16.0	-1.0	
1504190442743	1654117970085	279.0	1.0	16.0	-1.0	
1504190442762	1654138111687	279.0	1.0	16.0	-1.0	
1504190442778	1654158253288	279.0	1.0	16.0	-1.0	
1504190442815	1654178394890	279.0	1.0	16.0	-1.0	
1504190442833	1654198536491	279.0	1.0	16.0	-1.0	
1504190442853	1654218678093	279.0	1.0	16.0	-1.0	
1504190442868	1654238819695	279.0	1.0	16.0	-1.0	
1504190442885	1654258961296	279.0	1.0	16.0	-1.0	
1504190442902	1654279102898	279.0	1.0	16.0	-1.0	
1504190442923	1654299244499	279.0	1.0	16.0	-1.0	
1504190442956	1654319386101	279.0	0.0	16.0	-1.0	
1504190442973	1654339527702	279.0	0.0	16.214889526367188	-1.0	
1504190442992	1654359669304	279.0	0.0	17.0	-1.0	
1504190443020	1654379810906	279.0	0.0	17.0	-1.0	
1504190443038	1654399952507	279.0	0.0	17.0	-1.0	
1504190443044	1654420094109	279.0	0.0	17.0	-1.0	
1504190443062	1654440235710	279.0	0.0	17.0	-1.0	
1504190443096	1654460377312	279.0	0.0	17.0	-1.0	
1504190443114	1654480518913	279.0	0.0	17.0	-1.0	
1504190443132	1654500660515	279.0	0.0	17.0	-1.0	
1504190443152	1654520802116	279.0	0.0	17.0	-1.0	
1504190443174	1654540943718	279.0	0.0	17.0	-1.0	
1504190443186	1654561085320	279.0	0.0	17.0	-1.0	
1504190443205	1654581226921	279.0	0.0	17.0	-1.0	
1504190443241	1654601368523	279.0	0.0	17.0	-1.0	
1504190443258	1654621510124	279.0	0.0	17.0	-1.0	
1504190443273	1654641651726	279.0	0.0	17.0	-1.0	
1504190443290	1654661793327	279.0	0.0	17.0	-1.0	
1504190443309	1654681934929	279.0	0.0	17.0	-1.0	
1504190443328	1654702076531	279.0	0.0	17.0	-1.0	
1504190443344	1654722218132	279.0	0.0	17.0	-1.0	
1504190443379	1654742359734	278.9029541015625	0.0	17.0	-1.0	
1504190443396	1654762501335	278.0	0.0	17.0	-1.0	
1504190443414	1654782642937	278.0	0.0	17.0	-1.0	
1504190443431	1654802784538	278.0	0.0	17.0	-1.0	
1504190443450	1654822926140	278.0	0.0	17.0	-1.0	
1504190443470	1654843067741	278.0	0.0	17.0	-1.0	
1504190443485	1654863209343	278.0	0.0	17.0	-1.0	
1504190443518	1654883350945	278.0	0.0	17.0	-1.0	
1504190443538	1654903492546	278.0	0.0	17.0	-1.0	
1504190443562	1654923634148	278.0	0.0	17.0	-1.0	
1504190443576	1654943775749	278.0	0.0	17.0	-1.0	
1504190443590	1654963917351	278.0	0.0	17.0	-1.0	
1504190443608	1654984058952	277.175048828125	0.0	17.0	-1.0	
1504190443628	1655004200554	277.0	0.0	17.0	-1.0	
1504190443661	1655024342156	277.0	0.0	17.0	-1.0	
1504190443679	1655044483757	277.0	0.0	17.0	-1.0	
1504190443696	1655064625359	277.0	0.0	17.0	-1.0	
1504190443715	1655084766960	277.0	0.0	17.0	-1.0	
1504190443732	1655104908562	277.68975830078125	0.0	17.0	-1.0	
1504190443748	1655125050163	278.0	0.0	17.0	-1.0	
1504190443767	1655145191765	278.0	0.0	17.0	-1.0	
1504190443803	1655165333366	278.0	0.0	17.0	-1.0	
1504190443820	1655185474968	278.0	0.0	17.0	-1.0	
1504190443836	1655205616570	278.0	0.0	17.0	-1.0	
1504190443854	1655225758171	278.0	0.0	17.0	-1.0	
1504190443874	1655245899773	278.0	0.0	17.0	-1.0	
1504190443893	1655266041374	278.0	0.0	17.0	-1.0	
1504190443907	1655286182976	278.0	0.0	17.0	-1.0	
1504190443946	1655306324577	278.0	0.0	17.0	-1.0	
1504190443963	1655326466179	278.0	0.0	17.0	-1.0	
1504190443981	1655346607781	278.0	0.0	17.0	-1.0	
1504190443996	1655366749382	278.0	0.0	17.0	-1.0	
1504190444014	1655386890984	278.0	0.0	17.0	-1.0	
1504190444031	1655407032585	278.0	0.0	16.1490478515625	-1.0	
1504190444050	1655427174187	278.0	0.0	16.0	-1.0	
1504190444084	1655447315788	278.0	0.0	16.0	-1.0	
1504190444101	1655467457390	278.0	0.0	16.0	-1.0	
1504190444119	1655487598991	278.0	0.0	16.0	-1.0	
1504190444143	1655507740593	278.0	0.0	16.0	-1.0	
1504190444153	1655527882195	278.0	0.0	16.0	-1.0	
1504190444171	1655548023796	278.0	0.0	16.0	-1.0	
1504190444207	1655568165398	278.0	0.0	16.0	-1.0	
1504190444229	1655588306999	278.0	0.0	15.850967407226563	-1.0	
1504190444242	1655608448601	278.0	0.0	15.0	-1.0	
1504190444260	1655628590202	278.0	0.0	15.0	-1.0	
1504190444277	1655648731804	278.0	0.0	15.0	-1.0	
1504190444297	1655668873406	278.0	0.0	15.0	-1.0	
1504190444313	1655689015007	278.0	0.0	15.868270874023438	-1.0	
1504190444350	1655709156609	278.0	0.0	16.0	-1.0	
1504190444367	1655729298210	278.0	0.0	16.0	-1.0	
1504190444390	1655749439812	278.0	0.0	16.0	-1.0	
1504190444405	1655769581413	278.0	0.0	16.0	-1.0	
1504190444420	1655789723015	278.0	0.0	16.0	-1.0	
1504190444438	1655809864616	278.0	0.0	16.0	-1.0	
1504190444457	1655830006218	278.0	0.0	16.0	-1.0	
1504190444489	1655850147820	278.0	0.0	16.0	-1.0	
1504190444509	1655870289421	278.0	0.0	16.0	-1.0	
1504190444525	1655890431023	278.0	0.0	16.0	-1.0	
1504190444543	1655910572624	278.0	0.0	16.0	-1.0	
1504190444561	1655930714226	278.0	0.0	16.0	-1.0	
1504190444579	1655950855827	278.0	0.0	16.0	-1.0	
1504190444596	1655970997429	278.0	0.0	16.0	-1.0	
1504190444632	1655991139031	278.0	0.0	17.0	-1.0	
1504190444648	1656011280632	278.0	0.0	17.0	-1.0	
1504190444668	1656031422234	278.0	0.0	17.0	-1.0	
1504190444682	1656051563835	278.0	0.0	17.0	-1.0	
1504190444701	1656071705437	278.0	0.0	17.0	-1.0	
1504190444718	1656091847038	278.0	0.0	17.0	-1.0	
1504190444736	1656111988640	278.0	0.0	17.0	-1.0	
1504190444780	1656132130241	278.0	0.0	17.0	-1.0	
1504190444791	1656152271843	278.0	0.0	17.0	-1.0	
1504190444807	1656172413445	278.0	0.0	17.0	-1.0	
1504190444824	1656192555046	278.0	0.0	17.0	-1.0	
1504190444851	1656212696648	278.0	0.0	17.0	-1.0	
1504190444868	1656232838249	278.0	0.0	17.0	-1.0	
1504190444879	1656252979851	278.0	0.0	17.0	-1.0	
1504190444911	1656273121452	278.0	0.0	17.0	-1.0	
1504190444933	1656293263054	278.0	0.0	17.0	-1.0	
1504190444947	1656313404656	278.0	0.0	17.0	-1.0	
1504190444965	1656333546257	278.0	0.0	17.0	-1.0	
1504190444983	1656353687859	278.0	0.0	17.0	-1.0	
1504190445000	1656373829460	278.0	0.0	17.0	-1.0	
1504190445020	1656393971062	278.0	0.0	17.0	-1.0	
1504190445055	1656414112663	278.0	0.0	17.05718994140625	-1.0	
1504190445071	1656434254265	278.0	0.0	18.0	-1.0	
1504190445090	1656454395866	278.0	0.0	18.0	-1.0	
1504190445109	1656474537468	278.0	0.0	18.0	-1.0	
1504190445122	1656494679070	278.0	0.0	18.0	-1.0	
1504190445142	1656514820671	278.0	0.0	18.0	-1.0	
1504190445158	1656534962273	278.0	0.0	18.0	-1.0	
1504190445194	1656555103874	278.0	0.0	18.0	-1.0	
1504190445211	1656575245476	278.0	0.0	18.0	-1.0	
1504190445228	1656595387077	278.0	0.0	18.0	-1.0	
1504190445246	1656615528679	278.0	0.0	18.0	-1.0	
1504190445264	1656635670281	278.0	0.0	18.0	-1.0	
1504190445283	1656655811882	278.0	0.0	18.0	-1.0	
1504190445302	1656675953484	278.0	0.0	18.0	-1.0	
1504190445335	1656696095085	278.0	0.0	18.0	-1.0	
1504190445354	1656716236687	278.0	0.0	18.0	-1.0	
1504190445370	1656736378288	278.0	0.0	18.0	-1.0	
1504190445390	1656756519890	278.0	0.0	18.0	-1.0	
1504190445405	1656776661491	278.0	0.0	18.0	-1.0	
1504190445423	1656796803093	278.0	0.0	18.0	-1.0	
1504190445440	1656816944695	278.0	0.0	18.0	-1.0	
1504190445476	1656837086296	278.0	0.0	18.0	-1.0	
1504190445500	1656857227898	278.0	0.0	18.0	-1.0	
1504190445511	1656877369499	278.0	0.0	18.0	-1.0	
1504190445528	1656897511101	278.0	0.0	18.0	-1.0	
1504190445547	1656917652702	278.0	0.0	18.6585693359375	-1.0	
1504190445570	1656937794304	278.0	0.8024139404296875	19.0	-1.0	
1504190445582	1656957935906	278.0	1.0	19.0	-1.0	
1504190445616	1656978077507	278.0	1.0	19.0	-1.0	
1504190445635	1656998219109	278.0	1.0	19.0	-1.0	
1504190445651	1657018360710	278.0	1.0	19.0	-1.0	
1504190445672	1657038502312	278.0	1.0	19.0	-1.0	
1504190445688	1657058643913	278.0	1.0	19.0	-1.0	
1504190445708	1657078785515	278.0	1.0	19.0	-1.0	
1504190445722	1657098927116	278.0	1.0	19.0	-1.0	
1504190445757	1657119068718	278.0	1.0	19.0	-1.0	
1504190445774	1657139210320	278.0	1.0	19.0	-1.0	
1504190445794	1657159351921	278.0	1.0	19.0	-1.0	
1504190445811	1657179493523	278.0	1.0	19.0	-1.0	
1504190445829	1657199635124	278.0	1.0	19.0	-1.0	
1504190445845	1657219776726	278.0	1.0	18.180252075195313	-1.0	
1504190445863	1657239918327	278.0	1.0	18.963592529296875	-1.0	
1504190445902	1657260059929	278.0	1.0	18.0	-1.0	
1504190445917	1657280201531	278.0	1.0	18.0	-1.0	
1504190445937	1657300343132	278.0	1.0	18.0	-1.0	
1504190445952	1657320484734	278.0	1.0	18.0	-1.0	
1504190445970	1657340626335	278.0	1.0	18.0	-1.0	
1504190445989	1657360767937	278.0	1.0	18.0	-1.0	
1504190446005	1657380909538	278.0	1.0	18.0	-1.0	
1504190446041	1657401051140	278.0	1.1178436279296875	18.0	-1.0	
1504190446058	1657421192741	278.0	2.0	18.0	-1.0	
1504190446075	1657441334343	278.0	2.0	18.0	-1.0	
1504190446097	1657461475945	278.0	2.0	18.0	-1.0	
1504190446113	1657481617546	278.0	2.0	18.0	-1.0	
1504190446128	1657501759148	278.0	2.0	18.0	-1.0	
1504190446150	1657521900749	278.0	2.0	18.0	-1.0	
1504190446181	1657542042351	278.0	2.0	18.0	-1.0	
1504190446200	1657562183952	278.0	2.0	18.0	-1.0	
1504190446219	1657582325554	278.0	2.0	18.0	-1.0	
1504190446233	1657602467156	278.0	2.0	18.0	-1.0	
1504190446251	1657622608757	278.0	2.0	18.0	-1.0	
1504190446270	1657642750359	278.0	2.0	18.0	-1.0	
1504190446291	1657662891960	278.0	2.0	18.0	-1.0	
1504190446328	1657683033562	278.0	2.1336669921875	18.0	-1.0	
1504190446340	1657703175163	278.0	3.0	18.0	-1.0	
1504190446360	1657723316765	278.0	3.0	18.0	-1.0	
1504190446375	1657743458366	278.0	3.0	18.0	-1.0	
1504190446394	1657763599968	277.2894287109375	3.7105712890625	18.0	-1.0	
1504190446413	1657783741570	277.0	4.0	18.854415893554688	-1.0	
1504190446434	1657803883171	277.0	4.0	19.0	-1.0	
1504190446463	1657824024773	277.0	4.1423492431640625	19.0	-1.0	
1504190446480	1657844166374	277.0	5.0	19.0	-1.0	
1504190446498	1657864307976	277.0	5.0	19.0	-1.0	
1504190446515	1657884449577	277.0	5.0	19.0	-1.0	
1504190446536	1657904591179	277.0	5.7192230224609375	19.719223022460938	-1.0	
1504190446551	1657924732781	276.13690185546875	6.0	20.0	-1.0	
1504190446586	1657944874382	276.0	6.0	20.0	-1.0	
1504190446604	1657965015984	276.0	6.0	20.151031494140625	-1.0	
1504190446623	1657985157585	276.0	6.296356201171875	21.0	-1.0	
1504190446639	1658005299187	276.0	7.0	21.0	-1.0	
1504190446656	1658025440788	276.0	7.58404541015625	21.0	-1.0	
1504190446675	1658045582390	276.0	8.0	21.0	-1.0	
1504190446692	1658065723991	276.0	8.871749877929688	21.0	-1.0	
1504190446728	1658085865593	275.98443603515625	9.0	21.0	-1.0	
