1500676273604	8152998455321	342.0	-22.62347412109375	-16.37652587890625	-1.0	
1500676273622	8153018596922	341.23663330078125	-23.763381958007813	-16.0	-1.0	
1500676273640	8153038738524	341.0	-24.903274536132813	-16.903274536132813	-1.0	
1500676273680	8153058880125	340.0	-26.0	-17.043167114257813	-1.0	
1500676273695	8153079021727	339.81695556640625	-26.0	-18.0	-1.0	
1500676273709	8153099163329	339.0	-26.322967529296875	-18.0	-1.0	
1500676273727	8153119304930	339.0	-27.0	-18.0	-1.0	
1500676273745	8153139446532	339.0	-27.0	-18.602752685546875	-1.0	
1500676273763	8153159588133	339.0	-27.0	-19.0	-1.0	
1500676273782	8153179729735	339.0	-27.882553100585938	-19.882553100585938	-1.0	
1500676273816	8153199871336	338.0	-29.0	-20.0	-1.0	
1500676273834	8153220012938	338.0	-29.1640625	-20.1640625	-1.0	
1500676273851	8153240154540	338.0	-30.0	-21.0	-1.0	
1500676273869	8153260296141	338.0	-30.443862915039063	-21.0	-1.0	
1500676273888	8153280437743	338.0	-31.0	-21.0	-1.0	
1500676273910	8153300579344	338.0	-31.0	-21.0	-1.0	
1500676273922	8153320720946	338.0	-31.0	-20.136444091796875	-1.0	
1500676273957	8153340862547	338.0	-30.0	-21.0	-1.0	
1500676273974	8153361004149	338.0	-30.143341064453125	-21.0	-1.0	
1500676273996	8153381145750	338.0	-30.716766357421875	-21.0	-1.0	
1500676274009	8153401287352	338.0	-30.0	-21.0	-1.0	
1500676274040	8153421428954	338.56402587890625	-29.435989379882813	-21.0	-1.0	
1500676274052	8153441570555	339.0	-29.0	-20.29534912109375	-1.0	
1500676274062	8153461712157	339.0	-28.155441284179688	-19.155441284179688	-1.0	
1500676274351	8153481853758	339.98443603515625	-28.0	-19.0	-1.0	
1500676279833	8153501995360	340.0	-27.0	-19.0	-1.0	
1500676279835	8153522136961	340.26422119140625	-26.735763549804688	-18.735763549804688	-1.0	
1500676279910	8153542278563	341.0	-25.595855712890625	-18.0	-1.0	
1500676279912	8153562420165	341.0	-25.0	-18.0	-1.0	
1500676279930	8153582561766	341.0	-25.0	-17.316070556640625	-1.0	
1500676280015	8153602703368	340.1761779785156	-25.823822021484375	-17.0	-1.0	
1500676280028	8153622844969	340.0	-26.0	-17.0	-1.0	
1500676280045	8153642986571	340.0	-27.0	-17.0	-1.0	
1500676280416	8153663128172	339.7547607421875	-27.2452392578125	-17.0	-1.0	
1500676280427	8153683269774	339.0	-28.3851318359375	-17.0	-1.0	
1500676280440	8153703411375	339.0	-29.0	-17.0	-1.0	
1500676280442	8153723552977	339.0	-29.0	-17.0	-1.0	
1500676280447	8153743694579	339.0	-29.804824829101563	-17.804824829101563	-1.0	
1500676280468	8153763836180	339.0	-30.0	-18.0	-1.0	
1500676280482	8153783977782	338.0	-30.0	-17.915374755859375	-1.0	
1500676280510	8153804119383	338.0	-30.0	-17.0	-1.0	
1500676280512	8153824260985	338.0	-30.0	-17.0	-1.0	
1500676280531	8153844402586	338.0	-29.495697021484375	-17.0	-1.0	
1500676280533	8153864544188	338.0	-29.0	-17.0	-1.0	
1500676280534	8153884685790	338.0	-29.0	-17.0	-1.0	
1500676280536	8153904827391	338.0	-29.92559814453125	-17.92559814453125	-1.0	
1500676280542	8153924968993	338.0	-30.0	-18.0	-1.0	
1500676280548	8153945110594	338.0	-30.0	-18.0	-1.0	
1500676280551	8153965252196	338.0	-30.0	-18.345413208007813	-1.0	
1500676280565	8153985393797	338.0	-30.0	-19.0	-1.0	
1500676280566	8154005535399	338.0	-30.0	-19.0	-1.0	
1500676280567	8154025677000	338.0	-30.0	-19.0	-1.0	
1500676280569	8154045818602	338.0	-30.904998779296875	-19.0	-1.0	
1500676280581	8154065960204	338.0	-31.044891357421875	-19.0	-1.0	
1500676280585	8154086101805	338.184814453125	-32.0	-19.0	-1.0	
1500676280587	8154106243407	339.0	-32.0	-19.324691772460938	-1.0	
1500676280591	8154126385008	339.0	-32.0	-20.0	-1.0	
1500676280592	8154146526610	339.0	-32.60621643066406	-20.0	-1.0	
1500676280600	8154166668211	339.0	-33.0	-20.0	-1.0	
1500676280605	8154186809813	339.0	-33.0	-20.886001586914063	-1.0	
1500676280618	8154206951415	339.0	-34.0	-21.0	-1.0	
1500676280619	8154227093016	339.0	-34.0	-21.0	-1.0	
1500676280621	8154247234618	339.0	-34.0	-21.0	-1.0	
1500676280623	8154267376219	339.0	-34.0	-21.0	-1.0	
1500676280623	8154287517821	339.0	-34.0	-21.0	-1.0	
1500676280635	8154307659422	339.0	-34.0	-21.0	-1.0	
1500676280638	8154327801024	339.0	-34.0	-21.0	-1.0	
1500676280642	8154347942625	339.0	-34.0	-21.0	-1.0	
1500676280645	8154368084227	339.0	-34.0	-21.0	-1.0	
1500676280646	8154388225829	339.0	-34.0	-21.0	-1.0	
1500676280654	8154408367430	339.0	-34.0	-21.0	-1.0	
1500676280654	8154428509032	339.0	-34.0	-21.0	-1.0	
1500676280661	8154448650633	339.0	-34.0	-21.0	-1.0	
1500676280665	8154468792235	339.0	-34.0	-21.0	-1.0	
1500676280667	8154488933836	339.0	-34.0	-21.0	-1.0	
1500676280671	8154509075438	339.0	-34.0	-21.0	-1.0	
1500676280673	8154529217040	339.0	-34.0	-21.0	-1.0	
1500676280684	8154549358641	339.0	-34.0	-21.0	-1.0	
1500676280685	8154569500243	339.0	-34.0	-21.0	-1.0	
1500676280687	8154589641844	339.0	-34.0	-21.0	-1.0	
1500676280690	8154609783446	339.0	-34.0	-21.0	-1.0	
1500676280700	8154629925047	339.0	-34.0	-21.0	-1.0	
1500676280704	8154650066649	339.0	-34.0	-21.107070922851563	-1.0	
1500676280706	8154670208250	339.0	-34.0	-22.0	-1.0	
1500676280710	8154690349852	339.0	-34.0	-22.0	-1.0	
1500676280712	8154710491454	339.0	-34.0	-21.473236083984375	-1.0	
1500676280715	8154730633055	339.6666564941406	-34.0	-21.0	-1.0	
1500676280719	8154750774657	340.0	-34.0	-21.0	-1.0	
1500676280724	8154770916258	340.0	-34.0	-21.0	-1.0	
1500676280740	8154791057860	340.0	-34.0	-21.0	-1.0	
1500676280742	8154811199461	340.0	-34.0	-21.0	-1.0	
1500676280745	8154831341063	340.0	-33.63386535644531	-21.0	-1.0	
1500676280747	8154851482665	340.0	-33.0	-21.0	-1.0	
1500676280749	8154871624266	340.0	-33.0	-21.0	-1.0	
1500676280752	8154891765868	340.0	-33.0	-21.0	-1.0	
1500676280755	8154911907469	340.0	-33.0	-21.0	-1.0	
1500676280760	8154932049071	339.0	-33.0	-21.0	-1.0	
1500676280763	8154952190672	339.0	-33.0	-21.0	-1.0	
1500676280765	8154972332274	339.0	-33.0	-21.0	-1.0	
1500676280768	8154992473875	339.0	-33.0	-21.0	-1.0	
1500676280769	8155012615477	339.0	-33.0	-21.0	-1.0	
1500676280772	8155032757079	339.0	-33.0	-21.0	-1.0	
1500676280775	8155052898680	339.0	-33.0	-21.0	-1.0	
1500676280779	8155073040282	339.0	-33.0	-21.0	-1.0	
1500676280790	8155093181883	339.0	-33.0	-21.0	-1.0	
1500676280792	8155113323485	339.0	-33.0	-21.0	-1.0	
1500676280795	8155133465086	339.0	-33.0	-21.0	-1.0	
1500676280797	8155153606688	339.0	-33.0	-21.0	-1.0	
1500676280800	8155173748290	339.0	-33.0	-21.0	-1.0	
1500676280803	8155193889891	339.0	-33.0	-21.0	-1.0	
1500676280807	8155214031493	339.0	-33.0	-21.0	-1.0	
1500676280810	8155234173094	339.0	-33.0	-21.0	-1.0	
1500676280812	8155254314696	339.0	-33.0	-21.0	-1.0	
1500676280815	8155274456297	339.0	-33.44731140136719	-21.0	-1.0	
1500676280817	8155294597899	339.0	-34.0	-21.0	-1.0	
1500676280819	8155314739500	339.0	-34.0	-21.0	-1.0	
1500676280830	8155334881102	339.0	-34.0	-21.0	-1.0	
1500676280833	8155355022704	339.0	-34.0	-21.0	-1.0	
1500676280834	8155375164305	339.0	-34.0	-21.0	-1.0	
1500676280836	8155395305907	339.0	-34.0	-21.0	-1.0	
1500676280837	8155415447508	339.0	-34.0	-21.0	-1.0	
1500676280838	8155435589110	339.0	-34.0	-21.0	-1.0	
1500676280846	8155455730711	339.0	-34.0	-21.0	-1.0	
1500676280848	8155475872313	339.0	-34.0	-21.0	-1.0	
1500676280851	8155496013915	339.0	-34.0	-21.0	-1.0	
1500676280855	8155516155516	339.0	-34.0	-21.0	-1.0	
1500676280858	8155536297118	339.0	-34.0	-21.0	-1.0	
1500676280861	8155556438719	339.0	-34.0	-21.0	-1.0	
1500676280863	8155576580321	339.0	-34.0	-21.0	-1.0	
1500676280872	8155596721922	339.0	-34.0	-21.0	-1.0	
1500676280875	8155616863524	339.0	-34.0	-21.0	-1.0	
1500676280878	8155637005125	339.0	-34.0	-21.0	-1.0	
1500676280882	8155657146727	339.0	-34.108795166015625	-21.0	-1.0	
1500676280885	8155677288329	339.0	-35.0	-21.0	-1.0	
1500676280887	8155697429930	339.0	-35.0	-21.0	-1.0	
1500676280890	8155717571532	339.0	-34.47151184082031	-21.0	-1.0	
1500676280892	8155737713133	339.0	-34.0	-21.0	-1.0	
1500676280902	8155757854735	339.0	-34.0	-21.0	-1.0	
1500676280904	8155777996336	339.0	-34.0	-21.0	-1.0	
1500676280908	8155798137938	339.0	-34.0	-21.0	-1.0	
1500676280911	8155818279540	339.0	-34.0	-21.0	-1.0	
1500676280914	8155838421141	339.0	-33.630401611328125	-20.630401611328125	-1.0	
1500676280916	8155858562743	339.5094909667969	-33.0	-20.0	-1.0	
1500676280919	8155878704344	340.0	-32.350616455078125	-20.0	-1.0	
1500676280921	8155898845946	340.0	-32.0	-20.0	-1.0	
1500676280932	8155918987547	340.0	-31.070816040039063	-19.070816040039063	-1.0	
1500676280937	8155939129149	339.930908203125	-30.930923461914063	-19.0	-1.0	
1500676280939	8155959270750	339.0	-30.0	-19.0	-1.0	
1500676280941	8155979412352	339.0	-30.0	-19.0	-1.0	
1500676280942	8155999553954	339.0	-30.48876953125	-19.0	-1.0	
1500676280943	8156019695555	339.0	-31.0	-19.0	-1.0	
1500676280945	8156039837157	339.0	-31.769882202148438	-19.0	-1.0	
1500676280946	8156059978758	339.0	-32.0	-19.0	-1.0	
1500676280949	8156080120360	340.0	-32.0	-18.0	-1.0	
1500676280950	8156100261961	340.0	-32.0	-18.0	-1.0	
1500676280952	8156120403563	340.0	-31.670135498046875	-18.0	-1.0	
1500676280953	8156140545165	340.0	-31.0	-18.0	-1.0	
1500676280955	8156160686766	340.0	-31.0	-18.0	-1.0	
1500676280956	8156180828368	340.0	-31.0	-18.0	-1.0	
1500676280958	8156200969969	340.0	-31.0	-18.0	-1.0	
1500676280960	8156221111571	340.0	-31.0	-18.0	-1.0	
1500676280961	8156241253172	340.0	-31.0	-18.0	-1.0	
1500676280963	8156261394774	340.0	-31.0	-17.690322875976563	-1.0	
1500676280965	8156281536375	340.0	-31.0	-17.0	-1.0	
1500676280966	8156301677977	340.0	-31.0	-17.0	-1.0	
1500676280967	8156321819579	340.0	-31.0	-17.0	-1.0	
1500676280969	8156341961180	340.0	-31.0	-17.0	-1.0	
1500676280971	8156362102782	340.0	-31.0	-17.0	-1.0	
1500676280973	8156382244383	340.0	-31.0	-17.0	-1.0	
1500676280974	8156402385985	340.0	-31.0	-17.0	-1.0	
1500676280976	8156422527586	340.0	-31.0	-17.0	-1.0	
1500676280977	8156442669188	340.0	-31.0	-17.0	-1.0	
1500676280978	8156462810790	340.0	-31.0	-17.7098388671875	-1.0	
1500676280979	8156482952391	340.0	-31.0	-17.1502685546875	-1.0	
1500676280981	8156503093993	340.0	-31.0	-17.0	-1.0	
1500676280984	8156523235594	340.0	-30.0	-17.0	-1.0	
1500676280986	8156543377196	340.0	-30.0	-17.0	-1.0	
1500676280987	8156563518797	340.0	-30.0	-17.0	-1.0	
1500676280988	8156583660399	340.0	-30.0	-17.0	-1.0	
1500676281021	8156603802000	340.0	-30.0	-17.0	-1.0	
1500676281036	8156623943602	340.0	-30.0	-17.0	-1.0	
1500676281040	8156644085204	340.0	-30.0	-17.0	-1.0	
1500676281043	8156664226805	340.0	-30.0	-17.151290893554688	-1.0	
1500676281047	8156684368407	340.0	-30.299118041992188	-18.0	-1.0	
1500676281050	8156704510008	340.0	-31.0	-18.0	-1.0	
1500676281053	8156724651610	340.0	-31.0	-18.593032836914063	-1.0	
1500676281057	8156744793211	340.0	-31.739578247070313	-19.0	-1.0	
1500676281060	8156764934813	340.0	-32.0	-19.0	-1.0	
1500676281065	8156785076415	340.0	-32.0	-19.0	-1.0	
1500676281070	8156805218016	340.0	-32.0	-19.0	-1.0	
1500676281074	8156825359618	340.0	-32.32868957519531	-19.328689575195313	-1.0	
1500676281077	8156845501219	340.0	-33.0	-20.0	-1.0	
1500676281782	8156865642821	340.0	-33.0	-20.0	-1.0	
1500676281785	8156885784422	339.22955322265625	-33.0	-20.0	-1.0	
1500676281811	8156905926024	339.0	-33.0	-20.0	-1.0	
1500676281816	8156926067625	339.0	-33.0	-21.0	-1.0	
1500676281818	8156946209227	339.0	-33.0	-21.0	-1.0	
1500676281819	8156966350829	339.0	-33.0	-21.0	-1.0	
1500676281821	8156986492430	339.0	-33.0	-21.0	-1.0	
1500676281822	8157006634032	339.0	-33.0	-21.0	-1.0	
1500676281828	8157026775633	338.20001220703125	-33.0	-21.0	-1.0	
1500676281830	8157046917235	338.0	-33.9461669921875	-21.0	-1.0	
1500676281834	8157067058836	338.0	-34.0	-21.09375	-1.0	
1500676281835	8157087200438	338.0	-34.0	-22.0	-1.0	
1500676281841	8157107342040	338.0	-34.0	-22.0	-1.0	
1500676281846	8157127483641	338.0	-34.0	-22.0	-1.0	
1500676281848	8157147625243	338.0	-34.0	-22.0	-1.0	
1500676281860	8157167766844	338.0	-34.0	-22.0	-1.0	
1500676281862	8157187908446	337.0242919921875	-34.0	-22.0	-1.0	
1500676281865	8157208050047	337.0	-34.0	-22.0	-1.0	
1500676281866	8157228191649	337.0	-34.0	-22.0	-1.0	
1500676281871	8157248333250	337.0	-34.0	-22.0	-1.0	
1500676281872	8157268474852	337.564208984375	-34.0	-22.0	-1.0	
1500676281874	8157288616454	338.0	-34.0	-21.2886962890625	-1.0	
1500676281878	8157308758055	338.0	-33.14088439941406	-21.0	-1.0	
1500676281887	8157328899657	338.0	-33.0	-21.0	-1.0	
1500676281889	8157349041258	338.0	-33.0	-21.0	-1.0	
1500676281891	8157369182860	338.0	-33.0	-21.0	-1.0	
1500676281892	8157389324461	338.0	-33.0	-21.0	-1.0	
1500676281893	8157409466063	338.0	-32.40625	-21.0	-1.0	
1500676281896	8157429607665	338.0	-32.0	-21.0	-1.0	
1500676281898	8157449749266	338.0	-32.0	-21.0	-1.0	
1500676281937	8157469890868	338.0	-32.0	-21.0	-1.0	
1500676281940	8157490032469	338.0	-32.0	-21.0	-1.0	
1500676282083	8157510174071	338.0	-32.0	-21.0	-1.0	
1500676282090	8157530315672	338.0	-32.0	-21.0	-1.0	
1500676282091	8157550457274	338.0	-32.0	-21.0	-1.0	
1500676282099	8157570598875	338.0	-32.0	-21.0	-1.0	
1500676282100	8157590740477	338.0	-32.0	-21.0	-1.0	
1500676282108	8157610882079	339.0	-32.0	-21.0	-1.0	
1500676282109	8157631023680	339.0	-32.0	-21.0	-1.0	
1500676282111	8157651165282	339.0	-32.0	-20.640625	-1.0	
1500676282112	8157671306883	339.0	-32.0	-20.0	-1.0	
1500676282113	8157691448485	339.0	-32.0	-20.0	-1.0	
1500676282115	8157711590086	339.0	-32.0	-20.0	-1.0	
1500676282117	8157731731688	339.0	-31.05218505859375	-20.0	-1.0	
1500676282169	8157751873290	339.0	-31.0	-20.0	-1.0	
1500676282170	8157772014891	339.0	-31.0	-20.0	-1.0	
1500676282176	8157792156493	339.0	-30.611114501953125	-20.0	-1.0	
1500676282177	8157812298094	339.53564453125	-30.0	-19.46435546875	-1.0	
1500676282180	8157832439696	340.0	-30.0	-19.0	-1.0	
1500676282182	8157852581297	340.0	-29.170150756835938	-19.0	-1.0	
1500676282188	8157872722899	340.0	-29.0	-19.0	-1.0	
1500676282191	8157892864500	340.0	-28.0	-17.875	-1.0	
1500676282194	8157913006102	340.0	-27.72869873046875	-16.72869873046875	-1.0	
1500676282200	8157933147704	340.0	-26.58160400390625	-16.0	-1.0	
1500676282201	8157953289305	340.0	-26.0	-15.434783935546875	-1.0	
1500676282204	8157973430907	340.0	-25.286956787109375	-13.57391357421875	-1.0	
1500676282206	8157993572508	340.0	-24.140625	-11.28125	-1.0	
1500676282217	8158013714110	339.9930419921875	-22.993057250976563	-9.986114501953125	-1.0	
1500676282219	8158033855711	339.0	-22.0	-7.69097900390625	-1.0	
1500676282221	8158053997313	339.0	-22.0	-5.6991424560546875	-1.0	
1500676282222	8158074138915	339.0	-21.552093505859375	-4.552093505859375	-1.0	
1500676282223	8158094280516	339.0	-21.0	-2.810455322265625	-1.0	
1500676282225	8158114422118	338.25738525390625	-20.257400512695313	-1.2574005126953125	-1.0	
1500676282228	8158134563719	338.0	-19.111114501953125	-0.111114501953125	-1.0	
1500676282231	8158154705321	337.0	-18.963485717773438	1.073028564453125	-1.0	
1500676282233	8158174846922	336.81597900390625	-18.0	3.0	-1.0	
1500676282234	8158194988524	336.0	-17.669570922851563	3.3304290771484375	-1.0	
1500676282237	8158215130125	336.0	-17.0	4.0	-1.0	
1500676282238	8158235271727	335.375	-17.625	4.0	-1.0	
1500676282240	8158255413329	335.0	-18.0	4.0	-1.0	
1500676282389	8158275554930	335.0	-18.0	4.0	-1.0	
1500676284142	8158295696532	335.0	-19.0	3.0	-1.0	
1500676284152	8158315838133	334.7864685058594	-19.0	3.0	-1.0	
1500676284156	8158335979735	334.0	-19.0	3.0	-1.0	
1500676284157	8158356121336	334.0	-19.0	3.0	-1.0	
1500676284159	8158376262938	334.0	-19.0	2.345489501953125	-1.0	
1500676284160	8158396404540	334.0	-19.0	2.0	-1.0	
1500676284169	8158416546141	334.0	-19.0	2.0	-1.0	
1500676284172	8158436687743	334.0	-19.0	2.0	-1.0	
1500676284173	8158456829344	334.0	-19.0	2.0	-1.0	
1500676284174	8158476970946	334.0	-19.0	2.0	-1.0	
1500676284176	8158497112547	334.0	-19.0	2.537384033203125	-1.0	
1500676284178	8158517254149	334.0	-19.0	3.0	-1.0	
1500676284179	8158537395750	334.0	-19.0	3.831298828125	-1.0	
1500676284233	8158557537352	334.0	-19.0	4.0	-1.0	
1500676284332	8158577678954	334.0	-18.874786376953125	5.0	-1.0	
1500676284333	8158597820555	334.0	-18.0	5.2725677490234375	-1.0	
1500676284721	8158617962157	334.0	-18.0	6.0	-1.0	
1500676284723	8158638103758	333.43304443359375	-18.0	6.0	-1.0	
1500676284725	8158658245360	333.0	-18.0	6.0	-1.0	
1500676284728	8158678386961	332.13916015625	-17.139144897460938	6.0	-1.0	
1500676284731	8158698528563	331.9913330078125	-17.0	7.0	-1.0	
1500676284742	8158718670165	331.0	-16.845230102539063	7.1547698974609375	-1.0	
1500676284744	8158738811766	330.69793701171875	-16.0	8.0	-1.0	
1500676284746	8158758953368	330.0	-16.0	8.448684692382813	-1.0	
1500676284747	8158779094969	329.40350341796875	-15.403488159179688	9.0	-1.0	
1500676284753	8158799236571	329.0	-15.0	9.0	-1.0	
1500676284759	8158819378172	329.0	-15.0	9.890426635742188	-1.0	
1500676284762	8158839519774	328.0	-15.0	9.961807250976563	-1.0	
1500676284764	8158859661375	327.815673828125	-15.0	9.0	-1.0	
1500676284765	8158879802977	327.0	-15.0	9.0	-1.0	
1500676284767	8158899944579	327.0	-15.0	9.0	-1.0	
1500676284769	8158920086180	327.0	-15.0	9.626083374023438	-1.0	
1500676284786	8158940227782	326.2274169921875	-15.0	10.0	-1.0	
1500676284788	8158960369383	326.0	-15.0	10.0	-1.0	
1500676284791	8158980510985	325.0	-14.0	11.0	-1.0	
1500676284792	8159000652586	325.0	-13.786087036132813	11.213912963867188	-1.0	
1500676284812	8159020794188	325.0	-13.0	12.361724853515625	-1.0	
1500676284813	8159040935790	324.4913330078125	-12.4913330078125	13.5086669921875	-1.0	
1500676284815	8159061077391	324.0	-11.3443603515625	14.0	-1.0	
1500676284821	8159081218993	324.0	-11.0	14.802078247070313	-1.0	
1500676284823	8159101360594	324.0	-10.050445556640625	15.949554443359375	-1.0	
1500676284825	8159121502196	325.0	-10.0	15.902786254882813	-1.0	
1500676284830	8159141643797	325.24346923828125	-10.0	15.0	-1.0	
1500676284840	8159161785399	326.39129638671875	-10.39129638671875	14.60870361328125	-1.0	
1500676284841	8159181927000	327.5382080078125	-11.538192749023438	12.923614501953125	-1.0	
1500676284843	8159202068602	328.0	-12.685211181640625	11.314788818359375	-1.0	
1500676284863	8159222210204	328.8330383300781	-13.833038330078125	9.33392333984375	-1.0	
1500676284865	8159242351805	329.9791564941406	-14.979156494140625	7.04168701171875	-1.0	
1500676284868	8159262493407	330.0	-16.126724243164063	5.8732757568359375	-1.0	
1500676284873	8159282635008	330.2730407714844	-17.273040771484375	4.726959228515625	-1.0	
1500676284880	8159302776610	331.0	-18.420867919921875	3.579132080078125	-1.0	
1500676284881	8159322918211	331.0	-19.0	2.4322967529296875	-1.0	
1500676284882	8159343059813	331.0	-19.0	1.2852325439453125	-1.0	
1500676284884	8159363201415	331.0	-19.862594604492188	1.0	-1.0	
1500676284894	8159383343016	330.0	-20.0	0.0	-1.0	
1500676284896	8159403484618	330.0	-19.84375	0.0	-1.0	
1500676284897	8159423626219	330.0	-19.0	0.3025970458984375	-1.0	
1500676284899	8159443767821	329.549560546875	-18.549575805664063	1.0	-1.0	
1500676284901	8159463909422	329.0	-18.0	1.0	-1.0	
1500676284903	8159484051024	329.0	-18.0	1.7443389892578125	-1.0	
1500676284912	8159504192625	329.0	-17.110931396484375	2.0	-1.0	
1500676284916	8159524334227	329.0	-17.0	2.029296875	-1.0	
1500676284919	8159544475829	329.16754150390625	-17.0	3.0	-1.0	
1500676284927	8159564617430	330.0	-17.0	3.0	-1.0	
1500676284930	8159584759032	330.0	-17.0	3.0	-1.0	
1500676284932	8159604900633	330.0	-17.0	3.0	-1.0	
1500676284935	8159625042235	330.0	-17.0	3.0	-1.0	
1500676284939	8159645183836	330.0	-17.0	3.0	-1.0	
1500676284962	8159665325438	331.0	-17.0	3.0	-1.0	
1500676284963	8159685467040	331.0	-17.145065307617188	3.0	-1.0	
1500676284966	8159705608641	331.0	-18.0	3.0	-1.0	
1500676284969	8159725750243	331.0	-18.0	3.0	-1.0	
1500676284980	8159745891844	331.0	-18.0	3.0	-1.0	
1500676284983	8159766033446	331.0	-18.0	3.0	-1.0	
1500676284985	8159786175047	331.0	-18.0	2.1554412841796875	-1.0	
1500676285001	8159806316649	331.0	-18.0	2.0	-1.0	
1500676285006	8159826458250	332.0	-18.0	2.0	-1.0	
1500676285012	8159846599852	332.0	-18.0	2.0	-1.0	
1500676285014	8159866741454	332.0	-18.0	2.0	-1.0	
1500676285015	8159886883055	332.0	-18.0	2.0	-1.0	
1500676285016	8159907024657	332.0	-18.0	2.0	-1.0	
1500676285026	8159927166258	332.0	-18.0	1.1793212890625	-1.0	
1500676285027	8159947307860	332.0	-18.0	1.0	-1.0	
1500676285030	8159967449461	332.0	-18.0	1.0	-1.0	
1500676285032	8159987591063	332.0	-18.0	1.0	-1.0	
1500676285038	8160007732665	332.0	-18.0	1.0	-1.0	
1500676285040	8160027874266	332.0	-18.0	1.0	-1.0	
1500676285042	8160048015868	332.0	-18.0	1.0	-1.0	
1500676285044	8160068157469	332.0	-17.20208740234375	1.0	-1.0	
1500676285045	8160088299071	332.0	-17.0	1.0	-1.0	
1500676285049	8160108440672	332.0	-17.0	0.0	-1.0	
1500676285050	8160128582274	332.21759033203125	-17.0	0.0	-1.0	
1500676285052	8160148723875	333.0	-17.0	0.0	-1.0	
1500676285054	8160168865477	333.0	-17.0	0.0	-1.0	
1500676285055	8160189007079	333.0	-17.0	0.0	-1.0	
1500676285056	8160209148680	333.0	-17.0	0.0	-1.0	
1500676285059	8160229290282	333.0	-17.0	-0.9153594970703125	-1.0	
1500676285062	8160249431883	333.0	-17.0	-1.0	-1.0	
1500676285064	8160269573485	333.0	-17.0	-1.0	-1.0	
1500676285065	8160289715086	333.0	-17.0	-1.0	-1.0	
1500676285069	8160309856688	333.0	-17.0	-1.0	-1.0	
1500676285069	8160329998290	333.0	-17.0	-1.0	-1.0	
1500676285110	8160350139891	333.0	-17.0	-1.0	-1.0	
1500676285112	8160370281493	333.0	-17.0	-0.107086181640625	-1.0	
1500676285114	8160390423094	333.0	-17.0	0.0	-1.0	
1500676285116	8160410564696	333.0	-17.0	0.0	-1.0	
1500676285116	8160430706297	333.0	-17.0	0.0	-1.0	
1500676285118	8160450847899	333.0	-17.0	0.0	-1.0	
1500676285119	8160470989500	333.0	-17.0	0.0	-1.0	
1500676285130	8160491131102	333.0	-16.269439697265625	0.0	-1.0	
1500676285132	8160511272704	333.0	-16.0	0.0	-1.0	
1500676285134	8160531414305	333.0	-16.0	0.0	-1.0	
1500676285135	8160551555907	333.0	-16.0	0.0	-1.0	
1500676285140	8160571697508	333.0	-16.0	0.0	-1.0	
1500676285142	8160591839110	333.0	-16.0	0.0	-1.0	
1500676285142	8160611980711	333.0	-16.0	0.0	-1.0	
1500676285144	8160632122313	333.0	-16.0	0.0	-1.0	
1500676285146	8160652263915	333.0	-16.0	0.0	-1.0	
1500676285150	8160672405516	333.0	-16.0	0.0	-1.0	
1500676285152	8160692547118	333.0	-16.0	0.0	-1.0	
1500676285154	8160712688719	333.0	-16.0	0.0	-1.0	
1500676285155	8160732830321	333.0	-16.405868530273438	0.0	-1.0	
1500676285156	8160752971922	333.0	-16.454238891601563	0.0	-1.0	
1500676285171	8160773113524	333.0	-16.0	0.0	-1.0	
1500676285172	8160793255125	333.0	-16.0	0.0	-1.0	
1500676285176	8160813396727	333.0	-16.0	0.0	-1.0	
1500676285181	8160833538329	333.0	-16.0	0.0	-1.0	
1500676285182	8160853679930	333.0	-16.0	0.0	-1.0	
1500676285184	8160873821532	333.0	-16.0	0.0	-1.0	
1500676285184	8160893963133	333.0	-16.0	0.0	-1.0	
1500676285186	8160914104735	333.0	-16.0	0.0	-1.0	
1500676285188	8160934246336	333.0	-16.0	0.0	-1.0	
1500676285194	8160954387938	333.0	-16.0	0.0	-1.0	
1500676285197	8160974529540	333.0	-16.0	0.0	-1.0	
1500676285198	8160994671141	333.0	-16.0	0.0	-1.0	
1500676285200	8161014812743	333.0	-16.0	0.0	-1.0	
1500676285201	8161034954344	333.0	-16.0	0.0	-1.0	
1500676285202	8161055095946	333.0	-16.0	0.6407470703125	-1.0	
1500676285208	8161075237547	333.0	-16.0	1.0	-1.0	
1500676285210	8161095379149	333.0	-16.0	1.0	-1.0	
1500676285212	8161115520750	333.0	-15.9412841796875	1.0	-1.0	
1500676285214	8161135662352	332.8013916015625	-15.0	1.0	-1.0	
1500676285220	8161155803954	332.0	-15.0	1.0	-1.0	
1500676285225	8161175945555	332.0	-15.0	1.4784088134765625	-1.0	
1500676285227	8161196087157	332.0	-15.0	2.0	-1.0	
1500676285231	8161216228758	332.0	-14.243118286132813	2.0	-1.0	
1500676285232	8161236370360	332.0	-14.0	2.8963623046875	-1.0	
1500676285238	8161256511961	331.0	-14.0	3.0	-1.0	
1500676285239	8161276653563	331.0	-14.0	3.0	-1.0	
1500676285240	8161296795165	331.0	-14.0	3.0	-1.0	
1500676285242	8161316936766	331.0	-14.0	3.0	-1.0	
1500676285243	8161337078368	330.4051818847656	-14.0	3.0	-1.0	
1500676285244	8161357230858	330.0	-14.0	2.2659759521484375	-1.0	
1500676285246	8161377372460	330.0	-14.0	2.0	-1.0	
1500676285248	8161397514061	330.0	-14.013809204101563	2.0	-1.0	
1500676285250	8161417655663	330.0	-15.0	2.0	-1.0	
1500676285251	8161437797264	329.7063903808594	-15.0	2.0	-1.0	
1500676285253	8161457938866	329.0	-14.567245483398438	2.0	-1.0	
1500676285254	8161478080468	329.0	-14.0	2.0	-1.0	
1500676285255	8161498222069	329.0	-14.0	2.0	-1.0	
1500676285257	8161518363671	329.0	-14.0	2.0	-1.0	
1500676285258	8161538505272	329.0	-14.0	2.0	-1.0	
1500676285260	8161558646874	328.0	-14.0	2.0	-1.0	
1500676285262	8161578788475	328.0	-14.271148681640625	1.728851318359375	-1.0	
1500676285356	8161598930077	328.0	-15.0	1.0	-1.0	
1500676285357	8161619071679	328.0	-15.0	0.4507904052734375	-1.0	
1500676285359	8161639213280	328.0	-15.689117431640625	0.0	-1.0	
1500676285362	8161659354882	328.0	-16.0	0.0	-1.0	
1500676285401	8161679496483	327.0310974121094	-16.0	-0.968902587890625	-1.0	
1500676285505	8161699638085	327.0	-16.891204833984375	-2.0	-1.0	
1500676285507	8161719779686	327.0	-16.0	-2.0	-1.0	
1500676285650	8161739921288	327.0	-16.0	-2.0	-1.0	
1500676285652	8161760062889	327.0	-16.0	-2.0	-1.0	
1500676285653	8161780204491	327.0	-16.0	-2.0	-1.0	
1500676285655	8161800346093	327.0	-15.193450927734375	-2.0	-1.0	
1500676285656	8161820487694	327.0	-15.0	-2.0	-1.0	
1500676285662	8161840629296	328.0	-14.913803100585938	-2.0	-1.0	
1500676285664	8161860770897	328.0	-14.0	-2.0	-1.0	
1500676285666	8161880912499	328.0	-13.635589599609375	-2.0	-1.0	
1500676285667	8161901054100	328.0	-13.0	-2.0	-1.0	
1500676285669	8161921195702	328.0	-12.355789184570313	-2.6442108154296875	-1.0	
1500676285671	8161941337304	328.0	-12.0	-3.0	-1.0	
1500676285673	8161961478905	328.0	-12.0	-3.9239959716796875	-1.0	
1500676285684	8161981620507	328.0	-12.0	-4.0	-1.0	
1500676285688	8162001762108	328.0	-12.0	-4.0	-1.0	
1500676285690	8162021903710	328.0	-12.0	-4.0	-1.0	
1500676285692	8162042045311	328.0	-12.0	-3.5181427001953125	-1.0	
1500676285701	8162062186913	328.62176513671875	-12.0	-3.0	-1.0	
1500676285702	8162082328514	329.0	-12.0	-2.23834228515625	-1.0	
1500676285704	8162102470116	329.0	-12.0	-2.0	-1.0	
1500676285707	8162122611718	329.0	-12.0	-2.0	-1.0	
1500676285709	8162142753319	328.82037353515625	-12.0	-2.0	-1.0	
1500676285711	8162162894921	328.0	-12.0	-2.0	-1.0	
1500676285712	8162183036522	328.0	-12.0	-2.0	-1.0	
1500676285713	8162203178124	328.0	-12.0	-2.0	-1.0	
1500676285715	8162223319725	328.0	-12.0	-2.0	-1.0	
1500676285716	8162243461327	328.8775634765625	-12.0	-2.0	-1.0	
1500676285720	8162263602929	329.0	-12.0	-1.9827423095703125	-1.0	
1500676285727	8162283744530	329.0	-12.0	-1.0	-1.0	
1500676285729	8162303886132	329.0	-12.0	-1.0	-1.0	
1500676285731	8162324027733	329.0	-12.0	-1.0	-1.0	
1500676285732	8162344169335	329.0	-12.0	-1.0	-1.0	
1500676285734	8162364310936	329.0	-12.0	-1.0	-1.0	
1500676285736	8162384452538	329.0	-12.0	-1.0	-1.0	
1500676285737	8162404594139	329.0	-12.0	-1.0	-1.0	
1500676285745	8162424735741	329.0	-12.0	-1.0	-1.0	
1500676285747	8162444877343	329.0	-12.0	-1.0	-1.0	
1500676285748	8162465018944	329.0	-12.0	-1.0	-1.0	
1500676285749	8162485160546	329.0	-12.0	-1.0	-1.0	
1500676285751	8162505302147	329.0	-12.0	-1.0	-1.0	
1500676285753	8162525443749	329.0	-12.0	-1.83245849609375	-1.0	
1500676285757	8162545585350	329.0	-12.0	-2.0	-1.0	
1500676285760	8162565726952	329.0	-12.0	-2.0	-1.0	
1500676285762	8162585868554	329.0	-12.0	-2.0	-1.0	
1500676285764	8162606010155	329.0	-12.0	-2.0	-1.0	
1500676285767	8162626151757	329.0	-12.0	-2.0	-1.0	
1500676285768	8162646293358	329.0	-12.0	-2.0	-1.0	
1500676285771	8162666434960	329.0	-12.0	-2.0	-1.0	
1500676285776	8162686576561	329.0	-12.0	-1.0500946044921875	-1.0	
1500676285778	8162706718163	329.0	-12.0	-1.0	-1.0	
1500676285780	8162726859764	329.0	-12.0	-0.770294189453125	-1.0	
1500676285782	8162747001366	329.0	-12.0	0.0	-1.0	
1500676285789	8162767142968	329.0	-12.0	0.0	-1.0	
1500676285791	8162787284569	329.0	-12.0	0.0	-1.0	
1500676285793	8162807426171	329.0	-11.212448120117188	0.0	-1.0	
1500676285794	8162827567772	329.0	-11.0	0.0	-1.0	
1500676285797	8162847709374	329.0	-11.0	1.0	-1.0	
1500676285799	8162867850975	329.0	-11.0	1.0	-1.0	
1500676285801	8162887992577	329.0	-11.0	1.3465423583984375	-1.0	
1500676285806	8162908134179	329.0	-11.0	2.0	-1.0	
1500676285807	8162928275780	329.0	-11.0	2.0	-1.0	
1500676285809	8162948417382	329.0	-11.0	2.0	-1.0	
1500676285812	8162968558983	329.0	-11.0	2.0	-1.0	
1500676285814	8162988700585	329.0448913574219	-11.0	1.0	-1.0	
1500676285816	8163008842186	330.0	-11.0	1.0	-1.0	
1500676285817	8163028983788	330.0	-11.0	0.677032470703125	-1.0	
1500676285824	8163049125389	329.5371398925781	-11.0	0.0	-1.0	
1500676285826	8163069266991	329.0	-11.0	0.0	-1.0	
1500676285827	8163089408593	329.0	-11.742645263671875	0.0	-1.0	
1500676285829	8163109550194	329.0	-12.0	0.0	-1.0	
1500676285832	8163129691796	329.0	-12.0	0.0	-1.0	
1500676285834	8163149833397	329.0	-12.0	0.0	-1.0	
1500676285846	8163169974999	329.0	-11.686416625976563	0.0	-1.0	
1500676285848	8163190116600	329.0	-11.0	0.0	-1.0	
1500676285849	8163210258202	329.0	-11.0	0.0	-1.0	
1500676285851	8163230399804	329.0	-11.0	0.7630615234375	-1.0	
1500676285852	8163250541405	329.0	-11.0	1.0	-1.0	
1500676285855	8163270683007	329.0	-11.0	2.0	-1.0	
1500676285860	8163290824608	329.0	-11.0	2.0	-1.0	
1500676285862	8163310966210	329.0	-11.0	2.0	-1.0	
1500676285863	8163331107811	329.0	-11.0	2.0	-1.0	
1500676285865	8163351249413	329.0	-11.0	2.0	-1.0	
1500676285868	8163371391014	329.0	-11.0	2.0	-1.0	
1500676285870	8163391532616	329.0	-11.0	2.0	-1.0	
1500676285877	8163411674218	329.0	-11.0	2.0	-1.0	
1500676285878	8163431815819	329.0	-11.0	2.0	-1.0	
1500676285880	8163451957421	329.0	-11.0	2.0	-1.0	
1500676285881	8163472099022	329.0	-11.0	2.0	-1.0	
1500676285883	8163492240624	329.0	-11.0	2.0	-1.0	
1500676285884	8163512382225	329.0	-11.0	2.0	-1.0	
1500676285891	8163532523827	329.0	-11.0	3.0	-1.0	
1500676285892	8163552665429	329.0	-11.0	3.0	-1.0	
1500676285893	8163572807030	329.0	-11.0	3.0	-1.0	
1500676285895	8163592948632	329.0	-11.0	3.0	-1.0	
1500676285896	8163613090233	329.0	-10.386764526367188	2.3867645263671875	-1.0	
1500676285899	8163633231835	329.0	-10.7630615234375	2.0	-1.0	
1500676285900	8163653373436	329.0	-11.0	2.0	-1.0	
1500676285905	8163673515038	329.0	-11.0	0.937286376953125	-1.0	
1500676285907	8163693656639	328.7874755859375	-11.212539672851563	0.0	-1.0	
1500676285910	8163713798241	328.0	-12.0	-0.36236572265625	-1.0	
1500676285911	8163733939843	328.0	-12.512191772460938	-2.024383544921875	-1.0	
1500676285913	8163754081444	328.0	-13.662017822265625	-3.662017822265625	-1.0	
1500676285917	8163774223046	328.0	-14.811843872070313	-5.623687744140625	-1.0	
1500676285918	8163794364647	328.0	-15.963348388671875	-7.92669677734375	-1.0	
1500676285921	8163814506249	329.0	-18.113235473632813	-9.226470947265625	-1.0	
1500676285926	8163834647850	329.0	-19.2630615234375	-11.526123046875	-1.0	
1500676285927	8163854789452	329.0	-20.825775146484375	-13.412887573242188	-1.0	
1500676285928	8163874931054	329.0	-22.562713623046875	-15.12542724609375	-1.0	
1500676285930	8163895072655	329.0	-24.425079345703125	-16.712539672851563	-1.0	
1500676285934	8163915214257	329.0	-25.86236572265625	-17.86236572265625	-1.0	
1500676285937	8163935355858	328.98779296875	-27.0	-19.0	-1.0	
1500676285939	8163955497460	328.0	-27.0	-19.162017822265625	-1.0	
1500676285992	8163975639061	328.0	-27.3123779296875	-20.0	-1.0	
1500676285994	8163995780663	328.4634094238281	-28.0	-20.0	-1.0	
1500676286044	8164015922264	329.0	-28.0	-20.0	-1.0	
1500676286047	8164036063866	328.2369384765625	-28.0	-20.7630615234375	-1.0	
1500676286488	8164056205468	328.0	-28.912887573242188	-21.0	-1.0	
1500676286500	8164076347069	328.0	-29.0	-21.062713623046875	-1.0	
1500676286576	8164096488671	328.0	-29.212539672851563	-22.0	-1.0	
1500676286578	8164116630272	328.0	-30.0	-22.0	-1.0	
1500676286579	8164136771874	328.51220703125	-30.0	-22.0	-1.0	
1500676286581	8164156913475	329.0	-30.0	-21.337982177734375	-1.0	
1500676286582	8164177055077	329.0	-29.188156127929688	-21.0	-1.0	
1500676286592	8164197196679	329.9633483886719	-29.0	-20.036651611328125	-1.0	
1500676286596	8164217338280	330.0	-27.886764526367188	-19.886764526367188	-1.0	
1500676286597	8164237479882	330.2630615234375	-26.7369384765625	-18.7369384765625	-1.0	
1500676286599	8164257621483	331.0	-25.587112426757813	-17.587112426757813	-1.0	
1500676286599	8164277763085	331.0	-24.437286376953125	-17.0	-1.0	
1500676286602	8164297904686	331.7125244140625	-23.287460327148438	-16.287460327148438	-1.0	
1500676286603	8164318046288	332.0	-22.13763427734375	-14.2752685546875	-1.0	
1500676286621	8164338187889	332.01220703125	-20.987808227539063	-12.987808227539063	-1.0	
1500676286622	8164358329491	333.0	-19.837982177734375	-11.67596435546875	-1.0	
1500676286624	8164378471093	333.0	-18.688156127929688	-9.688156127929688	-1.0	
1500676286626	8164398612694	333.0	-18.0	-8.53753662109375	-1.0	
1500676286626	8164418754296	333.0	-17.386764526367188	-7.3867645263671875	-1.0	
1500676286628	8164438895897	333.0	-17.0	-6.2369384765625	-1.0	
1500676286629	8164459037499	333.0	-16.087112426757813	-6.0	-1.0	
1500676286683	8164479179100	333.0	-16.0	-6.0	-1.0	
1500676286685	8164499320702	333.0	-16.0	-6.0	-1.0	
1500676286687	8164519462304	333.0	-16.0	-6.0	-1.0	
1500676286708	8164539603905	333.0	-16.0	-6.0	-1.0	
1500676286720	8164559745507	333.0	-16.0	-5.337982177734375	-1.0	
1500676286721	8164579887108	333.0	-16.0	-5.0	-1.0	
1500676286725	8164600028710	333.0	-16.0	-5.0	-1.0	
1500676286728	8164620170311	333.0	-15.0	-4.0	-1.0	
1500676286730	8164640311913	333.0	-15.0	-3.7369384765625	-1.0	
1500676286731	8164660453514	333.0	-14.587112426757813	-2.5871124267578125	-1.0	
1500676286732	8164680595116	333.0	-14.0	-2.0	-1.0	
1500676286734	8164700736718	333.0	-14.0	-1.2874603271484375	-1.0	
1500676286735	8164720878319	333.0	-14.0	-0.13763427734375	-1.0	
1500676286738	8164741019921	332.0	-12.987808227539063	1.0121917724609375	-1.0	
1500676286739	8164761161522	332.0	-12.0	2.32403564453125	-1.0	
1500676286748	8164781303124	332.0	-11.688156127929688	4.3118438720703125	-1.0	
1500676286750	8164801444725	332.0	-11.0	5.461669921875	-1.0	
1500676286753	8164821586327	332.0	-11.0	6.6125640869140625	-1.0	
1500676286754	8164841727929	332.0	-11.0	7.0	-1.0	
1500676286756	8164861869530	332.0	-11.0	7.0	-1.0	
1500676286761	8164882011132	332.0	-11.0	7.0	-1.0	
1500676286770	8164902152733	332.0	-11.0	6.8590850830078125	-1.0	
1500676286771	8164922294335	332.0	-11.0	5.738983154296875	-1.0	
1500676286772	8164942435936	332.0	-11.0	4.6197052001953125	-1.0	
1500676286774	8164962577538	332.0	-11.500839233398438	3.4991607666015625	-1.0	
1500676286775	8164982719139	332.0	-12.0	2.379669189453125	-1.0	
1500676286776	8165002860741	332.0	-12.0	1.259765625	-1.0	
1500676286778	8165023002343	332.0	-12.86077880859375	1.0	-1.0	
1500676286779	8165043143944	332.0	-13.0	0.0203399658203125	-1.0	
1500676286782	8165063285546	332.0	-13.0	0.0	-1.0	
1500676286784	8165083427147	332.0	-13.0	0.0	-1.0	
1500676286792	8165103568749	332.0	-13.0	0.0	-1.0	
1500676286794	8165123710350	332.0	-13.0	0.459320068359375	-1.0	
1500676286795	8165143851952	332.0	-13.0	1.0	-1.0	
1500676286796	8165163993554	332.0	-13.0	1.0	-1.0	
1500676286798	8165184135155	332.0	-13.818328857421875	1.0	-1.0	
1500676286811	8165204276757	332.0	-14.0	1.0	-1.0	
1500676286814	8165224418358	332.0	-14.0	1.0	-1.0	
1500676286816	8165244559960	332.0	-14.0	1.0	-1.0	
1500676286817	8165264701561	332.0	-14.0	1.0	-1.0	
1500676286819	8165284843163	332.0	-14.0	1.0	-1.0	
1500676286821	8165304984764	332.0	-14.0	1.0	-1.0	
1500676286822	8165325126366	332.0	-14.65704345703125	1.0	-1.0	
1500676286824	8165345267968	332.777587890625	-15.0	1.0	-1.0	
1500676286826	8165365409569	333.0	-15.0	1.0	-1.0	
1500676286829	8165385551171	333.0	-16.0	1.0	-1.0	
1500676286841	8165405692772	333.0	-16.17132568359375	1.0	-1.0	
1500676286842	8165425834374	333.0	-17.324600219726563	1.0	-1.0	
1500676286844	8165445975975	333.4772644042969	-18.0	1.0	-1.0	
1500676286845	8165466117577	334.0	-18.6300048828125	1.6300048828125	-1.0	
1500676286866	8165486259179	334.0	-19.0	2.0	-1.0	
1500676286869	8165506400780	334.0	-19.0	1.0645751953125	-1.0	
1500676286882	8165526542382	334.0	-20.0	1.0	-1.0	
1500676286884	8165546683983	334.0	-20.0	1.0	-1.0	
1500676286887	8165566825585	334.0	-20.0	1.0	-1.0	
1500676286888	8165586967186	334.0	-20.0	1.0	-1.0	
1500676286960	8165607108788	334.0	-20.701034545898438	1.0	-1.0	
1500676286962	8165627250389	334.0	-21.0	1.0	-1.0	
1500676286974	8165647391991	334.0	-21.0	1.0	-1.0	
1500676286975	8165667533593	334.0	-21.0	1.0	-1.0	
1500676286977	8165687675194	334.0	-21.3123779296875	1.0	-1.0	
1500676286979	8165707816796	334.0	-22.0	1.0	-1.0	
1500676286983	8165727958397	334.0	-22.0	1.0	-1.0	
1500676286985	8165748099999	334.0	-22.0	1.0	-1.0	
1500676286987	8165768241600	334.0	-22.0	1.0	-1.0	
1500676287034	8165788383202	334.0	-22.0	1.0	-1.0	
1500676287035	8165808524804	334.0	-22.0	1.0	-1.0	
1500676287037	8165828666405	334.0	-22.382858276367188	1.0	-1.0	
1500676287048	8165848808007	334.0	-23.0	1.0	-1.0	
1500676287050	8165868949608	334.0	-23.0	1.0	-1.0	
1500676287055	8165889091210	334.0	-23.0	1.0	-1.0	
1500676287065	8165909232811	334.0	-23.0	1.0	-1.0	
1500676287068	8165929374413	334.0	-23.0	1.0	-1.0	
1500676287070	8165949516014	334.0	-23.0	1.0	-1.0	
1500676287071	8165969657616	334.0	-23.0	1.0	-1.0	
1500676287072	8165989799218	334.0	-23.0	1.0	-1.0	
1500676287074	8166009940819	334.0	-23.0	1.0	-1.0	
1500676287075	8166030082421	334.0	-23.0	1.0	-1.0	
1500676287078	8166050224022	334.0	-23.0	1.0	-1.0	
1500676288554	8166070365624	334.0	-23.0	1.0	-1.0	
1500676288757	8166090507225	334.0	-23.0	1.0	-1.0	
1500676288760	8166110648827	334.0	-23.0	1.0	-1.0	
1500676288779	8166130790429	334.0	-23.0	1.0	-1.0	
1500676288803	8166150932030	334.0	-23.0	1.0	-1.0	
1500676288845	8166171073632	334.0	-23.0	1.0	-1.0	
1500676288858	8166191215233	334.0	-23.0	1.0	-1.0	
1500676288870	8166211356835	334.0	-23.0	1.0	-1.0	
1500676288875	8166231498436	334.0	-23.0	1.0	-1.0	
1500676288880	8166251640038	334.0	-23.0	1.0	-1.0	
1500676288882	8166271781639	333.2530517578125	-23.0	1.0	-1.0	
1500676288890	8166291923241	333.0	-23.0	1.0	-1.0	
1500676288901	8166312064843	333.0	-23.0	1.0	-1.0	
1500676288907	8166332206444	333.0	-23.0	1.0	-1.0	
1500676288920	8166352348046	333.0	-23.0	1.0	-1.0	
1500676288922	8166372489647	333.0	-23.0	1.0	-1.0	
1500676288924	8166392631249	333.0	-23.0	1.0	-1.0	
1500676288933	8166412772850	333.0	-23.0	1.0	-1.0	
1500676288935	8166432914452	333.97027587890625	-23.0	1.0	-1.0	
1500676288944	8166453056054	333.0	-23.0	1.0	-1.0	
1500676288996	8166473197655	333.0	-23.0	1.0	-1.0	
1500676289001	8166493339257	333.0	-23.0	1.0	-1.0	
1500676289003	8166513480858	333.0	-23.0	1.0	-1.0	
1500676289005	8166533622460	333.7347412109375	-23.0	1.0	-1.0	
1500676289016	8166553764061	334.0	-23.0	1.8881072998046875	-1.0	
1500676290413	8166573905663	334.0	-23.0	2.0	-1.0	
1500676290417	8166594047264	333.8062744140625	-23.0	2.0	-1.0	
1500676290900	8166614188866	333.34613037109375	-23.346145629882813	2.0	-1.0	
1500676296415	8166634330468	334.0	-24.0	2.0	-1.0	
1500676297030	8166654472069	334.0	-24.0	2.0	-1.0	
1500676297032	8166674613671	334.0	-24.0	2.0	-1.0	
1500676297069	8166694755272	334.0	-24.0	2.0	-1.0	
1500676297230	8166714896874	334.0	-24.0	2.0	-1.0	
1500676297235	8166735038475	334.0	-24.0	2.0	-1.0	
1500676297337	8166755180077	334.0	-24.0	2.0	-1.0	
1500676297402	8166775321679	333.6372985839844	-24.0	1.637298583984375	-1.0	
1500676297403	8166795463280	333.0	-24.0	1.0	-1.0	
1500676297411	8166815604882	333.0	-24.0	1.0	-1.0	
1500676297421	8166835746483	333.0	-24.0	1.0	-1.0	
1500676297424	8166855888085	333.0	-24.0	1.0	-1.0	
1500676297426	8166876029686	333.0	-24.959243774414063	1.0	-1.0	
1500676297446	8166896171288	333.0	-25.0	1.0	-1.0	
1500676297448	8166916312889	333.0	-25.0	1.0	-1.0	
1500676297452	8166936454491	333.0	-25.0	1.0	-1.0	
1500676297456	8166956596093	333.0	-25.0	0.5644073486328125	-1.0	
1500676297462	8166976737694	333.0	-25.0	0.0	-1.0	
1500676297469	8166996879296	333.0	-25.0	0.0	-1.0	
1500676297476	8167017020897	333.0	-25.792861938476563	0.0	-1.0	
1500676297478	8167037162499	333.0	-26.0	0.0	-1.0	
1500676297482	8167057304100	332.969482421875	-26.0	-0.0305023193359375	-1.0	
1500676297483	8167077445702	332.0	-26.0	-1.1493988037109375	-1.0	
1500676297485	8167097587304	332.0	-26.269485473632813	-2.2694854736328125	-1.0	
1500676297486	8167117728905	332.0	-27.38812255859375	-2.61187744140625	-1.0	
1500676297487	8167137870507	332.0	-28.0	-2.0	-1.0	
1500676297488	8167158012108	332.0	-28.0	-2.0	-1.0	
1500676297490	8167178153710	332.0	-27.236114501953125	-1.236114501953125	-1.0	
1500676297492	8167198295311	331.09027099609375	-27.0	-1.0	-1.0	
1500676297494	8167218436913	331.0555419921875	-26.0	-1.0	-1.0	
1500676297496	8167238578514	332.0	-26.0	-1.0	-1.0	
1500676297497	8167258720116	332.0	-26.0	-1.0	-1.0	
1500676297499	8167278861718	331.5069580078125	-26.0	-1.0	-1.0	
1500676297500	8167299003319	331.0	-26.0	-1.0	-1.0	
1500676297501	8167319144921	331.0	-26.0	-1.0	-1.0	
1500676297503	8167339286522	331.0	-26.9305419921875	-1.0	-1.0	
1500676297506	8167359428124	332.0	-27.0	-1.0	-1.0	
1500676297508	8167379569725	332.0	-27.0	-1.0	-1.0	
1500676297932	8167399711327	332.0	-27.0	-1.0	-1.0	
1500676298407	8167419852929	332.0	-27.0	-1.0	-1.0	
1500676298418	8167439994530	332.0	-26.340286254882813	-1.0	-1.0	
1500676298608	8167460136132	332.0	-26.0	-1.0	-1.0	
1500676298620	8167480277733	332.0	-26.0	-1.951385498046875	-1.0	
1500676298628	8167500419335	332.0	-26.0	-2.0	-1.0	
1500676299061	8167520560936	332.0	-26.0	-2.0	-1.0	
1500676299063	8167540702538	332.0	-26.388885498046875	-2.0	-1.0	
1500676299103	8167560844139	332.0	-27.0	-2.0	-1.0	
1500676299114	8167580985741	331.3194580078125	-27.0	-2.0	-1.0	
1500676299662	8167601127343	331.0	-27.0	-2.0	-1.0	
1500676299671	8167621268944	331.0	-27.0	-2.0	-1.0	
1500676299721	8167641410546	331.0	-27.0	-2.0	-1.0	
1500676300041	8167661552147	331.0	-27.0	-2.0	-1.0	
1500676300043	8167681693749	331.0	-27.0	-2.0	-1.0	
1500676300859	8167701835350	331.0	-27.0	-2.0	-1.0	
1500676300863	8167721976952	331.0	-26.298614501953125	-2.0	-1.0	
1500676300997	8167742118554	331.84722900390625	-26.0	-2.0	-1.0	
1500676301147	8167762260155	332.0	-26.0	-2.0	-1.0	
1500676301151	8167782401757	332.0	-25.861114501953125	-1.861114501953125	-1.0	
1500676301154	8167802543358	332.0	-25.0	-1.0	-1.0	
1500676301483	8167822684960	332.0	-25.0	-1.0	-1.0	
1500676301485	8167842826561	332.0	-25.0	-1.0	-1.0	
1500676301696	8167862968163	332.0	-25.722213745117188	-1.0	-1.0	
1500676301701	8167883109764	332.0	-26.0	-1.0	-1.0	
1500676302183	8167903251366	332.0	-26.0	-1.0	-1.0	
1500676302184	8167923392968	332.0	-26.0	-1.0	-1.0	
1500676302830	8167943534569	332.0	-25.6944580078125	-1.0	-1.0	
1500676302838	8167963676171	332.0	-25.0	-1.0	-1.0	
1500676302841	8167983817772	332.0	-25.0	-1.0	-1.0	
1500676302842	8168003959374	332.0	-25.0	-1.0	-1.0	
1500676302844	8168024100975	332.0	-25.0	-1.0	-1.0	
1500676302847	8168044242577	332.0	-25.0	-1.0	-1.0	
1500676303020	8168064384179	332.0	-25.0	-0.8194580078125	-1.0	
1500676303021	8168084525780	332.0	-25.0	0.0	-1.0	
1500676303042	8168104667382	332.0	-25.0	0.0	-1.0	
1500676303043	8168124808983	332.0	-25.0	-0.6180419921875	-1.0	
1500676303045	8168144950585	332.0	-25.0	-1.0	-1.0	
1500676303046	8168165092186	332.0	-25.0	-1.0	-1.0	
1500676303048	8168185233788	332.0	-24.0	-1.0	-1.0	
1500676303050	8168205375389	332.0	-24.0	-1.0	-1.0	
1500676303061	8168225516991	332.0	-24.0	-1.0	-1.0	
1500676303062	8168245658593	332.0	-24.0	-1.0	-1.0	
1500676303063	8168265800194	332.0	-24.0	-1.0	-1.0	
1500676303068	8168285941796	332.0	-24.0	-1.0	-1.0	
1500676303080	8168306083397	332.0	-24.0	-1.0	-1.0	
1500676303083	8168326224999	332.0763854980469	-23.923614501953125	-0.923614501953125	-1.0	
1500676303084	8168346366600	333.0	-23.0	0.0	-1.0	
1500676303086	8168366508202	333.0	-23.0	0.0	-1.0	
1500676303087	8168386649804	333.0	-22.486114501953125	0.0	-1.0	
1500676303089	8168406791405	333.0	-22.0	0.0	-1.0	
1500676303660	8168426933007	333.0	-22.0	0.0	-1.0	
1500676303662	8168447074608	333.0	-22.0	0.0	-1.0	
1500676303672	8168467216210	333.0	-22.0	0.0	-1.0	
1500676303728	8168487357811	332.7569580078125	-22.0	0.0	-1.0	
1500676303803	8168507499413	332.0	-22.0	0.0	-1.0	
1500676303804	8168527641014	332.0	-22.0	0.0	-1.0	
1500676303805	8168547782616	332.0	-22.0	0.0	-1.0	
1500676304302	8168567924218	332.0	-22.0	0.0	-1.0	
1500676304303	8168588065819	332.0	-22.0	0.0	-1.0	
1500676304306	8168608207421	332.0	-21.8819580078125	0.0	-1.0	
1500676304310	8168628349022	332.0	-21.0	0.0	-1.0	
1500676304311	8168648490624	332.0	-21.0	0.0	-1.0	
1500676304313	8168668632225	332.0	-21.0	0.0	-1.0	
1500676304314	8168688773827	332.0	-21.0	0.0	-1.0	
1500676304315	8168708915429	332.0	-21.0	0.0	-1.0	
1500676304317	8168729057030	332.0	-21.0	0.0	-1.0	
1500676304330	8168749198632	332.0	-21.0	0.0	-1.0	
1500676304337	8168769340233	332.0	-21.0	0.0	-1.0	
1500676304338	8168789481835	332.0	-21.0	0.0	-1.0	
1500676304339	8168809623436	332.0	-21.0	0.0	-1.0	
1500676304340	8168829765038	332.0	-21.0	0.0	-1.0	
1500676304341	8168849906639	332.0	-21.0	0.0	-1.0	
1500676304344	8168870048241	332.0	-21.0	0.0	-1.0	
1500676304350	8168890189843	332.0	-21.0	0.0	-1.0	
1500676304352	8168910331444	332.0	-21.0	0.0	-1.0	
1500676304353	8168930473046	332.0	-21.0	0.0	-1.0	
1500676304354	8168950614647	332.0	-21.0	0.0	-1.0	
1500676304355	8168970756249	332.0	-21.0	0.0	-1.0	
1500676304357	8168990897850	332.0	-21.0	0.0	-1.0	
1500676304360	8169011039452	332.0	-21.0	0.0	-1.0	
1500676304363	8169031181054	332.0	-21.0	0.0	-1.0	
1500676304365	8169051322655	332.0	-21.0	0.0	-1.0	
1500676304380	8169071464257	332.0	-21.0	0.0	-1.0	
1500676304382	8169091605858	332.0	-21.0	0.0	-1.0	
1500676304384	8169111747460	332.0	-21.0	0.0	-1.0	
1500676304412	8169131889061	331.09027099609375	-21.0	0.0	-1.0	
1500676304419	8169152030663	331.0	-21.0	0.0	-1.0	
1500676304453	8169172172264	331.0	-21.0	0.0	-1.0	
1500676304523	8169192313866	331.0	-21.0	0.0	-1.0	
1500676304524	8169212455468	331.0	-21.0	0.0	-1.0	
1500676304525	8169232597069	331.0	-21.0	0.0	-1.0	
1500676304551	8169252738671	331.0	-21.0	0.0	-1.0	
1500676304552	8169272880272	331.0	-21.0	0.0	-1.0	
1500676304612	8169293021874	331.0	-21.0	-0.076385498046875	-1.0	
1500676304615	8169313163475	331.0	-21.0	-1.0	-1.0	
1500676304620	8169333305077	331.0	-21.0	-1.0	-1.0	
1500676304621	8169353446679	331.0	-21.0	-1.0	-1.0	
1500676304623	8169373588280	331.0	-21.0	-1.0	-1.0	
1500676304630	8169393729882	331.0	-21.0	-1.8055419921875	-1.0	
1500676304631	8169413871483	331.0	-21.0	-2.0	-1.0	
1500676304637	8169434013085	330.90277099609375	-21.0	-2.0972137451171875	-1.0	
1500676304639	8169454154686	330.0	-21.0	-3.0	-1.0	
1500676304641	8169474296288	330.0	-21.0	-3.0	-1.0	
1500676304642	8169494437889	330.0	-21.0	-3.5347137451171875	-1.0	
1500676304644	8169514579491	330.0	-21.6805419921875	-4.0	-1.0	
1500676304661	8169534721093	330.0	-22.0	-4.0	-1.0	
1500676304820	8169554862694	330.0	-22.0	-4.9722137451171875	-1.0	
1500676304823	8169575004296	330.0	-23.0	-5.0	-1.0	
1500676304825	8169595145897	330.0	-23.0	-5.0	-1.0	
1500676304827	8169615287499	330.0	-23.0	-5.0	-1.0	
1500676304829	8169635429100	330.0	-23.0	-5.0	-1.0	
1500676304830	8169655570702	330.0	-23.0	-5.0	-1.0	
1500676304840	8169675712304	330.0	-23.0	-5.0	-1.0	
1500676304850	8169695853905	330.0	-23.0	-4.0069580078125	-1.0	
1500676304853	8169715995507	330.1388854980469	-23.0	-4.0	-1.0	
1500676304861	8169736137108	331.0	-22.715286254882813	-3.7152862548828125	-1.0	
1500676304863	8169756278710	331.0	-22.0	-3.0	-1.0	
1500676304864	8169776420311	331.0	-22.0	-3.0	-1.0	
1500676304870	8169796561913	331.0	-22.0	-3.0	-1.0	
1500676304871	8169816703514	331.0	-22.0	-2.1319580078125	-1.0	
1500676304874	8169836845116	331.0	-22.0	-2.0	-1.0	
1500676304875	8169856986718	331.0	-22.0	-2.0	-1.0	
1500676304877	8169877128319	331.0	-22.0	-2.0	-1.0	
1500676304879	8169897269921	331.0	-22.0	-1.548614501953125	-1.0	
1500676304880	8169917411522	331.0	-22.0	-1.0	-1.0	
1500676304881	8169937553124	331.0	-22.0	-1.0	-1.0	
1500676304882	8169957694725	331.0	-22.0	-1.0	-1.0	
1500676304885	8169977836327	331.0	-21.965286254882813	-1.0	-1.0	
1500676304886	8169997977929	331.0	-21.0	-1.0	-1.0	
1500676304890	8170018119530	331.0	-21.0	-1.0	-1.0	
1500676304892	8170038261132	331.0	-21.0	-1.0	-1.0	
1500676304893	8170058402733	331.0	-21.0	-1.0	-1.0	
1500676304895	8170078544335	331.0	-21.0	-1.0	-1.0	
1500676304896	8170098685936	331.0	-21.0	-1.9097137451171875	-1.0	
1500676305041	8170118827538	331.0	-21.0	-2.0	-1.0	
1500676305043	8170138969139	331.0	-21.0	-2.0	-1.0	
1500676305045	8170159110741	331.0	-21.0	-2.0	-1.0	
1500676305046	8170179252343	331.0	-21.0	-2.0	-1.0	
1500676305047	8170199393944	331.0	-21.0	-2.0	-1.0	
1500676305048	8170219535546	330.21527099609375	-21.0	-2.0	-1.0	
1500676305050	8170239677147	330.0	-21.0	-2.0	-1.0	
1500676305052	8170259818749	330.0	-21.0	-2.0	-1.0	
1500676305054	8170279960350	330.22222900390625	-21.0	-2.2222137451171875	-1.0	
1500676305056	8170300101952	331.0	-20.6319580078125	-3.0	-1.0	
1500676305057	8170320243554	331.0	-20.0	-3.513885498046875	-1.0	
1500676305058	8170340385155	330.34027099609375	-20.0	-4.0	-1.0	
1500676305060	8170360526757	330.0	-20.0	-4.8055419921875	-1.0	
1500676305061	8170380668358	330.0	-20.0	-5.951385498046875	-1.0	
1500676305064	8170400809960	330.0	-20.097213745117188	-6.0972137451171875	-1.0	
1500676305065	8170420951561	330.0	-21.2430419921875	-6.7569580078125	-1.0	
1500676305067	8170441093163	330.3888854980469	-22.0	-5.611114501953125	-1.0	
1500676305068	8170461234764	331.0	-22.0	-4.4652862548828125	-1.0	
1500676305069	8170481376366	331.6805419921875	-22.0	-2.638916015625	-1.0	
1500676305694	8170501517968	332.0	-22.826385498046875	-2.0	-1.0	
1500676305758	8170521659569	332.0	-23.0	-1.0277862548828125	-1.0	
1500676305761	8170541801171	332.0	-24.1180419921875	-1.0	-1.0	
1500676305762	8170561942772	332.0	-25.0	-1.0	-1.0	
1500676305765	8170582084374	332.0	-25.0	-1.0	-1.0	
1500676305766	8170602225975	332.5555419921875	-24.4444580078125	-0.4444580078125	-1.0	
1500676305771	8170622367577	333.0	-23.298614501953125	0.0	-1.0	
1500676305772	8170642509179	333.0	-23.0	0.0	-1.0	
1500676305773	8170662650780	333.0	-22.0069580078125	0.0	-1.0	
1500676305777	8170682792382	332.0	-22.0	0.0	-1.0	
1500676305778	8170702933983	332.0	-21.715286254882813	0.0	-1.0	
1500676305782	8170723075585	332.0	-21.0	0.0	-1.0	
1500676305783	8170743217186	332.0	-21.0	0.0	-1.0	
1500676305785	8170763358788	332.0	-21.0	0.0	-1.0	
1500676305786	8170783500389	332.0	-21.0	0.0	-1.0	
1500676305794	8170803641991	332.0	-21.0	0.0	-1.0	
1500676305800	8170823783593	332.0	-21.0	0.0	-1.0	
1500676305805	8170843925194	332.0	-21.0	0.0	-1.0	
1500676305813	8170864066796	332.0	-21.0	0.0	-1.0	
1500676305819	8170884208397	332.0	-21.0	0.0	-1.0	
1500676305823	8170904349999	332.0	-21.0	0.0	-1.0	
1500676305825	8170924491600	332.0	-21.0	0.0	-1.0	
1500676306084	8170944633202	332.0	-20.0	0.0	-1.0	
1500676306088	8170964774804	332.0	-20.0	0.0	-1.0	
1500676306091	8170984916405	332.0	-20.0	0.0	-1.0	
1500676306093	8171005058007	332.0	-20.0	0.0	-1.0	
1500676306095	8171025199608	332.0	-20.0	0.0	-1.0	
1500676306099	8171045341210	332.0	-20.0	0.0	-1.0	
1500676306101	8171065482811	332.0	-20.0	0.0	-1.0	
1500676306109	8171085624413	332.0	-20.0	0.0	-1.0	
1500676306111	8171105766014	332.0	-20.0	0.0	-1.0	
1500676306122	8171125907616	332.0	-20.0	0.0	-1.0	
1500676306131	8171146049218	332.0	-20.0	0.0	-1.0	
1500676306165	8171166190819	332.0	-20.0	0.0	-1.0	
1500676306169	8171186332421	332.0	-20.0	0.0	-1.0	
1500676306177	8171206474022	332.0	-20.0	0.0	-1.0	
1500676306179	8171226615624	332.0	-20.0	0.0	-1.0	
1500676306182	8171246757225	332.0	-20.0	0.0	-1.0	
1500676306184	8171266898827	332.0	-20.0	0.0	-1.0	
1500676306185	8171287040429	332.0	-20.0	0.0	-1.0	
1500676306188	8171307182030	332.0	-20.0	0.0	-1.0	
1500676306190	8171327323632	332.0	-20.0	0.0	-1.0	
1500676306191	8171347465233	332.0	-20.0	0.0	-1.0	
1500676306194	8171367602274	332.0	-20.0	0.0	-1.0	
1500676306195	8171387743875	332.0	-20.0	0.0	-1.0	
1500676306197	8171407885477	332.0	-20.0	0.0	-1.0	
1500676306198	8171428027078	332.0	-20.0	0.0	-1.0	
1500676306200	8171448168680	332.0	-20.0	0.0	-1.0	
1500676306202	8171468310282	332.0	-20.0	0.0	-1.0	
1500676306204	8171488451883	332.0	-20.945480346679688	0.0	-1.0	
1500676306207	8171508593485	332.0	-21.069839477539063	0.0	-1.0	
1500676306208	8171528735086	332.0	-22.194198608398438	0.0	-1.0	
1500676306210	8171548876688	332.31854248046875	-23.0	0.0	-1.0	
1500676306212	8171569018289	333.0	-23.0	0.0	-1.0	
1500676306213	8171589159891	333.0	-23.0	0.0	-1.0	
1500676306215	8171609301493	333.0	-23.0	0.0	-1.0	
1500676306216	8171629443094	333.0	-23.817703247070313	0.0	-1.0	
1500676306218	8171649584696	333.94207763671875	-24.0	0.0	-1.0	
1500676306222	8171669726297	334.0	-24.0	0.0	-1.0	
1500676306224	8171689867899	334.0	-23.8092041015625	0.0	-1.0	
1500676306226	8171710009500	334.0	-23.0	0.0	-1.0	
1500676306228	8171730151102	334.0	-23.0	0.0	-1.0	
1500676306230	8171750292703	334.0	-23.0	0.0	-1.0	
1500676306231	8171770434305	334.0	-23.0	0.0	-1.0	
1500676306233	8171790575907	334.0	-23.0	0.0	-1.0	
1500676306234	8171810717508	334.0	-23.936965942382813	0.0	-1.0	
1500676306237	8171830859110	334.0	-24.0	0.0	-1.0	
1500676306240	8171851000711	334.0	-24.187393188476563	0.0	-1.0	
1500676306242	8171871142313	333.688232421875	-25.0	-0.3117523193359375	-1.0	
1500676306244	8171891283914	333.0	-25.0	-1.0	-1.0	
1500676306244	8171911425516	333.0	-25.560470581054688	-1.0	-1.0	
1500676306246	8171931567118	333.0	-26.0	-1.0	-1.0	
1500676306248	8171951708719	333.0	-26.0	-1.0	-1.0	
1500676306249	8171971850321	333.0	-26.0	-1.9335479736328125	-1.0	
1500676306291	8171991991922	333.0	-26.057907104492188	-2.0	-1.0	
1500676306731	8172012133524	333.0	-27.0	-2.0	-1.0	
1500676306732	8172032275125	333.0	-27.0	-2.0	-1.0	
1500676306734	8172052416727	333.0	-27.0	-2.0	-1.0	
1500676306781	8172072558328	333.0	-27.556304931640625	-2.0	-1.0	
1500676306783	8172092699930	333.0	-28.0	-2.0	-1.0	
1500676306784	8172112841532	333.0	-28.0	-2.0	-1.0	
1500676306835	8172132983133	333.0	-28.0	-2.93975830078125	-1.0	
1500676306840	8172153124735	333.0	-28.0	-3.0	-1.0	
1500676306845	8172173266336	333.0	-28.0	-3.0	-1.0	
1500676306858	8172193407938	333.0	-28.0	-3.0	-1.0	
1500676306859	8172213549539	333.0	-27.4063720703125	-3.0	-1.0	
1500676306861	8172233691141	333.0	-27.0	-3.0	-1.0	
1500676306885	8172253832743	333.0	-27.0	-3.0	-1.0	
1500676306887	8172273974344	333.0	-27.0	-3.0	-1.0	
1500676306902	8172294115946	333.0	-27.0	-3.0	-1.0	
1500676306903	8172314257547	333.0	-27.0	-3.0	-1.0	
1500676306904	8172334399149	333.0	-27.0	-3.0	-1.0	
1500676306911	8172354540750	333.0	-27.0	-3.0	-1.0	
1500676306913	8172374682352	333.0	-27.0	-2.0777435302734375	-1.0	
1500676306915	8172394823953	333.0	-27.0	-2.0	-1.0	
1500676306917	8172414965555	333.0	-27.0	-2.0	-1.0	
1500676306919	8172435107157	333.0	-27.0	-2.0	-1.0	
1500676306920	8172455248758	333.0	-27.0	-2.0	-1.0	
1500676306922	8172475390360	333.0	-27.0	-2.0	-1.0	
1500676306923	8172495531961	333.0	-27.0	-2.0	-1.0	
1500676306926	8172515673563	333.0	-27.0	-2.0	-1.0	
1500676306928	8172535815164	333.0	-27.0	-2.0	-1.0	
1500676306935	8172555956766	333.0	-26.583053588867188	-2.0	-1.0	
1500676306936	8172576098368	333.0	-26.0	-2.0	-1.0	
1500676306938	8172596239969	333.0	-26.0	-2.0	-1.0	
1500676306939	8172616381571	333.0	-26.0	-2.0	-1.0	
1500676306943	8172636523172	333.0	-26.0	-2.0	-1.0	
1500676307077	8172656664774	333.0	-26.0	-2.0	-1.0	
1500676307333	8172676806375	333.0	-26.0	-2.0	-1.0	
1500676307334	8172696947977	333.0	-26.0	-2.0	-1.0	
1500676307335	8172717089578	333.0	-26.0	-2.0	-1.0	
1500676307342	8172737231180	333.0	-26.0	-2.0	-1.0	
1500676307344	8172757372782	333.0	-25.053451538085938	-2.0	-1.0	
1500676307348	8172777514383	333.0	-25.0	-2.0	-1.0	
1500676307349	8172797655985	333.0	-25.0	-2.0	-1.0	
1500676307351	8172817797586	333.0	-25.0	-2.0	-1.0	
1500676307352	8172837939188	333.0	-25.0	-2.0	-1.0	
1500676307353	8172858080789	333.0	-25.0	-2.0	-1.0	
1500676307355	8172878222391	333.0	-25.0	-2.0	-1.0	
1500676307356	8172898363993	333.0	-25.0	-2.0	-1.0	
1500676307359	8172918505594	333.0	-25.0	-2.0	-1.0	
1500676307361	8172938647196	333.0	-25.0	-2.0	-1.0	
1500676307362	8172958788797	333.0	-25.0	-2.0	-1.0	
1500676307364	8172978930399	333.0	-25.0	-2.0	-1.0	
1500676307365	8172999072000	333.0	-25.0	-2.0	-1.0	
1500676307368	8173019213602	333.0	-25.0	-2.0	-1.0	
1500676307371	8173039355203	333.0	-25.87261962890625	-2.0	-1.0	
1500676307374	8173059496805	333.0	-26.0	-2.0	-1.0	
1500676307382	8173079638407	333.0	-26.0	-2.0	-1.0	
1500676307386	8173099780008	333.0	-26.0	-2.0	-1.0	
1500676307388	8173119921610	333.0	-26.0	-2.0	-1.0	
1500676307389	8173140063211	333.0	-26.0	-2.5620574951171875	-1.0	
1500676307391	8173160204813	333.0	-26.0	-3.0	-1.0	
1500676307392	8173180346414	333.0	-26.0	-3.0	-1.0	
1500676307393	8173200488016	333.0	-26.0	-2.0258636474609375	-1.0	
1500676307396	8173220629618	333.0	-26.0	-2.0	-1.0	
1500676307398	8173240771219	333.0	-25.75	-2.0	-1.0	
1500676307403	8173260912821	333.0	-25.0	-2.0	-1.0	
1500676307404	8173281054422	333.0	-25.0	-2.0	-1.0	
1500676307406	8173301196024	333.0	-25.0	-2.0	-1.0	
1500676307407	8173321337625	333.0	-25.0	-2.0	-1.0	
1500676307409	8173341479227	333.0	-25.0	-2.0	-1.0	
1500676307411	8173361620828	333.0	-25.0	-2.0	-1.0	
1500676307413	8173381762430	333.0	-25.0	-2.0	-1.0	
1500676307418	8173401904032	333.0	-25.0	-2.0	-1.0	
1500676307420	8173422045633	333.0	-25.0	-2.0	-1.0	
1500676307422	8173442187235	333.0	-25.0	-2.0	-1.0	
1500676307423	8173462328836	333.0	-25.0	-2.0	-1.0	
1500676307424	8173482470438	333.0	-25.0	-2.0	-1.0	
1500676307427	8173502612039	333.0	-25.0	-2.0	-1.0	
1500676307428	8173522753641	333.0	-25.0	-2.1758575439453125	-1.0	
1500676307431	8173542895243	333.0	-25.31378173828125	-3.0	-1.0	
1500676307435	8173563036844	333.0	-26.45172119140625	-3.45172119140625	-1.0	
1500676307444	8173583178446	333.0	-27.0	-4.0	-1.0	
1500676307446	8173603320047	333.0	-27.0	-3.2724151611328125	-1.0	
1500676307448	8173623461649	333.0	-27.0	-3.0	-1.0	
1500676307454	8173643603250	333.0	-26.0	-3.0	-1.0	
1500676307455	8173663744852	333.0	-25.8603515625	-3.0	-1.0	
1500676307457	8173683886453	333.0	-25.0	-3.0	-1.0	
1500676307459	8173704028055	333.0	-24.584487915039063	-3.0	-1.0	
1500676307459	8173724169657	333.0	-24.0	-3.0	-1.0	
1500676307461	8173744311258	333.0	-24.0	-3.0	-1.0	
1500676307463	8173764452860	333.0	-24.82757568359375	-3.0	-1.0	
1500676307465	8173784594461	333.0	-25.0	-3.0	-1.0	
1500676307480	8173804736063	333.0	-25.0	-3.0	-1.0	
1500676307482	8173824877664	333.0	-25.0	-3.0	-1.0	
1500676307487	8173845019266	333.0	-25.0	-3.0	-1.0	
1500676307488	8173865160868	333.0	-24.483657836914063	-3.0	-1.0	
1500676307489	8173885302469	333.0	-24.0	-3.0	-1.0	
1500676307491	8173905444071	333.0	-24.0	-3.0	-1.0	
1500676307492	8173925585672	333.0	-24.0	-3.0	-1.0	
1500676307495	8173945727274	333.0	-25.0	-3.0	-1.0	
1500676307497	8173965868875	333.0	-25.0	-3.205169677734375	-1.0	
1500676307499	8173986010477	333.0	-25.0	-4.0	-1.0	
1500676307504	8174006152078	333.0	-25.47930908203125	-4.0	-1.0	
1500676307505	8174026293680	333.0	-26.0	-4.0	-1.0	
1500676307511	8174046435282	332.2448425292969	-26.0	-4.0	-1.0	
1500676307513	8174066576883	332.0	-26.0	-4.0	-1.0	
1500676307516	8174086718485	332.0	-26.0	-4.0	-1.0	
1500676307521	8174106860086	332.0	-26.0	-4.0	-1.0	
1500676307522	8174127001688	332.0	-26.0	-4.0	-1.0	
1500676307524	8174147143289	332.0	-26.0	-4.0	-1.0	
1500676307529	8174167284891	332.0	-26.0	-4.0	-1.0	
1500676307531	8174187426493	332.7189636230469	-26.0	-4.0	-1.0	
1500676307533	8174207568094	333.0	-26.0	-4.0	-1.0	
1500676307538	8174227709696	332.00689697265625	-25.00689697265625	-4.0	-1.0	
1500676307546	8174247851297	332.0	-25.0	-4.0	-1.0	
1500676307547	8174267992899	332.0	-25.0	-4.0	-1.0	
1500676307550	8174288134500	332.0	-25.0	-4.0	-1.0	
1500676307553	8174308276102	332.0	-25.0	-3.4551849365234375	-1.0	
1500676307555	8174328417703	332.0	-25.0	-3.0	-1.0	
1500676307557	8174348559305	332.0	-25.0	-3.0	-1.0	
1500676307562	8174368700907	332.0	-25.0	-3.0	-1.0	
1500676307566	8174388842508	332.0	-25.0	-3.0	-1.0	
1500676307570	8174408984110	332.0	-25.0	-3.0	-1.0	
1500676307572	8174429125711	332.0	-25.0	-3.0	-1.0	
1500676307573	8174449267313	332.0	-25.50860595703125	-3.50860595703125	-1.0	
1500676307575	8174469408914	332.0	-26.0	-4.0	-1.0	
1500676307580	8174489550516	332.0	-26.0	-4.0	-1.0	
1500676307581	8174509692118	331.0793151855469	-25.079315185546875	-4.0	-1.0	
1500676307588	8174529833719	331.0	-25.0	-4.0	-1.0	
1500676307589	8174549975321	331.0	-25.0	-4.0	-1.0	
1500676307596	8174570116922	330.6661071777344	-24.666107177734375	-4.0	-1.0	
1500676307597	8174590258524	330.0	-24.0	-4.0	-1.0	
1500676307598	8174610400125	330.0	-24.0	-4.0	-1.0	
1500676307601	8174630541727	329.2534484863281	-24.0	-4.0	-1.0	
1500676307605	8174650683328	329.0	-23.115524291992188	-4.0	-1.0	
1500676307608	8174670824930	330.0	-23.0	-3.0	-1.0	
1500676307613	8174690966532	330.0	-23.0	-3.160064697265625	-1.0	
1500676307615	8174711108133	330.0	-23.0	-4.0	-1.0	
1500676307617	8174731249735	330.4344787597656	-22.565521240234375	-4.0	-1.0	
1500676307621	8174751391336	331.0	-22.0	-4.0	-1.0	
1500676307622	8174771532938	331.0	-22.0	-4.0	-1.0	
1500676307624	8174791674539	331.0	-22.0	-4.0	-1.0	
1500676307626	8174811816141	331.0	-22.0	-3.0137939453125	-1.0	
1500676307629	8174831957743	331.0	-22.122406005859375	-3.0	-1.0	
1500676307631	8174852099344	331.0	-23.0	-3.0	-1.0	
1500676307633	8174872240946	331.0	-23.0	-3.0	-1.0	
1500676307634	8174892382547	331.0	-23.0	-3.0	-1.0	
1500676307636	8174912524149	330.32586669921875	-23.67413330078125	-2.32586669921875	-1.0	
1500676307637	8174932665750	330.0	-24.0	-2.0	-1.0	
1500676307639	8174952807352	330.0	-24.0	-2.0	-1.0	
1500676307724	8174972948953	331.0	-24.0	-2.0	-1.0	
1500676307727	8174993090555	331.0	-24.0	-2.0	-1.0	
1500676307808	8175013232157	331.0	-23.602798461914063	-2.0	-1.0	
1500676307810	8175033373758	331.0	-23.0	-2.0	-1.0	
1500676307829	8175053515360	331.0	-23.0	-2.0	-1.0	
1500676307882	8175073656961	331.0	-23.0	-2.0	-1.0	
1500676307911	8175093798563	331.0	-23.0	-2.0	-1.0	
1500676307914	8175113940164	331.0	-23.250885009765625	-2.0	-1.0	
1500676307916	8175134081766	331.0	-24.0	-2.0	-1.0	
1500676307917	8175154223368	331.0	-24.0	-2.0	-1.0	
1500676307981	8175174364969	331.0	-24.799270629882813	-1.2007293701171875	-1.0	
1500676308083	8175194506571	331.0	-25.0	-1.0	-1.0	
1500676308103	8175214648172	331.0	-26.164871215820313	-1.0	-1.0	
1500676308104	8175234789774	331.0	-27.34765625	-1.0	-1.0	
1500676308105	8175254931375	331.0	-28.0	-1.0	-1.0	
1500676308163	8175275072977	331.0	-28.7132568359375	-1.0	-1.0	
1500676308167	8175295214578	331.0	-29.0	-1.0	-1.0	
1500676308172	8175315356180	331.0	-29.0	-1.0	-1.0	
1500676308179	8175335497782	331.0	-29.0	-1.0	-1.0	
1500676308181	8175355639383	331.0	-28.595199584960938	-1.0	-1.0	
1500676308182	8175375780985	331.0	-28.0	-1.0	-1.0	
1500676308184	8175395922586	331.0	-27.3310546875	-1.0	-1.0	
1500676308185	8175416064188	331.0	-27.0	-1.0	-1.0	
1500676308187	8175436205789	331.0	-27.0	-1.0	-1.0	
1500676308213	8175456347391	331.0	-27.0	-1.0	-1.0	
1500676308214	8175476488993	331.0	-27.0	-1.0	-1.0	
1500676308216	8175496630594	331.0	-27.0	-1.0	-1.0	
1500676308217	8175516772196	331.0	-27.0	-1.0	-1.0	
1500676308219	8175536913797	331.0	-27.0	-1.0	-1.0	
1500676308229	8175557055399	331.0	-27.0	-1.0	-1.0	
1500676308231	8175577197000	331.0	-27.0	-1.0	-1.0	
1500676308233	8175597338602	331.0	-27.0	-1.0	-1.0	
1500676308237	8175617480203	331.12347412109375	-27.0	-1.0	-1.0	
1500676308244	8175637621805	332.0	-27.0	-1.0	-1.0	
1500676308248	8175657763407	332.0	-27.0	-1.0	-1.0	
1500676308249	8175677905008	332.0	-27.0	-1.0	-1.0	
1500676308255	8175698046610	332.0	-27.0	-1.0	-1.0	
1500676308259	8175718188211	332.0	-27.0	-1.0	-1.0	
1500676308263	8175738329813	332.0	-27.0	-1.0	-1.0	
1500676308267	8175758471414	332.0	-27.0	-1.0	-1.0	
1500676308268	8175778613016	332.0	-27.0	-1.0	-1.0	
1500676308269	8175798754618	332.0	-27.0	-1.0	-1.0	
1500676308298	8175818896219	332.0	-27.0	-1.0	-1.0	
1500676308336	8175839037821	332.0	-27.0	-1.0	-1.0	
1500676308338	8175859179422	332.0	-27.0	-1.0	-1.0	
1500676308340	8175879321024	332.0	-27.0	-1.0	-1.0	
1500676308341	8175899462625	331.0257568359375	-27.0	-1.0	-1.0	
1500676308347	8175919604227	331.0	-26.0	-2.0	-1.0	
1500676308349	8175939745828	331.23883056640625	-26.0	-2.0	-1.0	
1500676308350	8175959887430	332.0	-26.0	-2.0	-1.0	
1500676308351	8175980029032	332.0	-26.0	-2.0	-1.0	
1500676308352	8176000170633	332.0	-26.0	-2.0	-1.0	
1500676308355	8176020312235	331.2315673828125	-26.0	-2.0	-1.0	
1500676308356	8176040453836	331.0	-26.0	-2.0	-1.0	
1500676308373	8176060595438	331.0	-26.0	-2.0	-1.0	
1500676308375	8176080737039	331.0	-26.0	-2.0	-1.0	
1500676308382	8176100878641	331.0	-26.0	-2.0	-1.0	
1500676308383	8176121020243	331.0	-26.0	-2.0	-1.0	
1500676308384	8176141161844	331.0	-25.439117431640625	-2.0	-1.0	
1500676308387	8176161303446	331.0	-25.0	-2.0	-1.0	
1500676308390	8176181445047	331.0	-25.0	-2.0	-1.0	
1500676308420	8176201586649	331.0	-25.0	-2.0	-1.0	
1500676308423	8176221728250	331.0	-25.0	-2.0	-1.0	
1500676308428	8176241869852	331.0	-25.0	-2.0	-1.0	
1500676308430	8176262011453	331.0	-25.0	-2.0	-1.0	
1500676308439	8176282153055	331.0	-25.0	-2.0	-1.0	
1500676308440	8176302294657	331.0	-25.0	-2.0	-1.0	
1500676308444	8176322436258	331.0	-25.0	-2.0	-1.0	
1500676308447	8176342577860	331.0	-25.0	-2.0	-1.0	
1500676308449	8176362719461	331.0	-25.0	-2.0	-1.0	
1500676308451	8176382861063	331.0	-25.0	-2.0	-1.0	
1500676308453	8176403002664	331.0	-25.0	-2.0	-1.0	
1500676308454	8176423144266	331.0	-25.0	-2.0	-1.0	
1500676308463	8176443285868	331.0	-25.0	-2.0	-1.0	
1500676308468	8176463427469	331.0	-25.0	-2.0	-1.0	
1500676308471	8176483569071	331.0	-25.83447265625	-2.0	-1.0	
1500676308473	8176503710672	331.0	-26.0	-2.0	-1.0	
1500676308481	8176523852274	331.0	-26.0	-2.0	-1.0	
1500676308483	8176543993875	331.0	-26.0	-2.0	-1.0	
1500676308486	8176564135477	331.0	-26.0	-2.0	-1.0	
1500676308487	8176584277078	331.0	-26.0	-2.0	-1.0	
1500676308490	8176604418680	331.0	-26.0	-2.0	-1.0	
1500676308492	8176624560282	331.0	-26.0	-2.0	-1.0	
1500676308498	8176644701883	331.0	-26.0	-2.0	-1.0	
1500676308504	8176664843485	331.0	-26.140625	-1.859375	-1.0	
1500676308506	8176684985086	331.0	-27.0	-1.0	-1.0	
1500676308508	8176705126688	331.0	-27.0	-1.0	-1.0	
1500676308510	8176725268289	331.0	-27.0	-1.0	-1.0	
1500676308514	8176745409891	331.0	-27.0	-1.0	-1.0	
1500676308516	8176765551493	331.8697814941406	-27.0	-1.0	-1.0	
1500676308521	8176785693094	332.0	-27.0	-1.0	-1.0	
1500676308522	8176805834696	332.0	-26.838546752929688	-1.0	-1.0	
1500676308527	8176825976297	332.0	-26.0	-1.0	-1.0	
1500676308539	8176846117899	332.0	-26.0	-1.0	-1.0	
1500676308543	8176866259500	332.0	-26.0	-1.0	-1.0	
1500676308547	8176886401102	332.0	-26.0	-1.0	-1.0	
1500676308549	8176906542703	332.0	-26.0	-1.0	-1.0	
1500676308558	8176926684305	332.0	-26.0	-1.0364532470703125	-1.0	
1500676308560	8176946825907	332.0	-26.0	-2.0	-1.0	
1500676308564	8176966967508	332.0	-26.0	-2.0	-1.0	
1500676308565	8176987109110	332.0	-26.0	-2.0	-1.0	
1500676308566	8177007250711	332.0	-26.0	-2.0	-1.0	
1500676308582	8177027392313	332.0	-26.0	-2.0	-1.0	
1500676308583	8177047533914	332.0	-26.0	-2.0	-1.0	
1500676308586	8177067675516	332.0	-26.0	-2.0	-1.0	
1500676308587	8177087817118	332.0	-25.796875	-2.0	-1.0	
1500676308589	8177107958719	332.0	-25.0	-2.0	-1.0	
1500676308591	8177128100321	332.0	-25.0	-2.0	-1.0	
1500676308594	8177148241922	332.0	-25.0	-2.0	-1.0	
1500676308603	8177168383524	332.0	-25.0	-2.0	-1.0	
1500676308605	8177188525125	332.0	-25.0	-2.0	-1.0	
1500676308608	8177208666727	332.0	-25.0	-2.0	-1.0	
1500676308611	8177228808328	332.0	-25.0	-2.0	-1.0	
1500676308616	8177248949930	332.0	-24.630218505859375	-2.0	-1.0	
1500676308616	8177269091532	332.0	-24.0	-2.0	-1.0	
1500676308624	8177289233133	332.0	-24.0	-2.0	-1.0	
1500676308625	8177309374735	332.0	-24.0	-2.0	-1.0	
1500676308632	8177329516336	332.0	-24.0	-2.0	-1.0	
