1500676098589	7977967945578	34.0	-19.0	-20.0	100.0	
1500676098599	7977988087179	34.0	-18.561965942382813	-20.0	100.0	
1500676098617	7978008228781	34.0	-18.0	-20.0	100.0	
1500676098639	7978028370382	34.0	-18.0	-20.0	100.0	
1500676098652	7978048511984	34.0	-18.0	-20.0	100.0	
1500676098690	7978068653585	34.0	-18.0	-20.0	100.0	
1500676098705	7978088795187	34.0	-18.0	-20.0	100.0	
1500676098722	7978108936789	34.0	-18.0	-20.0	100.0	
1500676098740	7978129078390	34.0	-18.428558349609375	-20.0	100.0	
1500676098756	7978149219992	33.436431884765625	-19.0	-20.0	100.0	
1500676098775	7978169361593	33.0	-19.0	-19.30120849609375	100.0	
1500676098793	7978189503195	33.0	-19.833328247070313	-19.0	100.0	
1500676098810	7978209644796	33.0	-20.0	-19.0	100.0	
1500676098847	7978229786398	33.0	-20.0	-18.0	100.0	
1500676098863	7978249928000	33.0	-20.0	-17.760757446289063	100.0	
1500676098881	7978270069601	33.37455749511719	-20.0	-17.0	100.0	
1500676098899	7978290211203	34.0	-20.0	-17.0	100.0	
1500676098915	7978310352804	34.0	-20.0	-16.354568481445313	100.0	
1500676098935	7978330494406	34.0	-20.0	-16.0	100.0	
1500676098954	7978350636007	34.0	-20.0	-16.0	100.0	
1500676098987	7978370777609	34.0	-20.0	-16.0	100.0	
1500676099014	7978390919210	34.0	-20.0	-15.814437866210938	100.0	
1500676099022	7978411060812	34.0	-20.0	-15.0	100.0	
1500676099039	7978431202414	34.0	-20.0	-15.0	100.0	
1500676099057	7978451344015	34.0	-20.0	-15.0	100.0	
1500676099075	7978471485617	34.0	-20.0	-15.0	100.0	
1500676099093	7978491627218	34.86082458496094	-20.0	-15.0	100.0	
1500676099113	7978511768820	35.0	-20.0	-15.0	100.0	
1500676099147	7978531910421	35.0	-20.0	-15.0	100.0	
1500676099163	7978552052023	35.0	-20.0	-15.0	100.0	
1500676099183	7978572193625	35.0	-20.402053833007813	-15.0	100.0	
1500676099199	7978592335226	34.46299743652344	-21.0	-15.0	100.0	
1500676099216	7978612476828	34.0	-21.0	-15.0	100.0	
1500676099234	7978632618429	34.0	-21.0	-15.0	100.0	
1500676099251	7978652760031	34.0	-21.0	-15.0	100.0	
1500676099287	7978672901632	34.0	-21.0	-15.0	100.0	
1500676099306	7978693043234	34.0	-21.0	-15.0	100.0	
1500676099325	7978713184835	34.0	-21.0	-15.0	100.0	
1500676099341	7978733326437	34.0	-21.0	-15.0	100.0	
1500676099356	7978753468039	34.0	-21.0	-15.0	100.0	
1500676099376	7978773609640	34.0	-21.0	-15.0	100.0	
1500676099392	7978793751242	34.0	-21.0	-15.0	100.0	
1500676099429	7978813892843	34.0	-21.0	-15.0	100.0	
1500676099445	7978834034445	34.0	-21.0	-15.0	100.0	
1500676099463	7978854176046	34.0	-21.0	-15.0	100.0	
1500676099481	7978874317648	34.0	-21.0	-14.569717407226563	100.0	
1500676099497	7978894459250	34.0	-21.0	-14.0	100.0	
1500676099515	7978914600851	33.29948425292969	-21.0	-14.0	100.0	
1500676099537	7978934742453	33.0	-21.0	-14.0	100.0	
1500676099552	7978954884054	33.0	-20.029266357421875	-14.0	100.0	
1500676099586	7978975025656	33.0	-20.0	-14.0	100.0	
1500676099603	7978995167257	33.0	-20.0	-14.0	100.0	
1500676099621	7979015308859	33.0	-20.0	-14.0	100.0	
1500676099640	7979035450460	33.0	-20.0	-14.0	100.0	
1500676099655	7979055592062	32.35284423828125	-20.0	-14.0	100.0	
1500676099674	7979075733664	32.0	-20.0	-14.0	100.0	
1500676099692	7979095875265	32.0	-20.0	-14.0	100.0	
1500676099727	7979116016867	32.0	-20.0	-14.0	100.0	
1500676099745	7979136158468	32.0	-20.187606811523438	-14.0	100.0	
1500676099762	7979156300070	32.0	-21.0	-14.0	100.0	
1500676099779	7979176441671	32.0	-21.0	-14.0	100.0	
1500676099797	7979196583273	32.0	-20.4072265625	-14.0	100.0	
1500676099815	7979216724875	31.271957397460938	-20.0	-14.0	100.0	
1500676099850	7979236866476	31.0	-20.0	-14.0	100.0	
1500676099857	7979257008078	31.0	-20.0	-14.0	100.0	
1500676099886	7979277149679	31.0	-20.0	-13.0	100.0	
1500676099904	7979297291281	31.0	-20.0	-13.0	100.0	
1500676099921	7979317432882	31.0	-20.0	-13.0	100.0	
1500676099939	7979337574484	31.0	-20.538711547851563	-13.0	100.0	
1500676099956	7979357716085	31.0	-21.0	-13.0	100.0	
1500676099980	7979377857687	30.19073486328125	-21.0	-13.0	100.0	
1500676099991	7979397999289	30.0	-20.055084228515625	-12.055084228515625	100.0	
1500676100026	7979418140890	30.0	-20.0	-12.0	100.0	
1500676100044	7979438282492	30.0	-20.0	-12.0	100.0	
1500676100063	7979458424093	30.0	-20.0	-12.0	100.0	
1500676100079	7979478565695	29.514633178710938	-20.0	-12.0	100.0	
1500676100096	7979498707296	29.0	-20.0	-12.0	100.0	
1500676100116	7979518848898	29.0	-20.0	-12.0	100.0	
1500676100133	7979538990500	29.0	-20.0	-12.0	100.0	
1500676100173	7979559132101	29.0	-20.0	-12.0	100.0	
1500676100186	7979579273703	29.0	-20.0	-12.0	100.0	
1500676100203	7979599415304	29.0	-20.0	-12.0	100.0	
1500676100224	7979619556906	28.5538330078125	-20.0	-12.0	100.0	
1500676100238	7979639698507	28.0	-20.0	-12.0	100.0	
1500676100256	7979659840109	28.0	-20.0	-12.737838745117188	100.0	
1500676100275	7979679981710	28.0	-20.0	-12.1163330078125	100.0	
1500676100308	7979700123312	28.0	-20.0	-12.0	100.0	
1500676100327	7979720264914	28.0	-20.0	-12.0	100.0	
1500676100344	7979740406515	28.0	-20.0	-12.0	100.0	
1500676100361	7979760548117	28.0	-20.0	-12.0	100.0	
1500676100380	7979780689718	28.0	-20.0	-12.0	100.0	
1500676100397	7979800831320	27.129440307617188	-20.0	-11.129440307617188	100.0	
1500676100433	7979820972921	27.0	-20.0	-11.0	100.0	
1500676100449	7979841114523	27.0	-20.0	-10.789016723632813	100.0	
1500676100467	7979861256125	27.0	-20.0	-10.0	100.0	
1500676100485	7979881397726	26.448593139648438	-20.0	-10.0	100.0	
1500676100502	7979901539328	26.0	-20.0	-10.0	100.0	
1500676100520	7979921680929	26.0	-20.0	-10.0	100.0	
1500676100556	7979941822531	26.0	-20.0	-9.0	100.0	
1500676100573	7979961964132	25.767730712890625	-19.767730712890625	-9.0	100.0	
1500676100591	7979982105734	25.0	-19.0	-9.0	100.0	
1500676100609	7980002247335	25.0	-19.0	-9.0	100.0	
1500676100627	7980022388937	25.0	-19.0	-9.0	100.0	
1500676100645	7980042530539	24.086883544921875	-19.0	-9.0	100.0	
1500676100678	7980062672140	24.0	-19.0	-9.0	100.0	
1500676100701	7980082813742	24.0	-19.0	-9.0	100.0	
1500676100714	7980102955343	24.0	-19.0	-9.0	100.0	
1500676100731	7980123096945	24.0	-19.0	-9.0	100.0	
1500676100749	7980143238546	24.0	-19.0	-9.0	100.0	
1500676100766	7980163380148	24.0	-19.0	-9.0	100.0	
1500676100804	7980183521750	23.0	-19.0	-9.0	100.0	
1500676100820	7980203663351	23.0	-19.0	-8.808303833007813	100.0	
1500676100836	7980223804953	23.0	-18.66839599609375	-8.0	100.0	
1500676100855	7980243946554	23.0	-18.0	-8.0	100.0	
1500676100872	7980264088156	23.0	-18.0	-8.0	100.0	
1500676100889	7980284229757	23.0	-18.0	-8.0	100.0	
1500676100908	7980304371359	23.0	-17.108810424804688	-8.0	100.0	
1500676100942	7980324512960	23.0	-17.0	-8.0	100.0	
1500676100962	7980344654562	23.0	-17.0	-8.0	100.0	
1500676100977	7980364796164	23.0	-17.0	-8.0	100.0	
1500676100996	7980384937765	22.548446655273438	-17.0	-8.0	100.0	
1500676101013	7980405079367	22.0	-17.0	-8.0	100.0	
1500676101033	7980425220968	22.0	-17.0	-8.0	100.0	
1500676101050	7980445362570	22.0	-17.0	-8.0	100.0	
1500676101084	7980465504171	23.0	-17.0	-7.9879150390625	100.0	
1500676101102	7980485645773	23.0	-16.8480224609375	-7.0	100.0	
1500676101120	7980505787375	23.0	-16.0	-6.7081298828125	100.0	
1500676101136	7980525928976	23.431777954101563	-15.568222045898438	-6.0	100.0	
1500676101155	7980546070578	24.0	-14.428329467773438	-6.0	100.0	
1500676101174	7980566212179	24.0	-14.0	-5.2884368896484375	100.0	
1500676101190	7980586353781	24.0	-13.147064208984375	-4.147064208984375	100.0	
1500676101208	7980606495382	24.0	-12.006912231445313	-3.0069122314453125	100.0	
1500676101243	7980626636984	24.0	-11.867019653320313	-0.8670196533203125	100.0	
1500676101260	7980646778585	24.0	-11.0	0.2728729248046875	100.0	
1500676101277	7980666920187	24.0	-11.0	1.0	100.0	
1500676101296	7980687061789	24.0	-10.44732666015625	1.55267333984375	100.0	
1500676101313	7980707203390	23.30743408203125	-9.30743408203125	2.0	100.0	
1500676101331	7980727344992	23.0	-8.16754150390625	2.0	100.0	
1500676101348	7980747486593	23.0	-7.02764892578125	2.0	100.0	
1500676101383	7980767628195	23.0	-4.8875579833984375	1.8875579833984375	100.0	
1500676101401	7980787769796	23.0	-3.746124267578125	0.746124267578125	100.0	
1500676101418	7980807911398	22.606231689453125	-3.0	0.0	100.0	
1500676101441	7980828053000	22.0	-3.0	0.0	100.0	
1500676101454	7980848194601	22.0	-2.3264312744140625	0.0	100.0	
1500676101471	7980868336203	21.186538696289063	-2.0	0.0	100.0	
1500676101490	7980888477804	21.0	-2.0	0.0	100.0	
1500676101525	7980908619406	20.90673828125	-3.0	0.0	100.0	
1500676101542	7980928761007	20.0	-3.0	0.0	100.0	
1500676101558	7980948902609	20.0	-3.0	0.0	100.0	
1500676101578	7980969044210	19.486160278320313	-2.4861602783203125	0.0	100.0	
1500676101596	7980989185812	19.0	-1.345428466796875	0.0	100.0	
1500676101615	7981009327414	18.205535888671875	-0.205535888671875	0.0	100.0	
1500676101636	7981029469015	18.0	0.0	0.0	100.0	
1500676101665	7981049610617	16.925735473632813	1.0742645263671875	0.0	100.0	
1500676101683	7981069752218	15.785842895507813	2.0	0.0	100.0	
1500676101700	7981089893820	15.0	2.3540496826171875	0.0	100.0	
1500676101718	7981110035421	14.506057739257813	3.0	-0.4939422607421875	100.0	
1500676101736	7981130177023	14.0	3.63385009765625	-0.36614990234375	100.0	
1500676101755	7981150318625	13.22625732421875	4.0	0.0	100.0	
1500676101772	7981170460226	12.08477783203125	4.91522216796875	0.0	100.0	
1500676101809	7981190601828	11.944732666015625	4.944732666015625	-1.0	100.0	
1500676101825	7981210743429	11.0	3.804840087890625	-1.0	100.0	
1500676101841	7981230885031	11.0	2.664947509765625	-0.664947509765625	100.0	
1500676101860	7981251026632	11.0	1.525054931640625	0.0	100.0	
1500676101877	7981271168234	11.0	1.0	0.0	100.0	
1500676101894	7981291309835	11.0	1.7547454833984375	0.0	100.0	
1500676101912	7981311451437	10.105361938476563	2.8946380615234375	0.0	100.0	
1500676101947	7981331593039	8.930938720703125	2.9654693603515625	0.0	100.0	
1500676101965	7981351732586	7.0	2.0	0.0	100.0	
1500676101982	7981371874188	6.6839447021484375	2.0	0.0	100.0	
1500676102001	7981392015789	6.0	1.5440521240234375	0.0	100.0	
1500676102019	7981412157391	6.0	1.0	0.0	100.0	
1500676102042	7981432298992	6.0	1.0	0.0	100.0	
1500676102055	7981452440594	6.0	1.0	0.0	100.0	
1500676102089	7981472582196	6.0	1.0	-0.015533447265625	100.0	
1500676102105	7981492723797	6.0	1.0	-1.155426025390625	100.0	
1500676102124	7981512865399	6.0	1.0	-2.0	100.0	
1500676102142	7981533007000	6.0	1.0	-2.4352264404296875	100.0	
1500676102160	7981553148602	6.0	0.42388916015625	-3.0	100.0	
1500676102178	7981573290203	6.0	0.0	-3.7167510986328125	100.0	
1500676102194	7981593431805	6.0	-0.8566436767578125	-4.8566436767578125	100.0	
1500676102218	7981613573406	6.0	-2.993072509765625	-5.0	100.0	
1500676102246	7981633715008	4.8635711669921875	-5.272857666015625	-7.1364288330078125	100.0	
1500676102272	7981653856610	4.0	-7.276336669921875	-8.276336669921875	100.0	
1500676102282	7981673998211	3.583770751953125	-8.83245849609375	-9.416229248046875	100.0	
1500676102299	7981694139813	2.443878173828125	-11.11224365234375	-10.556121826171875	100.0	
1500676102317	7981714281414	1.303985595703125	-12.696014404296875	-11.696014404296875	100.0	
1500676102335	7981734423016	0.1640777587890625	-13.835922241210938	-12.835922241210938	100.0	
1500676102353	7981754564617	350.9255676269531	-14.977508544921875	-13.977508544921875	100.0	
1500676102387	7981774706219	356.882568359375	-16.117431640625	-14.117431640625	100.0	
1500676102406	7981794847821	355.4853210449219	-17.514678955078125	-14.742660522460938	100.0	
1500676102424	7981814989422	353.2055358886719	-19.794464111328125	-14.0	100.0	
1500676102442	7981835131024	351.462890625	-22.074249267578125	-13.462875366210938	100.0	
1500676102459	7981855272625	351.0	-25.031051635742188	-13.0	100.0	
1500676102476	7981875414227	351.0	-27.63385009765625	-11.36614990234375	100.0	
1500676102494	7981895555828	351.0	-30.870452880859375	-10.043182373046875	100.0	
1500676102528	7981915697430	351.0	-32.193756103515625	-7.9031219482421875	100.0	
1500676102546	7981935839031	351.0	-34.23832702636719	-6.7616729736328125	100.0	
1500676102564	7981955980633	350.62176513671875	-35.0	-5.62176513671875	100.0	
1500676102582	7981976122235	350.0	-35.0	-4.48187255859375	100.0	
1500676102601	7981996263836	350.0	-35.0	-4.0	100.0	
1500676102631	7982016405438	349.20208740234375	-34.20208740234375	-3.20208740234375	100.0	
1500676102638	7982036547039	348.06219482421875	-34.0	-3.0	100.0	
1500676102669	7982056688641	348.0	-35.0	-2.9222869873046875	100.0	
1500676102688	7982076830242	348.0	-35.0	-1.7823944091796875	100.0	
1500676102705	7982096971844	348.0	-35.35749816894531	-0.6425018310546875	100.0	
1500676102722	7982117113446	348.0	-36.498260498046875	0.0	100.0	
1500676102740	7982137255047	348.0	-37.0	0.6390228271484375	100.0	
1500676102759	7982157396649	348.0	-37.0	1.7789154052734375	100.0	
1500676102776	7982177538250	347.0811767578125	-36.0811767578125	2.0	100.0	
1500676102811	7982197679852	346.9412841796875	-35.9412841796875	2.0	100.0	
1500676102830	7982217821453	345.8013916015625	-35.0	2.0	100.0	
1500676102846	7982237963055	344.6614990234375	-35.0	2.0	100.0	
1500676102864	7982258104656	343.5216064453125	-35.0	2.0	100.0	
1500676102881	7982278246258	343.0	-35.0	2.0	100.0	
1500676102899	7982298387860	342.2418212890625	-35.0	2.0	100.0	
1500676102917	7982318529461	341.100341796875	-35.0	2.0	100.0	
1500676102952	7982338671063	340.96026611328125	-34.96028137207031	2.0	100.0	
1500676102970	7982358812664	340.0	-34.0	1.8203887939453125	100.0	
1500676102988	7982378954266	340.0	-33.68049621582031	1.0	100.0	
1500676103005	7982399095867	340.0	-32.54058837890625	1.0	100.0	
1500676103026	7982419237469	340.0	-31.40069580078125	1.0	100.0	
1500676103040	7982439379071	340.73919677734375	-30.26080322265625	1.73919677734375	100.0	
1500676103057	7982459520672	340.12091064453125	-29.12091064453125	2.0	100.0	
1500676103093	7982479662274	339.0	-27.981002807617188	2.0	100.0	
1500676103111	7982499803875	338.8408203125	-26.840835571289063	2.0	100.0	
1500676103128	7982519945477	338.0	-26.0	2.0	100.0	
1500676103146	7982540087078	337.5595703125	-25.559585571289063	2.0	100.0	
1500676103164	7982560228680	337.0	-25.0	2.0	100.0	
1500676103183	7982580370281	336.27978515625	-25.0	2.7201995849609375	100.0	
1500676103199	7982600511883	336.0	-25.0	3.0	100.0	
1500676103215	7982620653485	335.0	-25.0	3.0	100.0	
1500676103252	7982640795086	333.860107421875	-25.0	2.860107421875	100.0	
1500676103269	7982660936688	332.72021484375	-25.0	2.0	100.0	
1500676103288	7982681078289	332.0	-25.0	2.0	100.0	
1500676103304	7982701219891	331.439453125	-25.0	1.439453125	100.0	
1500676103322	7982721361492	330.2987976074219	-25.0	1.0	100.0	
1500676103341	7982741503094	330.0	-25.0	1.0	100.0	
1500676103357	7982761644696	329.0190124511719	-25.0	0.019012451171875	100.0	
1500676103393	7982781786297	327.87908935546875	-25.0	0.0	100.0	
1500676103419	7982801927899	326.73919677734375	-25.260787963867188	0.0	100.0	
1500676103430	7982822069500	325.59930419921875	-26.0	0.0	100.0	
1500676103446	7982842211102	325.0	-26.0	0.5405731201171875	100.0	
1500676103463	7982862352703	325.0	-26.0	1.0	100.0	
1500676103480	7982882494305	325.0	-26.0	1.0	100.0	
1500676103498	7982902635906	325.0	-26.961929321289063	1.0	100.0	
1500676103533	7982922777508	325.0	-27.0	1.0	100.0	
1500676103551	7982942919110	325.0	-27.241790771484375	1.0	100.0	
1500676103569	7982963060711	325.0	-28.0	1.0	100.0	
1500676103587	7982983202313	325.0	-28.521575927734375	0.478424072265625	100.0	
1500676103607	7983003343914	325.0	-29.0	0.0	100.0	
1500676103622	7983023485516	325.0	-29.801376342773438	0.0	100.0	
1500676103638	7983043627117	325.9412841796875	-30.0	0.0	100.0	
1500676103675	7983063768719	326.0811767578125	-30.0	-1.0	100.0	
1500676103693	7983083910321	327.0	-30.0	-1.0	100.0	
1500676103711	7983104051922	327.3626708984375	-30.0	-1.0	100.0	
1500676103728	7983124193524	328.0	-30.0	-1.0	100.0	
1500676103745	7983144335125	328.0	-29.357513427734375	-1.0	100.0	
1500676103763	7983164476727	328.0	-29.0	-1.0	100.0	
1500676103789	7983184618328	328.9222717285156	-29.0	-1.0	100.0	
1500676103816	7983204759930	329.0	-29.0	-1.0	100.0	
1500676103832	7983224901531	329.20208740234375	-29.202072143554688	-1.0	100.0	
1500676103850	7983245043133	330.0	-30.0	-1.0	100.0	
1500676103869	7983265184735	330.0	-30.0	-1.0	100.0	
1500676103886	7983285326336	330.0	-30.0	-1.0	100.0	
1500676103902	7983305467938	330.76336669921875	-30.0	-1.7633819580078125	100.0	
1500676103924	7983325609539	331.0	-30.0	-2.0	100.0	
1500676103957	7983345751141	331.0	-30.0	-2.0	100.0	
1500676103976	7983365892742	331.0	-30.0	-2.0	100.0	
1500676103992	7983386034344	331.0	-30.0	-2.0	100.0	
1500676104010	7983406175946	331.0	-30.0	-2.0	100.0	
1500676104028	7983426317547	331.6027526855469	-30.0	-2.0	100.0	
1500676104043	7983446459149	332.0	-30.0	-2.0	100.0	
1500676104062	7983466600750	332.0	-30.0	-2.0	100.0	
1500676104097	7983486742352	332.0	-30.024169921875	-2.0	100.0	
1500676104115	7983506883953	332.0	-31.0	-2.0	100.0	
1500676104134	7983527025555	332.0	-31.0	-2.0	100.0	
1500676104151	7983547167156	332.44384765625	-31.0	-2.0	100.0	
1500676104173	7983567308758	333.0	-31.0	-2.0	100.0	
1500676104190	7983587450360	333.0	-31.0	-2.0	5.0	
1500676104215	7983607591961	333.0	-31.0	-2.0	5.0	
1500676104293	7983627733563	333.0	-30.996551513671875	-2.0	5.0	
1500676104312	7983647875164	333.0	-30.0	-2.0	5.0	
1500676104324	7983668016766	333.2837219238281	-30.0	-2.0	5.0	
1500676104344	7983688158367	334.0	-30.0	-2.0	5.0	
1500676104353	7983708299969	334.0	-29.43524169921875	-2.0	5.0	
1500676104358	7983728441571	334.0	-29.0	-2.0	5.0	
1500676104365	7983748583172	334.0	-29.0	-2.0	5.0	
1500676104370	7983768724774	334.0	-29.0	-2.0	5.0	
1500676104401	7983788866375	334.0	-29.0	-2.0	5.0	
1500676104415	7983809007977	334.0	-29.0	-2.0	5.0	
1500676104431	7983829149578	334.0	-29.0	-2.0	5.0	
1500676104449	7983849291180	334.0	-29.0	-2.0	5.0	
1500676104471	7983869432781	334.0	-29.0	-2.0	5.0	
1500676104484	7983889574383	334.0	-29.825546264648438	-2.0	5.0	
1500676104501	7983909715985	334.0	-30.0	-2.0	5.0	
1500676104537	7983929857586	334.0	-30.0	-2.0	5.0	
1500676104555	7983949999188	334.0	-30.0	-2.0	5.0	
1500676104572	7983970140789	334.0	-30.0	-2.0	5.0	
1500676104589	7983990282391	334.0	-30.0	-2.0	5.0	
1500676104608	7984010423992	334.0	-30.0	-2.0	5.0	
1500676104625	7984030565594	334.0	-30.0	-2.0	5.0	
1500676104642	7984050707196	334.0	-30.0	-2.0	5.0	
1500676104678	7984070848797	334.0	-30.0	-2.0	5.0	
1500676104695	7984090990399	334.0	-30.0	-2.0	5.0	
1500676104716	7984111132000	334.0	-30.0	-2.0	5.0	
1500676104730	7984131273602	334.0	-30.0	-2.0	5.0	
1500676104748	7984151415203	334.0	-30.0	-2.0	5.0	
1500676104766	7984171556805	334.0	-30.0	-2.0	5.0	
1500676104783	7984191698406	334.0	-30.0	-2.0	5.0	
1500676104818	7984211840008	334.0	-30.0	-2.0	5.0	
1500676104836	7984231981610	334.0	-29.742172241210938	-2.0	5.0	
1500676104853	7984252123211	334.0	-29.0	-2.0	5.0	
1500676104882	7984272264813	334.5565185546875	-29.0	-2.0	5.0	
1500676104890	7984292406414	335.0	-29.0	-2.0	5.0	
1500676104908	7984312548016	335.0	-29.0	-2.0	5.0	
1500676104943	7984332689617	335.0	-29.0	-2.0	5.0	
1500676104965	7984352831219	335.0	-29.0	-2.0	5.0	
1500676104979	7984372972821	335.0	-29.0	-2.0	5.0	
1500676105010	7984393114422	335.0	-29.0	-2.0	5.0	
1500676105013	7984413256024	335.0	-29.0	-2.0	5.0	
1500676105031	7984433397625	335.0	-29.0	-2.0	5.0	
1500676105049	7984453539227	335.0	-29.0	-2.0	5.0	
1500676105083	7984473680828	335.0	-29.0	-2.0	5.0	
1500676105101	7984493822430	335.0	-29.0	-2.0	5.0	
1500676105118	7984513964031	335.0	-29.0	-1.655059814453125	5.0	
1500676105137	7984534105633	335.0	-29.0	-1.0	5.0	
1500676105153	7984554247235	335.0	-29.0	-1.0	5.0	
1500676105172	7984574388836	335.0	-29.0	-1.0	5.0	
1500676105192	7984594530438	335.9407653808594	-29.0	-1.0	5.0	
1500676105224	7984614672039	336.0	-29.0	-1.0	5.0	
1500676105242	7984634813641	336.0	-29.0	-1.0	5.0	
1500676105259	7984654955242	336.0	-29.0	-1.0	5.0	
1500676105276	7984675096844	336.0	-29.0	-1.0	5.0	
1500676105296	7984695238446	336.0	-29.0	-1.0	5.0	
1500676105313	7984715380047	336.0	-29.0	-1.0	5.0	
1500676105330	7984735521649	336.0	-29.0	-1.0	5.0	
1500676105366	7984755663250	336.0	-28.867599487304688	-1.0	5.0	
1500676105383	7984775804852	336.0	-28.0	-1.0	5.0	
1500676105403	7984795946453	336.0	-28.0	-1.0	5.0	
1500676105417	7984816088055	336.58013916015625	-28.0	-1.0	5.0	
1500676105437	7984836229656	337.0	-28.0	-1.0	5.0	
1500676105453	7984856371258	337.0	-28.0	-1.0	5.0	
1500676105488	7984876512860	337.0	-28.0	-1.0	5.0	
1500676105507	7984896654461	337.0	-28.0	-1.0	5.0	
1500676105523	7984916796063	337.0	-28.0	-1.0	5.0	
1500676105541	7984936937664	337.0	-28.0	-0.5261383056640625	5.0	
1500676105559	7984957079266	337.0	-28.0	0.0	5.0	
1500676105577	7984977220867	337.0	-28.0	0.0	5.0	
1500676105595	7984997362469	337.0	-28.0	-0.921600341796875	5.0	
1500676105630	7985017504071	337.0	-28.0	-1.0	5.0	
1500676105647	7985037645672	337.0	-28.0	-1.0	5.0	
1500676105666	7985057787274	337.0	-28.0	-1.0	5.0	
1500676105683	7985077928875	337.0	-28.0	-1.0	5.0	
1500676105699	7985098070477	337.0	-28.0	-1.0	5.0	
1500676105718	7985118212078	337.0	-28.0	-1.0	5.0	
1500676105735	7985138353680	337.0	-28.0	-1.0	5.0	
1500676105770	7985158495281	336.0	-28.0	-1.0	5.0	
1500676105789	7985178636883	336.0	-28.0	-1.2630615234375	5.0	
1500676105811	7985198778485	336.0	-28.0	-2.0	5.0	
1500676105824	7985218920086	336.56097412109375	-28.0	-2.0	5.0	
1500676105840	7985239061688	337.0	-28.0	-1.290435791015625	5.0	
1500676105858	7985259203289	337.0	-28.0	-1.8588714599609375	5.0	
1500676105898	7985279344891	337.0	-28.0	-2.0	5.0	
1500676105912	7985299486492	337.0	-28.0	-2.0	5.0	
1500676105931	7985319628094	337.0	-28.0	-2.0	5.0	
1500676105947	7985339769696	337.0	-28.0	-2.0	5.0	
1500676105964	7985359911297	337.0	-28.0	-1.395477294921875	5.0	
1500676105982	7985380052899	337.0	-28.0	-1.0	5.0	
1500676105999	7985400194500	337.0	-28.0	-1.0	5.0	
1500676106035	7985420336102	337.0	-28.0	-1.0	5.0	
1500676106052	7985440477703	337.0	-28.0	-1.0	5.0	
1500676106070	7985460619305	337.0	-28.0	-1.0	5.0	
1500676106089	7985480760906	337.0	-28.0	-1.0	5.0	
1500676106104	7985500902508	337.0	-28.0	-1.0	5.0	
1500676106123	7985521044110	337.0	-28.0	-1.0	5.0	
1500676106152	7985541185711	337.0	-28.0	-1.0	5.0	
1500676106176	7985561327313	337.0	-28.0	-1.0	5.0	
1500676106194	7985581468914	337.0	-28.0	-1.0	5.0	
1500676106213	7985601610516	337.0	-28.0	-1.3919830322265625	5.0	
1500676106231	7985621752117	337.0	-28.0	-2.0	5.0	
1500676106247	7985641893719	337.0	-28.0	-2.0	5.0	
1500676106265	7985662035321	337.0	-28.0	-2.0	5.0	
1500676106283	7985682176922	337.0	-28.0	-2.0	5.0	
1500676106317	7985702318524	337.0	-28.0	-2.0	5.0	
1500676106334	7985722460125	337.0	-28.0	-2.0	5.0	
1500676106353	7985742601727	337.0	-28.0	-2.0	5.0	
1500676106369	7985762743328	336.4156494140625	-28.0	-2.0	5.0	
1500676106387	7985782884930	336.73345947265625	-28.0	-2.0	5.0	
1500676106407	7985803026531	337.0	-28.0	-2.0	5.0	
1500676106441	7985823168133	337.0	-28.0	-2.0	5.0	
1500676106458	7985843309735	336.81915283203125	-28.0	-2.0	5.0	
1500676106476	7985863451336	336.3292541503906	-28.0	-2.0	5.0	
1500676106494	7985883592938	337.0	-28.0	-2.0	5.0	
1500676106513	7985903734539	337.0	-28.0	-2.0	5.0	
1500676106528	7985923876141	337.0	-28.0	-2.0	5.0	
1500676106546	7985944017742	337.0	-28.0	-2.0	5.0	
1500676106582	7985964159344	336.0	-28.0	-2.0	5.0	
1500676106601	7985984300946	336.0	-28.0	-2.0	5.0	
1500676106617	7986004442547	336.0	-28.0	-2.0	5.0	
1500676106634	7986024584149	336.0	-28.0	-2.0	5.0	
1500676106652	7986044725750	336.0	-28.0	-1.3292694091796875	5.0	
1500676106669	7986064867352	336.0	-28.0	-1.0	5.0	
1500676106687	7986085008953	336.0	-28.0	-1.0	5.0	
1500676106723	7986105150555	336.0	-27.0	-1.0	5.0	
1500676106740	7986125292156	336.0	-27.0	-1.0	5.0	
1500676106757	7986145433758	336.0	-27.0	-1.0	5.0	
1500676106775	7986165575360	336.0	-27.0	-1.0	5.0	
1500676106793	7986185716961	336.0	-27.0	-1.0	5.0	
1500676106809	7986205858563	336.0	-27.0	-1.0	5.0	
1500676106830	7986226000164	336.0	-27.0	-1.0	5.0	
1500676106864	7986246141766	336.0	-27.0	-1.0	5.0	
1500676106881	7986266283367	336.0	-27.0	-1.0	5.0	
1500676106899	7986286424969	336.0	-27.0	-1.0	5.0	
1500676106917	7986306566571	336.0	-27.0	-1.0	5.0	
1500676106935	7986326708172	336.0	-27.0	-1.0	5.0	
1500676106953	7986346849774	336.0	-27.0	-1.0	5.0	
1500676106971	7986366991375	336.0	-27.0	-1.0	5.0	
1500676106989	7986387132977	336.0	-27.0	-1.0	5.0	
1500676107023	7986407274578	336.0	-27.0	-1.0	5.0	
1500676107040	7986427416180	336.0	-27.0	-1.0	5.0	
1500676107058	7986447557781	336.0	-27.0	-1.0	5.0	
1500676107075	7986467699383	336.0	-27.0	-1.0	5.0	
1500676107094	7986487840985	336.342041015625	-27.0	-1.0	5.0	
1500676107111	7986507982586	337.0	-27.0	-1.0	5.0	
1500676107129	7986528124188	337.0	-27.0	-1.0	5.0	
1500676107148	7986548265789	337.0	-27.0	-1.0	5.0	
1500676107164	7986568407391	337.0	-26.2369384765625	-1.0	5.0	
1500676107183	7986588548992	337.0	-26.0	-1.0	5.0	
1500676107216	7986608690594	337.0	-26.142852783203125	-1.0	5.0	
1500676107234	7986628832196	337.0	-27.0	-1.0	5.0	
1500676107254	7986648973797	337.0	-27.0	-1.0	5.0	
1500676107270	7986669115399	337.0	-27.0	-1.0	5.0	
1500676107287	7986689257000	337.0	-27.0	-1.0	5.0	
1500676107322	7986709398602	337.0	-27.0	-1.0	5.0	
1500676107345	7986729540203	337.0	-27.0	-1.0	5.0	
1500676107357	7986749681805	337.0	-27.0	-1.0	5.0	
1500676107374	7986769823406	337.0	-27.0	-1.0	5.0	
1500676107392	7986789965008	337.0	-27.0	-1.0	5.0	
1500676107428	7986810106610	337.0	-26.916961669921875	-1.0	5.0	
1500676107446	7986830248211	337.0	-26.0	-1.0	5.0	
1500676107463	7986850389813	337.0	-26.0	-1.0	5.0	
1500676107481	7986870531414	337.0	-26.504302978515625	-1.0	5.0	
1500676107498	7986890673016	337.0	-27.0	-1.0	5.0	
1500676107518	7986910814617	337.78411865234375	-27.0	-1.0	5.0	
1500676107534	7986930956219	338.0	-27.0	-1.0	5.0	
1500676107571	7986951097821	338.0	-27.0	-1.0	5.0	
1500676107587	7986971239422	338.0	-27.0	-1.20379638671875	5.0	
1500676107605	7986991381024	338.0	-27.0	-2.0	5.0	
1500676107622	7987011522625	338.48358154296875	-27.0	-2.0	5.0	
1500676107639	7987031664227	339.0	-27.0	-2.0	5.0	
1500676107657	7987051805828	339.0	-27.0	-2.0	5.0	
1500676107679	7987071947430	339.0	-27.903274536132813	-2.9032745361328125	5.0	
1500676107714	7987092089031	339.0	-28.043167114257813	-4.0431671142578125	5.0	
1500676107730	7987112230633	339.18304443359375	-29.0	-5.0	5.0	
1500676107745	7987132372235	340.0	-29.0	-5.0	5.0	
1500676107762	7987152513836	340.0	-28.537139892578125	-5.0	5.0	
1500676107781	7987172655438	340.6027526855469	-28.0	-4.397247314453125	5.0	
1500676107798	7987192797039	341.0	-28.0	-4.0	5.0	
1500676107817	7987212938641	341.88104248046875	-28.0	-4.0	5.0	
1500676107852	7987233080242	342.0	-28.020721435546875	-4.0	5.0	
1500676107869	7987253221844	341.8393859863281	-29.0	-3.839385986328125	5.0	
1500676107886	7987273363446	341.0	-29.0	-3.0	5.0	
1500676107904	7987293505047	341.0	-29.0	-2.5595855712890625	5.0	
1500676107920	7987313646649	341.0	-29.0	-2.0	5.0	
1500676107941	7987333788250	341.0	-29.0	-2.0	5.0	
1500676107957	7987353929852	341.0	-29.0	-2.0	5.0	
1500676107974	7987374071453	341.0	-29.0	-2.0	5.0	
1500676108009	7987394213055	341.0	-29.0	-2.0	5.0	
1500676108027	7987414354656	341.0	-29.0	-2.0	5.0	
1500676108045	7987434496258	341.0	-29.0	-2.0	5.0	
1500676108061	7987454637860	341.0	-29.0	-2.0	5.0	
1500676108081	7987474779461	341.0	-29.0	-1.3005218505859375	5.0	
1500676108099	7987494921063	341.0	-28.160629272460938	-1.0	5.0	
1500676108119	7987515062664	341.0	-28.0	-1.0	5.0	
1500676108151	7987535204266	341.0	-29.0	-2.0	5.0	
1500676108168	7987555345867	341.0	-29.0	-2.0	5.0	
1500676108185	7987575487469	341.0	-29.0	-2.0	5.0	
1500676108203	7987595629071	341.0	-29.0	-2.0	5.0	
1500676108221	7987615770672	341.0	-29.0	-2.678741455078125	5.0	
1500676108238	7987635912274	341.0	-29.817230224609375	-2.182769775390625	5.0	
1500676108257	7987656053875	341.0	-30.0	-2.0	5.0	
1500676108292	7987676195477	341.0	-30.0	-2.0	5.0	
1500676108309	7987696337078	341.0	-30.0	-2.0	5.0	
1500676108327	7987716478680	341.0	-30.0	-2.0	5.0	
1500676108344	7987736620281	341.0	-30.0	-2.0	5.0	
1500676108363	7987756761883	341.0	-30.0	-2.0	5.0	
1500676108381	7987776903485	341.0	-30.0	-2.0	5.0	
1500676108397	7987797045086	340.06390380859375	-30.0	-2.0	5.0	
1500676108432	7987817186688	340.0	-30.0	-2.0	5.0	
1500676108451	7987837328289	340.0	-30.0	-2.0	5.0	
1500676108471	7987857469891	340.0	-30.0	-2.0	5.0	
1500676108485	7987877611492	340.0	-30.0	-2.0	5.0	
1500676108503	7987897753094	340.0	-30.0	-2.0	5.0	
1500676108522	7987917894696	340.0	-30.0	-2.0	5.0	
1500676108543	7987938036297	340.0	-30.0	-2.0	5.0	
1500676108575	7987958177899	340.0	-30.0	-2.0	5.0	
1500676108592	7987978319500	340.0	-30.0	-2.0	5.0	
1500676108609	7987998461102	340.0	-30.0	-2.0	5.0	
1500676108626	7988018602703	339.5250549316406	-30.0	-2.0	5.0	
1500676108644	7988038744305	339.0	-30.0	-2.0	5.0	
1500676108661	7988058885906	339.0	-30.0	-2.753021240234375	5.0	
1500676108680	7988079027508	339.0	-30.0	-3.0	5.0	
1500676108714	7988099169110	339.0	-30.0	-3.0	5.0	
1500676108732	7988119310711	339.0	-30.172698974609375	-3.0	5.0	
1500676108750	7988139452313	339.0	-31.0	-3.0	5.0	
1500676108780	7988159593914	339.0	-31.0	-3.0	5.0	
1500676108784	7988179735516	339.0	-31.0	-3.0	5.0	
1500676108802	7988199877117	339.0	-31.0	-3.0	5.0	
1500676108820	7988220018719	339.0	-30.1278076171875	-3.0	5.0	
1500676108855	7988240160321	339.0	-30.0	-3.0	5.0	
1500676108873	7988260301922	339.0	-30.0	-3.0	5.0	
1500676108890	7988280443524	339.0	-30.0	-2.7081298828125	5.0	
1500676108907	7988300585125	339.0	-30.0	-2.0	5.0	
1500676108925	7988320726727	339.0	-30.0	-2.0	5.0	
1500676108944	7988340868328	339.0	-30.0	-2.0	5.0	
1500676108961	7988361009930	339.0	-30.0	-2.0	5.0	
1500676108979	7988381151531	339.0	-30.0	-2.0	5.0	
1500676109015	7988401293133	339.0	-29.0	-2.0	5.0	
1500676109035	7988421434735	339.0	-29.0	-2.0	5.0	
1500676109051	7988441576336	339.0	-29.0	-2.0	5.0	
1500676109066	7988461717938	339.0	-29.0	-2.0	5.0	
1500676109085	7988481859539	339.0	-29.0	-2.0	5.0	
1500676109102	7988502001141	339.0	-29.0	-2.0	5.0	
1500676109120	7988522142742	339.0	-29.0	-2.0	5.0	
1500676109155	7988542284344	339.0	-29.0	-2.0	5.0	
1500676109173	7988562425946	339.0	-29.0	-2.0	5.0	
1500676109192	7988582567547	339.0	-29.0	-2.0	5.0	
1500676109208	7988602709149	339.0	-29.0	-2.0	5.0	
1500676109225	7988622850750	338.33160400390625	-29.0	-2.0	5.0	
1500676109243	7988642992352	338.0	-29.0	-2.0	5.0	
1500676109265	7988663133953	338.0	-29.0	-2.0	5.0	
1500676109296	7988683275555	338.0	-29.0	-2.0	5.0	
1500676109314	7988703417156	338.0	-29.0	-2.22796630859375	5.0	
1500676109334	7988723558758	337.63214111328125	-29.0	-3.0	5.0	
1500676109347	7988743700360	337.0	-29.0	-3.5077667236328125	5.0	
1500676109368	7988763841961	337.0	-29.647659301757813	-4.6476593017578125	5.0	
1500676109384	7988783983563	336.21246337890625	-30.0	-5.7875518798828125	5.0	
1500676109402	7988804125164	336.0	-30.0	-6.0	5.0	
1500676109437	7988824266766	335.9326477050781	-30.067352294921875	-7.067352294921875	5.0	
1500676109454	7988844408367	335.0	-31.0	-8.0	5.0	
1500676109472	7988864549969	335.0	-31.0	-8.346542358398438	5.0	
1500676109488	7988884691571	335.0	-31.485305786132813	-9.0	5.0	
1500676109507	7988904833172	334.3747863769531	-32.0	-9.625213623046875	5.0	
1500676109526	7988924974774	334.0	-32.0	-10.765106201171875	5.0	
1500676109542	7988945116375	333.0950012207031	-32.904998779296875	-11.0	5.0	
1500676109577	7988965257977	333.0	-33.0	-12.0	5.0	
1500676109596	7988985399578	333.0	-33.18479919433594	-12.184799194335938	5.0	
1500676109613	7989005541180	332.67529296875	-34.0	-13.0	5.0	
1500676109631	7989025682781	332.0	-34.0	-13.464584350585938	5.0	
1500676109648	7989045824383	332.0	-34.60447692871094	-14.0	5.0	
1500676109668	7989065965985	332.0	-35.0	-14.744384765625	5.0	
1500676109685	7989086107586	332.0	-35.0	-15.0	5.0	
1500676109719	7989106249188	332.0	-35.0	-15.0	5.0	
1500676109742	7989126390789	332.0	-35.0	-15.0	5.0	
1500676109755	7989146532391	332.0	-35.0	-15.0	5.0	
1500676109774	7989166673992	332.0	-35.0	-15.0	5.0	
1500676109791	7989186815594	332.0	-35.0	-15.0	5.0	
1500676109808	7989206957196	332.0	-35.0	-14.276351928710938	95.0	
1500676109824	7989227098797	332.8635559082031	-34.136444091796875	-14.0	95.0	
1500676109859	7989247240399	333.0034484863281	-33.996551513671875	-13.0	95.0	
1500676109880	7989267382000	334.0	-33.0	-12.856903076171875	95.0	
1500676109899	7989287523602	334.281494140625	-32.71849060058594	-11.718490600585938	95.0	
1500676109914	7989307665203	335.0	-31.578598022460938	-10.578598022460938	95.0	
1500676109932	7989327806805	335.5613098144531	-30.438690185546875	-9.438690185546875	95.0	
1500676109953	7989347948406	336.7012023925781	-29.298797607421875	-8.298797607421875	95.0	
1500676109965	7989368090008	337.0	-29.0	-7.158905029296875	95.0	
1500676109989	7989388231610	337.0	-28.019012451171875	-6.019012451171875	95.0	
1500676110020	7989408373211	337.0	-28.0	-5.8791046142578125	95.0	
1500676110039	7989428514813	337.0	-28.0	-5.0	95.0	
1500676110058	7989448656414	337.0	-28.0	-5.0	95.0	
1500676110074	7989468798016	337.0	-28.0	-5.0	95.0	
1500676110092	7989488939617	337.0	-28.0	-5.0	95.0	
1500676110110	7989509081219	337.0	-28.0	-5.0	95.0	
1500676110125	7989529222821	337.0	-28.0	-5.0	95.0	
1500676110162	7989549364422	337.0	-28.0	-4.89984130859375	95.0	
1500676110177	7989569506024	337.0	-27.759933471679688	-4.0	95.0	
1500676110195	7989589647625	337.37994384765625	-27.0	-3.6200408935546875	95.0	
1500676110212	7989609789227	338.0	-27.0	-2.4801483154296875	95.0	
1500676110230	7989629930828	338.0	-26.340255737304688	-1.3402557373046875	95.0	
1500676110247	7989650072430	338.0	-26.0	-0.200347900390625	95.0	
1500676110266	7989670214031	338.0	-26.0	0.0	95.0	
1500676110300	7989690355633	338.0	-25.077713012695313	0.0	95.0	
1500676110336	7989710497235	338.0	-26.0	0.0	95.0	
1500676110347	7989730638836	338.0	-26.0	0.0	95.0	
1500676110352	7989750780438	338.0	-26.0	0.0	95.0	
1500676110372	7989770922039	338.0	-26.0	0.0	95.0	
1500676110395	7989791063641	337.2228088378906	-26.0	0.0	95.0	
1500676110407	7989811205242	337.0	-26.0	0.917083740234375	95.0	
1500676110441	7989831346844	337.0	-26.0	1.0	95.0	
1500676110459	7989851488446	337.0	-26.0	1.0	95.0	
1500676110478	7989871630047	337.0	-26.0	1.0	95.0	
1500676110493	7989891771649	337.0	-26.0	0.5233306884765625	95.0	
1500676110511	7989911913250	337.0	-26.0	0.0	95.0	
1500676110530	7989932054852	337.0	-26.0	0.0	95.0	
1500676110549	7989952196453	337.0	-26.0	0.0	95.0	
1500676110587	7989972338055	337.0	-26.0	0.0	95.0	
1500676110606	7989992479656	337.0	-26.0	0.0	95.0	
1500676110617	7990012621258	337.0	-26.0	0.0	95.0	
1500676110635	7990032762860	337.0	-26.0	0.0	95.0	
1500676110652	7990052904461	337.0	-26.0	0.0	95.0	
1500676110670	7990073046063	337.0	-26.0	0.0	95.0	
1500676110692	7990093187664	337.0	-26.0	0.0	95.0	
1500676110730	7990113329266	337.0	-26.0	0.0	95.0	
1500676110744	7990133470867	337.0	-26.0	0.0	95.0	
1500676110759	7990153612469	337.0	-26.0	0.0	95.0	
1500676110775	7990173754071	337.0	-26.433502197265625	0.0	95.0	
1500676110838	7990193895672	337.0	-27.0	0.0	95.0	
1500676110848	7990214037274	337.0	-26.286712646484375	0.0	95.0	
1500676110857	7990234178875	337.0	-26.0	0.0	95.0	
1500676110882	7990254320477	337.0	-26.0	0.0	95.0	
1500676110900	7990274462078	337.0	-26.0	0.0	95.0	
1500676110912	7990294603680	337.0	-26.0	0.0	95.0	
1500676110929	7990314745281	337.0	-26.0	0.0	95.0	
1500676110938	7990334886883	337.0	-26.0	0.0	95.0	
1500676110961	7990355028485	337.0	-26.0	0.0	95.0	
1500676110974	7990375170086	337.0	-26.83245849609375	0.0	95.0	
1500676110990	7990395311688	337.0	-27.0	0.0	95.0	
1500676111023	7990415453289	337.0	-27.0	0.0	95.0	
1500676111063	7990435594891	337.0	-27.0	0.0	95.0	
1500676111074	7990455736492	337.0	-27.0	0.0	95.0	
1500676111093	7990475878094	337.0	-27.0	0.0	95.0	
1500676111101	7990496019696	337.0	-27.0	0.0	95.0	
1500676111111	7990516161297	337.0	-27.0	0.0	95.0	
1500676111153	7990536302899	337.0	-27.0	0.0	95.0	
1500676111165	7990556444500	337.0	-27.0	0.0	95.0	
1500676111183	7990576586102	337.0	-27.0	0.0	95.0	
1500676111198	7990596727703	337.0	-27.0	0.0	95.0	
1500676111220	7990616869305	337.0	-27.0	0.0	95.0	
1500676111234	7990637010906	337.0	-27.0	0.0	95.0	
1500676111254	7990657152508	337.0	-27.0	0.0	95.0	
1500676111273	7990677294110	337.0	-27.0	0.0	95.0	
1500676111305	7990697435711	337.0	-27.0	0.0	95.0	
1500676111332	7990717577313	337.0	-27.0	0.0	95.0	
1500676111347	7990737718914	337.0	-27.0	0.0	95.0	
1500676111357	7990757860516	337.0	-27.0	0.0	95.0	
1500676111376	7990778002117	337.0	-27.0	0.0	95.0	
1500676111393	7990798143719	337.0	-27.0	0.0	95.0	
1500676111417	7990818285321	337.0	-27.0	0.0	95.0	
1500676111450	7990838426922	337.0	-27.0	0.0	95.0	
1500676111464	7990858568524	337.0	-27.0	0.0	95.0	
1500676111482	7990878710125	337.0	-27.0	0.0	95.0	
1500676111498	7990898851727	337.0	-27.0	0.0	95.0	
1500676111516	7990918993328	337.0	-27.0	0.0	95.0	
1500676111546	7990939134930	337.0	-27.0	0.0	95.0	
1500676111572	7990959276531	337.0	-27.0	0.0	95.0	
1500676111587	7990979418133	337.0	-27.0	0.0	95.0	
1500676111608	7990999559735	337.0	-27.0	0.0	95.0	
1500676111622	7991019701336	337.0	-27.0	0.0	95.0	
1500676111640	7991039842938	337.0	-27.0	0.0	95.0	
1500676111658	7991059984539	337.0	-27.0	0.0	95.0	
1500676111676	7991080126141	337.0	-27.0	0.0	95.0	
1500676111744	7991100267742	337.0	-27.0	0.0	95.0	
1500676111752	7991120409344	336.6965026855469	-27.0	0.0	95.0	
1500676111758	7991140550946	336.0	-27.0	0.0	95.0	
1500676111770	7991160692547	336.0	-27.0	0.0	95.0	
1500676111784	7991180834149	336.7771911621094	-27.0	0.0	95.0	
1500676111812	7991200975750	337.0	-27.0	0.0	95.0	
1500676111833	7991221117352	337.0	-27.0	0.0	95.0	
1500676111851	7991241258953	337.0	-27.0	0.0	95.0	
1500676111869	7991261400555	337.0	-27.0	0.0	95.0	
1500676111896	7991281542156	337.0	-27.0	-0.5666656494140625	95.0	
1500676111920	7991301683758	337.0	-27.0	-1.0	95.0	
1500676111925	7991321825360	337.0	-27.0	-1.0	95.0	
1500676111961	7991341961798	337.0	-27.0	-1.0	95.0	
1500676111974	7991362103400	337.0	-27.0	-1.0	95.0	
1500676111992	7991382245001	337.0	-27.0	-1.0	95.0	
1500676112010	7991402386603	337.0	-27.514022827148438	-1.0	95.0	
1500676112027	7991422528204	337.0	-27.328079223632813	-1.0	95.0	
1500676112045	7991442669806	337.0	-27.0	-1.0	95.0	
1500676112063	7991462811408	337.0	-27.0	-1.0	95.0	
1500676112098	7991482953009	337.0	-27.0	-1.0	95.0	
1500676112116	7991503094611	337.0	-27.0	-1.0	95.0	
1500676112133	7991523236212	337.0	-27.0	-1.0	95.0	
1500676112151	7991543377814	337.0	-27.0	-1.0	95.0	
1500676112169	7991563519415	337.0	-27.0	-1.0	95.0	
1500676112186	7991583661017	337.0	-27.0	-1.0	95.0	
1500676112223	7991603802618	337.0	-27.0	-1.0	95.0	
1500676112239	7991623944220	337.0	-27.0	-1.0	95.0	
1500676112257	7991644085822	337.0	-27.0	-1.0	95.0	
1500676112274	7991664227423	337.0	-27.0	-1.0	95.0	
1500676112292	7991684369025	337.0	-27.0	-1.0	95.0	
1500676112310	7991704510626	337.0	-27.0	-1.0	95.0	
1500676112329	7991724652228	337.0	-27.0	-1.0	95.0	
1500676112363	7991744793829	337.0	-27.0	-1.0	95.0	
1500676112382	7991764935431	337.0	-27.0	-1.0	95.0	
1500676112399	7991785077033	337.0	-27.0	-1.0	95.0	
1500676112416	7991805218634	337.0	-27.0	-1.0	95.0	
1500676112435	7991825360236	337.0	-27.0	-1.0	95.0	
1500676112450	7991845501837	337.0	-27.0	-1.0	95.0	
1500676112468	7991865643439	337.0	-27.0	-1.0	95.0	
1500676112503	7991885785040	337.0	-27.0	-1.0	95.0	
1500676112521	7991905926642	337.0	-27.0	-1.0	95.0	
1500676112539	7991926068243	337.0	-27.0	-1.0	95.0	
1500676112557	7991946209845	337.0	-27.0	-1.0	95.0	
1500676112574	7991966351447	337.0	-27.0	-1.0	95.0	
1500676112592	7991986493048	337.0	-27.0	-1.0	95.0	
1500676112609	7992006634650	337.0	-27.0	-1.0	95.0	
1500676112645	7992026776251	337.0	-27.0	-1.0	95.0	
1500676112662	7992046917853	337.1583251953125	-27.0	-1.0	95.0	
1500676112680	7992067059454	338.0	-27.0	-1.0	95.0	
1500676112697	7992087201056	338.0	-27.0	-1.0	95.0	
1500676112715	7992107342658	338.0	-27.0	-1.0	95.0	
1500676112732	7992127484259	338.0	-27.0	-1.0	95.0	
1500676112767	7992147625861	338.0	-27.0	-1.0	95.0	
1500676112787	7992167767462	338.0	-27.0	-1.0	95.0	
1500676112804	7992187909064	338.0	-27.0	-1.0	95.0	
1500676112820	7992208050665	338.0	-27.0	-1.0	95.0	
1500676112838	7992228192267	338.0	-27.0	-1.0	95.0	
1500676112856	7992248333868	338.0	-27.0	-1.0	95.0	
1500676112873	7992268475470	338.0	-27.0	-1.0	95.0	
1500676112891	7992288617072	338.0	-27.0	-1.0	95.0	
1500676112916	7992308758673	338.0	-27.0	-1.0	95.0	
1500676112944	7992328900275	337.9122314453125	-27.0	-1.0	95.0	
1500676112963	7992349041876	337.0	-27.0	-1.0	95.0	
1500676112979	7992369183478	337.0	-27.0	-1.0	95.0	
1500676113002	7992389325079	337.0	-27.0	-1.0	95.0	
1500676113018	7992409466681	337.0	-27.0	-1.0	95.0	
1500676113032	7992429608283	337.0	-27.0	-1.0	95.0	
1500676113050	7992449749884	337.0	-27.0	-1.0	95.0	
1500676113085	7992469891486	337.0	-27.0	-1.0	95.0	
1500676113102	7992490033087	337.0	-27.0	-1.0	95.0	
1500676113120	7992510174689	337.0	-27.0	-1.0	95.0	
1500676113137	7992530316290	337.0	-27.0	-1.0	95.0	
1500676113155	7992550457892	337.0	-27.0	-1.0	95.0	
1500676113174	7992570599493	337.0	-27.0	-1.0	95.0	
1500676113190	7992590741095	337.0	-27.0	-1.0	95.0	
1500676113227	7992610882697	337.0	-27.0	-1.0	95.0	
1500676113244	7992631024298	337.0	-27.0	-1.0	95.0	
1500676113262	7992651165900	337.0	-27.0	-1.0	95.0	
1500676113279	7992671307501	337.0	-27.0	-1.0	95.0	
1500676113296	7992691449103	337.0	-27.0	-1.0	95.0	
1500676113315	7992711590704	337.0	-27.0	-1.0	95.0	
1500676113335	7992731732306	337.0	-27.0	-1.0	95.0	
1500676113348	7992751873908	337.0	-27.0	-1.0	95.0	
1500676113386	7992772015509	337.0	-27.0	-1.0	95.0	
1500676113404	7992792157111	337.0	-27.0	-1.0	95.0	
1500676113422	7992812298712	337.0	-27.0	-1.0	95.0	
1500676113440	7992832440314	337.0	-27.0	-1.0	95.0	
1500676113457	7992852581915	337.0	-27.0	-1.0	95.0	
1500676113473	7992872723517	337.0	-26.191390991210938	-1.0	95.0	
1500676113492	7992892865118	337.0	-26.0	-1.0	95.0	
1500676113525	7992913006720	337.0	-26.0	-1.0	95.0	
1500676113543	7992933148322	337.0	-26.0	-1.0	95.0	
1500676113560	7992953289923	337.0	-26.0	-1.0	95.0	
1500676113578	7992973431525	337.0	-26.0	-1.0	95.0	
1500676113597	7992993573126	337.0	-26.0	-1.0	95.0	
1500676113615	7993013714728	337.0	-26.0	-1.0	95.0	
1500676113631	7993033856329	337.0	-26.0	-1.0	95.0	
1500676113668	7993053997931	337.0	-26.0	-1.0	95.0	
1500676113686	7993074139533	337.0	-26.0	-1.0	95.0	
1500676113704	7993094281134	337.0	-26.0	-1.0	95.0	
1500676113719	7993114422736	337.0	-26.0	-1.0	95.0	
1500676113738	7993134564337	337.0	-26.0	-1.0	95.0	
1500676113755	7993154705939	337.0	-26.0	-1.0	95.0	
1500676113776	7993174847540	337.0	-26.0	-1.0	95.0	
1500676113808	7993194989142	337.0	-26.0	-1.0	95.0	
1500676113833	7993215130743	337.0	-26.0	-1.0	95.0	
1500676113843	7993235272345	337.0	-26.0	-1.0	95.0	
1500676113862	7993255413947	337.0	-26.0	-1.0	95.0	
1500676113878	7993275555548	337.0	-26.0	-1.0	95.0	
1500676113896	7993295697150	337.0	-26.0	-1.0	95.0	
1500676113914	7993315838751	337.0	-26.0	-1.0	95.0	
1500676113930	7993335980353	337.0	-26.0	-1.0	95.0	
1500676113968	7993356121954	337.0	-26.0	-1.0	95.0	
1500676113985	7993376263556	337.0	-26.0	-1.0	95.0	
1500676114003	7993396405158	337.0	-26.0	-1.0	95.0	
1500676114024	7993416546759	337.0	-26.0	-1.0	95.0	
1500676114038	7993436688361	337.0	-26.0	-1.0	95.0	
1500676114055	7993456829962	337.0	-26.0	-1.0	95.0	
1500676114072	7993476971564	337.0	-25.058624267578125	-1.0	95.0	
1500676114109	7993497113165	337.0	-25.0	-1.0	95.0	
1500676114126	7993517254767	337.0	-25.0	-1.0	95.0	
1500676114144	7993537396368	337.0	-25.0	-1.0	95.0	
1500676114162	7993557537970	337.0	-25.0	-1.0	95.0	
1500676114182	7993577679572	337.0	-25.0	-1.0	95.0	
1500676114196	7993597821173	337.0	-25.0	-1.0	95.0	
1500676114212	7993617962775	337.0	-25.0	-1.0	95.0	
1500676114248	7993638104376	337.0	-26.0	-1.0	95.0	
1500676114265	7993658245978	337.0	-26.0	-1.0	95.0	
1500676114284	7993678387579	337.0	-26.0	-1.0	95.0	
1500676114301	7993698529181	337.0	-26.0	-1.0	95.0	
1500676114318	7993718670783	337.0	-26.0	-1.0	95.0	
1500676114337	7993738812384	337.0	-25.26678466796875	-1.0	95.0	
1500676114353	7993758953986	337.0	-25.0	-1.0	95.0	
1500676114390	7993779095587	337.0	-26.0	-1.0	95.0	
1500676114408	7993799237189	337.0	-26.0	-1.0	95.0	
1500676114425	7993819378790	337.0	-26.0	-1.0	95.0	
1500676114447	7993839520392	337.0	-26.0	-1.0	95.0	
1500676114462	7993859661993	337.0	-26.0	-1.0	95.0	
1500676114481	7993879803595	337.0	-26.0	-1.0	95.0	
1500676114497	7993899945197	337.0	-26.0	-1.0	95.0	
1500676114514	7993920086798	337.0	-26.0	-1.0	95.0	
1500676114557	7993940228400	337.0	-26.0	-1.0	95.0	
1500676114566	7993960370001	337.0	-26.0	-1.0	95.0	
1500676114583	7993980511603	337.0	-26.0	-1.0	95.0	
1500676114602	7994000653204	337.0	-26.0	-1.0	95.0	
1500676114618	7994020794806	337.0	-26.0	-1.6620635986328125	95.0	
1500676114634	7994040936408	337.0	-26.0	-2.0	95.0	
1500676114654	7994061078009	337.93792724609375	-26.0	-2.93792724609375	95.0	
1500676114688	7994081219611	338.0	-27.0	-3.076507568359375	95.0	
1500676114707	7994101361212	338.0	-27.223953247070313	-4.2239532470703125	95.0	
1500676114724	7994121502814	338.0	-28.0	-5.37042236328125	95.0	
1500676114743	7994141644415	338.0	-28.0	-6.0	95.0	
1500676114760	7994161786017	338.0	-28.664337158203125	-6.664337158203125	95.0	
1500676114776	7994181927618	338.0	-29.0	-7.0	95.0	
1500676114795	7994202069220	337.041748046875	-29.0	-7.958251953125	95.0	
1500676114830	7994222210822	336.8956604003906	-30.0	-9.104339599609375	95.0	
1500676114847	7994242352423	336.0	-30.252166748046875	-10.252166748046875	95.0	
1500676114869	7994262494025	335.6007080078125	-31.3992919921875	-11.3992919921875	95.0	
1500676114887	7994282635626	335.0	-32.0	-12.54608154296875	95.0	
1500676114902	7994302777228	335.0	-32.0	-13.0	95.0	
1500676114920	7994322918829	334.1600036621094	-32.839996337890625	-13.839996337890625	95.0	
1500676114934	7994343060431	334.0	-33.0	-14.986099243164063	95.0	
1500676114971	7994363202033	333.8663330078125	-34.0	-15.1336669921875	95.0	
1500676114988	7994383343634	333.0	-34.279998779296875	-16.279998779296875	95.0	
1500676115006	7994403485236	332.57293701171875	-35.0	-17.427078247070313	95.0	
1500676115025	7994423626837	332.0	-35.57389831542969	-18.0	95.0	
1500676115041	7994443768439	332.0	-36.0	-18.720474243164063	95.0	
1500676115060	7994463910040	331.1322021484375	-36.0	-19.0	95.0	
1500676115098	7994484051642	331.0	-36.0	-19.0	95.0	
1500676115118	7994504193243	331.0	-36.0	-19.161727905273438	95.0	
1500676115135	7994524334845	331.0	-36.0	-20.0	95.0	
1500676115154	7994544476447	331.0	-36.45564270019531	-20.0	95.0	
1500676115164	7994564618048	331.0	-37.0	-20.0	95.0	
1500676115182	7994584759650	331.74957275390625	-36.25044250488281	-20.0	95.0	
1500676115199	7994604901251	332.0	-36.0	-20.0	95.0	
1500676115238	7994625042853	332.0	-36.0	-20.0	95.0	
1500676115254	7994645184454	332.0	-36.0	-20.0	95.0	
1500676115270	7994665326056	332.3367919921875	-36.0	-19.6632080078125	95.0	
1500676115289	7994685467658	333.0	-35.51652526855469	-19.0	95.0	
1500676115305	7994705609259	333.63018798828125	-34.36979675292969	-18.369796752929688	95.0	
1500676115324	7994725750861	334.77740478515625	-33.22261047363281	-17.222610473632813	95.0	
1500676115340	7994745892462	335.923583984375	-32.07640075683594	-15.152801513671875	95.0	
1500676115376	7994766034064	336.0712890625	-30.928695678710938	-13.857391357421875	95.0	
1500676115401	7994786175665	337.21875	-29.78125	-11.78125	95.0	
1500676115411	7994806317267	338.0	-29.0	-10.634796142578125	95.0	
1500676115429	7994826458868	338.0	-29.0	-10.0	95.0	
1500676115476	7994846600470	338.0	-28.34088134765625	-9.34088134765625	95.0	
1500676115481	7994866742072	338.8055419921875	-28.0	-8.1944580078125	95.0	
1500676115487	7994886883673	339.0	-28.0	-6.09393310546875	95.0	
1500676115516	7994907025275	340.0	-27.0	-4.90087890625	95.0	
1500676115534	7994927166876	340.0	-27.0	-3.75347900390625	95.0	
1500676115560	7994947308478	340.0	-27.0	-2.606964111328125	95.0	
1500676115569	7994967450079	340.0	-27.0	-2.0	95.0	
1500676115587	7994987591681	340.0	-27.0	-1.31304931640625	95.0	
1500676115606	7995007733283	339.16668701171875	-27.0	-1.0	95.0	
1500676115622	7995027874884	339.0	-26.019134521484375	-0.019134521484375	95.0	
1500676115657	7995048016486	339.0	-26.0	0.0	95.0	
1500676115681	7995068158087	338.7252197265625	-26.0	0.0	95.0	
1500676115692	7995088299689	338.0	-26.0	0.0	95.0	
1500676115712	7995108441290	338.0	-26.0	0.0	95.0	
1500676115728	7995128582892	337.28472900390625	-26.0	0.0	95.0	
1500676115746	7995148724493	337.0	-26.0	0.0	95.0	
1500676115780	7995168866095	336.9913330078125	-27.0	0.0	95.0	
1500676115798	7995189007697	336.0	-27.0	0.0	95.0	
1500676115831	7995209149298	336.0	-27.0	0.0	95.0	
1500676115859	7995229290900	336.0	-27.0	0.0	95.0	
1500676115862	7995249432501	336.0	-27.0	0.0	95.0	
1500676115871	7995269574103	336.0	-27.0	0.0	95.0	
1500676115888	7995289715704	335.10955810546875	-27.0	0.0	95.0	
1500676115925	7995309857306	335.0	-27.0	0.0	95.0	
1500676115951	7995329998908	335.0	-27.0	0.0	95.0	
1500676115990	7995350140509	335.0	-27.0	0.0	95.0	
1500676116001	7995370282111	335.0	-27.0	0.0	95.0	
1500676116011	7995390423712	335.0	-27.0	0.0	95.0	
1500676116015	7995410565314	335.0	-27.772171020507813	0.0	95.0	
1500676116028	7995430706915	335.0	-28.0	0.0	95.0	
1500676116071	7995450848517	335.0	-28.0	0.0	95.0	
1500676116080	7995470990118	335.0	-28.0	-0.2121734619140625	95.0	
1500676116098	7995491131720	335.0	-28.0	-1.0	95.0	
1500676116122	7995511273322	335.0	-28.0	-1.0	95.0	
1500676116134	7995531414923	335.0	-28.0	-1.0	95.0	
1500676116151	7995551556525	335.0	-28.0	-1.0	95.0	
1500676116169	7995571698126	335.0	-28.0	-1.0	95.0	
1500676116204	7995591839728	335.0	-28.0	-1.0	95.0	
1500676116221	7995611981329	335.0	-28.0	-1.0	95.0	
1500676116240	7995632122931	335.0	-28.0	-1.0	95.0	
1500676116256	7995652264533	335.0	-28.0	-1.0	95.0	
1500676116274	7995672406134	335.0	-28.0	-1.0	95.0	
1500676116294	7995692547736	335.0	-28.0	-1.0	95.0	
1500676116310	7995712689337	335.0	-28.0	-1.0	95.0	
1500676116345	7995732830939	335.0	-27.0	0.0	95.0	
1500676116361	7995752972540	335.0	-27.0	0.0	95.0	
1500676116380	7995773114142	335.0	-27.0	0.0	95.0	
1500676116398	7995793255743	335.0	-27.0	0.0	95.0	
1500676116415	7995813397345	335.0	-27.0	0.0	95.0	
1500676116435	7995833538947	335.0	-27.0	0.0	95.0	
1500676116468	7995853680548	335.0	-27.0	0.0	95.0	
1500676116486	7995873822150	335.0	-27.0	0.0	95.0	
1500676116502	7995893963751	335.0	-27.0	0.0	95.0	
1500676116521	7995914105353	335.0	-27.0	0.0	95.0	
1500676116539	7995934246954	335.0	-27.0	0.0	95.0	
1500676116560	7995954388556	335.0	-27.0	0.0	95.0	
1500676116574	7995974530158	335.0	-27.0	0.0	95.0	
1500676116609	7995994671759	335.0	-27.0	0.0	95.0	
1500676116627	7996014813361	335.0	-27.0	0.0	95.0	
1500676116644	7996034954962	335.0	-27.0	0.0	95.0	
1500676116663	7996055096564	335.0	-27.0	0.0	95.0	
1500676116680	7996075238165	335.0	-27.0	0.0	95.0	
1500676116697	7996095379767	335.0	-27.0	0.0	95.0	
1500676116717	7996115521368	335.0	-27.0	0.0	95.0	
1500676116751	7996135662970	335.0	-27.0	0.0	95.0	
1500676116768	7996155804572	335.0	-27.0	0.0	95.0	
1500676116788	7996175946173	335.3541564941406	-27.0	0.0	95.0	
1500676116803	7996196087775	336.0	-26.4991455078125	0.0	95.0	
1500676116820	7996216229376	336.0	-26.0	0.0	95.0	
1500676116839	7996236370978	336.0	-25.205230712890625	0.0	95.0	
1500676116856	7996256512579	336.0	-24.059036254882813	0.0	95.0	
1500676116892	7996276654181	336.0	-24.0	0.0	95.0	
1500676116908	7996296795783	336.0	-24.0	0.0	95.0	
1500676116928	7996316937384	336.0	-24.0	0.0	95.0	
1500676116944	7996337078986	336.0	-24.0	0.0	95.0	
1500676116961	7996357220587	336.0	-24.0	0.0	95.0	
1500676116981	7996377362189	336.0	-24.0	0.0	95.0	
1500676116997	7996397503790	336.0	-24.0	0.0	95.0	
1500676117033	7996417645392	336.0	-24.0	0.0	95.0	
1500676117049	7996437786993	336.0	-24.0	0.0	95.0	
1500676117068	7996457928595	336.0	-24.0	0.0	95.0	
1500676117087	7996478070197	336.0	-24.0	0.0	95.0	
1500676117104	7996498211798	336.0	-24.0	0.0	95.0	
1500676117121	7996518353400	336.0	-24.0	0.0	95.0	
1500676117139	7996538495001	336.0	-24.0	0.0	95.0	
1500676117177	7996558636603	336.0	-24.0	0.0	95.0	
1500676117198	7996578778204	336.0	-24.0	0.0	95.0	
1500676117212	7996598919806	336.0	-24.0	0.0	95.0	
1500676117226	7996619061408	336.0	-24.0	0.0	95.0	
1500676117245	7996639203009	336.0	-24.0	0.0	95.0	
1500676117262	7996659344611	336.0	-24.0	0.0	95.0	
1500676117298	7996679486212	336.0	-24.0	0.0	95.0	
1500676117315	7996699627814	336.0	-24.173599243164063	0.0	95.0	
1500676117331	7996719769415	336.0	-25.0	0.0	95.0	
1500676117351	7996739911017	336.0	-25.0	0.0	95.0	
1500676117367	7996760052618	336.0	-25.0	0.0	95.0	
1500676117385	7996780194220	336.0	-25.0	0.0	95.0	
1500676117405	7996800335822	336.0	-25.0	0.0	95.0	
1500676117438	7996820477423	336.0	-25.0	0.0	95.0	
1500676117456	7996840619025	336.0	-25.0	0.0	95.0	
1500676117473	7996860760626	336.0	-25.0	0.0	95.0	
1500676117490	7996880902228	336.0	-25.0	0.0	95.0	
1500676117510	7996901043829	336.0	-25.0	0.0	95.0	
1500676117526	7996921185431	336.0	-25.0	0.0	95.0	
1500676117543	7996941327033	336.0	-25.0	0.0	95.0	
1500676117578	7996961468634	336.0	-25.0	0.0	95.0	
1500676117596	7996981610236	336.0	-25.0	0.0	95.0	
1500676117613	7997001751837	336.0	-25.0	0.0	95.0	
1500676117631	7997021893439	336.0	-25.523468017578125	0.0	95.0	
1500676117649	7997042035040	336.0	-26.0	0.0	95.0	
1500676117668	7997062176642	336.0	-26.0	0.0	95.0	
1500676117691	7997082318243	336.0	-26.0	0.0	95.0	
1500676117720	7997102459845	336.0	-26.0	0.0	95.0	
1500676117737	7997122601447	336.0	-26.0	0.0	95.0	
1500676117762	7997142743048	336.0	-26.0	0.0	95.0	
1500676117773	7997162884650	336.0	-26.522247314453125	0.0	95.0	
1500676117791	7997183026251	336.0	-27.0	0.0	95.0	
1500676117809	7997203167853	336.0	-27.0	0.0	95.0	
1500676117829	7997223309454	336.0	-27.0	0.0	95.0	
1500676117861	7997243451056	336.0	-27.044509887695313	0.0	95.0	
1500676117877	7997263592658	336.0	-28.0	0.0	95.0	
1500676117895	7997283734259	336.0	-28.0	0.0	95.0	
1500676117913	7997303875861	336.0	-28.434921264648438	0.0	95.0	
1500676117941	7997324017462	335.4349365234375	-29.0	0.0	95.0	
1500676117948	7997344159064	335.0	-29.0	0.0	95.0	
1500676117966	7997364300665	335.0	-29.826751708984375	0.0	95.0	
1500676117985	7997384442267	335.0	-30.0	0.0	95.0	
1500676118018	7997404583868	335.0	-30.0	0.0	95.0	
1500676118038	7997424725470	335.0	-30.0	0.0	95.0	
1500676118055	7997444867072	335.0	-30.0	0.0	95.0	
1500676118072	7997465008673	335.0	-30.0	0.0	95.0	
1500676118091	7997485150275	335.0	-30.0	0.0	95.0	
1500676118108	7997505291876	335.0	-30.0	0.0	95.0	
1500676118125	7997525433478	335.0	-30.0	0.0	95.0	
1500676118145	7997545575079	335.0	-30.0	0.0	95.0	
1500676118181	7997565716681	335.0	-30.0	0.0	95.0	
1500676118195	7997585858283	335.0	-30.0	0.0	95.0	
1500676118213	7997605999884	334.60894775390625	-30.0	0.0	95.0	
1500676118230	7997626141486	334.0	-30.0	0.0	95.0	
1500676118249	7997646283087	334.0	-30.0	0.0	95.0	
1500676118266	7997666424689	334.0	-30.0	0.0	95.0	
1500676118283	7997686566290	334.0	-30.0	0.0	95.0	
1500676118319	7997706707892	334.0	-30.0	0.0	95.0	
1500676118337	7997726849493	334.0	-30.0	0.0	95.0	
1500676118356	7997746991095	334.0	-30.304794311523438	0.0	95.0	
1500676118372	7997767132697	334.0	-31.0	0.0	95.0	
1500676118392	7997787274298	334.0	-31.0	0.0	95.0	
1500676118411	7997807415900	334.0	-31.0	0.0	95.0	
1500676118426	7997827557501	334.0	-31.0	0.0	95.0	
1500676118443	7997847699103	334.0	-31.0	0.0	95.0	
1500676118479	7997867840704	334.0	-31.0	0.0	95.0	
1500676118498	7997887982306	333.78253173828125	-31.0	0.0	95.0	
1500676118523	7997908123908	333.0	-31.0	0.0	95.0	
1500676118530	7997928265509	333.0	-31.0	0.0	95.0	
1500676118547	7997948407111	333.0	-31.0	0.0	95.0	
1500676118566	7997968548712	333.0	-31.0	0.0	95.0	
1500676118582	7997988690314	333.0	-31.0	0.0	95.0	
1500676118601	7998008831915	333.0	-31.0	1.0	95.0	
1500676118637	7998028973517	333.0	-30.0	1.130126953125	95.0	
1500676118655	7998049115118	333.0	-30.0	2.0	95.0	
1500676118675	7998069256720	333.0	-30.0	2.0	95.0	
1500676118691	7998089398322	333.0	-30.520538330078125	2.0	95.0	
1500676118708	7998109539923	333.0	-31.0	2.0	95.0	
1500676118724	7998129681525	333.0	-31.0	2.0	95.0	
1500676118747	7998149823126	333.0	-31.0	2.0	95.0	
1500676118784	7998169964728	333.0	-31.0	2.0	95.0	
1500676118795	7998190106329	333.0	-31.0	2.0	95.0	
1500676118812	7998210247931	333.0	-31.0	2.0	95.0	
1500676118831	7998230389533	333.0	-31.0	2.0	95.0	
1500676118851	7998250531134	333.0	-31.0	2.0	95.0	
1500676118883	7998270672736	333.0	-31.0	2.0	95.0	
1500676118901	7998290814337	333.0	-31.0	2.0	95.0	
1500676118923	7998310955939	333.0	-31.0	1.573272705078125	95.0	
1500676118936	7998331097540	333.0	-31.0	1.0	95.0	
1500676118954	7998351239142	333.0	-31.0	1.0	95.0	
1500676118988	7998371380743	333.0	-32.0	1.0	95.0	
1500676119006	7998391522345	333.0	-32.0	1.0	95.0	
1500676119024	7998411663947	333.0	-32.0	1.0	95.0	
1500676119042	7998431805548	333.0	-32.0	1.0	95.0	
1500676119059	7998451947150	333.0	-32.0	1.0	95.0	
1500676119076	7998472088751	333.0	-32.0	1.0	95.0	
1500676119095	7998492230353	333.0	-32.0	1.0	95.0	
1500676119129	7998512371954	333.0	-32.0	1.0	95.0	
1500676119147	7998532513556	333.0	-32.0	1.0	95.0	
1500676119165	7998552655158	333.0	-32.0	1.0	95.0	
1500676119183	7998572796759	333.0	-32.0	1.0	95.0	
1500676119205	7998592938361	333.0	-32.0	1.0	95.0	
1500676119218	7998613079962	333.0	-32.0	1.0	95.0	
1500676119235	7998633221564	333.0	-32.0	1.0	95.0	
1500676119269	7998653363165	333.0	-32.0	1.0	95.0	
1500676119288	7998673504767	333.0	-32.0	1.0	95.0	
1500676119306	7998693646368	333.0	-32.0	1.0	95.0	
1500676119323	7998713787970	333.0	-32.0	1.0	95.0	
1500676119344	7998733929572	333.0	-32.0	1.0	95.0	
1500676119362	7998754071173	333.0	-32.0	1.0	95.0	
1500676119378	7998774212775	333.0	-32.0	1.0	95.0	
1500676119413	7998794354376	333.0	-32.0	1.0	95.0	
1500676119431	7998814495978	333.0	-32.0	1.0	95.0	
1500676119450	7998834637579	333.0	-32.0	1.0	95.0	
1500676119466	7998854779181	333.501708984375	-32.0	1.0	95.0	
1500676119484	7998874920783	334.0	-32.0	1.0	95.0	
1500676119502	7998895062384	334.0	-32.0	1.0	95.0	
1500676119531	7998915203986	334.0	-32.0	1.0	95.0	
1500676119552	7998935345587	334.0	-32.0	1.0	95.0	
1500676119570	7998955487189	334.0	-32.0	1.0	95.0	
1500676119587	7998975628790	334.0	-32.0	1.0	95.0	
1500676119604	7998995770392	334.0	-32.0	1.0	95.0	
1500676119623	7999015911993	334.0	-32.0	1.0	95.0	
1500676119641	7999036053595	334.0	-32.0	1.0	95.0	
1500676119660	7999056195197	334.0	-32.0	1.0	95.0	
1500676119694	7999076336798	334.0	-32.0	1.0	95.0	
1500676119713	7999096478400	334.0	-32.172698974609375	1.0	95.0	
1500676119730	7999116620001	334.0	-33.0	1.0	95.0	
1500676119748	7999136761603	334.0	-33.0	1.0	95.0	
1500676119766	7999156903204	334.0	-33.0	0.409332275390625	95.0	
1500676119786	7999177044806	334.0	-33.0	0.0	95.0	
1500676119801	7999197186408	334.0	-33.0	0.0	95.0	
1500676119836	7999217328009	334.0	-32.99137878417969	0.0086212158203125	95.0	
1500676119865	7999237469611	334.0	-32.0	1.0	95.0	
1500676119875	7999257611212	334.0	-32.0	1.0	95.0	
1500676119888	7999277752814	334.0	-32.0	1.0	95.0	
1500676119905	7999297894415	334.0	-32.0	1.0	95.0	
1500676119922	7999318036017	334.0	-32.0	1.0	95.0	
1500676119941	7999338177618	334.0	-32.0	1.0	95.0	
1500676119957	7999358319220	334.0	-32.0	1.0	95.0	
1500676119993	7999378460822	334.0	-32.0	1.0	95.0	
1500676120010	7999398602423	334.0	-32.0	1.0	95.0	
1500676120028	7999418744025	334.0	-32.0	1.0	95.0	
1500676120053	7999438885626	334.0	-32.0	1.0	95.0	
1500676120063	7999459027228	334.0	-32.0	1.0	95.0	
1500676120082	7999479168829	334.0	-32.0	1.0	95.0	
1500676120099	7999499310431	334.0	-31.041458129882813	1.0	95.0	
1500676120134	7999519452033	334.0	-31.0	1.0	95.0	
1500676120153	7999539593634	334.0	-31.0	1.0	95.0	
1500676120170	7999559735236	334.0	-31.0	1.0	95.0	
1500676120192	7999579876837	334.0	-31.0	1.0	95.0	
1500676120206	7999600018439	334.0	-31.0	1.0	95.0	
1500676120222	7999620160040	334.0	-31.0	1.0	95.0	
1500676120239	7999640301642	334.0	-31.0	1.0	95.0	
1500676120275	7999660443243	334.0	-31.0	1.0	95.0	
1500676120292	7999680584845	334.0	-31.0	1.0	95.0	
1500676120310	7999700726447	334.0	-31.0	1.0	95.0	
1500676120327	7999720868048	334.0	-31.0	1.0	95.0	
1500676120345	7999741009650	334.0	-31.0	1.0	95.0	
1500676120363	7999761151251	334.0	-31.0	1.0	95.0	
1500676120380	7999781292853	334.0	-31.0	0.093109130859375	95.0	
1500676120416	7999801434454	334.0	-31.0	0.0	95.0	
1500676120435	7999821576056	334.0	-31.0	0.0	95.0	
1500676120452	7999841717658	334.0	-31.0	0.0	95.0	
1500676120472	7999861859259	334.0	-31.0	0.0	95.0	
1500676120487	7999882000861	334.0	-31.0	0.0	95.0	
1500676120506	7999902142462	334.0	-31.0	0.0	95.0	
1500676120532	7999922284064	334.0	-31.0	0.0	95.0	
1500676120558	7999942425665	334.0	-31.0	0.0	95.0	
1500676120574	7999962567267	334.0	-31.0	0.0	95.0	
1500676120592	7999982708868	334.0	-31.0	0.0	95.0	
1500676120609	8000002850470	334.0	-31.0	0.0	95.0	
1500676120628	8000022992072	334.0	-31.0	0.578582763671875	95.0	
1500676120645	8000043133673	334.0	-31.0	1.0	95.0	
1500676120661	8000063275275	334.0	-31.0	1.0	95.0	
1500676120687	8000083416876	334.0	-31.0	1.0	95.0	
1500676120715	8000103558478	334.0	-31.0	1.0	95.0	
1500676120735	8000123700079	334.0	-31.0	1.0	95.0	
1500676120752	8000143841681	334.0	-31.0	1.0	95.0	
1500676120769	8000163983283	334.0	-31.0	1.0	95.0	
1500676120787	8000184124884	334.0	-31.0	1.0	95.0	
1500676120803	8000204266486	334.0	-31.0	1.0	95.0	
1500676120822	8000224408087	334.0	-31.0	1.0	95.0	
1500676120857	8000244549689	334.0	-31.0	1.0	95.0	
1500676120875	8000264691290	334.0	-31.0	1.0	95.0	
1500676120894	8000284832892	334.0	-31.0	1.0	95.0	
1500676120909	8000304974493	334.0	-30.471511840820313	1.0	95.0	
1500676120928	8000325116095	334.0	-30.0	1.0	95.0	
1500676120952	8000345257697	334.0	-30.0	1.0	95.0	
1500676120962	8000365399298	334.0	-30.0	1.0	95.0	
1500676120997	8000385540900	334.0	-29.915374755859375	1.0	95.0	
1500676121015	8000405682501	334.0	-29.0	1.0	95.0	
1500676121033	8000425824103	334.36376953125	-29.0	1.0	95.0	
1500676121051	8000445965704	335.0	-29.0	1.0	95.0	
1500676121067	8000466107306	335.0	-29.0	0.357513427734375	95.0	
1500676121086	8000486248908	334.218994140625	-29.0	0.0	95.0	
1500676121105	8000506390509	334.0	-29.920547485351563	0.0	95.0	
1500676121139	8000526532111	334.0	-30.060333251953125	0.0	95.0	
1500676121157	8000546673712	334.0	-31.0	0.0	95.0	
1500676121175	8000566815314	334.0	-31.0	0.0	95.0	
1500676121192	8000586956915	334.0	-31.0	-0.4775848388671875	95.0	
1500676121210	8000607098517	334.0	-31.0	-1.0	95.0	
1500676121229	8000627240118	334.0	-31.0	-0.2435302734375	95.0	
1500676121245	8000647381720	334.0	-31.0	0.0	95.0	
1500676121280	8000667523322	335.0	-30.0	0.0	95.0	
1500676121297	8000687664923	335.0	-30.0	0.0	95.0	
1500676121315	8000707806525	335.0	-29.687393188476563	0.0	95.0	
1500676121332	8000727948126	335.0	-29.0	0.0	95.0	
1500676121349	8000748089728	335.0	-29.0	0.0	95.0	
1500676121370	8000768231329	335.0	-29.0	0.0	95.0	
1500676121387	8000788372931	335.0	-28.129547119140625	0.0	95.0	
1500676121422	8000808514533	335.0	-28.0	0.0	95.0	
1500676121440	8000828656134	335.0	-28.0	0.0	95.0	
1500676121458	8000848797736	335.0	-28.0	0.0	95.0	
1500676121474	8000868939337	335.0	-28.0	0.0	95.0	
1500676121490	8000889080939	335.0	-28.0	0.0	95.0	
1500676121509	8000909222540	335.0	-28.705169677734375	0.0	95.0	
1500676121527	8000929364142	335.0	-29.0	0.0	95.0	
1500676121544	8000949505743	335.0	-29.0	0.0	95.0	
1500676121579	8000969647345	335.0	-28.87738037109375	0.0	95.0	
1500676121597	8000989788947	335.0	-28.0	0.0	95.0	
1500676121614	8001009930548	335.0	-28.0	0.0	95.0	
1500676121632	8001030072150	335.0	-28.0	0.0	95.0	
1500676121649	8001050213751	335.0	-28.0	0.0	95.0	
1500676121667	8001070355353	335.0	-27.181045532226563	0.0	95.0	
1500676121686	8001090496954	335.0	-27.958541870117188	0.0	95.0	
1500676121723	8001110638556	335.0	-28.0	0.0	95.0	
1500676121740	8001130780158	335.0	-28.0	0.0	95.0	
1500676121756	8001150921759	335.0	-28.0	0.0	95.0	
1500676121774	8001171063361	335.0	-28.0	0.0	95.0	
1500676121792	8001191204962	335.0	-28.0	0.0	95.0	
1500676121808	8001211346564	335.0	-28.0	0.0	95.0	
1500676121826	8001231488165	335.0	-28.0	0.0	95.0	
1500676121861	8001251629767	335.0	-28.0	0.0	95.0	
1500676121880	8001271771368	335.0	-28.0	0.0	95.0	
1500676121898	8001291912970	335.3505859375	-28.0	0.0	95.0	
1500676121914	8001312054572	336.0	-28.0	0.0	95.0	
1500676121932	8001332196173	336.0	-28.0	0.0	95.0	
1500676121951	8001352337775	336.0	-28.0	0.0	95.0	
1500676121967	8001372454764	336.0	-28.0	0.0	95.0	
1500676122002	8001392596366	336.0	-28.0	0.0	95.0	
1500676122020	8001412737967	336.0	-27.8134765625	0.0	95.0	
1500676122037	8001432879569	336.0	-27.0	0.0	95.0	
1500676122057	8001453021171	336.0	-27.0	0.0	95.0	
1500676122076	8001473162772	336.0	-27.0	0.0	95.0	
1500676122092	8001493304374	336.0	-27.0	0.0	95.0	
1500676122115	8001513445975	336.0	-27.88275146484375	0.0	95.0	
1500676122146	8001533587577	336.0	-28.0	0.0	95.0	
1500676122161	8001553729178	336.0	-28.0	0.0	95.0	
1500676122177	8001573870780	336.0	-28.300506591796875	0.0	95.0	
1500676122196	8001594012381	336.0	-29.0	0.0	95.0	
1500676122214	8001614153983	336.0	-29.579299926757813	0.0	95.0	
1500676122231	8001634295585	335.2815246582031	-30.0	0.0	95.0	
1500676122248	8001654437186	335.0	-30.858367919921875	0.0	95.0	
1500676122266	8001674578788	335.0	-31.0	0.0	95.0	
1500676122301	8001694720389	335.0	-32.0	0.0	95.0	
1500676122319	8001714861991	335.0	-32.0	0.0	95.0	
1500676122337	8001735003592	335.0	-32.0	0.0	95.0	
1500676122355	8001755145194	335.0	-32.0	0.0	95.0	
1500676122373	8001775286796	335.0	-32.0	0.0	95.0	
1500676122390	8001795428397	335.0	-32.0	0.0	95.0	
1500676122407	8001815569999	335.0	-32.0	0.0	95.0	
1500676122443	8001835711600	335.0	-32.0	0.0	95.0	
1500676122459	8001855853202	335.0	-32.0	0.0	95.0	
1500676122479	8001875994803	335.0	-32.0	0.0	95.0	
1500676122496	8001896136405	335.0	-32.0	0.0	95.0	
1500676122516	8001916278006	335.0	-32.0	0.0	95.0	
1500676122533	8001936419608	335.0	-32.0	0.0	95.0	
1500676122567	8001956561210	335.0	-32.0	0.0	95.0	
1500676122584	8001976702811	335.0	-32.0	0.0	95.0	
1500676122600	8001996844413	335.0	-32.0	0.0	95.0	
1500676122619	8002016986014	335.0	-32.0	0.0	95.0	
1500676122654	8002037127616	335.0	-32.0	0.0	95.0	
1500676122671	8002057269217	335.0	-32.0	0.0	95.0	
1500676122689	8002077410819	335.0	-32.0	0.0	95.0	
1500676122707	8002097552421	335.0	-32.0	0.0	95.0	
1500676122725	8002117694022	335.0	-32.0	0.0	95.0	
1500676122743	8002137835624	335.0	-32.0	0.0	95.0	
1500676122761	8002157977225	335.0	-32.0	0.0	95.0	
1500676122803	8002178118827	335.0	-33.0	0.0	95.0	
1500676122815	8002198260428	335.0	-33.0	0.0	95.0	
1500676122833	8002218402030	335.0	-33.0	0.0	95.0	
1500676122850	8002238543631	335.0	-33.56573486328125	0.0	95.0	
1500676122867	8002258685233	335.0	-33.292388916015625	0.0	95.0	
1500676122885	8002278826835	335.0	-33.0	0.0	95.0	
1500676122905	8002298968436	335.0	-33.0	0.0	95.0	
1500676122936	8002319110038	335.0	-33.0	1.0	95.0	
1500676122955	8002339251639	334.7266540527344	-33.0	1.0	95.0	
1500676122971	8002359393241	334.0	-33.0	1.0	95.0	
1500676122989	8002379534842	334.0	-33.0	1.0	95.0	
1500676123007	8002399676444	334.0	-33.0	1.0	95.0	
1500676123023	8002419818046	334.0	-33.0	1.0	95.0	
1500676123042	8002439959647	334.0	-33.0	1.0	95.0	
1500676123080	8002460101249	334.0	-33.0	1.0	95.0	
1500676123097	8002480242850	334.0	-33.0	1.0	95.0	
1500676123114	8002500384452	334.0	-33.0	1.0	95.0	
1500676123134	8002520526053	334.0	-33.0	1.0	95.0	
1500676123149	8002540667655	334.0	-33.0	1.0	95.0	
1500676123167	8002560809256	334.0	-33.0	1.0	95.0	
1500676123183	8002580950858	334.0	-33.0	1.9705810546875	95.0	
1500676123221	8002601092460	334.0	-32.88755798339844	2.0	95.0	
1500676123244	8002621234061	333.7461242675781	-31.746124267578125	2.0	95.0	
1500676123254	8002641375663	333.0	-31.0	2.0	95.0	
1500676123272	8002661517264	333.0	-30.463668823242188	2.0	95.0	
1500676123288	8002681658866	333.0	-30.0	2.0	95.0	
1500676123305	8002701800467	333.0	-30.0	2.0	95.0	
1500676123324	8002721942069	332.03973388671875	-29.03973388671875	2.0	95.0	
1500676123359	8002742083671	332.0	-28.897933959960938	2.0	95.0	
1500676123377	8002762225272	332.0	-28.0	2.0	95.0	
1500676123394	8002782366874	332.0	-27.61419677734375	2.0	95.0	
1500676123412	8002802508475	332.0	-27.0	2.0	95.0	
1500676123429	8002822650077	332.0	-27.0	2.0	95.0	
1500676123448	8002842791678	332.0	-27.0	2.0	95.0	
1500676123466	8002862933280	332.0	-27.0	2.0	95.0	
1500676123501	8002883074881	332.0	-27.0	2.0	95.0	
1500676123519	8002903216483	332.0	-27.233551025390625	2.0	95.0	
1500676123536	8002923358085	332.0	-28.0	2.0	95.0	
1500676123556	8002943499686	332.0	-28.0	2.0	95.0	
1500676123574	8002963641288	332.0	-28.65802001953125	2.0	95.0	
1500676123589	8002983782889	332.0	-29.0	2.0	95.0	
1500676123607	8003003924491	332.0	-29.0	2.0	95.0	
1500676123643	8003024066092	332.0	-29.0	2.0	95.0	
1500676123659	8003044207694	332.0	-29.0	2.0	95.0	
1500676123677	8003064349296	332.0	-29.0	2.0	95.0	
1500676123695	8003084490897	332.0	-29.0	2.0	95.0	
1500676123711	8003104632499	332.0	-28.351211547851563	2.0	95.0	
1500676123730	8003124774100	332.0	-28.0	2.0	95.0	
1500676123750	8003144915702	332.0	-28.0	2.0	95.0	
1500676123784	8003165057303	332.0	-27.927337646484375	2.0	95.0	
1500676123804	8003185198905	332.0	-27.0	2.0	95.0	
1500676123819	8003205340506	332.0	-26.643600463867188	2.0	95.0	
1500676123838	8003225482108	332.4974060058594	-26.0	2.0	95.0	
1500676123853	8003245623710	333.0	-26.0	2.0	95.0	
1500676123872	8003265765311	333.0	-26.0	2.0	95.0	
1500676123902	8003285906913	333.0	-26.0	2.0	95.0	
1500676123923	8003306048514	333.0	-26.0	2.0	95.0	
1500676123941	8003326190116	333.0	-26.0	1.7958526611328125	95.0	
1500676123958	8003346331717	333.0	-26.0	1.0	95.0	
1500676123976	8003366473319	333.0	-26.0	1.0	95.0	
1500676123993	8003386614921	333.0	-26.0	1.0	95.0	
1500676124012	8003406756522	333.0	-26.0	1.0	95.0	
1500676124028	8003426898124	333.0	-26.0	1.0	95.0	
1500676124065	8003447039725	332.0	-26.0	1.0	95.0	
1500676124082	8003467181327	332.0	-26.195159912109375	0.804840087890625	95.0	
1500676124099	8003487322928	332.0	-27.0	0.0	95.0	
1500676124117	8003507464530	332.0	-27.0	0.0	95.0	
1500676124133	8003527606131	332.0	-27.0	0.0	95.0	
1500676124154	8003547747733	332.0	-27.76123046875	0.0	95.0	
1500676124174	8003567889335	332.0	-28.0	0.0	95.0	
1500676124207	8003588030936	332.0	-28.043243408203125	0.0	95.0	
1500676124224	8003608172538	332.0	-29.0	-0.18511962890625	95.0	
1500676124241	8003628314139	332.0	-29.0	-1.0	95.0	
1500676124257	8003648455741	332.0	-29.0	-1.0	95.0	
1500676124275	8003668597342	332.0	-29.0	-1.0	95.0	
1500676124293	8003688738944	332.0	-29.0	-1.0	95.0	
1500676124311	8003708880546	332.0	-29.0	-1.0	95.0	
1500676124346	8003729022147	332.0	-29.0	-1.032867431640625	95.0	
1500676124364	8003749163749	332.0	-29.0	-2.0	95.0	
1500676124381	8003769305350	331.68341064453125	-29.0	-2.0	95.0	
1500676124397	8003789446952	331.0	-29.0	-2.0	95.0	
1500676124416	8003809588553	331.0	-29.0	-2.59930419921875	95.0	
1500676124435	8003829730155	330.259521484375	-29.0	-3.0	95.0	
1500676124452	8003849871756	330.0	-29.0	-4.764678955078125	95.0	
1500676124490	8003870013358	328.97576904296875	-30.0	-6.0242156982421875	95.0	
1500676124505	8003890154960	328.0	-30.0	-7.0	95.0	
1500676124527	8003910296561	328.30621337890625	-30.0	-6.69378662109375	95.0	
1500676124540	8003930438163	329.0	-29.551910400390625	-6.0	95.0	
1500676124562	8003950579764	329.0	-29.0	-6.0	95.0	
1500676124575	8003970721366	329.0	-29.0	-5.2681732177734375	95.0	
1500676124593	8003990862967	329.0	-29.0	-5.0	95.0	
1500676124630	8004011004569	329.0	-29.0	-5.0	95.0	
1500676124647	8004031146171	329.0	-29.15570068359375	-5.0	95.0	
1500676124663	8004051287772	329.0	-30.0	-5.0	95.0	
1500676124679	8004071429374	329.0	-30.0	-4.562286376953125	95.0	
1500676124698	8004091570975	329.57958984375	-30.0	-4.0	95.0	
1500676124717	8004111712577	330.0	-30.0	-4.0	95.0	
1500676124734	8004131854178	330.0	-30.0	-4.0	95.0	
1500676124769	8004151995780	330.0	-30.0	-3.0	95.0	
1500676124789	8004172137381	330.0	-30.0	-3.0	95.0	
1500676124805	8004192278983	330.0	-30.0	-3.0	95.0	
1500676124821	8004212420585	330.0	-30.0	-2.5709381103515625	95.0	
1500676124839	8004232562186	330.0	-30.0	-2.0	95.0	
1500676124858	8004252703788	330.7110595703125	-30.0	-2.0	95.0	
1500676124874	8004272845389	331.0	-30.0	-1.147064208984375	95.0	
1500676124893	8004292986991	331.0	-30.0	-1.0	95.0	
1500676124927	8004313128592	331.0	-29.0	-0.8635711669921875	95.0	
1500676124945	8004333270194	331.0	-29.0	0.0	95.0	
1500676124962	8004353411796	331.0	-29.0	0.0	95.0	
1500676124981	8004373553397	331.0	-28.439453125	0.0	95.0	
1500676124998	8004393694999	331.0	-28.0	0.0	95.0	
1500676125016	8004413836600	331.0	-28.842559814453125	0.0	95.0	
1500676125034	8004433978202	331.0	-29.0	0.0	95.0	
1500676125069	8004454119803	331.0	-29.0	0.0	95.0	
1500676125086	8004474261405	331.0	-29.0	0.0	95.0	
1500676125102	8004494403006	331.0	-29.0	0.0	95.0	
1500676125122	8004514544608	331.0	-29.0	0.0	95.0	
1500676125140	8004534686210	331.0	-29.0	0.0	95.0	
1500676125157	8004554827811	331.0	-29.0	0.0	95.0	
1500676125175	8004574969413	331.0	-29.0	0.0	95.0	
1500676125226	8004595111014	331.0	-29.0	0.0	95.0	
1500676125233	8004615252616	331.0	-29.0	0.0	95.0	
1500676125245	8004635394217	331.0	-29.0	0.0	95.0	
1500676125265	8004655535819	331.0	-29.0	0.0	95.0	
1500676125283	8004675677421	331.0	-29.0	0.0	95.0	
1500676125299	8004695819022	331.0	-29.0	0.0	95.0	
1500676125315	8004715960624	331.0	-29.0	0.0	95.0	
1500676125351	8004736102225	331.0	-29.0	0.0	95.0	
1500676125370	8004756243827	331.0	-29.0	0.0	95.0	
1500676125386	8004776385428	331.0	-28.610733032226563	0.0	95.0	
1500676125422	8004796527030	331.0	-28.0	0.0	95.0	
1500676125434	8004816668631	331.0	-28.0	0.0	95.0	
1500676125440	8004836810233	331.0	-28.0	0.0	95.0	
1500676125456	8004856951835	331.0	-28.0	0.0	95.0	
1500676125492	8004877093436	331.0	-28.0	0.0	95.0	
1500676125510	8004897235038	331.0	-28.0	0.0	95.0	
1500676125527	8004917376639	331.0	-28.0	0.0	95.0	
1500676125545	8004937518241	331.0	-28.0	0.0	95.0	
1500676125562	8004957659842	331.0	-28.0	0.0	95.0	
1500676125580	8004977801444	331.0	-28.0	0.0	95.0	
1500676125598	8004997943046	331.0	-28.0	0.0	95.0	
1500676125632	8005018084647	331.0	-28.0	0.0	95.0	
1500676125650	8005038226249	331.0	-28.0	0.0	95.0	
1500676125668	8005058367850	331.0	-28.0	0.0	95.0	
1500676125685	8005078509452	331.0	-28.0	0.0	95.0	
1500676125705	8005098651053	331.0	-27.347763061523438	0.0	95.0	
1500676125725	8005118792655	331.0	-27.0	0.0	95.0	
1500676125739	8005138934256	331.0	-27.0	0.0	95.0	
1500676125773	8005159075858	331.0	-28.0	0.0	95.0	
1500676125793	8005179217460	331.0	-28.0	-0.217987060546875	95.0	
1500676125809	8005199359061	330.64013671875	-28.0	-1.0	95.0	
1500676125825	8005219500663	330.0	-28.501724243164063	-1.5017242431640625	95.0	
1500676125844	8005239642264	330.0	-29.0	-2.0	95.0	
1500676125863	8005259783866	330.0	-29.0	-2.0	95.0	
1500676125882	8005279925467	330.0	-29.0	-2.0	95.0	
1500676125914	8005300067069	330.06744384765625	-28.0	-2.0	95.0	
1500676125932	8005320208671	331.0	-28.0	-2.0	95.0	
1500676125951	8005340350272	331.0	-28.0	-2.0	95.0	
1500676125968	8005360491874	331.0	-28.0	-2.0	95.0	
1500676125985	8005380633475	331.0	-28.0	-2.0	95.0	
1500676126002	8005400775077	331.0	-28.0	-2.0	95.0	
1500676126027	8005420916678	331.0	-28.0	-2.0	95.0	
1500676126055	8005441058280	331.0	-28.0	-2.0	95.0	
1500676126073	8005461199881	331.0	-28.0	-2.0	95.0	
1500676126090	8005481341483	331.0	-28.0	-2.0	95.0	
1500676126109	8005501483085	331.0	-28.0	-2.0	95.0	
1500676126126	8005521624686	331.0	-28.0	-2.0	95.0	
1500676126143	8005541766288	331.0	-28.0	-2.0	95.0	
1500676126161	8005561907889	331.0	-28.0	-2.0	95.0	
1500676126197	8005582049491	331.0	-28.0	-2.0	95.0	
1500676126214	8005602191092	331.0	-28.0	-2.0	95.0	
1500676126231	8005622332694	331.0	-28.0	-1.6695556640625	95.0	
1500676126249	8005642474296	331.0	-28.0	-1.0	95.0	
1500676126267	8005662615897	331.0	-28.0	-1.0	95.0	
1500676126286	8005682757499	331.0	-28.0	-1.0	95.0	
1500676126302	8005702899100	331.0	-28.0	-1.0	95.0	
1500676126337	8005723040702	331.0380554199219	-28.0	-1.0	95.0	
1500676126355	8005743182303	332.0	-28.0	-1.0	95.0	
1500676126373	8005763323905	332.0	-28.0	-1.0	95.0	
1500676126394	8005783465506	332.0	-28.0	-1.0	95.0	
1500676126408	8005803607108	332.0	-28.0	-1.0	95.0	
1500676126427	8005823748710	332.0	-28.0	-1.0	95.0	
1500676126445	8005843890311	332.0	-28.0	-1.0	95.0	
1500676126478	8005864031913	332.0	-28.0	-1.0	95.0	
1500676126496	8005884173514	332.0	-28.0	-1.0	95.0	
1500676126514	8005904315116	332.0	-28.0	-1.0	95.0	
1500676126531	8005924456717	332.0	-27.548446655273438	-1.0	95.0	
1500676126548	8005944598319	332.0	-27.0	-1.0	95.0	
1500676126568	8005964739921	332.0	-27.0	-1.0	95.0	
1500676126584	8005984881522	332.0	-27.0	-1.0	95.0	
1500676126620	8006005023124	332.0	-27.0	-1.0	95.0	
1500676126642	8006025164725	332.0	-27.0	-1.0	95.0	
1500676126655	8006045306327	332.0	-27.0	-1.0	95.0	
1500676126681	8006065447928	332.0	-27.0	-1.0	95.0	
1500676126688	8006085589530	332.0	-27.0	-1.0	95.0	
1500676126708	8006105731131	332.0	-27.0	-1.0	95.0	
1500676126725	8006125872733	332.0	-27.0	-0.1332244873046875	95.0	
1500676126760	8006146014335	332.0	-27.0	0.0	95.0	
1500676126778	8006166155936	332.0	-27.0	0.0	95.0	
1500676126795	8006186297538	332.0	-27.0	0.0	95.0	
1500676126814	8006206439139	332.0	-27.0	0.0	95.0	
1500676126831	8006226580741	332.0	-27.0	0.0	95.0	
1500676126848	8006246722342	332.0	-27.0	-0.7150115966796875	95.0	
1500676126866	8006266863944	332.0	-27.0	-1.0	95.0	
1500676126883	8006287005546	332.0	-27.0	-1.0	95.0	
1500676126919	8006307147147	332.0	-27.0	-1.0	95.0	
1500676126937	8006327288749	332.0	-27.0	-1.0	95.0	
1500676126955	8006347430350	332.0	-27.0	-1.0	95.0	
1500676126973	8006367571952	332.0	-27.0	-1.0	95.0	
1500676126989	8006387713553	332.0	-27.0	-1.0	95.0	
1500676127011	8006407855155	332.0	-27.0	-1.0	95.0	
1500676127026	8006427996756	332.0	-27.0	-1.0	95.0	
1500676127060	8006448138358	332.0	-27.0	-1.0	95.0	
1500676127077	8006468279960	332.0	-27.0	-1.0	95.0	
1500676127095	8006488421561	332.0	-27.0	-1.0	95.0	
1500676127113	8006508563163	332.0	-27.0	-1.0	95.0	
1500676127132	8006528704764	332.0	-27.0	-1.0	95.0	
1500676127147	8006548846366	332.0	-27.0	-0.1626434326171875	95.0	
1500676127165	8006568987967	332.0	-27.0	0.0	95.0	
1500676127200	8006589129569	332.0	-27.0	0.0	95.0	
1500676127218	8006609271171	332.0	-27.0	0.0	95.0	
1500676127237	8006629412772	332.0	-27.0	0.0	95.0	
1500676127253	8006649554374	332.0	-27.0	0.0	95.0	
1500676127271	8006669695975	332.0	-27.0	0.0	95.0	
1500676127290	8006689837577	332.0	-27.0	0.0	95.0	
1500676127306	8006709979178	332.0	-27.0	0.0	95.0	
1500676127342	8006730120780	332.0	-26.8892822265625	-1.0	95.0	
1500676127359	8006750262381	332.0	-26.0	-1.0	95.0	
1500676127377	8006770403983	332.0	-26.0	-1.0	95.0	
1500676127395	8006790545585	332.0	-26.0	-0.4654083251953125	95.0	
1500676127411	8006810687186	332.0	-26.0	0.0	95.0	
1500676127430	8006830828788	332.0	-26.0	0.0	95.0	
1500676127452	8006850970389	332.0	-26.0	0.0	95.0	
1500676127483	8006871111991	332.0	-26.0	0.0	95.0	
1500676127500	8006891253592	332.0	-26.0	0.0	95.0	
1500676127518	8006911395194	332.0	-26.0	0.0	95.0	
1500676127535	8006931536796	331.4749755859375	-26.0	0.0	95.0	
1500676127553	8006951678397	331.0	-26.0	0.0	95.0	
1500676127571	8006971819999	331.0	-26.0	0.0	95.0	
1500676127589	8006991961600	331.0	-26.0	0.0	95.0	
1500676127624	8007012103202	331.0	-26.0	0.0	95.0	
1500676127641	8007032244803	331.0	-26.0	0.0	95.0	
1500676127665	8007052386405	331.0	-26.0	0.0	95.0	
1500676127677	8007072528006	331.0	-26.0	0.0	95.0	
1500676127695	8007092669608	331.0	-26.0	0.0	95.0	
1500676127712	8007112811210	331.0	-26.0	0.0	95.0	
1500676127730	8007132952811	331.0	-26.0	0.0	95.0	
1500676127766	8007153094413	331.081298828125	-27.0	0.0	95.0	
1500676127783	8007173236014	332.0	-27.0	0.0	95.0	
1500676127802	8007193377616	332.0	-27.0	0.0	95.0	
1500676127822	8007213519217	332.0	-27.0	0.0	95.0	
1500676127835	8007233660819	332.0	-27.0	0.0	95.0	
1500676127852	8007253802421	332.0	-26.211074829101563	0.0	95.0	
1500676127871	8007273944022	332.0	-26.0	0.0	95.0	
1500676127905	8007294085624	332.0	-26.0	0.0	95.0	
1500676127924	8007314227225	332.0	-26.0	0.0	95.0	
1500676127941	8007334368827	332.0	-26.0	0.0	95.0	
1500676127959	8007354510428	332.0	-26.0	0.0	95.0	
1500676127983	8007374652030	332.0	-26.0	0.0	95.0	
1500676127993	8007394793631	332.0	-26.0	0.0	95.0	
1500676128012	8007414935233	332.0	-26.0	0.0	95.0	
1500676128047	8007435076835	331.0	-26.0	0.0	95.0	
1500676128066	8007455218436	331.0	-26.0	0.0	95.0	
1500676128084	8007475360038	331.0	-26.0	0.0	95.0	
1500676128100	8007495501639	331.0	-26.0	0.0	95.0	
1500676128118	8007515643241	331.0	-26.0	0.0	95.0	
1500676128142	8007535784842	331.0	-26.0	0.0	95.0	
1500676128157	8007555926444	331.0	-26.0	0.0	95.0	
1500676128188	8007576068046	331.0	-26.0	0.0	95.0	
1500676128206	8007596209647	331.0	-26.0	0.0	95.0	
1500676128223	8007616351249	331.0	-26.0	0.0	95.0	
1500676128242	8007636492850	331.0	-26.0	0.0	95.0	
1500676128259	8007656634452	331.0	-26.0	0.0	95.0	
1500676128275	8007676776053	331.0	-26.0	0.0	95.0	
1500676128295	8007696917655	331.0	-26.0	0.0	95.0	
1500676128329	8007717059256	331.0	-26.0	0.0	95.0	
1500676128347	8007737200858	331.0	-26.0	0.0	95.0	
1500676128365	8007757342460	331.0	-26.0	0.0	95.0	
1500676128382	8007777484061	331.0	-26.0	0.0	95.0	
1500676128401	8007797625663	331.0	-26.0	0.0	95.0	
1500676128416	8007817767264	331.0	-26.0	0.0	95.0	
1500676128435	8007837908866	331.0	-26.8909912109375	0.0	95.0	
1500676128470	8007858050467	330.9688720703125	-27.0	-1.0	95.0	
1500676128487	8007878192069	330.0	-27.0	-1.0	95.0	
1500676128505	8007898333671	330.0	-27.0	-1.3148651123046875	95.0	
1500676128522	8007918475272	330.0	-27.0	-2.0	95.0	
1500676128540	8007938616874	330.0	-27.0	-2.5975799560546875	95.0	
1500676128559	8007958758475	330.0	-26.261245727539063	-3.0	95.0	
1500676128574	8007978900077	330.0	-26.0	-3.0	95.0	
1500676128611	8007999041678	330.0	-26.022476196289063	-3.0224761962890625	95.0	
1500676128629	8008019183280	330.0	-27.0	-4.0	95.0	
1500676128646	8008039324881	330.0	-27.0	-4.0	95.0	
1500676128665	8008059466483	330.0	-27.0	-4.0	95.0	
1500676128682	8008079608085	330.0	-26.411773681640625	-4.0	95.0	
1500676128700	8008099749686	330.0	-26.728836059570313	-4.0	95.0	
1500676128717	8008119891288	330.8702392578125	-26.1297607421875	-3.1297607421875	95.0	
1500676128752	8008140032889	331.0	-26.0	-3.0	95.0	
1500676128774	8008160174491	331.0	-26.0	-3.0	95.0	
1500676128792	8008180316092	331.0	-26.0	-3.0	95.0	
1500676128804	8008200457694	331.0	-26.43597412109375	-3.0	95.0	
1500676128824	8008220599296	331.0	-27.0	-3.0	95.0	
1500676128840	8008240740897	331.0	-27.0	-3.0	95.0	
1500676128856	8008260882499	331.0	-27.0	-3.0	95.0	
1500676128893	8008281024100	331.0	-27.0	-3.0	95.0	
1500676128911	8008301165702	331.0	-27.0	-3.0	95.0	
1500676128927	8008321307303	331.0	-27.0	-3.0	95.0	
1500676128945	8008341448905	331.0	-27.0	-3.0	95.0	
1500676128967	8008361590506	331.0	-27.0	-3.0	95.0	
1500676128983	8008381732108	331.0	-27.0	-3.0	95.0	
1500676128998	8008401873710	331.0	-27.0	-3.0	95.0	
1500676129018	8008422015311	331.0	-27.0	-3.0	95.0	
1500676129051	8008442156913	331.0	-27.0	-3.133209228515625	95.0	
1500676129069	8008462298514	331.0	-27.0	-4.0	95.0	
1500676129088	8008482440116	331.0	-26.583053588867188	-4.0	95.0	
1500676129112	8008502581717	331.0	-26.0	-4.0	95.0	
1500676129127	8008522723319	331.0	-26.0	-4.0	95.0	
1500676129153	8008542864921	331.0	-25.1591796875	-3.1591796875	95.0	
1500676129164	8008563006522	331.0	-25.0	-3.0	95.0	
1500676129209	8008583148124	331.12457275390625	-26.0	-2.8754425048828125	95.0	
1500676129225	8008603289725	332.0	-26.0	-2.0	95.0	
1500676129247	8008623431327	332.0	-26.0	-2.0	95.0	
1500676129254	8008643572928	332.0	-26.0	-2.0	95.0	
1500676129262	8008663714530	332.0	-26.6903076171875	-2.0	95.0	
1500676129279	8008683856131	332.0	-27.0	-2.0	95.0	
1500676129298	8008703997733	332.0	-27.97235107421875	-2.0	95.0	
1500676129334	8008724139335	332.0	-28.0	-2.0	95.0	
1500676129354	8008744280936	332.0	-28.0	-2.0	95.0	
1500676129370	8008764422538	332.0	-28.0	-2.0	95.0	
1500676129388	8008784564139	332.0	-28.0	-2.0	95.0	
1500676129406	8008804705741	332.0	-28.0	-2.0	95.0	
1500676129423	8008824847342	332.0	-28.0	-2.0	95.0	
1500676129439	8008844988944	332.0	-27.036346435546875	-2.0	95.0	
1500676129474	8008865130546	332.0	-27.0	-2.0	95.0	
1500676129493	8008885272147	332.0	-27.0	-2.0	95.0	
1500676129510	8008905413749	332.0	-27.0	-2.0	95.0	
1500676129533	8008925555350	332.0	-27.0	-2.0	95.0	
1500676129545	8008945696952	332.0	-27.670120239257813	-2.0	95.0	
1500676129563	8008965838553	332.0	-28.0	-2.0	95.0	
1500676129579	8008985980155	332.0	-28.0	-2.0	95.0	
1500676129615	8009006121756	332.0	-28.0	-2.0	95.0	
1500676129633	8009026263358	332.0	-28.0	-2.0	95.0	
1500676129650	8009046404960	332.0	-28.0	-2.0	95.0	
1500676129670	8009066546561	332.0	-28.0	-2.0	95.0	
1500676129689	8009086688163	332.0	-28.0	-2.0	95.0	
1500676129706	8009106829764	332.0	-27.197235107421875	-2.0	95.0	
1500676129720	8009126971366	332.0	-27.0	-1.0570068359375	95.0	
1500676129760	8009147112967	332.0	-27.0	-1.0	95.0	
1500676129776	8009167254569	332.0	-27.0	-1.0	95.0	
1500676129793	8009187396171	331.63214111328125	-27.0	-1.0	95.0	
1500676129809	8009207537772	331.0	-27.0	-1.0	95.0	
1500676129828	8009227679374	331.0	-27.0	-1.0	95.0	
1500676129845	8009247820975	331.0	-27.0	-1.0	95.0	
1500676129861	8009267962577	331.0	-27.0	-1.0	95.0	
1500676129897	8009288104178	331.0	-27.0	-1.0	95.0	
1500676129914	8009308245780	331.0	-27.0	-1.0	95.0	
1500676129934	8009328387381	331.0	-27.0	-1.0	95.0	
1500676129950	8009348528983	331.0	-27.0	-1.0	95.0	
1500676129967	8009368670585	331.0	-27.0	-1.0	95.0	
1500676129986	8009388812186	331.0	-27.0	-1.0	95.0	
1500676130002	8009408953788	331.0	-27.0	-1.0	95.0	
1500676130038	8009429095389	331.0	-27.0	-1.0	95.0	
1500676130056	8009449236991	331.0	-27.0	-1.207244873046875	95.0	
1500676130074	8009469378592	331.0	-27.0	-2.0	95.0	
1500676130093	8009489520194	331.0	-27.0	-2.0	95.0	
1500676130109	8009509661796	331.0	-27.0	-2.0	95.0	
1500676130127	8009529803397	331.0	-27.0	-2.0	95.0	
1500676130146	8009549944999	331.0	-27.0	-2.0	95.0	
1500676130180	8009570086600	331.0	-27.0	-2.0	95.0	
1500676130202	8009590228202	331.0	-27.0	-2.0	95.0	
1500676130216	8009610369803	331.0	-27.0	-2.0	95.0	
1500676130232	8009630511405	331.0	-27.0	-2.0	95.0	
1500676130250	8009650653006	331.0	-27.0	-2.0	95.0	
1500676130267	8009670794608	331.0	-27.0	-2.0	95.0	
1500676130284	8009690936210	331.0	-27.0	-2.0	95.0	
1500676130320	8009711077811	331.0	-27.0	-2.0	95.0	
1500676130338	8009731219413	331.0	-27.0	-2.0	95.0	
1500676130357	8009751361014	331.0	-27.0	-2.0	95.0	
1500676130373	8009771502616	331.0	-27.0	-2.0	95.0	
1500676130391	8009791644217	331.0	-27.0	-2.0	95.0	
1500676130410	8009811785819	331.0	-27.0	-2.0	95.0	
1500676130426	8009831927421	331.0	-27.0	-2.0	95.0	
1500676130461	8009852069022	331.0	-27.0	-2.0	95.0	
1500676130479	8009872210624	331.0	-27.0	-2.0	95.0	
1500676130498	8009892352225	331.0	-27.0	-2.0	95.0	
1500676130517	8009912493827	331.0	-27.0	-2.0	95.0	
1500676130536	8009932635428	331.0	-27.0	-2.0	95.0	
1500676130549	8009952777030	331.0	-27.0	-2.0	95.0	
1500676130567	8009972918631	331.0	-27.0	-2.0	95.0	
1500676130603	8009993060233	331.0	-27.0	-2.02593994140625	95.0	
1500676130621	8010013201835	331.0	-27.0	-3.0	95.0	
1500676130638	8010033343436	331.0	-27.0	-3.0	95.0	
1500676130655	8010053485038	331.0	-27.0	-3.0	95.0	
1500676130675	8010073626639	331.0	-27.0	-3.0	95.0	
1500676130700	8010093768241	331.0	-27.0	-3.0	95.0	
1500676130711	8010113909842	331.0	-27.0	-2.12457275390625	95.0	
1500676130745	8010134051444	331.0	-27.0	-2.0	95.0	
1500676130760	8010154193046	331.0	-27.0	-2.0	95.0	
1500676130779	8010174334647	331.0	-27.0	-2.0	95.0	
1500676130800	8010194476249	331.0	-27.0	-2.0	95.0	
1500676130814	8010214617850	331.0	-27.0	-2.0	95.0	
1500676130835	8010234759452	331.0	-27.0	-2.0	95.0	
1500676130849	8010254901053	331.0	-27.0	-2.0	95.0	
1500676130884	8010275042655	331.0	-27.0	-2.0	95.0	
1500676130902	8010295184256	331.0	-27.0	-2.0	95.0	
1500676130919	8010315325858	331.0	-27.0	-2.0	95.0	
1500676130938	8010335467460	331.0	-27.0	-2.0	95.0	
1500676130954	8010355609061	331.0	-27.0	-2.0	95.0	
1500676130972	8010375750663	331.0	-27.0	-2.0	95.0	
1500676130990	8010395892264	331.0	-27.0	-2.0	95.0	
1500676131007	8010416033866	331.0	-27.0	-2.0	95.0	
1500676131043	8010436175467	331.0	-27.0	-2.0	95.0	
1500676131060	8010456317069	331.0	-27.0	-2.0	95.0	
1500676131081	8010476458671	331.0	-27.0	-2.0	95.0	
1500676131097	8010496600272	331.0	-27.0	-2.0	95.0	
1500676131112	8010516741874	331.0	-27.0	-2.0	95.0	
1500676131131	8010536883475	331.0	-27.0	-2.0	95.0	
1500676131166	8010557025077	331.0	-27.0	-2.0	95.0	
1500676131183	8010577166678	331.0	-27.0	-2.0	95.0	
1500676131202	8010597308280	331.0	-27.0	-2.0	95.0	
1500676131219	8010617449881	331.0	-27.0	-2.6612548828125	95.0	
1500676131240	8010637591483	331.0	-27.0	-3.0	95.0	
1500676131273	8010657733085	331.0	-27.0	-2.0	95.0	
1500676131289	8010677874686	331.0	-27.0	-2.0	95.0	
1500676131308	8010698016288	331.0	-27.0	-2.0	95.0	
1500676131325	8010718157889	331.0	-27.0	-2.0	95.0	
1500676131342	8010738299491	331.0	-27.0	-2.0	95.0	
1500676131361	8010758441092	331.0	-27.0	-2.0	95.0	
1500676131394	8010778582694	331.0	-27.0	-2.0	95.0	
1500676131413	8010798724296	331.0	-27.0	-2.0	95.0	
1500676131430	8010818865897	331.0	-27.0	-2.0	95.0	
1500676131448	8010839007499	331.0	-27.0	-2.0	95.0	
1500676131466	8010859149100	331.0	-27.0	-2.0	95.0	
1500676131483	8010879290702	331.87847900390625	-27.0	-2.0	95.0	
1500676131519	8010899432303	332.0	-27.0	-2.0	95.0	
1500676131536	8010919573905	332.0	-27.0	-2.0	95.0	
1500676131554	8010939715506	332.0	-27.0	-2.0	95.0	
1500676131572	8010959857108	332.0	-27.0	-2.0	95.0	
1500676131589	8010979998710	332.0	-27.0	-2.0	95.0	
1500676131607	8011000140311	332.0	-27.0	-2.0	95.0	
1500676131626	8011020281913	332.0	-27.0	-2.0	95.0	
1500676131660	8011040423514	332.0	-27.0	-2.0	95.0	
1500676131678	8011060565116	332.0	-27.0	-2.0	95.0	
1500676131694	8011080706717	332.0	-27.0	-2.0	95.0	
1500676131714	8011100848319	332.0	-27.0	-2.0	95.0	
1500676131730	8011120989921	332.0	-27.0	-2.0	95.0	
1500676131746	8011141131522	332.0	-27.0	-2.0	95.0	
1500676131766	8011161273124	332.0	-27.0	-2.0	95.0	
1500676131802	8011181414725	332.0	-27.0	-2.0	95.0	
1500676131818	8011201556327	332.0	-27.0	-2.0	95.0	
1500676131837	8011221697928	332.0	-27.0	-2.0	95.0	
1500676131853	8011241839530	331.5692138671875	-27.0	-2.0	95.0	
1500676131871	8011261981131	331.0	-27.0	-2.0	95.0	
1500676131888	8011282122733	331.0	-27.0	-2.712799072265625	95.0	
1500676131906	8011302264335	331.85467529296875	-27.0	-3.0	95.0	
1500676131924	8011322405936	332.0	-27.0	-3.0	95.0	
1500676131959	8011342553572	332.0	-27.0	-3.1366729736328125	95.0	
1500676131977	8011362695173	332.0	-27.278533935546875	-4.278533935546875	95.0	
1500676131995	8011382836775	332.0	-28.0	-5.0	95.0	
1500676132018	8011402978376	332.560546875	-28.0	-5.560546875	95.0	
1500676132030	8011423119978	333.0	-28.0	-6.0	95.0	
1500676132047	8011443261580	333.0	-28.0	-6.8442840576171875	95.0	
1500676132064	8011463403181	333.0	-28.0	-7.9844512939453125	95.0	
1500676132102	8011483544783	333.12628173828125	-27.0	-9.126296997070313	95.0	
1500676132118	8011503686384	334.0	-27.0	-10.53631591796875	95.0	
1500676132135	8011523827986	334.0	-27.0	-12.409317016601563	95.0	
1500676132152	8011543969587	334.5501708984375	-26.4498291015625	-13.0	95.0	
1500676132171	8011564111189	335.0	-26.0	-13.692031860351563	95.0	
1500676132188	8011584252790	335.0	-26.0	-14.0	95.0	
1500676132207	8011604394392	335.0	-26.0	-14.974090576171875	95.0	
1500676132241	8011624535994	335.0	-26.0	-15.11590576171875	95.0	
1500676132260	8011644677595	334.7422180175781	-26.0	-16.0	95.0	
1500676132277	8011664819197	334.0	-25.601043701171875	-16.398956298828125	95.0	
1500676132294	8011684960798	334.0	-25.0	-17.0	95.0	
1500676132311	8011705102400	334.0	-25.0	-17.0	95.0	
1500676132329	8011725244001	334.0	-25.0	-17.822097778320313	95.0	
1500676132347	8011745385603	334.0	-25.0	-18.0	95.0	
1500676132382	8011765527205	334.10552978515625	-24.89447021484375	-18.0	95.0	
1500676132400	8011785668806	335.0	-24.0	-18.0	95.0	
1500676132417	8011805810408	335.0	-24.0	-17.612457275390625	95.0	
1500676132437	8011825952009	335.0	-24.0	-17.0	95.0	
1500676132453	8011846093611	335.0	-24.0	-17.0	95.0	
1500676132471	8011866235212	335.0	-24.0	-17.0	95.0	
1500676132489	8011886376814	335.0	-24.0	-16.046722412109375	95.0	
1500676132524	8011906518415	335.0	-23.0	-15.90484619140625	95.0	
1500676132541	8011926660017	335.2366027832031	-22.763397216796875	-14.763397216796875	95.0	
1500676132558	8011946801619	336.0	-22.0	-13.245697021484375	95.0	
1500676132577	8011966943220	336.0	-21.480972290039063	-11.480972290039063	95.0	
1500676132593	8011987084822	336.660888671875	-21.0	-11.0	95.0	
1500676132612	8012007226423	337.0	-21.0	-10.198623657226563	95.0	
1500676132633	8012027368025	337.0	-21.0	-9.057098388671875	95.0	
1500676132664	8012047509626	337.0	-20.0	-7.915374755859375	95.0	
1500676132684	8012067651228	337.0	-20.0	-6.7751007080078125	95.0	
1500676132699	8012087792830	337.0	-20.0	-6.0	95.0	
1500676132717	8012107934431	337.0	-20.508636474609375	-5.491363525390625	95.0	
1500676132737	8012128076033	337.0	-21.0	-5.0	95.0	
1500676132752	8012148217634	336.2093505859375	-21.0	-5.0	95.0	
1500676132772	8012168359236	336.0	-21.932525634765625	-5.0	95.0	
1500676132807	8012188500837	336.0	-22.0	-4.0	95.0	
1500676132823	8012208642439	336.0	-22.0	-4.0	95.0	
1500676132840	8012228784040	336.0	-22.0	-4.0	95.0	
1500676132866	8012248925642	336.0	-22.0	-3.501739501953125	95.0	
1500676132877	8012269067244	335.3609619140625	-22.639022827148438	-3.0	95.0	
1500676132893	8012289208845	335.0	-23.0	-3.0	95.0	
1500676132911	8012309350447	335.0	-23.0	-3.0	95.0	
1500676132947	8012329492048	335.0	-23.063888549804688	-2.9361114501953125	95.0	
1500676132963	8012349633650	335.0	-24.0	-2.0	95.0	
1500676132983	8012369775251	335.0	-24.0	-1.65399169921875	95.0	
1500676132999	8012389916853	335.4878845214844	-24.0	-1.0	95.0	
1500676133017	8012410058455	336.0	-23.371337890625	-0.371337890625	95.0	
1500676133033	8012430200056	336.0	-23.769882202148438	0.0	95.0	
1500676133052	8012450341658	336.0	-24.0	0.0	95.0	
1500676133087	8012470483259	336.0	-24.0	0.0518951416015625	95.0	
1500676133106	8012490624861	336.0	-24.193771362304688	1.0	95.0	
1500676133122	8012510766462	336.0	-25.0	1.0	95.0	
1500676133140	8012530908064	336.0	-25.476669311523438	1.0	95.0	
1500676133160	8012551049665	336.0	-26.0	1.0	95.0	
1500676133177	8012571191267	335.240478515625	-26.0	1.0	95.0	
1500676133192	8012591332869	335.0	-26.901382446289063	1.0	95.0	
1500676133229	8012611474470	335.0	-27.0	0.9584808349609375	95.0	
1500676133247	8012631616072	335.0	-27.0	0.0	95.0	
1500676133265	8012651757673	334.67474365234375	-27.0	0.0	95.0	
1500676133281	8012671899275	334.0	-27.0	0.0	95.0	
1500676133299	8012692040876	334.0	-26.392745971679688	0.0	95.0	
1500676133317	8012712182478	334.0	-26.0	0.0	95.0	
1500676133334	8012732324080	334.0	-26.0	0.0	95.0	
1500676133369	8012752465681	334.0	-26.0311279296875	0.0	95.0	
1500676133387	8012772607283	333.8269958496094	-27.0	0.0	95.0	
1500676133404	8012792748884	333.0	-27.314865112304688	0.0	95.0	
1500676133422	8012812890486	333.0	-28.0	0.0	95.0	
