1500676308635	8177349657938	332.0	-25.0	-2.0	-1.0	
1500676308636	8177369799539	332.0	-25.0	-2.0	-1.0	
1500676308638	8177389941141	332.0	-25.390625	-2.0	-1.0	
1500676308639	8177410082743	331.46356201171875	-26.0	-2.0	-1.0	
1500676308640	8177430224344	331.0	-26.0	-2.0	-1.0	
1500676308642	8177450365946	331.0	-26.0	-2.0	-1.0	
1500676308645	8177470507547	331.0	-26.0	-2.0	-1.0	
1500676308647	8177490649149	331.0	-25.880218505859375	-2.0	-1.0	
1500676308649	8177510790750	331.0	-25.0	-2.265625	-1.0	
1500676308674	8177530932352	331.0	-24.588546752929688	-3.0	-1.0	
1500676308675	8177551073953	331.0	-24.0	-3.0	-1.0	
1500676308678	8177571215555	331.0	-24.0	-3.0	-1.0	
1500676308681	8177591357157	331.0	-24.0	-3.0	-1.0	
1500676308683	8177611498758	331.0	-24.0	-3.0	-1.0	
1500676308686	8177631640360	331.0	-24.0	-3.0	-1.0	
1500676308687	8177651781961	331.0	-24.0	-3.0	-1.0	
1500676308689	8177671923563	331.0	-24.0	-3.0	-1.0	
1500676308691	8177692065164	331.0	-24.0	-3.578125	-1.0	
1500676308692	8177712206766	331.0	-23.276046752929688	-4.0	-1.0	
1500676308695	8177732348368	330.1302185058594	-23.0	-4.0	-1.0	
1500676308699	8177752489969	330.0	-23.0	-4.0	-1.0	
1500676308701	8177772631571	330.0	-23.0	-4.0	-1.0	
1500676308702	8177792773172	330.0	-23.0	-4.0	-1.0	
1500676308704	8177812914774	330.0	-23.0	-4.0	-1.0	
1500676308708	8177833056375	330.0	-23.0	-4.0	-1.0	
1500676308710	8177853197977	330.0	-23.0	-4.0	-1.0	
1500676308714	8177873339578	330.0	-23.0	-4.0	-1.0	
1500676308726	8177893481180	330.0	-23.0	-4.0	-1.0	
1500676308729	8177913622782	330.0	-23.0	-4.0	-1.0	
1500676308732	8177933764383	330.0	-23.0	-4.0	-1.0	
1500676308741	8177953905985	330.0	-23.0	-4.0	-1.0	
1500676308743	8177974047586	329.3802185058594	-22.380218505859375	-4.0	-1.0	
1500676308758	8177994189188	329.0	-22.0	-4.0	-1.0	
1500676308760	8178014330789	329.0	-22.0	-4.0	-1.0	
1500676308765	8178034472391	329.0	-22.0	-3.0	-1.0	
1500676308767	8178054613993	329.0	-22.203125	-3.0	-1.0	
1500676308768	8178074755594	329.0	-23.0	-3.0	-1.0	
1500676308770	8178094897196	329.0	-23.0	-3.0	-1.0	
1500676308771	8178115038797	329.0	-23.0	-3.0	-1.0	
1500676308773	8178135180399	329.0	-23.786453247070313	-3.7864532470703125	-1.0	
1500676308774	8178155322000	329.0	-24.0	-4.0	-1.0	
1500676308777	8178175463602	329.0	-24.0	-3.0	-1.0	
1500676308781	8178195605203	329.0	-24.0	-3.0	-1.0	
1500676308783	8178215746805	329.0	-24.0	-3.0	-1.0	
1500676308784	8178235888407	329.515625	-24.0	-3.0	-1.0	
1500676308786	8178256030008	330.0	-24.0	-3.0	-1.0	
1500676308787	8178276171610	330.0	-24.0	-3.0	-1.0	
1500676308792	8178296313211	330.0	-23.046875	-3.0	-1.0	
1500676308796	8178316454813	330.0	-23.0	-3.0	-1.0	
1500676308801	8178336596414	330.0	-22.755218505859375	-3.0	-1.0	
1500676308803	8178356738016	330.0	-22.0	-3.0	-1.0	
1500676308809	8178376879618	330.0	-22.0	-3.0	-1.0	
1500676308815	8178397021219	330.0	-22.0	-3.0	-1.0	
1500676308820	8178417162821	330.0	-22.0	-3.0	-1.0	
1500676308821	8178437304422	330.0	-22.0	-3.0	-1.0	
1500676308826	8178457446024	330.0	-23.0	-2.0	-1.0	
1500676308827	8178477587625	330.0	-23.0	-2.0	-1.0	
1500676308842	8178497729227	330.0	-22.588546752929688	-2.0	-1.0	
1500676308843	8178517870828	330.0	-22.0	-2.0	-1.0	
1500676308848	8178538012430	330.0	-22.0	-2.0	-1.0	
1500676308853	8178558154032	330.0	-22.0	-2.0	-1.0	
1500676308859	8178578295633	330.0	-22.0	-2.0	-1.0	
1500676308863	8178598437235	330.0	-22.0	-2.0	-1.0	
1500676308865	8178618578836	330.0	-22.0	-2.0	-1.0	
1500676308867	8178638720438	330.0	-22.0	-2.0	-1.0	
1500676308868	8178658862039	330.0	-22.0	-2.0	-1.0	
1500676308869	8178679003641	330.0	-22.0	-2.0	-1.0	
1500676308870	8178699145243	330.0	-22.0	-2.0	-1.0	
1500676308874	8178719286844	330.0	-22.0	-2.0	-1.0	
1500676308877	8178739428446	330.0	-22.0	-2.0	-1.0	
1500676308882	8178759570047	330.0	-22.0	-2.0	-1.0	
1500676308883	8178779711649	330.0	-22.0	-2.0	-1.0	
1500676308884	8178799853250	330.0	-22.0	-2.0	-1.0	
1500676308885	8178819994852	330.0	-22.0	-2.0	-1.0	
1500676308887	8178840136453	330.0	-22.0	-2.0	-1.0	
1500676308891	8178860278055	330.0	-22.0	-2.0	-1.0	
1500676308893	8178880419657	330.0	-22.0	-2.0	-1.0	
1500676308895	8178900561258	330.0	-22.0	-2.0	-1.0	
1500676308896	8178920702860	330.0	-22.0	-2.0	-1.0	
1500676308908	8178940844461	330.0	-22.0	-2.0	-1.0	
1500676308909	8178960986063	330.0	-22.765625	-2.0	-1.0	
1500676308911	8178981127664	330.0	-23.0	-2.0	-1.0	
1500676308921	8179001269266	329.0	-22.0	-2.0	-1.0	
1500676308923	8179021410868	329.0	-22.0	-2.0	-1.0	
1500676308924	8179041552469	329.0	-22.0	-2.0	-1.0	
1500676308926	8179061694071	329.0	-22.0	-2.0	-1.0	
1500676308926	8179081835672	329.0	-22.0	-2.0	-1.0	
1500676308928	8179101977274	329.0	-22.0	-2.0	-1.0	
1500676308930	8179122118875	329.9322814941406	-22.0	-2.0	-1.0	
1500676308932	8179142260477	330.0	-22.0	-2.0	-1.0	
1500676308934	8179162402078	330.0	-22.0	-1.7760467529296875	-1.0	
1500676308936	8179182543680	330.0	-22.0	-1.369781494140625	-1.0	
1500676308937	8179202685282	330.515625	-21.484375	-1.484375	-1.0	
1500676308950	8179222826883	331.0	-21.0	-1.0	-1.0	
1500676308951	8179242968485	331.0	-21.0	-1.0	-1.0	
1500676308953	8179263110086	331.0	-21.0	-1.0	-1.0	
1500676308956	8179283251688	331.0	-21.0	-1.0	-1.0	
1500676308957	8179303393289	331.0	-21.0	-1.244781494140625	-1.0	
1500676308959	8179323534891	331.0	-21.0	-2.0	-1.0	
1500676308960	8179343676493	331.0	-21.536453247070313	-2.0	-1.0	
1500676308962	8179363818094	331.0	-22.0	-1.317718505859375	-1.0	
1500676308963	8179383959696	331.0	-22.0	-1.0	-1.0	
1500676308965	8179404101297	331.0	-22.0	-1.9739532470703125	-1.0	
1500676308967	8179424242899	331.0	-22.0	-2.0	-1.0	
1500676308969	8179444384500	331.0	-22.0	-2.0	-1.0	
1500676308970	8179464526102	331.0	-22.0	-2.0	-1.0	
1500676308971	8179484667703	331.0	-22.0	-2.0	-1.0	
1500676308973	8179504809305	331.0	-22.0	-2.0	-1.0	
1500676308981	8179524950907	331.0	-22.0	-2.0	-1.0	
1500676308984	8179545092508	331.0	-22.0	-2.0	-1.0	
1500676308987	8179565234110	331.0	-22.0	-2.0	-1.0	
1500676308988	8179585375711	331.0	-22.286453247070313	-2.0	-1.0	
1500676308990	8179605517313	331.0	-23.0	-2.0	-1.0	
1500676308991	8179625658914	331.0	-23.0	-2.0	-1.0	
1500676308993	8179645800516	331.0	-23.0	-2.0	-1.0	
1500676308994	8179665942118	331.0	-23.0	-2.0	-1.0	
1500676308996	8179686083719	331.0	-23.0	-2.0	-1.0	
1500676308998	8179706225321	331.0	-23.0	-2.0	-1.0	
1500676309011	8179726366922	331.0	-23.0	-2.0	-1.0	
1500676309013	8179746508524	331.0	-23.0	-2.0	-1.0	
1500676309014	8179766650125	331.0	-23.0	-2.0	-1.0	
1500676309016	8179786791727	331.0	-23.0	-2.0	-1.0	
1500676309017	8179806933328	331.0	-23.0	-2.0	-1.0	
1500676309020	8179827074930	331.0	-23.0	-2.0	-1.0	
1500676309021	8179847216532	331.0	-23.182281494140625	-2.0	-1.0	
1500676309023	8179867358133	331.0	-24.0	-2.0	-1.0	
1500676309024	8179887499735	331.0	-23.526046752929688	-2.0	-1.0	
1500676309025	8179907641336	331.0	-23.0	-2.0	-1.0	
1500676309027	8179927782938	331.0	-23.0	-2.0	-1.0	
1500676309028	8179947924539	331.0	-23.0	-2.0	-1.0	
1500676309031	8179968066141	331.0	-23.0	-2.0	-1.0	
1500676309033	8179988207743	331.0	-23.203125	-2.0	-1.0	
1500676309034	8180008349344	331.0	-24.0	-2.0	-1.0	
1500676309036	8180028490946	331.0	-24.0	-2.0	-1.0	
1500676309037	8180048632547	331.0	-24.0	-2.0	-1.0	
1500676309038	8180068774149	331.0	-24.0	-2.0	-1.0	
1500676309040	8180088915750	331.0	-24.0	-2.0	-1.0	
1500676309052	8180109057352	331.0	-24.0	-1.921875	-1.0	
1500676309054	8180129198953	331.0	-24.0	-1.0	-1.0	
1500676309055	8180149340555	331.0	-24.0	-1.0	-1.0	
1500676309056	8180169482157	331.0	-24.0	-1.0	-1.0	
1500676309058	8180189623758	331.0	-24.0	-1.0	-1.0	
1500676309068	8180209765360	331.0	-24.0	-1.0	-1.0	
1500676309069	8180229906961	331.0	-24.0	-1.953125	-1.0	
1500676309073	8180250048563	331.0	-24.0	-1.0	-1.0	
1500676309080	8180270190164	331.0	-24.0	-1.0	-1.0	
1500676309081	8180290331766	331.0	-24.0	-1.390625	-1.0	
1500676309083	8180310473368	331.0	-24.0	-2.0	-1.0	
1500676309100	8180330614969	331.0	-24.0	-2.0	-1.0	
1500676309101	8180350756571	331.0	-24.0	-2.0	-1.0	
1500676309103	8180370898172	331.0	-24.0	-2.0	-1.0	
1500676309105	8180391039774	331.0	-24.0	-2.0	-1.0	
1500676309107	8180411181375	331.0	-24.265625	-2.0	-1.0	
1500676309108	8180431322977	331.0	-25.0	-2.0	-1.0	
1500676309110	8180451464578	331.0	-25.0	-2.0	-1.0	
1500676309342	8180471606180	331.0	-25.0	-2.0	-1.0	
1500676311960	8180491747782	331.0	-25.0	-2.0	-1.0	
1500676311962	8180511889383	331.0	-25.0	-2.0	-1.0	
1500676312134	8180532030985	331.0	-25.0	-2.0	-1.0	
1500676312148	8180552172586	331.0	-25.0	-2.0	-1.0	
1500676312160	8180572314188	331.0	-25.0	-2.0	-1.0	
1500676312165	8180592455789	331.0	-25.0	-2.0	-1.0	
1500676313244	8180612597391	331.0	-25.0	-2.0	-1.0	
1500676313246	8180632738993	331.0	-25.0	-2.0	-1.0	
1500676313643	8180652880594	331.0	-25.0	-2.0	-1.0	
1500676313645	8180673022196	331.0	-25.0	-2.0	-1.0	
1500676313646	8180693163797	331.0	-25.0	-2.0	-1.0	
1500676313648	8180713305399	331.0	-25.0	-1.546875	-1.0	
1500676313649	8180733447000	331.0	-25.0	-1.0	-1.0	
1500676313656	8180753588602	331.0	-25.0	-1.0	-1.0	
1500676313658	8180773730203	331.0	-25.890625	-1.0	-1.0	
1500676313981	8180793871805	331.0	-26.0	-1.0	-1.0	
1500676313984	8180814013407	330.8802795410156	-26.0	-0.880279541015625	-1.0	
1500676313985	8180834155008	330.0	-26.232711791992188	0.0	-1.0	
1500676313987	8180854296610	330.0	-26.654312133789063	0.0	-1.0	
1500676313990	8180874438211	330.0	-26.0	0.0	-1.0	
1500676314131	8180894579813	330.0	-26.0	0.0	-1.0	
1500676314133	8180914721414	330.0	-25.316513061523438	0.0	-1.0	
1500676314913	8180934863016	330.0	-25.0	0.0	-1.0	
1500676314914	8180955004618	330.0	-25.0	0.0	-1.0	
1500676315441	8180975146219	330.0	-25.0	0.0	-1.0	
1500676315446	8180995287821	329.8651123046875	-25.0	0.0	-1.0	
1500676315460	8181015429422	329.0	-25.0	0.0	-1.0	
1500676315462	8181035571024	329.0	-25.0	0.0	-1.0	
1500676315471	8181055712625	329.0	-25.473861694335938	0.0	-1.0	
1500676315475	8181075854227	329.0	-26.0	0.0	-1.0	
1500676315493	8181095995828	329.0	-26.0	0.0	-1.0	
1500676315495	8181116137430	329.0	-26.0	0.81280517578125	-1.0	
1500676315498	8181136279032	329.0	-25.074203491210938	1.0	-1.0	
1500676315512	8181156420633	329.0	-25.0	1.0	-1.0	
1500676315517	8181176562235	329.0	-25.0	1.0	-1.0	
1500676315521	8181196703836	329.0	-25.0	1.0	-1.0	
1500676315523	8181216845438	329.0	-25.0	1.0	-1.0	
1500676315526	8181236987039	329.0	-25.0	1.0	-1.0	
1500676315534	8181257128641	329.0	-25.0	1.0	-1.0	
1500676315536	8181277270243	329.0	-25.0	1.0	-1.0	
1500676315542	8181297411844	329.0	-26.0	1.0	-1.0	
1500676315545	8181317553446	329.0	-26.0	1.0	-1.0	
1500676315548	8181337695047	329.0	-26.0	1.0	-1.0	
1500676315633	8181357844201	329.0	-25.500885009765625	1.0	-1.0	
1500676315634	8181377985802	329.0	-25.0	1.0	-1.0	
1500676316101	8181398127404	329.0	-25.0	1.0	-1.0	
1500676316103	8181418269005	329.0	-25.0	1.0	-1.0	
1500676316802	8181438410607	329.0	-25.0	1.0	-1.0	
1500676317194	8181458552209	329.0	-25.0	0.7250518798828125	-1.0	
1500676317196	8181478693810	329.0	-25.0	0.0	-1.0	
1500676317197	8181498835412	329.0	-25.0	0.0	-1.0	
1500676317220	8181518977013	329.0	-25.0	0.0	-1.0	
1500676317317	8181539118615	329.0	-25.0	0.0	-1.0	
1500676317341	8181559260216	329.0	-26.0	0.0	-1.0	
1500676317349	8181579401818	329.0	-26.0	0.0	-1.0	
1500676317351	8181599543420	329.0	-26.0	0.0	-1.0	
1500676317358	8181619685021	329.0	-26.0	0.0	-1.0	
1500676317360	8181639826623	329.0	-26.0	0.0	-1.0	
1500676317371	8181659968224	329.0	-26.0	0.0	-1.0	
1500676317374	8181680109826	329.0	-26.0	0.0	-1.0	
1500676317546	8181700251427	329.0	-26.8636474609375	0.0	-1.0	
1500676318110	8181720393029	329.0	-26.0	0.0	-1.0	
1500676318112	8181740534630	329.0	-26.0	0.0	-1.0	
1500676318113	8181760676232	329.0	-26.0	0.0	-1.0	
1500676318121	8181780817834	329.0	-26.0	0.0	-1.0	
1500676318122	8181800959435	329.0	-26.0	0.0	-1.0	
1500676318127	8181821101037	329.0	-26.0	0.0	-1.0	
1500676318129	8181841242638	329.0	-26.0	0.0	-1.0	
1500676318133	8181861384240	329.0	-25.62347412109375	0.0	-1.0	
1500676318136	8181881525841	329.0	-25.0	0.0	-1.0	
1500676318281	8181901667443	329.0	-25.0	0.0	-1.0	
1500676318284	8181921809045	329.0	-25.0	0.0	-1.0	
1500676318440	8181941950646	329.0	-25.0	0.0	-1.0	
1500676318446	8181962092248	329.0	-25.0	0.0	-1.0	
1500676318455	8181982233849	329.0	-25.306472778320313	-0.3064727783203125	-1.0	
1500676318458	8182002375451	329.0	-26.0	-0.53765869140625	-1.0	
1500676318461	8182022517052	329.0	-26.0	0.0	-1.0	
1500676318467	8182042658654	329.0	-26.0	0.0	-1.0	
1500676318470	8182062800255	329.0	-26.0	0.0	-1.0	
1500676318477	8182082941857	329.0	-26.0	0.0	-1.0	
1500676318478	8182103083459	329.0	-26.0	0.0	-1.0	
1500676318485	8182123225060	329.0	-25.607711791992188	-0.3922882080078125	-1.0	
1500676318487	8182143366662	329.0	-25.0	-1.0	-1.0	
1500676318624	8182163508263	328.2977294921875	-25.0	-1.0	-1.0	
1500676319096	8182183649865	328.0	-25.0	-1.0	-1.0	
1500676319900	8182203791466	328.0	-25.0	-1.0	-1.0	
1500676319901	8182223933068	328.0	-25.0	-1.0	-1.0	
1500676319903	8182244074670	328.0	-25.0	-1.0	-1.0	
1500676319905	8182264216271	328.0	-25.0	-1.0	-1.0	
1500676319921	8182284357873	328.0	-25.0	-1.0	-1.0	
1500676319929	8182304499474	328.0	-25.0	-1.0	-1.0	
1500676319944	8182324641076	328.0	-25.0	-1.0	-1.0	
1500676319952	8182344782677	328.0	-25.0	-1.0	-1.0	
1500676319969	8182364924279	328.0	-25.0	-1.0	-1.0	
1500676319970	8182385065880	328.0	-25.0	-1.0	-1.0	
1500676319972	8182405207482	328.34124755859375	-25.0	-1.0	-1.0	
1500676319985	8182425349084	329.0	-25.0	-1.0	-1.0	
1500676319986	8182445490685	329.0	-25.0	-1.0	-1.0	
1500676319993	8182465632287	329.0	-25.0	-1.0	-1.0	
1500676319995	8182485773888	329.0	-25.0	-1.0	-1.0	
1500676319997	8182505915490	329.0	-25.0	-1.0	-1.0	
1500676320034	8182526057091	329.0	-25.0	0.0	-1.0	
1500676320040	8182546198693	329.0	-25.0	0.0	-1.0	
1500676320044	8182566340295	329.0	-25.0	0.0	-1.0	
1500676320048	8182586481896	329.0	-25.0	0.0	-1.0	
1500676320050	8182606623498	329.0	-25.0	0.0	-1.0	
1500676320138	8182626765099	329.0	-25.0	0.0	-1.0	
1500676320141	8182646906701	329.0	-25.0	0.0	-1.0	
1500676320161	8182667048302	329.0	-25.0	0.0	-1.0	
1500676320164	8182687189904	329.0	-25.0	0.0	-1.0	
1500676320654	8182707331505	329.0	-25.0	0.0	-1.0	
1500676320656	8182727473107	329.0	-25.0	0.0	-1.0	
1500676321896	8182747614709	329.0	-25.0	0.0	-1.0	
1500676322705	8182767756310	329.0	-25.0	0.0	-1.0	
1500676322749	8182787897912	329.0	-25.0	0.0	-1.0	
1500676322751	8182808039513	329.0	-25.0	0.0	-1.0	
1500676322771	8182828181115	329.0	-25.0	0.0	-1.0	
1500676322774	8182848322716	329.0	-25.0	0.0	-1.0	
1500676323188	8182868464318	329.0	-25.0	0.0	-1.0	
1500676323224	8182888605920	329.0	-25.0	0.0	-1.0	
1500676323226	8182908747521	329.0	-25.0	0.0	-1.0	
1500676323227	8182928889123	329.0	-25.0	0.0	-1.0	
1500676323260	8182949030724	329.0	-25.0	0.0	-1.0	
1500676323269	8182969172326	329.0	-25.0	0.0	-1.0	
1500676323796	8182989313927	329.0	-25.0	0.0	-1.0	
1500676324232	8183009455529	329.0	-25.0	0.0	-1.0	
1500676324235	8183029597130	329.0	-25.0	0.0	-1.0	
1500676324236	8183049738732	329.0	-25.0	0.0	-1.0	
1500676324503	8183069880334	329.0	-24.09075927734375	0.0	-1.0	
1500676324531	8183090021935	329.0	-24.0	0.0	-1.0	
1500676324616	8183110163537	328.74200439453125	-24.0	0.0	-1.0	
1500676324617	8183130305138	328.0	-24.0	0.0	-1.0	
1500676324626	8183150446740	328.0	-24.0	0.0	-1.0	
1500676324744	8183170588341	328.0	-24.0	0.0	-1.0	
1500676324747	8183190729943	328.0	-24.0	0.0	-1.0	
1500676324772	8183210871545	327.0	-22.8701171875	-1.0	-1.0	
1500676324787	8183231013146	326.69573974609375	-22.0	-1.30426025390625	-1.0	
1500676324789	8183251154748	326.0	-22.0	-2.4686279296875	-1.0	
1500676324796	8183271296349	326.0	-22.0	-3.6163177490234375	-1.0	
1500676324831	8183291437951	326.0	-22.763473510742188	-4.0	-1.0	
1500676324944	8183311579552	325.0981140136719	-23.0	-4.901885986328125	-1.0	
1500676324955	8183331721154	325.962158203125	-25.075714111328125	-6.0378570556640625	-1.0	
1500676325231	8183351862755	324.82586669921875	-27.3482666015625	-7.17413330078125	-1.0	
1500676325232	8183372004357	323.376953125	-29.623046875	-8.3115234375	-1.0	
1500676325234	8183392145959	321.552490234375	-31.447494506835938	-9.447494506835938	-1.0	
1500676325234	8183412287560	319.83306884765625	-32.583465576171875	-10.583465576171875	-1.0	
1500676325236	8183432429162	318.279296875	-33.0	-10.279312133789063	-1.0	
1500676325456	8183452570763	318.0	-33.0	-10.0	-1.0	
1500676325458	8183472712365	318.0	-33.0	-9.00689697265625	-1.0	
1500676325527	8183492853966	318.1293029785156	-32.870697021484375	-9.0	-1.0	
1500676325529	8183512995568	319.0	-32.0	-8.733230590820313	-1.0	
1500676325681	8183533137170	319.0	-31.597259521484375	-8.0	-1.0	
1500676325681	8183553278771	319.0	-31.0	-8.0	-1.0	
1500676325683	8183573420373	319.67584228515625	-31.0	-8.0	-1.0	
1500676325684	8183593561974	320.0	-31.0	-8.0	-1.0	
1500676325686	8183613703576	320.0	-31.0	-8.0	-1.0	
1500676325757	8183633845177	320.08447265625	-31.0	-7.0	-1.0	
1500676325759	8183653986779	321.0	-31.0	-7.0	-1.0	
1500676325761	8183674128380	321.0	-31.0	-7.0	-1.0	
1500676325781	8183694269982	321.0	-31.0	-6.5051727294921875	-1.0	
1500676325783	8183714411584	321.63165283203125	-31.0	-6.0	-1.0	
1500676325785	8183734553185	322.0	-31.0	-6.0	-1.0	
1500676325787	8183754694787	322.0	-30.096389770507813	-6.0	-1.0	
1500676325789	8183774836388	322.0	-30.0	-6.0	-1.0	
1500676325795	8183794977990	322.1772766113281	-30.0	-6.0	-1.0	
1500676325796	8183815119591	323.0	-29.686752319335938	-6.0	-1.0	
1500676325798	8183835261193	323.0	-29.0	-6.0	-1.0	
1500676325800	8183855402795	323.5869140625	-28.4130859375	-5.4130859375	-1.0	
1500676325801	8183875544396	324.0	-28.0	-5.0	-1.0	
1500676325803	8183895685998	324.0	-28.0	-5.0	-1.0	
1500676325804	8183915827599	324.9965515136719	-27.003448486328125	-5.0	-1.0	
1500676325807	8183935969201	325.0	-26.867477416992188	-4.8674774169921875	-1.0	
1500676325809	8183956110802	325.0	-26.0	-4.0	-1.0	
1500676325813	8183976252404	325.0	-26.0	-4.0	-1.0	
1500676325814	8183996394005	325.54217529296875	-26.0	-4.0	-1.0	
1500676325817	8184016535607	326.0	-25.321868896484375	-4.0	-1.0	
1500676325821	8184036677209	326.0	-25.0	-4.0	-1.0	
1500676325823	8184056818810	326.0	-25.0	-4.0	-1.0	
1500676325830	8184076960412	326.0	-25.0	-4.0	-1.0	
1500676325866	8184097102013	326.0	-25.0	-4.0	-1.0	
1500676325868	8184117243615	326.0	-25.0	-4.0	-1.0	
1500676325870	8184137385216	326.0	-24.502593994140625	-4.0	-1.0	
1500676325871	8184157526818	326.0	-24.0	-3.3666229248046875	-1.0	
1500676325873	8184177668420	326.76934814453125	-24.0	-3.0	-1.0	
1500676325875	8184197810021	327.0	-24.0	-3.0	-1.0	
1500676326290	8184217951623	327.0	-24.0	-3.0	-1.0	
1500676326293	8184238093224	327.0	-24.0	-3.0	-1.0	
1500676326318	8184258234826	327.0	-24.0	-3.0	-1.0	
1500676326323	8184278376427	327.0	-24.0	-3.0	-1.0	
1500676326324	8184298518029	327.0	-24.0	-3.0	-1.0	
1500676326326	8184318659630	327.0	-24.0	-3.0	-1.0	
1500676326327	8184338801232	327.0	-24.0	-3.0	-1.0	
1500676326332	8184358942834	327.0	-24.0	-3.0	-1.0	
1500676326335	8184379084435	327.0	-24.0	-3.0	-1.0	
1500676326345	8184399226037	327.0	-24.270675659179688	-3.0	-1.0	
1500676326347	8184419367638	327.0	-25.0	-3.0	-1.0	
1500676327015	8184439509240	327.0	-25.0	-3.0	-1.0	
1500676327016	8184459650841	327.0	-25.0	-3.0	-1.0	
1500676327018	8184479792443	327.0	-25.817230224609375	-2.182769775390625	-1.0	
1500676327034	8184499934045	327.0	-26.0	-2.0	-1.0	
1500676327036	8184520075646	327.0	-26.0	-2.0	-1.0	
1500676328101	8184540217248	327.0	-26.227188110351563	-2.0	-1.0	
1500676328102	8184560358849	327.0	-27.0	-2.0	-1.0	
1500676328104	8184580500451	327.0	-27.0	-2.0	-1.0	
1500676328105	8184600642052	327.0	-27.0	-2.0	-1.0	
1500676329225	8184620783654	327.0	-27.0	-2.0	-1.0	
1500676329227	8184640925255	327.0	-27.0	-2.0	-1.0	
1500676329244	8184661066857	327.0	-26.955184936523438	-2.0	-1.0	
1500676329250	8184681208459	327.0	-26.0	-2.0	-1.0	
1500676330200	8184701350060	327.0	-26.0	-2.0	-1.0	
1500676331094	8184721491662	327.0	-26.0	-2.0	-1.0	
1500676331161	8184741633263	327.0	-26.0	-2.0	-1.0	
1500676331368	8184761774865	327.0	-26.728042602539063	-2.0	-1.0	
1500676331369	8184781916466	327.0	-27.0	-2.0	-1.0	
1500676331837	8184802058068	327.0	-27.0	-2.0	-1.0	
1500676331849	8184822199670	326.8623046875	-27.0	-2.0	-1.0	
1500676331850	8184842341271	326.0	-27.273651123046875	-2.0	-1.0	
1500676331853	8184862482873	326.0	-28.0	-2.0	-1.0	
1500676331854	8184882624474	326.0	-28.0	-2.0	-1.0	
1500676331855	8184902766076	326.0	-28.0	-2.0	-1.0	
1500676331857	8184922907677	326.0	-28.0	-2.0	-1.0	
1500676331859	8184943049279	326.0	-28.0	-2.0	-1.0	
1500676331872	8184963190880	326.0	-28.0	-2.0	-1.0	
1500676331888	8184983332482	326.0	-28.0	-2.0	-1.0	
1500676331902	8185003474084	326.0	-27.635116577148438	-2.0	-1.0	
1500676331903	8185023615685	326.0	-27.0	-2.0	-1.0	
1500676332045	8185043757287	326.0	-26.3614501953125	-2.0	-1.0	
1500676332048	8185063898888	326.0	-26.0	-2.0	-1.0	
1500676332733	8185084040490	326.0	-26.0	-2.0	-1.0	
1500676332741	8185104182091	326.0	-26.0	-2.0	-1.0	
1500676332744	8185124323693	326.0	-26.0	-2.0	-1.0	
1500676332746	8185144465295	326.0	-26.0	-2.0	-1.0	
1500676332790	8185164606896	326.0	-26.0	-2.0	-1.0	
1500676332791	8185184748498	326.0	-26.0	-2.0	-1.0	
1500676332793	8185204890099	326.0	-26.0	-2.0	-1.0	
1500676332829	8185225031701	326.0	-26.0	-2.0	-1.0	
1500676332856	8185245173302	326.0	-26.0	-3.0	-1.0	
1500676332880	8185265314904	326.0	-26.201034545898438	-3.0	-1.0	
1500676332891	8185285456505	326.0	-27.0	-2.6557159423828125	-1.0	
1500676332893	8185305598107	326.48699951171875	-27.0	-2.0	-1.0	
1500676332894	8185325739709	327.0	-27.0	-2.0	-1.0	
1500676332895	8185345881310	327.0	-26.225311279296875	-2.774688720703125	-1.0	
1500676332935	8185366022912	327.0	-26.0	-3.0	-1.0	
1500676332942	8185386164513	327.0	-26.0	-3.0	-1.0	
1500676332948	8185406306115	327.20623779296875	-26.0	-2.79376220703125	-1.0	
1500676332950	8185426447716	328.0	-25.649917602539063	-2.0	-1.0	
1500676332960	8185446589318	328.0	-25.0	-2.493927001953125	-1.0	
1500676332962	8185466730920	327.36334228515625	-25.0	-3.0	-1.0	
1500676333098	8185486872521	327.0	-25.0	-3.0	-1.0	
1500676333100	8185507014123	327.0	-25.0	-3.0	-1.0	
1500676333146	8185527155724	327.0	-26.0	-3.0	-1.0	
1500676333193	8185547297326	327.0	-26.0	-3.0	-1.0	
1500676333201	8185567438927	327.35528564453125	-26.0	-3.0	-1.0	
1500676333204	8185587580529	328.0	-26.0	-3.0	-1.0	
1500676333205	8185607722130	328.0	-26.0	-3.0	-1.0	
1500676333219	8185627863732	328.0	-26.0	-3.0	-1.0	
1500676333221	8185648005334	328.0	-26.0	-3.0	-1.0	
1500676333228	8185668146935	328.0	-26.0	-3.0	-1.0	
1500676333229	8185688288537	328.0	-26.0	-3.0	-1.0	
1500676333236	8185708430138	328.0	-26.0	-3.0	-1.0	
1500676333237	8185728571740	328.0	-26.0	-3.0	-1.0	
1500676333239	8185748713341	328.0	-26.0	-3.0	-1.0	
1500676333248	8185768854943	328.0	-26.0	-3.0	-1.0	
1500676333250	8185788996545	328.0	-26.0	-3.0	-1.0	
1500676333253	8185809138146	327.84991455078125	-26.0	-3.0	-1.0	
1500676333255	8185829279748	327.0	-25.6986083984375	-3.0	-1.0	
1500676333266	8185849421349	327.0	-25.0	-3.0	-1.0	
1500676333267	8185869562951	327.0	-25.0	-3.0	-1.0	
1500676333268	8185889704552	327.0	-25.0	-3.0	-1.0	
1500676333270	8185909846154	327.0	-25.0	-3.0	-1.0	
1500676333273	8185929987755	327.0	-26.0	-3.0	-1.0	
1500676333617	8185950129357	327.0	-26.0	-3.0	-1.0	
1500676333623	8185970270959	327.0	-26.0	-3.0	-1.0	
1500676333627	8185990412560	327.0	-26.0	-3.0	-1.0	
1500676333632	8186010554162	327.0	-26.0	-3.0	-1.0	
1500676333633	8186030695763	327.0	-26.0	-3.0	-1.0	
1500676333635	8186050837365	327.0	-26.0	-3.0	-1.0	
1500676333640	8186070978966	327.0	-25.0	-3.0	-1.0	
1500676333643	8186091120568	327.0	-25.0	-3.0	-1.0	
1500676333644	8186111262170	327.0	-25.0	-3.0	-1.0	
1500676333672	8186131403771	327.0	-25.0	-3.0	-1.0	
1500676333678	8186151545373	327.0	-25.0	-3.0	-1.0	
1500676333680	8186171686974	327.0	-25.0	-3.0	-1.0	
1500676333682	8186191828576	327.0	-25.024429321289063	-2.9755706787109375	-1.0	
1500676333684	8186211970177	327.0	-26.0	-2.0	-1.0	
1500676333687	8186232111779	327.0	-26.0	-2.0	-1.0	
1500676333689	8186252253380	327.0	-26.0	-2.0	-1.0	
1500676333689	8186272394982	327.0	-26.0	-2.0	-1.0	
1500676333691	8186292536584	327.0	-26.0	-2.0	-1.0	
1500676333692	8186312678185	327.0	-26.0	-2.0	-1.0	
1500676333698	8186332819787	327.0	-26.0	-2.0	-1.0	
1500676333702	8186352961388	327.0	-26.0	-2.0	-1.0	
1500676333709	8186373102990	327.0	-26.0	-2.0	-1.0	
1500676333711	8186393244591	327.0	-26.0	-2.0	-1.0	
1500676333712	8186413386193	327.0	-25.310653686523438	-1.3106536865234375	-1.0	
1500676333714	8186433527795	327.0	-25.0	-1.0	-1.0	
1500676333715	8186453669396	327.0	-25.0	-1.9912872314453125	-1.0	
1500676333718	8186473810998	327.0	-26.0	-2.0	-1.0	
1500676333720	8186493952599	327.0	-26.0	-2.0	-1.0	
1500676333725	8186514094201	327.0	-26.0	-2.0	-1.0	
1500676333726	8186534235802	327.0	-26.0	-2.0	-1.0	
1500676333727	8186554377404	327.0	-26.0	-2.0	-1.0	
1500676333729	8186574519005	327.0	-26.0	-1.1010589599609375	-1.0	
1500676333742	8186594660607	327.0	-26.0	-1.05059814453125	-1.0	
1500676333744	8186614802209	326.79754638671875	-26.0	-2.0	-1.0	
1500676333745	8186634943810	326.0	-25.646347045898438	-2.0	-1.0	
1500676333747	8186655085412	326.0	-25.0	-2.0	-1.0	
1500676333749	8186675227013	326.0	-25.0	-2.0	-1.0	
1500676333756	8186695368615	326.8080139160156	-25.0	-2.0	-1.0	
1500676333758	8186715510216	327.0	-25.0	-2.0	-1.0	
1500676333762	8186735651818	327.0	-25.0	-2.0	-1.0	
1500676333765	8186755793420	327.0	-25.26177978515625	-1.73822021484375	-1.0	
1500676333767	8186775935021	327.0	-26.0	-1.0	-1.0	
1500676333768	8186796076623	327.0	-26.0	-1.0	-1.0	
1500676333774	8186816218224	327.0	-26.0	-1.0	-1.0	
1500676333775	8186836359826	327.0	-26.0	-1.0	-1.0	
1500676333778	8186856501427	327.0	-25.982559204101563	-1.0	-1.0	
1500676333779	8186876643029	327.0	-25.0	-1.0	-1.0	
1500676333800	8186896784630	327.0	-25.0	-1.0	-1.0	
1500676333804	8186916926232	327.0	-25.0	-1.0	-1.0	
1500676333806	8186937067834	327.0	-25.0	-1.0	-1.0	
1500676333809	8186957209435	327.0	-25.0	-1.0	-1.0	
1500676333810	8186977351037	327.0	-25.0	-1.0	-1.0	
1500676333821	8186997492638	327.0	-25.0	-1.0	-1.0	
1500676333822	8187017634240	327.0	-25.0	-1.0	-1.0	
1500676333824	8187037775841	327.0	-25.0	-1.0	-1.0	
1500676333826	8187057917443	327.0	-25.0	-1.0	-1.0	
1500676333828	8187078059045	327.0	-25.0	-1.0	-1.0	
1500676333840	8187098200646	327.0	-25.0	-1.0	-1.0	
1500676333841	8187118342248	327.0	-25.0	-1.0	-1.0	
1500676333843	8187138483849	327.0	-25.0	-1.0	-1.0	
1500676333846	8187158625451	327.0	-25.0	-1.0	-1.0	
1500676333850	8187178767052	327.0	-25.0	-1.0	-1.0	
1500676333972	8187198908654	327.0	-25.0	-1.0	-1.0	
1500676333974	8187219050255	327.0	-25.0	-1.0	-1.0	
1500676333975	8187239191857	327.0	-25.0	-1.0	-1.0	
1500676334441	8187259333459	327.0	-25.0	-1.0	-1.0	
1500676334461	8187279475060	327.0	-25.0	-1.0	-1.0	
1500676334462	8187299616662	327.0	-25.0	-1.0	-1.0	
1500676334658	8187319758263	327.0	-25.0	-1.0	-1.0	
1500676334661	8187339899865	327.0	-25.0	-1.0	-1.0	
1500676334664	8187360041466	327.0	-25.0	-1.0	-1.0	
1500676334666	8187380183068	327.0	-25.0	-1.0	-1.0	
1500676334672	8187400324670	327.0	-25.58502197265625	-1.0	-1.0	
1500676334672	8187420466271	326.29132080078125	-26.0	-1.0	-1.0	
1500676334674	8187440607873	326.0	-26.0	-1.833038330078125	-1.0	
1500676334676	8187460749474	326.0	-26.0	-2.0	-1.0	
1500676334687	8187480891076	326.080078125	-25.919937133789063	-2.0	-1.0	
1500676334700	8187501032677	327.0	-25.0	-2.0	-1.0	
1500676334701	8187521174279	327.0	-25.0	-2.0	-1.0	
1500676334734	8187541315880	327.0	-25.0	-2.0	-1.0	
1500676334735	8187561457482	327.0	-24.4251708984375	-2.0	-1.0	
1500676334736	8187581599084	326.3015441894531	-24.0	-2.0	-1.0	
1500676334738	8187601740685	326.0	-23.17718505859375	-2.0	-1.0	
1500676334739	8187621882287	326.0	-23.0	-2.9455718994140625	-1.0	
1500676334743	8187642023888	326.0	-23.0	-3.0	-1.0	
1500676334750	8187662165490	326.0	-23.0	-2.801055908203125	-1.0	
1500676334759	8187682307091	326.0	-23.351394653320313	-2.0	-1.0	
1500676334760	8187702448693	326.0	-24.505233764648438	-2.0	-1.0	
1500676334761	8187722590295	326.0	-25.0	-2.0	-1.0	
1500676334763	8187742731896	326.0	-25.811187744140625	-2.0	-1.0	
1500676334771	8187762873498	326.0	-26.0	-2.0	-1.0	
1500676334783	8187783015099	326.0	-25.881332397460938	-2.0	-1.0	
1500676334790	8187803156701	326.0	-25.0	-2.0	-1.0	
1500676334792	8187823298302	326.0	-25.0	-2.0	-1.0	
1500676334792	8187843439904	326.0	-25.0	-2.0	-1.0	
1500676334794	8187863581505	326.0	-25.0	-2.0	-1.0	
1500676334797	8187883723107	326.0	-25.0	-2.0	-1.0	
1500676334802	8187903864709	326.0	-25.0	-2.0	-1.0	
1500676335749	8187924006310	326.0	-25.0	-2.0	-1.0	
1500676335871	8187944147912	326.0	-25.0	-2.0	-1.0	
1500676335963	8187964289513	326.0	-25.0	-2.0	-1.0	
1500676335964	8187984431115	326.0	-25.0	-2.0	-1.0	
1500676335965	8188004572716	326.0	-25.0	-2.0	-1.0	
1500676335969	8188024714318	326.0	-25.0	-2.0	-1.0	
1500676336105	8188044855920	326.0	-25.0	-2.0	-1.0	
1500676336108	8188064997521	326.0	-25.0	-2.0	-1.0	
1500676336126	8188085139123	326.0	-25.0	-2.0	-1.0	
1500676336127	8188105280724	325.4300842285156	-25.569915771484375	-2.0	-1.0	
1500676336130	8188125422326	325.0	-26.0	-2.0	-1.0	
1500676336131	8188145563927	325.0	-26.0	-2.0	-1.0	
1500676336138	8188165705529	326.0	-26.0	-2.0	-1.0	
1500676336139	8188185847130	326.0	-26.0	-2.0	-1.0	
1500676336220	8188205988732	326.0	-26.0	-2.0	-1.0	
1500676336232	8188226130334	326.0	-26.0	-2.0	-1.0	
1500676336233	8188246271935	326.0	-26.0	-2.0	-1.0	
1500676336235	8188266413537	326.0	-26.0	-2.0	-1.0	
1500676336238	8188286555138	326.0	-26.0	-2.0	-1.0	
1500676336242	8188306696740	326.0	-26.0	-1.0	-1.0	
1500676336247	8188326838341	326.0	-26.0	-1.0	-1.0	
1500676336253	8188346979943	326.0	-26.0	-0.590911865234375	-1.0	
1500676336273	8188367121545	326.0	-26.0	0.0	-1.0	
1500676336274	8188387263146	326.71551513671875	-26.0	0.0	-1.0	
1500676336302	8188407404748	327.0	-26.0	0.0	-1.0	
1500676336381	8188427546349	327.0	-26.0	0.0	-1.0	
1500676336383	8188447687951	327.0	-26.0	0.0	-1.0	
1500676336387	8188467829552	327.0	-26.0	0.0	-1.0	
1500676336393	8188487971154	327.0	-26.0	0.0	-1.0	
1500676336403	8188508112755	327.0	-26.0	0.0	-1.0	
1500676336411	8188528254357	327.0	-26.0	0.0	-1.0	
1500676336416	8188548395959	327.0	-26.0	0.0	-1.0	
1500676336421	8188568537560	327.0	-26.0	0.0	-1.0	
1500676336423	8188588679162	327.0	-26.0	0.0	-1.0	
1500676336491	8188608820763	327.0	-26.0	-0.4020843505859375	-1.0	
1500676336492	8188628962365	327.0	-26.0	-1.0	-1.0	
1500676336493	8188649103966	327.0	-26.0	-1.0	-1.0	
1500676336503	8188669245568	327.0	-26.0	-1.0	-1.0	
1500676336505	8188689387170	327.0	-25.98602294921875	-1.0	-1.0	
1500676336548	8188709528771	327.0	-25.0	-1.0	-1.0	
1500676336550	8188729670373	327.0	-25.0	-1.0	-1.0	
1500676336561	8188749811974	327.0	-25.0	-1.0	-1.0	
1500676336562	8188769953576	327.0	-25.0	-1.0	-1.0	
1500676336684	8188790095177	326.2185363769531	-25.781463623046875	-1.0	-1.0	
1500676336692	8188810236779	326.0	-26.0	-1.0	-1.0	
1500676336719	8188830378380	326.0	-25.0	-1.0	-1.0	
1500676336721	8188850519982	326.0	-25.0	-1.0	-1.0	
1500676336722	8188870661584	326.0	-25.0	-1.0	-1.0	
1500676336724	8188890803185	326.0	-25.0	-1.0	-1.0	
1500676336730	8188910944787	326.0	-25.0	-1.0	-1.0	
1500676336732	8188931086388	326.0	-25.0	-1.0	-1.0	
1500676336737	8188951227990	326.0	-25.0	-1.0	-1.0	
1500676336740	8188971369591	326.0	-25.0	-1.0	-1.0	
1500676336741	8188991511193	326.0	-25.0	-1.0	-1.0	
1500676336744	8189011652795	325.65643310546875	-25.0	-1.0	-1.0	
1500676336745	8189031794396	325.0	-25.0	-1.0	-1.0	
1500676336746	8189051935998	325.0	-25.0	-1.0	-1.0	
1500676336764	8189072077599	325.0	-25.0	-1.0	-1.0	
1500676336769	8189092219201	325.0	-25.0	-1.0	-1.0	
1500676336771	8189112360802	325.0	-25.0	-1.0	-1.0	
1500676336775	8189132502404	325.0	-25.0	-1.0	-1.0	
1500676336781	8189152644005	325.0	-25.0	-1.0	-1.0	
1500676336785	8189172785607	325.0	-25.0	-1.0	-1.0	
1500676336787	8189192927209	325.0	-25.0	-1.0	-1.0	
1500676336789	8189213068810	325.0	-25.0	-1.0	-1.0	
1500676336791	8189233210412	325.0	-25.0	-1.0	-1.0	
1500676336793	8189253352013	325.0	-25.0	-1.895721435546875	-1.0	
1500676336795	8189273493615	325.0	-25.0	-2.0	-1.0	
1500676336797	8189293635216	325.0	-25.0	-2.0	-1.0	
1500676336799	8189313776818	325.0	-24.71575927734375	-2.0	-1.0	
1500676336801	8189333918420	325.0	-24.0	-2.0	-1.0	
1500676336802	8189354060021	325.0	-24.0	-1.4571990966796875	-1.0	
1500676336803	8189374201623	325.0	-24.672943115234375	-1.0	-1.0	
1500676336805	8189394343224	325.0	-25.0	-1.0	-1.0	
1500676336806	8189414484826	325.0	-25.0	-1.0	-1.0	
1500676336809	8189434626427	325.0	-25.0	-1.0	-1.0	
1500676336811	8189454768029	325.0	-25.0	-1.0	-1.0	
1500676336813	8189474909630	325.0	-25.0	-0.6803436279296875	-1.0	
1500676336815	8189495051232	325.4486083984375	-24.551376342773438	0.0	-1.0	
1500676336816	8189515192834	326.0	-24.0	0.0	-1.0	
1500676336817	8189535334435	326.0	-24.0	0.0	-1.0	
1500676336818	8189555476037	326.0	-24.0	0.0	-1.0	
1500676336820	8189575617638	326.0	-24.0	0.0	-1.0	
1500676336823	8189595759240	327.0	-24.0	0.0	-1.0	
1500676336825	8189615900841	327.0	-24.0	0.2256317138671875	-1.0	
1500676336827	8189636042443	327.0	-24.0	1.0	-1.0	
1500676336828	8189656184045	327.0	-24.484588623046875	1.484588623046875	-1.0	
1500676336829	8189676325646	327.0	-25.0	2.0	-1.0	
1500676336831	8189696467248	327.0	-25.0	2.7431488037109375	-1.0	
1500676336833	8189716608849	327.0	-25.0	3.0	-1.0	
1500676336835	8189736750451	327.0	-25.0	3.0	-1.0	
1500676336837	8189756892052	327.0	-25.0	3.0	-1.0	
1500676336838	8189777033654	327.0	-25.260269165039063	3.0	-1.0	
1500676336840	8189797175255	327.0	-26.0	3.0	-1.0	
1500676336841	8189817316857	326.4811706542969	-26.0	3.0	-1.0	
1500676336842	8189837458459	326.0	-26.0	3.0	-1.0	
1500676336844	8189857600060	326.0	-26.0	3.0	-1.0	
1500676336846	8189877741662	326.0	-26.0	2.0373687744140625	-1.0	
1500676336849	8189897883263	326.0	-27.0	2.0	-1.0	
1500676336851	8189918024865	326.0	-27.0	2.0	-1.0	
1500676336857	8189938166466	326.0	-27.0	2.0	-1.0	
1500676336858	8189958308068	326.0	-27.0	2.0	-1.0	
1500676336859	8189978449670	326.0	-27.0	2.0	-1.0	
1500676336863	8189998591271	326.0	-27.0	3.0	-1.0	
1500676336882	8190018732873	326.0	-27.0	3.0	-1.0	
1500676336884	8190038874474	326.357666015625	-27.0	3.0	-1.0	
1500676336885	8190059016076	326.46795654296875	-27.0	3.0	-1.0	
1500676336887	8190079157677	326.0	-27.0	3.0	-1.0	
1500676336889	8190099299279	326.0	-27.0	3.0	-1.0	
1500676336902	8190119440880	326.0	-27.0	3.0	-1.0	
1500676336904	8190139582482	326.0	-27.0	3.0	-1.0	
1500676336905	8190159724084	326.0	-27.0	2.596099853515625	-1.0	
1500676336906	8190179865685	326.0	-26.421722412109375	2.0	-1.0	
1500676336908	8190200007287	326.0	-26.0	2.0	-1.0	
1500676336910	8190220148888	326.0	-26.0	2.0	-1.0	
1500676336912	8190240290490	326.0	-26.0	2.0	-1.0	
1500676336914	8190260432091	326.0	-26.239089965820313	1.7609100341796875	-1.0	
1500676336915	8190280573693	326.0	-27.0	1.0	-1.0	
1500676336916	8190300715295	325.4786376953125	-27.0	1.0	-1.0	
1500676336918	8190320856896	325.0	-27.649566650390625	0.350433349609375	-1.0	
1500676336920	8190340998498	325.0	-28.0	0.0	-1.0	
1500676336922	8190361140099	325.0	-28.0	0.0	-1.0	
1500676336924	8190381281701	325.0	-27.0	-0.03594970703125	-1.0	
1500676336925	8190401423302	325.0	-26.834197998046875	-1.165802001953125	-1.0	
1500676336927	8190421564904	324.70599365234375	-26.0	-2.0	-1.0	
1500676337100	8190441706505	324.0	-26.0	-2.422943115234375	-1.0	
1500676337105	8190461848107	324.0	-26.0	-3.0	-1.0	
1500676337242	8190481989709	324.0	-25.319671630859375	-3.0	-1.0	
1500676337244	8190502131310	324.80853271484375	-25.0	-3.0	-1.0	
1500676337279	8190522272912	325.0	-25.0	-3.0	-1.0	
1500676337282	8190542414513	325.0	-24.933334350585938	-4.0	-1.0	
1500676337284	8190562556115	325.0	-24.0	-4.0	-1.0	
1500676337286	8190582697716	325.0	-24.0	-4.0	-1.0	
1500676337431	8190602839318	325.0	-24.0	-4.0	-1.0	
1500676337436	8190622980920	325.0	-24.0	-4.0	-1.0	
1500676337440	8190643122521	325.71112060546875	-24.0	-4.0	-1.0	
1500676337442	8190663264123	326.0	-24.0	-3.1606903076171875	-1.0	
1500676337447	8190683405724	326.0	-24.0	-3.0	-1.0	
1500676337465	8190703547326	326.0	-24.0	-3.0	-1.0	
1500676337481	8190723688927	326.0	-24.0	-3.0	-1.0	
1500676337483	8190743830529	326.0	-24.0	-3.0	-1.0	
1500676337485	8190763972130	326.0	-24.0	-3.0	-1.0	
1500676337486	8190784113732	326.0	-24.0	-3.0	-1.0	
1500676337487	8190804255334	326.0	-23.258575439453125	-3.0	-1.0	
1500676337489	8190824396935	326.0	-23.0	-3.0	-1.0	
1500676337513	8190844538537	326.0	-23.0	-3.0	-1.0	
1500676337541	8190864680138	326.0	-23.0	-3.0	-1.0	
1500676337543	8190884821740	326.0	-23.0	-3.0	-1.0	
1500676337544	8190904963341	326.0	-22.615386962890625	-3.384613037109375	-1.0	
1500676337545	8190925104943	326.0	-22.0	-4.0	-1.0	
1500676337547	8190945246545	326.0	-22.0	-4.0	-1.0	
1500676337549	8190965388146	326.0	-21.22906494140625	-4.0	-1.0	
1500676337551	8190985529748	326.90069580078125	-21.0	-4.9006805419921875	-1.0	
1500676337555	8191005671349	327.029052734375	-20.0	-5.029052734375	-1.0	
1500676337556	8191025812951	328.15753173828125	-20.0	-6.0	-1.0	
1500676337558	8191045954552	329.0	-19.71282958984375	-6.0	-1.0	
1500676337559	8191066096154	329.4153747558594	-19.0	-6.415374755859375	-1.0	
1500676337613	8191086237755	330.5435791015625	-18.4564208984375	-7.0	-1.0	
1500676337615	8191106379357	331.6729431152344	-17.327056884765625	-7.0	-1.0	
1500676337616	8191126520959	332.0	-17.0	-7.0	-1.0	
1500676337620	8191146662560	332.0	-17.0	-7.0	-1.0	
1500676337628	8191166804162	332.0	-17.0	-7.0	-1.0	
1500676337629	8191186945763	332.0	-17.0	-6.748687744140625	-1.0	
1500676337635	8191207087365	332.0	-17.0	-6.0	-1.0	
1500676337658	8191227228966	332.0	-17.0	-6.0	-1.0	
1500676337660	8191247370568	332.0	-17.0	-6.0	-1.0	
1500676337662	8191267512170	332.0	-17.0	-5.107208251953125	-1.0	
1500676337665	8191287653771	330.947265625	-16.0	-5.0527191162109375	-1.0	
1500676337667	8191307795373	330.0	-16.0	-6.0	-1.0	
1500676337696	8191327936974	330.0	-16.0	-6.37432861328125	-1.0	
1500676337698	8191348078576	330.0	-16.0	-7.0	-1.0	
1500676337703	8191368201749	330.0	-15.305801391601563	-7.6941986083984375	-1.0	
1500676337705	8191388343351	330.0	-15.0	-8.0	-1.0	
1500676337708	8191408484952	331.0	-14.971832275390625	-6.9859161376953125	-1.0	
1500676337711	8191428626554	331.0	-12.824264526367188	-5.8242645263671875	-1.0	
1500676337713	8191448768156	331.0	-11.664337158203125	-4.664337158203125	-1.0	
1500676337714	8191468909757	331.49560546875	-11.0	-4.0	-1.0	
1500676337783	8191489051359	332.0	-10.344467163085938	-4.6555328369140625	-1.0	
1500676337785	8191509192960	332.0	-9.184539794921875	-5.0	-1.0	
1500676337834	8191529334562	332.0	-9.0	-5.97711181640625	-1.0	
1500676337840	8191549476163	331.0	-8.137069702148438	-6.0	-1.0	
1500676337890	8191569617765	331.0	-9.0	-6.0	-1.0	
1500676338383	8191589759367	331.0	-9.456939697265625	-6.0	-1.0	
1500676338642	8191609900968	331.0	-10.0	-6.0	-1.0	
1500676338643	8191630042570	331.0	-10.0	-5.221832275390625	-1.0	
1500676338645	8191650184171	331.0	-10.0	-5.0	-1.0	
1500676338649	8191670325773	331.0	-10.0	-5.0	-1.0	
1500676338772	8191690467374	331.0	-10.0	-5.0	-1.0	
1500676338876	8191710608976	331.0	-10.0	-4.58172607421875	-1.0	
1500676338884	8191730750577	331.0	-10.5792236328125	-4.0	-1.0	
1500676338893	8191750892179	331.0	-11.0	-4.0	-1.0	
1500676338894	8191771033781	331.0	-11.0	-3.100189208984375	-1.0	
1500676338897	8191791175382	330.94024658203125	-12.0	-3.0	-1.0	
1500676338898	8191811316984	330.0	-12.219680786132813	-3.0	-1.0	
1500676338899	8191831458585	330.0	-13.377609252929688	-3.0	-1.0	
1500676338901	8191851600187	329.4713134765625	-14.0	-3.5286865234375	-1.0	
1500676338911	8191871741788	329.0	-14.676513671875	-4.0	-1.0	
1500676338917	8191891883390	328.1756591796875	-15.0	-4.0	-1.0	
1500676338918	8191912024992	328.0	-15.0	-4.9704742431640625	-1.0	
1500676338921	8191932166593	328.0	-14.883377075195313	-5.0	-1.0	
1500676338923	8191952308195	328.0	-14.0	-5.0	-1.0	
1500676338928	8191972449796	328.0	-14.0	-5.0	-1.0	
1500676338928	8191992591398	327.48712158203125	-14.0	-5.0	-1.0	
1500676338930	8192012732999	327.0	-14.644927978515625	-4.355072021484375	-1.0	
1500676338932	8192032874601	327.0	-15.0	-4.0	-1.0	
1500676338938	8192053016202	327.0	-15.0	-4.0	-1.0	
1500676338941	8192073157804	327.0	-14.958847045898438	-4.0	-1.0	
1500676338943	8192093299406	327.1732177734375	-14.0	-4.0	-1.0	
1500676339021	8192113441007	328.0	-14.0	-3.6946868896484375	-1.0	
1500676339023	8192133582609	328.0	-13.561859130859375	-3.0	-1.0	
1500676339104	8192153724210	328.0	-13.0	-3.0	-1.0	
1500676339105	8192173865812	328.0	-13.0	-2.2967529296875	-1.0	
1500676339107	8192194007413	328.8353271484375	-13.0	-2.0	-1.0	
1500676339421	8192214149015	329.0	-13.0	-2.0	-1.0	
1500676339448	8192234290617	329.0	-13.099472045898438	-2.0	-1.0	
1500676339474	8192254432218	329.0	-14.0	-2.2315521240234375	-1.0	
1500676339476	8192274573820	328.6363525390625	-14.363632202148438	-3.0	-1.0	
1500676339477	8192294715421	328.0	-15.0	-3.495697021484375	-1.0	
1500676339487	8192314857023	328.0	-15.0	-4.0	-1.0	
1500676339560	8192334998624	328.0	-15.759857177734375	-4.759857177734375	-1.0	
1500676339658	8192355140226	328.0	-15.108062744140625	-5.0	-1.0	
1500676339661	8192375281827	328.0	-15.0	-4.9759979248046875	-1.0	
1500676339672	8192395423429	327.84393310546875	-15.0	-4.0	-1.0	
1500676339673	8192415565031	327.0	-15.0	-4.0	-1.0	
1500676339675	8192435706632	327.0	-15.0	-3.57977294921875	-1.0	
1500676340162	8192455848234	326.44769287109375	-15.0	-3.0	-1.0	
1500676340164	8192475989835	326.0	-15.0	-3.0	-1.0	
1500676340285	8192496131437	326.0	-15.0	-3.0	-1.0	
1500676340335	8192516273038	326.0	-15.0	-3.0	-1.0	
1500676340337	8192536414640	326.0	-15.0	-2.9193878173828125	-1.0	
1500676340351	8192556556242	326.0	-15.0	-2.0	-1.0	
1500676340876	8192576697843	326.0	-15.0	-1.655242919921875	-1.0	
1500676340878	8192596839445	326.0	-15.0	-1.0	-1.0	
1500676341126	8192616981046	326.0	-15.0	-1.0	-1.0	
1500676341128	8192637122648	326.0	-15.0	-0.2590179443359375	-1.0	
1500676341145	8192657264249	326.0	-15.0	0.0	-1.0	
1500676341148	8192677405851	326.0	-15.005142211914063	0.0	-1.0	
1500676341150	8192697547452	326.0	-16.0	0.0	-1.0	
1500676341540	8192717689054	326.0	-15.730712890625	0.0	-1.0	
1500676341545	8192737830656	326.0	-15.0	0.0	-1.0	
1500676341545	8192757972257	326.0	-15.0	0.53436279296875	-1.0	
1500676341548	8192778113859	326.0	-14.332763671875	1.0	-1.0	
1500676341549	8192798255460	326.0	-14.0	1.7993011474609375	-1.0	
1500676341567	8192818397062	326.0	-14.0	2.0	-1.0	
1500676341576	8192838538663	326.0	-15.0	3.0	-1.0	
1500676341880	8192858680265	326.0	-15.0	2.804473876953125	-1.0	
1500676341882	8192878821867	326.0	-15.0	2.0	-1.0	
1500676341886	8192898963468	326.0	-15.0	2.0	-1.0	
1500676341891	8192919105070	326.0	-15.0	2.0	-1.0	
1500676341893	8192939246671	326.0	-15.0	2.0	-1.0	
1500676341894	8192959388273	326.0	-15.0	2.8559112548828125	-1.0	
1500676341895	8192979529874	326.0	-15.0	3.0	-1.0	
1500676341900	8192999671476	326.0	-15.0	3.0	-1.0	
1500676341901	8193019813077	326.0	-15.0	3.0	-1.0	
1500676341904	8193039954679	326.0	-15.38421630859375	3.0	-1.0	
1500676341905	8193060096281	326.0	-16.0	3.0	-1.0	
1500676341906	8193080237882	326.0	-16.0	2.333343505859375	-1.0	
1500676341908	8193100379484	326.0	-16.0	2.0	-1.0	
1500676342030	8193120521085	326.0	-16.0	2.0	-1.0	
1500676342033	8193140662687	326.0	-15.0	2.158721923828125	-1.0	
1500676342083	8193160804288	326.0	-15.0	3.0	-1.0	
1500676342084	8193180945890	326.0	-15.0	3.0	-1.0	
1500676342085	8193201087492	326.0	-15.0	3.0	-1.0	
1500676342087	8193221229093	326.0	-15.0	3.0	-1.0	
1500676342088	8193241370695	326.0	-15.97882080078125	3.0	-1.0	
1500676342120	8193261512296	326.0	-16.0	2.857147216796875	-1.0	
1500676342122	8193281653898	326.0	-16.0	2.0	-1.0	
1500676342123	8193301795499	326.0	-16.0	2.0	-1.0	
1500676342124	8193321937101	326.0	-16.0	1.365081787109375	-1.0	
1500676342125	8193342078702	326.0	-16.0	1.7989349365234375	-1.0	
1500676342131	8193362220304	326.0	-15.03704833984375	2.0	-1.0	
1500676342134	8193382361906	326.0	-15.126983642578125	2.0	-1.0	
1500676342136	8193402503507	326.0	-16.0	2.0	-1.0	
1500676342137	8193422645109	326.0	-16.0	2.0	-1.0	
1500676342143	8193442786710	326.0	-16.0	2.0	-1.0	
1500676342145	8193462928312	325.2169189453125	-16.0	2.0	-1.0	
1500676342146	8193483069913	325.0	-16.0	1.05291748046875	-1.0	
1500676342149	8193503211515	325.0	-16.0	1.0	-1.0	
1500676342152	8193523353117	325.0	-15.724868774414063	1.2751312255859375	-1.0	
1500676342154	8193543494718	325.43914794921875	-15.0	2.0	-1.0	
1500676342154	8193563636320	326.0	-15.0	2.0	-1.0	
1500676342156	8193583777921	326.0	-15.0	2.0	-1.0	
1500676342157	8193603919523	326.0	-15.929443359375	2.0	-1.0	
1500676342170	8193624061124	326.0	-16.0	2.0	-1.0	
1500676342174	8193644202726	326.0	-16.0	2.0	-1.0	
1500676342176	8193664344327	326.0	-16.0	1.59759521484375	-1.0	
1500676342177	8193684485929	326.0	-16.0	1.0	-1.0	
1500676342179	8193704627531	326.0	-16.0	1.0	-1.0	
1500676342187	8193724769132	325.17962646484375	-16.0	1.0	-1.0	
1500676342189	8193744910734	325.0	-16.0	1.0	-1.0	
1500676342192	8193765052335	325.0	-16.0	0.0	-1.0	
1500676342193	8193785193937	325.0	-16.0	0.0	-1.0	
1500676342197	8193805335538	324.62176513671875	-16.0	0.0	-1.0	
1500676342198	8193825477140	324.0	-16.0	0.0	-1.0	
1500676342360	8193845618742	324.0	-16.0	0.0	-1.0	
1500676342362	8193865760343	323.20379638671875	-16.0	0.0	-1.0	
1500676342363	8193885901945	323.0	-16.0	0.0	-1.0	
1500676342366	8193906043546	323.0	-16.0	-0.0742645263671875	-1.0	
1500676342367	8193926185148	323.0	-16.0	-1.0	-1.0	
1500676342369	8193946326749	323.0	-16.0	-1.0	-1.0	
1500676342370	8193966468351	323.0	-16.0	-1.0	-1.0	
1500676342371	8193986609952	323.6321105957031	-16.0	-1.0	-1.0	
1500676342373	8194006751554	324.0	-16.0	-1.0	-1.0	
1500676342374	8194026893156	324.0	-16.0	-1.0	-1.0	
1500676342377	8194047034757	324.0	-16.0	-1.0	-1.0	
1500676342381	8194067176359	324.1899719238281	-16.0	-1.0	-1.0	
1500676342399	8194087317960	325.0	-15.670135498046875	-1.0	-1.0	
1500676342409	8194107459562	325.0	-15.0	-1.0	-1.0	
1500676342410	8194127601163	325.0	-15.0	-1.0	-1.0	
1500676342412	8194147742765	325.0	-15.0	-1.0	-1.0	
1500676342413	8194167884367	325.0	-15.0	-1.0	-1.0	
1500676342416	8194188025968	325.0	-14.0	-0.9741058349609375	-1.0	
1500676342417	8194208167570	325.0	-13.834197998046875	0.0	-1.0	
1500676342419	8194228309171	325.3056945800781	-13.0	0.0	-1.0	
1500676342462	8194248450773	326.0	-13.0	0.0	-1.0	
1500676342463	8194268592374	326.0	-13.0	0.0	-1.0	
1500676342465	8194288733976	326.0	-13.0	0.0	-1.0	
1500676342467	8194308875577	326.0	-13.0	0.0	-1.0	
1500676342471	8194329017179	326.0	-13.0	0.0	-1.0	
1500676342472	8194349158781	326.0	-13.0	0.0	-1.0	
1500676342474	8194369300382	326.0	-13.0	0.0	-1.0	
1500676342475	8194389441984	326.0	-13.0	0.0	-1.0	
1500676342477	8194409583585	326.0	-13.0	0.0	-1.0	
1500676342479	8194429725187	326.0	-13.0	0.0	-1.0	
1500676342480	8194449866788	326.0	-13.0	0.0	-1.0	
1500676342624	8194470008390	326.0	-13.0	0.0	-1.0	
1500676342627	8194490149992	326.117431640625	-13.0	0.0	-1.0	
1500676342630	8194510291593	327.0	-13.0	0.0	-1.0	
1500676342632	8194530433195	327.0	-13.0	0.0	-1.0	
1500676342682	8194550574796	327.0	-12.464599609375	0.0	-1.0	
1500676342683	8194570716398	327.0	-12.0	0.0	-1.0	
1500676342685	8194590857999	327.0	-12.0	0.0	-1.0	
1500676342686	8194610999601	327.0	-12.0	0.0	-1.0	
1500676342690	8194631141202	327.0	-12.0	0.0	-1.0	
1500676342692	8194651282804	327.0	-12.0	0.0	-1.0	
1500676342694	8194671424406	327.0	-12.0	0.0	-1.0	
1500676342695	8194691566007	327.0	-12.0	0.0	-1.0	
1500676342697	8194711707609	326.348876953125	-12.0	0.0	-1.0	
1500676342699	8194731849210	326.0	-12.0	0.0	-1.0	
1500676342702	8194751990812	326.0	-12.0	0.0	-1.0	
1500676342709	8194772132413	326.0	-12.069076538085938	0.0	-1.0	
1500676342710	8194792274015	326.0	-13.0	0.0	-1.0	
1500676342712	8194812415617	326.0	-13.0	0.0	-1.0	
1500676342714	8194832557218	326.0	-13.0	0.0	-1.0	
1500676342729	8194852698820	326.0	-13.0	0.0	-1.0	
1500676342731	8194872840421	326.0	-13.0	0.0	-1.0	
1500676342733	8194892982023	326.0	-13.0	0.0	-1.0	
1500676342735	8194913123624	327.0	-13.044891357421875	0.0	-1.0	
1500676342737	8194933265226	327.0	-14.0	0.0	-1.0	
1500676342744	8194953406827	327.0	-14.0	0.0	-1.0	
1500676342745	8194973548429	327.0	-14.0	0.0	-1.0	
1500676342746	8194993690031	326.3972473144531	-14.0	0.0	-1.0	
1500676342748	8195013831632	326.0	-14.0	0.0	-1.0	
1500676342749	8195033973234	326.0	-14.0	0.0	-1.0	
1500676342769	8195054114835	326.0	-14.0	0.0	-1.0	
1500676342782	8195074256437	326.0	-14.0	0.0	-1.0	
1500676342784	8195094398038	326.0	-14.0	0.0	-1.0	
1500676342785	8195114539640	326.0	-14.0	0.0	-1.0	
1500676342787	8195134681242	326.0	-14.0	0.0	-1.0	
1500676342788	8195154822843	326.0	-14.0	0.0	-1.0	
1500676342790	8195174964445	326.0	-14.0	0.0	-1.0	
1500676342792	8195195106046	326.9965515136719	-14.0	0.0	-1.0	
1500676342794	8195215247648	327.0	-14.0	0.0	-1.0	
1500676342800	8195235389249	327.0	-14.0	-0.276336669921875	-1.0	
1500676342801	8195255530851	326.58447265625	-14.0	-1.0	-1.0	
1500676342803	8195275672452	326.0	-14.0	-1.0	-1.0	
1500676342804	8195295814054	326.0	-14.0	-1.0	-1.0	
1500676342806	8195315955656	326.0	-14.0	-1.0	-1.0	
1500676342807	8195336097257	326.0	-14.972412109375	-1.0	-1.0	
1500676342813	8195356238859	326.0	-15.0	-1.0	-1.0	
1500676342814	8195376380460	326.0	-15.0	-1.0	-1.0	
1500676342891	8195396522062	326.0	-15.0	-1.0	-1.0	
1500676342893	8195416663663	326.0	-15.0	-1.0	-1.0	
1500676342894	8195436805265	326.0	-15.0	-1.0	-1.0	
1500676342895	8195456946867	326.0	-15.0	-1.0	-1.0	
1500676342898	8195477088468	326.0	-15.0	-1.0	-1.0	
1500676342900	8195497230070	326.0	-15.0	-0.91192626953125	-1.0	
1500676342902	8195517371671	326.0	-15.0	0.0	-1.0	
1500676342905	8195537513273	326.0	-15.0	0.0	-1.0	
1500676342906	8195557654874	326.0	-15.0	0.0	-1.0	
1500676342907	8195577796476	326.0	-15.0	0.0	-1.0	
1500676342908	8195597938077	326.0	-15.0	0.0	-1.0	
1500676342921	8195618079679	326.92413330078125	-15.0	0.0	-1.0	
1500676342991	8195638221281	327.0	-15.063888549804688	0.0638885498046875	-1.0	
1500676342993	8195658362882	327.0	-16.0	1.0	-1.0	
1500676342995	8195678504484	327.0	-16.0	1.0	-1.0	
1500676342996	8195698646085	327.0	-16.0	1.0	-1.0	
1500676342997	8195718787687	327.0	-16.0	1.0	-1.0	
1500676342999	8195738929288	327.0	-16.0	1.0	-1.0	
1500676343001	8195759070890	327.0	-16.0	1.0	-1.0	
1500676343008	8195779212492	327.0	-16.0	1.0	-1.0	
1500676343010	8195799354093	327.0	-16.0	1.0	-1.0	
1500676343012	8195819495695	327.0	-16.0	1.0	-1.0	
1500676343013	8195839637296	327.0	-16.0	1.0	-1.0	
1500676343096	8195859778898	327.0	-16.0	1.0	-1.0	
1500676343346	8195879920499	327.0	-16.737472534179688	1.0	-1.0	
1500676343348	8195900062101	327.0	-17.0	1.0	-1.0	
1500676343353	8195920203702	327.0	-18.0	1.0	-1.0	
1500676343355	8195940345304	327.0	-18.0	1.0	-1.0	
1500676343357	8195960486906	327.0	-18.0	1.0	-1.0	
1500676343360	8195980628507	327.0	-18.0	1.0	-1.0	
1500676343362	8196000770109	327.0	-18.0	1.0	-1.0	
1500676343367	8196020911710	327.0	-18.0	1.0	-1.0	
1500676343369	8196041053312	327.0	-18.0	1.0	-1.0	
1500676343371	8196061194913	327.0	-18.0	1.0	-1.0	
1500676343374	8196081336515	327.0	-19.0	1.0	-1.0	
1500676343376	8196101478117	327.0	-19.0	1.0	-1.0	
1500676343400	8196121619718	327.0	-19.0	1.0	-1.0	
1500676343400	8196141761320	327.0	-19.0	1.0	-1.0	
1500676343407	8196161902921	327.0	-19.0	1.0	-1.0	
1500676343408	8196182044523	327.0	-19.0	1.0	-1.0	
1500676343410	8196202186124	327.0	-19.0	1.0	-1.0	
1500676343421	8196222327726	327.0	-19.0	1.1070709228515625	-1.0	
1500676343423	8196242469327	327.0	-19.0	2.0	-1.0	
1500676343425	8196262610929	327.0	-19.0	2.0	-1.0	
1500676343425	8196282752531	327.0	-19.0	2.0	-1.0	
1500676343427	8196302894132	327.0	-19.0	2.6649322509765625	-1.0	
1500676343431	8196323035734	327.0	-19.0	3.0	-1.0	
1500676343432	8196343177335	327.0	-19.9429931640625	3.0	-1.0	
1500676343436	8196363318937	327.0	-20.0	3.0	-1.0	
1500676343438	8196383460538	327.0	-20.0	3.0	-1.0	
1500676343440	8196403602140	327.0	-19.6390380859375	3.0	-1.0	
1500676343442	8196423743742	327.0	-19.0	3.0	-1.0	
1500676343446	8196443885343	327.0	-19.0	3.0	-1.0	
1500676343448	8196464026945	327.0	-19.0	2.220703125	-1.0	
1500676343449	8196484168546	327.0	-19.0	2.0	-1.0	
1500676343452	8196504310148	327.0	-19.0	2.0	-1.0	
1500676343457	8196524451749	326.8017272949219	-19.0	2.0	-1.0	
1500676343458	8196544593351	326.0	-19.0	1.6632232666015625	-1.0	
1500676343460	8196564734952	326.0	-19.0	1.0	-1.0	
1500676343461	8196584876554	326.0	-19.0	1.0	-1.0	
1500676343462	8196605018156	326.0	-19.0	1.755157470703125	-1.0	
1500676343465	8196625159757	326.8946533203125	-19.894638061523438	2.0	-1.0	
1500676343470	8196645301359	327.0	-20.0	2.0	-1.0	
1500676343471	8196665442960	327.0	-20.17413330078125	2.0	-1.0	
1500676343474	8196685584562	327.0	-21.0	2.0	-1.0	
1500676343480	8196705726163	327.0	-21.0	2.0	-1.0	
1500676343481	8196725867765	327.0	-21.0	2.0	-1.0	
1500676343483	8196746009367	327.0	-21.0	2.7310333251953125	-1.0	
1500676343484	8196766150968	327.0	-21.0	3.0	-1.0	
1500676343486	8196786292570	328.0	-20.0	3.0	-1.0	
1500676343488	8196806434171	328.0	-20.0	3.0	-1.0	
1500676343489	8196826575773	327.7115783691406	-20.0	3.0	-1.0	
1500676343499	8196846717374	327.0	-20.0	3.0	-1.0	
1500676343501	8196866858976	327.0	-20.0	3.0	-1.0	
1500676343503	8196887000577	327.0	-20.0	3.0	-1.0	
1500676343505	8196907142179	327.0	-20.0	3.0	-1.0	
1500676343506	8196927283781	327.0	-20.0	3.0	-1.0	
1500676343510	8196947425382	327.0	-20.0	3.0	-1.0	
1500676343535	8196967566984	327.0	-20.0	3.0	-1.0	
1500676343537	8196987708585	327.0	-20.0	3.0	-1.0	
1500676343539	8197007850187	327.0	-20.0	3.0	-1.0	
1500676343544	8197027991788	327.0	-20.0	3.0	-1.0	
1500676343545	8197048133390	327.0	-20.0	3.0	-1.0	
1500676343554	8197068274992	327.0	-20.0	3.0	-1.0	
1500676343556	8197088416593	327.0	-20.0	3.0	-1.0	
1500676343558	8197108558195	327.0	-19.595413208007813	3.0	-1.0	
1500676343559	8197128699796	327.0	-19.0	3.0	-1.0	
1500676343560	8197148841398	327.0	-19.0	3.0	-1.0	
1500676343562	8197168982999	327.0	-19.0	3.0	-1.0	
1500676343565	8197189124601	327.0	-19.068893432617188	3.0	-1.0	
1500676343566	8197209266202	327.0	-20.0	3.0	-1.0	
1500676343568	8197229407804	327.0	-20.0	2.5989532470703125	-1.0	
1500676343569	8197249549406	327.0	-20.0	2.0	-1.0	
1500676343599	8197269691007	327.0	-20.0	2.0	-1.0	
1500676343603	8197289832609	327.0	-20.0	2.0	-1.0	
1500676343607	8197309974210	327.0	-20.06536865234375	2.0	-1.0	
1500676343621	8197330115812	327.0	-21.0	2.0	-1.0	
1500676343632	8197350257413	327.0	-21.0	2.0	-1.0	
1500676343638	8197370399015	327.0	-21.0	2.0	-1.0	
1500676343641	8197390540617	327.0	-21.72967529296875	2.0	-1.0	
1500676343642	8197410682218	327.0	-22.0	2.0	-1.0	
1500676343645	8197430823820	327.0	-22.0	2.0	-1.0	
1500676343647	8197450965421	327.0	-22.0	2.0	-1.0	
1500676343650	8197471107023	327.0	-21.60601806640625	2.39398193359375	-1.0	
1500676343652	8197491248624	327.56005859375	-21.0	3.0	-1.0	
