1504193760968	1540579669392	254.0	-4.0	24.474044799804688	-1.0	
1504193760984	1540599810993	254.0	-4.0	25.0	-1.0	
1504193761004	1540619952595	254.0	-4.0	25.0	-1.0	
1504193761019	1540640094196	254.0	-4.0	25.0	-1.0	
1504193761054	1540660235798	254.0	-4.0	25.0	-1.0	
1504193761071	1540680377399	253.82211303710938	-3.822113037109375	25.0	-1.0	
1504193761090	1540700519001	253.0	-3.0	24.681671142578125	-1.0	
1504193761111	1540720660603	253.0	-3.0	24.0	-1.0	
1504193761125	1540740802204	252.40069580078125	-3.59930419921875	24.0	-1.0	
1504193761142	1540760943806	252.0	-4.0	24.0	-1.0	
1504193761161	1540781085407	251.11917114257813	-4.0	24.0	-1.0	
1504193761195	1540801227009	251.0	-4.0	24.0	-1.0	
1504193761213	1540821368610	251.0	-4.0	24.0	-1.0	
1504193761234	1540841510212	251.0	-4.0	24.0	-1.0	
1504193761252	1540861651814	251.0	-4.0	24.443862915039063	-1.0	
1504193761266	1540881793415	251.0	-4.0	25.0	-1.0	
1504193761283	1540901935017	251.7253875732422	-4.0	25.725387573242188	-1.0	
1504193761301	1540922076618	252.0	-4.0	26.0	-1.0	
1504193761336	1540942218220	252.0	-3.0	26.0	-1.0	
1504193761353	1540962359821	252.0	-3.0	26.0	-1.0	
1504193761373	1540982501423	252.0	-3.0	26.0	-1.0	
1504193761389	1541002643024	252.0	-3.0	26.0	-1.0	
1504193761406	1541022784626	252.0	-3.0	26.0	-1.0	
1504193761424	1541042926228	252.0	-3.0	26.0	-1.0	
1504193761442	1541063067829	252.0	-3.0	26.0	-1.0	
1504193761459	1541083209431	252.0	-3.0	26.0	-1.0	
1504193761495	1541103351032	252.0	-3.0	26.0	-1.0	
1504193761512	1541123492634	252.0	-3.0	25.726654052734375	-1.0	
1504193761530	1541143634235	252.0	-3.0	25.0	-1.0	
1504193761548	1541163775837	252.0	-3.0	25.0	-1.0	
1504193761565	1541183917439	252.0	-3.0	25.0	-1.0	
1504193761582	1541204059040	252.0	-3.0	25.835922241210938	-1.0	
1504193761602	1541224200642	252.0	-3.0	26.0	-1.0	
1504193761637	1541244342243	252.0	-3.0	25.882568359375	-1.0	
1504193761654	1541264483845	252.0	-3.0	25.0	-1.0	
1504193761671	1541284625446	252.0	-3.0	25.0	-1.0	
1504193761688	1541304767048	252.0	-3.0	25.0	-1.0	
1504193761711	1541324908649	252.0	-3.0	25.0	-1.0	
1504193761724	1541345050251	252.0	-3.0	25.0	-1.0	
1504193761741	1541365191853	251.03807067871094	-3.0	25.0	-1.0	
1504193761780	1541385333454	251.0	-3.0	24.0	-1.0	
1504193761795	1541405475056	251.0	-3.0	24.0	-1.0	
1504193761813	1541425616657	251.0	-3.0	24.0	-1.0	
1504193761829	1541445758259	251.0	-3.0	24.0	-1.0	
1504193761847	1541465899860	251.0	-3.0	24.0	-1.0	
1504193761866	1541486041462	251.0	-3.0	23.19378662109375	-1.0	
1504193761882	1541506183064	251.0	-3.0	23.0	-1.0	
1504193761918	1541526324665	251.0	-3.0	23.0	-1.0	
1504193761938	1541546466267	251.0	-3.0	23.0	-1.0	
1504193761953	1541566607868	251.0	-3.0	23.0	-1.0	
1504193761971	1541586749470	251.0	-3.0	23.0	-1.0	
1504193761989	1541606891071	251.0	-3.0	23.0	-1.0	
1504193762006	1541627032673	251.0	-3.0	23.0	-1.0	
1504193762024	1541647174274	251.0	-3.0	23.0	-1.0	
1504193762059	1541667315876	251.0	-3.0	23.0	-1.0	
1504193762077	1541687457478	250.78720092773438	-3.212799072265625	22.787200927734375	-1.0	
1504193762094	1541707599079	250.0	-4.0	22.0	-1.0	
1504193762112	1541727740681	250.0	-3.5052032470703125	22.0	-1.0	
1504193762130	1541747882282	250.0	-3.0	22.0	-1.0	
1504193762147	1541768023884	250.0	-3.0	22.0	-1.0	
1504193762165	1541788165485	250.0	-3.0	22.0	-1.0	
1504193762200	1541808307087	250.0	-3.0	22.0	-1.0	
1504193762219	1541828448689	250.0	-3.0	22.1986083984375	-1.0	
1504193762235	1541848590290	250.0	-3.0	23.0	-1.0	
1504193762253	1541868731892	250.0	-3.0	23.0	-1.0	
1504193762271	1541888873493	250.0	-3.0	22.379974365234375	-1.0	
1504193762288	1541909015095	250.0	-3.0	22.0	-1.0	
1504193762305	1541929156696	250.0	-3.0	22.0	-1.0	
1504193762341	1541949298298	250.0	-3.0	22.041519165039063	-1.0	
1504193762362	1541969439899	250.0	-3.0	23.0	-1.0	
1504193762376	1541989581501	250.0	-3.0	23.0	-1.0	
1504193762394	1542009723103	250.0	-3.0	23.0	-1.0	
1504193762411	1542029864704	250.0	-3.0	23.0	-1.0	
1504193762428	1542050006306	250.0	-3.0	23.0	-1.0	
1504193762447	1542070147907	250.0	-3.0	23.0	-1.0	
1504193762482	1542090289509	250.0	-3.0	23.0	-1.0	
1504193762502	1542110431110	250.0	-3.0	23.0	-1.0	
1504193762518	1542130572712	250.0	-3.0	23.30914306640625	-1.0	
1504193762534	1542150714314	250.0	-3.0	23.55096435546875	-1.0	
1504193762558	1542170855915	250.0	-3.0	23.0	-1.0	
1504193762571	1542190997517	250.0	-3.0	23.0	-1.0	
1504193762587	1542211139118	250.0	-3.0	23.0	-1.0	
1504193762624	1542231280720	250.0	-3.0	23.0	-1.0	
1504193762642	1542251422321	250.0	-3.0	23.0	-1.0	
1504193762658	1542271563923	250.0	-3.0	23.0	-1.0	
1504193762675	1542291705524	250.0	-3.0	23.0	-1.0	
1504193762698	1542311847126	250.0	-3.0	23.0	-1.0	
1504193762712	1542331988728	250.0	-3.0	23.0	-1.0	
1504193762729	1542352130329	250.0	-3.0	23.0	-1.0	
1504193762746	1542372271931	250.0	-3.0	23.0	-1.0	
1504193762782	1542392413532	250.0	-3.0	23.0	-1.0	
1504193762799	1542412555134	250.0	-3.0	23.278533935546875	-1.0	
1504193762818	1542432696735	250.0	-3.0	24.0	-1.0	
1504193762835	1542452838337	250.0	-3.0	24.0	-1.0	
1504193762852	1542472979939	250.0	-3.0	24.0	-1.0	
1504193762870	1542493121540	250.0	-3.0	24.0	-1.0	
1504193762887	1542513263142	250.0	-3.0	24.0	-1.0	
1504193762922	1542533404743	250.0	-3.0	24.0	-1.0	
1504193762940	1542553546345	250.0	-3.0	24.0	-1.0	
1504193762957	1542573687946	250.0	-2.595855712890625	24.0	-1.0	
1504193762976	1542593829548	250.0	-2.0	24.544967651367188	-1.0	
1504193762993	1542613971149	250.68565368652344	-2.0	25.0	-1.0	
1504193763011	1542634112751	251.0	-2.0	25.0	-1.0	
1504193763028	1542654254353	251.0	-2.0	25.0	-1.0	
1504193763064	1542674395954	251.0	-2.0	25.0	-1.0	
1504193763081	1542694537556	251.2487030029297	-2.0	25.0	-1.0	
1504193763099	1542714679157	252.0	-2.0	25.0	-1.0	
1504193763116	1542734820759	252.0	-2.0	25.0	-1.0	
1504193763134	1542754962360	252.0	-1.3298797607421875	25.0	-1.0	
1504193763153	1542775103962	252.0	-1.0	25.0	-1.0	
1504193763169	1542795245564	252.0	-1.0	25.0	-1.0	
1504193763205	1542815387165	252.0	-1.0	25.0	-1.0	
1504193763223	1542835528767	252.0	-1.0	25.0	-1.0	
1504193763239	1542855670368	252.0	-1.0	25.0	-1.0	
1504193763257	1542875811970	252.0	-1.0	25.0	-1.0	
1504193763275	1542895953571	252.0	-1.0	25.0	-1.0	
1504193763294	1542916095173	252.0	-1.0	25.0	-1.0	
1504193763311	1542936236774	252.0	-1.0	25.0	-1.0	
1504193763345	1542956378376	252.0	-1.0	25.0	-1.0	
1504193763363	1542976519978	252.0	-1.0	25.0	-1.0	
1504193763380	1542996661579	252.0	-1.0	25.0	-1.0	
1504193763399	1543016803181	252.0	-1.5	25.0	-1.0	
1504193763416	1543036944782	252.0	-2.0	25.0	-1.0	
1504193763434	1543057086384	252.0	-2.0	25.0	-1.0	
1504193763456	1543077227985	252.0	-2.0	24.077865600585938	-1.0	
1504193763487	1543097369587	252.0	-2.0	24.0	-1.0	
1504193763507	1543117511189	252.0	-2.0	24.0	-1.0	
1504193763521	1543137652790	252.0	-2.0	23.65631103515625	-1.0	
1504193763539	1543157794392	252.0	-2.0	23.0	-1.0	
1504193763557	1543177935993	252.0	-2.0	23.0	-1.0	
1504193763574	1543198077595	252.0	-2.0	23.0	-1.0	
1504193763592	1543218219196	252.0	-2.9067230224609375	23.0	-1.0	
1504193763628	1543238360798	252.0	-3.0	23.0	-1.0	
1504193763652	1543258502399	252.0	-3.0	22.811752319335938	-1.0	
1504193763666	1543278644001	252.0	-3.0	22.0	-1.0	
1504193763681	1543298785603	252.0	-3.0	22.0	-1.0	
1504193763704	1543318927204	251.3892822265625	-3.0	22.0	-1.0	
1504193763722	1543339068806	251.0	-3.0	21.24871826171875	-1.0	
1504193763733	1543359210407	251.0	-3.0	21.0	-1.0	
1504193763773	1543379352009	251.0	-3.0	21.0	-1.0	
1504193763786	1543399493610	251.0	-3.0	21.0	-1.0	
1504193763807	1543419635212	251.0	-3.0	20.6856689453125	-1.0	
1504193763825	1543439776814	251.0	-3.0	20.0	-1.0	
1504193763839	1543459918415	251.59515380859375	-3.0	20.0	-1.0	
1504193763859	1543480060017	252.0	-3.0	20.0	-1.0	
1504193763876	1543500201618	252.0	-3.0	20.0	-1.0	
1504193763909	1543520343220	251.0	-3.0	20.0	-1.0	
1504193763928	1543540484821	251.0	-3.0	20.0	-1.0	
1504193763944	1543560626423	251.0	-3.0	20.0	-1.0	
1504193763962	1543580768024	251.0	-3.0	20.0	-1.0	
1504193763980	1543600909626	251.0	-3.0	20.0	-1.0	
1504193763997	1543621051228	251.0	-3.0	20.0	-1.0	
1504193764015	1543641192829	251.0	-3.0	20.0	-1.0	
1504193764050	1543661334431	252.0	-3.0	20.0	-1.0	
1504193764068	1543681476032	252.0	-3.0	20.0	-1.0	
1504193764086	1543701617634	252.0	-3.0	20.0	-1.0	
1504193764103	1543721759235	252.0	-3.0	20.0	-1.0	
1504193764121	1543741900837	252.0	-3.0	20.0	-1.0	
1504193764139	1543762042439	252.0	-3.0	20.0	-1.0	
1504193764156	1543782184040	252.0	-3.0	20.0	-1.0	
1504193764174	1543802325642	252.0	-3.0	20.0	-1.0	
1504193764209	1543822467243	252.0	-3.0	20.0	-1.0	
1504193764227	1543842608845	252.0	-2.7305755615234375	20.0	-1.0	
1504193764244	1543862750446	252.0	-2.0	20.0	-1.0	
1504193764262	1543882892048	252.0	-2.0	20.5501708984375	-1.0	
1504193764279	1543903033649	252.0	-2.0	21.0	-1.0	
1504193764297	1543923175251	252.0	-2.0	21.0	-1.0	
1504193764315	1543943316853	252.0	-2.0	21.0	-1.0	
1504193764350	1543963458454	252.0	-2.0	21.0	-1.0	
1504193764367	1543983600056	252.0	-2.0	21.0	-1.0	
1504193764385	1544003741657	252.0	-2.0	21.0	-1.0	
1504193764403	1544023883259	252.0	-2.0	21.0	-1.0	
1504193764420	1544044024860	252.67529296875	-2.0	21.0	-1.0	
1504193764438	1544064166462	253.0	-2.0	21.0	-1.0	
1504193764456	1544084308064	253.0	-2.0	21.0	-1.0	
1504193764491	1544104449665	253.0	-2.0	22.0	-1.0	
1504193764509	1544124591267	253.0	-2.0	22.0	-1.0	
1504193764527	1544144732868	253.0	-2.0	22.0	-1.0	
1504193764543	1544164874470	253.0	-2.0	22.0	-1.0	
1504193764562	1544185016071	253.0	-2.0	22.660888671875	-1.0	
1504193764579	1544205157673	253.0	-2.0	23.0	-1.0	
1504193764597	1544225299274	253.0	-2.0	23.942901611328125	-1.0	
1504193764632	1544245440876	253.0	-2.0	24.082901000976563	-1.0	
1504193764649	1544265582478	253.0	-2.0	25.0	-1.0	
1504193764667	1544285724079	253.36441040039063	-2.0	25.0	-1.0	
1504193764685	1544305865681	254.0	-2.0	25.50518798828125	-1.0	
1504193764702	1544326007282	254.0	-2.0	26.0	-1.0	
1504193764720	1544346148884	254.0	-2.0	26.0	-1.0	
1504193764738	1544366290485	254.0	-1.0726776123046875	26.0	-1.0	
1504193764773	1544386432087	254.0	-1.0	26.0	-1.0	
1504193764790	1544406573689	254.20896911621094	-1.0	26.0	-1.0	
1504193764808	1544426715290	255.0	-1.0	26.0	-1.0	
1504193764826	1544446856892	255.0	-1.0	26.0	-1.0	
1504193764843	1544466998493	255.0	-1.0	26.0	-1.0	
1504193764861	1544487140095	255.0	-1.0	26.0	-1.0	
1504193764879	1544507281696	255.0	-1.0	26.0	-1.0	
1504193764914	1544527423298	256.0	-1.0	26.05352783203125	-1.0	
1504193764932	1544547564899	256.0	-1.0	27.0	-1.0	
1504193764949	1544567706501	256.0	-1.0	27.0	-1.0	
1504193764967	1544587848103	256.4749450683594	-0.525054931640625	27.0	-1.0	
1504193764985	1544607989704	257.0	0.0	27.0	-1.0	
1504193765002	1544628131306	257.0	0.0	27.0	-1.0	
1504193765021	1544648272907	257.0	0.0	27.0	-1.0	
1504193765055	1544668414509	258.0	0.0	27.0	-1.0	
1504193765072	1544688556110	258.0	0.0	27.0	-1.0	
1504193765091	1544708697712	258.0	0.0	27.319503784179688	-1.0	
1504193765108	1544728839314	258.460205078125	0.0	28.0	-1.0	
1504193765126	1544748980915	259.0	0.0	28.0	-1.0	
1504193765143	1544769122517	259.0	0.0	28.0	-1.0	
1504193765161	1544789264118	259.0	0.0	28.0	-1.0	
1504193765196	1544809405720	260.0	0.0	28.0	-1.0	
1504193765214	1544829547321	260.0	0.0	28.0	-1.0	
1504193765231	1544849688923	260.0	0.0	28.0	-1.0	
1504193765249	1544869830524	260.0	0.0	28.0	-1.0	
1504193765266	1544889972126	260.0	0.0	28.0	-1.0	
1504193765284	1544910113728	260.0	0.0	28.0	-1.0	
1504193765302	1544930255329	259.13299560546875	0.0	28.0	-1.0	
1504193765337	1544950396931	259.0	0.0	28.0	-1.0	
1504193765355	1544970538532	259.0	0.0	28.0	-1.0	
1504193765372	1544990680134	259.0	0.0	28.0	-1.0	
1504193765390	1545010821735	259.0	0.0	28.0	-1.0	
1504193765408	1545030963337	258.4290771484375	0.0	28.0	-1.0	
1504193765425	1545051104939	258.0	0.0	28.0	-1.0	
1504193765443	1545071246540	258.0	0.0	28.0	-1.0	
1504193765460	1545091388142	258.0	0.0	28.0	-1.0	
1504193765495	1545111529743	257.0	0.0	28.0	-1.0	
1504193765513	1545131671345	257.0	0.0	28.0	-1.0	
1504193765531	1545151812946	257.0	-0.4145050048828125	28.0	-1.0	
1504193765548	1545171954548	256.44464111328125	-1.0	28.0	-1.0	
1504193765567	1545192096149	256.0	-1.0	28.0	-1.0	
1504193765584	1545212237751	256.0	-1.0	28.0	-1.0	
1504193765619	1545232379353	255.99635314941406	-1.0	28.0	-1.0	
1504193765637	1545252520954	255.0	-1.0	28.0	-1.0	
1504193765654	1545272662556	254.5857696533203	-1.0	28.0	-1.0	
1504193765672	1545292804157	254.0	-1.0	28.0	-1.0	
1504193765689	1545312945759	254.0	-1.0	28.0	-1.0	
1504193765725	1545333087360	253.0	-2.0	28.0	-1.0	
1504193765742	1545353228962	253.0	-2.0	28.0	-1.0	
1504193765760	1545373370564	253.0	-2.0	28.0	-1.0	
1504193765778	1545393512165	252.3564910888672	-2.0	28.0	-1.0	
1504193765795	1545413653767	252.0	-2.0	28.0	-1.0	
1504193765813	1545433795368	252.0	-2.0	28.0	-1.0	
1504193765848	1545453936970	252.0	-2.0	28.0	-1.0	
1504193765866	1545474078571	252.0	-2.2923736572265625	28.0	-1.0	
1504193765883	1545494220173	252.0	-3.0	28.0	-1.0	
1504193765901	1545514361774	252.0	-3.0	28.0	-1.0	
1504193765918	1545534503376	252.0	-3.0	28.0	-1.0	
1504193765937	1545554644978	251.13841247558594	-3.0	28.861587524414063	-1.0	
1504193765971	1545574786579	251.00518798828125	-3.0	29.00518798828125	-1.0	
1504193765990	1545594928181	252.0	-3.0	30.0	-1.0	
1504193766007	1545615069782	252.28941345214844	-3.0	30.0	-1.0	
1504193766024	1545635211384	253.0	-3.0	30.0	-1.0	
1504193766042	1545655352985	253.5743865966797	-3.0	30.0	-1.0	
1504193766060	1545675494587	254.0	-3.0	30.0	-1.0	
1504193766077	1545695636189	254.0	-3.0	30.0	-1.0	
1504193766112	1545715777790	254.0	-3.0	30.0	-1.0	
1504193766129	1545735919392	254.0	-3.0	29.85467529296875	-1.0	
1504193766149	1545756060993	254.0	-3.0	29.0	-1.0	
1504193766165	1545776202595	254.0	-3.0	29.0	-1.0	
1504193766183	1545796344196	254.0	-3.0	29.0	-1.0	
1504193766200	1545816485798	254.0	-3.0	29.0	-1.0	
1504193766218	1545836627399	254.0	-3.0	29.0	-1.0	
1504193766236	1545856769001	254.0	-3.0	29.0	-1.0	
1504193766271	1545876910603	254.0	-3.0	29.0	-1.0	
1504193766289	1545897052204	254.0	-3.0	29.0	-1.0	
1504193766307	1545917193806	253.5726776123047	-3.0	29.0	-1.0	
1504193766324	1545937335407	253.0	-3.0	29.5701904296875	-1.0	
1504193766342	1545957477009	253.0	-3.0	30.0	-1.0	
1504193766360	1545977618610	253.0	-3.0	30.0	-1.0	
1504193766377	1545997760212	253.0	-3.0	29.00518798828125	-1.0	
1504193766413	1546017901814	253.0	-3.0	29.0	-1.0	
1504193766430	1546038043415	253.0	-2.7353973388671875	29.0	-1.0	
1504193766447	1546058185017	253.0	-2.0	29.0	-1.0	
1504193766466	1546078326618	253.0	-2.0	29.53436279296875	-1.0	
1504193766483	1546098468220	253.0	-2.0	30.0	-1.0	
1504193766502	1546118609821	253.0	-2.0	30.0	-1.0	
1504193766519	1546138751423	253.0	-2.0	30.0	-1.0	
1504193766554	1546158893024	253.0	-2.0	29.925994873046875	-1.0	
1504193766571	1546179034626	253.0	-2.0	29.0	-1.0	
1504193766588	1546199176228	253.0	-2.0	29.0	-1.0	
1504193766606	1546219317829	253.0	-2.0	29.0	-1.0	
1504193766624	1546239459431	253.0	-2.0	29.0	-1.0	
1504193766642	1546259601032	253.0	-2.0	29.0	-1.0	
1504193766659	1546279742634	253.0	-2.0	29.0	-1.0	
1504193766695	1546299884235	253.0	-2.0	29.0	-1.0	
1504193766712	1546320025837	253.0	-2.0	29.0	-1.0	
1504193766729	1546340167439	253.0	-2.0	28.710845947265625	-1.0	
1504193766747	1546360309040	253.0	-2.0	28.0	-1.0	
1504193766765	1546380450642	253.0	-2.0	28.0	-1.0	
1504193766782	1546400592243	253.0	-2.0	28.0	-1.0	
1504193766800	1546420733845	253.0	-2.0	28.0	-1.0	
1504193766818	1546440875446	253.0	-2.0	28.0	-1.0	
1504193766853	1546461017048	253.0	-2.0	28.0	-1.0	
1504193766870	1546481158649	253.0	-2.0	28.0	-1.0	
1504193766889	1546501300251	253.0	-2.0	28.0	-1.0	
1504193766906	1546521441853	253.0	-2.0	28.0	-1.0	
1504193766923	1546541583454	253.0	-2.0	28.0	-1.0	
1504193766942	1546561725056	253.0	-2.773193359375	28.0	-1.0	
1504193766959	1546581866657	253.0	-3.0	28.0	-1.0	
1504193766995	1546602008259	253.0	-3.0	28.0	-1.0	
1504193767012	1546622149860	253.0	-3.0	28.0	-1.0	
1504193767029	1546642291462	253.0	-3.0	28.0	-1.0	
1504193767050	1546662433064	253.0	-3.0	28.0	-1.0	
1504193767065	1546682574665	253.0	-3.0	28.0	-1.0	
1504193767083	1546702716267	253.0	-3.0	28.0	-1.0	
1504193767101	1546722857868	253.0	-2.14630126953125	28.0	-1.0	
1504193767117	1546742999470	253.0	-2.0	28.0	-1.0	
1504193767153	1546763141071	253.0	-2.0	28.0	-1.0	
1504193767169	1546783282673	253.0	-2.0	28.0	-1.0	
1504193767187	1546803424274	253.0	-2.0	28.0	-1.0	
1504193767205	1546823565876	253.0	-2.0	27.471603393554688	-1.0	
1504193767222	1546843707478	253.0	-2.0	27.0	-1.0	
1504193767240	1546863849079	253.0	-2.0	27.0	-1.0	
1504193767258	1546883990681	253.0	-2.0	27.0	-1.0	
1504193767293	1546904132282	253.0	-2.0	27.0	-1.0	
1504193767311	1546924273884	253.0	-2.0	27.202743530273438	-1.0	
1504193767329	1546944415485	253.0	-2.0	28.0	-1.0	
1504193767346	1546964557087	253.0	-2.0	28.0	-1.0	
1504193767365	1546984698689	253.0	-2.0	27.392440795898438	-1.0	
1504193767381	1547004840290	253.0	-2.0	27.0	-1.0	
1504193767399	1547024981892	253.0	-2.0	27.0	-1.0	
1504193767434	1547045123493	254.0	-1.0	27.0	-1.0	
1504193767452	1547065265095	254.0	-1.0	27.0	-1.0	
1504193767470	1547085406696	254.0	-1.0	27.0	-1.0	
1504193767487	1547105548298	254.0	-1.0	27.0	-1.0	
1504193767505	1547125689899	254.0	-1.0	27.0	-1.0	
1504193767523	1547145831501	254.68727111816406	-1.0	27.0	-1.0	
1504193767541	1547165973103	255.0	-0.1772918701171875	27.0	-1.0	
1504193767558	1547186114704	255.0	0.0	27.0	-1.0	
1504193767596	1547206256306	256.0	0.0	27.0	-1.0	
1504193767612	1547226397907	256.0	0.0	27.0	-1.0	
1504193767632	1547246539509	256.362548828125	0.0	27.0	-1.0	
1504193767647	1547266681110	257.0	0.0	27.0	-1.0	
1504193767666	1547286822712	257.0	0.0	27.0	-1.0	
1504193767682	1547306964314	257.0	0.0	27.0	-1.0	
1504193767698	1547327105915	257.90203857421875	0.0	27.0	-1.0	
1504193767734	1547347247517	258.0	0.0	27.0	-1.0	
1504193767752	1547367389118	258.0	0.0	27.0	-1.0	
1504193767770	1547387530720	258.0	0.0	27.0	-1.0	
1504193767788	1547407672321	258.0	0.0	27.0	-1.0	
1504193767804	1547427813923	258.0	0.0	27.0	-1.0	
1504193767822	1547447955524	258.0	0.0	27.0	-1.0	
1504193767840	1547468097126	258.0	0.0	27.0	-1.0	
1504193767858	1547488238728	258.0	0.0	27.0	-1.0	
1504193767893	1547508380329	258.0	0.0	27.116836547851563	-1.0	
1504193767910	1547528521931	257.74871826171875	0.0	28.0	-1.0	
1504193767928	1547548663532	257.0	0.0	28.0	-1.0	
1504193767948	1547568805134	257.0	0.0	28.53125	-1.0	
1504193767963	1547588946735	256.32293701171875	0.0	29.0	-1.0	
1504193767981	1547609088337	256.0	0.0	29.0	-1.0	
1504193767998	1547629229939	255.03125	0.0	29.0	-1.0	
1504193768034	1547649371540	254.0	0.0	29.0	-1.0	
1504193768052	1547669513142	253.68280029296875	0.0	29.0	-1.0	
1504193768069	1547689654743	253.0	0.0	29.0	-1.0	
1504193768087	1547709796345	253.0	0.0	28.317214965820313	-1.0	
1504193768105	1547729937946	253.0	0.0	28.0	-1.0	
1504193768140	1547750079548	253.0	0.0	28.048385620117188	-1.0	
1504193768157	1547770221149	253.0	0.0	29.0	-1.0	
1504193768175	1547790362751	253.0	0.0	29.0	-1.0	
1504193768193	1547810504353	253.0	0.0	29.0	-1.0	
1504193768210	1547830645954	253.0	0.0	29.0	-1.0	
1504193768228	1547850787556	253.0	0.0	28.037643432617188	-1.0	
1504193768263	1547870929157	253.0	0.0	28.0	-1.0	
1504193768281	1547891070759	253.0	0.0	28.0	-1.0	
1504193768298	1547911212360	253.0	0.0	28.0	-1.0	
1504193768316	1547931353962	253.0	0.0	28.0	-1.0	
1504193768333	1547951495564	253.0	0.0	28.0	-1.0	
1504193768351	1547971637165	253.0	0.0	28.0	-1.0	
1504193768387	1547991778767	253.0	0.0	28.0	-1.0	
1504193768404	1548011920368	252.76673889160156	0.0	28.0	-1.0	
1504193768423	1548032061970	252.0	0.0	27.634658813476563	-1.0	
1504193768439	1548052203571	252.0	-0.4974212646484375	27.0	-1.0	
1504193768457	1548072345173	252.0	-1.0	27.0	-1.0	
1504193768475	1548092486774	252.0	-1.0	27.0	-1.0	
1504193768493	1548112628376	252.0	-1.0	27.0	-1.0	
1504193768528	1548132769978	252.0	-1.0	27.0	-1.0	
1504193768545	1548152911579	252.0	-1.0	27.0	-1.0	
1504193768562	1548173053181	252.0	-1.0	27.0	-1.0	
1504193768581	1548193194782	252.0	-1.0	27.0	-1.0	
1504193768598	1548213336384	252.0	-1.0	27.0	-1.0	
1504193768615	1548233477985	252.0	-1.0	27.0	-1.0	
1504193768633	1548253619587	252.0	-1.0	27.0	-1.0	
1504193768650	1548273761189	252.0	-1.0	27.0	-1.0	
1504193768686	1548293902790	252.0	-1.0	27.0	-1.0	
1504193768703	1548314044392	252.0	-1.0	27.0	-1.0	
1504193768721	1548334185993	252.0	-1.0	27.0	-1.0	
1504193768739	1548354327595	252.0	-1.0	27.0	-1.0	
1504193768756	1548374469196	252.0	-1.0	27.0	-1.0	
1504193768774	1548394610798	252.0	-1.0	27.0	-1.0	
1504193768792	1548414752399	252.0	-1.0	27.0	-1.0	
1504193768827	1548434894001	252.0	-1.0	27.0	-1.0	
1504193768844	1548455035603	252.0	-1.0	27.0	-1.0	
1504193768862	1548475177204	252.0	-1.0	26.732421875	-1.0	
1504193768879	1548495318806	252.39964294433594	-1.0	26.0	-1.0	
1504193768898	1548515460407	253.0	-1.0	26.0	-1.0	
1504193768915	1548535602009	253.0	-1.0	26.0	-1.0	
1504193768932	1548555743610	253.0	-1.0	26.0	-1.0	
1504193768951	1548575885212	253.0	-1.0	26.0	-1.0	
1504193768986	1548596026814	253.0	-1.0	25.0	-1.0	
1504193769003	1548616168415	253.0	-1.0	25.0	-1.0	
1504193769021	1548636310017	253.0	-1.0	25.0	-1.0	
1504193769038	1548656451618	253.0	-1.0	25.0	-1.0	
1504193769057	1548676593220	252.41339111328125	-1.0	25.0	-1.0	
1504193769073	1548696734821	252.0	-1.0	25.0	-1.0	
1504193769091	1548716876423	252.0	-1.0	24.14923095703125	-1.0	
1504193769109	1548737018024	252.0	-1.0	24.0	-1.0	
1504193769144	1548757159626	252.0	-1.0	24.0	-1.0	
1504193769162	1548777301228	252.0	-1.0	24.0	-1.0	
1504193769180	1548797442829	252.0	-1.0	24.0	-1.0	
1504193769197	1548817584431	252.0	-1.0	24.0	-1.0	
1504193769215	1548837726032	252.0	-1.0	23.358505249023438	-1.0	
1504193769232	1548857867634	252.0	-1.0	23.0	-1.0	
1504193769250	1548878009235	252.0	-1.0	23.0	-1.0	
1504193769285	1548898150837	253.0	-1.0	23.0	-1.0	
1504193769303	1548918292439	253.0	-1.0	23.0	-1.0	
1504193769320	1548938434040	253.0	-1.0	23.0	-1.0	
1504193769338	1548958575642	253.0	-1.0	23.0	-1.0	
1504193769356	1548978717243	253.0	-1.0	23.0	-1.0	
1504193769373	1548998858845	253.0	-1.0	23.0	-1.0	
1504193769391	1549019000446	253.0	-1.0	23.0	-1.0	
1504193769408	1549039142048	253.0	-1.0	22.039459228515625	-1.0	
1504193769444	1549059283649	252.0	-1.0	22.0	-1.0	
1504193769461	1549079425251	252.0	-1.0	22.326675415039063	-1.0	
1504193769479	1549099566853	252.0	-1.0	23.0	-1.0	
1504193769496	1549119708454	252.0	-1.0	23.0	-1.0	
1504193769514	1549139850056	252.0	-1.92181396484375	22.07818603515625	-1.0	
1504193769549	1549159991657	252.0	-2.0	22.0	-1.0	
1504193769567	1549180133259	252.0	-2.0	22.0	-1.0	
1504193769585	1549200274860	252.0	-2.0	22.0	-1.0	
1504193769602	1549220416462	252.0	-2.0	22.0	-1.0	
1504193769620	1549240558064	252.0	-2.0	22.0	-1.0	
1504193769655	1549260699665	252.0	-2.0	22.0	-1.0	
1504193769673	1549280841267	252.0	-2.0	22.0	-1.0	
1504193769691	1549300982868	252.0	-2.0	22.0	-1.0	
1504193769708	1549321124470	252.0	-2.0	22.0	-1.0	
1504193769726	1549341266071	252.0	-2.0	22.0	-1.0	
1504193769744	1549361407673	252.0	-2.0	22.0	-1.0	
1504193769761	1549381549274	252.0	-2.0	22.0	-1.0	
1504193769796	1549401690876	252.0	-2.0	22.0	-1.0	
1504193769814	1549421832478	252.0	-2.0	22.0	-1.0	
1504193769832	1549441974079	252.0	-2.0	22.0	-1.0	
1504193769849	1549462115681	252.0	-2.0	22.0	-1.0	
1504193769867	1549482257282	252.0	-2.0	22.0	-1.0	
1504193769884	1549502398884	252.0	-2.0	22.0	-1.0	
1504193769903	1549522540485	252.0	-2.0	22.0	-1.0	
1504193769937	1549542682087	252.0	-2.0	22.0	-1.0	
1504193769957	1549562823689	252.0	-2.0	22.0	-1.0	
1504193769972	1549582965290	252.0	-2.0	22.0	-1.0	
1504193769990	1549603106892	252.0	-2.0	22.0	-1.0	
1504193770008	1549623248493	252.0	-2.0	22.0	-1.0	
1504193770025	1549643390095	252.0	-2.0	22.0	-1.0	
1504193770047	1549663531696	252.0	-2.0	22.0	-1.0	
1504193770061	1549683673298	252.0	-2.0	22.0	-1.0	
1504193770105	1549703814899	252.0	-2.0	22.0	-1.0	
1504193770114	1549723956501	252.0	-2.0	22.0	-1.0	
1504193770131	1549744098103	252.0	-2.0	22.0	-1.0	
1504193770149	1549764239704	252.0	-2.0	22.0	-1.0	
1504193770167	1549784381306	252.0	-2.0	22.0	-1.0	
1504193770184	1549804522907	252.0	-2.0	22.0	-1.0	
1504193770202	1549824664509	252.0	-2.0	22.0	18.0	
1504193770238	1549844806110	252.0	-2.0	22.0	18.0	
1504193770255	1549864947712	252.0	-2.0	22.0	18.0	
1504193770272	1549885089314	252.0	-2.0	22.0	18.0	
1504193770290	1549905230915	252.0	-2.0	22.0	18.0	
1504193770308	1549925372517	252.0	-2.0	22.0	18.0	
1504193770326	1549945514118	252.0	-2.0	22.0	18.0	
1504193770345	1549965655720	252.0	-2.0	22.0	18.0	
1504193770362	1549985797321	252.0	-2.0	22.0	18.0	
1504193770398	1550005938923	252.0	-2.0	22.0	18.0	
1504193770414	1550026080524	252.0	-2.0	22.0	18.0	
1504193770432	1550046222126	252.0	-2.0	22.0	18.0	
1504193770449	1550066363728	252.0	-2.0	22.0	18.0	
1504193770466	1550086499541	252.0	-2.0	22.0	18.0	
1504193770485	1550106641143	252.0	-2.0	22.0	18.0	
1504193770502	1550126782744	252.0	-2.0	22.0	18.0	
1504193770519	1550146924346	252.0	-2.0	22.0	18.0	
1504193770555	1550167065947	252.0	-2.0	22.0	18.0	
1504193770572	1550187207549	252.0	-2.0	22.0	18.0	
1504193770591	1550207349151	252.0	-2.0	22.0	18.0	
1504193770608	1550227490752	252.0	-2.0	22.0	18.0	
1504193770625	1550247632354	252.0	-2.0	22.0	18.0	
1504193770645	1550267773955	252.0	-2.0	22.0	18.0	
1504193770661	1550287915557	252.0	-2.0	22.0	18.0	
1504193770678	1550308057158	252.0	-2.0	22.0	18.0	
1504193770713	1550328198760	252.0	-2.0	21.0	18.0	
1504193770731	1550348340361	252.0	-2.0	21.0	18.0	
1504193770750	1550368481963	252.0	-2.0	21.0	18.0	
1504193770765	1550388623565	252.0	-2.0	21.0	18.0	
1504193770784	1550408765166	252.0	-2.0	21.0	18.0	
1504193770802	1550428906768	252.0	-2.0	21.0	18.0	
1504193770837	1550449048369	252.0	-2.0	21.0	18.0	
1504193770855	1550469189971	252.0	-2.0	21.0	18.0	
1504193770871	1550489331572	252.0	-2.0	21.0	18.0	
1504193770891	1550509473174	252.0	-2.0	21.0	18.0	
1504193770910	1550529614776	252.0	-2.0	21.0	18.0	
1504193770948	1550549756377	252.0	-2.0	21.0	18.0	
1504193770960	1550569897979	252.0	-2.0	21.361007690429688	18.0	
1504193770978	1550590039580	252.0	-2.0	22.0	18.0	
1504193770997	1550610181182	252.0	-2.0	22.0	18.0	
1504193771016	1550630322783	252.0	-1.1810455322265625	22.0	18.0	
1504193771033	1550650464385	252.0	-1.0	22.0	18.0	
1504193771068	1550670605986	252.0	-1.0	23.0	18.0	
1504193771084	1550690747588	252.23448181152344	-1.0	23.0	18.0	
1504193771102	1550710889190	253.0	-1.0	23.0	18.0	
1504193771119	1550731030791	253.0	-0.4896697998046875	23.0	18.0	
1504193771136	1550751172393	253.0	0.0	23.648269653320313	18.0	
1504193771156	1550771313994	253.0	0.0	24.0	18.0	
1504193771173	1550791455596	253.0	0.0	24.0	18.0	
1504193771208	1550811597197	253.0	0.0	24.0	18.0	
1504193771225	1550831738799	253.0	0.0	24.0	18.0	
1504193771242	1550851880401	253.0	0.0	24.0	18.0	
1504193771260	1550872022002	253.0	0.0	24.0	18.0	
1504193771278	1550892163604	253.0	0.0	24.0	18.0	
1504193771300	1550912305205	253.0	0.0	24.0	18.0	
1504193771313	1550932446807	253.0	0.0	24.0	18.0	
1504193771348	1550952588408	253.0	0.0	24.0	18.0	
1504193771367	1550972730010	253.0	0.0	24.0	18.0	
1504193771384	1550992871611	253.0	0.0	24.0	18.0	
1504193771401	1551013013213	253.0	0.0	24.0	18.0	
1504193771422	1551033154815	253.0	0.0	24.0	18.0	
1504193771437	1551053296416	253.0	0.0	24.0	18.0	
1504193771454	1551073438018	253.0	0.0	24.0	18.0	
1504193771471	1551093579619	253.0	0.0	24.0	18.0	
1504193771506	1551113721221	253.0	0.0	24.0	18.0	
1504193771524	1551133862822	253.0	0.0	24.0	18.0	
1504193771542	1551154004424	253.0	0.0	24.0	18.0	
1504193771559	1551174146026	253.0	0.0	24.0	18.0	
1504193771579	1551194287627	253.0	0.0	24.0	18.0	
1504193771598	1551214429229	253.0	0.0	24.0	18.0	
1504193771614	1551234570830	253.9637908935547	0.0	24.0	18.0	
1504193771648	1551254712432	254.0	0.0	24.0	18.0	
1504193771665	1551274854033	254.0	0.0	24.0	18.0	
1504193771684	1551294995635	254.0	0.0	24.0	18.0	
1504193771700	1551315137236	254.0	0.0	24.0	18.0	
1504193771718	1551335278838	254.0	0.0	24.0	18.0	
1504193771737	1551355420440	254.0	0.0	24.0	18.0	
1504193771755	1551375562041	254.0	0.0	24.0	18.0	
1504193771789	1551395703643	254.0	0.0	23.931045532226563	18.0	
1504193771807	1551415845244	254.0	0.0	23.0	18.0	
1504193771823	1551435986846	254.0	0.0	23.0	18.0	
1504193771842	1551456128447	254.0	0.0	23.0	18.0	
1504193771859	1551476270049	254.0	0.0	23.0	18.0	
1504193771877	1551496411651	254.0	0.0	23.0	18.0	
1504193771903	1551516553252	254.0	0.0	23.0	18.0	
1504193771930	1551536694854	254.0	0.0	23.0	18.0	
1504193771949	1551556836455	254.0	0.0	23.0	18.0	
1504193771965	1551576978057	254.0	0.0	23.0	18.0	
1504193771990	1551597119658	254.0	0.0	23.0	18.0	
1504193772000	1551617261260	254.0	0.0	23.0	18.0	
1504193772020	1551637402861	254.0	0.0	23.0	18.0	
1504193772036	1551657544463	254.0	0.0	23.0	18.0	
1504193772070	1551677686065	254.0	0.0	23.0	18.0	
1504193772088	1551697827666	254.0	0.0	23.0	18.0	
1504193772106	1551717969268	254.0	0.0	23.0	18.0	
1504193772125	1551738110869	254.0	0.0	23.0	18.0	
1504193772141	1551758252471	254.0	0.0	23.0	18.0	
1504193772162	1551778394072	254.0	0.0	23.0	18.0	
1504193772185	1551798535674	254.0	0.0	23.0	18.0	
1504193772194	1551818677276	254.0	0.0	23.0	18.0	
1504193772229	1551838818877	254.0	0.0	23.0	18.0	
1504193772246	1551858960479	254.0	0.0	23.0	18.0	
1504193772267	1551879102080	254.0	0.0	23.0	18.0	
1504193772284	1551899243682	254.0	0.0	23.0	18.0	
1504193772300	1551919385283	254.0	0.0	23.0	18.0	
1504193772317	1551939526885	254.0	0.0	23.0	18.0	
1504193772336	1551959668486	254.0	0.0	23.0	18.0	
1504193772370	1551979810088	254.0	0.0	23.0	18.0	
1504193772388	1551999951690	254.0	0.0	23.0	18.0	
1504193772405	1552020093291	254.0	0.0	23.0	18.0	
1504193772425	1552040234893	254.0	0.0	23.0	18.0	
1504193772441	1552060376494	254.0	0.0	23.0	18.0	
1504193772458	1552080518096	254.0	0.0	23.0	18.0	
1504193772477	1552100659697	254.0	0.0	23.0	18.0	
1504193772511	1552120801299	254.0	0.0	23.0	18.0	
1504193772529	1552140942901	254.0	0.0	23.0	18.0	
1504193772547	1552161084502	254.0	0.0	23.0	18.0	
1504193772564	1552181226104	254.0	0.0	23.0	18.0	
1504193772581	1552201367705	254.0	0.0	23.0	18.0	
1504193772600	1552221509307	254.0	0.0	23.0	18.0	
1504193772617	1552241650908	254.0	0.0	23.0	18.0	
1504193772652	1552261792510	254.0	0.0	23.0	18.0	
1504193772670	1552281934111	254.0	0.0	23.0	18.0	
1504193772687	1552302075713	254.0	0.0	23.0	18.0	
1504193772706	1552322217315	254.0	0.0	23.0	18.0	
1504193772723	1552342358916	254.0	0.0	23.0	18.0	
1504193772741	1552362500518	254.0	0.0	23.0	18.0	
1504193772759	1552382642119	254.0	0.0	23.0	18.0	
1504193772776	1552402783721	254.0	0.0	23.0	18.0	
1504193772816	1552422925322	255.0	0.0	23.115509033203125	18.0	
1504193772831	1552443066924	255.0	0.0	24.0	18.0	
1504193772851	1552463208526	255.0	0.0	24.0	18.0	
1504193772864	1552483350127	255.0	0.0	24.0	18.0	
1504193772882	1552503491729	255.0	0.0	24.0	18.0	
1504193772899	1552523633330	255.80516052246094	0.0	24.0	18.0	
1504193772926	1552543774932	256.0	0.0	24.0	18.0	
1504193772952	1552563916533	256.0	0.0	24.0	18.0	
1504193772970	1552584058135	256.0	0.0	24.0	18.0	
1504193772987	1552604199736	256.3586120605469	0.0	24.0	18.0	
1504193773020	1552624341338	257.0	0.0	24.0	18.0	
1504193773024	1552644482940	257.0	0.0	24.0	18.0	
1504193773040	1552664624541	257.0	0.0	24.77239990234375	18.0	
1504193773059	1552684766143	257.0	0.0	25.0	18.0	
1504193773098	1552704907744	257.0	0.0	25.0	18.0	
1504193773113	1552725049346	257.1865234375	0.0	25.0	18.0	
1504193773136	1552745190947	258.0	0.0	25.0	18.0	
1504193773148	1552765332549	258.0	0.0	25.0	18.0	
1504193773165	1552785474151	258.0	0.0	25.601715087890625	18.0	
1504193773184	1552805615752	258.0	0.0	26.0	18.0	
1504193773199	1552825757354	258.0	0.0	26.0	18.0	
1504193773235	1552845898955	258.0	0.0	26.0	18.0	
1504193773251	1552866040557	258.0	0.0	26.0	18.0	
1504193773270	1552886182158	258.0	0.0	26.0	18.0	
1504193773287	1552906323760	258.4310302734375	0.0	26.0	18.0	
1504193773304	1552926465361	259.0	0.0	26.0	18.0	
1504193773322	1552946606963	259.0	0.0	26.0	18.0	
1504193773340	1552966748565	259.0	0.0	26.0	18.0	
1504193773357	1552986890166	258.0172424316406	0.0	26.0	18.0	
1504193773395	1553007031768	258.0	0.0	26.0	18.0	
1504193773410	1553027173369	258.0	0.0	26.0	18.0	
1504193773428	1553047314971	258.0	0.0	26.0	18.0	
1504193773448	1553067456572	258.0	0.0	26.0	18.0	
1504193773463	1553087598174	258.0	0.0	26.0	18.0	
1504193773481	1553107739776	258.0	0.0	26.0	18.0	
1504193773499	1553127881377	258.95001220703125	0.0	26.0	18.0	
1504193773542	1553148022979	259.0	0.0	26.088836669921875	18.0	
1504193773552	1553168164580	259.0	0.0	26.758392333984375	18.0	
1504193773569	1553188306182	259.0	0.0	26.0	18.0	
1504193773587	1553208447783	259.0	0.0	26.568649291992188	18.0	
1504193773605	1553228589385	258.26806640625	0.0	27.0	18.0	
1504193773622	1553248730986	258.0	0.0	27.0	18.0	
1504193773657	1553268872588	258.0	0.0	28.0	18.0	
1504193773675	1553289014190	258.0	0.0	28.0	18.0	
1504193773693	1553309155791	258.0	0.0	28.0	125.0	
1504193773719	1553329297393	258.0	0.0	27.453277587890625	125.0	
1504193773728	1553349438994	258.0	0.0	27.0	125.0	
1504193773745	1553369580596	258.0	0.0	27.0	125.0	
1504193773785	1553389722197	258.0	0.0	27.0	125.0	
1504193773799	1553409863799	258.0	0.0	27.0	125.0	
1504193773816	1553430005401	258.0	0.0	27.0	125.0	
1504193773832	1553450147002	258.0	0.0	27.0	125.0	
1504193773851	1553470288604	258.0	0.0	27.0	125.0	
1504193773873	1553490430205	258.0	0.0	27.0	125.0	
1504193773915	1553510571807	258.0	0.0	27.0	125.0	
1504193773922	1553530713408	258.0	0.0	27.0	125.0	
1504193773939	1553550855010	258.0	0.0	27.0	125.0	
1504193773957	1553570996611	258.0	0.0	27.0	125.0	
1504193773977	1553591138213	258.0	0.0	27.0	125.0	
1504193773992	1553611279815	258.0	0.0	27.0	125.0	
1504193774010	1553631421416	258.0	0.0	27.0	125.0	
1504193774045	1553651563018	258.0	0.0	27.0	125.0	
1504193774066	1553671704619	258.0	0.0	27.0	125.0	
1504193774080	1553691846221	258.0	0.0	27.0	125.0	
1504193774098	1553711987822	258.0	0.0	27.0	125.0	
1504193774119	1553732129424	258.0	0.0	27.0	125.0	
1504193774133	1553752271026	258.0	0.0	27.0	125.0	
1504193774168	1553772412627	258.0	0.0	27.0	125.0	
1504193774186	1553792554229	258.0	0.0	27.0	125.0	
1504193774209	1553812695830	258.0	0.0	27.0	125.0	
1504193774223	1553832837432	258.0	0.0	27.0	125.0	
1504193774240	1553852979033	258.0	0.0	27.0	125.0	
1504193774256	1553873120635	258.0	0.0	27.0	125.0	
1504193774275	1553893262236	258.0	0.0	27.0	125.0	
1504193774309	1553913403838	258.0	0.0	26.0	125.0	
1504193774328	1553933545440	258.0	0.0	26.0	125.0	
1504193774344	1553953687041	258.0	0.0	26.0	125.0	
1504193774363	1553973828643	257.4784240722656	0.0	26.0	125.0	
1504193774380	1553993970244	257.0	0.0	26.0	125.0	
1504193774400	1554014111846	257.0	0.0	25.1968994140625	125.0	
1504193774415	1554034253447	257.0	0.0	25.0	125.0	
1504193774451	1554054395049	256.0	0.0	25.0	125.0	
1504193774469	1554074536651	256.0	0.0	25.0	125.0	
1504193774485	1554094678252	256.0	0.0	24.633224487304688	125.0	
1504193774503	1554114819854	255.4922332763672	0.0	24.0	125.0	
1504193774521	1554134961455	255.0	0.0	24.0	125.0	
1504193774538	1554155103057	255.0	0.0	24.789291381835938	125.0	
1504193774557	1554175244658	255.0	0.0	25.0	125.0	
1504193774592	1554195386260	255.0	0.0	25.0	125.0	
1504193774609	1554215527861	255.0	0.0	25.0	125.0	
1504193774626	1554235669463	255.0	0.0	25.0	125.0	
1504193774644	1554255811065	255.0	0.0	25.0	125.0	
1504193774663	1554275952666	255.0	0.0	25.0	125.0	
1504193774682	1554296094268	255.0	0.0	25.0	125.0	
1504193774698	1554316235869	255.0	0.0	25.0	125.0	
1504193774733	1554336377471	255.0	0.0	25.0	125.0	
1504193774750	1554356519072	255.0	0.0	25.0	125.0	
1504193774768	1554376660674	255.0	0.0	25.0	125.0	
1504193774785	1554396802276	255.0	0.0	25.0	125.0	
1504193774807	1554416943877	255.0	0.0	25.0	125.0	
1504193774825	1554437085479	255.0	0.0	25.0	125.0	
1504193774839	1554457227080	255.0	0.0	25.0	125.0	
1504193774875	1554477368682	255.0	0.0	26.0	125.0	
1504193774892	1554497510283	255.0	0.0	26.0	125.0	
1504193774908	1554517651885	255.0	0.0	26.0	125.0	
1504193774927	1554537793486	255.0	0.0	26.0	125.0	
1504193774943	1554557935088	255.0	0.0	26.0	125.0	
1504193774961	1554578076690	255.0	0.0	26.0	125.0	
1504193774981	1554598218291	255.0	0.0	26.0	125.0	
1504193775016	1554618359893	255.0	0.0	26.0	125.0	
1504193775032	1554638501494	255.0	0.0	26.0	125.0	
1504193775049	1554658643096	255.0	0.0	26.0	125.0	
1504193775067	1554678784697	255.0	0.0	26.0	125.0	
1504193775085	1554698926299	255.0	0.0	26.0	125.0	
1504193775102	1554719067901	255.0	0.0	26.0	125.0	
1504193775122	1554739209502	255.0	0.0	26.0	125.0	
1504193775155	1554759351104	255.0	0.0	26.0	125.0	
1504193775174	1554779492705	255.0	0.0	26.0	125.0	
1504193775205	1554799634307	255.0	0.0	26.0	125.0	
1504193775227	1554819775908	255.0	0.0	26.0	125.0	
1504193775232	1554839917510	255.0	0.0	26.0	125.0	
1504193775246	1554860059111	255.0	0.0	26.0	5.0	
1504193775261	1554880200713	255.0	0.0	26.0	5.0	
1504193775308	1554900342315	255.0	0.0	26.0	5.0	
1504193775317	1554920483916	255.0	0.0	26.0	5.0	
1504193775335	1554940625518	255.0	0.0	26.0	5.0	
1504193775349	1554960767119	255.0	0.0	26.0	5.0	
1504193775366	1554980908721	255.0	0.0	26.0	5.0	
1504193775390	1555001050322	255.0	0.0	26.0	5.0	
1504193775405	1555021191924	255.0	0.0	26.0	5.0	
1504193775423	1555041333526	255.0	0.0	26.0	5.0	
1504193775461	1555061475127	255.0	0.0	26.0	5.0	
1504193775486	1555081616729	255.0	0.0	26.0	5.0	
1504193775500	1555101758330	255.0	0.0	26.0	5.0	
1504193775509	1555121899932	255.0	0.0	26.0	5.0	
1504193775524	1555142041533	255.0	0.0	26.0	5.0	
1504193775542	1555162183135	255.0	0.0	26.0	5.0	
1504193775561	1555182324736	255.0	0.0	26.0	5.0	
1504193775597	1555202466338	255.0	0.0	26.0	5.0	
1504193775613	1555222607940	255.0	0.0	26.0	5.0	
1504193775631	1555242749541	255.0	0.0	26.0	5.0	
1504193775647	1555262891143	255.0	0.0	26.0	5.0	
1504193775666	1555283032744	255.0	0.0	26.0	5.0	
1504193775684	1555303174346	255.0	0.0	26.0	5.0	
1504193775700	1555323315947	255.0	0.0	26.0	5.0	
1504193775739	1555343457549	255.0	0.0	26.0	5.0	
1504193775754	1555363599151	255.0	0.0	26.0	5.0	
1504193775771	1555383740752	255.0	0.0	26.0	5.0	
1504193775789	1555403882354	255.0	0.0	26.0	5.0	
1504193775816	1555424023955	255.0	0.0	26.0	5.0	
1504193775828	1555444165557	255.0	0.0	26.0	5.0	
1504193775844	1555464307158	255.0	0.0	26.0	5.0	
1504193775879	1555484448760	255.0	0.0	26.0	5.0	
1504193775897	1555504590361	255.0	0.0	26.0	5.0	
1504193775913	1555524731963	255.0	0.0	26.0	5.0	
1504193775930	1555544873565	255.0	0.0	26.0	5.0	
1504193775949	1555565015166	255.0	0.0	26.0	5.0	
1504193775966	1555585156768	255.0	0.0	26.0	5.0	
1504193775983	1555605298369	255.0	0.0	26.0	5.0	
1504193776018	1555625439971	255.0	0.0	26.0	5.0	
1504193776036	1555645581572	255.0	0.0	26.0	5.0	
1504193776053	1555665723174	255.0	0.0	26.0	5.0	
1504193776070	1555685864776	255.0	0.0	26.0	5.0	
1504193776088	1555706006377	255.0	0.0	26.0	5.0	
1504193776106	1555726147979	255.0	0.0	26.0	5.0	
1504193776123	1555746289580	255.0	0.0	26.0	5.0	
1504193776159	1555766431182	255.0	0.0	26.0	5.0	
1504193776177	1555786572783	255.0	0.0	26.0	5.0	
1504193776198	1555806714385	255.0	0.0	26.0	5.0	
1504193776212	1555826855986	255.0	0.0	26.0	5.0	
1504193776230	1555846997588	255.0	0.0	26.0	5.0	
1504193776248	1555867139190	255.0	0.0	26.0	5.0	
1504193776265	1555887280791	255.0	0.0	26.0	5.0	
1504193776302	1555907422393	255.0	0.0	26.0	5.0	
1504193776318	1555927563994	255.0	0.0	26.0	5.0	
1504193776338	1555947705596	255.0	0.0	26.0	5.0	
1504193776353	1555967847197	255.0	0.0	26.0	5.0	
1504193776371	1555987988799	255.0	0.0	26.0	5.0	
1504193776388	1556008130401	255.0	0.0	26.0	5.0	
1504193776407	1556028272002	255.0	0.0	26.0	5.0	
1504193776441	1556048413604	255.0345916748047	0.0	25.0	5.0	
1504193776459	1556068555205	256.0	0.0	24.823837280273438	5.0	
1504193776476	1556088696807	256.31658935546875	0.0	23.683395385742188	5.0	
1504193776494	1556108838408	257.0	0.0	22.542327880859375	5.0	
1504193776512	1556128980010	257.5986022949219	0.0	22.0	5.0	
1504193776529	1556149121611	258.73919677734375	0.0	20.5216064453125	5.0	
1504193776547	1556169263213	259.880615234375	0.0	19.119384765625	5.0	
1504193776583	1556189404815	261.04150390625	0.0	19.0	5.0	
1504193776600	1556209546416	263.3246765136719	0.0	19.0	5.0	
1504193776623	1556229688018	265.60552978515625	-0.302764892578125	18.697235107421875	5.0	
1504193776635	1556249829619	267.8877258300781	-1.0	18.0	5.0	
1504193776657	1556269971221	270.1695251464844	-1.5847625732421875	17.415237426757813	5.0	
1504193776679	1556290112822	272.4507751464844	-2.7253875732421875	17.0	5.0	
1504193776688	1556310254424	275.600341796875	-3.0	17.0	5.0	
1504193776723	1556330396026	278.0138244628906	-4.0069122314453125	17.0	5.0	
1504193776740	1556350537627	280.29705810546875	-5.148529052734375	17.0	5.0	
1504193776758	1556370679229	282.5778503417969	-6.2889251708984375	17.0	5.0	
1504193776776	1556390820830	284.8600769042969	-7.4300384521484375	17.0	5.0	
1504193776793	1556410962432	287.141845703125	-8.5709228515625	17.0	5.0	
1504193776811	1556431104033	288.7127990722656	-9.712799072265625	17.0	5.0	
1504193776830	1556451245635	289.8531799316406	-10.853179931640625	17.0	5.0	
1504193776846	1556471387236	290.99481201171875	-11.0	16.005203247070313	5.0	
1504193776881	1556491528838	292.13494873046875	-12.0	16.0	5.0	
1504193776899	1556511670440	293.2763366699219	-12.276336669921875	15.723663330078125	5.0	
1504193776917	1556531812041	294.8338928222656	-13.0	15.0	5.0	
1504193776936	1556551953643	296.557861328125	-13.0	15.0	5.0	
1504193776953	1556572095244	298.3979187011719	-13.698959350585938	15.0	5.0	
1504193776970	1556592236846	300.6787414550781	-14.839370727539063	15.839370727539063	5.0	
1504193776988	1556612378447	302.9619140625	-15.98095703125	16.0	5.0	
1504193777023	1556632520049	305.12109375	-16.12109375	15.87890625	5.0	
1504193777040	1556652661651	306.5250244140625	-17.0	15.0	5.0	
1504193777058	1556672803252	308.4031066894531	-17.0	14.596893310546875	5.0	
1504193777075	1556692944854	310.08807373046875	-17.544036865234375	14.0	5.0	
1504193777097	1556713086455	312.3702392578125	-18.0	13.31488037109375	5.0	
1504193777112	1556733228057	314.6510925292969	-18.825546264648438	13.0	5.0	
1504193777131	1556753369658	316.9342346191406	-19.967117309570313	13.0	5.0	
1504193777163	1556773511260	319.2145080566406	-21.107254028320313	13.0	5.0	
1504193777184	1556793652861	321.4974060058594	-22.248703002929688	13.0	5.0	
1504193777198	1556813794463	323.7785339355469	-23.389266967773438	13.0	5.0	
1504193777216	1556833936065	326.0604248046875	-24.53021240234375	12.46978759765625	5.0	
1504193777234	1556854077666	328.3425598144531	-25.671279907226563	12.0	5.0	
1504193777253	1556874219268	329.8117370605469	-26.811737060546875	12.0	5.0	
1504193777270	1556894360869	331.90655517578125	-27.953277587890625	11.046722412109375	5.0	
1504193777305	1556914502471	333.18682861328125	-29.093414306640625	11.0	5.0	
1504193777323	1556934644072	335.23486328125	-30.234878540039063	10.765121459960938	5.0	
1504193777340	1556954785674	336.7508544921875	-31.37542724609375	10.0	5.0	
1504193777358	1556974927276	338.51641845703125	-32.51640319824219	10.0	5.0	
1504193777377	1556995068877	340.3148498535156	-33.65742492675781	10.657424926757813	5.0	
1504193777393	1557015210479	341.79791259765625	-34.0	10.20208740234375	5.0	
1504193777412	1557035352080	342.939453125	-34.0	10.0	5.0	
1504193777445	1557055493682	343.07958984375	-34.0	9.920425415039063	5.0	
1504193777463	1557075635283	344.0	-33.7789306640625	9.0	5.0	
1504193777481	1557095776885	344.0	-32.63841247558594	9.0	5.0	
1504193777498	1557115918486	343.4974365234375	-31.497421264648438	8.497421264648438	5.0	
1504193777517	1557136060088	343.0	-29.71282958984375	7.356414794921875	5.0	
1504193777534	1557156201690	342.21453857421875	-27.4290771484375	6.21453857421875	5.0	
1504193777551	1557176343291	341.07427978515625	-26.07427978515625	5.07427978515625	5.0	
1504193777588	1557196484893	340.0	-23.932647705078125	5.0	5.0	
1504193777604	1557216626494	339.7923889160156	-22.792388916015625	4.792388916015625	5.0	
1504193777624	1557236768096	338.651123046875	-21.651123046875	4.0	5.0	
1504193777640	1557256909697	338.0	-20.510391235351563	4.0	5.0	
1504193777657	1557277051299	336.7392272949219	-19.369613647460938	4.0	5.0	
1504193777682	1557297192901	335.2283935546875	-17.456756591796875	3.2283782958984375	5.0	
1504193777697	1557317334502	334.08807373046875	-15.176177978515625	3.0	5.0	
1504193777728	1557337476104	333.0	-10.785888671875	2.0	5.0	
1504193777745	1557357617705	332.80621337890625	-6.22491455078125	2.387542724609375	5.0	
1504193777763	1557377759307	332.0	-1.994842529296875	4.335052490234375	5.0	
1504193777783	1557397900908	332.0	0.9515380859375	4.52423095703125	5.0	
1504193777799	1557418042510	332.6165771484375	2.6165771484375	4.0	5.0	
1504193777816	1557438184111	333.7577819824219	2.242218017578125	5.51556396484375	5.0	
1504193777835	1557458325713	334.8980712890625	1.1019134521484375	8.694259643554688	5.0	
1504193777869	1557478467315	335.0	0.0	12.039718627929688	5.0	
1504193777887	1557498608916	335.0	-0.1799163818359375	12.820083618164063	5.0	
1504193777904	1557518750518	335.0	-1.0	11.357513427734375	5.0	
1504193777921	1557538892119	335.0	-1.0	8.614212036132813	5.0	
1504193777941	1557559033721	335.6027526855469	-1.602752685546875	5.79449462890625	5.0	
1504193777957	1557579175322	336.74395751953125	-2.0	4.2560577392578125	5.0	
1504193777974	1557599316924	337.88427734375	-2.88427734375	4.88427734375	5.0	
1504193778010	1557619458526	338.02587890625	-3.0258941650390625	6.051788330078125	5.0	
1504193778028	1557639600127	339.0	-4.0	8.0	5.0	
1504193778047	1557659741729	338.69256591796875	-3.6925811767578125	7.6925811767578125	5.0	
1504193778063	1557679883330	338.0	-2.10382080078125	6.10382080078125	5.0	
1504193778081	1557700024932	338.0	-0.4110565185546875	3.2331695556640625	5.0	
1504193778101	1557720166533	338.0	0.0	0.539794921875	5.0	
1504193778115	1557740308135	338.0	0.870452880859375	0.0	5.0	
1504193778151	1557760449736	336.9879150390625	-0.0120849609375	-0.9879150390625	5.0	
1504193778169	1557780591338	335.8477783203125	-1.4567108154296875	0.0	5.0	
1504193778185	1557800732940	334.41278076171875	-4.880828857421875	0.0	5.0	
1504193778204	1557820874541	332.1315002441406	-7.4342498779296875	-0.4342498779296875	5.0	
1504193778221	1557841016143	329.8477783203125	-9.1522216796875	-1.57611083984375	5.0	
1504193778238	1557861157744	328.28326416015625	-10.716751098632813	-2.7167510986328125	5.0	
1504193778257	1557881299346	326.28375244140625	-11.0	-3.858123779296875	5.0	
1504193778274	1557901440947	325.0017395019531	-11.998260498046875	-5.99652099609375	5.0	
1504193778309	1557921582549	324.860107421875	-11.860107421875	-6.139892578125	5.0	
1504193778327	1557941724151	324.0	-10.7197265625	-7.0	5.0	
1504193778344	1557961865752	324.0	-10.0	-7.0	5.0	
1504193778364	1557982007354	324.0	-10.0	-7.0	5.0	
1504193778380	1558002148955	324.0	-10.0	-7.0	5.0	
1504193778399	1558022290557	324.0	-10.0	-7.8442840576171875	5.0	
1504193778415	1558042432158	324.0	-10.0	-8.0	5.0	
1504193778451	1558062573760	324.0	-10.0	-8.0	5.0	
1504193778469	1558082715361	324.0	-10.266433715820313	-8.0	5.0	
1504193778487	1558102856963	324.0	-11.0	-8.0	5.0	
1504193778504	1558122998565	324.0	-11.0	-8.548431396484375	5.0	
1504193778525	1558143140166	324.0	-11.0	-9.0	5.0	
1504193778538	1558163281768	324.0	-11.0	-9.0	5.0	
1504193778556	1558183423369	324.0	-11.0	-9.0	5.0	
1504193778592	1558203564971	324.0	-11.0	-9.0	5.0	
1504193778609	1558223706572	324.0	-11.0	-9.0	5.0	
1504193778627	1558243848174	324.0	-11.0	-9.0	5.0	
1504193778646	1558263989776	324.0	-11.0	-9.0	5.0	
1504193778665	1558284131377	324.0	-11.0	-9.0	5.0	
1504193778679	1558304272979	324.0	-11.0	-9.0	5.0	
1504193778697	1558324414580	324.0	-11.956817626953125	-9.0	5.0	
1504193778742	1558344556182	324.09844970703125	-12.0	-9.098434448242188	5.0	
1504193778749	1558364697783	325.0	-12.0	-10.0	5.0	
1504193778768	1558384839385	325.0	-12.0	-10.0	5.0	
1504193778786	1558404980986	325.0	-12.0	-10.0	5.0	
1504193778807	1558425122588	325.0	-12.0	-10.0	5.0	
1504193778825	1558445264190	325.0	-12.0	-10.0	5.0	
1504193778838	1558465405791	325.0	-12.9429931640625	-10.0	5.0	
1504193778873	1558485547393	325.0	-13.0	-10.0	5.0	
1504193778892	1558505688994	325.0	-13.0	-10.0	5.0	
1504193778909	1558525830596	325.0	-13.0	-10.0	5.0	
1504193778926	1558545972197	325.0	-13.0	-10.0	5.0	
1504193778948	1558566113799	325.0	-13.0	-10.0	5.0	
1504193778962	1558586255401	325.0	-13.0	-10.0	5.0	
1504193778979	1558606397002	325.0	-13.0	-10.0	5.0	
1504193779015	1558626538604	325.0	-13.0	-10.0	5.0	
1504193779032	1558646680205	325.0	-13.0	-10.0	5.0	
1504193779051	1558666821807	325.0	-13.0	-10.0	5.0	
1504193779067	1558686963408	325.0	-13.0	-10.0	5.0	
1504193779084	1558707105010	325.0	-13.0	-10.0	5.0	
1504193779103	1558727246611	325.0	-13.0	-10.0	5.0	
1504193779120	1558747388213	325.0	-13.916946411132813	-10.0	5.0	
1504193779155	1558767529815	325.0	-14.0	-10.0	5.0	
1504193779173	1558787671416	325.0	-14.0	-10.0	5.0	
1504193779191	1558807813018	325.0	-14.0	-10.0	5.0	
1504193779209	1558827954619	324.5198669433594	-14.0	-10.0	5.0	
1504193779226	1558848096221	324.0	-14.0	-10.0	5.0	
1504193779252	1558868237822	324.0	-14.0	-10.0	5.0	
1504193779261	1558888379424	324.0	-14.0	-10.0	5.0	
1504193779296	1558908521026	324.0	-14.0	-10.0	5.0	
1504193779315	1558928662627	324.0	-14.184799194335938	-10.0	5.0	
1504193779332	1558948804229	324.0	-15.0	-10.0	5.0	
1504193779349	1558968945830	324.0	-15.0	-10.0	5.0	
1504193779369	1558989087432	324.0	-15.0	-10.0	5.0	
1504193779384	1559009229033	324.0	-15.0	-10.0	5.0	
1504193779402	1559029370635	324.0	-15.0	-10.0	5.0	
1504193779437	1559049512236	324.0	-15.0	-10.0	5.0	
1504193779458	1559069653838	324.0	-15.0	-10.0	5.0	
1504193779474	1559089795440	324.0	-15.0	-10.0	5.0	
1504193779490	1559109937041	324.0	-15.0	-10.0	5.0	
1504193779508	1559130078643	324.0	-15.0	-10.0	5.0	
1504193779527	1559150220244	324.0	-15.0	-10.0	5.0	
1504193779543	1559170361846	324.0	-15.0	-10.0	5.0	
1504193779578	1559190503447	324.0	-15.0	-10.0	5.0	
1504193779595	1559210645049	324.0	-15.0	-10.0	5.0	
1504193779613	1559230786651	324.0	-15.0	-10.0	5.0	
1504193779633	1559250928252	324.0	-15.0	-10.0	5.0	
1504193779649	1559271069854	324.0	-15.0	-10.0	5.0	
1504193779666	1559291211455	324.0	-15.0	-10.0	5.0	
1504193779684	1559311353057	324.0	-15.0	-10.0	5.0	
1504193779719	1559331494658	324.0	-15.0	-10.0	5.0	
1504193779738	1559351636260	324.0	-15.0	-10.0	5.0	
1504193779756	1559371777861	324.0	-15.0	-10.0	5.0	
1504193779772	1559391919463	324.0	-15.0	-10.0	5.0	
1504193779791	1559412061065	324.0	-15.0	-10.0	5.0	
1504193779808	1559432202666	324.0	-15.0	-10.0	5.0	
1504193779826	1559452344268	324.0	-15.0	-10.0	5.0	
1504193779842	1559472485869	324.0	-15.989608764648438	-10.0	5.0	
1504193779878	1559492627471	324.0	-16.0	-10.0	5.0	
1504193779896	1559512769072	324.0	-16.0	-10.0	5.0	
1504193779914	1559532910674	324.0	-16.0	-10.0	5.0	
1504193779931	1559553052276	324.0	-15.44732666015625	-10.0	5.0	
1504193779949	1559573193877	324.0	-15.0	-10.0	5.0	
1504193779966	1559593335479	324.0	-15.0	-10.0	5.0	
1504193779984	1559613477080	324.0	-15.0	-10.0	5.0	
1504193780019	1559633618682	324.0	-15.0	-10.0	5.0	
1504193780037	1559653760283	324.0	-15.0	-10.0	5.0	
1504193780055	1559673901885	324.0	-15.0	-10.0	5.0	
1504193780072	1559694043486	324.5388488769531	-15.0	-10.0	5.0	
1504193780090	1559714185088	325.0	-15.0	-10.0	5.0	
1504193780109	1559734326690	325.0	-14.17962646484375	-10.0	5.0	
1504193780125	1559754468291	325.0	-14.0	-10.0	5.0	
1504193780160	1559774609893	325.0	-14.0	-10.0	5.0	
1504193780178	1559794751494	325.0	-14.0	-9.756484985351563	5.0	
1504193780195	1559814893096	325.0	-14.0	-9.0	5.0	
1504193780214	1559835034697	325.0	-13.474960327148438	-9.0	5.0	
1504193780240	1559855176299	325.0	-13.0	-9.0	5.0	
1504193780250	1559875317901	325.0	-13.0	-9.0	5.0	
1504193780266	1559895459502	325.0	-13.0	-9.0	5.0	
1504193780301	1559915601104	325.0	-13.0	-9.0	5.0	
1504193780320	1559935742705	325.2301025390625	-13.0	-9.0	5.0	
1504193780336	1559955884307	326.0	-12.628677368164063	-9.0	5.0	
1504193780354	1559976025908	326.0	-12.0	-9.0	5.0	
1504193780372	1559996167510	326.0	-12.0	-9.0	5.0	
1504193780389	1560016309111	326.0	-12.0	-9.0	5.0	
1504193780410	1560036450713	326.0	-12.0	-9.0	5.0	
1504193780442	1560056592315	326.0	-12.0	-9.0	5.0	
1504193780459	1560076733916	325.7708435058594	-12.0	-9.229156494140625	5.0	
1504193780478	1560096873201	325.0	-12.0	-9.625	5.0	
1504193780494	1560117014802	325.0	-12.0	-9.0	5.0	
1504193780512	1560137156404	325.6666564941406	-12.0	-9.0	5.0	
1504193780531	1560157298005	326.0	-12.0	-9.0	5.0	
1504193780548	1560177439607	326.0	-12.0	-9.0	5.0	
1504193780583	1560197581209	326.0	-12.0	-10.0	5.0	
1504193780601	1560217722810	326.0	-12.0	-10.0	5.0	
1504193780618	1560237864412	326.0	-12.0	-10.0	5.0	
1504193780636	1560258006013	326.0	-12.0	-10.0	5.0	
1504193780654	1560278147615	326.0	-12.0	-10.0	5.0	
1504193780671	1560298289216	326.0	-12.0	-10.0	5.0	
1504193780691	1560318430818	326.0	-12.0	-10.0	5.0	
1504193780724	1560338572419	326.0	-12.0	-10.0	5.0	
1504193780743	1560358714021	326.0	-12.0	-10.0	5.0	
1504193780760	1560378855623	326.0	-12.0	-10.0	5.0	
1504193780777	1560398997224	326.0	-12.0	-9.44097900390625	5.0	
1504193780796	1560419138826	326.0	-12.0	-9.0	5.0	
1504193780812	1560439280427	326.0	-12.0	-9.0	5.0	
1504193780830	1560459422029	326.0	-12.0	-9.0	5.0	
1504193780866	1560479563630	326.0	-12.0	-9.0	5.0	
1504193780883	1560499705232	326.0	-11.713546752929688	-9.0	5.0	
1504193780902	1560519846834	326.0	-11.0	-9.0	5.0	
1504193780919	1560539988435	326.0	-11.0	-9.0	5.0	
1504193780938	1560560130037	326.0	-11.0	-9.0	5.0	
1504193780959	1560580271638	326.0	-11.0	-9.0	5.0	
1504193780988	1560600413240	326.0	-11.0	-8.0	5.0	
1504193781005	1560620554841	326.0	-11.0	-8.0	5.0	
1504193781023	1560640696443	326.0	-11.0	-8.0	5.0	
1504193781041	1560660838044	326.0	-11.0	-8.0	5.0	
1504193781061	1560680979646	326.0	-11.0	-8.0	5.0	
1504193781077	1560701121248	326.0	-11.0	-8.0	5.0	
1504193781098	1560721262849	326.0	-11.0	-8.0	5.0	
1504193781131	1560741404451	326.0	-11.0	-8.0	5.0	
1504193781152	1560761546052	326.0	-11.0	-8.0	5.0	
1504193781169	1560781687654	326.0	-11.0	-8.0	5.0	
1504193781190	1560801829255	326.0	-11.0	-8.0	5.0	
1504193781204	1560821970857	326.0	-11.0	-8.0	5.0	
1504193781222	1560842112459	326.0	-11.0	-8.76214599609375	5.0	
1504193781236	1560862254060	326.0	-11.907974243164063	-9.0	5.0	
1504193781274	1560882395662	326.0	-12.0	-9.0	5.0	
1504193781304	1560902537263	326.0	-12.0	-9.0	5.0	
1504193781322	1560922678865	326.0	-12.0	-9.0	5.0	
1504193781337	1560942820466	326.0	-12.0	-9.0	5.0	
1504193781343	1560962962068	326.0	-12.0	-9.0	5.0	
1504193781360	1560983103669	326.0	-12.0	-9.0	5.0	
1504193781376	1561003245271	326.0	-12.0	-9.0	5.0	
1504193781412	1561023386873	326.0	-12.0	-9.0	5.0	
1504193781433	1561043528474	326.0	-12.0	-9.0	5.0	
1504193781450	1561063670076	326.0	-12.0	-9.0	5.0	
1504193781468	1561083811677	326.0	-12.0	-9.0	5.0	
1504193781492	1561103953279	326.0	-12.0	-9.0	5.0	
1504193781502	1561124094880	326.0	-12.0	-9.0	5.0	
1504193781517	1561144236482	326.0	-12.9461669921875	-9.0	5.0	
1504193781552	1561164378084	326.0	-13.0	-9.0	5.0	
1504193781571	1561184519685	326.0	-13.0	-9.0	5.0	
1504193781591	1561204661287	326.0	-13.0	-9.0	5.0	
1504193781609	1561224802888	326.0	-13.0	-9.0	5.0	
1504193781624	1561244944490	326.0	-13.0	-9.0	5.0	
1504193781642	1561265086091	326.0	-13.0	-9.0	5.0	
1504193781661	1561285227693	326.0	-13.96527099609375	-9.0	5.0	
1504193781695	1561305369294	326.0	-14.0	-9.0	5.0	
1504193781711	1561325510896	326.0	-14.0	-9.0	5.0	
1504193781729	1561345652498	326.0	-14.402069091796875	-9.0	5.0	
1504193781748	1561365794099	326.0	-15.0	-9.0	5.0	
1504193781764	1561385935701	326.0	-15.692703247070313	-9.0	5.0	
1504193781782	1561406077302	326.0	-16.0	-8.161468505859375	5.0	
1504193781800	1561426218904	326.0	-16.0	-8.0	5.0	
1504193781835	1561446360505	326.13018798828125	-17.0	-8.0	5.0	
1504193781855	1561466502107	327.0	-17.0	-7.723968505859375	5.0	
1504193781875	1561486643709	327.0	-17.0	-7.0	5.0	
1504193781890	1561506785310	327.0	-17.56671142578125	-7.0	5.0	
1504193781907	1561526926912	327.0	-18.0	-7.0	5.0	
1504193781927	1561547068513	327.0	-18.0	-7.0	5.0	
1504193781960	1561567210115	327.0	-18.0	-7.0	5.0	
1504193781977	1561587351716	327.0	-18.0	-7.0	5.0	
1504193782002	1561607493318	327.0	-18.0	-7.0	5.0	
1504193782022	1561627634919	327.0	-18.0	-6.5590362548828125	5.0	
1504193782037	1561647776521	327.0	-18.0	-6.0	5.0	
1504193782057	1561667918123	327.0	-18.0	-6.0	5.0	
1504193782079	1561688059724	327.0	-18.0	-6.8767242431640625	5.0	
1504193782107	1561708201326	327.0	-18.0	-7.0	5.0	
1504193782121	1561728342927	327.0	-18.16839599609375	-7.0	5.0	
1504193782140	1561748484529	327.0	-19.0	-7.0	5.0	
1504193782164	1561768626130	327.0	-19.0	-7.0	5.0	
1504193782182	1561788767732	327.0	-19.0	-6.3951568603515625	5.0	
1504193782202	1561808909334	327.0	-19.0	-6.0	5.0	
1504193782222	1561829050935	327.0	-19.0	-6.0	5.0	
1504193782253	1561849192537	327.0	-19.0	-6.0	5.0	
1504193782266	1561869334138	327.0	-19.0	-6.0	5.0	
1504193782289	1561889475740	327.0	-19.0	-6.0	5.0	
1504193782302	1561909617341	327.0	-19.0	-6.0	5.0	
1504193782314	1561929758943	327.0	-19.0	-6.0	5.0	
1504193782339	1561949900544	327.0	-19.0	-6.0	5.0	
1504193782349	1561970042146	327.0	-19.0	-6.0	5.0	
1504193782381	1561990183748	327.0	-19.0	-6.0	5.0	
1504193782399	1562010325349	327.0	-19.0	-6.0	5.0	
1504193782427	1562030466951	327.0	-19.0	-6.0	5.0	
1504193782448	1562050608552	327.0	-19.498260498046875	-6.0	5.0	
1504193782460	1562070750154	327.0	-20.0	-6.0	5.0	
1504193782469	1562090891755	327.0	-20.0	-6.0	5.0	
1504193782488	1562111033357	327.0	-20.0	-6.0	5.0	
1504193782523	1562131174959	327.0	-19.079849243164063	-6.0	5.0	
1504193782540	1562151316560	326.7742919921875	-20.0	-6.0	5.0	
1504193782558	1562171458162	326.0	-20.0	-6.0	5.0	
1504193782575	1562191599763	326.0	-20.0	-6.0	5.0	
1504193782595	1562211741365	326.0	-20.0	-6.0	5.0	
1504193782611	1562231882966	326.0	-19.19097900390625	-6.0	5.0	
1504193782631	1562252024568	326.0	-19.0	-6.0	5.0	
1504193782664	1562272166169	326.0	-19.0	-6.0	5.0	
1504193782682	1562292307771	326.0	-19.0	-6.0	5.0	
1504193782702	1562312449373	326.0	-19.0	-6.0	5.0	
1504193782721	1562332590974	326.0	-19.0	-6.0	5.0	
1504193782737	1562352732576	326.0	-19.0	-6.0	5.0	
1504193782753	1562372874177	326.0	-19.0	-6.0	5.0	
1504193782769	1562393015779	326.0	-19.0	-6.0	5.0	
1504193782805	1562413157380	326.0	-19.0	-7.0	5.0	
1504193782823	1562433298982	326.0	-19.0	-7.0	5.0	
1504193782839	1562453440584	326.0	-19.0	-7.0	5.0	
1504193782859	1562473582185	326.0	-19.0	-7.0	5.0	
1504193782876	1562493723787	326.0	-19.0	-7.0	5.0	
1504193782895	1562513865388	326.0	-19.0	-7.0	5.0	
1504193782913	1562534006990	326.0	-19.0	-7.0	5.0	
1504193782949	1562554148591	326.0	-19.0	-7.0	5.0	
1504193782963	1562574290193	326.0	-19.0	-7.0	5.0	
1504193782981	1562594431794	326.4288330078125	-19.0	-7.0	5.0	
1504193782998	1562614573396	327.0	-19.0	-7.0	5.0	
1504193783017	1562634714998	327.0	-19.0	-7.7204742431640625	5.0	
1504193783033	1562654856599	327.0	-19.0	-8.0	5.0	
1504193783070	1562674998201	327.0	-19.0	-7.0	5.0	
1504193783087	1562695139802	327.0	-19.0	-7.0	5.0	
1504193783103	1562715281404	327.0	-19.0	-7.0	125.0	
1504193783121	1562735423005	327.0	-19.0	-7.0	125.0	
1504193783143	1562755564607	327.0	-19.0	-7.0	125.0	
1504193783165	1562775706209	327.0	-19.0	-7.0	125.0	
1504193783184	1562795847810	327.0	-19.0	-7.0	125.0	
1504193783210	1562815989412	327.0	-19.0	-7.0	125.0	
1504193783230	1562836131013	327.0	-19.0	-7.0	125.0	
1504193783246	1562856272615	327.0	-19.0	-7.0	125.0	
1504193783262	1562876414216	327.0	-19.0	-7.0	125.0	
1504193783281	1562896555818	327.0	-19.0	-7.0	125.0	
1504193783297	1562916697419	327.0	-19.0	-7.0	125.0	
1504193783314	1562936839021	327.0	-19.0	-7.0	125.0	
1504193783351	1562956980623	327.0	-19.0	-7.0	125.0	
1504193783369	1562977122224	327.0	-19.0	-7.0	125.0	
1504193783385	1562997263826	327.0	-19.0	-7.0	125.0	
1504193783403	1563017405427	327.0	-19.0	-7.0	125.0	
1504193783420	1563037547029	327.0	-19.0	-7.0	125.0	
1504193783439	1563057688630	327.0	-19.0	-7.0	125.0	
1504193783456	1563077830232	327.0	-19.0	-7.0	125.0	
1504193783494	1563097971834	327.0	-19.0	-7.0	125.0	
1504193783511	1563118113435	327.0	-19.0	-7.0	125.0	
1504193783528	1563138255037	327.0	-19.0	-7.0	125.0	
1504193783545	1563158396638	327.50518798828125	-19.0	-7.0	125.0	
1504193783562	1563178538240	328.0	-19.0	-6.348968505859375	125.0	
1504193783581	1563198679841	328.0	-19.0	-6.0	125.0	
1504193783599	1563218821443	328.0	-19.0	-6.0	125.0	
1504193783636	1563238963044	329.0	-20.0	-6.0	125.0	
1504193783652	1563259104646	329.0	-20.0	-5.7660369873046875	125.0	
1504193783669	1563279246248	329.37847900390625	-20.0	-5.0	125.0	
1504193783686	1563299387849	330.0	-20.0	-5.0	125.0	
1504193783704	1563319529451	330.6701354980469	-20.670135498046875	-4.329864501953125	125.0	
1504193783721	1563339671052	331.0	-21.0	-4.0	125.0	
1504193783739	1563359812654	331.0	-21.0	-4.0	125.0	
1504193783773	1563379954255	331.1076354980469	-21.0	-4.0	125.0	
1504193783791	1563400095857	332.0	-21.0	-4.0	125.0	
1504193783808	1563420237459	332.0	-21.0	-4.0	125.0	
1504193783826	1563440379060	332.0	-21.0	-4.0	125.0	
1504193783844	1563460520662	332.0	-21.0	-4.0	125.0	
1504193783863	1563480662263	332.0	-21.0	-4.0	125.0	
1504193783880	1563500803865	332.0	-21.0	-4.0	125.0	
1504193783917	1563520945466	332.0	-21.0	-4.0	125.0	
1504193783932	1563541087068	332.0	-21.0	-4.0	125.0	
1504193783950	1563561228669	332.0	-21.0	-4.0	125.0	
1504193783968	1563581370271	332.0	-21.0	-4.0	125.0	
1504193783985	1563601511873	332.0	-21.0	-4.0	125.0	
1504193784003	1563621653474	332.0	-21.0	-4.0	125.0	
1504193784021	1563641795076	332.0	-21.0	-4.0	125.0	
1504193784056	1563661936677	332.0	-21.0	-4.0	125.0	
1504193784074	1563682078279	332.0	-21.0	-4.0	125.0	
1504193784091	1563702219880	332.0	-21.0	-4.0	125.0	
1504193784109	1563722361482	332.0	-21.0	-4.0	125.0	
1504193784129	1563742503084	332.0	-21.0	-4.0	125.0	
1504193784145	1563762644685	332.0	-21.0	-4.0	125.0	
1504193784181	1563782786287	332.0	-21.0	-4.0	125.0	
1504193784197	1563802927888	332.1649169921875	-21.0	-4.0	125.0	
1504193784215	1563823069490	333.0	-21.0	-4.0	125.0	
1504193784232	1563843211091	333.0	-21.0	-4.0	125.0	
1504193784250	1563863352693	333.0	-21.0	-4.0	125.0	
1504193784268	1563883494294	333.0	-21.0	-4.0	125.0	
1504193784288	1563903635896	333.0	-21.0	-4.0	125.0	
1504193784321	1563923777498	333.0	-21.0	-4.0	125.0	
1504193784338	1563943919099	333.0	-21.0	-4.0	125.0	
1504193784357	1563964060701	333.0	-21.0	-4.3298492431640625	125.0	
1504193784377	1563984202302	333.0	-21.0	-5.0	125.0	
1504193784392	1564004343904	333.0	-21.0	-5.0	125.0	
1504193784410	1564024485505	333.0	-21.0	-5.0	125.0	
1504193784427	1564044627107	333.91143798828125	-21.0	-5.0	125.0	
1504193784462	1564064768709	334.0	-21.0	-5.0	125.0	
1504193784480	1564084910310	334.0	-21.0	-5.0	125.0	
1504193784498	1564105051912	334.0	-21.0	-5.0	125.0	
1504193784515	1564125193513	334.0	-21.0	-5.0	125.0	
1504193784533	1564145335115	334.0	-21.0	-5.0	125.0	
1504193784552	1564165476716	334.0	-21.0	-5.0	125.0	
1504193784568	1564185618318	334.0	-21.0	-5.0	125.0	
1504193784605	1564205759919	334.0	-21.0	-5.0	125.0	
1504193784621	1564225901521	334.0	-21.0	-5.0	125.0	
1504193784642	1564246043123	334.0	-21.0	-5.0	125.0	
1504193784655	1564266184724	334.0	-21.0	-5.0	125.0	
1504193784674	1564286326326	333.380615234375	-21.0	-5.0	125.0	
1504193784691	1564306467927	333.0	-21.0	-5.0	125.0	
1504193784710	1564326609529	333.0	-20.096893310546875	-5.0	125.0	
1504193784744	1564346751130	333.0	-20.0	-5.0	125.0	
1504193784763	1564366892732	333.0	-20.0	-5.0	125.0	
1504193784779	1564387034334	333.0	-20.0	-5.0	125.0	
1504193784798	1564407175935	333.0	-20.0	-5.0	125.0	
1504193784815	1564427317537	333.0	-20.0	-5.0	125.0	
1504193784832	1564447459138	333.0	-20.754318237304688	-5.0	125.0	
1504193784849	1564467600740	333.0	-21.0	-5.0	125.0	
1504193784885	1564487742341	333.0	-21.0	-5.0	125.0	
1504193784905	1564507883943	333.0	-21.0	-5.0	125.0	
1504193784920	1564528025544	333.0	-21.0	-5.0	125.0	
1504193784939	1564548167146	333.0	-21.0	-5.0	125.0	
1504193784956	1564568308748	333.0	-21.0	-5.0	125.0	
1504193784975	1564588450349	333.0	-21.0	-5.0	125.0	
1504193784992	1564608591951	333.0	-21.0	-5.0	125.0	
1504193785028	1564628733552	333.0	-20.970596313476563	-5.0	125.0	
1504193785044	1564648875154	333.0	-20.0	-5.0	125.0	
1504193785062	1564669016755	333.0	-20.0	-5.0	125.0	
1504193785080	1564689158357	333.0	-20.0	-5.45501708984375	125.0	
1504193785097	1564709299959	333.0	-20.0	-6.0	125.0	
1504193785116	1564729441560	333.0	-20.0	-6.0	125.0	
1504193785133	1564749583162	333.0	-20.0	-6.0	125.0	
1504193785169	1564769724763	333.0	-20.0	-5.9775238037109375	125.0	
1504193785187	1564789866365	333.0	-20.0	-5.0	125.0	
1504193785203	1564810007966	333.0	-20.0	-5.0	125.0	
1504193785220	1564830149568	333.0	-20.0	-5.0	125.0	
1504193785238	1564850291169	333.0	-20.0	-5.0	125.0	
1504193785257	1564870432771	333.0	-20.731826782226563	-5.0	125.0	
1504193785274	1564890574373	333.0	-21.0	-5.873687744140625	125.0	
1504193785308	1564910715974	333.0	-21.0	-6.0	125.0	
1504193785326	1564930857576	333.0	-21.0	-6.0	125.0	
1504193785348	1564950999177	333.0	-21.0	-6.0	125.0	
1504193785361	1564971140779	333.0	-21.0	-6.0	125.0	
1504193785378	1564991282380	333.0	-21.0	-6.0	125.0	
1504193785396	1565011423982	333.0	-21.0	-6.0	125.0	
1504193785413	1565031565584	333.0	-21.0	-6.0	125.0	
1504193785451	1565051707185	333.0	-21.0	-6.0	125.0	
1504193785467	1565071848787	333.0	-21.0	-6.0	125.0	
1504193785485	1565091990388	333.0	-21.0	-5.7076263427734375	125.0	
1504193785502	1565112131990	333.0	-21.0	-5.0	125.0	
1504193785520	1565132273591	333.0	-21.0	-5.0	125.0	
1504193785537	1565152415193	333.0	-21.0	-5.0	125.0	
1504193785557	1565172556794	333.0	-21.0	-5.0	125.0	
1504193785590	1565192698396	333.0	-21.0	-5.0	125.0	
1504193785609	1565212839998	333.0	-21.0	-5.0	125.0	
1504193785626	1565232981599	333.0	-21.0	-5.0	125.0	
1504193785643	1565253123201	333.0	-21.0	-5.0	125.0	
1504193785661	1565273264802	333.0	-21.0	-5.0	125.0	
1504193785679	1565293406404	333.7098388671875	-21.0	-5.0	125.0	
1504193785699	1565313548005	334.0	-21.0	-5.0	125.0	
1504193785715	1565333689607	334.0	-21.0	-5.0	125.0	
1504193785749	1565353831209	334.0	-21.0	-5.0	125.0	
1504193785767	1565373972810	334.0	-21.0	-5.0	125.0	
1504193785785	1565394114412	334.0	-21.0	-5.0	125.0	
1504193785802	1565414256013	334.0	-21.0	-5.0	125.0	
1504193785820	1565434397615	334.0	-21.0	-5.0	125.0	
1504193785837	1565454539216	334.0	-21.0	-5.0	125.0	
1504193785855	1565474680818	334.0	-21.0	-5.0	125.0	
1504193785890	1565494822419	334.0	-21.0	-5.0	125.0	
1504193785907	1565514964021	334.0	-21.0	-5.0	125.0	
1504193785925	1565535105623	334.0	-21.0	-5.0	125.0	
1504193785943	1565555247224	334.0	-21.0	-5.0	125.0	
1504193785962	1565575388826	334.0	-21.0	-5.0	125.0	
1504193785980	1565595530427	334.0	-21.0	-5.0	125.0	
1504193785996	1565615672029	334.0	-21.0	-5.0	125.0	
1504193786031	1565635813630	334.0	-21.0	-5.0	125.0	
1504193786048	1565655955232	334.0	-21.0	-5.0	125.0	
1504193786066	1565676096834	334.0	-21.0	-5.0	125.0	
1504193786083	1565696238435	334.0	-21.0	-5.0	125.0	
1504193786108	1565716380037	334.0	-21.0	-5.0	125.0	
1504193786124	1565736521638	334.8304443359375	-21.0	-5.0	125.0	
1504193786150	1565756663240	335.0	-21.0	-5.0	125.0	
1504193786186	1565776804841	335.0	-21.0	-5.0	125.0	
1504193786209	1565796946443	335.0	-21.0	-5.0	125.0	
1504193786227	1565817088044	335.0	-21.0	-5.0	125.0	
1504193786234	1565837229646	335.0	-21.0	-5.0	125.0	
1504193786251	1565857371248	335.0	-21.0	-5.0	125.0	
1504193786268	1565877512849	335.0	-21.0	-5.0	125.0	
1504193786284	1565897654451	335.0	-21.0	-5.0	125.0	
1504193786317	1565917796052	335.0	-21.0	-5.0	125.0	
1504193786336	1565937937654	335.0	-21.0	-5.0	125.0	
1504193786356	1565958079255	335.0	-21.0	-5.0	125.0	
1504193786368	1565978220857	335.0	-21.0	-5.0	125.0	
1504193786402	1565998362459	335.0	-21.0	-5.0	125.0	
1504193786433	1566018504060	335.0	-21.0	-5.0	125.0	
1504193786471	1566038645662	335.0	-21.0	-5.0	125.0	
1504193786529	1566058787263	335.0	-21.0	-5.0	125.0	
1504193786561	1566078928865	335.0	-21.0	-5.0	125.0	
1504193786593	1566099070466	335.0	-21.0	-5.0	125.0	
1504193786604	1566119212068	335.0	-21.0	-5.0	125.0	
1504193786630	1566139353669	335.0	-21.0	-5.0	125.0	
1504193786644	1566159495271	335.0	-21.0	-5.0	125.0	
1504193786656	1566179636873	335.0	-21.0	-5.0	125.0	
1504193786677	1566199778474	335.0	-21.0	-5.0	125.0	
1504193786684	1566219920076	335.0	-21.0	-5.0	125.0	
1504193786702	1566240061677	335.37542724609375	-20.62457275390625	-4.62457275390625	125.0	
1504193786707	1566260203279	336.0	-20.0	-4.0	125.0	
1504193786719	1566280344880	336.0	-20.0	-4.0	125.0	
1504193786733	1566300486482	336.0	-20.0	-4.0	125.0	
1504193786743	1566320628084	336.0	-20.0	-4.0	125.0	
1504193786761	1566340769685	336.0	-20.0	-4.0	125.0	
1504193786769	1566360911287	336.0	-20.0	-4.0	125.0	
1504193786779	1566381052888	336.0	-20.0	-4.0	125.0	
1504193786789	1566401194490	336.0	-20.0	-4.0	125.0	
1504193786807	1566421336091	336.0	-20.0	-4.0	125.0	
1504193786826	1566441477693	336.0	-20.0	-4.0	125.0	
1504193786842	1566461619294	336.0	-20.0	-4.0	125.0	
1504193786881	1566481760896	336.0	-20.0	-4.0	125.0	
1504193786894	1566501902498	336.0	-20.0	-4.0	125.0	
1504193786915	1566522044099	336.0	-20.0	-4.0	125.0	
1504193786930	1566542185701	336.0	-20.503448486328125	-4.0	125.0	
1504193786949	1566562327302	336.0	-21.0	-4.0	125.0	
1504193786964	1566582468904	336.0	-21.0	-4.0	125.0	
1504193786983	1566602610505	336.0	-21.0	-4.0	125.0	
1504193787020	1566622752107	336.0	-20.0	-3.9290771484375	125.0	
1504193787035	1566642893709	336.0	-20.0	-3.0	125.0	
1504193787053	1566663035310	336.0	-20.0	-3.0	125.0	
1504193787071	1566683176912	336.0	-20.0	-3.0	125.0	
1504193787090	1566703318513	336.0	-20.0	-3.0	125.0	
1504193787107	1566723460115	336.0	-20.0	-3.0	125.0	
1504193787124	1566743601716	336.0	-20.0	-3.0	125.0	
1504193787158	1566763743318	336.0	-20.0	-3.0	125.0	
1504193787177	1566783884919	336.0	-20.0	-3.0	125.0	
1504193787195	1566804026521	336.0	-20.0	-3.0	125.0	
1504193787212	1566824168123	336.0	-20.0	-3.0	125.0	
1504193787230	1566844309724	336.0	-20.0	-3.0	125.0	
1504193787248	1566864451326	336.0	-20.0	-3.0	125.0	
1504193787264	1566884592927	336.0	-20.0	-3.0	125.0	
1504193787302	1566904734529	336.0	-20.0	-3.0	5.0	
1504193787322	1566924876130	336.0	-20.0	-3.0	5.0	
1504193787336	1566945017732	336.0	-20.0	-3.0	5.0	
1504193787353	1566965159334	336.0	-20.0	-3.0	5.0	
1504193787372	1566985300935	336.0	-20.0	-3.0	5.0	
1504193787388	1567005442537	336.0	-20.0	-3.0	5.0	
1504193787409	1567025584138	336.0	-20.0	-3.0	5.0	
1504193787442	1567045725740	336.0	-20.0	-3.0	5.0	
1504193787458	1567065867341	336.0	-20.0	-3.0	5.0	
1504193787475	1567086008943	336.0	-20.0	-3.0	5.0	
1504193787492	1567106150544	336.0	-20.0	-3.0	5.0	
1504193787510	1567126292146	336.0	-20.0	-3.0	5.0	
1504193787529	1567146433748	336.0	-20.0	-3.0	5.0	
1504193787547	1567166575349	336.0	-20.0	-2.1003570556640625	5.0	
1504193787580	1567186716951	336.0	-20.0	-2.0	5.0	
1504193787599	1567206858552	336.0	-20.0	-2.0	5.0	
1504193787617	1567227000154	336.0	-20.0	-2.0	5.0	
1504193787633	1567247141755	336.46710205078125	-20.0	-2.0	5.0	
1504193787651	1567267283357	337.0	-20.0	-1.3910064697265625	5.0	
1504193787670	1567287424959	337.0	-20.0	-1.0	5.0	
1504193787686	1567307566560	337.0	-20.0	-1.0	5.0	
1504193787722	1567327708162	337.0	-20.0	-1.0	5.0	
1504193787740	1567347849763	337.0	-20.0	-1.0	5.0	
1504193787757	1567367991365	337.0	-20.0	-1.0	5.0	
1504193787777	1567388132966	337.0	-20.0	-1.0	5.0	
1504193787792	1567408274568	337.0	-20.0	-1.0	5.0	
1504193787810	1567428416169	337.74395751953125	-20.0	-1.0	5.0	
1504193787829	1567448557771	338.0	-20.0	-1.0	5.0	
1504193787864	1567468699373	338.0	-20.0	-1.0	5.0	
1504193787880	1567488840974	338.0	-20.0	-1.0	5.0	
1504193787898	1567508982576	338.0	-20.0	-1.0	5.0	
1504193787915	1567529124177	338.0	-20.0	-1.0	5.0	
1504193787933	1567549265779	338.0	-20.0	-1.0	5.0	
1504193787950	1567569407380	338.0	-20.0	-1.0	5.0	
1504193787968	1567589548982	338.0	-20.0	-1.0	5.0	
1504193788007	1567609690584	338.0	-20.0	-1.0	5.0	
1504193788022	1567629832185	338.0	-20.160888671875	-0.839111328125	5.0	
1504193788039	1567649973787	338.0	-21.0	0.0	5.0	
1504193788057	1567670115388	338.0	-21.0	0.0	5.0	
1504193788074	1567690256990	338.0	-21.0	0.0	5.0	
1504193788094	1567710398591	338.0	-21.0	0.0	5.0	
1504193788113	1567730540193	338.8702392578125	-21.0	0.0	5.0	
1504193788145	1567750681794	339.0	-21.0	0.0	5.0	
1504193788163	1567770823396	339.0	-21.0	0.0	5.0	
1504193788181	1567790964998	339.0	-21.0	0.0	5.0	
1504193788201	1567811106599	339.4377136230469	-21.0	0.0	5.0	
1504193788216	1567831248201	340.0	-21.0	0.0	5.0	
1504193788234	1567851389802	340.0	-21.0	0.0	5.0	
1504193788252	1567871531404	340.0	-21.0	0.0	5.0	
1504193788285	1567891673005	340.00518798828125	-21.99481201171875	0.0	5.0	
1504193788303	1567911814607	341.0	-21.0	0.1470489501953125	5.0	
1504193788321	1567931956209	341.2889404296875	-21.0	1.0	5.0	
1504193788338	1567952097810	342.0	-21.4307861328125	1.0	5.0	
1504193788356	1567972239412	342.0	-22.0	0.427337646484375	5.0	
1504193788374	1567992381013	342.0	-22.0	0.0	5.0	
1504193788392	1568012522615	342.0	-22.0	0.0	5.0	
1504193788411	1568032664216	342.9982604980469	-22.998260498046875	0.0	5.0	
1504193788444	1568052805818	343.0	-23.0	0.0	5.0	
1504193788462	1568072947419	343.0	-23.0	0.0	5.0	
1504193788480	1568093089021	343.0	-23.0	0.0	5.0	
1504193788497	1568113230623	343.0	-23.0	0.0	5.0	
1504193788517	1568133372224	343.0	-23.0	0.0	5.0	
1504193788532	1568153513826	343.0	-23.0	0.0	5.0	
1504193788550	1568173655427	343.0	-23.0	0.0	5.0	
1504193788586	1568193797029	343.0	-22.866790771484375	0.0	5.0	
1504193788604	1568213938630	343.0	-22.0	0.0	5.0	
1504193788621	1568234080232	343.0	-22.0	0.0	5.0	
1504193788638	1568254221834	343.0	-22.0	0.0	5.0	
1504193788656	1568274363435	343.0	-22.0	0.0	5.0	
1504193788676	1568294505037	343.0	-22.0	0.0	5.0	
1504193788691	1568314646638	343.0	-22.0	0.0	5.0	
1504193788726	1568334788240	343.0	-22.0	0.0	5.0	
1504193788745	1568354929841	343.0	-22.0	0.0	5.0	
1504193788763	1568375071443	343.0	-22.0	0.0	5.0	
1504193788780	1568395213044	343.0	-22.0	0.0	5.0	
1504193788798	1568415354646	343.0	-22.0	0.0	5.0	
1504193788815	1568435496248	343.0	-22.0	0.0	5.0	
1504193788834	1568455637849	343.0	-22.0	-0.97576904296875	5.0	
1504193788867	1568475779451	342.0	-22.0	-1.0	5.0	
1504193788885	1568495921052	342.0	-22.0	-1.0	5.0	
1504193788902	1568516062654	341.5986328125	-21.598617553710938	-1.4013824462890625	5.0	
1504193788920	1568536204255	341.0	-21.0	-2.0	5.0	
1504193788939	1568556345857	341.0	-21.0	-2.0	5.0	
1504193788955	1568576487459	340.17303466796875	-21.0	-2.8269805908203125	5.0	
1504193788973	1568596629060	340.0	-21.0	-3.0	5.0	
1504193789008	1568616770662	340.0	-21.0	-3.0	5.0	
1504193789026	1568636912263	339.7474060058594	-21.0	-3.252593994140625	5.0	
1504193789044	1568657053865	339.0	-21.0	-4.0	5.0	
1504193789061	1568677195466	339.0	-21.0	-4.0	5.0	
1504193789079	1568697337068	339.0	-21.0	-4.0	5.0	
1504193789098	1568717478669	339.0	-21.0	-3.179931640625	5.0	
1504193789115	1568737620271	339.0	-21.0	-3.0	5.0	
1504193789151	1568757761873	340.0	-21.0	-3.0	5.0	
1504193789167	1568777903474	340.0	-21.0	-3.0	5.0	
1504193789185	1568798045076	340.0	-21.0	-3.0	5.0	
1504193789203	1568818186677	340.0	-21.0	-3.0	5.0	
1504193789221	1568838328279	340.0	-20.328720092773438	-3.0	5.0	
1504193789238	1568858469880	340.8131408691406	-20.0	-3.0	5.0	
1504193789258	1568878611482	341.0	-19.04498291015625	-2.04498291015625	5.0	
1504193789290	1568898753084	341.0	-19.0	-2.0968780517578125	5.0	
1504193789308	1568918894685	341.0	-19.0	-3.0	5.0	
1504193789326	1568939036287	341.0	-18.619384765625	-3.380615234375	5.0	
1504193789344	1568959177888	341.0	-18.0	-4.0	5.0	
1504193789363	1568979319490	341.0	-18.0	-4.0	5.0	
1504193789378	1568999461091	341.0	-18.0	-4.0	5.0	
1504193789397	1569019602693	341.94635009765625	-18.0	-4.0	5.0	
1504193789432	1569039744294	342.0	-18.0	-4.0	5.0	
1504193789450	1569059885896	342.0	-18.0	-4.0	5.0	
1504193789467	1569080027498	342.0	-18.0	-4.0	5.0	
1504193789485	1569100169099	342.0	-18.0	-4.0	5.0	
1504193789502	1569120310701	342.0	-18.0	-4.65570068359375	5.0	
1504193789521	1569140452302	342.0	-18.0	-5.0	5.0	
1504193789538	1569160593904	342.0	-18.0	-5.9394378662109375	5.0	
1504193789573	1569180735505	342.0	-19.0	-6.0	5.0	
1504193789590	1569200877107	342.0	-19.223175048828125	-6.223175048828125	5.0	
1504193789607	1569221018709	342.0	-20.0	-7.0	5.0	
1504193789626	1569241160310	342.0	-20.0	-7.0	5.0	
1504193789643	1569261301912	342.0	-20.0	-7.0	5.0	
1504193789661	1569281443513	342.0	-20.0	-7.0	5.0	
1504193789679	1569301585115	342.0	-20.0	-7.0	5.0	
1504193789714	1569321726716	343.0	-19.0	-7.0	5.0	
1504193789731	1569341868318	343.0	-18.783737182617188	-7.0	5.0	
1504193789749	1569362009919	342.6418762207031	-17.641876220703125	-7.0	5.0	
1504193789766	1569382151521	342.0	-16.5	-7.0	5.0	
1504193789785	1569402293123	342.0	-16.0	-6.3581390380859375	5.0	
1504193789802	1569422434724	342.0	-15.216278076171875	-6.0	5.0	
1504193789822	1569442576326	342.92559814453125	-15.0	-5.07440185546875	5.0	
1504193789854	1569462717927	343.0	-15.0	-5.0	5.0	
1504193789872	1569482859529	343.0	-15.0	-4.7906646728515625	5.0	
1504193789890	1569503001130	343.0	-15.0	-4.0	5.0	
1504193789907	1569523142732	343.0	-15.0	-4.0	5.0	
1504193789925	1569543284334	343.0	-15.634933471679688	-4.0	5.0	
1504193789944	1569563425935	343.0	-16.0	-4.7768096923828125	5.0	
1504193789960	1569583567537	343.0	-16.918670654296875	-5.0	5.0	
1504193789997	1569603709138	342.0	-17.0	-5.0	5.0	
1504193790013	1569623850740	342.0	-17.0	-5.0	5.0	
1504193790047	1569643992341	342.0	-17.0	-5.0	5.0	
1504193790067	1569664133943	342.0	-17.0	-5.0	5.0	
1504193790085	1569684275544	342.0	-17.0	-5.0	5.0	
1504193790111	1569704417146	342.0	-17.0	-5.0	5.0	
1504193790146	1569724558748	342.0	-17.0	-5.0	5.0	
1504193790200	1569744700349	342.0	-17.0	-5.0	5.0	
1504193790215	1569764841951	342.0	-17.0	-5.0	5.0	
1504193790225	1569784983552	342.0	-17.0	-5.0	5.0	
1504193790238	1569805125154	342.0	-17.0	-5.0	5.0	
1504193790245	1569825266755	342.0	-17.0	-5.0	5.0	
1504193790253	1569845408357	342.0	-17.0	-5.0	5.0	
1504193790259	1569865549959	342.0	-17.0	-5.0	5.0	
1504193790278	1569885691560	342.0	-17.0	-5.0	5.0	
1504193790303	1569905833162	342.0	-17.0	-5.1868438720703125	5.0	
1504193790320	1569925974763	342.0	-17.0	-6.0	5.0	
1504193790331	1569946116365	342.0	-17.0	-6.0	5.0	
1504193790349	1569966257966	342.0	-17.0	-6.0	5.0	
1504193790368	1569986399568	342.0	-17.0	-6.0	5.0	
1504193790384	1570006541169	342.0	-17.0	-6.0	5.0	
1504193790418	1570026682771	342.0	-17.0	-6.0	5.0	
1504193790437	1570046824373	342.0	-17.0	-6.0	5.0	
1504193790454	1570066965974	342.0	-17.0	-6.0	5.0	
1504193790475	1570087092070	342.0	-17.0	-6.0	5.0	
1504193790493	1570107233671	342.0	-17.0	-6.0	5.0	
1504193790510	1570127375273	342.0	-17.0	-6.0	5.0	
1504193790538	1570147516874	342.0	-17.0	-6.0	5.0	
1504193790574	1570167658476	342.0	-17.0	-6.0	5.0	
1504193790596	1570187800078	342.0	-17.0	-6.0	5.0	
1504193790621	1570207941679	342.0	-17.0	-6.0	5.0	
1504193790639	1570228083281	342.0	-17.0	-6.0	5.0	
1504193790656	1570248224882	342.0	-17.0	-6.0	5.0	
1504193790685	1570268366484	342.0	-17.0	-6.0	5.0	
1504193790706	1570288508085	342.0	-17.0	-6.0	5.0	
1504193790750	1570308649687	342.0	-17.0	-6.0	5.0	
1504193790773	1570328791288	342.0	-17.0	-6.0	5.0	
1504193790798	1570348932890	342.0	-17.0	-6.0	5.0	
1504193790820	1570369074492	342.0	-17.0	-6.0	5.0	
1504193790832	1570389216093	342.0	-17.0	-6.0	5.0	
1504193790850	1570409357695	342.0	-17.0	-6.0	5.0	
1504193790868	1570429499296	342.0	-17.0	-6.0	5.0	
1504193790901	1570449640898	342.0	-17.0	-6.01556396484375	5.0	
1504193790917	1570469782499	342.15740966796875	-17.0	-7.0	5.0	
1504193790939	1570489924101	343.0	-17.0	-7.0	5.0	
1504193790949	1570510065703	343.0	-17.0	-7.0	5.0	
1504193790957	1570530207304	343.0	-17.0	-7.0	5.0	
1504193790963	1570550348906	343.0	-17.0	-7.0	5.0	
1504193790975	1570570490507	343.0	-17.0	-7.8667755126953125	5.0	
1504193790991	1570590632109	343.0	-17.0	-8.0	5.0	
1504193791001	1570610773710	343.0	-17.0	-8.0	5.0	
1504193791019	1570630915312	342.7076416015625	-17.0	-8.0	5.0	
1504193791037	1570651056913	342.0	-17.0	-8.0	5.0	
1504193791061	1570671198515	342.0	-17.0	-8.57611083984375	5.0	
1504193791081	1570691340117	342.0	-17.0	-9.0	5.0	
1504193791098	1570711481718	342.0	-17.0	-9.0	5.0	
1504193791131	1570731623320	342.0	-17.0	-9.0	5.0	
1504193791141	1570751764921	342.0	-17.0	-9.0	5.0	
1504193791162	1570771906523	342.0	-17.0	-9.28546142578125	5.0	
1504193791177	1570792048124	342.0	-17.0	-10.0	5.0	
1504193791194	1570812189726	342.0	-17.0	-10.0	5.0	
1504193791213	1570832331328	342.0	-17.0	-10.0	5.0	
1504193791229	1570852472929	342.0	-17.0	-10.0	5.0	
1504193791247	1570872614531	342.0	-17.0	-10.0	5.0	
1504193791295	1570892756132	342.0	-17.0	-9.863327026367188	5.0	
1504193791309	1570912897734	342.0	-17.0	-9.0	5.0	
1504193791321	1570933039335	342.0	-17.0	-9.0	5.0	
1504193791335	1570953180937	342.0	-17.0	-9.0	5.0	
1504193791360	1570973322538	342.0	-17.0	-8.295852661132813	5.0	
1504193791379	1570993464140	342.0	-17.0	-8.0	5.0	
1504193791388	1571013605742	342.0	-16.012115478515625	-8.0	5.0	
1504193791423	1571033747343	342.0	-16.0	-8.0	5.0	
1504193791440	1571053888945	342.0	-16.0	-7.7283782958984375	5.0	
1504193791459	1571074030546	342.0	-16.0	-7.0	5.0	
1504193791476	1571094172148	342.0	-16.0	-7.0	5.0	
1504193791493	1571114313749	342.0	-16.0	-7.0	5.0	
1504193791513	1571134455351	342.0	-16.0	-7.0	5.0	
1504193791533	1571154596953	342.0	-16.0	-6.01904296875	5.0	
1504193791564	1571174738554	342.0	-16.0	-6.0	5.0	
1504193791585	1571194880156	342.0	-16.0	-6.0	5.0	
1504193791599	1571215021757	342.0	-16.0	-6.0	5.0	
1504193791618	1571235163359	342.0	-16.0	-6.0	5.0	
1504193791636	1571255304960	342.0	-16.0	-6.0	5.0	
1504193791654	1571275446562	342.0	-16.0	-5.1695556640625	5.0	
1504193791670	1571295588163	342.0	-16.0	-5.0	5.0	
1504193791707	1571315729765	342.0	-16.0	-5.0	5.0	
1504193791723	1571335871367	342.0	-16.0	-5.0	5.0	
1504193791741	1571356012968	342.0	-16.0	-5.0	5.0	
1504193791758	1571376154570	342.0	-16.0	-5.0	5.0	
1504193791776	1571396296171	342.0	-16.681655883789063	-5.0	5.0	
1504193791795	1571416437773	342.0	-17.0	-5.0	5.0	
1504193791811	1571436579374	342.0	-17.0	-5.0	5.0	
1504193791847	1571456720976	342.0	-17.0	-5.0	5.0	
1504193791864	1571476862578	342.0	-17.0	-5.0	5.0	
1504193791881	1571497004179	342.0	-17.3909912109375	-4.6090087890625	5.0	
1504193791901	1571517145781	342.0	-18.0	-4.0	5.0	
1504193791917	1571537287382	342.0	-18.0	-4.0	5.0	
1504193791935	1571557428984	342.0	-18.0	-4.0	5.0	
1504193791953	1571577570585	342.9584655761719	-18.958465576171875	-4.0	5.0	
1504193791988	1571597712187	343.0	-19.0	-4.0	5.0	
1504193792006	1571617853788	343.0	-19.0	-4.0	5.0	
1504193792023	1571637995390	343.38409423828125	-19.0	-4.0	5.0	
1504193792041	1571658136992	344.0	-19.52593994140625	-4.0	5.0	
1504193792059	1571678278593	344.0	-20.0	-4.0	5.0	
1504193792075	1571698420195	344.0	-20.0	-4.0	5.0	
1504193792093	1571718561796	344.9515380859375	-20.0	-3.0484466552734375	5.0	
1504193792129	1571738703398	345.0	-20.0	-3.0	5.0	
1504193792146	1571758844999	345.0	-20.0	-3.0	5.0	
1504193792165	1571778986601	345.37713623046875	-20.0	-3.0	5.0	
1504193792181	1571799128203	346.0	-20.0	-3.0	5.0	
1504193792199	1571819269804	346.0	-20.0	-3.0	5.0	
1504193792218	1571839411406	346.0	-20.0	-3.0	5.0	
1504193792235	1571859553007	346.0	-20.0	-3.0	5.0	
1504193792269	1571879694609	346.0	-20.0	-2.9134979248046875	5.0	
1504193792286	1571899836210	346.0	-20.0	-2.0	5.0	
1504193792304	1571919977812	346.0	-20.0	-2.0	5.0	
1504193792322	1571940119413	346.0	-20.0	-2.0	5.0	
1504193792339	1571960261015	346.0	-20.0	-2.0	5.0	
1504193792358	1571980402617	346.0	-20.0	-2.0	5.0	
1504193792377	1572000544218	346.93597412109375	-20.0	-1.06402587890625	5.0	
1504193792412	1572020685820	347.0	-19.922149658203125	-1.0	5.0	
1504193792430	1572040827421	347.0	-19.0	-1.0	5.0	
1504193792446	1572060969023	347.0	-19.0	-1.0	5.0	
1504193792464	1572081110624	347.0	-19.0	-1.0	5.0	
1504193792483	1572101252226	346.35467529296875	-19.0	-1.0	5.0	
1504193792499	1572121393828	346.0	-19.0	-1.0	5.0	
1504193792517	1572141535429	346.0	-19.0	-1.0	5.0	
1504193792552	1572161677031	346.0	-19.0	-1.0	5.0	
1504193792572	1572181818632	346.0	-19.0	-1.0	5.0	
1504193792588	1572201960234	346.0	-19.0	-1.0	5.0	
1504193792605	1572222101835	346.0	-19.0	-1.0	5.0	
1504193792622	1572242243437	346.0	-19.0	-1.638397216796875	5.0	
1504193792641	1572262385038	346.0	-19.0	-2.0	5.0	
1504193792657	1572282526640	346.0	-18.077865600585938	-2.0	5.0	
1504193792693	1572302668242	346.0	-18.0	-1.0640106201171875	5.0	
1504193792711	1572322809843	346.0	-18.0	-2.0	5.0	
1504193792729	1572342951445	346.0	-18.0	-2.0	5.0	
1504193792748	1572363093046	346.0	-18.0	-2.0	5.0	
1504193792764	1572383234648	346.0	-18.0	-2.0	5.0	
1504193792781	1572403376249	345.2266540527344	-18.0	-2.0	5.0	
1504193792800	1572423517851	345.0	-18.0	-2.0	5.0	
1504193792836	1572443659453	345.0	-18.0	-2.0	5.0	
1504193792851	1572463801054	345.0	-18.0	-2.0	5.0	
1504193792869	1572483942656	345.0	-18.0	-2.0	5.0	
1504193792887	1572504084257	345.0	-18.0	-2.0	5.0	
1504193792906	1572524225859	345.0	-18.624557495117188	-2.6245574951171875	5.0	
1504193792927	1572544367460	345.0	-19.0	-3.0	5.0	
1504193792940	1572564509062	345.0	-19.0	-3.0	5.0	
1504193792975	1572584650663	346.0	-19.0	-3.0	5.0	
1504193792992	1572604792265	346.0	-19.0	-3.0	5.0	
1504193793012	1572624933867	346.0	-19.0	-2.6660919189453125	5.0	
1504193793028	1572645075468	346.0	-19.47576904296875	-1.52423095703125	5.0	
1504193793045	1572665217070	346.0	-20.0	-1.0	5.0	
1504193793064	1572685358671	346.7577819824219	-20.0	-1.0	5.0	
1504193793080	1572705500273	347.0	-20.0	-0.1003570556640625	5.0	
1504193793116	1572725641874	347.0	-20.0	0.0	5.0	
1504193793134	1572745783476	347.0	-20.0	0.0	5.0	
1504193793151	1572765925078	347.0	-19.67474365234375	0.0	5.0	
1504193793170	1572786066679	347.0	-19.0	0.0	5.0	
1504193793186	1572806208281	347.0	-19.0	0.0	5.0	
1504193793204	1572826349882	347.0	-19.0	0.0	5.0	
1504193793223	1572846491484	346.1072692871094	-19.0	0.0	5.0	
1504193793257	1572866633085	346.0	-19.0	0.0	5.0	
1504193793274	1572886774687	346.0	-19.0	0.0	5.0	
1504193793292	1572906916288	346.0	-19.0	-0.318328857421875	5.0	
1504193793310	1572927057890	346.460205078125	-19.0	-1.0	5.0	
1504193793329	1572947199492	347.0	-19.0	-1.6020660400390625	5.0	
1504193793345	1572967341093	347.0	-19.0	-2.0	5.0	
1504193793365	1572987482695	347.0	-19.88580322265625	-2.88580322265625	5.0	
1504193793398	1573007624296	347.0276794433594	-20.027679443359375	-4.027679443359375	5.0	
1504193793415	1573027765898	348.0	-21.0	-5.1695404052734375	5.0	
1504193793433	1573047907499	348.0	-21.0	-6.0	5.0	
1504193793452	1573068049101	348.4532775878906	-21.0	-6.0	5.0	
1504193793470	1573088190703	349.0	-21.0	-6.0	5.0	
1504193793489	1573108332304	349.0	-21.0	-6.0	5.0	
1504193793507	1573128473906	349.87890625	-21.0	-6.8788909912109375	5.0	
1504193793539	1573148615507	350.0	-21.0	-7.0	5.0	
1504193793556	1573168757109	350.0	-21.0	-7.162628173828125	5.0	
1504193793577	1573188898710	350.0	-21.0	-8.0	5.0	
1504193793592	1573209040312	350.0	-20.553634643554688	-8.0	5.0	
1504193793611	1573229181913	350.0	-20.0	-8.0	5.0	
1504193793629	1573249323515	350.0	-20.0	-8.0	5.0	
1504193793645	1573269465117	350.8719482421875	-20.871963500976563	-8.0	5.0	
1504193793680	1573289606718	351.0	-21.0	-9.0	5.0	
1504193793703	1573309748320	351.0	-21.0	-9.0	5.0	
1504193793718	1573329889921	351.0	-21.0	-9.0	5.0	
1504193793732	1573350031523	351.0	-21.0	-9.0	5.0	
1504193793754	1573370173124	351.0	-21.0	-9.0	5.0	
1504193793767	1573390314726	351.0	-21.0	-9.0	5.0	
1504193793786	1573410456328	351.0	-20.136444091796875	-9.0	5.0	
1504193793821	1573430597929	351.0	-20.0	-9.0	5.0	
1504193793841	1573450739531	351.0	-20.0	-8.852951049804688	5.0	
1504193793858	1573470881132	351.0	-20.0	-8.0	5.0	
1504193793874	1573491022734	351.0	-20.0	-8.0	5.0	
1504193793895	1573511164335	351.5726623535156	-20.0	-7.427337646484375	5.0	
1504193793910	1573531305937	352.0	-20.0	-7.0	5.0	
1504193793927	1573551447538	352.0	-20.0	-6.1436004638671875	5.0	
1504193793944	1573571589140	352.0	-20.0	-6.0	5.0	
1504193793979	1573591730742	352.0	-20.0	-6.0	5.0	
1504193793996	1573611872343	352.0	-20.0	-6.0	5.0	
1504193794016	1573632013945	352.0	-20.0	-5.5761260986328125	5.0	
1504193794032	1573652155546	352.0	-20.0	-5.0	5.0	
1504193794050	1573672297148	352.0	-20.0	-5.0	5.0	
1504193794069	1573692438749	352.0	-20.0	-4.1505279541015625	5.0	
1504193794085	1573712580351	352.0	-20.0	-4.0	5.0	
1504193794121	1573732721953	352.0	-20.0	-4.0	5.0	
1504193794139	1573752863554	352.0	-20.0	-4.0	5.0	
1504193794156	1573773005156	352.0	-20.0	-4.0	5.0	
1504193794175	1573793146757	352.0	-20.0	-4.0	5.0	
1504193794191	1573813288359	352.0	-20.0	-4.0	5.0	
1504193794209	1573833429960	352.0	-20.0	-3.157440185546875	5.0	
1504193794226	1573853571562	352.0	-20.0	-3.0	5.0	
1504193794262	1573873713163	351.87371826171875	-20.0	-3.0	5.0	
1504193794281	1573893854765	351.0	-20.0	-3.0	5.0	
1504193794296	1573913996367	351.0	-20.0	-3.0	5.0	
1504193794315	1573934137968	351.0	-20.0	-3.0	5.0	
1504193794333	1573954279570	351.0	-20.0	-3.0	5.0	
1504193794349	1573974421171	351.0	-20.0	-3.0	5.0	
1504193794367	1573994562773	351.0	-20.0	-3.0	5.0	
1504193794402	1574014704374	351.0	-20.0	-3.0	5.0	
1504193794423	1574034845976	351.0	-20.0	-3.0	5.0	
1504193794439	1574054987578	351.0	-20.0	-3.0	5.0	
1504193794455	1574075129179	351.0	-20.0	-3.0	5.0	
1504193794473	1574095270781	351.0	-20.0	-3.0	5.0	
1504193794491	1574115412382	351.0	-20.0	-3.0	5.0	
1504193794508	1574135553984	351.0	-20.0	-3.0	5.0	
1504193794545	1574155695585	351.0	-19.8892822265625	-2.8892822265625	5.0	
1504193794561	1574175837187	350.7474060058594	-19.0	-2.0	5.0	
1504193794579	1574195978788	350.0	-19.0	-2.0	5.0	
1504193794598	1574216120390	350.0	-19.0	-2.0	5.0	
1504193794614	1574236261992	350.0	-19.0	-2.0	5.0	
1504193794632	1574256403593	350.0	-19.0	-2.0	5.0	
1504193794649	1574276545195	350.0	-19.0	-2.0	5.0	
1504193794684	1574296686796	350.0	-19.0	-2.0	5.0	
1504193794703	1574316828398	349.75433349609375	-19.0	-1.75433349609375	5.0	
1504193794719	1574336969999	349.0	-19.0	-1.0	5.0	
1504193794737	1574357111601	349.0	-19.0	-1.5294036865234375	5.0	
1504193794756	1574377253203	349.0	-19.0	-2.0	5.0	
1504193794772	1574397394804	349.0	-19.0	-2.0	5.0	
1504193794790	1574417536406	349.0	-19.0	-2.0	5.0	
1504193794825	1574437678007	349.0	-19.0	-2.0	5.0	
1504193794845	1574457819609	349.0	-19.0	-2.2387542724609375	5.0	
1504193794863	1574477961210	349.0	-19.380615234375	-3.380615234375	5.0	
1504193794878	1574498102812	349.0	-20.0	-4.5224761962890625	5.0	
1504193794896	1574518244413	349.0	-20.0	-5.0	5.0	
1504193794915	1574538386015	349.80621337890625	-20.0	-5.80621337890625	5.0	
1504193794932	1574558527617	350.0	-20.0	-6.0	5.0	
1504193794968	1574578669218	350.0	-20.0	-6.0	5.0	
1504193794986	1574598810820	350.0	-20.0	-6.0	5.0	
1504193795001	1574618952421	350.0	-20.0	-6.0	5.0	
1504193795020	1574639094023	350.0	-20.0	-6.0	5.0	
1504193795038	1574659235624	350.0	-20.657424926757813	-6.0	5.0	
1504193795055	1574679377226	350.0	-20.200698852539063	-6.7993011474609375	5.0	
1504193795072	1574699518828	350.0	-20.0	-7.0	5.0	
1504193795108	1574719660429	350.0	-21.0	-8.0	5.0	
1504193795127	1574739802031	349.77508544921875	-21.0	-8.224899291992188	5.0	
1504193795144	1574759943632	349.0	-21.0	-9.366775512695313	5.0	
1504193795160	1574780085234	349.0	-21.0	-10.0	5.0	
1504193795181	1574800226835	349.0	-20.3494873046875	-10.0	5.0	
1504193795195	1574820368437	349.7923583984375	-20.0	-10.0	5.0	
1504193795215	1574840510038	350.0	-19.065750122070313	-9.065750122070313	5.0	
1504193795249	1574860651640	350.07598876953125	-18.92401123046875	-8.92401123046875	5.0	
1504193795268	1574880793242	351.0	-18.0	-8.0	5.0	
1504193795285	1574900934843	351.0	-18.0	-8.0	5.0	
1504193795301	1574921076445	351.0	-18.0	-8.0	5.0	
1504193795320	1574941218046	351.0	-18.0	-8.641860961914063	5.0	
1504193795339	1574961359648	351.0	-18.0	-9.0	5.0	
1504193795357	1574981501249	351.0	-18.0	-9.0	5.0	
1504193795389	1575001642851	351.0	-18.0	-9.0	5.0	
1504193795407	1575021784453	351.2093505859375	-18.0	-9.0	5.0	
1504193795425	1575041926054	352.0	-18.0	-9.0	5.0	
1504193795449	1575062067656	352.0	-18.0	-8.506927490234375	5.0	
1504193795460	1575082209257	352.0	-18.0	-8.0	5.0	
1504193795478	1575102350859	352.0	-18.0	-8.0	5.0	
1504193795496	1575122492460	352.0	-18.0	-8.918670654296875	5.0	
1504193795531	1575142634062	352.0	-18.060546875	-9.0	5.0	
1504193795548	1575162775663	352.0	-19.0	-9.0	5.0	
1504193795566	1575182917265	352.0	-19.0	-9.0	5.0	
1504193795584	1575203058867	352.0	-19.0	-9.0	5.0	
1504193795603	1575223200468	352.0	-19.0	-8.371978759765625	5.0	
1504193795619	1575243342070	352.0	-19.0	-8.0	5.0	
1504193795642	1575263483671	352.0	-19.0	-8.0	5.0	
1504193795671	1575283625273	352.0	-19.0	-8.0	5.0	
1504193795690	1575303766874	352.0	-19.0	-8.0	5.0	
1504193795709	1575323908476	352.0	-19.0	-8.0	5.0	
1504193795724	1575344050078	352.0	-19.0	-8.0	5.0	
1504193795741	1575364191679	352.0	-19.0	-8.0	5.0	
1504193795767	1575384333281	352.0	-19.0	-8.0	5.0	
1504193795778	1575404474882	352.0	-19.0	-7.0951690673828125	5.0	
1504193795812	1575424616484	352.0	-19.0	-7.0	5.0	
1504193795831	1575444758085	352.0	-19.0	-7.0	5.0	
1504193795847	1575464899687	352.0	-19.0	-7.0	5.0	
1504193795866	1575485041288	352.0	-19.0	-6.5276947021484375	5.0	
1504193795883	1575505182890	352.0	-19.0	-6.0	5.0	
1504193795901	1575525324492	352.0	-19.0	-6.0	5.0	
1504193795918	1575545466093	352.0	-19.0	-6.0	5.0	
1504193795954	1575565607695	352.0	-18.0	-5.0	5.0	
