1499645408763	348359586366952	15.0	-51.0	5.0	100.0	
1499645408781	348359606508554	15.0	-51.0	5.0	100.0	
1499645408798	348359626650155	15.0	-51.0	5.0	100.0	
1499645408816	348359646791757	15.0	-51.0	5.0	100.0	
1499645408852	348359666933358	15.0	-51.0	5.0	100.0	
1499645408871	348359687074960	15.0	-51.0	5.0	100.0	
1499645408886	348359707216561	15.0	-51.0	5.0	100.0	
1499645408903	348359727358163	15.0	-51.0	5.0	100.0	
1499645408922	348359747499765	15.0	-51.0	5.0	100.0	
1499645408939	348359767641366	15.0	-51.0	5.0	100.0	
1499645408956	348359787782968	15.0	-51.0	5.0	100.0	
1499645408992	348359807924569	15.0	-51.0	5.0	100.0	
1499645409010	348359828066171	15.0	-51.0	5.0	100.0	
1499645409027	348359848207772	15.0	-51.0	5.0	100.0	
1499645409044	348359868349374	15.0	-51.0	5.0	100.0	
1499645409062	348359888490976	15.0	-51.0	5.0	100.0	
1499645409081	348359908632577	15.0	-51.0	5.0	100.0	
1499645409098	348359928774179	15.0	-51.0	5.0	100.0	
1499645409133	348359948915780	15.0	-51.0	5.0	100.0	
1499645409151	348359969057382	15.0	-51.0	5.0	100.0	
1499645409168	348359989198983	15.0	-51.0	5.0	100.0	
1499645409187	348360009340585	15.0	-51.0	5.0	100.0	
1499645409203	348360029482186	15.0	-51.0	5.6390228271484375	100.0	
1499645409221	348360049623788	15.0	-51.0	6.0	100.0	
1499645409239	348360069765390	15.0	-51.0	6.0	100.0	
1499645409274	348360089906991	15.0	-51.0	6.0	100.0	
1499645409292	348360110048593	15.0	-51.0	6.0	100.0	
1499645409309	348360130190194	15.0	-51.0	6.0	100.0	
1499645409327	348360150331796	15.0	-51.0	6.0	100.0	
1499645409345	348360170473397	15.0	-51.0	6.0	100.0	
1499645409362	348360190614999	15.0	-51.0	6.0	100.0	
1499645409380	348360210756601	15.0	-51.0	5.06597900390625	100.0	
1499645409414	348360230898202	15.0	-51.0	5.0	100.0	
1499645409432	348360251039804	15.0	-51.0	5.0	100.0	
1499645409451	348360271181405	15.0	-51.0	5.0	100.0	
1499645409468	348360291323007	15.0	-51.0	5.0	100.0	
1499645409485	348360311464608	15.0	-51.0	5.0	100.0	
1499645409504	348360331606210	15.0	-51.0	5.0	100.0	
1499645409522	348360351747811	15.0	-51.0	5.0	100.0	
1499645409555	348360371889413	14.899490356445313	-51.0	5.0	100.0	
1499645409573	348360392031015	14.0	-51.0	5.0	100.0	
1499645409598	348360412172616	14.0	-51.0	5.0	100.0	
1499645409610	348360432314218	14.0	-51.0	5.5364532470703125	100.0	
1499645409627	348360452455819	14.0	-51.0	6.0	100.0	
1499645409644	348360472597421	14.0	-51.0	6.0	100.0	
1499645409663	348360492739022	14.0	-51.0	6.0	100.0	
1499645409697	348360512880624	14.0	-51.0	6.0	100.0	
1499645409715	348360533022226	14.0	-51.0	6.0	100.0	
1499645409734	348360553163827	14.0	-51.0	6.0	100.0	
1499645409750	348360573305429	14.0	-51.0	6.0	100.0	
1499645409768	348360593447030	14.0	-51.0	6.0	100.0	
1499645409785	348360613588632	14.0	-51.0	6.0	100.0	
1499645409802	348360633730233	14.0	-51.0	6.0	100.0	
1499645409838	348360653871835	14.0	-51.0	6.0	100.0	
1499645409856	348360674013436	14.0	-51.0	6.0	100.0	
1499645409874	348360694155038	14.0	-51.0	6.0	100.0	
1499645409891	348360714296640	14.0	-51.0	6.0	100.0	
1499645409908	348360734438241	14.0	-51.0	6.0	100.0	
1499645409927	348360754579843	14.0	-51.0	6.0	100.0	
1499645409961	348360774721444	14.0	-51.0	6.0	100.0	
1499645409979	348360794863046	14.0	-51.0	6.0	100.0	
1499645409997	348360815004647	14.0	-51.0	6.0	100.0	
1499645410014	348360835146249	14.0	-51.0	6.0	100.0	
1499645410034	348360855287851	14.0	-51.0	6.0	100.0	
1499645410049	348360875429452	14.0	-51.0	6.0	100.0	
1499645410067	348360895571054	14.0	-51.0	6.0	100.0	
1499645410102	348360915712655	14.0	-51.0	6.0	100.0	
1499645410120	348360935854257	14.0	-51.0	6.0	100.0	
1499645410139	348360955995858	14.0	-51.0	6.0	100.0	
1499645410155	348360976137460	14.0	-51.0	6.0	100.0	
1499645410173	348360996279061	14.0	-51.0	6.0	100.0	
1499645410191	348361016420663	14.0	-51.0	6.0	100.0	
1499645410208	348361036562265	14.0	-51.0	6.0	100.0	
1499645410243	348361056703866	14.0	-51.0	6.0	100.0	
1499645410261	348361076845468	14.0	-51.0	6.0	100.0	
1499645410278	348361096987069	14.0	-51.0	6.0	100.0	
1499645410297	348361117128671	14.0	-51.0	6.0	100.0	
1499645410314	348361137270272	14.0	-51.0	6.0	100.0	
1499645410333	348361157411874	14.0	-51.0	6.0	100.0	
1499645410350	348361177553476	14.0	-51.0	6.0	100.0	
1499645410384	348361197695077	14.0	-51.0	6.0	100.0	
1499645410402	348361217836679	14.0	-51.0	6.0	100.0	
1499645410420	348361237978280	14.0	-51.0	6.0	100.0	
1499645410444	348361258119882	14.0	-51.0	6.0	100.0	
1499645410456	348361278261483	14.0	-51.0	6.0	100.0	
1499645410472	348361298403085	14.0	-51.0	6.0	100.0	
1499645410490	348361318544686	14.0	-51.0	6.0	100.0	
1499645410525	348361338686288	14.0	-51.0	6.0	100.0	
1499645410543	348361358827890	14.0	-51.0	6.0	100.0	
1499645410562	348361378969491	14.0	-51.0	6.0	100.0	
1499645410577	348361399111093	14.0	-51.0	6.0	100.0	
1499645410595	348361419252694	14.0	-51.0	6.0	100.0	
1499645410615	348361439394296	14.0	-51.0	6.0	100.0	
1499645410633	348361459535897	14.0	-51.0	6.0	100.0	
1499645410668	348361479677499	14.0	-51.0	6.0	100.0	
1499645410685	348361499819101	14.0	-51.0	6.0	100.0	
1499645410705	348361519960702	14.0	-51.0	6.0	100.0	
1499645410720	348361540102304	14.0	-51.0	6.0	100.0	
1499645410737	348361560243905	14.0	-51.0	6.0	100.0	
1499645410755	348361580385507	14.0	-51.0	6.0	100.0	
1499645410773	348361600527108	14.0	-51.0	6.0	100.0	
1499645410807	348361620668710	14.0	-51.0	6.0	100.0	
1499645410826	348361640810311	14.0	-51.0	6.0	100.0	
1499645410844	348361660951913	14.0	-51.0	6.0	100.0	
1499645410865	348361681093515	14.0	-51.0	6.0	100.0	
1499645410884	348361701235116	14.0	-51.0	6.0	100.0	
1499645410896	348361721376718	14.0	-51.0	6.0	100.0	
1499645410931	348361741518319	14.0	-51.0	6.0	100.0	
1499645410948	348361761659921	14.15277099609375	-51.0	6.0	100.0	
1499645410966	348361781801522	15.0	-51.0	6.0	100.0	
1499645410985	348361801943124	14.555557250976563	-51.0	6.0	100.0	
1499645411002	348361822084726	14.0	-51.0	6.0	100.0	
1499645411019	348361842226327	14.0	-51.0	6.0	100.0	
1499645411037	348361862367929	14.0	-51.0	6.0	100.0	
1499645411071	348361882509530	14.0	-51.0	6.0	100.0	
1499645411089	348361902646677	14.0	-51.0	6.0	100.0	
1499645411107	348361922788278	14.0	-51.0	6.0	100.0	
1499645411129	348361942929880	14.0	-51.0	6.0	100.0	
1499645411142	348361963071481	14.0	-51.0	6.0	100.0	
1499645411159	348361983213083	14.0	-51.0	6.0	100.0	
1499645411177	348362003354685	14.0	-51.0	6.0	100.0	
1499645411213	348362023496286	13.0	-51.0	6.0	100.0	
1499645411230	348362043637888	13.0	-51.0	5.8072967529296875	100.0	
1499645411249	348362063779489	13.0	-51.0	5.0	100.0	
1499645411268	348362083921091	13.0	-51.0	5.0	100.0	
1499645411283	348362104062692	13.0	-51.0	5.0	100.0	
1499645411304	348362124204294	13.0	-51.0	5.0	100.0	
1499645411323	348362144345896	13.0	-51.0	5.0	100.0	
1499645411353	348362164487497	13.0	-51.0	5.0675811767578125	100.0	
1499645411370	348362184629099	13.0	-51.2117919921875	6.0	100.0	
1499645411388	348362204770700	13.0	-52.0	6.0	100.0	
1499645411406	348362224912302	13.0	-51.49653625488281	6.0	100.0	
1499645411425	348362245053903	13.6492919921875	-51.0	6.0	100.0	
1499645411442	348362265195505	14.0	-51.0	6.0	100.0	
1499645411460	348362285337106	14.0	-51.0	6.0	100.0	
1499645411495	348362305478708	14.0	-51.0	6.0	100.0	
1499645411512	348362325620310	14.0	-51.0	6.0	100.0	
1499645411529	348362345761911	14.0	-51.0	6.0	100.0	
1499645411547	348362365903513	14.0	-51.0	6.0	100.0	
1499645411566	348362386045114	14.0	-51.0	6.0	100.0	
1499645411582	348362406186716	14.815963745117188	-51.0	6.0	100.0	
1499645411600	348362426328317	15.0	-51.0	6.0	100.0	
1499645411635	348362446469919	15.0	-51.0	6.0	100.0	
1499645411659	348362466611521	15.0	-51.0	6.0	100.0	
1499645411671	348362486753122	14.602432250976563	-51.0	6.0	100.0	
1499645411690	348362506894724	14.0	-51.0	6.0	100.0	
1499645411786	348362527036325	14.0	-51.0	6.0	100.0	
1499645411795	348362547177927	14.0	-51.0	6.0	100.0	
1499645411801	348362567319528	14.0	-51.0	6.0	100.0	
1499645411812	348362587461130	14.0	-51.0	6.0	100.0	
1499645411816	348362607602731	14.0	-51.0	6.0	100.0	
1499645411823	348362627744333	14.0	-51.0	6.0	100.0	
1499645411830	348362647885935	14.0	-51.0	6.0	100.0	
1499645411849	348362668027536	14.0	-51.0	6.0	100.0	
1499645411865	348362688169138	14.0	-51.0	6.0	100.0	
1499645411884	348362708310739	14.0	-51.0	6.0	100.0	
1499645411923	348362728452341	14.0	-51.0	6.0	100.0	
1499645411941	348362748593942	14.0	-51.0	6.0	100.0	
1499645411953	348362768735544	14.0	-51.0	6.0	100.0	
1499645411970	348362788877146	14.0	-51.0	5.4166717529296875	100.0	
1499645412003	348362809018747	14.0	-51.0	5.0	100.0	
1499645412011	348362829160349	14.0	-51.0	5.0	100.0	
1499645412046	348362849301950	13.0	-51.0	5.0208282470703125	100.0	
1499645412076	348362869443552	13.0	-51.0	6.0	100.0	
1499645412087	348362889585153	13.0	-51.3125	6.0	100.0	
1499645412096	348362909726755	13.0	-52.0	6.0	100.0	
1499645412112	348362929868356	13.0	-52.0	6.0	100.0	
1499645412129	348362950009958	13.0	-52.0	6.0	100.0	
1499645412148	348362970151560	13.0	-52.0	6.0	100.0	
1499645412182	348362990293161	13.0	-52.0	6.0	100.0	
1499645412200	348363010434763	13.0	-52.0	6.0	100.0	
1499645412217	348363030576364	13.0	-51.66841125488281	6.0	100.0	
1499645412235	348363050717966	13.4774169921875	-51.0	6.0	100.0	
1499645412255	348363070859567	14.0	-51.0	6.0	100.0	
1499645412270	348363091001169	14.0	-51.0	6.0	100.0	
1499645412288	348363111142771	14.9149169921875	-51.0	6.0	100.0	
1499645412323	348363131284372	15.0	-51.0	6.0	100.0	
1499645412340	348363151425974	15.0	-51.0	6.0	100.0	
1499645412358	348363171567575	15.0	-51.0	6.0	100.0	
1499645412375	348363191709177	15.0	-51.0	6.0	100.0	
1499645412394	348363211850778	15.0	-51.0	6.0	100.0	
1499645412411	348363231992380	15.0	-51.0	6.0	100.0	
1499645412428	348363252133981	15.0	-51.0	6.0	100.0	
1499645412469	348363272275583	14.920150756835938	-51.0	6.0	100.0	
1499645412482	348363292417185	14.0	-51.0	6.0	100.0	
1499645412499	348363312558786	14.0	-51.0	6.0	100.0	
1499645412516	348363332700388	14.0	-51.0	6.0	100.0	
1499645412536	348363352841989	14.0	-51.0	6.0	100.0	
1499645412553	348363372983591	14.0	-51.0	6.0	100.0	
1499645412571	348363393125192	14.0	-51.0	6.0	100.0	
1499645412605	348363413266794	14.0	-51.0	6.0	100.0	
1499645412631	348363433408396	14.0	-51.0	6.0	100.0	
1499645412640	348363453549997	14.0	-51.0	6.0	100.0	
1499645412658	348363473691599	14.0	-51.0	6.0	100.0	
1499645412676	348363493833200	14.0	-51.0	6.0	100.0	
1499645412693	348363513974802	14.0	-51.0	6.0	100.0	
1499645412711	348363534116403	14.0	-51.0	6.0	100.0	
1499645412745	348363554258005	14.0	-51.0	6.0	100.0	
1499645412763	348363574399606	14.0	-51.0	6.0	100.0	
1499645412781	348363594541208	14.0	-51.0	6.0	100.0	
1499645412799	348363614682810	14.0	-51.0	6.0	100.0	
1499645412816	348363634824411	14.0	-51.0	6.0	100.0	
1499645412834	348363654966013	14.0	-51.0	6.0	100.0	
1499645412852	348363675107614	14.0	-51.0	6.0	100.0	
1499645412888	348363695249216	14.0	-51.0	6.0	100.0	
1499645412905	348363715390817	14.0	-51.0	6.0	100.0	
1499645412922	348363735532419	14.0	-51.0	6.0	100.0	
1499645412939	348363755674021	14.0	-51.0	6.0	100.0	
1499645412957	348363775815622	14.0	-51.0	6.0	100.0	
1499645412975	348363795957224	14.0	-51.0	6.0	100.0	
1499645413010	348363816098825	14.0	-51.0	6.0	100.0	
1499645413028	348363836240427	14.0	-51.0	6.0	100.0	
1499645413046	348363856382028	14.0	-51.0	6.0	100.0	
1499645413064	348363876523630	14.0	-51.0	6.0	100.0	
1499645413081	348363896665231	14.0	-51.0	6.0	100.0	
1499645413099	348363916806833	14.0	-51.0	6.0	100.0	
1499645413116	348363936948435	14.0	-51.0	6.0	100.0	
1499645413152	348363957090036	14.0	-51.0	6.0	100.0	
1499645413169	348363977231638	14.0	-51.0	6.0	100.0	
1499645413186	348363997373239	14.0	-51.0	6.0	100.0	
1499645413206	348364017514841	14.0	-51.0	6.0	100.0	
1499645413222	348364037656442	14.0	-51.0	6.0	100.0	
1499645413239	348364057798044	14.0	-51.0	6.0	100.0	
1499645413257	348364077939646	14.0	-51.0	6.0	100.0	
1499645413295	348364098081247	14.0	-51.0	6.0	100.0	
1499645413315	348364118222849	14.0	-51.0	6.0	100.0	
1499645413327	348364138364450	14.0	-51.0	6.0	100.0	
1499645413345	348364158506052	14.0	-51.0	6.0	100.0	
1499645413363	348364178647653	14.0	-51.0	6.0	100.0	
1499645413381	348364198789255	14.0	-51.0	6.0	100.0	
1499645413398	348364218930856	14.0	-51.0	6.0	100.0	
1499645413433	348364239072458	14.0	-51.0	6.0	100.0	
1499645413451	348364259214060	14.0	-51.0	6.0	100.0	
1499645413469	348364279355661	14.0	-51.0	6.0	100.0	
1499645413487	348364299497263	14.0	-51.0	6.0	100.0	
1499645413504	348364319638864	14.0	-51.0	6.0	100.0	
1499645413522	348364339780466	14.0	-51.0	6.0	100.0	
1499645413539	348364359922067	14.0	-51.0	6.0	100.0	
1499645413575	348364380063669	14.0	-51.0	6.0	100.0	
1499645413591	348364400205271	14.0	-51.0	6.0	100.0	
1499645413609	348364420346872	14.0	-51.0	6.0	100.0	
1499645413627	348364440488474	14.0	-51.0	6.0	100.0	
1499645413645	348364460630075	14.0	-51.0	6.0	100.0	
1499645413672	348364480771677	14.0	-51.0	6.0	100.0	
1499645413681	348364500913278	14.0	-51.0	6.0	100.0	
1499645413698	348364521054880	14.0	-51.0	6.0	100.0	
1499645413733	348364541196481	14.0	-51.0	6.0	100.0	
1499645413751	348364561338083	14.0	-51.0	6.0	100.0	
1499645413769	348364581479685	14.0	-51.0	6.0	100.0	
1499645413786	348364601621286	14.0	-51.0	6.0	100.0	
1499645413803	348364621762888	14.0	-51.0	6.0	100.0	
1499645413821	348364641904489	14.0	-51.0	6.0	100.0	
1499645413839	348364662046091	14.0	-51.0	6.0	100.0	
1499645413874	348364682187692	14.0	-51.0	6.0	100.0	
1499645413893	348364702329294	14.0	-51.0	6.0	100.0	
1499645413910	348364722470896	14.0	-51.0	6.0	100.0	
1499645413927	348364742612497	14.0	-51.0	6.0	100.0	
1499645413945	348364762754099	14.0	-51.0	6.0	100.0	
1499645413962	348364782895700	14.0	-51.0	6.0	100.0	
1499645413980	348364803037302	14.0	-51.0	6.0	100.0	
1499645413998	348364823178903	14.0	-51.0	6.0	100.0	
1499645414032	348364843320505	14.0	-51.0	6.0	100.0	
1499645414051	348364863462106	14.0	-51.0	6.0	100.0	
1499645414068	348364883603708	14.0	-51.0	6.0	100.0	
1499645414085	348364903745310	14.0	-51.0	6.0	100.0	
1499645414104	348364923886911	14.0	-51.0	6.0	100.0	
1499645414121	348364944028513	14.0	-51.0	6.0	100.0	
1499645414139	348364964170114	14.0	-51.0	6.0	100.0	
1499645414174	348364984311716	14.0	-51.0	6.0	100.0	
1499645414192	348365004453317	14.0	-51.0	6.0	100.0	
1499645414210	348365024594919	14.0	-51.0	6.0	100.0	
1499645414226	348365044736521	14.0	-51.0	6.0	100.0	
1499645414246	348365064878122	14.0	-51.0	6.0	100.0	
1499645414263	348365085019724	14.0	-51.0	6.0	100.0	
1499645414279	348365105161325	14.0	-51.0	6.0	100.0	
1499645414297	348365125302927	14.0	-51.0	6.0	100.0	
1499645414332	348365145444528	14.0	-51.0	6.0	100.0	
1499645414350	348365165586130	14.0	-51.0	6.0	100.0	
1499645414374	348365185727731	14.0	-51.0	6.0	100.0	
1499645414385	348365205869333	14.0	-51.0	6.0	100.0	
1499645414405	348365226010935	14.0	-51.0	6.0	100.0	
1499645414421	348365246152536	14.0	-51.0	6.0	100.0	
1499645414438	348365266294138	14.0	-51.0	6.0	100.0	
1499645414456	348365286435739	14.0	-51.0	6.0	100.0	
1499645414491	348365306577341	14.0	-51.0	6.0	100.0	
1499645414508	348365326718942	14.0	-51.0	6.0	100.0	
1499645414527	348365346860544	14.0	-51.0	6.0	100.0	
1499645414544	348365367002146	14.0	-51.0	6.0	100.0	
1499645414561	348365387143747	14.0	-51.0	6.0	100.0	
1499645414583	348365407285349	14.0	-51.0	6.0	100.0	
1499645414597	348365427426950	14.0	-51.0	6.0	100.0	
1499645414635	348365447568552	14.0	-51.0	6.0	100.0	
1499645414652	348365467710153	14.0	-51.0	6.0	100.0	
1499645414667	348365487851755	14.0	-51.0	6.0	100.0	
1499645414687	348365507993356	14.0	-51.0	6.0	100.0	
1499645414702	348365528134958	14.0	-51.0	6.0	100.0	
1499645414737	348365548276560	14.0	-51.0	6.0	100.0	
1499645414755	348365568418161	14.0	-51.0	6.0	100.0	
1499645414773	348365588559763	14.0	-51.0	6.0	100.0	
1499645414791	348365608701364	14.0	-51.0	6.0	100.0	
1499645414809	348365628842966	14.0	-51.0	6.0	100.0	
1499645414826	348365648984567	14.0	-51.0	6.0	100.0	
1499645414861	348365669126169	14.0	-51.0	6.0	100.0	
1499645414878	348365689267771	14.0	-51.0	6.0	100.0	
1499645414896	348365709409372	14.0	-51.0	6.0	100.0	
1499645414914	348365729550974	14.0	-51.0	6.0	100.0	
1499645414932	348365749692575	14.0	-51.0	6.0	100.0	
1499645414953	348365769834177	14.0	-51.0	6.0	100.0	
1499645414984	348365789975778	14.0	-51.0	6.0	100.0	
1499645415005	348365810117380	14.0	-51.0	6.0	100.0	
1499645415023	348365830258981	14.0	-51.0	6.0	100.0	
1499645415037	348365850400583	14.0	-51.0	6.0	100.0	
1499645415055	348365870542185	14.0	-51.0	6.0	100.0	
1499645415072	348365890683786	14.0	-51.0	6.0	100.0	
1499645415090	348365910825388	14.0	-51.0	6.0	100.0	
1499645415110	348365930966989	14.0	-51.0	6.0	100.0	
1499645415143	348365951108591	14.0	-51.0	6.0	100.0	
1499645415162	348365971250192	14.0	-51.0	6.0	100.0	
1499645415178	348365991391794	14.0	-51.0	6.0	100.0	
1499645415196	348366011533396	14.0	-51.0	6.0	100.0	
1499645415214	348366031674997	14.0	-51.0	6.0	100.0	
1499645415231	348366051816599	14.0	-51.0	6.0	100.0	
1499645415249	348366071958200	14.0	-51.0	6.0	100.0	
1499645415284	348366092099802	14.0	-51.0	6.0	100.0	
1499645415302	348366112241403	14.0	-51.0	6.0	100.0	
1499645415320	348366132383005	14.0	-51.0	6.0	100.0	
1499645415337	348366152524606	14.0	-51.0	6.0	100.0	
1499645415355	348366172666208	14.0	-51.0	6.0	100.0	
1499645415373	348366192807810	14.0	-51.0	6.0	100.0	
1499645415390	348366212949411	14.0	-51.0	6.0	100.0	
1499645415408	348366233091013	14.0	-51.0	6.0	100.0	
1499645415442	348366253232614	14.0	-51.0	6.0	100.0	
1499645415463	348366273374216	14.0	-51.0	6.0	100.0	
1499645415478	348366293515817	14.0	-51.0	6.0	100.0	
1499645415499	348366313657419	14.0	-51.0	6.0	100.0	
1499645415513	348366333799021	14.0	-51.0	6.0	100.0	
1499645415532	348366353940622	14.0	-51.0	6.0	100.0	
1499645415549	348366374082224	14.0	-51.0	6.0	100.0	
1499645415566	348366394223825	14.0	-51.0	6.0	100.0	
1499645415601	348366414365427	14.0	-51.0	6.0	100.0	
1499645415619	348366434507028	14.0	-51.0	6.0	100.0	
1499645415637	348366454648630	14.0	-51.0	6.0	100.0	
1499645415655	348366474790231	14.0	-51.0	6.0	100.0	
1499645415672	348366494931833	14.0	-51.0	6.0	100.0	
1499645415690	348366515073435	14.0	-51.0	6.0	100.0	
1499645415707	348366535215036	14.0	-51.0	6.0	100.0	
1499645415742	348366555356638	14.0	-51.0	6.0	100.0	
1499645415760	348366575498239	14.0	-51.0	6.0	100.0	
1499645415779	348366595639841	14.0	-51.0	6.0	100.0	
1499645415796	348366615781442	14.0	-51.0	6.0	100.0	
1499645415812	348366635923044	14.0	-51.0	6.0	100.0	
1499645415833	348366656064646	14.0	-51.0	6.0	100.0	
1499645415850	348366676206247	14.0	-51.0	6.0	100.0	
1499645415865	348366696347849	14.0	-51.0	6.0	100.0	
1499645415901	348366716489450	14.0	-51.0	6.0	100.0	
1499645415920	348366736631052	14.0	-51.0	6.0	100.0	
1499645415941	348366756772653	14.0	-51.0	6.0	100.0	
1499645415957	348366776914255	14.0	-51.0	6.0	100.0	
1499645415971	348366797055856	14.0	-51.0	6.0	100.0	
1499645415989	348366817197458	14.0	-51.0	6.0	100.0	
1499645416007	348366837339060	14.0	-51.0	6.0	100.0	
1499645416042	348366857480661	14.0	-51.0	6.0	100.0	
1499645416061	348366877622263	14.0	-51.0	6.0	100.0	
1499645416077	348366897763864	14.0	-51.0	6.0	100.0	
1499645416095	348366917905466	14.0	-51.0	6.0	100.0	
1499645416114	348366938047067	14.0	-51.0	6.0	100.0	
1499645416132	348366958188669	14.0	-51.0	6.0	100.0	
1499645416147	348366978330271	14.0	-51.0	6.0	100.0	
1499645416183	348366998471872	14.0	-51.0	6.0	100.0	
1499645416202	348367018613474	14.0	-51.0	6.0	100.0	
1499645416225	348367038755075	14.0	-51.0	6.0	100.0	
1499645416237	348367058896677	14.0	-51.0	6.0	100.0	
1499645416253	348367079038278	14.0	-51.0	6.0	100.0	
1499645416276	348367099179880	14.0	-51.0	6.0	100.0	
1499645416306	348367119321481	14.0	-51.0	6.0	100.0	
1499645416325	348367139463083	14.0	-51.0	5.8446807861328125	100.0	
1499645416347	348367159604685	14.0	-51.0	5.0	100.0	
1499645416359	348367179746286	14.0	-51.0	5.0	100.0	
1499645416378	348367199887888	14.0	-51.0	5.0	100.0	
1499645416394	348367220029489	14.0	-51.0	5.0	100.0	
1499645416414	348367240171091	14.0	-51.0	5.0	100.0	
1499645416449	348367260312692	14.0	-51.0	5.0	100.0	
1499645416466	348367280454294	14.0	-51.0	5.0	100.0	
1499645416485	348367300595896	14.0	-51.0	5.0	100.0	
1499645416500	348367320737497	14.0	-51.0	5.0	100.0	
1499645416518	348367340879099	14.0	-51.0	5.0	100.0	
1499645416536	348367361020700	14.0	-51.0	5.0	100.0	
1499645416556	348367381162302	14.0	-51.0	5.0	100.0	
1499645416589	348367401303903	14.0	-51.0	5.0	100.0	
1499645416606	348367421445505	14.0	-51.280975341796875	5.0	100.0	
1499645416624	348367441587106	14.0	-52.0	5.0	100.0	
1499645416642	348367461728708	14.0	-52.0	5.0	100.0	
1499645416659	348367481870310	14.0	-52.0	5.0	100.0	
1499645416676	348367502011911	14.0	-52.0	5.0	100.0	
1499645416712	348367522153513	14.0	-52.0	5.0	100.0	
1499645416729	348367542295114	14.0	-52.0	5.0	100.0	
1499645416748	348367562436716	14.0	-52.0	5.0	100.0	
1499645416764	348367582578317	14.0	-52.0	5.0	100.0	
1499645416782	348367602719919	14.0	-52.0	5.0	100.0	
1499645416801	348367622861521	14.0	-52.0	5.0	100.0	
1499645416817	348367643003122	14.0	-52.0	5.0	100.0	
1499645416853	348367663144724	14.0	-52.0	5.0	100.0	
1499645416871	348367683286325	14.0	-52.0	5.0	100.0	
1499645416888	348367703427927	14.0	-52.0	5.0	100.0	
1499645416906	348367723569528	14.0	-52.0	5.0	100.0	
1499645416925	348367743711130	14.0	-52.0	5.0	100.0	
1499645416941	348367763852731	14.0	-52.0	5.0	100.0	
1499645416976	348367783994333	14.0	-52.0	5.0	100.0	
1499645416994	348367804135935	14.0	-52.0	5.0	100.0	
1499645417012	348367824277536	14.0	-52.0	5.0	100.0	
1499645417029	348367844419138	14.0	-52.0	5.0	100.0	
1499645417047	348367864560739	14.0	-52.0	5.0	100.0	
1499645417065	348367884702341	14.0	-52.0	5.0	100.0	
1499645417082	348367904843942	14.0	-52.0	5.0	100.0	
1499645417118	348367924985544	14.0	-52.0	5.0	100.0	
1499645417135	348367945127146	14.0	-52.0	5.0	100.0	
1499645417152	348367965268747	14.0	-52.0	5.0	100.0	
1499645417170	348367985410349	14.0	-52.0	5.0	100.0	
1499645417188	348368005551950	14.0	-52.0	5.0	100.0	
1499645417207	348368025693552	14.0	-52.0	5.0	100.0	
1499645417224	348368045835153	14.0	-52.0	5.0	100.0	
1499645417258	348368065976755	14.0	-52.0	5.0	100.0	
1499645417276	348368086118356	14.0	-52.0	5.0	100.0	
1499645417294	348368106259958	14.0	-52.0	5.0	100.0	
1499645417311	348368126401560	14.0	-52.0	5.0	100.0	
1499645417329	348368146543161	14.0	-52.0	5.0	100.0	
1499645417346	348368166684763	14.0	-52.0	5.0	100.0	
1499645417382	348368186826364	14.0	-52.0	5.0	100.0	
1499645417402	348368206967966	14.0	-52.0	5.0	100.0	
1499645417417	348368227109567	14.0	-52.0	5.0	100.0	
1499645417435	348368247251169	14.0	-52.0	5.0	100.0	
1499645417452	348368267392771	14.0	-52.0	5.0	100.0	
1499645417470	348368287534372	14.0	-52.0	5.0	100.0	
1499645417489	348368307675974	14.0	-52.0	5.0	100.0	
1499645417505	348368327817575	14.0	-52.0	5.0	100.0	
1499645417545	348368347959177	14.0	-52.0	5.0	100.0	
1499645417558	348368368100778	14.0	-52.0	5.0	100.0	
1499645417575	348368388242380	14.0	-52.0	5.0	100.0	
1499645417593	348368408383981	14.0	-52.0	5.0	100.0	
1499645417611	348368428525583	14.0	-52.0	5.0	100.0	
1499645417628	348368448667185	14.0	-52.0	5.0	100.0	
1499645417646	348368468808786	14.0	-52.0	5.0	100.0	
1499645417681	348368488950388	14.0	-52.0	5.0	100.0	
1499645417699	348368509091989	14.0	-52.0	5.0	100.0	
1499645417716	348368529233591	14.0	-52.0	5.0	100.0	
1499645417734	348368549375192	14.0	-52.0	5.0	100.0	
1499645417754	348368569516794	14.0	-52.0	5.0	100.0	
1499645417770	348368589658396	14.0	-52.0	5.0	100.0	
1499645417788	348368609799997	14.0	-52.0	5.0	100.0	
1499645417823	348368629941599	14.0	-52.0	5.0	100.0	
1499645417842	348368650083200	14.0	-52.0	5.0	100.0	
1499645417858	348368670224802	14.0	-52.0	5.0	100.0	
1499645417876	348368690366403	14.0	-52.0	5.0	100.0	
1499645417893	348368710508005	14.0	-52.0	5.0	100.0	
1499645417911	348368730649606	13.302932739257813	-52.0	4.3029327392578125	100.0	
1499645417928	348368750791208	13.0	-52.0	4.83160400390625	100.0	
1499645417945	348368770932810	13.0	-52.0	5.0	100.0	
1499645417981	348368791074411	13.0	-52.0	5.0	100.0	
1499645417999	348368811216013	13.237106323242188	-52.0	5.0	100.0	
1499645418016	348368831357614	14.0	-52.0	5.0	100.0	
1499645418034	348368851499216	14.0	-52.0	5.0	100.0	
1499645418055	348368871640817	14.0	-52.0	5.0	100.0	
1499645418070	348368891782419	14.0	-52.0	5.0	100.0	
1499645418088	348368911924021	14.0	-52.0	5.0	100.0	
1499645418126	348368932065622	14.0	-52.0	5.0	100.0	
1499645418140	348368952207224	14.0	-52.0	5.0	100.0	
1499645418157	348368972348825	14.0	-52.0	5.0	100.0	
1499645418175	348368992490427	14.0	-52.0	5.0	100.0	
1499645418192	348369012632028	14.0	-52.0	5.0	100.0	
1499645418210	348369032773630	14.0	-52.0	5.0	100.0	
1499645418228	348369052915231	14.0	-52.0	5.0	100.0	
1499645418248	348369073056833	14.0	-52.0	5.0	100.0	
1499645418280	348369093198435	14.0	-52.0	5.0	100.0	
1499645418298	348369113340036	14.0	-52.0	5.0	100.0	
1499645418316	348369133481638	14.0	-52.0	5.0	100.0	
1499645418361	348369153623239	14.0	-52.0	5.0	100.0	
1499645418372	348369173764841	14.0	-52.0	5.0	100.0	
1499645418414	348369193906442	14.0	-52.0	5.0	100.0	
1499645418427	348369214048044	14.0	-52.0	5.0	100.0	
1499645418436	348369234189646	14.0	-52.0	5.0	100.0	
1499645418442	348369254331247	14.0	-52.0	5.0	100.0	
1499645418463	348369274472849	14.0	-52.0	5.0	100.0	
1499645418477	348369294614450	14.0	-52.0	5.0	100.0	
1499645418494	348369314756052	14.0	-52.0	5.0	100.0	
1499645418510	348369334897653	14.0	-52.0	5.0	100.0	
1499645418535	348369355039255	14.0	-52.0	5.0	100.0	
1499645418563	348369375180856	13.0	-52.0	5.0	100.0	
1499645418581	348369395322458	13.0	-52.0	5.0	100.0	
1499645418599	348369415464060	13.0	-52.0	5.0	100.0	
1499645418616	348369435605661	13.0	-52.0	5.0	100.0	
1499645418642	348369455747263	13.0	-52.0	5.0	100.0	
1499645418655	348369475888864	13.0	-52.0	5.0	100.0	
1499645418674	348369496030466	13.0	-52.0	5.0	100.0	
1499645418687	348369516172067	13.958755493164063	-52.0	5.0	100.0	
1499645418732	348369536313669	14.0	-52.0	5.0	100.0	
1499645418739	348369556455271	14.0	-52.0	5.0	100.0	
1499645418769	348369576596872	14.0	-52.0	5.0	100.0	
1499645418801	348369596738474	14.0	-52.0	5.0	100.0	
1499645418807	348369616880075	14.0	-52.0	5.0	100.0	
1499645418815	348369637021677	14.0	-51.231964111328125	5.0	100.0	
1499645418832	348369657163278	13.096389770507813	-51.0	5.0	100.0	
1499645418864	348369677304880	13.0	-52.0	5.0	100.0	
1499645418880	348369697446481	13.0	-52.0	5.0	100.0	
1499645418898	348369717588083	13.0	-52.0	5.0	100.0	
1499645418917	348369737729685	13.0	-52.0	5.0	100.0	
1499645418935	348369757871286	13.0	-52.0	5.0	100.0	
1499645418950	348369778012888	13.0	-52.0	5.0	100.0	
1499645418968	348369798154489	13.0	-52.0	5.0	100.0	
1499645419004	348369818296091	13.0	-52.0	5.0	100.0	
1499645419022	348369838437692	13.0	-52.0	5.0	100.0	
1499645419039	348369858579294	13.341461181640625	-52.0	5.0	100.0	
1499645419059	348369878720896	14.0	-52.0	5.0	100.0	
1499645419078	348369898862497	14.0	-51.36000061035156	5.0	100.0	
1499645419091	348369919004099	14.0	-51.0	5.0	100.0	
1499645419110	348369939145700	14.0	-51.0	5.0	100.0	
1499645419147	348369959287302	14.0	-51.0	5.0	100.0	
1499645419164	348369979428903	14.0	-51.0	5.0	100.0	
1499645419180	348369999570505	13.61566162109375	-51.0	5.0	100.0	
1499645419196	348370019712106	13.0	-51.53309631347656	5.0	100.0	
1499645419214	348370039853708	13.0	-52.0	5.0	100.0	
1499645419234	348370059995310	13.0	-52.0	5.0	100.0	
1499645419252	348370080136911	13.0	-52.0	5.0	100.0	
1499645419287	348370100278513	13.0	-52.0	5.0	100.0	
1499645419302	348370120420114	13.0	-52.0	5.0	100.0	
1499645419321	348370140561716	13.0	-52.0	5.0	100.0	
1499645419338	348370160703317	13.0	-52.0	5.0	100.0	
1499645419356	348370180844919	13.0	-52.0	5.0	100.0	
1499645419379	348370200986521	13.0	-52.0	5.0	100.0	
1499645419408	348370221128122	13.0	-52.0	5.0	100.0	
1499645419427	348370241269724	13.0	-52.0	5.0	100.0	
1499645419444	348370261411325	13.0	-52.0	5.0	100.0	
1499645419466	348370281552927	13.0	-52.0	5.0	100.0	
1499645419479	348370301694528	13.0	-52.0	5.0	100.0	
1499645419498	348370321836130	13.0	-52.0	5.0	100.0	
1499645419515	348370341977731	13.0	-52.0	5.0	100.0	
1499645419549	348370362119333	13.0	-52.0	5.0	100.0	
1499645419568	348370382260935	13.0	-52.0	5.0	100.0	
1499645419585	348370402402536	13.0	-52.0	5.0	100.0	
1499645419605	348370422544138	13.0	-52.0	5.0	100.0	
1499645419620	348370442685739	13.0	-52.0	5.0	100.0	
1499645419638	348370462827341	13.0	-52.0	5.0	100.0	
1499645419656	348370482968942	13.0	-52.0	5.0	100.0	
1499645419690	348370503110544	13.0	-52.0	5.0	100.0	
1499645419708	348370523252146	13.0	-52.0	5.0	100.0	
1499645419726	348370543393747	13.0	-52.0	5.0	100.0	
1499645419743	348370563535349	13.0	-52.0	5.0	100.0	
1499645419765	348370583676950	13.0	-52.0	5.0	100.0	
1499645419784	348370603818552	13.0	-52.0	5.0	100.0	
1499645419797	348370623960153	13.0	-52.0	5.0	100.0	
1499645419831	348370644101755	13.0	-52.0	5.0	100.0	
1499645419849	348370664243356	13.0	-52.0	5.0	100.0	
1499645419867	348370684384958	13.0	-52.0	5.0	100.0	
1499645419892	348370704526560	13.0	-52.0	5.0	100.0	
1499645419904	348370724668161	13.0	-52.0	5.0	100.0	
1499645419925	348370744809763	13.0	-52.0	5.0	100.0	
1499645419956	348370764951364	13.0	-52.0	5.0	100.0	
1499645419973	348370785092966	13.0	-52.0	5.0	100.0	
1499645419990	348370805234567	13.0	-52.0	5.0	100.0	
1499645420009	348370825376169	13.0	-52.0	5.0	100.0	
1499645420036	348370845517771	13.0	-52.0	5.0	100.0	
1499645420044	348370865659372	13.0	-52.0	5.0	100.0	
1499645420062	348370885800974	13.0	-52.0	5.0	100.0	
1499645420103	348370905942575	13.0	-52.0	5.0	100.0	
1499645420125	348370926084177	13.0	-52.0	5.0	100.0	
1499645420131	348370946225778	13.0	-52.0	5.0	100.0	
1499645420149	348370966367380	13.0	-52.0	5.0	100.0	
1499645420166	348370986508981	13.0	-52.0	5.0	100.0	
1499645420188	348371006650583	13.0	-52.0	5.0	100.0	
1499645420202	348371026792185	13.0	-52.0	5.0	100.0	
1499645420237	348371046933786	13.0	-52.0	5.0	100.0	
1499645420254	348371067075388	13.0	-52.0	5.0	100.0	
1499645420272	348371087216989	13.0	-52.0	5.0	100.0	
1499645420294	348371107358591	13.0	-52.0	5.0	100.0	
1499645420309	348371127500192	13.0	-52.0	5.0	100.0	
1499645420325	348371147641794	13.0	-52.0	5.0	100.0	
1499645420364	348371167783396	13.0	-52.0	5.0	100.0	
1499645420378	348371187924997	13.0	-52.0	5.0	100.0	
1499645420396	348371208066599	13.0	-52.0	5.0	100.0	
1499645420418	348371228208200	13.0	-52.0	5.0	100.0	
1499645420431	348371248349802	13.0	-52.0	5.0	100.0	
1499645420449	348371268491403	13.0	-52.0	5.0	100.0	
1499645420466	348371288633005	13.0	-52.0	5.0	100.0	
1499645420502	348371308774606	13.0	-52.0	5.0	100.0	
1499645420519	348371328916208	13.0	-52.0	5.0	100.0	
1499645420536	348371349057810	13.0	-52.0	5.0	100.0	
1499645420554	348371369199411	13.0	-52.0	5.0	100.0	
1499645420573	348371389341013	13.0	-52.0	5.0	100.0	
1499645420589	348371409482614	13.0	-52.0	5.0	100.0	
1499645420609	348371429624216	13.0	-52.0	5.0	100.0	
1499645420644	348371449765817	13.0	-52.0	5.0	100.0	
1499645420664	348371469907419	13.0	-52.0	5.0	100.0	
1499645420677	348371490049021	13.0	-52.0	5.0	100.0	
1499645420695	348371510190622	13.0	-52.0	5.0	100.0	
1499645420714	348371530332224	13.0	-52.0	5.0	100.0	
1499645420730	348371550473825	13.0	-52.0	5.0	100.0	
1499645420752	348371570615427	13.0	-52.0	5.0	100.0	
1499645420786	348371590757028	13.0	-52.0	5.0	100.0	
1499645420808	348371610898630	13.0	-52.0	5.0	100.0	
1499645420820	348371631040231	13.0	-52.0	5.0	100.0	
1499645420836	348371651181833	13.0	-52.0	5.0	100.0	
1499645420854	348371671323435	13.0	-52.0	5.0	100.0	
1499645420872	348371691465036	13.0	-52.0	5.0	100.0	
1499645420912	348371711606638	13.0	-52.0	5.0	100.0	
1499645420926	348371731748239	13.0	-52.0	5.0	100.0	
1499645420942	348371751889841	13.0	-52.0	5.0	100.0	
1499645420959	348371772031442	13.0	-52.0	5.0	100.0	
1499645420977	348371792173044	13.0	-52.0	5.0	100.0	
1499645420995	348371812314646	13.0	-52.0	5.0	100.0	
1499645421012	348371832456247	13.0	-52.0	5.0	100.0	
1499645421048	348371852597849	13.0	-52.0	5.0	100.0	
1499645421065	348371872739450	13.0	-52.0	5.0	100.0	
1499645421083	348371892881052	13.0	-52.0	5.0	100.0	
1499645421101	348371913033305	13.0	-52.0	5.0	100.0	
1499645421118	348371933174907	13.0	-52.0	5.0	100.0	
1499645421136	348371953316508	13.0	-52.0	5.0	100.0	
1499645421153	348371973458110	13.0	-52.0	5.0	100.0	
1499645421193	348371993599712	13.0	-52.0	5.0	100.0	
1499645421206	348372013741313	13.0	-52.0	5.0	100.0	
1499645421225	348372033882915	13.0	-52.0	5.0	100.0	
1499645421242	348372054024516	13.0	-52.0	5.0	100.0	
1499645421259	348372074166118	13.0	-52.0	5.0	100.0	
1499645421277	348372094307719	13.0	-52.0	5.0	100.0	
1499645421295	348372114449321	13.0	-52.0	5.0	100.0	
1499645421330	348372134590923	13.0	-52.0	5.0	100.0	
1499645421349	348372154732524	13.0	-52.0	5.0	100.0	
1499645421374	348372174874126	13.0	-52.0	5.0	100.0	
1499645421387	348372195015727	13.0	-52.0	5.0	100.0	
1499645421401	348372215157329	13.0	-52.0	5.0	100.0	
1499645421419	348372235298930	13.0	-52.0	5.0	100.0	
1499645421436	348372255440532	13.0	-52.0	5.0	100.0	
1499645421470	348372275582133	13.0	-52.0	5.0	100.0	
1499645421488	348372295723735	13.0	-52.0	5.0	100.0	
1499645421506	348372315865337	13.0	-52.0	5.0	100.0	
1499645421525	348372336006938	13.0	-52.0	5.0	100.0	
1499645421543	348372356148540	13.0	-52.0	5.0	100.0	
1499645421575	348372376290141	13.0	-52.0	5.0	100.0	
1499645421580	348372396431743	13.0	-52.0	5.0	100.0	
1499645421613	348372416573344	13.0	-52.0	5.0	100.0	
1499645421632	348372436714946	13.0	-52.0	5.0	100.0	
1499645421647	348372456856548	13.0	-52.0	5.0	100.0	
1499645421665	348372476998149	13.0	-52.0	5.0	100.0	
1499645421682	348372497139751	13.0	-52.0	5.0	100.0	
1499645421700	348372517281352	13.0	-52.0	5.0	100.0	
1499645421718	348372537422954	13.0	-52.0	5.0	100.0	
1499645421753	348372557564555	13.0	-52.0	5.0	100.0	
1499645421770	348372577706157	13.0	-52.0	5.0	100.0	
1499645421790	348372597847758	13.0	-52.0	5.0	100.0	
1499645421807	348372617989360	13.0	-52.0	5.0	100.0	
1499645421827	348372638130962	13.0	-52.0	5.0	100.0	
1499645421842	348372658272563	13.0	-52.0	5.0	100.0	
1499645421861	348372678414165	13.0	-52.0	5.0	100.0	
1499645421878	348372698555766	13.0	-52.0	5.0	100.0	
1499645421911	348372718697368	13.0	-52.0	5.0	100.0	
1499645421929	348372738838969	13.0	-52.0	5.0	100.0	
1499645421949	348372758980571	13.0	-52.0	5.0	100.0	
1499645421965	348372779122173	13.0	-52.0	5.0	100.0	
1499645421983	348372799263774	13.0	-52.0	5.0	100.0	
1499645422001	348372819405376	13.0	-52.0	5.0	100.0	
1499645422017	348372839546977	13.0	-52.0	5.0	100.0	
1499645422053	348372859688579	13.0	-52.0	5.0	100.0	
1499645422072	348372879830180	13.0	-52.0	5.0	100.0	
1499645422087	348372899971782	13.0	-52.0	5.0	100.0	
1499645422111	348372920113383	13.0	-52.0	5.0	100.0	
1499645422129	348372940254985	13.0	-52.0	5.0	100.0	
1499645422143	348372960396587	13.0	-52.0	5.842559814453125	100.0	
1499645422158	348372980538188	13.0	-52.0	6.0	100.0	
1499645422194	348373000679790	13.0	-52.0	5.871978759765625	100.0	
1499645422213	348373020821391	13.0	-52.0	5.0	100.0	
1499645422232	348373040962993	13.0	-52.0	5.0	100.0	
1499645422246	348373061104594	13.0	-52.0	5.0	100.0	
1499645422264	348373081246196	13.0	-52.0	5.0	100.0	
1499645422281	348373101387798	13.0	-52.0	5.0	100.0	
1499645422300	348373121529399	13.0	-52.0	5.0	100.0	
1499645422335	348373141671001	13.0	-52.0	5.0	100.0	
1499645422353	348373161812602	13.0	-52.0	5.0	100.0	
1499645422369	348373181954204	13.0	-52.0	5.0	100.0	
1499645422392	348373202095805	13.0	-52.0	5.0	100.0	
1499645422405	348373222237407	13.0	-52.0	5.0	100.0	
1499645422422	348373242379008	13.0	-52.0	5.0	100.0	
1499645422440	348373262520610	13.0	-52.0	5.0	100.0	
1499645422476	348373282662212	13.0	-52.0	5.0	100.0	
1499645422499	348373302803813	13.0	-52.0	5.0	100.0	
1499645422520	348373322945415	13.0	-52.0	5.0	100.0	
1499645422528	348373343087016	13.539779663085938	-52.0	5.5397796630859375	100.0	
1499645422546	348373363228618	13.318344116210938	-51.31834411621094	5.3183441162109375	100.0	
1499645422567	348373383370219	13.0	-51.0	5.0	100.0	
1499645422582	348373403511821	13.0	-51.0	5.0	100.0	
1499645422621	348373423653423	13.0	-51.0	5.0	100.0	
1499645422639	348373443795024	12.750869750976563	-51.0	5.0	100.0	
1499645422662	348373463936626	12.0	-51.0	5.0	100.0	
1499645422675	348373484078227	12.0	-51.0	5.0	100.0	
1499645422687	348373504219829	12.0	-51.0	5.6747283935546875	100.0	
1499645422706	348373524361430	12.0	-51.0	6.0	100.0	
1499645422723	348373544503032	12.0	-51.0	6.0	100.0	
1499645422762	348373564644633	12.102066040039063	-51.0	6.0	100.0	
1499645422776	348373584786235	13.0	-51.0	6.0	100.0	
1499645422793	348373604927837	13.0	-51.0	6.0	100.0	
1499645422810	348373625069438	13.0	-51.0	6.0	100.0	
1499645422829	348373645211040	13.0	-51.0	6.0	100.0	
1499645422845	348373665352641	13.0	-51.0	6.0	100.0	
1499645422864	348373685494243	13.953277587890625	-51.0	6.0	100.0	
1499645422902	348373705635844	14.0	-51.0	6.0	100.0	
1499645422917	348373725777446	14.0	-51.0	6.0	100.0	
1499645422938	348373745919048	14.0	-51.0	6.0	100.0	
1499645422957	348373766060649	14.0	-51.0	6.0	100.0	
1499645422969	348373786202251	14.0	-51.0	6.0	100.0	
1499645422988	348373806343852	14.0	-51.0	6.0	100.0	
1499645423006	348373826485454	13.053634643554688	-51.0	6.0	100.0	
1499645423040	348373846627055	13.0	-51.0	6.0	100.0	
1499645423057	348373866768657	13.0	-51.0	6.0	100.0	
1499645423075	348373886910258	13.0	-51.0	6.0	100.0	
1499645423094	348373907051860	13.0	-51.0	6.0	100.0	
1499645423111	348373927193462	13.0	-51.0	6.0	100.0	
1499645423128	348373947335063	13.0	-51.0	6.0	100.0	
1499645423146	348373967476665	13.0	-51.0	6.0	100.0	
1499645423181	348373987618266	13.0	-51.0	6.0	100.0	
1499645423198	348374007759868	13.0	-51.0	6.0	100.0	
1499645423216	348374027901469	13.0	-51.0	6.0	100.0	
1499645423234	348374048043071	13.0	-51.0	6.0	100.0	
1499645423252	348374068184673	13.0	-51.0	6.0	100.0	
1499645423269	348374088326274	13.0	-51.0	6.0	100.0	
1499645423286	348374108467876	13.0	-51.0	6.0	100.0	
1499645423321	348374128609477	13.0	-51.0	6.0	100.0	
1499645423351	348374148751079	13.0	-51.0	5.782012939453125	100.0	
1499645423358	348374168892680	13.0	-51.0	5.3598480224609375	100.0	
1499645423374	348374189034282	13.0	-51.0	6.0	100.0	
1499645423395	348374209175883	13.0	-51.0	5.356414794921875	100.0	
1499645423415	348374229317485	13.0	-51.0	5.0	100.0	
1499645423427	348374249459087	13.0	-51.0	5.0	100.0	
1499645423463	348374269600688	12.0	-51.0	5.0	100.0	
1499645423491	348374289742290	12.0	-51.0	5.0	100.0	
1499645423497	348374309883891	12.0	-51.352935791015625	5.352935791015625	100.0	
1499645423517	348374330025493	12.0	-52.0	6.0	100.0	
1499645423537	348374350167094	12.0	-52.0	6.0	100.0	
1499645423551	348374370308696	12.0	-52.0	6.0	100.0	
1499645423569	348374390450298	12.92041015625	-52.0	6.0	100.0	
1499645423604	348374410591899	13.0	-51.93772888183594	6.0	100.0	
1499645423621	348374430733501	13.0	-51.0	6.0	100.0	
1499645423643	348374450875102	13.0	-51.0	6.0	100.0	
1499645423659	348374471016704	13.487884521484375	-51.0	6.0	100.0	
1499645423675	348374491158305	14.0	-51.0	6.0	100.0	
1499645423691	348374511299907	14.0	-51.0	6.0	100.0	
1499645423713	348374531441508	14.0	-51.0	6.0	100.0	
1499645423744	348374551583110	14.0	-51.0	6.0	100.0	
1499645423763	348374571724712	14.0	-51.0	6.0	100.0	
1499645423779	348374591866313	14.0	-51.0	5.6609039306640625	100.0	
1499645423799	348374612007915	14.0	-51.0	5.0	100.0	
1499645423825	348374632149516	14.0	-51.0	5.0	100.0	
1499645423841	348374652291118	13.235305786132813	-51.0	5.0	100.0	
1499645423850	348374672432719	13.0	-51.0	5.0	100.0	
1499645423887	348374692574321	13.0	-51.0	5.0	100.0	
1499645423903	348374712715923	12.807968139648438	-51.19203186035156	5.0	100.0	
1499645423922	348374732857524	12.0	-52.0	5.3339080810546875	100.0	
1499645423939	348374752999126	12.0	-52.0	6.0	100.0	
1499645423956	348374773140727	12.0	-52.0	6.0	100.0	
1499645423974	348374793282329	12.0	-52.0	6.0	100.0	
1499645423995	348374813423930	12.0	-52.0	6.0	100.0	
1499645424027	348374833565532	12.0	-52.0	6.0	100.0	
1499645424046	348374853707133	12.0	-52.0	6.0	100.0	
1499645424062	348374873848735	12.326980590820313	-52.0	6.0	100.0	
1499645424079	348374893990337	13.0	-51.53114318847656	6.0	100.0	
1499645424097	348374914131938	13.0	-51.0	6.0	100.0	
1499645424115	348374934273540	13.752593994140625	-51.0	6.0	100.0	
1499645424133	348374954415141	14.0	-51.0	6.0	100.0	
1499645424167	348374974556743	15.0	-51.0	6.0	100.0	
1499645424185	348374994698344	15.0	-51.0	6.0	100.0	
1499645424206	348375014839946	14.679931640625	-51.0	6.0	100.0	
1499645424220	348375034981548	14.0	-51.0	6.0	100.0	
1499645424237	348375055123149	14.0	-51.0	6.0	100.0	
1499645424258	348375075264751	14.0	-51.0	6.0	100.0	
1499645424273	348375095406352	14.0	-51.0	6.0	100.0	
1499645424308	348375115547954	14.0	-51.0	6.0	100.0	
1499645424326	348375135689555	14.0	-51.0	6.0	100.0	
1499645424344	348375155831157	14.0	-51.0	6.0	100.0	
1499645424372	348375175972758	14.0	-51.0	6.0	100.0	
1499645424379	348375196114360	14.0	-51.0	6.0	100.0	
1499645424400	348375216255962	14.0	-51.0	6.0	100.0	
1499645424415	348375236397563	13.11785888671875	-51.0	6.0	100.0	
1499645424450	348375256539165	13.0	-51.0	6.0	100.0	
1499645424466	348375276680766	13.0	-51.0	6.0	100.0	
1499645424489	348375296822368	13.0	-51.0	6.0	100.0	
1499645424503	348375316963969	13.0	-51.0	6.0	100.0	
1499645424520	348375337105571	13.0	-51.0	6.0	100.0	
1499645424538	348375357247173	13.0	-51.0	6.0	100.0	
1499645424557	348375377388774	13.87542724609375	-51.0	6.0	100.0	
1499645424591	348375397530376	14.0	-51.0	6.0	100.0	
1499645424608	348375417671977	14.0	-51.0	6.0	100.0	
1499645424625	348375437813579	14.0	-51.0	6.0	100.0	
1499645424643	348375457955180	14.0	-51.0	6.0	100.0	
1499645424661	348375478096782	14.0	-51.0	6.0	100.0	
1499645424679	348375498238383	14.0	-51.0	6.0	100.0	
1499645424697	348375518379985	14.0	-51.0	6.0	100.0	
1499645424734	348375538521587	14.0103759765625	-51.0	6.0	100.0	
1499645424750	348375558663188	15.0	-51.0	6.0	100.0	
1499645424777	348375578804790	15.0	-51.0	6.0	100.0	
1499645424786	348375598946391	15.0	-51.0	6.0	100.0	
1499645424802	348375619087993	15.0	-51.0	6.0	100.0	
1499645424820	348375639229594	15.0	-51.0	6.0	100.0	
1499645424838	348375659371196	15.0	-51.0	6.0	100.0	
1499645424873	348375679512798	15.0	-51.0	6.0	100.0	
1499645424891	348375699654399	15.0	-51.0	6.0	100.0	
1499645424908	348375719796001	15.0	-51.0	6.0	100.0	
1499645424925	348375739937602	15.0	-51.0	6.0	100.0	
1499645424944	348375760079204	15.0	-51.0	6.0	100.0	
1499645424960	348375780220805	15.0	-51.0	6.0	100.0	
1499645424978	348375800362407	15.0	-51.0	6.0	100.0	
1499645424997	348375820504008	15.0	-51.0	6.0	100.0	
1499645425033	348375840645610	15.0	-51.0	6.0	100.0	
1499645425049	348375860787212	15.0	-51.0	6.0	100.0	
1499645425069	348375880928813	15.0	-51.0	6.0	100.0	
1499645425084	348375901070415	15.0	-51.0	6.0	100.0	
1499645425103	348375921212016	15.0	-51.0	6.0	100.0	
1499645425119	348375941353618	15.0	-51.0	6.0	100.0	
1499645425140	348375961495219	15.0	-51.0	6.0	100.0	
1499645425174	348375981636821	15.0	-51.0	6.0	100.0	
1499645425191	348376001778423	15.27508544921875	-51.0	6.0	100.0	
1499645425207	348376021920024	16.0	-51.0	6.4169464111328125	100.0	
1499645425225	348376042061626	15.441177368164063	-51.0	7.0	100.0	
1499645425243	348376062203227	15.0	-51.0	7.0	100.0	
1499645425261	348376082344829	15.0	-51.0	7.0	100.0	
1499645425278	348376102486430	15.0	-51.0	7.0	100.0	
1499645425322	348376122628032	15.0	-51.0	7.0	100.0	
1499645425330	348376142769633	15.0	-51.0	7.0	100.0	
1499645425350	348376162911235	15.0	-51.0	7.0	100.0	
1499645425369	348376183052837	15.0	-51.0	6.4481048583984375	100.0	
1499645425384	348376203194438	15.0	-51.0	6.0	100.0	
1499645425401	348376223336040	15.0	-51.0	6.0	100.0	
1499645425419	348376243477641	15.0	-51.0	6.0	100.0	
1499645425454	348376263619243	15.0	-51.0	6.0	100.0	
1499645425482	348376283760844	15.0	-51.0	6.0	100.0	
1499645425489	348376303902446	15.0	-51.0	6.0	100.0	
1499645425507	348376324044048	15.0	-51.0	6.0	100.0	
1499645425525	348376344185649	15.0	-51.0	6.0	100.0	
1499645425542	348376364327251	15.0	-51.0	6.0	100.0	
1499645425560	348376384468852	15.0	-51.0	6.0	100.0	
1499645425596	348376404610454	15.0	-51.0	6.0	100.0	
1499645425613	348376424752055	15.0	-51.0	6.0	100.0	
1499645425631	348376444893657	15.0	-51.0	6.0	100.0	
1499645425647	348376465035258	15.0	-51.0	6.0	100.0	
1499645425665	348376485176860	15.0	-51.0	6.0	100.0	
1499645425685	348376505318462	15.0	-51.0	6.0	100.0	
1499645425701	348376525460063	15.0	-51.0	6.0	100.0	
1499645425741	348376545601665	15.0	-51.0	6.0	100.0	
1499645425753	348376565743266	15.0	-51.0	6.0	100.0	
1499645425771	348376585884868	15.0	-51.0	6.0	100.0	
1499645425790	348376606026469	15.0	-51.0	6.0	100.0	
1499645425806	348376626168071	15.0	-51.0	6.0	100.0	
1499645425824	348376646309673	15.0	-51.0	6.0	100.0	
1499645425843	348376666451274	15.0	-51.0	6.0	100.0	
1499645425879	348376686592876	15.0	-51.0	6.0	100.0	
1499645425895	348376706734477	15.0	-51.0	6.0	100.0	
1499645425912	348376726876079	15.0	-51.0	6.0	100.0	
1499645425931	348376747017680	15.0	-51.0	6.0	100.0	
1499645425948	348376767159282	15.0	-51.0	6.0	100.0	
1499645425965	348376787300883	15.0	-51.0	6.0	100.0	
1499645425983	348376807442485	15.0	-51.0	6.0	100.0	
1499645426018	348376827584087	15.0	-51.0	6.0	100.0	
1499645426035	348376847725688	15.23529052734375	-51.0	6.0	100.0	
1499645426055	348376867867290	16.0	-51.0	6.0	100.0	
1499645426072	348376888008891	16.0	-51.0	6.0	100.0	
1499645426089	348376908150493	16.0	-51.0	6.0	100.0	
1499645426107	348376928292094	16.0	-51.0	6.0	100.0	
1499645426126	348376948433696	16.0	-51.0	6.0	100.0	
1499645426163	348376968575298	16.0	-51.0	6.0	100.0	
1499645426179	348376988716899	16.0	-51.0	6.0	100.0	
1499645426195	348377008858501	16.0	-51.0	6.0	100.0	
1499645426213	348377029000102	16.0	-51.0	6.0	100.0	
1499645426229	348377049141704	16.0	-51.0	6.0	100.0	
1499645426250	348377069283305	16.0	-51.0	6.0	100.0	
1499645426267	348377089424907	16.0	-51.0	6.0	100.0	
1499645426300	348377109566508	16.0	-51.0	6.0	100.0	
1499645426318	348377129708110	16.0	-51.0	6.0	100.0	
1499645426336	348377149849712	16.0	-51.0	6.0	100.0	
1499645426353	348377169991313	16.0	-51.0	6.0	100.0	
1499645426371	348377190132915	16.0	-51.0	6.0	100.0	
1499645426388	348377210274516	16.0	-51.0	6.0	100.0	
1499645426406	348377230416118	16.0	-51.0	6.0	100.0	
1499645426442	348377250557719	16.0	-51.0	6.0	100.0	
1499645426458	348377270699321	16.0	-51.0	6.0	100.0	
1499645426477	348377290840923	16.0	-51.0	6.0	100.0	
1499645426494	348377310982524	16.0	-51.0	6.0	100.0	
1499645426512	348377331124126	16.0	-51.0	6.0	100.0	
1499645426531	348377351265727	16.0	-51.0	6.0	100.0	
1499645426547	348377371407329	16.0	-51.0	6.0	100.0	
1499645426582	348377391548930	16.0	-51.0	6.0	100.0	
1499645426600	348377411690532	16.0	-51.0	6.0	100.0	
1499645426618	348377431832133	16.0	-51.0	6.0	100.0	
1499645426637	348377451973735	16.0	-51.0	6.0	100.0	
1499645426652	348377472115337	16.0	-51.0	6.0	100.0	
1499645426670	348377492256938	16.0	-51.0	6.0	100.0	
1499645426690	348377512398540	16.0	-51.0	6.0	100.0	
1499645426725	348377532540141	16.0	-51.0	6.0	100.0	
1499645426751	348377552681743	16.0	-51.0	6.0	100.0	
1499645426759	348377572823344	16.0	-51.0	6.0	100.0	
1499645426783	348377592964946	16.0	-51.0	6.0	100.0	
1499645426804	348377613106548	16.0	-51.0	6.0	100.0	
1499645426812	348377633248149	16.0	-51.0	6.0	100.0	
1499645426828	348377653389751	16.0	-51.0	6.0	100.0	
1499645426864	348377673531352	16.0	-51.0	6.0	100.0	
1499645426881	348377693672954	16.0	-51.0	6.0	100.0	
1499645426900	348377713814555	16.0	-51.0	6.0	100.0	
1499645426917	348377733956157	16.0	-51.0	6.0	100.0	
1499645426935	348377754097758	16.0	-51.0	6.0	100.0	
1499645426953	348377774239360	16.0	-51.0	6.0	100.0	
1499645426970	348377794380962	16.0	-51.0	6.0	100.0	
1499645427005	348377814522563	16.0	-51.0	6.0	100.0	
1499645427022	348377834664165	16.0	-51.0	6.0	100.0	
1499645427043	348377854805766	16.0	-51.0	6.0	100.0	
1499645427058	348377874947368	16.0	-51.0	6.0	100.0	
1499645427076	348377895088969	16.0	-51.0	6.0	100.0	
1499645427094	348377915230571	16.0	-51.0	6.0	100.0	
1499645427113	348377935372173	16.0	-51.0	6.0	100.0	
1499645427146	348377955513774	16.0	-51.0	6.0	100.0	
1499645427168	348377975655376	16.0	-51.0	6.0	100.0	
1499645427184	348377995796977	16.0	-51.0	6.0	100.0	
1499645427199	348378015938579	16.0	-51.0	6.0	100.0	
1499645427218	348378036080180	16.0	-51.0	6.0	100.0	
1499645427234	348378056221782	16.0	-51.0	6.0	100.0	
1499645427261	348378076363383	16.0	-51.0	6.0	100.0	
1499645427290	348378096504985	16.0	-51.0	6.0	100.0	
1499645427304	348378116646587	16.0	-51.0	6.0	100.0	
1499645427323	348378136788188	16.0	-51.0	6.0	100.0	
1499645427344	348378156929790	16.0	-51.0	6.0	100.0	
1499645427357	348378177071391	16.0	-51.0	6.0	100.0	
1499645427377	348378197212993	16.0	-51.0	6.0	100.0	
1499645427395	348378217354594	16.0	-51.0	6.0	100.0	
1499645427435	348378237496196	16.0	-51.0	6.0	100.0	
1499645427462	348378257637798	16.0	-51.0	6.0	100.0	
1499645427468	348378277779399	16.0	-51.0	6.0	100.0	
1499645427482	348378297921001	16.0	-51.0	6.0	100.0	
1499645427499	348378318062602	16.0	-51.0	6.0	100.0	
1499645427517	348378338204204	16.0	-51.0	6.0	100.0	
1499645427535	348378358345805	16.0	-51.0	6.0	100.0	
1499645427569	348378378487407	16.0	-51.0	6.0	100.0	
1499645427587	348378398629008	16.0	-51.0	6.0	100.0	
1499645427604	348378418770610	16.0	-51.0	6.0	100.0	
1499645427622	348378438912212	16.0	-51.0	6.0	100.0	
1499645427641	348378459053813	16.0	-51.0	6.0	100.0	
1499645427658	348378479195415	16.0	-51.0	6.0	100.0	
1499645427675	348378499337016	16.0	-51.0	6.0	100.0	
1499645427710	348378519478618	16.0	-51.0	6.0	100.0	
1499645427735	348378539620219	16.0	-51.0	6.0	100.0	
1499645427748	348378559761821	16.0	-51.0	6.0	100.0	
1499645427764	348378579903423	16.0	-51.0	6.0	100.0	
1499645427780	348378600045024	16.0	-51.0	6.0	100.0	
1499645427799	348378620186626	16.0	-51.0	6.0	100.0	
1499645427816	348378640328227	16.0	-51.0	6.0	100.0	
1499645427855	348378660469829	16.0	-51.0	6.0	100.0	
1499645427877	348378680611430	16.0	-51.0	6.0	100.0	
1499645427886	348378700753032	16.0	-51.0	6.0	100.0	
1499645427905	348378720894633	16.0	-51.0	6.0	100.0	
1499645427922	348378741036235	16.0	-51.0	6.0	100.0	
1499645427940	348378761177837	16.0	-51.0	6.0	100.0	
1499645427960	348378781319438	16.0	-51.0	6.0	100.0	
1499645427992	348378801461040	16.0	-51.0	6.0	100.0	
1499645428011	348378821602641	16.0	-51.0	6.0	100.0	
1499645428028	348378841744243	16.0	-51.0	6.0	100.0	
1499645428046	348378861885844	16.0	-51.0	6.0	100.0	
1499645428064	348378882027446	16.0	-51.0	6.0	100.0	
1499645428082	348378902169048	16.0	-51.0	6.0	100.0	
1499645428098	348378922310649	16.0	-51.0	6.0	100.0	
1499645428117	348378942452251	16.0	-51.0	6.0	100.0	
1499645428151	348378962593852	16.0	-51.0	6.0	100.0	
1499645428171	348378982735454	16.0	-51.0	6.2802734375	100.0	
1499645428186	348379002877055	16.0	-51.0	7.0	100.0	
1499645428204	348379023018657	16.0	-51.0	6.4359893798828125	100.0	
1499645428223	348379043160258	16.0	-51.0	6.0	100.0	
1499645428244	348379063301860	16.0	-51.0	6.0	100.0	
1499645428257	348379083443462	16.0	-51.0	6.0	100.0	
1499645428292	348379103585063	16.0	-51.0	6.0	100.0	
1499645428309	348379123726665	16.0	-51.0	6.0	100.0	
1499645428327	348379143868266	16.0	-51.0	6.0	100.0	
1499645428345	348379164009868	16.0	-51.0	6.0	100.0	
1499645428365	348379184151469	16.0	-51.0	6.0	100.0	
1499645428384	348379204293071	16.0	-51.0	6.0	100.0	
1499645428397	348379224434673	16.0	-51.0	6.0	100.0	
1499645428435	348379244576274	16.0	-51.0	6.0	100.0	
1499645428451	348379264717876	16.0	-51.0	6.0	100.0	
1499645428474	348379284859477	16.0	-51.0	6.0	100.0	
1499645428486	348379305001079	16.0	-51.0	6.0	100.0	
1499645428503	348379325142680	16.0	-51.69377136230469	6.0	100.0	
1499645428520	348379345284282	16.0	-52.0	6.0	100.0	
1499645428542	348379365425883	16.0	-52.0	6.0	100.0	
1499645428574	348379385567485	16.0	-52.0	6.0	100.0	
1499645428591	348379405709087	16.0	-51.73876953125	6.0	100.0	
1499645428609	348379425850688	16.0	-51.0	6.0	100.0	
1499645428626	348379445992290	16.0	-51.54496765136719	6.0	100.0	
1499645428649	348379466133891	16.0	-52.0	6.0	100.0	
1499645428662	348379486275493	16.0	-52.0	6.0	100.0	
1499645428679	348379506417094	16.0	-52.0	6.0	100.0	
1499645428715	348379526558696	16.0	-51.0	6.0	100.0	
1499645428732	348379546700298	16.0	-51.0	6.0	100.0	
1499645428751	348379566841899	16.0	-51.0	6.0	100.0	
1499645428771	348379586983501	16.0	-51.0	6.0	100.0	
1499645428786	348379607125102	16.0	-51.0	6.0	100.0	
1499645428803	348379627266704	16.0	-51.0	6.0	100.0	
1499645428820	348379647408305	16.0	-51.0	6.0	100.0	
1499645428858	348379667549907	16.0	-51.0	6.0	100.0	
1499645428877	348379687691508	16.0	-51.0	6.0	100.0	
1499645428893	348379707833110	16.0	-51.0	6.0	100.0	
1499645428911	348379727974712	16.0	-51.0	6.0	100.0	
1499645428926	348379748116313	15.325271606445313	-51.0	6.0	100.0	
1499645428944	348379768257915	15.0	-51.0	6.8166046142578125	100.0	
1499645428963	348379788399516	15.0	-51.0	7.0	100.0	
1499645428997	348379808541118	15.0	-51.0	6.0	100.0	
1499645429019	348379828682719	15.0	-51.0	6.0	100.0	
1499645429033	348379848824321	15.0	-51.0	6.0	100.0	
1499645429052	348379868965923	15.0	-51.52593994140625	6.0	100.0	
1499645429071	348379889107524	15.0	-52.0	6.0	100.0	
1499645429085	348379909249126	15.0	-52.0	6.0	100.0	
1499645429102	348379929390727	15.0	-52.0	6.0	100.0	
1499645429138	348379949532329	15.0	-52.0	6.093414306640625	100.0	
1499645429155	348379969673930	15.0	-52.0	7.0	100.0	
1499645429174	348379989815532	15.0	-52.0	7.0	100.0	
1499645429190	348380009957133	15.0	-52.0	7.0	100.0	
1499645429208	348380030098735	15.0	-52.0	7.0	100.0	
1499645429227	348380050240337	15.0	-51.197235107421875	7.0	100.0	
1499645429243	348380070381938	15.0	-51.94462585449219	7.0	100.0	
1499645429279	348380090523540	15.0	-51.0	6.9134979248046875	100.0	
1499645429296	348380110665141	15.0	-51.0	6.0	100.0	
1499645429314	348380130806743	15.0	-51.0	6.0	100.0	
1499645429332	348380150948344	15.0	-51.0	6.0	100.0	
1499645429355	348380171089946	15.0	-51.0	6.6539764404296875	100.0	
1499645429367	348380191231548	15.0	-51.0	6.20416259765625	100.0	
1499645429384	348380211373149	15.0	-51.0	6.0	100.0	
1499645429420	348380231514751	15.0	-51.0	6.0	100.0	
1499645429437	348380251656352	15.0	-51.0	6.0	100.0	
1499645429455	348380271797954	15.0	-51.0	6.0	100.0	
1499645429472	348380291939555	15.0	-51.0	6.0	100.0	
1499645429491	348380312081157	15.0	-51.0	6.0	100.0	
1499645429508	348380332222758	15.0	-51.0	6.0	100.0	
1499645429525	348380352364360	15.0	-51.0	6.0	100.0	
1499645429561	348380372505962	15.0	-51.0	6.0	100.0	
1499645429578	348380392647563	15.0	-51.0	6.0	100.0	
1499645429597	348380412789165	15.0	-51.0	6.0	100.0	
1499645429614	348380432930766	15.0	-51.0	6.0	100.0	
1499645429631	348380453072368	15.0	-51.0	6.0	100.0	
1499645429649	348380473213969	15.0	-51.783721923828125	6.783721923828125	100.0	
1499645429666	348380493355571	15.0	-52.0	7.0	100.0	
1499645429702	348380513497173	15.0	-52.0	7.0	100.0	
1499645429720	348380533638774	15.0	-52.0	7.0	100.0	
1499645429737	348380553780376	15.0	-52.0	7.0	100.0	
1499645429756	348380573921977	15.0	-52.0	7.0	100.0	
1499645429773	348380594063579	15.0	-52.0	7.0	100.0	
1499645429790	348380614205180	15.0	-52.0	7.0	100.0	
1499645429809	348380634346782	15.0	-52.0	7.0	100.0	
1499645429842	348380654488383	15.0	-52.0	7.0	100.0	
1499645429861	348380674629985	15.0	-52.0	6.7975921630859375	100.0	
1499645429878	348380694771587	15.0	-52.0	6.0	100.0	
1499645429896	348380714913188	15.0	-52.0	6.0	100.0	
1499645429926	348380735054790	14.371978759765625	-52.0	6.0	100.0	
1499645429932	348380755196391	14.0	-52.0	6.0	100.0	
1499645429948	348380775337993	14.0	-52.0	6.0	100.0	
1499645429984	348380795479594	14.0	-52.0	6.0	100.0	
1499645430002	348380815621196	14.0	-52.0	6.19549560546875	100.0	
1499645430021	348380835762798	14.0	-52.0	7.0	100.0	
1499645430037	348380855904399	14.0	-52.0	7.0	100.0	
1499645430054	348380876046001	14.622833251953125	-52.0	7.0	100.0	
1499645430073	348380896187602	15.0	-52.0	7.0	100.0	
1499645430089	348380916329204	14.093429565429688	-52.0	6.0934295654296875	100.0	
1499645430124	348380936470805	14.0	-52.0	6.0	100.0	
1499645430151	348380956612407	14.1903076171875	-52.0	6.0	100.0	
1499645430161	348380976754008	15.0	-52.0	6.0	100.0	
1499645430179	348380996895610	15.0	-52.0	6.0	100.0	
1499645430196	348381017037212	15.0	-52.0	6.0	100.0	
1499645430214	348381037178813	15.0	-52.0	6.0	100.0	
1499645430232	348381057320415	15.0	-52.0	6.0	100.0	
1499645430266	348381077462016	15.0	-52.0	6.0	100.0	
1499645430284	348381097603618	15.0	-52.0	6.0	100.0	
1499645430308	348381117745219	15.0	-52.0	6.0	100.0	
1499645430319	348381137886821	15.0	-52.0	6.0	100.0	
1499645430337	348381158028423	15.0	-52.0	6.0	100.0	
1499645430354	348381178170024	14.2491455078125	-52.0	6.0	100.0	
1499645430372	348381198311626	14.0	-52.0	6.0	100.0	
1499645430407	348381218453227	14.0	-52.0	6.0	100.0	
1499645430427	348381238594829	14.0	-52.0	6.0	100.0	
1499645430446	348381258736430	14.0	-52.0	6.0	100.0	
1499645430460	348381278878032	14.0	-52.0	6.0	100.0	
1499645430477	348381299019633	14.0	-52.0	6.0	100.0	
1499645430497	348381319161235	14.0	-52.0	6.0	100.0	
1499645430513	348381339302837	14.0	-52.0	6.0	100.0	
1499645430548	348381359444438	15.0	-52.0	6.0	100.0	
1499645430566	348381379586040	15.0	-52.0	6.0	100.0	
1499645430584	348381399727641	15.0	-52.0	6.0	100.0	
1499645430601	348381419869243	15.0	-52.0	6.0	100.0	
1499645430619	348381440010844	15.0	-52.0	6.0	100.0	
1499645430636	348381460152446	14.261245727539063	-52.0	6.0	100.0	
1499645430655	348381480294048	14.0	-52.0	6.0	100.0	
1499645430689	348381500435649	14.0	-52.0	6.0	100.0	
1499645430706	348381520577251	14.0	-52.0	6.0	100.0	
1499645430724	348381540718852	14.0	-52.0	6.0	100.0	
1499645430743	348381560860454	14.0	-52.0	6.0	100.0	
1499645430761	348381581002055	14.0	-52.0	6.0	100.0	
1499645430779	348381601143657	14.0	-52.0	6.0	100.0	
1499645430794	348381621285258	14.0	-52.0	6.0	100.0	
1499645430830	348381641426860	14.0	-52.0	6.0	100.0	
1499645430850	348381661568462	14.0	-52.0	6.0	100.0	
1499645430866	348381681710063	14.0	-52.0	6.0	100.0	
1499645430886	348381701851665	14.0	-52.0	6.0	100.0	
1499645430901	348381721993266	14.0	-52.0	6.0	100.0	
1499645430919	348381742134868	14.0	-52.0	6.0	100.0	
1499645430936	348381762276469	14.0	-52.0	6.0	100.0	
1499645430971	348381782418071	14.0	-52.0	6.0	100.0	
1499645430989	348381802559673	14.0	-52.0	6.0	100.0	
1499645431008	348381822701274	14.0	-52.0	6.0	100.0	
1499645431033	348381842842876	14.0	-52.0	6.0	100.0	
1499645431046	348381862984477	14.0	-52.0	6.0	100.0	
1499645431069	348381883126079	14.0	-52.0	6.0	100.0	
1499645431090	348381903267680	14.0	-52.0	6.0	100.0	
1499645431112	348381923412174	14.0	-52.0	6.0	100.0	
1499645431129	348381943553775	14.0	-52.0	6.0	100.0	
1499645431146	348381963695377	14.0	-52.0	6.0	100.0	
1499645431164	348381983836979	14.0	-52.0	6.0	100.0	
1499645431209	348382003978580	14.0	-52.0	6.0	100.0	
1499645431214	348382024120182	14.0	-52.0	6.0	100.0	
1499645431218	348382044261783	14.0	-52.0	6.0	100.0	
1499645431240	348382064403385	14.0	-52.0	6.0	100.0	
1499645431271	348382084544986	14.0	-52.0	6.0	100.0	
1499645431291	348382104686588	14.0	-52.0	6.0	100.0	
1499645431306	348382124828190	14.0	-52.0	6.0	100.0	
1499645431323	348382144969791	14.0	-52.0	6.0	100.0	
1499645431342	348382165111393	14.0	-52.0	6.0	100.0	
1499645431358	348382185252994	14.0	-52.0	6.0	100.0	
1499645431377	348382205394596	14.0	-52.0	6.0	100.0	
1499645431411	348382225536197	14.0	-52.0	6.0	100.0	
1499645431429	348382245677799	14.0	-52.0	6.0	100.0	
1499645431452	348382265819400	14.0	-52.0	6.0	100.0	
1499645431464	348382285961002	14.0	-52.0	6.0	100.0	
1499645431485	348382306102604	14.0	-52.0	6.0	100.0	
1499645431500	348382326244205	14.0	-52.0	6.0	100.0	
1499645431517	348382346385807	14.982696533203125	-52.0	6.0	100.0	
1499645431554	348382366527408	15.0	-52.0	6.0	100.0	
1499645431574	348382386669010	15.0	-52.0	6.0	100.0	
1499645431589	348382406810611	15.0	-52.0	6.0	100.0	
1499645431607	348382426952213	15.0	-52.0	6.0	100.0	
1499645431624	348382447093815	15.0	-52.0	6.0	100.0	
1499645431640	348382467235416	15.0	-52.0	6.0	100.0	
1499645431658	348382487377018	15.0	-52.0	6.0	100.0	
1499645431694	348382507518619	15.0	-52.0	6.0	100.0	
1499645431712	348382527660221	15.0	-52.0	6.0	100.0	
1499645431729	348382547801822	14.596893310546875	-52.0	6.0	100.0	
1499645431746	348382567943424	14.0	-52.0	6.0	100.0	
1499645431764	348382588085025	14.0	-52.0	6.0	100.0	
1499645431781	348382608226627	14.0	-52.0	6.0	100.0	
1499645431799	348382628368229	14.0	-52.0	6.0	100.0	
1499645431834	348382648509830	14.0	-52.0	6.0	100.0	
1499645431852	348382668651432	14.0	-52.0	6.0	100.0	
1499645431870	348382688793033	14.0	-52.0	6.0	100.0	
1499645431887	348382708934635	14.0	-52.0	6.0	100.0	
1499645431905	348382729076236	14.0	-52.0	6.0	100.0	
1499645431924	348382749217838	14.0	-52.0	6.0	100.0	
1499645431941	348382769359440	14.0	-52.0	6.0	100.0	
1499645431980	348382789501041	14.0	-52.0	6.0	100.0	
1499645431994	348382809642643	14.0	-52.0	6.0	100.0	
1499645432012	348382829784244	14.0	-52.0	6.0	100.0	
1499645432029	348382849925846	14.0	-52.0	6.0	100.0	
1499645432046	348382870067447	14.0	-52.0	6.0	100.0	
1499645432064	348382890209049	14.0	-52.0	6.0	100.0	
1499645432082	348382910350650	14.0	-52.0	6.0	100.0	
1499645432116	348382930492252	14.0	-52.0	6.0	100.0	
1499645432135	348382950633854	14.0	-52.0	6.0	100.0	
1499645432152	348382970775455	14.0	-52.0	6.0	100.0	
1499645432170	348382990917057	14.0	-52.0	6.0	100.0	
1499645432191	348383011058658	14.0	-52.0	6.0	100.0	
1499645432212	348383031200260	14.0	-52.0	6.0	100.0	
1499645432223	348383051341861	14.0	-52.0	6.0	100.0	
1499645432258	348383071483463	14.0	-52.0	6.0	100.0	
1499645432275	348383091625065	14.0	-52.0	6.0	100.0	
1499645432296	348383111766666	14.0	-52.0	6.0	100.0	
1499645432310	348383131908268	14.0	-52.0	6.0	100.0	
1499645432329	348383152049869	14.0	-52.0	6.0	100.0	
1499645432347	348383172191471	14.802764892578125	-52.0	5.197235107421875	100.0	
1499645432364	348383192333072	15.0	-52.0	5.0	100.0	
1499645432398	348383212474674	15.0	-52.0	6.0	100.0	
1499645432415	348383232616275	14.771636962890625	-52.0	6.0	100.0	
1499645432433	348383252757877	14.0	-52.0	6.0	100.0	
1499645432452	348383272899479	14.0	-52.0	6.0	100.0	
1499645432469	348383293041080	14.0	-51.34602355957031	6.0	100.0	
1499645432492	348383313182682	14.0	-51.0	6.0	100.0	
1499645432505	348383333324283	14.0	-51.0	6.0	100.0	
1499645432540	348383353465885	14.0	-51.0	6.0	100.0	
1499645432558	348383373607486	14.0	-51.0	6.0	100.0	
1499645432579	348383393749088	14.0	-51.0	6.0	100.0	
1499645432594	348383413890690	14.0	-51.50518798828125	6.0	100.0	
1499645432613	348383434032291	14.0	-52.0	6.0	100.0	
1499645432628	348383454173893	14.0	-52.0	6.0	100.0	
1499645432645	348383474315494	14.0	-52.0	6.0	100.0	
1499645432680	348383494457096	14.0	-52.0	6.0	100.0	
1499645432698	348383514598697	14.0	-52.0	6.0	100.0	
1499645432716	348383534740299	14.0	-52.0	6.0	100.0	
1499645432733	348383554881900	14.0	-52.0	6.0	100.0	
1499645432763	348383575023502	14.0	-52.0	6.0	100.0	
1499645432771	348383595165104	14.0	-52.0	6.0	100.0	
1499645432788	348383615306705	14.0	-52.0	6.0	100.0	
1499645432827	348383635448307	14.0	-52.0	6.0	100.0	
1499645432839	348383655589908	14.0	-52.0	6.0	100.0	
1499645432860	348383675731510	14.0	-52.0	6.0	100.0	
1499645432875	348383695873111	14.493072509765625	-52.0	6.0	100.0	
1499645432893	348383716014713	14.365066528320313	-52.0	6.0	100.0	
1499645432909	348383736156315	14.0	-52.0	6.0	100.0	
1499645432932	348383756297916	14.0	-51.081329345703125	6.0	100.0	
1499645432964	348383776439518	14.0	-51.0	6.0	100.0	
1499645433003	348383796581119	14.0	-51.0	6.0	100.0	
1499645433008	348383816722721	14.0	-51.34428405761719	6.0	100.0	
1499645433074	348383836864322	14.0	-52.0	6.0	100.0	
1499645433086	348383857005924	14.0	-52.0	6.0	100.0	
1499645433094	348383877147525	14.0	-52.0	6.0	100.0	
1499645433114	348383897289127	14.0	-52.0	6.0	100.0	
1499645433128	348383917430729	14.0	-52.0	6.0	100.0	
1499645433143	348383937572330	14.0	-52.0	6.0	100.0	
1499645433165	348383957713932	14.0	-52.0	6.0	100.0	
1499645433173	348383977855533	14.0	-52.0	6.0	100.0	
1499645433177	348383997997135	14.0	-52.0	6.0	100.0	
1499645433193	348384018138736	14.0	-52.0	6.0	100.0	
1499645433209	348384038280338	14.0	-52.0	6.0	100.0	
1499645433244	348384058421940	14.0	-52.0	6.0	100.0	
1499645433262	348384078563541	14.0	-52.0	6.0	100.0	
1499645433285	348384098705143	14.0	-52.0	6.0	100.0	
1499645433299	348384118846744	14.0	-52.0	6.0	100.0	
1499645433315	348384138988346	14.0	-52.0	6.0	100.0	
1499645433333	348384159129947	14.0	-52.0	6.0	100.0	
1499645433350	348384179271549	14.0	-52.0	6.0	100.0	
1499645433389	348384199413150	14.0	-52.0	6.0	100.0	
1499645433404	348384219554752	14.0	-52.0	6.0	100.0	
1499645433421	348384239696354	14.0	-52.0	6.0	100.0	
1499645433443	348384259837955	14.0	-52.0	6.0	100.0	
1499645433457	348384279979557	14.0	-52.0	6.0	100.0	
1499645433474	348384300121158	14.0	-52.0	6.0	100.0	
1499645433492	348384320262760	14.0	-52.0	6.0	100.0	
1499645433532	348384340404361	14.0	-52.0	6.0	100.0	
1499645433544	348384360545963	14.0	-52.0	6.0	100.0	
1499645433562	348384380687565	14.0	-52.0	6.0	100.0	
1499645433579	348384400829166	14.0	-52.0	6.0	100.0	
1499645433597	348384420970768	14.0	-52.0	6.0	100.0	
1499645433615	348384441112369	14.0	-52.0	6.0	100.0	
1499645433632	348384461253971	14.0	-52.0	6.0	100.0	
1499645433670	348384481395572	14.0	-52.0	6.0	100.0	
1499645433685	348384501537174	14.0	-52.0	6.0	100.0	
1499645433703	348384521678775	14.0	-52.0	6.0	100.0	
1499645433721	348384541820377	14.0	-52.0	6.0	100.0	
1499645433738	348384561961979	14.0	-52.0	6.0	100.0	
1499645433756	348384582103580	14.0	-52.0	6.0	100.0	
1499645433777	348384602245182	14.0	-52.0	6.0	100.0	
1499645433809	348384622386783	14.0	-52.0	6.0	100.0	
1499645433827	348384642528385	14.0	-52.0	6.0	100.0	
1499645433844	348384662669986	14.0	-52.0	6.0	100.0	
1499645433862	348384682811588	14.0	-52.0	6.0	100.0	
1499645433879	348384702953190	14.0	-52.0	6.0	100.0	
1499645433897	348384723094791	14.0	-52.0	6.0	100.0	
1499645433915	348384743236393	14.0	-52.0	6.0	100.0	
1499645433950	348384763377994	14.0	-52.0	6.0	100.0	
1499645433967	348384783519596	14.0	-52.0	6.0	100.0	
1499645433986	348384803661197	14.0	-52.0	6.0	100.0	
1499645434003	348384823802799	14.0	-52.0	6.0	100.0	
1499645434020	348384843944400	14.0	-52.0	6.0	100.0	
1499645434038	348384864086002	14.0	-52.0	6.0	100.0	
1499645434055	348384884227604	14.0	-52.0	6.0	100.0	
1499645434090	348384904369205	14.0	-52.0	6.0	100.0	
1499645434112	348384924510807	14.0	-52.0	6.0	100.0	
1499645434127	348384944652408	14.0	-52.0	6.0	100.0	
1499645434144	348384964794010	14.0	-52.0	6.0	100.0	
1499645434161	348384984935611	14.0	-52.0	6.0	100.0	
1499645434179	348385005077213	14.0	-52.0	6.0	100.0	
1499645434197	348385025218815	14.0	-52.0	6.0	100.0	
1499645434233	348385045360416	14.0	-52.0	6.0	100.0	
1499645434249	348385065502018	14.0	-52.0	6.0	100.0	
1499645434267	348385085643619	14.0	-52.0	6.0	100.0	
1499645434290	348385105785221	14.0	-52.0	6.0	100.0	
1499645434303	348385125926822	14.0	-52.0	6.0	100.0	
1499645434320	348385146068424	14.0	-52.0	6.0	100.0	
1499645434337	348385166210025	14.0	-52.0	6.0	100.0	
1499645434356	348385186351627	14.0	-52.0	6.0	100.0	
1499645434391	348385206493229	14.0	-52.0	6.0	100.0	
1499645434408	348385226634830	14.0	-52.0	6.0	100.0	
1499645434426	348385246776432	14.0	-52.0	6.0	100.0	
1499645434443	348385266918033	14.0	-52.0	6.0	100.0	
1499645434461	348385287059635	14.0	-52.0	6.0	100.0	
1499645434479	348385307201236	14.0	-52.0	6.0	100.0	
1499645434504	348385327342838	14.0	-52.0	6.0	100.0	
1499645434533	348385347484440	14.0	-52.0	6.0	100.0	
1499645434549	348385367626041	14.0	-52.0	6.0	100.0	
1499645434571	348385387767643	14.0	-52.0	6.0	100.0	
1499645434584	348385407909244	14.0	-52.0	6.0	100.0	
1499645434602	348385428050846	14.0	-52.0	6.0	100.0	
1499645434620	348385448192447	14.0	-52.0	6.0	100.0	
1499645434640	348385468334049	14.0	-52.0	6.0	100.0	
1499645434672	348385488475650	14.0	-52.0	6.0	100.0	
1499645434689	348385508617252	14.0	-52.0	6.0	100.0	
1499645434707	348385528758854	14.0	-52.0	6.0	100.0	
1499645434726	348385548900455	14.0	-52.0	6.0	100.0	
1499645434743	348385569042057	14.0	-52.0	6.0	100.0	
1499645434760	348385589183658	14.0	-52.0	6.0	100.0	
1499645434778	348385609325260	14.0	-52.0	6.0	100.0	
1499645434813	348385629466861	14.0	-52.0	6.0	100.0	
1499645434831	348385649608463	14.0	-52.0	6.0	100.0	
1499645434848	348385669750065	14.0	-52.0	6.0	100.0	
1499645434866	348385689891666	14.0	-52.0	6.0	100.0	
1499645434884	348385710033268	14.0	-52.0	6.0	100.0	
1499645434901	348385730174869	14.0	-52.0	6.0	100.0	
1499645434919	348385750316471	14.0	-52.0	6.0	100.0	
1499645434954	348385770458072	14.0	-52.0	6.0	100.0	
1499645434972	348385790599674	14.0	-52.0	6.0	100.0	
1499645434990	348385810741275	14.0	-52.0	6.0	100.0	
1499645435007	348385830882877	14.0	-52.0	6.0	100.0	
1499645435025	348385851024479	14.0	-52.0	6.0	100.0	
1499645435047	348385871166080	14.0	-52.0	6.0	100.0	
1499645435061	348385891307682	14.0	-52.0	6.0	100.0	
1499645435095	348385911449283	14.0	-52.0	6.0	100.0	
1499645435112	348385931590885	14.0	-52.0	6.0	100.0	
1499645435131	348385951732486	14.0	-52.0	6.0	100.0	
1499645435158	348385971874088	14.0	-52.0	6.0	100.0	
1499645435171	348385992015690	14.0	-52.0	6.0	100.0	
1499645435184	348386012157291	14.0	-52.0	6.0	100.0	
1499645435201	348386032298893	14.0	-52.0	6.0	100.0	
1499645435237	348386052440494	14.0	-52.0	6.0	100.0	
1499645435256	348386072582096	14.0	-52.0	6.0	100.0	
1499645435273	348386092723697	14.0	-52.0	6.0	100.0	
1499645435293	348386112865299	14.0	-52.0	6.0	100.0	
1499645435308	348386133006900	14.0	-52.0	6.0	100.0	
1499645435325	348386153148502	14.0	-52.0	6.0	100.0	
1499645435342	348386173290104	14.0	-52.0	6.0	100.0	
1499645435377	348386193431705	14.0	-52.0	6.0	100.0	
1499645435397	348386213573307	14.0	-52.0	6.0	100.0	
1499645435413	348386233714908	14.0	-52.0	6.0	100.0	
1499645435432	348386253856510	14.0	-52.0	6.0	100.0	
1499645435448	348386273998111	14.0	-52.0	6.0	100.0	
1499645435466	348386294139713	14.0	-52.0	6.0	100.0	
1499645435509	348386314281315	14.0	-52.0	6.0	100.0	
1499645435522	348386334422916	14.0	-52.0	6.0	100.0	
1499645435542	348386354564518	14.0	-52.0	6.0	100.0	
1499645435566	348386374706119	14.0	-52.0	6.0	100.0	
1499645435602	348386394847721	14.0	-52.0	6.0	100.0	
1499645435609	348386414989322	14.0	-52.0	6.0	100.0	
1499645435624	348386435130924	14.0	-52.0	6.0	100.0	
1499645435643	348386455272525	14.0	-52.0	6.0	100.0	
1499645435659	348386475414127	14.0	-52.0	6.0	100.0	
1499645435677	348386495555729	14.0	-52.0	6.0	100.0	
1499645435697	348386515697330	14.0	-52.0	6.0	100.0	
1499645435712	348386535838932	14.0	-52.0	6.0	100.0	
1499645435747	348386555980533	14.0	-52.0	6.0	100.0	
1499645435772	348386576122135	14.0	-52.0	6.0	100.0	
1499645435782	348386596263736	14.0	-52.0	6.0	100.0	
1499645435808	348386616405338	14.0	-52.0	6.0	100.0	
1499645435818	348386636546940	14.0	-52.0	6.0	100.0	
1499645435836	348386656688541	14.0	-52.0	6.0	100.0	
1499645435870	348386676830143	14.0	-52.0	6.0	100.0	
1499645435891	348386696971744	14.0	-52.0	6.0	100.0	
1499645435906	348386717113346	14.0	-52.0	6.0	100.0	
1499645435923	348386737254947	14.0	-52.0	6.0	100.0	
1499645435941	348386757396549	14.0	-52.0	6.0	100.0	
1499645435960	348386777538150	13.207260131835938	-52.0	6.0	100.0	
1499645435977	348386797679752	13.0	-52.0	6.0	100.0	
1499645436016	348386817821354	13.0	-52.0	6.0	100.0	
1499645436031	348386837962955	13.0	-52.0	6.0	100.0	
1499645436057	348386858104557	13.349990844726563	-52.0	6.0	100.0	
1499645436065	348386878246158	13.51123046875	-52.0	6.0	100.0	
1499645436082	348386898387760	13.628662109375	-52.0	6.0	100.0	
1499645436102	348386918529361	14.0	-52.0	6.0	100.0	
1499645436118	348386938670963	14.0	-52.0	6.0	100.0	
1499645436154	348386958812565	14.0	-52.0	6.0	100.0	
1499645436170	348386978954166	14.0	-52.0	6.0	100.0	
1499645436188	348386999095768	14.0	-52.0	6.0	100.0	
1499645436205	348387019237369	14.0	-52.0	6.0	100.0	
1499645436223	348387039378971	14.0	-52.0	6.0	100.0	
1499645436241	348387059520572	14.0	-52.0	6.0	100.0	
1499645436259	348387079662174	14.0	-52.0	6.0	100.0	
1499645436294	348387099803775	14.0	-52.0	6.0	100.0	
1499645436314	348387119945377	14.0	-52.0	6.0	100.0	
1499645436329	348387140086979	14.0	-52.0	6.0	100.0	
1499645436347	348387160228580	14.0	-52.0	6.0	100.0	
1499645436366	348387180370182	14.0	-52.0	6.0	100.0	
1499645436383	348387200511783	14.0	-52.0	6.0	100.0	
1499645436400	348387220653385	13.143112182617188	-52.0	6.0	100.0	
1499645436421	348387240794986	13.0	-52.0	6.0	100.0	
1499645436454	348387260936588	13.0	-52.0	6.0	100.0	
1499645436470	348387281078190	13.0	-52.0	6.0	100.0	
1499645436490	348387301219791	13.414505004882813	-52.0	6.0	100.0	
1499645436513	348387321361393	14.0	-52.0	6.0	100.0	
1499645436523	348387341502994	14.0	-52.0	6.0	100.0	
1499645436541	348387361644596	14.0	-52.0	6.0	100.0	
1499645436559	348387381786197	14.0	-52.0	6.0	100.0	
1499645436594	348387401927799	14.0	-52.0	6.0	100.0	
1499645436611	348387422069400	14.0	-52.0	6.0	100.0	
1499645436629	348387442211002	14.0	-52.0	6.0	100.0	
1499645436647	348387462352604	14.0	-52.0	6.0	100.0	
1499645436664	348387482494205	14.0	-52.0	6.0	100.0	
1499645436682	348387502635807	14.0	-52.0	6.0	100.0	
1499645436699	348387522777408	14.0	-52.0	6.0	100.0	
1499645436738	348387542919010	14.0	-51.0	6.0	100.0	
1499645436752	348387563060611	14.0	-51.0	6.0	100.0	
1499645436770	348387583202213	14.0	-51.0	6.0	100.0	
1499645436789	348387603343815	13.495697021484375	-51.0	6.0	100.0	
1499645436806	348387623485416	13.0	-51.0	6.0	100.0	
1499645436824	348387643627018	13.0	-51.782745361328125	6.0	100.0	
1499645436858	348387663768619	13.0	-52.0	6.0	100.0	
1499645436880	348387683910221	13.0	-52.0	6.0	100.0	
1499645436893	348387704051822	13.0	-52.0	6.0	100.0	
1499645436911	348387724193424	13.0	-52.0	6.0	100.0	
1499645436928	348387744335025	13.0	-52.0	6.480133056640625	100.0	
1499645436947	348387764476627	13.0	-52.0	7.0	100.0	
1499645436963	348387784618229	13.0	-52.0	7.0	100.0	
1499645436982	348387804759830	13.0	-52.0	7.0	100.0	
1499645437016	348387824901432	13.0362548828125	-52.0	6.9637451171875	100.0	
1499645437034	348387845043033	14.0	-52.0	6.0	100.0	
1499645437052	348387865184635	14.0	-52.0	6.0	100.0	
1499645437069	348387885326236	14.0	-52.0	6.0	100.0	
1499645437088	348387905467838	14.5941162109375	-52.0	6.0	100.0	
1499645437105	348387925609440	15.0	-52.0	6.0	100.0	
1499645437124	348387945751041	15.0	-52.0	6.0	100.0	
1499645437161	348387965892643	14.0	-52.0	6.0	100.0	
1499645437175	348387986034244	14.0	-52.0	6.0	100.0	
1499645437194	348388006175846	13.708633422851563	-52.0	6.0	100.0	
1499645437211	348388026317447	13.0	-52.0	6.0	100.0	
1499645437229	348388046459049	13.0	-52.0	6.0	100.0	
1499645437252	348388066600650	13.0	-52.0	6.0	100.0	
1499645437264	348388086742252	12.151992797851563	-52.0	6.0	100.0	
1499645437281	348388106883854	12.0	-52.0	6.0	100.0	
1499645437316	348388127025455	13.0	-52.0	6.0	100.0	
1499645437334	348388147167057	13.0	-52.0	6.0	100.0	
1499645437352	348388167308658	13.0	-52.0	6.0	100.0	
1499645437370	348388187450260	13.0	-52.0	6.0	100.0	
1499645437389	348388207591861	13.0	-52.0	6.0	100.0	
1499645437408	348388227733463	13.823822021484375	-52.0	6.0	100.0	
1499645437429	348388247875065	14.0	-52.0	6.0	100.0	
1499645437459	348388268016666	14.0	-51.101898193359375	6.0	100.0	
1499645437476	348388288158268	14.0	-52.0	6.0	100.0	
1499645437493	348388308299869	14.0	-52.0	6.0	100.0	
1499645437510	348388328441471	14.0	-52.0	6.0	100.0	
1499645437528	348388348583072	14.0	-52.0	6.0	100.0	
1499645437545	348388368724674	14.0	-52.0	6.0	100.0	
1499645437563	348388388866275	14.0	-52.0	6.0	100.0	
1499645437598	348388409007877	14.0	-52.0	6.0	100.0	
1499645437615	348388429149479	14.0	-52.0	6.0	100.0	
1499645437634	348388449291080	14.0	-52.0	6.0	100.0	
1499645437651	348388469432682	14.0	-52.0	6.0	100.0	
1499645437668	348388489574283	14.0	-52.0	6.0	100.0	
1499645437687	348388509715885	14.0	-52.0	6.0	100.0	
1499645437705	348388529857486	14.0	-52.0	6.0	100.0	
1499645437746	348388549999088	14.0	-52.0	6.0	100.0	
1499645437759	348388570140690	14.0	-52.0	6.0	100.0	
1499645437774	348388590282291	14.0	-52.0	6.0	100.0	
1499645437796	348388610423893	14.0	-52.0	6.0	100.0	
1499645437809	348388630565494	14.0	-52.0	6.0	100.0	
1499645437827	348388650707096	14.0	-52.0	6.0	100.0	
1499645437846	348388670848697	14.0	-52.0	6.0	100.0	
1499645437880	348388690990299	13.972366333007813	-52.0	6.0	100.0	
1499645437898	348388711131900	13.0	-52.0	6.0	100.0	
1499645437915	348388731273502	13.0	-52.0	6.0	100.0	
1499645437933	348388751415104	13.0	-52.0	6.0	100.0	
1499645437951	348388771556705	13.0	-52.0	6.0	100.0	
1499645437969	348388791698307	13.0	-52.0	6.0	100.0	
1499645437986	348388811839908	13.0	-52.0	6.0	100.0	
1499645438021	348388831981510	13.003433227539063	-52.0	6.0	100.0	
1499645438040	348388852123111	14.0	-52.0	6.0	100.0	
1499645438057	348388872264713	14.0	-52.0	6.0	100.0	
1499645438074	348388892406315	14.0	-52.0	6.0	100.0	
1499645438091	348388912547916	14.0	-52.0	6.0	100.0	
1499645438109	348388932689518	14.0	-52.0	6.0	100.0	
1499645438133	348388952831119	14.0	-52.0	6.0	100.0	
1499645438144	348388972972721	14.0	-52.0	6.0	100.0	
1499645438179	348388993114322	14.0	-52.0	6.0	100.0	
1499645438198	348389013255924	14.0	-52.0	6.0	100.0	
1499645438215	348389033397525	14.0	-52.0	6.0	100.0	
1499645438232	348389053539127	14.0	-52.0	6.0	100.0	
1499645438251	348389073680729	14.0	-52.0	6.0	100.0	
1499645438269	348389093822330	14.0	-52.0	6.0	100.0	
1499645438285	348389113963932	14.0	-52.0	6.0	100.0	
1499645438321	348389134105533	14.0	-52.0	6.0	100.0	
1499645438342	348389154247135	14.0	-52.0	6.0	100.0	
1499645438356	348389174388736	13.628677368164063	-52.0	6.0	100.0	
1499645438376	348389194530338	13.0	-52.0	6.0	100.0	
1499645438391	348389214671940	13.649993896484375	-52.0	6.0	100.0	
1499645438409	348389234813541	14.0	-52.0	6.0	100.0	
1499645438428	348389254955143	14.0	-52.0	6.0	100.0	
1499645438462	348389275096744	14.0	-52.0	6.0	100.0	
1499645438479	348389295238346	14.0	-52.0	6.0	100.0	
1499645438497	348389315379947	14.0	-52.0	6.0	100.0	
1499645438515	348389335521549	14.0	-52.0	6.0	100.0	
1499645438534	348389355663150	14.0	-52.0	6.0	100.0	
1499645438549	348389375804752	14.0	-52.0	6.0	100.0	
1499645438568	348389395946354	14.0	-52.0	6.0	100.0	
1499645438603	348389416087955	14.0	-52.0	6.0	100.0	
1499645438620	348389436229557	14.0	-52.0	6.0	100.0	
1499645438638	348389456371158	14.0	-52.0	6.0	100.0	
1499645438656	348389476512760	14.0	-52.0	6.0	100.0	
1499645438676	348389496654361	14.0	-52.0	6.0	100.0	
1499645438695	348389516795963	14.0	-52.0	6.0	100.0	
1499645438708	348389536937565	14.0	-52.0	6.0	100.0	
1499645438751	348389557079166	14.0	-52.0	6.0	100.0	
1499645438762	348389577220768	14.0	-52.0	6.0	100.0	
1499645438783	348389597362369	14.0	-52.0	6.0	100.0	
1499645438797	348389617503971	14.0	-52.0	6.0	100.0	
1499645438814	348389637645572	14.0	-52.0	6.0	100.0	
1499645438832	348389657787174	14.0	-52.0	6.0	100.0	
1499645438851	348389677928775	14.0	-52.0	6.0	100.0	
1499645438870	348389698070377	14.0	-52.0	6.0	100.0	
1499645438902	348389718211979	14.0	-52.0	6.0	100.0	
1499645438920	348389738353580	14.0	-52.0	6.0	100.0	
1499645438939	348389758495182	14.0	-52.0	6.0	100.0	
1499645438957	348389778636783	14.0	-52.0	6.0	100.0	
1499645438977	348389798778385	14.0	-52.0	6.0	100.0	
1499645438998	348389818919986	14.0	-52.0	6.0	100.0	
1499645439008	348389839061588	14.0	-52.0	6.0	100.0	
1499645439043	348389859203190	14.0	-52.0	6.0	100.0	
1499645439061	348389879344791	14.0	-52.0	6.0	100.0	
1499645439078	348389899486393	14.0	-52.0	6.0	100.0	
1499645439096	348389919627994	14.0	-52.0	6.0	100.0	
1499645439116	348389939769596	14.0	-52.0	6.0	100.0	
1499645439132	348389959911197	14.0	-52.0	6.0	100.0	
1499645439149	348389980052799	14.0	-52.0	6.0	100.0	
1499645439184	348390000194400	14.0	-52.0	6.0	100.0	
1499645439202	348390020336002	14.0	-52.0	6.0	100.0	
1499645439221	348390040477604	14.0	-52.0	6.0	100.0	
1499645439237	348390060619205	14.0	-52.0	6.0	100.0	
1499645439255	348390080760807	14.0	-52.0	6.0	100.0	
1499645439273	348390100902408	14.0	-52.0	6.0	100.0	
1499645439290	348390121044010	14.0	-52.0	6.0	100.0	
1499645439325	348390141185611	14.0	-52.0	6.0	100.0	
1499645439343	348390161327213	14.0	-52.0	6.0	100.0	
1499645439361	348390181468815	14.0	-52.0	6.0	100.0	
1499645439392	348390201610416	14.0	-52.0	6.0	100.0	
1499645439408	348390221752018	14.0	-52.0	6.0	100.0	
1499645439413	348390241893619	14.0	-52.0	6.0	100.0	
1499645439431	348390262035221	14.0	-52.0	6.0	100.0	
1499645439466	348390282176822	13.826171875	-52.0	6.0	100.0	
1499645439484	348390302318424	13.0	-52.0	6.0	100.0	
1499645439502	348390322460025	13.0	-52.0	6.0	100.0	
1499645439520	348390342601627	13.0	-52.0	6.0	100.0	
1499645439554	348390362743229	13.0	-52.0	6.0	100.0	
1499645439572	348390382884830	13.0	-52.0	6.0	100.0	
1499645439593	348390403026432	13.0	-52.0	6.0	100.0	
1499645439607	348390423168033	13.0	-52.0	6.0	100.0	
1499645439626	348390443309635	13.0	-52.0	6.0	100.0	
1499645439644	348390463451236	13.0	-52.0	6.0	100.0	
1499645439678	348390483592838	13.0	-52.0	6.0	100.0	
1499645439696	348390503734440	13.0	-52.0	6.0	100.0	
1499645439720	348390523876041	13.0	-52.0	6.0	100.0	
1499645439731	348390544017643	13.478485107421875	-52.0	6.0	100.0	
1499645439749	348390564159244	14.0	-52.0	6.0	100.0	
1499645439766	348390584300846	14.0	-52.0	6.0	100.0	
1499645439784	348390604442447	14.0	-52.0	6.0	100.0	
1499645439819	348390624584049	14.0	-52.0	6.0	100.0	
1499645439836	348390644725650	14.0	-52.0	6.0	100.0	
1499645439855	348390664867252	14.0	-52.0	6.0	100.0	
1499645439872	348390685008854	14.0	-52.0	6.0	100.0	
1499645439890	348390705150455	14.0	-52.0	6.0	100.0	
1499645439908	348390725292057	14.0	-52.0	6.0	100.0	
1499645439928	348390745433658	13.168685913085938	-52.0	6.0	100.0	
1499645439945	348390765575260	13.0	-52.0	6.0	100.0	
1499645439978	348390785716861	13.0	-52.0	6.0	100.0	
1499645439996	348390805858463	13.0	-52.0	6.0	100.0	
1499645440016	348390826000065	13.0	-52.0	6.0	100.0	
1499645440031	348390846141666	13.0	-52.0	6.0	100.0	
1499645440050	348390866283268	13.0	-52.0	6.0	100.0	
1499645440069	348390886424869	13.0	-52.0	6.0	100.0	
1499645440084	348390906566471	13.0	-52.0	6.0	100.0	
1499645440120	348390926708072	14.0	-52.0	6.0	100.0	
1499645440136	348390946849674	14.0	-52.0	6.0	100.0	
1499645440157	348390966991275	14.0	-52.0	6.0	100.0	
1499645440172	348390987132877	14.0	-52.0	6.0	100.0	
1499645440189	348391007274479	14.0	-52.0	6.0	100.0	
1499645440206	348391027416080	14.0	-52.0	6.0	100.0	
1499645440225	348391047557682	14.0	-52.0	6.0	100.0	
1499645440242	348391067699283	13.003448486328125	-52.0	6.0	100.0	
1499645440279	348391087840885	14.0	-52.0	6.0	100.0	
1499645440295	348391107982486	14.0	-52.0	6.0	100.0	
1499645440313	348391128124088	14.0	-52.0	6.0	100.0	
1499645440330	348391148265690	14.0	-52.0	6.0	100.0	
1499645440353	348391168407291	14.0	-52.0	6.0	100.0	
1499645440369	348391188548893	14.0	-52.0	6.0	100.0	
1499645440385	348391208690494	14.0	-52.0	6.0	100.0	
1499645440418	348391228832096	14.0	-52.0	6.0	100.0	
1499645440436	348391248973697	14.0	-52.0	6.0	100.0	
1499645440453	348391269115299	14.0	-52.0	6.0	100.0	
1499645440471	348391289256900	14.0	-52.0	6.0	100.0	
1499645440489	348391309398502	14.0	-52.0	6.0	100.0	
1499645440507	348391329540104	14.0	-52.0	6.0	100.0	
1499645440533	348391349681705	14.0	-52.0	6.0	100.0	
1499645440560	348391369823307	14.0	-52.0	6.0	100.0	
1499645440577	348391389964908	14.0	-52.0	6.0	100.0	
1499645440595	348391410106510	14.0	-52.0	6.0	100.0	
1499645440612	348391430248111	14.0	-52.0	6.0	100.0	
1499645440630	348391450389713	14.0	-52.0	6.0	100.0	
1499645440648	348391470531315	14.0	-52.0	6.0	100.0	
1499645440666	348391490672916	14.0	-52.0	6.0	100.0	
1499645440683	348391510814518	13.02581787109375	-52.0	6.0	100.0	
1499645440718	348391530956119	13.0	-52.0	6.0	100.0	
1499645440735	348391551097721	13.0	-52.0	6.0	100.0	
1499645440753	348391571239322	13.0	-52.0	6.0	100.0	
1499645440771	348391591380924	13.0	-52.0	6.0	100.0	
1499645440788	348391611522525	13.0	-52.0	6.0	100.0	
1499645440807	348391631664127	13.0	-52.0	6.0	100.0	
1499645440825	348391651805729	13.0	-52.0	6.0	100.0	
1499645440859	348391671947330	13.0	-52.0	6.0	100.0	
1499645440877	348391692088932	13.0	-52.0	6.0	100.0	
1499645440894	348391712230533	13.0	-52.0	6.0	100.0	
1499645440912	348391732372135	13.0	-52.0	6.0	100.0	
1499645440929	348391752513736	13.0	-52.0	6.0	100.0	
1499645440947	348391772655338	13.0	-52.0	6.0	100.0	
1499645440965	348391792796940	13.0	-52.0	6.0	100.0	
1499645441000	348391812938541	13.0	-52.0	6.0	100.0	
1499645441017	348391833080143	13.0	-52.0	6.0	100.0	
1499645441036	348391853221744	13.0	-52.0	6.0	100.0	
1499645441053	348391873363346	13.0	-52.0	6.0	100.0	
1499645441072	348391893504947	13.0	-52.0	6.0	100.0	
1499645441091	348391913640231	13.0	-52.0	6.0	100.0	
1499645441105	348391933781832	13.0	-52.0	6.0	100.0	
1499645441127	348391953923434	13.0	-52.0	6.0	100.0	
1499645441159	348391974065036	13.0	-52.0	6.0	100.0	
1499645441178	348391994206637	13.0	-52.0	6.0	100.0	
1499645441195	348392014348239	13.0	-52.0	6.0	100.0	
1499645441212	348392034489840	13.0	-52.0	6.0	100.0	
1499645441230	348392054631442	13.628219604492188	-52.0	6.0	100.0	
1499645441247	348392074773043	14.0	-52.0	6.0	100.0	
1499645441264	348392094914645	14.0	-52.0	6.0	100.0	
1499645441300	348392115056247	14.0	-52.0	6.0	100.0	
1499645441317	348392135197848	14.0	-52.0	6.0	100.0	
1499645441338	348392155339450	14.0	-52.0	6.0	100.0	
1499645441353	348392175481051	14.0	-52.0	6.0	100.0	
1499645441390	348392195622653	14.0	-52.0	6.0	100.0	
1499645441405	348392215764254	14.0	-52.0	6.0	100.0	
1499645441423	348392235905856	14.0	-52.0	6.0	100.0	
1499645441441	348392256047457	14.0	-52.0	6.0	100.0	
1499645441459	348392276189059	14.0	-52.0	6.0	100.0	
1499645441475	348392296330661	14.0	-52.0	6.0	100.0	
1499645441512	348392316472262	14.0	-52.0	6.0	100.0	
1499645441528	348392336613864	14.0	-52.0	6.0	100.0	
1499645441546	348392356755465	14.0	-52.0	6.0	100.0	
1499645441564	348392376897067	14.0	-52.0	6.0	100.0	
1499645441583	348392397038668	14.0	-52.0	6.0	100.0	
1499645441600	348392417180270	14.0	-52.0	6.0	100.0	
1499645441618	348392437321872	14.0	-52.0	6.0	100.0	
1499645441653	348392457463473	14.0	-52.0	6.0	100.0	
1499645441670	348392477605075	14.0	-52.0	6.0	100.0	
1499645441688	348392497746676	14.0	-52.0	6.0	100.0	
1499645441705	348392517888278	14.0	-52.0	6.0	100.0	
1499645441722	348392538029879	14.0	-52.0	6.0	100.0	
1499645441741	348392558171481	14.0	-52.0	6.0	100.0	
1499645441759	348392578313082	14.0	-52.0	6.0	100.0	
1499645441775	348392598454684	14.0	-52.0	6.0	100.0	
1499645441812	348392618596286	14.0	-52.0	6.0	100.0	
1499645441828	348392638737887	14.0	-52.0	6.0	100.0	
1499645441847	348392658879489	14.0	-52.0	6.0	100.0	
1499645441863	348392679021090	14.0	-52.0	6.0	100.0	
1499645441881	348392699162692	14.0	-52.0	6.0	100.0	
1499645441899	348392719304293	14.0	-52.0	6.0	100.0	
1499645441917	348392739445895	14.0	-52.0	6.0	100.0	
1499645441952	348392759587497	14.0	-52.0	6.0	100.0	
1499645441970	348392779729098	13.777969360351563	-52.0	6.0	100.0	
1499645441987	348392799870700	13.0	-52.0	6.0	100.0	
1499645442005	348392820012301	13.0	-52.0	6.0	100.0	
1499645442032	348392840153903	13.0	-52.0	6.0	100.0	
1499645442040	348392860295504	13.0	-52.0	6.0	100.0	
1499645442057	348392880437106	13.0	-52.0	6.0	100.0	
1499645442093	348392900578707	13.0	-52.0	6.0	100.0	
1499645442111	348392920720309	13.0	-52.0	6.0	100.0	
1499645442128	348392940861911	13.0	-52.0	6.0	100.0	
1499645442146	348392961003512	13.0	-52.0	6.0	100.0	
1499645442163	348392981145114	13.0	-52.0	6.0	100.0	
1499645442182	348393001286715	13.0	-52.0	6.0	100.0	
1499645442198	348393021428317	13.0	-52.0	6.0	100.0	
1499645442235	348393041569918	13.0	-52.0	6.0	100.0	
1499645442251	348393061711520	13.0	-52.0	6.0	100.0	
1499645442269	348393081853122	13.0	-52.0	6.0	100.0	
1499645442287	348393101994723	13.0	-52.0	6.0	100.0	
1499645442305	348393122136325	13.0	-52.0	6.0	100.0	
1499645442322	348393142277926	13.0	-52.0	6.0	100.0	
1499645442340	348393162419528	13.0	-52.0	6.0	100.0	
1499645442372	348393182561129	13.0	-52.0	6.0	100.0	
1499645442397	348393202702731	13.0	-52.0	6.0	100.0	
1499645442415	348393222844332	13.0	-52.0	6.0	100.0	
1499645442427	348393242985934	13.0	-52.0	6.0	100.0	
1499645442446	348393263127536	13.0	-52.0	6.0	100.0	
1499645442463	348393283269137	13.0	-52.0	6.0	100.0	
1499645442480	348393303410739	13.0	-52.0	6.0	100.0	
1499645442499	348393323552340	13.0	-52.0	6.0	100.0	
1499645442534	348393343693942	13.0	-52.0	6.0	100.0	
1499645442551	348393363835543	13.0	-52.0	6.0	100.0	
1499645442569	348393383977145	13.0	-52.0	6.0	100.0	
1499645442586	348393404118747	13.0	-52.0	6.0	100.0	
1499645442607	348393424260348	13.0	-52.0	6.0	100.0	
1499645442621	348393444401950	13.0	-52.0	6.0	100.0	
1499645442641	348393464543551	13.0	-52.0	6.0	100.0	
1499645442674	348393484685153	13.0	-52.0	6.0	100.0	
1499645442692	348393504826754	13.0	-52.0	6.0	100.0	
1499645442709	348393524968356	13.0	-52.0	6.0	100.0	
1499645442727	348393545109957	13.0	-52.0	6.0	100.0	
1499645442752	348393565251559	13.0	-52.0	6.0	100.0	
1499645442772	348393585393161	13.0	-52.0	6.0	100.0	
1499645442797	348393605534762	13.0	-52.0	6.0	100.0	
1499645442806	348393625676364	13.0	-52.0	6.0	100.0	
1499645442846	348393645817965	13.0	-52.0	6.0	100.0	
1499645442853	348393665959567	13.0	-52.0	6.0	100.0	
1499645442938	348393686101168	13.0	-52.0	6.0	100.0	
1499645442958	348393706242770	13.0	-52.0	6.0	100.0	
1499645442969	348393726384372	13.0	-52.0	6.0	100.0	
1499645442981	348393746525973	13.0	-52.0	6.0	100.0	
1499645442989	348393766667575	13.0	-52.0	6.0	100.0	
1499645443005	348393786809176	13.0	-52.0	6.0	100.0	
1499645443013	348393806950778	13.0	-52.0	6.0	100.0	
1499645443020	348393827092379	13.0	-52.0	6.0	100.0	
1499645443030	348393847233981	13.0	-52.0	6.0	100.0	
1499645443044	348393867375582	13.0	-52.0	6.0	100.0	
1499645443062	348393887517184	13.0	-52.0	6.0	100.0	
1499645443081	348393907658786	13.0	-52.0	6.0	100.0	
1499645443115	348393927800387	13.0	-52.0	6.0	100.0	
1499645443134	348393947941989	13.0	-52.0	6.0	100.0	
1499645443151	348393968083590	13.0	-52.0	6.0	100.0	
1499645443168	348393988225192	13.0	-52.0	6.0	100.0	
1499645443186	348394008366793	13.0	-52.0	6.0	100.0	
1499645443203	348394028508395	13.0	-52.0	6.0	100.0	
1499645443221	348394048649997	13.0	-52.0	6.0	100.0	
1499645443256	348394068791598	13.0	-52.0	6.0	100.0	
1499645443274	348394088933200	13.0	-52.0	6.0	100.0	
1499645443293	348394109074801	13.0	-52.0	6.0	100.0	
1499645443312	348394129216403	13.0	-52.0	6.0	100.0	
1499645443326	348394149358004	13.0	-52.0	6.0	100.0	
1499645443348	348394169499606	13.0	-52.0	6.0	100.0	
1499645443361	348394189641207	13.0	-52.0	6.0	100.0	
1499645443380	348394209782809	13.0	-52.0	6.0	100.0	
1499645443415	348394229924411	14.0	-52.0	6.0	100.0	
1499645443432	348394250066012	14.0	-52.0	6.0	100.0	
1499645443450	348394270207614	14.0	-52.0	6.0	100.0	
1499645443467	348394290349215	14.0	-52.0	6.0	100.0	
1499645443485	348394310490817	14.0	-52.0	6.0	100.0	
1499645443504	348394330632418	14.0	-52.0	6.0	100.0	
1499645443521	348394350774020	14.0	-52.0	6.0	100.0	
1499645443557	348394370915622	14.0	-52.0	6.0	100.0	
1499645443573	348394391057223	14.0	-52.0	6.0	100.0	
1499645443592	348394411198825	14.0	-52.0	6.0	100.0	
1499645443610	348394431340426	14.0	-52.0	6.0	100.0	
1499645443626	348394451482028	14.0	-52.0	6.0	100.0	
1499645443647	348394471623629	14.0	-52.0	6.0	100.0	
1499645443660	348394491765231	14.0	-52.0	6.0	100.0	
1499645443697	348394511906832	13.0	-51.134429931640625	5.0	100.0	
1499645443717	348394532048434	13.0	-51.64945983886719	5.0	100.0	
1499645443732	348394552190036	13.0	-51.0	5.0	100.0	
1499645443751	348394572331637	13.0	-51.0	5.0	100.0	
