1504202937679	7804454735354	15.66552734375	-23.66552734375	21.0	18.0	
1504202937698	7804474876956	16.791793823242188	-24.791793823242188	21.0	18.0	
1504202937714	7804495018557	17.918075561523438	-25.918075561523438	20.081924438476563	18.0	
1504202937750	7804515160159	19.044357299804688	-26.044357299804688	19.955642700195313	18.0	
1504202937768	7804535301761	20.170928955078125	-27.0	19.0	18.0	
1504202937785	7804555443362	21.0	-27.298629760742188	19.0	18.0	
1504202937805	7804575584964	21.424911499023438	-28.849822998046875	19.0	18.0	
1504202937821	7804595726565	23.102386474609375	-30.551193237304688	19.0	18.0	
1504202937839	7804615868167	25.35491943359375	-32.35491943359375	17.64508056640625	18.0	
1504202937858	7804636009768	27.60748291015625	-33.803741455078125	16.196258544921875	18.0	
1504202937876	7804656151370	31.7264404296875	-34.931610107421875	14.13677978515625	18.0	
1504202937911	7804676292972	35.290069580078125	-37.11602783203125	11.88397216796875	18.0	
1504202937935	7804696434573	40.7371826171875	-39.36859130859375	9.63140869140625	18.0	
1504202937946	7804716576175	45.552886962890625	-41.62115478515625	7.068267822265625	18.0	
1504202937965	7804736717776	50.7474365234375	-43.87371826171875	2.815704345703125	18.0	
1504202937982	7804756859378	56.378753662109375	-45.0	-1.126251220703125	18.0	
1504202937999	7804777000979	63.143585205078125	-46.381195068359375	-2.6905975341796875	18.0	
1504202938018	7804797142581	69.08699035644531	-48.634796142578125	-4.634796142578125	18.0	
1504202938035	7804817284182	74.71839904785156	-49.94367980957031	-5.9436798095703125	18.0	
1504202938073	7804837425784	80.27984619140625	-50.0	-8.139923095703125	18.0	
1504202938089	7804857567386	84.58872985839844	-50.0	-10.196243286132813	18.0	
1504202938107	7804877708987	87.64505004882813	-50.0	-11.322525024414063	18.0	
1504202938127	7804897850589	90.34870910644531	-50.0	-12.449569702148438	18.0	
1504202938143	7804917992190	93.153564453125	-50.0	-13.5767822265625	18.0	
1504202938161	7804938133792	94.70306396484375	-50.0	-14.0	18.0	
1504202938179	7804958275393	95.829345703125	-50.0	-14.829345703125	18.0	
1504202938197	7804978416995	96.0	-50.95562744140625	-15.95562744140625	18.0	
1504202938233	7804998558597	96.0	-51.0819091796875	-17.163818359375	18.0	
1504202938250	7805018700198	96.20854187011719	-52.20854187011719	-19.208541870117188	18.0	
1504202938268	7805038841800	97.0	-53.33616638183594	-20.336166381835938	18.0	
1504202938287	7805058983401	97.0	-54.0	-21.462448120117188	18.0	
1504202938304	7805079125003	97.58872985839844	-54.0	-22.0	18.0	
1504202938321	7805099266604	98.0	-54.0	-22.715011596679688	18.0	
1504202938340	7805119408206	98.84129333496094	-54.0	-23.0	18.0	
1504202938357	7805139549807	99.96922302246094	-53.03077697753906	-23.0	18.0	
1504202938394	7805159691409	100.10101318359375	-53.0	-24.0	18.0	
1504202938410	7805179833011	101.23194885253906	-53.0	-24.0	18.0	
1504202938429	7805199974612	102.365966796875	-52.634033203125	-24.0	18.0	
1504202938447	7805220116214	103.0	-52.0	-24.0	18.0	
1504202938464	7805240257815	103.63291931152344	-52.0	-24.0	18.0	
1504202938482	7805260399417	104.0	-52.0	-24.0	18.0	
1504202938500	7805280541018	104.90032958984375	-52.0	-24.90032958984375	18.0	
1504202938536	7805300682620	105.0343017578125	-52.0	-25.0	18.0	
1504202938554	7805320824222	106.0	-52.0	-25.0	18.0	
1504202938571	7805340965823	106.0	-52.0	-25.0	18.0	
1504202938589	7805361107425	106.4339599609375	-52.0	-25.0	18.0	
1504202938608	7805381249026	107.0	-52.0	-25.0	18.0	
1504202938625	7805401390628	107.0	-52.0	-25.701019287109375	18.0	
1504202938643	7805421532229	107.0	-52.0	-26.0	18.0	
1504202938661	7805441673831	107.0	-52.0	-26.0	18.0	
1504202938697	7805461815432	108.0	-51.89863586425781	-25.0	18.0	
1504202938714	7805481957034	108.0	-51.0	-25.0	18.0	
1504202938732	7805502098636	108.0	-51.0	-25.0	18.0	
1504202938750	7805522240237	108.0	-51.0	-25.0	18.0	
1504202938769	7805542381839	108.0	-51.0	-24.364273071289063	18.0	
1504202938786	7805562523440	108.0	-51.0	-24.0	18.0	
1504202938804	7805582665042	107.09794616699219	-51.0	-23.097946166992188	18.0	
1504202938839	7805602806643	106.96392822265625	-51.0	-21.96392822265625	18.0	
1504202938857	7805622948245	105.8302001953125	-51.0	-20.660400390625	18.0	
1504202938876	7805643089847	104.69760131835938	-50.697601318359375	-18.39520263671875	18.0	
1504202938893	7805663231448	103.56358337402344	-49.56358337402344	-15.690750122070313	18.0	
1504202938912	7805683373050	101.861083984375	-48.4305419921875	-12.2916259765625	18.0	
1504202938930	7805703514651	100.29725646972656	-48.0	-8.18902587890625	18.0	
1504202938946	7805723656253	98.32647705078125	-48.0	-2.816192626953125	18.0	
1504202938965	7805743797854	98.0	-48.0	1.88311767578125	18.0	
1504202939004	7805763939456	96.7938232421875	-46.7938232421875	6.2061767578125	18.0	
1504202939019	7805784081057	95.0	-44.525787353515625	8.474212646484375	18.0	
1504202939036	7805804222659	94.6295166015625	-42.6295166015625	10.3704833984375	18.0	
1504202939053	7805824364261	94.0	-40.993133544921875	11.503433227539063	18.0	
1504202939071	7805844505862	93.362548828125	-38.72509765625	13.27490234375	18.0	
1504202939090	7805864647464	91.45706176757813	-36.457061767578125	15.542938232421875	18.0	
1504202939107	7805884789065	89.192138671875	-33.2882080078125	17.807861328125	18.0	
1504202939143	7805904930667	86.92440795898438	-29.886611938476563	20.037796020507813	18.0	
1504202939162	7805925072268	84.48542785644531	-26.656951904296875	21.171524047851563	18.0	
1504202939178	7805945213870	81.39175415039063	-24.391754150390625	22.304122924804688	18.0	
1504202939199	7805965355472	78.2474365234375	-21.685577392578125	23.0	18.0	
1504202939214	7805985497073	74.28352355957031	-18.855682373046875	23.0	18.0	
1504202939232	7806005638675	70.18011474609375	-16.590057373046875	23.0	18.0	
1504202939251	7806025780276	66.48454284667969	-14.323028564453125	23.0	18.0	
1504202939268	7806045921878	62.1099853515625	-13.027496337890625	22.027496337890625	18.0	
1504202939304	7806066063479	58.57464599609375	-10.893661499023438	22.0	18.0	
1504202939322	7806086205081	54.044677734375	-9.76116943359375	22.0	18.0	
1504202939340	7806106346682	49.50860595703125	-8.627151489257813	22.372848510742188	18.0	
1504202939358	7806126488284	45.48200988769531	-8.0	23.0	18.0	
1504202939375	7806146629886	42.08251953125	-7.36083984375	22.36083984375	18.0	
1504202939393	7806166771487	38.680419921875	-7.0	21.226806640625	18.0	
1504202939412	7806186913089	36.185577392578125	-7.0	20.092788696289063	18.0	
1504202939447	7806207054690	33.96049499511719	-7.0395050048828125	16.920989990234375	18.0	
1504202939465	7806227196292	32.82646179199219	-8.0	14.826461791992188	18.0	
1504202939482	7806247337893	31.692977905273438	-8.0	13.385955810546875	18.0	
1504202939500	7806267479495	31.0	-8.0	12.0	18.0	
1504202939519	7806287621097	30.426116943359375	-8.0	12.573883056640625	18.0	
1504202939536	7806307762698	30.0	-8.707901000976563	13.0	18.0	
1504202939554	7806327904300	30.0	-9.840469360351563	13.840469360351563	18.0	
1504202939580	7806348045901	28.05157470703125	-10.974212646484375	14.974212646484375	18.0	
1504202939607	7806368187503	25.5670166015625	-9.891754150390625	15.108245849609375	18.0	
1504202939625	7806388329104	21.274444580078125	-8.51629638671875	16.0	18.0	
1504202939642	7806408470706	17.50177001953125	-6.250885009765625	16.749114990234375	18.0	
1504202939661	7806428612307	13.474227905273438	-4.4914093017578125	19.017181396484375	18.0	
1504202939680	7806448753909	10.075515747070313	-4.0	21.924484252929688	18.0	
1504202939697	7806468895511	7.4501953125	-3.22509765625	25.32470703125	18.0	
1504202939715	7806489037112	5.182159423828125	-3.0	28.726760864257813	18.0	
1504202939750	7806509178714	3.0	-3.0	29.957122802734375	18.0	
1504202939768	7806529320315	3.0	-3.0	28.824752807617188	18.0	
1504202939786	7806549461917	2.69073486328125	-3.0	27.3814697265625	18.0	
1504202939804	7806569603518	1.557464599609375	-3.0	25.557464599609375	18.0	
1504202939822	7806589745120	0.424407958984375	-3.0	25.0	18.0	
1504202939841	7806609886722	254.74998474121094	-3.0	25.0	18.0	
1504202939857	7806630028323	358.1563720703125	-3.8436279296875	25.8436279296875	18.0	
1504202939875	7806650169925	357.0240173339844	-4.0	26.975982666015625	18.0	
1504202939911	7806670311526	355.8900451660156	-4.0	28.109954833984375	18.0	
1504202939929	7806690453128	355.0	-4.0	29.0	18.0	
1504202939948	7806710594729	354.62371826171875	-4.0	28.62371826171875	18.0	
1504202939965	7806730736331	354.0	-4.0	27.489700317382813	18.0	
1504202939983	7806750877932	354.0	-4.0	27.0	18.0	
1504202940002	7806771019534	354.0	-4.777008056640625	27.777008056640625	18.0	
1504202940020	7806791161136	354.0	-5.0	28.91064453125	18.0	
1504202940054	7806811302737	354.0	-5.0	29.044662475585938	18.0	
1504202940071	7806831444339	354.0	-5.0	30.0	18.0	
1504202940089	7806851585940	354.0	-5.0	30.310989379882813	18.0	
1504202940107	7806871727542	354.0	-4.55499267578125	30.55499267578125	18.0	
1504202940125	7806891869143	354.0	-4.0	30.0	18.0	
1504202940143	7806912010745	354.0	-4.0	29.288665771484375	18.0	
1504202940162	7806932152347	354.0	-4.0	28.154647827148438	18.0	
1504202940179	7806952293948	354.0	-4.0	28.0	18.0	
1504202940216	7806972435550	353.8883056640625	-4.0	27.0	18.0	
1504202940232	7806992577151	353.0	-4.0	27.0	18.0	
1504202940250	7807012718753	353.0	-4.0	27.0	18.0	
1504202940268	7807032860354	353.0	-4.0	27.0	18.0	
1504202940286	7807053001956	353.0	-4.0	27.0	18.0	
1504202940304	7807073143557	353.0	-4.0	27.0	18.0	
1504202940322	7807093285159	353.0	-4.0	27.0	18.0	
1504202940357	7807113426761	353.0	-4.0	27.04638671875	18.0	
1504202940376	7807133568362	353.0	-4.0	28.0	18.0	
1504202940393	7807153709964	353.0	-4.0	28.0	18.0	
1504202940411	7807173851565	353.0	-4.0	28.0	18.0	
1504202940429	7807193993167	353.0	-4.0	28.0	18.0	
1504202940447	7807214134768	353.0	-4.0	28.0	18.0	
1504202940464	7807234276370	353.0	-4.0	28.0	18.0	
1504202940484	7807254417972	353.0	-4.0	28.0	18.0	
1504202940518	7807274559573	353.0	-4.0	28.0	18.0	
1504202940537	7807294701175	353.0	-4.0	27.757278442382813	18.0	
1504202940554	7807314842776	353.0	-4.0	27.0	18.0	
1504202940571	7807334984378	353.0	-4.0	27.0	18.0	
1504202940591	7807355125979	353.0	-4.0	27.0	18.0	
1504202940607	7807375267581	353.0	-4.0	27.0	18.0	
1504202940627	7807395409182	353.0	-4.0	27.0	18.0	
1504202940661	7807415550784	353.0	-4.0	28.0	18.0	
1504202940679	7807435692386	353.0	-4.0	28.0	18.0	
1504202940698	7807455833987	353.2559814453125	-4.0	28.0	18.0	
1504202940715	7807475975589	354.0	-4.0	28.0	18.0	
1504202940735	7807496117190	354.0	-4.0	28.0	18.0	
1504202940749	7807516258792	354.0	-4.0	28.0	18.0	
1504202940768	7807536400393	354.0	-4.0	28.0	18.0	
1504202940791	7807556541995	354.0	-4.0	27.114349365234375	18.0	
1504202940821	7807576683597	354.0	-4.0	27.0	18.0	
1504202940840	7807596825198	354.0	-4.0	27.0	18.0	
1504202940859	7807616966800	354.0	-4.0	27.0	18.0	
1504202940875	7807637108401	354.0	-4.0	27.0	18.0	
1504202940893	7807657250003	354.0	-4.0	27.0	18.0	
1504202940911	7807677391604	354.0	-4.0	27.0	18.0	
1504202940930	7807697533206	354.0	-4.0	27.0	18.0	
1504202940947	7807717674807	354.0	-4.0	27.0	18.0	
1504202940983	7807737816409	354.0	-4.0	27.0	18.0	
1504202941001	7807757958011	354.0	-4.0	27.0	18.0	
1504202941019	7807778099612	354.0	-4.0	27.269622802734375	18.0	
1504202941036	7807798241214	354.0	-4.0	28.0	18.0	
1504202941054	7807818382815	354.52215576171875	-4.0	28.0	18.0	
1504202941074	7807838524417	355.0	-4.0	28.0	18.0	
1504202941090	7807858666018	355.0	-4.0	28.0	18.0	
1504202941108	7807878807620	355.0	-4.0	28.0	18.0	
1504202941144	7807898949222	355.0	-4.0	28.0	18.0	
1504202941162	7807919090823	355.0	-4.0	27.848388671875	18.0	
1504202941179	7807939232425	355.0	-4.0	27.0	18.0	
1504202941197	7807959374026	355.0	-4.0	27.0	18.0	
1504202941215	7807979515628	355.0	-4.0	27.0	18.0	
1504202941233	7807999657229	355.0	-4.0	27.0	18.0	
1504202941250	7808019798831	355.0	-4.0	27.0	18.0	
1504202941270	7808039940432	355.0	-4.0	27.0	18.0	
1504202941304	7808060082034	355.0	-4.0	26.96759033203125	18.0	
1504202941322	7808080223636	355.158447265625	-4.0	26.0	18.0	
1504202941340	7808100365237	356.0	-4.0	26.0	18.0	
1504202941357	7808120506839	356.0	-4.0	26.4095458984375	18.0	
1504202941375	7808140648440	356.0	-4.0	27.0	18.0	
1504202941394	7808160790042	356.0	-4.0	27.0	18.0	
1504202941411	7808180931643	356.0	-4.0	27.0	18.0	
1504202941429	7808201073245	356.0	-4.0	26.0870361328125	18.0	
1504202941465	7808221214847	356.0	-4.0	26.0	18.0	
1504202941483	7808241356448	356.0	-4.0	26.0	18.0	
1504202941501	7808261498050	356.0	-4.0	26.0	18.0	
1504202941518	7808281639651	356.0	-4.0	26.0	18.0	
1504202941537	7808301781253	356.0	-4.0	26.0	18.0	
1504202941555	7808321922854	356.0	-4.0	26.0	18.0	
1504202941572	7808342064456	356.0	-4.0	26.0	18.0	
1504202941590	7808362206057	356.0	-4.0	26.0	18.0	
1504202941626	7808382347659	356.0	-4.0	26.0	18.0	
1504202941644	7808402489261	356.0	-4.0	26.0	18.0	
1504202941661	7808422630862	356.0	-4.0	26.0	18.0	
1504202941679	7808442772464	356.0	-4.0	26.0	18.0	
1504202941697	7808462914065	356.0	-4.0	26.0	18.0	
1504202941716	7808483055667	356.0	-4.0	25.324234008789063	18.0	
1504202941741	7808503197268	356.0	-4.0	25.0	18.0	
1504202941751	7808523338870	356.0	-4.9266204833984375	25.0	18.0	
1504202941787	7808543480472	356.0	-5.0	26.052886962890625	18.0	
1504202941804	7808563622073	356.0	-5.0	27.0	18.0	
1504202941823	7808583763675	356.0	-5.0	27.0	18.0	
1504202941839	7808603905276	356.0	-5.0	26.569976806640625	18.0	
1504202941858	7808624046878	356.0	-5.0	26.556304931640625	18.0	
1504202941876	7808644188479	356.6825866699219	-5.0	27.0	18.0	
1504202941897	7808664330081	357.0	-5.0	27.8074951171875	18.0	
1504202941912	7808684471682	357.0	-5.0	28.0	18.0	
1504202941947	7808704608011	357.0	-6.0	28.0	18.0	
1504202942090	7808724749613	356.9517517089844	-5.951751708984375	27.975875854492188	18.0	
1504202942091	7808744891214	356.6595153808594	-5.659515380859375	27.829757690429688	18.0	
1504202942092	7808765032816	356.3673095703125	-5.3673095703125	27.68365478515625	18.0	
1504202942093	7808785174417	356.0750732421875	-5.0750732421875	27.53753662109375	18.0	
1504202942094	7808805316019	355.7828369140625	-4.7828369140625	27.39141845703125	18.0	
1504202942095	7808825457620	355.4906005859375	-4.4906005859375	27.24530029296875	18.0	
1504202942096	7808845599222	355.1983642578125	-4.1983642578125	27.09918212890625	18.0	
1504202942104	7808865740824	355.0	-4.0	27.0	18.0	
1504202942120	7808885882425	355.0	-4.4185638427734375	27.0	18.0	
1504202942138	7808906024027	355.0	-5.0	27.0	18.0	
1504202942156	7808926165628	355.0	-4.431610107421875	27.0	18.0	
1504202942175	7808946307230	355.0	-4.0	27.0	18.0	
1504202942192	7808966448831	355.0	-4.0	26.281768798828125	18.0	
1504202942210	7808986590433	355.7918701171875	-4.0	26.0	18.0	
1504202942228	7809006732034	356.0	-4.0	26.0	18.0	
1504202942245	7809026873636	356.0	-4.0	26.0	18.0	
1504202942281	7809047015238	356.0	-4.0	26.0	18.0	
1504202942299	7809067156839	356.1260681152344	-4.0	26.0	18.0	
1504202942317	7809087298441	357.0	-4.0	25.731719970703125	18.0	
1504202942336	7809107440042	357.0	-4.0	25.0	18.0	
1504202942353	7809127581644	357.0	-4.0	25.0	18.0	
1504202942371	7809147723245	357.0	-4.0	25.0	18.0	
1504202942390	7809167864847	357.0	-4.0	25.0	18.0	
1504202942424	7809188006449	357.0	-4.0	25.0	18.0	
1504202942442	7809208148050	357.0	-4.0	25.0	18.0	
1504202942460	7809228289652	357.0	-4.0	24.682937622070313	18.0	
1504202942478	7809248431253	357.4668884277344	-4.0	24.0	18.0	
1504202942501	7809268572855	358.0	-4.0	24.0	18.0	
1504202942514	7809288714456	358.0	-4.0	24.0	18.0	
1504202942532	7809308856058	358.0	-4.0	24.0	18.0	
1504202942567	7809328997659	358.0	-4.0	24.0	18.0	
1504202942585	7809349139261	358.0	-4.0	24.0	18.0	
1504202942604	7809369280863	358.0	-4.0	24.0	18.0	
1504202942621	7809389422464	358.0	-4.0	24.0	18.0	
1504202942638	7809409564066	358.6654968261719	-4.0	24.0	18.0	
1504202942658	7809429705667	359.0	-4.0	24.0	18.0	
1504202942677	7809449847269	359.0	-4.0	24.0	18.0	
1504202942710	7809469988870	359.0	-4.0	24.0	18.0	
1504202942728	7809490130472	359.0	-4.0	24.0	18.0	
1504202942746	7809510272074	359.0	-3.5853729248046875	24.0	18.0	
1504202942765	7809530413675	359.0	-3.0	24.0	18.0	
1504202942781	7809550555277	102.57377624511719	-3.0	24.0	18.0	
1504202942799	7809570696878	0.0	-3.0	24.0	18.0	
1504202942835	7809590838480	0.0	-3.0	24.0	18.0	
1504202942853	7809610980081	0.0	-3.0	24.0	18.0	
1504202942872	7809631121683	0.0	-3.0	24.0	18.0	
1504202942889	7809651263284	0.0	-3.0	24.0	18.0	
1504202942906	7809671404886	0.0	-3.0	24.0	18.0	
1504202942924	7809691546488	0.0	-3.0	23.388168334960938	18.0	
1504202942942	7809711688089	0.0	-3.0	23.0	18.0	
1504202942960	7809731829691	0.7841796875	-3.0	23.0	18.0	
1504202942979	7809751971292	1.0	-3.87005615234375	23.0	18.0	
1504202942996	7809772112894	1.0	-4.0	23.0	18.0	
1504202943032	7809792254495	1.0	-4.0	23.0	18.0	
1504202943049	7809812396097	1.0	-4.0	23.0	18.0	
1504202943067	7809832537699	1.0	-4.2141571044921875	22.785842895507813	18.0	
1504202943084	7809852679300	1.0	-5.0	22.0	18.0	
1504202943103	7809872820902	1.0	-5.386505126953125	22.0	18.0	
1504202943121	7809892962503	0.5279693603515625	-6.0	22.0	18.0	
1504202943139	7809913104105	0.0	-6.0	22.0	18.0	
1504202943156	7809933245706	0.0	-6.0	22.0	18.0	
1504202943174	7809953387308	0.0	-6.0	22.0	18.0	
1504202943192	7809973528909	0.0	-6.0	22.0	18.0	
1504202943228	7809993670511	1.0	-6.0	21.0	18.0	
1504202943246	7810013812113	1.0	-6.0	21.133560180664063	18.0	
1504202943264	7810033953714	1.0	-6.0	22.0	18.0	
1504202943282	7810054095316	1.0	-6.0	22.0	18.0	
1504202943301	7810074236917	1.0	-6.0	22.0	18.0	
1504202943317	7810094378519	1.0	-6.0	22.0	18.0	
1504202943334	7810114520120	1.0	-6.0	22.804916381835938	18.0	
1504202943357	7810134661722	1.990966796875	-6.0	23.0	18.0	
1504202943388	7810154803324	2.0	-6.0	24.0	18.0	
1504202943407	7810174944925	2.0	-6.0	23.626358032226563	18.0	
1504202943424	7810195086527	2.0	-6.0	23.0	18.0	
1504202943442	7810215228128	2.0	-6.0	23.0	18.0	
1504202943461	7810235369730	2.0	-6.0	23.0	18.0	
1504202943496	7810255511331	2.0	-6.0	23.13897705078125	18.0	
1504202943516	7810275652933	2.0	-6.330322265625	24.0	18.0	
1504202943531	7810295794534	2.0	-7.0	24.0	18.0	
1504202943549	7810315936136	2.0	-7.0	24.0	18.0	
1504202943568	7810336077738	2.0	-7.0	23.221084594726563	18.0	
1504202943585	7810356219339	2.0	-7.0	23.0	18.0	
1504202943603	7810376360941	2.0	-7.0	23.0	18.0	
1504202943639	7810396502542	2.0	-6.9013519287109375	23.0	18.0	
1504202943657	7810416644144	2.202667236328125	-6.0	23.0	18.0	
1504202943675	7810436785745	3.0	-6.0	23.0	18.0	
1504202943692	7810456927347	3.0	-6.0	23.0	18.0	
1504202943710	7810477068949	3.0	-6.0	22.483291625976563	18.0	
1504202943732	7810497210550	3.0	-6.0	22.0	18.0	
1504202943746	7810517352152	3.0	-6.0	22.0	18.0	
1504202943764	7810537493753	3.0	-6.0	22.0	18.0	
1504202943782	7810557635355	3.0	-6.0	22.0	18.0	
1504202943818	7810577776956	3.0	-6.0	22.0	18.0	
1504202943835	7810597918558	3.0	-6.0	22.0	18.0	
1504202943853	7810618060159	3.0	-6.0	22.0	18.0	
1504202943876	7810638201761	3.353424072265625	-6.0	22.0	18.0	
1504202943890	7810658343363	4.0	-6.0	22.0	18.0	
1504202943915	7810678484964	4.0	-6.0	22.0	18.0	
1504202943924	7810698626566	4.0	-6.0	22.0	18.0	
1504202943943	7810718768167	4.0	-6.0	22.0	18.0	
1504202943962	7810738909769	4.0	-6.0	22.876251220703125	18.0	
1504202943978	7810759051370	4.0	-6.0	23.0	18.0	
1504202944014	7810779192972	4.0	-6.0	23.0	18.0	
1504202944032	7810799334574	4.0	-6.0	23.190628051757813	18.0	
1504202944050	7810819476175	4.0	-6.0	24.0	18.0	
1504202944068	7810839617777	4.0	-6.0	24.398651123046875	18.0	
1504202944085	7810859759378	4.504180908203125	-6.0	25.0	18.0	
1504202944104	7810879900980	5.0	-6.0	25.0	18.0	
1504202944121	7810900042581	5.0	-6.0	25.0	18.0	
1504202944158	7810920184183	5.0	-6.0	24.0	18.0	
1504202944174	7810940325784	5.0	-6.0	24.25640869140625	18.0	
1504202944192	7810960467386	5.0	-6.4651947021484375	25.0	18.0	
1504202944211	7810980608988	5.0	-7.0	25.0	18.0	
1504202944228	7811000750589	5.0	-7.0	24.117218017578125	18.0	
1504202944265	7811020892191	5.0	-7.0	24.0	18.0	
1504202944281	7811041033792	5.0	-7.0	24.0	18.0	
1504202944299	7811061175394	5.0	-6.624359130859375	24.0	18.0	
1504202944317	7811081316995	5.0	-6.0	24.0	18.0	
1504202944335	7811101458597	5.633270263671875	-6.0	24.0	18.0	
1504202944353	7811121600199	6.0	-6.0	24.0	18.0	
1504202944372	7811141741800	6.0	-6.0	24.0	18.0	
1504202944389	7811161883402	6.0	-6.0	24.0	18.0	
1504202944426	7811182025003	6.0	-6.0	23.0	18.0	
1504202944442	7811202166605	6.0	-6.0	23.0	18.0	
1504202944461	7811222308206	6.0	-6.0	23.0	18.0	
1504202944478	7811242449808	6.0	-6.0	23.0	18.0	
1504202944496	7811262591409	6.0	-6.0	23.0	18.0	
1504202944514	7811282733011	6.0	-6.0	23.610076904296875	18.0	
1504202944533	7811302874613	6.0	-6.0	24.0	18.0	
1504202944550	7811323016214	6.0	-6.0	24.0	18.0	
1504202944568	7811343157816	6.0	-6.0	24.0	18.0	
1504202944603	7811363299417	6.0420074462890625	-6.0	25.042007446289063	18.0	
1504202944621	7811383441019	7.0	-5.8489990234375	26.0	18.0	
1504202944640	7811403582620	7.0	-5.0	25.741180419921875	18.0	
1504202944657	7811423724222	7.0	-5.3674468994140625	25.0	18.0	
1504202944674	7811443865824	7.475616455078125	-6.0	25.475616455078125	18.0	
1504202944694	7811464007425	8.0	-6.0	26.0	18.0	
1504202944711	7811484149027	8.0	-6.6912689208984375	26.0	18.0	
1504202944729	7811504290628	8.0	-6.20001220703125	25.20001220703125	18.0	
1504202944746	7811524432230	8.90771484375	-6.0	24.09228515625	18.0	
1504202944782	7811544573831	9.016769409179688	-5.9832305908203125	22.983230590820313	18.0	
1504202944801	7811564715433	10.124160766601563	-5.0	22.0	18.0	
1504202944821	7811584857034	11.231918334960938	-4.7680816650390625	21.768081665039063	18.0	
1504202944835	7811604998636	12.340591430664063	-4.0	20.659408569335938	18.0	
1504202944857	7811625140238	13.8974609375	-4.0	20.0	18.0	
1504202944871	7811645281839	16.11407470703125	-4.0	20.0	18.0	
1504202944888	7811665423441	18.996627807617188	-4.0	19.334457397460938	18.0	
1504202944906	7811685565042	21.546966552734375	-4.0	18.226516723632813	18.0	
1504202944925	7811705706644	23.76171875	-4.0	18.0	18.0	
1504202944942	7811725848245	25.986480712890625	-4.9932403564453125	18.0	18.0	
1504202944978	7811745989847	29.120468139648438	-4.0	18.879531860351563	18.0	
1504202944996	7811766131449	30.256011962890625	-3.743988037109375	17.743988037109375	18.0	
1504202945015	7811786273050	31.390029907226563	-2.6099700927734375	16.219940185546875	18.0	
1504202945031	7811806414652	32.0	-2.0	13.951904296875	18.0	
1504202945050	7811826556253	32.65806579589844	-2.6580657958984375	12.341934204101563	18.0	
1504202945068	7811846697855	33.0	-3.0	11.207916259765625	18.0	
1504202945085	7811866839456	33.0	-3.0	10.073898315429688	18.0	
1504202945123	7811886981058	32.0	-2.9397735595703125	10.0	18.0	
1504202945144	7811907122659	31.80413818359375	-2.0	9.80413818359375	18.0	
1504202945157	7811927264261	30.67010498046875	-2.0	9.0	18.0	
1504202945175	7811947405863	30.0	-2.0	8.536087036132813	18.0	
1504202945192	7811967547464	29.402069091796875	-2.0	8.0	18.0	
1504202945210	7811987689066	28.268051147460938	-2.0	7.2680511474609375	18.0	
1504202945228	7812007830667	27.134033203125	-2.0	7.0	18.0	
1504202945246	7812027972269	27.0	-2.0	7.0	18.0	
1504202945286	7812048113870	25.865753173828125	-2.0	7.134246826171875	18.0	
1504202945299	7812068255472	25.0	-2.0	8.0	18.0	
1504202945317	7812088397074	24.596221923828125	-2.0	7.596221923828125	18.0	
1504202945339	7812108538675	24.0	-2.0	7.0	18.0	
1504202945353	7812128680277	24.0	-2.0	6.32818603515625	18.0	
1504202945372	7812148821878	24.0	-2.0	6.0	18.0	
1504202945389	7812168963480	23.060150146484375	-2.0	6.0	18.0	
1504202945424	7812189105081	23.0	-2.0	5.926116943359375	18.0	
1504202945443	7812209246683	22.791748046875	-2.0	5.0	18.0	
1504202945460	7812229388284	22.0	-2.0	4.6563720703125	18.0	
1504202945478	7812249529886	22.0	-2.0	4.0	18.0	
1504202945497	7812269671488	21.388320922851563	-2.0	4.0	18.0	
1504202945513	7812289813089	21.0	-2.0	3.254302978515625	18.0	
1504202945531	7812309954691	21.0	-2.0	3.0	18.0	
1504202945567	7812330096292	19.98626708984375	-2.0	3.0	18.0	
1504202945585	7812350237894	19.0	-2.0	3.0	18.0	
1504202945604	7812370379495	18.716506958007813	-2.0	3.0	18.0	
1504202945621	7812390521097	17.582489013671875	-2.0	3.417510986328125	18.0	
1504202945639	7812410662699	16.448455810546875	-2.0	4.0	18.0	
1504202945657	7812430804300	16.0	-2.6855621337890625	4.0	18.0	
1504202945675	7812450945902	15.180419921875	-3.0	3.180419921875	18.0	
1504202945693	7812471087503	14.046401977539063	-3.0	3.9535980224609375	18.0	
1504202945730	7812491229105	13.912384033203125	-3.0	4.0	18.0	
1504202945747	7812511370706	12.777969360351563	-3.0	4.0	18.0	
1504202945767	7812531512308	11.642623901367188	-3.0	4.0	18.0	
1504202945782	7812551653909	11.0	-3.0	4.49139404296875	18.0	
1504202945800	7812571795511	10.37457275390625	-3.0	5.0	18.0	
1504202945820	7812591937113	9.240554809570313	-3.0	5.7594451904296875	18.0	
1504202945835	7812612078714	9.0	-3.0	6.0	18.0	
1504202945872	7812632220316	7.9725189208984375	-3.0	7.0274810791015625	18.0	
1504202945889	7812652361917	6.8385009765625	-3.1614990234375	8.0	18.0	
1504202945907	7812672503519	5.7039642333984375	-4.0	8.296035766601563	18.0	
1504202945925	7812692645120	5.0	-4.0	9.0	18.0	
1504202945943	7812712786722	4.434722900390625	-4.0	9.565277099609375	18.0	
1504202945961	7812732928324	3.300689697265625	-4.0	10.0	18.0	
1504202945980	7812753069925	2.1666717529296875	-4.0	10.833328247070313	18.0	
1504202945997	7812773211527	1.03265380859375	-4.0	11.0	18.0	
1504202946032	7812793353128	36.38972473144531	-4.0	11.0	18.0	
1504202946054	7812813494730	358.76422119140625	-4.0	11.0	18.0	
1504202946070	7812833636331	357.6288757324219	-4.371124267578125	11.0	18.0	
1504202946087	7812853777933	356.494873046875	-5.0	11.505142211914063	18.0	
1504202946103	7812873919534	355.36083984375	-5.0	12.63916015625	18.0	
1504202946121	7812894061136	353.45361328125	-5.0	13.0	18.0	
1504202946140	7812914202738	352.0927734375	-5.0	13.907211303710938	18.0	
1504202946174	7812934344339	349.9587707519531	-5.0	15.041229248046875	18.0	
1504202946192	7812954485941	348.6495056152344	-5.0	16.175247192382813	18.0	
1504202946210	7812974627542	346.3804016113281	-5.0	17.0	18.0	
1504202946228	7812994769144	344.55499267578125	-5.0	17.44500732421875	18.0	
1504202946247	7813014910745	342.8419494628906	-5.0	18.579025268554688	18.0	
1504202946264	7813035052347	341.2869567871094	-5.0	19.713043212890625	18.0	
1504202946283	7813055193949	340.1529235839844	-5.0	20.0	18.0	
1504202946301	7813075335550	339.0189208984375	-5.0	20.981094360351563	18.0	
1504202946335	7813095477152	337.8848876953125	-5.0	21.0	18.0	
1504202946354	7813115618753	337.0	-5.0	21.249130249023438	18.0	
1504202946372	7813135760355	336.6161804199219	-5.0	22.0	18.0	
1504202946389	7813155901956	336.0	-5.0	22.0	18.0	
1504202946408	7813176043558	336.0	-5.0	22.652908325195313	18.0	
1504202946425	7813196185159	336.78692626953125	-5.0	23.786941528320313	18.0	
1504202946442	7813216326761	337.92095947265625	-5.0	24.0	18.0	
1504202946478	7813236468363	338.05499267578125	-5.0	25.0	18.0	
1504202946498	7813256609964	339.0	-5.0	25.0	18.0	
1504202946514	7813276751566	339.322998046875	-5.0	25.0	18.0	
1504202946532	7813296893167	340.0	-5.0	25.0	18.0	
1504202946552	7813317034769	340.5927734375	-5.0	25.0	18.0	
1504202946569	7813337176370	341.0	-5.0	25.0	18.0	
1504202946588	7813357317972	341.0	-5.0	25.0	18.0	
1504202946604	7813377459574	341.0	-5.0	25.0	18.0	
1504202946639	7813397601175	342.0	-5.0	25.0	18.0	
1504202946657	7813417742777	342.0	-5.0	25.0	18.0	
1504202946675	7813437884378	342.3975830078125	-5.0	25.0	18.0	
1504202946693	7813458025980	343.0	-5.0	25.0	18.0	
1504202946711	7813478167581	343.6666564941406	-5.0	25.0	18.0	
1504202946729	7813498309183	344.0	-5.0	25.0	18.0	
1504202946746	7813518450784	344.9346923828125	-5.0	25.0	18.0	
1504202946785	7813538592386	345.0687255859375	-5.0	25.0	18.0	
1504202946800	7813558733988	346.0	-5.0	25.0	18.0	
1504202946819	7813578875589	346.0	-5.0	25.0	18.0	
1504202946835	7813599017191	346.4715881347656	-5.0	25.0	18.0	
1504202946854	7813619158792	347.0	-5.0	24.394515991210938	18.0	
1504202946871	7813639300394	347.737548828125	-5.0	24.0	18.0	
1504202946890	7813659441995	348.0	-5.0	24.86224365234375	18.0	
1504202946908	7813679583597	348.98468017578125	-5.0	25.0	18.0	
1504202946944	7813699725199	349.0	-5.0	25.0	18.0	
1504202946967	7813719866800	349.2295837402344	-5.0	25.0	18.0	
1504202946979	7813740008402	350.0	-5.0	25.0	18.0	
1504202946996	7813760150003	350.4744873046875	-5.0	25.0	18.0	
1504202947015	7813780291605	351.0	-5.0	25.0	18.0	
1504202947032	7813800433206	351.0	-5.0	25.0	18.0	
1504202947054	7813820574808	351.8418273925781	-5.0	25.0	18.0	
1504202947068	7813840716409	352.0	-5.0	25.0	18.0	
1504202947105	7813860858011	352.08673095703125	-5.0	25.0	18.0	
1504202947122	7813880999613	353.0	-5.0	25.0	18.0	
1504202947141	7813901141214	353.33160400390625	-5.0	25.0	18.0	
1504202947158	7813921282816	354.0	-5.0	25.0	18.0	
1504202947175	7813941424417	354.0	-5.0	25.0	18.0	
1504202947193	7813961566019	354.698974609375	-5.0	25.0	18.0	
1504202947211	7813981707620	355.0	-5.0	25.0	18.0	
1504202947229	7814001849222	355.0	-5.0	25.0	18.0	
1504202947265	7814021990824	356.0	-5.0	25.0	18.0	
1504202947282	7814042132425	356.0	-5.0	25.0	18.0	
1504202947300	7814062274027	356.31292724609375	-5.0	25.0	18.0	
1504202947318	7814082415628	357.0	-5.0	25.0	18.0	
1504202947336	7814102557230	357.0	-5.0	25.0	18.0	
1504202947354	7814122698831	357.6802673339844	-5.0	25.0	18.0	
1504202947372	7814142840433	358.0	-5.0	25.0	18.0	
1504202947389	7814162982034	358.0	-5.0	25.0	18.0	
1504202947426	7814183123636	359.0	-5.0	25.0	18.0	
1504202947443	7814203265238	359.0	-5.0	25.0	18.0	
1504202947461	7814223406839	253.98855590820313	-5.0	25.0	18.0	
1504202947479	7814243548441	0.0	-5.0	25.0	18.0	
1504202947497	7814263690042	0.0	-5.0	25.0	18.0	
1504202947515	7814283831644	0.0	-5.0	25.0	18.0	
1504202947533	7814303973245	0.7823028564453125	-5.0	25.0	18.0	
1504202947551	7814324114847	1.0	-5.0	25.0	18.0	
1504202947588	7814344256449	1.0272064208984375	-5.0	25.0	18.0	
1504202947604	7814364398050	2.0	-5.0	25.0	18.0	
1504202947622	7814384539652	2.0	-5.0	25.0	18.0	
1504202947641	7814404681253	2.0	-5.0	25.0	18.0	
1504202947658	7814424822855	2.516998291015625	-5.0	25.0	18.0	
1504202947675	7814444964456	3.0	-5.0	25.0	18.0	
1504202947694	7814465106058	3.0	-5.0	25.0	18.0	
1504202947711	7814485247659	3.88604736328125	-5.0	25.0	18.0	
1504202947748	7814505389261	4.0	-5.0	25.0	18.0	
1504202947764	7814525530863	4.0	-5.0	25.0	18.0	
1504202947783	7814545672464	4.253387451171875	-5.0	25.0	18.0	
1504202947800	7814565814066	5.0	-5.0	25.0	18.0	
1504202947818	7814585955667	5.0	-5.0	25.0	18.0	
1504202947836	7814606097269	5.0	-5.0	25.0	18.0	
1504202947856	7814626238870	5.743194580078125	-5.0	25.0	18.0	
1504202947873	7814646380472	6.0	-5.0	25.0	18.0	
1504202947890	7814666522074	6.0	-5.0	25.0	18.0	
1504202947925	7814686663675	6.0	-5.0	25.0	18.0	
1504202947944	7814706805277	6.2329864501953125	-5.0	25.0	18.0	
1504202947969	7814726946878	7.0	-5.0	25.0	18.0	
1504202947981	7814747088480	7.0	-5.0	25.0	18.0	
1504202947997	7814767230081	7.0	-5.0	25.0	18.0	
1504202948015	7814787371683	7.7227783203125	-5.0	25.0	18.0	
1504202948033	7814807513284	8.0	-5.0	25.0	18.0	
1504202948051	7814827654886	8.0	-5.0	25.0	18.0	
1504202948086	7814847796488	8.090133666992188	-5.0	25.0	18.0	
1504202948104	7814867938089	9.0	-5.0	25.0	18.0	
1504202948121	7814888079691	9.0	-5.0	25.0	18.0	
1504202948140	7814908221292	9.0	-5.0	25.0	18.0	
1504202948157	7814928362894	9.0	-5.0	25.0	18.0	
1504202948177	7814948504495	9.704071044921875	-5.0	25.0	18.0	
1504202948193	7814968646097	10.0	-5.0	25.0	18.0	
1504202948211	7814988787699	10.0	-5.0	25.0	18.0	
1504202948246	7815008929300	10.0	-5.0	25.0	18.0	
1504202948283	7815029070902	10.193862915039063	-5.0	25.0	18.0	
1504202948292	7815049212503	11.0	-5.0	25.0	18.0	
1504202948300	7815069354105	11.0	-5.0	25.0	18.0	
1504202948318	7815089495706	11.0	-5.0	25.0	18.0	
1504202948337	7815109637308	11.0	-5.0	25.0	18.0	
1504202948356	7815129778909	11.0	-5.0	25.0	18.0	
1504202948376	7815149920511	11.928558349609375	-5.0	25.0	18.0	
1504202948409	7815170062113	12.0	-5.0	25.0	18.0	
1504202948426	7815190203714	12.0	-5.0	25.0	18.0	
1504202948443	7815210345316	12.0	-5.0	25.0	18.0	
1504202948461	7815230486917	12.418365478515625	-5.0	25.0	18.0	
1504202948479	7815250628519	13.0	-5.0	25.0	18.0	
1504202948498	7815270770120	13.0	-5.0	25.0	18.0	
1504202948514	7815290911722	13.0	-5.0	25.0	18.0	
1504202948532	7815311053324	13.0	-5.0	25.0	18.0	
1504202948568	7815331194925	13.0	-5.0	25.0	18.0	
1504202948586	7815351336527	13.154754638671875	-5.0	25.0	18.0	
1504202948604	7815371478128	14.0	-5.0	25.0	18.0	
1504202948622	7815391619730	14.0	-5.0	25.0	18.0	
1504202948639	7815411761331	14.0	-5.0	25.0	18.0	
1504202948659	7815431902933	14.0	-5.0	25.0	18.0	
1504202948676	7815452044534	14.0	-5.0	25.0	18.0	
1504202948693	7815472186136	14.889450073242188	-5.0	25.0	18.0	
1504202948729	7815492327738	15.0	-5.0	25.0	18.0	
1504202948747	7815512469339	15.0	-5.0	25.0	18.0	
1504202948764	7815532610941	15.0	-5.0	25.0	18.0	
1504202948783	7815552752542	15.0	-5.0	25.0	18.0	
1504202948801	7815572894144	15.0	-5.0	25.0	18.0	
1504202948821	7815593035745	15.6241455078125	-5.0	25.0	18.0	
1504202948837	7815613177347	16.0	-5.0	25.0	18.0	
1504202948855	7815633318949	16.0	-5.0	25.0	18.0	
1504202948874	7815653460550	16.0	-5.0	25.0	18.0	
1504202948909	7815673602152	16.0	-5.0	25.0	18.0	
1504202948926	7815693743753	16.0	-5.0	25.0	18.0	
1504202948944	7815713885355	16.0	-5.0	25.0	18.0	
1504202948962	7815734026956	16.0	-5.0	25.0	18.0	
1504202948981	7815754168558	16.603729248046875	-5.0	25.0	18.0	
1504202948997	7815774310159	17.0	-5.0	25.0	18.0	
1504202949016	7815794451761	17.0	-5.0	25.0	18.0	
1504202949034	7815814593363	17.0	-5.0	25.0	18.0	
1504202949069	7815834734964	17.0	-5.0	25.0	18.0	
1504202949087	7815854876566	17.0	-5.0	25.0	18.0	
1504202949106	7815875018167	17.0	-5.0	25.0	18.0	
1504202949122	7815895159769	17.0	-5.0	25.0	18.0	
1504202949141	7815915301370	17.58502197265625	-5.0	25.0	18.0	
1504202949158	7815935442972	18.0	-5.0	25.0	18.0	
1504202949176	7815955584574	18.0	-5.0	25.0	18.0	
1504202949193	7815975726175	18.0	-5.0	25.0	18.0	
1504202949229	7815995867777	18.0	-5.0	25.0	18.0	
1504202949250	7816016009378	18.0	-5.0	25.0	18.0	
1504202949273	7816036150980	18.0	-5.0	25.0	18.0	
1504202949283	7816056292581	18.0	-5.0	25.0	18.0	
1504202949303	7816076434183	18.0	-5.0	25.0	18.0	
1504202949319	7816096575784	18.0	-5.0	25.0	18.0	
1504202949336	7816116717386	18.934158325195313	-5.0	25.0	18.0	
1504202949372	7816136858988	19.0	-5.0	25.0	18.0	
1504202949390	7816157000589	19.0	-5.0	25.0	18.0	
1504202949410	7816177142191	19.0	-5.0	25.0	18.0	
1504202949426	7816197283792	19.0	-5.0	25.0	18.0	
1504202949444	7816217425394	19.0	-5.0	25.0	18.0	
1504202949463	7816237566995	19.0	-5.0	25.0	18.0	
1504202949497	7816257708597	19.0	-5.0	25.0	18.0	
1504202949515	7816277850199	19.0	-5.0	25.0	18.0	
1504202949533	7816297991800	19.498214721679688	-5.0	25.0	18.0	
1504202949552	7816318133402	20.0	-5.0	25.0	18.0	
1504202949569	7816338275003	20.0	-5.0	25.0	18.0	
1504202949587	7816358416605	20.0	-5.0	25.0	18.0	
1504202949624	7816378558206	20.0	-5.0	25.0	18.0	
1504202949640	7816398699808	20.0	-5.0	25.0	18.0	
1504202949657	7816418841409	20.0	-5.0	25.0	18.0	
1504202949676	7816438983011	20.0	-5.0	25.0	18.0	
1504202949694	7816459124613	20.0	-5.0	25.0	18.0	
1504202949711	7816479266214	20.0	-5.0	25.0	18.0	
1504202949730	7816499407816	20.0	-5.0	25.0	18.0	
1504202949747	7816519549417	20.0	-5.0	25.0	18.0	
1504202949785	7816539691019	21.0	-5.0	25.0	18.0	
1504202949801	7816559832620	21.0	-5.0	25.0	18.0	
1504202949819	7816579974222	21.0	-5.0	25.0	18.0	
1504202949837	7816600115824	21.0	-5.0	25.0	18.0	
1504202949855	7816620257425	21.0	-5.0	25.0	18.0	
1504202949872	7816640399027	21.0	-5.0	25.0	18.0	
1504202949892	7816660540628	21.0	-5.0	25.0	18.0	
1504202949908	7816680682230	21.0	-5.0	25.0	18.0	
1504202949945	7816700823831	21.0	-5.0	25.0	18.0	
1504202949961	7816720965433	21.0	-5.0	25.0	18.0	
1504202949979	7816741107034	21.0	-5.0	25.0	18.0	
1504202949997	7816761248636	21.0	-5.0	25.0	18.0	
1504202950015	7816781390238	21.0	-5.0	25.0	18.0	
1504202950033	7816801531839	21.0	-5.0	25.0	18.0	
1504202950053	7816821673441	21.819412231445313	-5.0	25.0	18.0	
1504202950069	7816841815042	22.0	-5.0	25.0	18.0	
1504202950104	7816861956644	22.0	-5.0	25.0	18.0	
1504202950122	7816882098245	22.0	-5.0	25.0	18.0	
1504202950140	7816902239847	22.0	-5.0	25.0	18.0	
1504202950159	7816922381449	22.0	-5.0	25.0	18.0	
1504202950176	7816942523050	22.0	-5.0	25.0	18.0	
1504202950194	7816962664652	22.0	-5.0	25.0	18.0	
1504202950214	7816982806253	22.0	-5.0	25.0	18.0	
1504202950230	7817002947855	22.0	-5.0	25.0	18.0	
1504202950266	7817023089456	22.0	-5.0	25.0	18.0	
1504202950283	7817043231058	22.0	-5.0	25.0	18.0	
1504202950301	7817063372659	22.306121826171875	-5.0	25.0	18.0	
1504202950320	7817083514261	23.0	-5.0	25.0	18.0	
1504202950337	7817103655863	23.0	-5.0	25.0	18.0	
1504202950355	7817123797464	23.0	-5.678009033203125	25.0	18.0	
1504202950374	7817143939066	23.0	-6.0	24.198989868164063	18.0	
1504202950390	7817164080667	23.0	-6.0	24.0	18.0	
1504202950427	7817184222269	23.0	-6.0	23.950607299804688	18.0	
1504202950444	7817204363870	23.0	-6.0	23.0	18.0	
1504202950462	7817224505472	23.0	-6.0	23.0	18.0	
1504202950482	7817244647074	23.0	-6.0	23.0	18.0	
1504202950498	7817264788675	23.0	-6.0	23.0	18.0	
1504202950520	7817284930277	23.0	-6.0	23.0	18.0	
1504202950535	7817305071878	23.0	-6.0	23.0	18.0	
1504202950551	7817325213480	23.0	-6.0	23.0	18.0	
1504202950586	7817345355081	23.0	-6.0	23.0	18.0	
1504202950604	7817365496683	23.0	-6.0	23.0	18.0	
1504202950622	7817385638284	23.0	-6.0	23.0	18.0	
1504202950642	7817405779886	23.0	-6.0	23.0	18.0	
1504202950658	7817425921488	23.0	-6.0	23.53662109375	18.0	
1504202950676	7817446063089	23.0	-6.0	24.0	18.0	
1504202950696	7817466204691	23.0	-6.0	24.0	18.0	
1504202950712	7817486346292	23.0	-6.0	24.0	18.0	
1504202950747	7817506487894	23.0	-6.0	24.0	18.0	
1504202950766	7817526629495	23.0	-6.0	24.0	18.0	
1504202950783	7817546771097	23.0	-6.0	24.0	18.0	
1504202950804	7817566912699	23.0	-6.0	24.0	18.0	
1504202950819	7817587054300	23.0	-6.0	24.0	18.0	
1504202950836	7817607195902	23.0	-6.0	24.0	18.0	
1504202950856	7817627337503	23.0	-6.0	24.0	18.0	
1504202950872	7817647479105	23.0	-5.10052490234375	24.0	18.0	
1504202950908	7817667620706	23.0	-5.0	24.0	18.0	
1504202950925	7817687762308	23.0	-5.0	24.0	18.0	
1504202950946	7817707903909	23.0	-5.0	24.0	18.0	
1504202950964	7817728045511	23.0	-5.0	24.0	18.0	
1504202950980	7817748187113	23.0	-5.0	24.0	18.0	
1504202950998	7817768328714	23.0	-5.0	24.0	18.0	
1504202951016	7817788470316	23.0	-4.2333984375	24.0	18.0	
1504202951034	7817808611917	23.0	-4.0	24.0	18.0	
1504202951070	7817828753519	23.0	-4.0	24.0	18.0	
1504202951086	7817848895120	23.0	-4.0	24.0	18.0	
1504202951104	7817869036722	23.0	-4.0	24.0	18.0	
1504202951123	7817889178324	23.0	-4.0	23.61395263671875	18.0	
1504202951141	7817909319925	23.0	-4.0	23.0	18.0	
1504202951161	7817929461527	23.0	-4.0	23.0	18.0	
1504202951182	7817949603128	23.0	-4.0	23.0	18.0	
1504202951197	7817969744730	23.0	-4.0	23.0	18.0	
1504202951229	7817989886331	23.0	-4.0	23.0	18.0	
1504202951249	7818010027933	23.0	-4.0	23.0	18.0	
1504202951265	7818030169534	23.0	-4.0	23.0	18.0	
1504202951284	7818050311136	23.0	-4.0	23.0	18.0	
1504202951301	7818070452738	23.0	-4.0	23.0	18.0	
1504202951319	7818090594339	23.0	-4.0	23.0	18.0	
1504202951337	7818110735941	23.0	-4.74957275390625	23.0	-1.0	
1504202951353	7818130877542	23.0	-5.0	22.1275634765625	-1.0	
1504202951371	7818151019144	23.0	-5.0	22.0	-1.0	
1504202951407	7818171160745	23.0	-4.0	21.0	-1.0	
1504202951427	7818191302347	23.0	-3.7551116943359375	20.510223388671875	-1.0	
1504202951445	7818211443949	22.632034301757813	-3.0	18.632034301757813	-1.0	
1504202951461	7818231585550	22.0	-3.0	17.507675170898438	-1.0	
1504202951480	7818251727152	22.0	-3.0	17.0	-1.0	
1504202951498	7818271868753	21.258956909179688	-3.7410430908203125	16.258956909179688	-1.0	
1504202951515	7818292010355	21.0	-4.0	16.863937377929688	-1.0	
1504202951532	7818312151956	21.0	-4.0	17.0	-1.0	
1504202951568	7818332293558	20.0	-4.0	17.0	-1.0	
1504202951586	7818352435159	20.0	-4.0	16.76361083984375	-1.0	
1504202951604	7818372576761	20.0	-4.3594512939453125	16.0	-1.0	
1504202951622	7818392718363	20.0	-5.0	16.0	-1.0	
1504202951640	7818412859964	20.0	-5.0	16.0	-1.0	
1504202951658	7818433001566	20.0	-5.0	15.268722534179688	-1.0	
1504202951675	7818453143167	20.0	-4.144805908203125	15.0	-1.0	
1504202951694	7818473284769	20.0	-4.0	15.0	-1.0	
1504202951729	7818493426370	20.0	-4.0	15.0	-1.0	
1504202951749	7818513567972	20.0	-4.0	15.0	-1.0	
1504202951766	7818533709574	19.649063110351563	-4.0	15.0	-1.0	
1504202951783	7818553851175	19.0	-4.0	15.0	-1.0	
1504202951800	7818573992777	19.0	-4.0	15.0	-1.0	
1504202951818	7818594134378	19.0	-3.2776947021484375	15.0	-1.0	
1504202951836	7818614275980	19.0	-3.0	15.0	-1.0	
1504202951853	7818634417581	19.0	-3.0	15.0	-1.0	
1504202951890	7818654559183	19.0	-3.0	15.0	-1.0	
1504202951907	7818674700784	19.0	-3.0	15.0	-1.0	
1504202951926	7818694834735	19.0	-3.0	15.0	-1.0	
1504202951943	7818714976337	19.0	-3.0	15.0	-1.0	
1504202951963	7818735117938	19.0	-3.0	15.0	-1.0	
1504202951981	7818755259540	19.0	-3.0	15.0	-1.0	
1504202951998	7818775401141	19.0	-3.0	15.0	-1.0	
1504202952015	7818795542743	19.0	-3.0	15.0	-1.0	
1504202952050	7818815684344	19.0	-3.0	15.0	-1.0	
1504202952068	7818835825946	19.0	-3.20953369140625	15.0	-1.0	
1504202952086	7818855967548	19.0	-4.0	15.0	-1.0	
1504202952103	7818876109149	19.0	-4.0	15.0	-1.0	
1504202952121	7818896250751	19.0	-4.0	15.0	-1.0	
1504202952140	7818916392352	19.0	-4.0	15.0	-1.0	
1504202952157	7818936533954	19.0	-4.0	15.0	-1.0	
1504202952175	7818956675555	18.047622680664063	-4.0	15.0	-1.0	
1504202952213	7818976817157	18.0	-4.0	15.0	-1.0	
1504202952229	7818996958758	18.0	-4.0	15.0	-1.0	
1504202952248	7819017100360	18.0	-4.0	15.0	-1.0	
1504202952266	7819037241962	18.0	-4.0	15.0	-1.0	
1504202952283	7819057383563	18.0	-4.0	15.0	-1.0	
1504202952301	7819077525165	18.0	-4.0	15.0	-1.0	
1504202952318	7819097666766	18.0	-4.0	15.0	-1.0	
1504202952336	7819117808368	18.0	-4.0	15.0	-1.0	
1504202952372	7819137949969	18.0	-5.0	15.0	-1.0	
1504202952390	7819158091571	18.0	-5.0	15.0	-1.0	
1504202952408	7819178233173	18.0	-5.0	15.0	-1.0	
1504202952425	7819198374774	18.0	-5.0	15.0	-1.0	
1504202952444	7819218516376	18.0	-5.563873291015625	14.436126708984375	-1.0	
1504202952461	7819238657977	18.0	-6.0	14.0	-1.0	
1504202952479	7819258799579	18.0	-6.0	14.0	-1.0	
1504202952497	7819278941180	18.0	-6.0	14.0	-1.0	
1504202952532	7819299082782	18.0	-6.0	14.0	-1.0	
1504202952550	7819319224383	18.0	-6.0	14.0	-1.0	
1504202952569	7819339365985	18.0	-6.0	14.0	-1.0	
1504202952586	7819359507587	18.0	-5.55670166015625	14.0	-1.0	
1504202952604	7819379649188	18.0	-5.0	14.0	-1.0	
1504202952623	7819399790790	18.0	-5.0	14.0	-1.0	
1504202952640	7819419932391	17.154647827148438	-5.0	14.0	-1.0	
1504202952658	7819440073993	17.0	-5.0	14.0	-1.0	
1504202952693	7819460215594	17.0	-5.0	14.0	-1.0	
1504202952711	7819480357196	17.0	-5.0	14.247421264648438	-1.0	
1504202952729	7819500498798	17.0	-5.0	14.618560791015625	-1.0	
1504202952748	7819520640399	16.484542846679688	-5.0	14.0	-1.0	
1504202952765	7819540782001	16.0	-5.0	14.0	-1.0	
1504202952784	7819560923602	16.0	-5.0	14.0	-1.0	
1504202952801	7819581065204	16.0	-5.0	14.0	-1.0	
1504202952836	7819601206805	16.0	-5.0	14.0	-1.0	
1504202952854	7819621348407	16.0	-5.0	14.0	-1.0	
1504202952872	7819641490008	16.0	-5.0	14.319580078125	-1.0	
1504202952891	7819661631610	16.0	-5.0	15.0	-1.0	
1504202952908	7819681773212	16.0	-5.0	15.0	-1.0	
1504202952926	7819701914813	16.0	-5.0	15.0	-1.0	
1504202952944	7819722056415	16.0	-5.0	15.0	-1.0	
1504202952961	7819742198016	16.0	-5.0	15.0	-1.0	
1504202952997	7819762339618	16.0	-4.0	15.0	-1.0	
1504202953016	7819782481219	16.0	-4.0	15.0	-1.0	
1504202953032	7819802622821	16.0	-4.0	15.391738891601563	-1.0	
1504202953051	7819822764423	16.0	-4.0	16.0	-1.0	
1504202953068	7819842906024	16.0	-3.3402099609375	16.0	-1.0	
1504202953086	7819863047626	16.0	-3.0	16.0	-1.0	
1504202953104	7819883189227	16.0	-3.0	16.0	-1.0	
1504202953140	7819903330829	16.0	-2.9381561279296875	17.0	-1.0	
1504202953158	7819923472430	16.0	-2.0	17.0	-1.0	
1504202953176	7819943614032	16.0	-1.67010498046875	17.0	-1.0	
1504202953193	7819963755633	16.0	-1.0	17.0	-1.0	
1504202953211	7819983897235	16.0	-1.0	17.0	-1.0	
1504202953229	7820004038837	16.0	-1.0	17.0	-1.0	
1504202953247	7820024180438	16.0	-1.0	17.0	-1.0	
1504202953265	7820044322040	16.0	-1.0	17.0	-1.0	
1504202953301	7820064463641	16.0	-1.0	17.134017944335938	-1.0	
1504202953318	7820084605243	16.0	-1.0	18.0	-1.0	
1504202953336	7820104746844	16.0	-0.5979461669921875	18.0	-1.0	
1504202953354	7820124888446	16.0	0.0	18.0	-1.0	
1504202953373	7820145030048	16.0	0.0	18.0	-1.0	
1504202953390	7820165171649	16.0	0.0	18.0	-1.0	
1504202953408	7820185313251	16.938140869140625	0.0	18.0	-1.0	
1504202953443	7820205454852	17.0	0.0	18.0	-1.0	
1504202953461	7820225596454	17.0	0.0	18.0	-1.0	
1504202953479	7820245738055	17.0	0.0	18.0	-1.0	
1504202953497	7820265879657	17.0	0.0	18.0	-1.0	
1504202953515	7820286021258	17.608245849609375	0.0	18.0	-1.0	
1504202953533	7820306162860	18.0	0.0	18.0	-1.0	
1504202953550	7820326304462	18.0	0.0	18.0	-1.0	
1504202953586	7820346446063	18.0	0.0	18.0	-1.0	
1504202953604	7820366587665	18.0	0.0	18.0	-1.0	
1504202953622	7820386729266	18.0	0.0	18.0	-1.0	
1504202953640	7820406870868	18.0	0.0	18.0	-1.0	
1504202953657	7820427012469	18.0	0.0	18.0	-1.0	
1504202953675	7820447154071	18.680404663085938	0.0	18.680404663085938	-1.0	
1504202953694	7820467295673	19.0	0.0	19.0	-1.0	
1504202953711	7820487437274	19.0	0.0	19.0	-1.0	
1504202953747	7820507578876	19.0	0.0	20.0	-1.0	
1504202953771	7820527720477	19.21649169921875	0.0	20.0	-1.0	
1504202953782	7820547862079	20.0	0.0	20.0	-1.0	
1504202953803	7820568003680	20.0	0.0	20.0	-1.0	
1504202953818	7820588145282	20.0	0.0	20.0	-1.0	
1504202953836	7820608286883	20.0	0.0	20.0	-1.0	
1504202953854	7820628428485	20.0	0.0	20.0	-1.0	
1504202953890	7820648570087	20.0	0.0	20.0	-1.0	
1504202953908	7820668711688	20.154632568359375	0.0	20.154632568359375	-1.0	
1504202953925	7820688853290	21.0	0.0	20.711349487304688	-1.0	
1504202953943	7820708994891	21.0	0.0	20.0	-1.0	
1504202953961	7820729136493	21.0	0.0	20.0	-1.0	
1504202953982	7820749278094	21.0	0.0	20.0	-1.0	
1504202953997	7820769419696	21.0	0.0	20.0	-1.0	
1504202954015	7820789561298	21.0	0.0	20.0	-1.0	
1504202954051	7820809702899	22.0	0.0	20.0	-1.0	
1504202954071	7820829844501	22.0	0.0	20.0	-1.0	
1504202954086	7820849986102	22.0	0.0	20.0	-1.0	
1504202954105	7820870127704	22.0	0.0	20.0	-1.0	
1504202954123	7820890269305	22.0	0.0	20.0	-1.0	
1504202954140	7820910410907	22.0	0.0	20.0	-1.0	
1504202954157	7820930552508	22.0	0.0	20.0	-1.0	
1504202954194	7820950694110	23.0	0.0	20.0	-1.0	
1504202954211	7820970835712	23.0	0.0	20.0	-1.0	
1504202954229	7820990977313	23.0	0.0	20.298965454101563	-1.0	
1504202954248	7821011118915	23.0	0.0	21.0	-1.0	
1504202954276	7821031260516	23.0	0.0	21.0	-1.0	
1504202954284	7821051402118	23.0	0.0	20.298980712890625	-1.0	
1504202954301	7821071543719	23.0	0.0	20.0	-1.0	
1504202954320	7821091685321	23.969070434570313	0.0	20.0	-1.0	
1504202954354	7821111826923	24.0	0.0	20.0	-1.0	
1504202954372	7821131968524	24.0	0.0	20.0	-1.0	
1504202954390	7821152110126	24.0	0.0	20.0	-1.0	
1504202954408	7821172251727	24.0	0.0	20.0	-1.0	
1504202954426	7821192393329	24.0	0.0	19.36083984375	-1.0	
1504202954444	7821212534930	24.0	0.0	19.0	-1.0	
1504202954462	7821232676532	24.0	0.0	19.907211303710938	-1.0	
1504202954498	7821252818133	24.0	0.0	21.0	-1.0	
1504202954515	7821272959735	24.0	0.0	21.0	-1.0	
1504202954533	7821293101337	24.0	0.0	21.30926513671875	-1.0	
1504202954551	7821313242938	24.438766479492188	0.0	22.0	-1.0	
1504202954570	7821333384540	25.0	0.0	22.0	-1.0	
1504202954587	7821353526141	25.0	0.0	22.600631713867188	-1.0	
1504202954605	7821373667743	25.0	0.0	23.0	-1.0	
1504202954622	7821393809344	25.0	0.0	22.309036254882813	-1.0	
1504202954639	7821413950946	25.0	0.0	22.0	-1.0	
1504202954658	7821434092548	25.0	0.0	22.0	-1.0	
1504202954675	7821454234149	25.0	0.0	22.0	-1.0	
1504202954693	7821474375751	25.871826171875	0.0	22.0	-1.0	
1504202954712	7821494517352	26.0	0.0	22.0	-1.0	
1504202954747	7821514658954	26.0	0.0	22.0	-1.0	
1504202954766	7821534800555	26.0	0.0	22.0	-1.0	
1504202954783	7821554942157	26.0	0.0	22.0	-1.0	
1504202954802	7821575083758	26.0	0.0	22.544967651367188	-1.0	
1504202954822	7821595225360	26.0	0.0	23.0	-1.0	
1504202954837	7821615366962	26.0	0.0	23.0	-1.0	
1504202954855	7821635508563	26.0	0.0	23.0	-1.0	
1504202954890	7821655650165	27.0	0.0	23.0	-1.0	
1504202954908	7821675791766	27.0	0.0	23.0	-1.0	
1504202954928	7821695933368	27.0	0.0	23.0	-1.0	
1504202954945	7821716074969	27.0	0.0	23.0	-1.0	
1504202954962	7821736216571	27.0	0.0	23.0	-1.0	
1504202954982	7821756358173	27.821792602539063	0.0	22.178207397460938	-1.0	
1504202954997	7821776499774	28.0	0.0	22.0	-1.0	
1504202955034	7821796641376	28.0	0.0	22.0	-1.0	
1504202955051	7821816782977	28.0	0.0	21.752609252929688	-1.0	
1504202955070	7821836924579	28.0	0.0	21.0	-1.0	
1504202955088	7821857066180	28.0	0.0	21.0	-1.0	
1504202955109	7821877207782	28.0	0.0	21.0	-1.0	
1504202955123	7821897349383	28.0	0.0	21.0	-1.0	
1504202955143	7821917490985	28.956741333007813	0.0	21.0	-1.0	
1504202955176	7821937632587	29.0	0.0	21.0	-1.0	
1504202955194	7821957774188	29.0	0.0	21.0	-1.0	
1504202955211	7821977915790	29.0	0.0	21.0	-1.0	
1504202955229	7821998057391	29.0	0.0	21.0	-1.0	
1504202955248	7822018198993	29.0	0.0	21.0	-1.0	
1504202955265	7822038340594	29.0	0.0	21.0	-1.0	
1504202955287	7822058482196	29.0	0.0	21.0	-1.0	
1504202955319	7822078623798	29.0	0.0	21.0	-1.0	
1504202955336	7822098765399	29.0	0.0	21.0	-1.0	
1504202955354	7822118907001	29.0	0.0	21.0	-1.0	
1504202955372	7822139048602	29.0	0.0	21.0	-1.0	
1504202955390	7822159190204	29.0	0.0	21.0	-1.0	
1504202955408	7822179331805	29.0	0.0	21.0	-1.0	
1504202955425	7822199473407	29.0	0.0	21.0	-1.0	
1504202955462	7822219615008	29.0	0.0	21.0	-1.0	
1504202955479	7822239756610	29.0	0.0	21.0	-1.0	
1504202955498	7822259898212	29.368499755859375	0.0	21.0	-1.0	
1504202955516	7822280039813	30.0	0.0	21.0	-1.0	
1504202955533	7822300181415	30.0	0.0	21.0	-1.0	
1504202955553	7822320323016	30.0	0.0	21.0	-1.0	
1504202955571	7822340464618	30.0	0.0	20.06402587890625	-1.0	
1504202955605	7822360606219	30.0	0.0	21.0	-1.0	
1504202955622	7822380747821	30.0	0.0	21.0	-1.0	
1504202955640	7822400889423	30.0	0.0	21.0	-1.0	
1504202955658	7822421031024	30.0	0.0	21.0	-1.0	
1504202955675	7822441172626	30.0	0.0	21.0	-1.0	
1504202955694	7822461314227	30.0	0.0	21.0	-1.0	
1504202955712	7822481455829	30.0	0.0	21.0	-1.0	
1504202955731	7822501597430	30.0	0.0	21.8900146484375	-1.0	
1504202955766	7822521739032	30.0	0.0	21.0	-1.0	
1504202955785	7822541880633	30.0	0.0	21.0	-1.0	
1504202955805	7822562022235	30.0	0.0	21.0	-1.0	
1504202955822	7822582163837	30.0	0.0	21.0	-1.0	
1504202955837	7822602305438	30.0	0.0	21.0	-1.0	
1504202955855	7822622447040	30.0	0.0	21.0	-1.0	
1504202955873	7822642588641	30.0	0.0	21.695938110351563	-1.0	
1504202955891	7822662730243	30.0	0.0	22.0	-1.0	
1504202955908	7822682871844	30.0	0.0	22.0	-1.0	
1504202955944	7822703013446	30.0	0.0	22.0	-1.0	
1504202955962	7822723155048	30.0	0.0	22.0	-1.0	
1504202955980	7822743296649	30.271957397460938	0.0	22.0	-1.0	
1504202955997	7822763438251	31.0	0.0	22.386810302734375	-1.0	
1504202956015	7822783579852	31.0	0.0	23.0	-1.0	
1504202956034	7822803721454	31.0	0.0	23.0	-1.0	
1504202956055	7822823863055	31.0	0.0	23.0	-1.0	
1504202956077	7822844004657	31.0	0.0	23.0	-1.0	
1504202956087	7822864146258	31.0	0.0	23.0	-1.0	
1504202956122	7822884287860	31.0	0.0	23.0	-1.0	
1504202956140	7822904429462	31.0	-0.19256591796875	23.19256591796875	-1.0	
1504202956158	7822924571063	31.0	-1.0	24.0	-1.0	
1504202956176	7822944712665	31.0	-1.0	24.0	-1.0	
1504202956194	7822964854266	31.0	-1.0	24.0	-1.0	
1504202956212	7822984995868	31.0	-1.0	24.0	-1.0	
1504202956229	7823005137469	31.0	-1.0	24.0	-1.0	
1504202956248	7823025279071	31.0	-1.0	24.0	-1.0	
1504202956266	7823045420673	31.0	-1.0	24.0	-1.0	
1504202956301	7823065562274	31.0	-1.0	25.0	-1.0	
1504202956319	7823085703876	31.0	-1.0	25.0	-1.0	
1504202956337	7823105845477	31.0	-1.0	25.0	-1.0	
1504202956355	7823125987079	31.0	-1.0	24.540542602539063	-1.0	
1504202956374	7823146128680	31.0	-1.0	24.0	-1.0	
1504202956391	7823166270282	31.0	-1.0	24.0	-1.0	
1504202956408	7823186411883	31.0	-1.0	24.0	-1.0	
1504202956426	7823206553485	31.0	-1.0	24.0	-1.0	
1504202956462	7823226695087	31.0	-1.0	25.0	-1.0	
1504202956480	7823246836688	31.0	-1.0	25.0	-1.0	
1504202956498	7823266978290	31.0	-1.0	25.0	-1.0	
1504202956516	7823287119891	31.0	-1.0	25.0	-1.0	
1504202956534	7823307261493	31.0	-1.0	25.0	-1.0	
1504202956551	7823327403094	31.0	-1.0	25.0	-1.0	
1504202956571	7823347544696	31.0	-1.0	25.0	-1.0	
1504202956587	7823367686298	31.0	-1.0	25.0	-1.0	
1504202956623	7823387827899	31.0	-1.0	25.0	-1.0	
1504202956640	7823407969501	31.0	-1.0	25.0	-1.0	
1504202956658	7823428111102	31.0	-1.0	25.0	-1.0	
1504202956676	7823448252704	31.0	-1.0	25.0	-1.0	
1504202956694	7823468394305	31.542953491210938	-1.0	25.0	-1.0	
1504202956711	7823488535907	32.0	-1.0	25.0	-1.0	
1504202956729	7823508677508	32.0	-1.0	25.0	-1.0	
1504202956748	7823528819110	32.0	-1.0	25.0	-1.0	
1504202956783	7823548960712	32.0	-1.0	25.0	-1.0	
1504202956801	7823569102313	32.0	-1.0	25.0	-1.0	
1504202956818	7823589243915	32.0	-1.0	25.0	-1.0	
1504202956837	7823609385516	32.0	-1.0	25.0	-1.0	
1504202956855	7823629527118	32.0	-1.0	25.0	-1.0	
1504202956872	7823649668719	32.0	-1.0	25.0	-1.0	
1504202956890	7823669810321	32.0	-1.0	25.884872436523438	-1.0	
1504202956926	7823689951923	32.0	-1.0	26.0	-1.0	
1504202956944	7823710093524	32.0	-1.0	26.0	-1.0	
1504202956962	7823730235126	32.0	-1.0	25.713058471679688	-1.0	
1504202956980	7823750376727	32.0	-1.0	25.42095947265625	-1.0	
1504202956998	7823770518329	32.0	-1.0	26.0	-1.0	
1504202957015	7823790659930	32.0	-1.0	26.0	-1.0	
1504202957033	7823810801532	32.0	-1.0	26.0	-1.0	
1504202957051	7823830943133	32.0	-1.0	26.0	-1.0	
1504202957088	7823851084735	32.0	-1.0	25.908935546875	-1.0	
1504202957104	7823871226337	32.0	-1.0	25.0	-1.0	
1504202957123	7823891367938	32.0	-1.0	25.0	-1.0	
1504202957141	7823911509540	32.0	-1.0	25.0	-1.0	
1504202957158	7823931651141	32.0	-1.0	25.0	-1.0	
1504202957177	7823951792743	32.0	-1.0	25.0	-1.0	
1504202957194	7823971934344	32.0	-1.0	25.0	-1.0	
1504202957230	7823992075946	32.0	-1.0	25.0	-1.0	
1504202957247	7824012217548	32.0	-1.0	25.0	-1.0	
1504202957265	7824032359149	32.0	-1.0	25.0	-1.0	
1504202957284	7824052500751	32.0	-1.0	25.0	-1.0	
1504202957301	7824072642352	32.0	-1.0	24.432998657226563	-1.0	
1504202957320	7824092783954	32.0	-1.0	24.0	-1.0	
1504202957337	7824112925555	32.0	-1.0	24.0	-1.0	
1504202957354	7824133067157	32.0	-1.0	24.0	-1.0	
1504202957390	7824153208758	32.0	-1.0	24.0	-1.0	
1504202957409	7824173350360	32.0	-1.0	24.0	-1.0	
1504202957426	7824193491962	32.0	-1.0	24.0	-1.0	
1504202957444	7824213633563	32.0	-1.0	24.0	-1.0	
1504202957462	7824233775165	32.0	-1.0	24.0	-1.0	
1504202957480	7824253916766	32.0	-1.0	24.0	-1.0	
1504202957498	7824274058368	32.0	-1.0	24.0	-1.0	
1504202957533	7824294199969	32.0	-1.0	24.0	-1.0	
1504202957551	7824314341571	32.0	-1.0	24.0	-1.0	
1504202957570	7824334483173	32.0	-1.0	24.0	-1.0	
1504202957586	7824354624774	32.0	-1.0	24.0	-1.0	
1504202957605	7824374766376	32.0	-1.0	24.0	-1.0	
1504202957622	7824394907977	32.0	-1.0	24.0	-1.0	
1504202957640	7824415049579	32.0	-1.0	24.0	-1.0	
1504202957659	7824435191180	32.0	-1.0	24.0	-1.0	
1504202957694	7824455332782	32.0	-1.0	24.0	-1.0	
1504202957712	7824475474383	32.0	-1.0	24.0	-1.0	
1504202957729	7824495615985	32.0	-1.0	24.0	-1.0	
1504202957747	7824515757587	32.0	-1.0	24.0	-1.0	
1504202957766	7824535899188	32.0	-1.0	24.652908325195313	-1.0	
1504202957783	7824556040790	32.0	-1.0	25.0	-1.0	
1504202957801	7824576182391	32.0	-1.0	25.0	-1.0	
1504202957838	7824596323993	32.0	-1.0	25.0	-1.0	
1504202957855	7824616465594	32.0	-1.0	25.0	-1.0	
1504202957873	7824636607196	32.0	-1.0	25.0	-1.0	
1504202957890	7824656748798	32.0	-1.0	25.0	-1.0	
1504202957908	7824676890399	32.0	-1.0	25.0	-1.0	
1504202957926	7824697032001	32.0	-1.0	25.0	-1.0	
1504202957944	7824717173602	32.0	-1.0	25.0	-1.0	
1504202957962	7824737315204	32.0	-1.0	25.0	-1.0	
1504202957998	7824757456805	32.12713623046875	-1.0	25.0	-1.0	
1504202958015	7824777598407	33.0	-1.0	25.0	-1.0	
1504202958033	7824797740008	33.0	-1.0	25.0	-1.0	
1504202958052	7824817881610	33.0	-1.0	25.0	-1.0	
1504202958070	7824838023212	33.0	-1.0	25.0	-1.0	
1504202958090	7824858164813	33.0	-1.0	24.201034545898438	-1.0	
1504202958107	7824878306415	33.0	-1.0	24.0	-1.0	
1504202958142	7824898448016	33.0	-1.0	24.0	-1.0	
1504202958159	7824918589618	33.0	-1.0	24.0	-1.0	
1504202958176	7824938731219	33.0	-1.0	24.0	-1.0	
1504202958194	7824958872821	33.0	-1.0	24.0	-1.0	
1504202958212	7824979014423	33.0	-1.0	24.0	-1.0	
1504202958230	7824999156024	33.0	-1.0	24.0	-1.0	
1504202958248	7825019297626	33.0	-1.0	24.0	-1.0	
1504202958284	7825039439227	33.0	-1.0	24.0	-1.0	
1504202958303	7825059580829	33.0	-1.0	24.0	-1.0	
1504202958319	7825079722430	33.0	-1.0	24.0	-1.0	
1504202958342	7825099864032	33.0	-1.0	24.0	-1.0	
1504202958356	7825120005633	33.0	-1.0	24.0	-1.0	
1504202958373	7825140147235	33.0	-1.0	24.0	-1.0	
1504202958392	7825160288837	33.0	-1.0	24.0	-1.0	
1504202958409	7825180430438	33.0	-1.0	24.0	-1.0	
1504202958444	7825200572040	33.0	-1.0	24.0	-1.0	
1504202958461	7825220713641	33.0	-1.0	24.0	-1.0	
1504202958479	7825240855243	33.0	-1.0	24.0	-1.0	
1504202958498	7825260996844	33.0	-1.0	24.0	-1.0	
1504202958516	7825281138446	33.0	-1.0	24.0	-1.0	
1504202958533	7825301280048	32.28886413574219	-1.0	24.0	-1.0	
1504202958552	7825321421649	32.0	-1.0	24.0	-1.0	
1504202958572	7825341563251	32.0	-1.0	24.0	-1.0	
1504202958606	7825361704852	32.0	-1.0	24.0	-1.0	
1504202958623	7825381846454	32.0	-1.0	24.0	-1.0	
1504202958640	7825401988055	32.0	-1.0	24.0	-1.0	
1504202958659	7825422129657	32.0	-1.0	24.0	-1.0	
1504202958677	7825442271258	32.0	-1.0	24.0	-1.0	
1504202958694	7825462412860	31.368255615234375	-1.0	23.368255615234375	-1.0	
1504202958712	7825482554462	31.0	-1.0	23.0	-1.0	
1504202958730	7825502696063	31.0	-1.0	23.0	-1.0	
1504202958747	7825522837665	31.0	-1.0	23.0	-1.0	
1504202958784	7825542979266	31.0	-1.0	23.0	-1.0	
1504202958802	7825563120868	31.0	-1.0	23.0	-1.0	
1504202958819	7825583262469	30.679061889648438	-1.0	22.679061889648438	-1.0	
1504202958840	7825603404071	30.0	-1.0	22.0	-1.0	
1504202958856	7825623545673	30.0	-1.0	22.0	-1.0	
1504202958874	7825643687274	30.0	-1.0	22.0	-1.0	
1504202958891	7825663828876	30.0	-1.0	22.0	-1.0	
1504202958908	7825683970477	30.0	-1.0	22.0	-1.0	
1504202958944	7825704112079	30.0	-1.0	22.0	-1.0	
1504202958963	7825724253680	30.0	-1.0	22.0	-1.0	
1504202958981	7825744395282	30.0	-1.0	22.0	-1.0	
1504202958997	7825764536883	30.0	-1.0	21.643585205078125	-1.0	
1504202959016	7825784678485	30.0	-1.0	21.0	-1.0	
1504202959034	7825804820087	30.0	-1.0	21.0	-1.0	
1504202959053	7825824961688	30.0	-1.0	21.0	-1.0	
1504202959071	7825845103290	30.0	-1.0	21.0	-1.0	
1504202959087	7825865244891	30.0	-1.0	21.0	-1.0	
1504202959123	7825885386493	30.0	-1.0	22.0	-1.0	
1504202959141	7825905528094	30.0	-1.0	22.0	-1.0	
1504202959159	7825925669696	30.0	-1.0	22.0	-1.0	
1504202959176	7825945811298	30.0	-1.0	22.0	-1.0	
1504202959194	7825965952899	30.0	-1.0	22.0	-1.0	
1504202959213	7825986094501	30.0	-1.0	22.0	-1.0	
1504202959230	7826006236102	30.0	-1.0	22.0	-1.0	
1504202959248	7826026377704	30.0	-1.0	22.0	-1.0	
1504202959266	7826046519305	30.0	-1.0	22.0	-1.0	
1504202959301	7826066660907	30.0	-1.0	22.0	-1.0	
1504202959320	7826086802508	30.0	-1.0	22.0	-1.0	
1504202959337	7826106944110	30.0	-1.0	22.0	-1.0	
1504202959355	7826127085712	30.0	-1.0	22.0	-1.0	
1504202959374	7826147227313	30.0	-1.0	22.0	-1.0	
1504202959391	7826167368915	30.0	-1.0	22.0	-1.0	
1504202959408	7826187510516	30.0	-1.0	22.0	-1.0	
1504202959426	7826207652118	30.0	-1.0	22.0	-1.0	
1504202959463	7826227793719	30.0	-1.0	22.0	-1.0	
1504202959481	7826247935321	30.0	-1.0	22.0	-1.0	
1504202959498	7826268076923	30.0	-1.0	22.0	-1.0	
1504202959515	7826288218524	30.0	-1.0	22.0	-1.0	
1504202959534	7826308360126	30.0	-1.0	22.0	-1.0	
1504202959551	7826328501727	30.0	-1.0	22.0	-1.0	
1504202959572	7826348643329	30.0	-1.0	22.0	-1.0	
1504202959588	7826368784930	30.0	-1.0	22.0	-1.0	
1504202959625	7826388926532	30.0	-1.0	22.0	-1.0	
1504202959641	7826409068133	30.0	-1.0	22.0	-1.0	
1504202959659	7826429209735	30.0	-1.0	22.0	-1.0	
1504202959677	7826449351337	30.0	-1.0	22.0	-1.0	
1504202959695	7826469492938	30.0	-1.0	22.0	-1.0	
1504202959712	7826489634540	30.0	-1.0	22.0	-1.0	
1504202959730	7826509776141	30.0	-1.0	22.0	-1.0	
1504202959767	7826529917743	30.0	-1.0	21.003433227539063	-1.0	
1504202959783	7826550059344	30.0	-1.0	22.0	-1.0	
1504202959802	7826570200946	30.0	-1.0	21.728530883789063	-1.0	
1504202959820	7826590342548	30.0	-1.0	21.0	-1.0	
1504202959837	7826610484149	30.0	-1.0	21.0	-1.0	
1504202959856	7826630625751	30.0	-1.0	21.0	-1.0	
1504202959874	7826650767352	30.0	-1.0	21.0	-1.0	
1504202959892	7826670908954	30.0	-1.0	21.0	-1.0	
1504202959928	7826691050555	30.0	-1.0	21.0	-1.0	
1504202959944	7826711192157	30.0	-1.0	21.0	-1.0	
1504202959963	7826731333758	30.0	-1.0	21.0	-1.0	
1504202959981	7826751475360	30.0	-1.0	21.0	-1.0	
1504202959998	7826771616962	30.0	-1.0	21.0	-1.0	
1504202960017	7826791758563	30.0	-1.0	21.0	-1.0	
1504202960034	7826811900165	30.0	-1.0	21.0	-1.0	
1504202960072	7826832041766	30.0	-2.0	21.0	-1.0	
1504202960088	7826852183368	30.0	-2.0	21.0	-1.0	
1504202960106	7826872324969	30.0	-2.0	21.0	-1.0	
1504202960124	7826892466571	30.0	-2.0	21.0	-1.0	
1504202960141	7826912608173	30.0	-2.0	21.0	-1.0	
1504202960159	7826932749774	30.0	-2.0	21.0	-1.0	
1504202960177	7826952891376	30.0	-2.0	21.0	-1.0	
1504202960195	7826973032977	30.0	-2.0	21.0	-1.0	
1504202960230	7826993174579	30.0	-2.0	21.0	-1.0	
1504202960248	7827013316180	30.0	-2.0	21.0	-1.0	
1504202960265	7827033457782	30.0	-2.0	21.0	-1.0	
1504202960284	7827053599383	30.0	-2.0	21.0	-1.0	
1504202960302	7827073740985	30.0	-2.0	21.0	-1.0	
1504202960319	7827093882587	30.0	-2.0	21.0	-1.0	
1504202960338	7827114024188	30.0	-2.0	21.0	-1.0	
1504202960373	7827134165790	30.0240478515625	-2.0	21.0	-1.0	
1504202960391	7827154307391	31.0	-2.1580657958984375	21.0	-1.0	
1504202960409	7827174448993	31.0	-3.0	21.0	-1.0	
1504202960426	7827194590594	31.0	-3.0	20.573898315429688	-1.0	
1504202960444	7827214732196	31.0	-3.5601348876953125	20.0	-1.0	
1504202960462	7827234873798	31.0	-4.0	20.0	-1.0	
1504202960480	7827255015399	31.0	-4.0	20.0	-1.0	
1504202960498	7827275157001	31.0	-4.962188720703125	20.0	-1.0	
1504202960533	7827295298602	31.0	-5.0	19.0	-1.0	
1504202960552	7827315440204	31.0	-5.0	19.0	-1.0	
1504202960572	7827335581805	31.0	-5.0	19.3642578125	-1.0	
1504202960588	7827355723407	31.0	-5.0	20.0	-1.0	
1504202960606	7827375865008	31.0	-5.0	19.367706298828125	-1.0	
1504202960623	7827396006610	31.0	-5.0	19.0	-1.0	
1504202960641	7827416148212	31.0	-5.0	19.0	-1.0	
1504202960676	7827436289813	30.0	-5.0	19.0	-1.0	
1504202960695	7827456431415	30.0	-5.0	19.0	-1.0	
1504202960712	7827476573016	30.0	-5.0	19.0	-1.0	
1504202960730	7827496714618	30.0	-5.0	19.0	-1.0	
1504202960748	7827516856219	30.0	-5.0	19.0	-1.0	
1504202960766	7827536997821	30.0	-5.0	19.0	-1.0	
1504202960784	7827557139423	30.0	-5.0	18.161514282226563	-1.0	
1504202960801	7827577281024	29.027496337890625	-5.0	18.0	-1.0	
1504202960838	7827597422626	29.0	-5.0	18.0	-1.0	
1504202960856	7827617564227	29.0	-5.0	18.0	-1.0	
1504202960873	7827637705829	29.0	-5.0	18.374557495117188	-1.0	
1504202960891	7827657847430	29.0	-4.4914093017578125	19.0	-1.0	
1504202960908	7827677989032	29.0	-4.0	19.0	-1.0	
1504202960927	7827698130633	29.0	-4.0	19.776626586914063	-1.0	
1504202960944	7827718272235	29.0	-4.0	20.0	-1.0	
1504202960981	7827738413837	29.0	-4.0446624755859375	19.0	-1.0	
1504202960998	7827758555438	29.0	-5.0	19.0	-1.0	
1504202961016	7827778697040	28.687286376953125	-5.0	19.0	-1.0	
1504202961034	7827798838641	28.0	-5.0	19.0	-1.0	
1504202961051	7827818980243	28.0	-5.0	19.0	-1.0	
1504202961070	7827839121844	28.0	-5.0	19.0	-1.0	
1504202961088	7827859263446	28.0	-5.0	19.0	-1.0	
1504202961105	7827879405048	28.0	-5.0	19.982803344726563	-1.0	
1504202961142	7827899546649	28.0	-5.0	20.0	-1.0	
1504202961159	7827919688251	28.0	-5.0	20.0	-1.0	
1504202961176	7827939829852	28.0	-5.0	20.0	-1.0	
1504202961195	7827959971454	28.0	-5.0	20.0	-1.0	
1504202961212	7827980113055	28.0	-5.0	19.347091674804688	-1.0	
1504202961230	7828000254657	28.0	-5.0	19.0	-1.0	
1504202961249	7828020396258	28.0	-5.0	19.92095947265625	-1.0	
1504202961284	7828040537860	27.0	-4.0	20.0	-1.0	
1504202961303	7828060679462	27.0	-3.811004638671875	20.0	-1.0	
1504202961320	7828080821063	27.0	-3.0	20.0	-1.0	
1504202961337	7828100962665	27.0	-3.0	20.0	-1.0	
1504202961358	7828121104266	27.0	-2.408935546875	19.408935546875	-1.0	
1504202961373	7828141245868	27.0	-2.0	19.0	-1.0	
1504202961392	7828161387469	27.0	-2.0	19.0	-1.0	
1504202961409	7828181529071	27.0	-2.0	19.0	-1.0	
1504202961444	7828201670673	27.0	-2.0	19.0	-1.0	
1504202961463	7828221812274	27.0	-2.0	18.745742797851563	-1.0	
1504202961480	7828241953876	27.0	-2.0	18.0	-1.0	
1504202961498	7828262095477	27.0	-2.0	18.0	-1.0	
1504202961516	7828282237079	27.0	-2.0	18.0	-1.0	
1504202961534	7828302378680	27.0	-2.0	18.0	-1.0	
1504202961552	7828322520282	27.0	-2.0	18.0	-1.0	
1504202961587	7828342661883	26.0	-1.9897613525390625	18.0	-1.0	
1504202961607	7828362803485	26.0	-1.0	17.863494873046875	-1.0	
1504202961625	7828382945087	26.0	-1.0	17.0	-1.0	
1504202961642	7828403086688	26.0	-1.0	17.0	-1.0	
1504202961659	7828423228290	26.0	-1.0	17.0	-1.0	
1504202961677	7828443369891	26.0	-1.0	17.0	-1.0	
1504202961695	7828463511493	26.0	-1.0	17.0	-1.0	
1504202961713	7828483653094	25.107513427734375	-1.0	17.0	-1.0	
1504202961748	7828503794696	25.0	-1.0	16.0	-1.0	
1504202961766	7828523936298	25.0	-1.0	16.145050048828125	-1.0	
1504202961784	7828544077899	25.0	-1.0	17.0	-1.0	
1504202961802	7828564219501	25.0	-1.0	17.0	-1.0	
1504202961827	7828584361102	25.0	-1.0	17.522994995117188	-1.0	
1504202961839	7828604502704	25.0	-1.0	18.0	-1.0	
1504202961856	7828624644305	25.0	-1.0	18.0	-1.0	
1504202961874	7828644785907	25.0	-1.0	18.0	-1.0	
1504202961909	7828664927508	25.0	-1.0	18.0	-1.0	
1504202961928	7828685071900	25.0	-1.0	18.0	-1.0	
1504202961944	7828705213502	25.0	-1.0	18.278152465820313	-1.0	
1504202961962	7828725355103	25.0	-1.0	19.0	-1.0	
1504202961981	7828745496705	25.0	-1.0	19.0	-1.0	
1504202961998	7828765638306	25.0	-1.0	19.0	-1.0	
1504202962017	7828785779908	25.0	-1.0	19.0	-1.0	
1504202962035	7828805921509	25.0	-1.0	19.0	-1.0	
1504202962070	7828826063111	25.03411865234375	-1.0	20.0	-1.0	
1504202962088	7828846204713	26.0	-1.0	20.0	-1.0	
1504202962105	7828866346314	26.0	-1.0	20.0	-1.0	
1504202962123	7828886487916	26.0	-1.0	20.0	-1.0	
1504202962141	7828906629517	26.0	-1.0	20.0	-1.0	
1504202962160	7828926771119	26.0	-1.0	20.0	-1.0	
1504202962177	7828946912720	26.0	-1.0	20.0	-1.0	
1504202962194	7828967054322	26.0	-1.0	20.0	-1.0	
1504202962231	7828987195923	26.0	-1.0	20.0	-1.0	
1504202962248	7829007337525	26.0	-1.0	20.0	-1.0	
1504202962266	7829027479127	26.0	-1.0	20.0	-1.0	
1504202962284	7829047620728	26.0	-1.0	19.5792236328125	-1.0	
1504202962302	7829067762330	26.0	-1.0	19.0	-1.0	
1504202962320	7829087903931	26.0	-1.0	19.672348022460938	-1.0	
1504202962338	7829108045533	26.0	-1.0	20.0	-1.0	
1504202962355	7829128187134	26.0	-1.0	20.0	-1.0	
1504202962391	7829148328736	26.0	-1.0	20.0	-1.0	
1504202962410	7829168470338	26.0	-1.0	20.0	-1.0	
1504202962427	7829188611939	26.0	-1.0	20.0	-1.0	
1504202962445	7829208753541	26.0	-1.0	20.0	-1.0	
1504202962463	7829228895142	26.0	-1.0	20.0	-1.0	
1504202962481	7829249036744	26.0	-1.0	20.0	-1.0	
1504202962498	7829269178345	26.0	-1.0	20.0	-1.0	
1504202962516	7829289319947	26.0	-1.0	20.0	-1.0	
1504202962552	7829309461548	26.0	-1.0	20.0	-1.0	
1504202962570	7829329603150	26.0	-1.0	20.0	-1.0	
1504202962592	7829349744752	26.0	-1.0	20.0	-1.0	
1504202962606	7829369886353	26.0	-1.0	20.0	-1.0	
1504202962624	7829390027955	26.0	-1.0	20.0	-1.0	
1504202962642	7829410169556	26.0	-1.0	20.0	-1.0	
1504202962659	7829430311158	26.0	-1.0	20.0	-1.0	
1504202962677	7829450452759	26.0	-1.0	20.0	-1.0	
1504202962712	7829470594361	26.0	-1.0	19.0	-1.0	
1504202962730	7829490735963	26.0	-1.0	19.192825317382813	-1.0	
1504202962748	7829510877564	26.0	-1.0	20.0	-1.0	
1504202962766	7829531019166	26.0	-1.0	20.0	-1.0	
1504202962784	7829551160767	26.0	-1.0	20.0	-1.0	
1504202962803	7829571302369	26.0	-1.0	20.0	-1.0	
1504202962820	7829591443970	26.0	-1.0	20.0	-1.0	
1504202962840	7829611585572	26.0	-1.0	20.0	-1.0	
1504202962874	7829631727173	26.0	-1.0	20.0	-1.0	
1504202962891	7829651868775	26.0	-1.0	20.0	-1.0	
1504202962909	7829672010377	26.0	-1.0	20.0	-1.0	
1504202962927	7829692151978	26.0	-1.0	20.0	-1.0	
1504202962944	7829712293580	26.0	-1.0	20.0	-1.0	
1504202962964	7829732435181	26.0	-0.29522705078125	20.0	-1.0	
1504202962981	7829752576783	26.0	0.0	20.0	-1.0	
1504202962998	7829772718384	26.0	0.0	20.0	-1.0	
1504202963034	7829792859986	26.0	0.0	20.0	-1.0	
1504202963053	7829813001588	26.0	0.0	20.0	-1.0	
1504202963070	7829833143189	26.0	0.0	20.0	-1.0	
1504202963088	7829853284791	26.0	0.0	20.0	-1.0	
1504202963107	7829873426392	26.0	0.0	20.0	-1.0	
1504202963125	7829893567994	26.0	0.0	20.0	-1.0	
1504202963141	7829913709595	26.0	0.0	20.0	-1.0	
1504202963160	7829933851197	26.0	0.0	20.0	-1.0	
1504202963195	7829953992798	26.0	0.0	20.0	-1.0	
1504202963212	7829974134400	26.0	0.0	20.0	-1.0	
1504202963231	7829994276002	26.343002319335938	0.0	20.0	-1.0	
1504202963248	7830014417603	27.0	0.0	20.468475341796875	-1.0	
1504202963266	7830034559205	27.0	0.0	21.0	-1.0	
1504202963285	7830054700806	27.0	0.0	21.0	-1.0	
1504202963302	7830074842408	27.0	0.0	21.0	-1.0	
1504202963320	7830094984009	27.0	0.0	21.0	-1.0	
1504202963357	7830115125611	27.0	0.0	21.0	-1.0	
1504202963375	7830135267213	27.0	0.0	21.0	-1.0	
1504202963392	7830155408814	27.0	0.0	21.0	-1.0	
1504202963409	7830175550416	27.0	0.0	21.0	-1.0	
1504202963427	7830195692017	27.0	0.0	21.0	-1.0	
1504202963445	7830215833619	27.0	0.0	21.0	-1.0	
1504202963463	7830235975220	27.0	0.0	21.0	-1.0	
1504202963480	7830256116822	27.0	0.0	21.0	-1.0	
1504202963516	7830276258423	27.0	0.0	21.0	-1.0	
1504202963534	7830296400025	27.0	0.0	21.0	-1.0	
1504202963552	7830316541627	27.0	0.0	21.0	-1.0	
1504202963571	7830336683228	27.0	0.0	21.0	-1.0	
1504202963587	7830356824830	27.0	0.0	21.0	-1.0	
1504202963606	7830376966431	27.0	0.0	21.0	-1.0	
1504202963624	7830397108033	27.0	0.0	21.0	-1.0	
1504202963643	7830417249634	27.0	0.0	21.0	-1.0	
1504202963676	7830437391236	27.0	0.0	21.0	-1.0	
1504202963695	7830457532838	27.0	0.0	21.0	-1.0	
1504202963713	7830477674439	27.36688232421875	0.0	21.0	-1.0	
1504202963731	7830497816041	28.0	0.0	21.0	-1.0	
1504202963751	7830517957642	28.0	0.0	21.0	-1.0	
1504202963770	7830538099244	28.0	0.0	21.0	-1.0	
1504202963784	7830558240845	28.0	0.0	20.12969970703125	-1.0	
1504202963802	7830578382447	28.0	0.0	20.99658203125	-1.0	
1504202963838	7830598524048	28.0	0.0	21.0	-1.0	
1504202963856	7830618665650	28.24871826171875	0.0	21.0	-1.0	
1504202963874	7830638807252	29.0	0.0	21.0	-1.0	
1504202963891	7830658948853	29.0	0.0	21.0	-1.0	
1504202963909	7830679090455	29.0	0.0	21.0	-1.0	
1504202963928	7830699232056	29.0	0.0	20.247451782226563	-1.0	
1504202963944	7830719373658	29.0	0.0	20.0	-1.0	
1504202963981	7830739515259	29.0	0.0	20.0	-1.0	
1504202963998	7830759656861	29.0	0.0	20.0	-1.0	
1504202964017	7830779798463	29.0	0.0	20.0	-1.0	
1504202964034	7830799940064	29.0	0.0	20.0	-1.0	
1504202964052	7830820081666	29.0	0.0	20.0	-1.0	
1504202964070	7830840223267	29.0	0.0	20.0	-1.0	
1504202964089	7830860364869	29.0	0.0	20.0	-1.0	
1504202964106	7830880506470	29.0	0.0	20.0	-1.0	
1504202964146	7830900648072	29.0	0.0	20.0	-1.0	
1504202964160	7830920789673	29.0	0.0	20.0	-1.0	
1504202964179	7830940931275	29.0	0.0	20.0	-1.0	
1504202964196	7830961072877	29.0	0.0	20.0	-1.0	
1504202964213	7830981214478	29.0	0.0	20.0	-1.0	
1504202964231	7831001356080	29.0	0.0	20.0	-1.0	
1504202964249	7831021497681	29.0	0.0	20.0	-1.0	
1504202964267	7831041639283	29.0	0.0	20.0	-1.0	
1504202964303	7831061780884	29.020477294921875	0.0	20.0	-1.0	
1504202964320	7831081922486	30.0	0.0	20.0	-1.0	
1504202964338	7831102064088	30.0	0.0	20.0	-1.0	
1504202964356	7831122205689	30.0	0.0	20.0	-1.0	
1504202964374	7831142347291	30.0	0.0	20.0	-1.0	
1504202964391	7831162488892	30.0	0.0	20.650161743164063	-1.0	
1504202964411	7831182630494	30.0	0.0	21.0	-1.0	
1504202964428	7831202772095	30.0	0.0	21.0	-1.0	
1504202964464	7831222913697	31.0	0.0	21.0	-1.0	
1504202964481	7831243055298	31.0	0.0	21.153579711914063	-1.0	
1504202964499	7831263196900	31.0	-0.2798614501953125	22.0	-1.0	
1504202964516	7831283338502	31.0	-1.0	22.406143188476563	-1.0	
1504202964534	7831303480103	31.0	-1.0	23.0	-1.0	
1504202964552	7831323621705	31.0	-1.0	23.65869140625	-1.0	
1504202964570	7831343763306	31.0	-1.0	24.0	-1.0	
1504202964588	7831363904908	31.0	-1.0	24.0	-1.0	
1504202964625	7831384046509	31.0	-1.0	25.0	-1.0	
1504202964642	7831404188111	31.0	-1.0	25.0	-1.0	
1504202964660	7831424329713	31.0	-1.0	25.0	-1.0	
1504202964677	7831444471314	31.0	-1.0	25.4146728515625	-1.0	
1504202964695	7831464612916	31.0	-1.0	26.0	-1.0	
1504202964712	7831484754517	31.0	-1.0	26.0	-1.0	
1504202964731	7831504896119	31.791793823242188	-1.0	26.0	-1.0	
1504202964748	7831525037720	32.0	-1.0	26.0	-1.0	
1504202964784	7831545179322	32.0	-1.0	25.0	-1.0	
1504202964802	7831565320923	32.0	-1.0	25.0	-1.0	
1504202964820	7831585462525	32.0	-1.0	25.0	-1.0	
1504202964838	7831605604127	32.0	-1.0	25.0	-1.0	
1504202964856	7831625745728	32.0	-1.0	25.0	-1.0	
1504202964874	7831645887330	32.0	-1.0	25.0	-1.0	
1504202964892	7831666028931	32.0	-1.0	25.0	-1.0	
1504202964912	7831686170533	32.0	-1.0	25.0	-1.0	
1504202964948	7831706312134	32.0	-1.0	25.0	-1.0	
1504202964963	7831726453736	32.0	-1.0	25.0	-1.0	
1504202964981	7831746595338	32.0	-1.0	25.0	-1.0	
1504202964998	7831766736939	32.0	-1.0	24.569976806640625	-1.0	
1504202965016	7831786878541	32.0	-1.0	24.0	-1.0	
1504202965034	7831807020142	32.0	-1.0	24.0	-1.0	
1504202965053	7831827161744	32.0	-1.0	23.1925048828125	-1.0	
1504202965070	7831847303345	32.0	-1.0	23.0	-1.0	
1504202965107	7831867444947	32.0	-1.0	23.0	-1.0	
1504202965124	7831887586548	32.0	-1.0	23.0	-1.0	
1504202965143	7831907728150	32.0	-1.0	23.0	-1.0	
1504202965160	7831927869752	32.0	-1.0	22.561447143554688	-1.0	
1504202965177	7831948011353	32.0	-1.0	22.0	-1.0	
1504202965195	7831968152955	32.0	-1.0	22.0	-1.0	
1504202965213	7831988294556	32.0	-1.0	22.0	-1.0	
1504202965231	7832008436158	32.0	-1.0	22.0	-1.0	
1504202965267	7832028577759	32.0	-1.0	22.0	-1.0	
1504202965284	7832048719361	32.0	-1.0	22.0	-1.0	
1504202965302	7832068860963	32.0	-1.0	22.0	-1.0	
1504202965320	7832089002564	32.0	-1.0	22.0	-1.0	
1504202965338	7832109144166	32.0	-1.0	22.0	-1.0	
1504202965356	7832129285767	32.0	-1.0	22.0	-1.0	
1504202965377	7832149427369	32.0	-1.0	22.0	-1.0	
1504202965393	7832169568970	32.0	-1.0	22.0	-1.0	
1504202965429	7832189710572	32.0	-1.0	22.0	-1.0	
1504202965445	7832209852173	32.0	-1.0	21.79864501953125	-1.0	
1504202965464	7832229993775	32.0	-1.0	21.0	-1.0	
1504202965480	7832250135377	32.0	-1.0	21.0	-1.0	
1504202965498	7832270276978	32.0	-1.0	21.0	-1.0	
1504202965516	7832290418580	32.0	-1.0	21.0	-1.0	
1504202965535	7832310560181	32.0	-1.0	21.0	-1.0	
1504202965552	7832330701783	31.04266357421875	-1.0	20.04266357421875	-1.0	
1504202965588	7832350843384	31.0	-1.0	20.0	-1.0	
1504202965606	7832370984986	31.0	-1.0	19.790115356445313	-1.0	
1504202965624	7832391126588	31.0	-1.0	18.663833618164063	-1.0	
1504202965643	7832411268189	30.538345336914063	-1.0	18.0	-1.0	
1504202965661	7832431409791	30.0	-1.0	17.412979125976563	-1.0	
1504202965679	7832451551392	30.0	-1.0	17.0	-1.0	
1504202965697	7832471692994	30.0	-1.0	17.0	-1.0	
1504202965713	7832491834595	30.0	-1.0	16.034133911132813	-1.0	
1504202965749	7832511976197	30.0	-1.0	16.0	-1.0	
1504202965767	7832532117798	30.0	-1.0	16.218048095703125	-1.0	
1504202965784	7832552259400	30.0	-1.0	16.656997680664063	-1.0	
1504202965803	7832572401002	30.0	-1.0	16.0	-1.0	
1504202965820	7832592542603	30.0	-1.0	16.0	-1.0	
1504202965838	7832612684205	30.0	-1.0	16.0	-1.0	
1504202965856	7832632825806	30.0	-1.0	16.0	-1.0	
1504202965876	7832652967408	29.025604248046875	-1.0	16.0	-1.0	
1504202965911	7832673109009	29.0	-1.0	16.0	-1.0	
1504202965928	7832693250611	29.0	-1.0	16.0	-1.0	
1504202965946	7832713392213	29.0	-1.0	16.0	-1.0	
1504202965964	7832733533814	29.0	-1.0	16.0	-1.0	
1504202965981	7832753675416	29.0	-1.0	16.0	-1.0	
1504202965999	7832773817017	29.0	-1.0	16.0	-1.0	
1504202966017	7832793958619	29.0	-1.0	16.0	-1.0	
1504202966034	7832814100220	29.0	-1.0	16.0	-1.0	
1504202966070	7832834241822	29.0	-1.0	16.0	-1.0	
1504202966088	7832854383423	29.0	-1.0	16.0	-1.0	
1504202966106	7832874525025	29.0	-1.0	16.0	-1.0	
1504202966125	7832894666627	29.0	-1.0	16.0	-1.0	
1504202966142	7832914808228	29.0	-1.0	16.0	-1.0	
1504202966160	7832934949830	29.0	-1.0	16.0	-1.0	
1504202966181	7832955091431	29.0	-1.0	16.0	-1.0	
1504202966196	7832975233033	29.0	-1.0	16.0	-1.0	
1504202966231	7832995374634	29.0	-1.0	16.0	-1.0	
1504202966253	7833015516236	28.758102416992188	-1.0	16.0	-1.0	
1504202966266	7833035657838	28.0	-1.0	16.0	-1.0	
1504202966285	7833055799439	28.0	-1.0	16.0	-1.0	
1504202966302	7833075941041	28.0	-1.0	16.0	-1.0	
1504202966320	7833096082642	28.0	-1.0	16.0	-1.0	
1504202966338	7833116224244	28.0	-1.0	16.0	-1.0	
1504202966356	7833136365845	28.0	-1.0	16.0	-1.0	
1504202966392	7833156507447	28.0	-1.0	16.0	-1.0	
1504202966411	7833176649048	28.0	-1.0	16.0	-1.0	
1504202966428	7833196790650	28.0	-1.0	16.0	-1.0	
1504202966446	7833216932252	28.0	-1.0	16.0	-1.0	
1504202966463	7833237073853	28.0	-1.0	16.0	-1.0	
1504202966481	7833257215455	28.0	-1.0	16.0	-1.0	
1504202966499	7833277357056	28.0	-1.0	16.0	-1.0	
1504202966534	7833297498658	28.0	-1.0	15.0	-1.0	
1504202966552	7833317640259	28.0	-1.0	15.0	-1.0	
1504202966570	7833337781861	28.0	-1.0	15.0	-1.0	
1504202966588	7833357923463	28.0	-1.0	15.0	-1.0	
1504202966607	7833378065064	28.0	-1.0	15.0	-1.0	
1504202966624	7833398206666	28.0	-1.0	15.0	-1.0	
1504202966642	7833418348267	28.0	-1.0	15.0	-1.0	
1504202966661	7833438489869	28.0	-1.0	15.0	-1.0	
1504202966696	7833458631470	28.0	-1.0	15.0	-1.0	
1504202966715	7833478773072	28.0	-1.0	15.0	-1.0	
1504202966732	7833498914673	28.0	-1.0	15.0	-1.0	
1504202966749	7833519056275	27.609222412109375	-1.0	15.0	-1.0	
1504202966768	7833539197877	27.0	-1.0	15.0	-1.0	
1504202966784	7833559339478	27.0	-1.0	15.0	-1.0	
1504202966802	7833579481080	27.769622802734375	-1.0	15.0	-1.0	
1504202966821	7833599622681	27.104110717773438	-1.0	15.0	-1.0	
1504202966856	7833619764283	27.0	-1.0	15.0	-1.0	
1504202966874	7833639905884	27.0	-1.0	15.0	-1.0	
1504202966893	7833660047486	27.0	-1.0	15.0	-1.0	
1504202966910	7833680189088	27.0	-1.0	15.0	-1.0	
1504202966929	7833700330689	27.0	-1.0	15.0	-1.0	
1504202966946	7833720472291	27.0	-1.0	15.0	-1.0	
1504202966963	7833740613892	27.0	-1.0	15.0	-1.0	
1504202966982	7833760755494	27.0	-1.0	15.0	-1.0	
1504202967017	7833780897095	27.0	-1.0	15.0	-1.0	
1504202967035	7833801038697	27.0	-1.0	15.0	-1.0	
1504202967053	7833821180298	27.0	-1.0	15.0	-1.0	
1504202967070	7833841321900	27.0	-1.0	15.0	-1.0	
1504202967089	7833861463502	27.0	-1.0	15.0	-1.0	
1504202967106	7833881605103	27.0	-1.0	15.0	-1.0	
1504202967124	7833901746705	27.0	-1.0	15.0	-1.0	
1504202967143	7833921888306	27.0	-1.0	15.0	-1.0	
1504202967178	7833942029908	27.0	-1.0	15.0	-1.0	
1504202967197	7833962171509	27.0	-1.0	15.0	-1.0	
1504202967214	7833982313111	27.0	-1.0	15.0	-1.0	
1504202967236	7834002454713	27.0	-1.0	15.0	-1.0	
1504202967249	7834022596314	27.0	-1.0	15.0	-1.0	
1504202967267	7834042737916	27.0	-1.0	15.0	-1.0	
1504202967284	7834062879517	27.0	-1.0	15.0	-1.0	
1504202967305	7834083021119	27.0	-1.0	15.0	18.0	
1504202967339	7834103162720	27.0	-1.0	16.0	18.0	
1504202967357	7834123304322	27.0	-1.0	16.0	18.0	
1504202967376	7834143445923	27.0	-1.0	16.296920776367188	18.0	
1504202967394	7834163587525	27.0	-1.0	17.0	18.0	
1504202967413	7834183729127	27.0	-1.0	17.0	18.0	
1504202967429	7834203870728	27.0	-1.0	17.675765991210938	18.0	
1504202967446	7834224012330	27.0	-1.0	18.800674438476563	18.0	
1504202967468	7834244153931	27.0	-0.0733795166015625	19.0	18.0	
1504202967501	7834264295533	27.0	0.0	20.052886962890625	18.0	
1504202967518	7834284437134	27.0	0.0	21.179168701171875	18.0	
1504202967537	7834304578736	27.0	0.0	22.0	18.0	
1504202967553	7834324720338	27.0	0.0	22.431732177734375	18.0	
1504202967572	7834344861939	27.55706787109375	0.0	23.0	18.0	
1504202967589	7834365003541	28.0	0.0	23.0	18.0	
1504202967606	7834385145142	27.191131591796875	0.0	23.0	18.0	
1504202967625	7834405286744	27.0	0.935150146484375	23.935150146484375	18.0	
1504202967660	7834425428345	28.0	1.0	24.0	18.0	
1504202967684	7834445569947	28.0	1.0	24.0	18.0	
1504202967700	7834465711548	28.0	1.0	24.0	18.0	
1504202967715	7834485853150	28.0	1.0	24.0	18.0	
1504202967734	7834505994752	28.564834594726563	1.0	24.0	18.0	
1504202967750	7834526136353	29.0	1.0	24.0	18.0	
1504202967768	7834546277955	29.0	1.0	24.0	18.0	
1504202967785	7834566419556	29.0	1.0	24.0	18.0	
1504202967821	7834586561158	29.0	1.0	24.0	18.0	
1504202967840	7834606702759	29.0	1.0	24.0	18.0	
1504202967857	7834626844361	29.0	1.0	24.0	18.0	
1504202967875	7834646985963	29.0	1.0	24.0	18.0	
1504202967894	7834667127564	29.0	1.0	24.0	18.0	
1504202967911	7834687269166	29.69964599609375	1.0	24.0	18.0	
1504202967931	7834707410767	30.0	1.0	24.0	18.0	
1504202967946	7834727552369	30.0	1.0	24.0	18.0	
1504202967982	7834747693970	30.0	1.0	24.0	18.0	
1504202968001	7834767835572	30.0	1.0	24.0	18.0	
1504202968018	7834787977173	30.0	1.0	24.0	18.0	
1504202968035	7834808118775	30.45562744140625	1.0	24.0	18.0	
1504202968054	7834828260377	31.0	1.5809173583984375	24.0	18.0	
1504202968071	7834848401978	31.0	2.0	24.0	18.0	
1504202968090	7834868543580	31.0	2.0	24.832763671875	18.0	
1504202968106	7834888685181	31.0	2.0	25.0	18.0	
1504202968144	7834908826783	31.0	2.0	24.914688110351563	18.0	
1504202968163	7834928968384	31.0	2.0	24.0	18.0	
1504202968181	7834949109986	31.0	2.0	24.0	18.0	
1504202968197	7834969251588	31.462448120117188	2.0	24.0	18.0	
1504202968217	7834989393189	32.0	2.0	24.0	18.0	
1504202968233	7835009534791	32.0	2.0	24.0	18.0	
1504202968250	7835029676392	32.0	2.0	24.0	18.0	
1504202968269	7835049817994	32.0	2.0	24.0	18.0	
1504202968303	7835069959595	32.0	2.0	24.0	18.0	
1504202968322	7835090101197	32.0	2.0	24.0	18.0	
1504202968339	7835110242798	32.0	2.0	24.0	18.0	
1504202968357	7835130384400	32.470977783203125	2.0	24.0	18.0	
1504202968379	7835150526002	33.0	2.0	24.0	18.0	
1504202968394	7835170667603	33.0	2.0	24.0	18.0	
1504202968411	7835190809205	33.0	2.0	24.0	18.0	
1504202968429	7835210950806	33.0	2.0	24.0	18.0	
1504202968467	7835231092408	33.0	2.0	25.0	18.0	
1504202968484	7835251234009	33.0	2.0	25.0	18.0	
1504202968499	7835271375611	33.0	2.0	24.608261108398438	18.0	
1504202968517	7835291517213	33.0	2.0	24.0	18.0	
1504202968536	7835311658814	33.0	2.0	24.0	18.0	
1504202968553	7835331800416	33.792083740234375	2.0	24.0	18.0	
1504202968571	7835351942017	34.0	2.0	24.0	18.0	
1504202968607	7835372083619	34.0	2.0	24.0	18.0	
1504202968624	7835392225220	34.0	2.0	24.0	18.0	
1504202968643	7835412366822	34.0	2.0	24.0	18.0	
1504202968660	7835432508423	34.0	2.0	24.0	18.0	
1504202968678	7835452650025	34.0	2.0	24.0	18.0	
1504202968699	7835472791627	34.0	2.0	24.0	18.0	
1504202968714	7835492933228	34.86082458496094	2.0	24.0	18.0	
1504202968732	7835513074830	35.0	2.0	24.0	18.0	
1504202968768	7835533216431	35.0	2.0	24.0	18.0	
1504202968787	7835553358033	35.0	2.0	24.0	18.0	
1504202968805	7835573499634	35.0	2.0	24.0	18.0	
1504202968822	7835593641236	35.0	2.0	24.0	18.0	
1504202968841	7835613782838	35.0	2.0	24.0	18.0	
1504202968858	7835633924439	35.0	2.0	24.0	18.0	
1504202968875	7835654066041	35.0	2.0	24.0	18.0	
1504202968911	7835674207642	35.0	2.0	24.0	18.0	
1504202968928	7835694349244	35.0	2.0	24.0	18.0	
1504202968947	7835714490845	35.0	2.0	24.0	18.0	
1504202968966	7835734632447	35.46311950683594	2.0	24.0	18.0	
1504202968982	7835754774048	36.0	2.0	24.0	18.0	
1504202969000	7835774915650	36.0	2.0	24.730239868164063	18.0	
1504202969020	7835795057252	36.0	2.0	25.0	18.0	
1504202969036	7835815198853	36.0	2.0	25.0	18.0	
1504202969073	7835835340455	36.0	2.0	25.0	18.0	
1504202969091	7835855482056	36.0	2.0	25.0	18.0	
1504202969107	7835875623658	36.0	2.0	25.0	18.0	
1504202969126	7835895765259	36.0	2.0	25.0	18.0	
1504202969142	7835915906861	36.0	2.0	25.0	18.0	
1504202969161	7835936048463	36.0	2.0	25.0	18.0	
1504202969181	7835956190064	36.93138122558594	2.0	25.0	18.0	
1504202969215	7835976331666	37.0	2.0	25.0	18.0	
1504202969233	7835996473267	37.0	2.0	25.0	18.0	
1504202969250	7836016614869	37.0	2.0	25.0	18.0	
1504202969268	7836036756470	37.0	2.0	25.0	18.0	
1504202969287	7836056898072	37.0	2.0	25.0	18.0	
1504202969304	7836077039673	37.0	2.0	25.0	18.0	
1504202969322	7836097181275	37.0	2.0	25.0	18.0	
1504202969341	7836117322877	37.0	2.0	24.0	18.0	
1504202969375	7836137464478	37.13401794433594	2.0	24.0	18.0	
1504202969393	7836157606080	38.0	2.0	24.0	18.0	
1504202969410	7836177747681	38.0	2.40032958984375	24.0	18.0	
1504202969428	7836197889283	38.0	3.0	24.53436279296875	18.0	
1504202969447	7836218030884	38.0	3.0	25.0	18.0	
1504202969465	7836238172486	38.0	3.0	25.0	18.0	
1504202969482	7836258314088	38.0	3.0	25.0	18.0	
1504202969518	7836278455689	38.0	2.0	25.0	18.0	
1504202969554	7836298597291	38.0	2.0	25.0	18.0	
1504202969565	7836318738892	38.0	2.0	25.0	18.0	
1504202969572	7836338880494	38.0	2.0	25.0	18.0	
1504202969590	7836359022095	38.0	2.0	25.0	18.0	
1504202969608	7836379163697	38.0	2.0	25.0	18.0	
1504202969625	7836399305298	38.0	2.0	25.0	18.0	
1504202969661	7836419446900	38.0	2.0	25.0	18.0	
1504202969678	7836439588502	38.0	2.0	25.0	18.0	
1504202969696	7836459730103	38.0	2.0	25.0	18.0	
1504202969717	7836479871705	38.0	2.0	25.0	18.0	
1504202969732	7836500013306	38.0	2.0	25.0	18.0	
1504202969750	7836520154908	38.0	2.0	25.0	18.0	
1504202969768	7836540296509	38.0	2.0	25.0	18.0	
1504202969786	7836560438111	38.0	2.0	25.0	18.0	
1504202969821	7836580579713	38.0	2.0	25.0	18.0	
1504202969839	7836600721314	38.0	2.0	25.0	18.0	
1504202969856	7836620862916	38.33848571777344	2.0	25.0	18.0	
1504202969876	7836641004517	39.0	2.0	25.0	18.0	
1504202969893	7836661146119	39.0	2.0	25.0	18.0	
1504202969911	7836681287720	39.0	2.0	25.0	18.0	
1504202969933	7836701429322	39.0	2.0	25.0	18.0	
1504202969966	7836721570923	39.0	2.0	25.0	18.0	
1504202969984	7836741712525	39.0	2.0	25.0	18.0	
1504202970002	7836761854127	39.0	2.0	25.0	18.0	
1504202970018	7836781995728	39.0	2.0	25.0	18.0	
1504202970037	7836802137330	39.0	2.0	25.0	18.0	
1504202970054	7836822278931	39.0	2.0	25.0	18.0	
1504202970072	7836842420533	39.0	2.0	25.0	18.0	
1504202970091	7836862562134	39.0	2.0	25.0	18.0	
1504202970125	7836882703736	39.0	2.0	25.0	18.0	
1504202970143	7836902845338	39.0	2.0	25.0	18.0	
1504202970161	7836922986939	39.0	2.0	25.0	18.0	
1504202970179	7836943128541	39.0	1.525787353515625	25.0	18.0	
1504202970198	7836963270142	39.0	1.0	25.0	18.0	
1504202970215	7836983411744	39.0	1.0	25.0	18.0	
1504202970233	7837003553345	39.0	1.0	24.125228881835938	18.0	
1504202970268	7837023694947	39.0	1.0	24.0	18.0	
1504202970287	7837043836548	39.0	1.0	24.0	18.0	
1504202970305	7837063978150	39.0	1.0	24.0	18.0	
1504202970322	7837084119752	39.0	1.0	24.408920288085938	18.0	
1504202970340	7837104261353	39.0	0.4570465087890625	25.0	18.0	
1504202970359	7837124402955	39.676971435546875	0.0	24.323028564453125	18.0	
1504202970375	7837144544556	40.0	0.0	24.0	18.0	
1504202970393	7837164686158	40.0	0.0	24.0	18.0	
1504202970429	7837184827759	41.0	0.0	24.0	18.0	
1504202970447	7837204969361	41.0	0.0	23.793167114257813	18.0	
1504202970465	7837225110963	41.33503723144531	-0.3350372314453125	23.0	18.0	
1504202970483	7837245252564	42.0	-1.0	23.463241577148438	18.0	
1504202970500	7837265394166	42.59144592285156	-1.0	24.0	18.0	
1504202970519	7837285535767	43.71842956542969	-1.7184295654296875	24.0	18.0	
1504202970536	7837305677369	44.844696044921875	-2.0	23.155303955078125	18.0	
1504202970554	7837325818970	45.970977783203125	-2.970977783203125	23.0	18.0	
1504202970593	7837345960572	47.0	-3.0	21.902740478515625	18.0	
1504202970608	7837366102173	47.0	-2.776458740234375	21.0	18.0	
1504202970626	7837386243775	46.650177001953125	-2.0	20.650177001953125	18.0	
1504202970644	7837406385377	46.0	-2.0	20.0	18.0	
1504202970662	7837426526978	45.39659118652344	-2.0	20.0	18.0	
1504202970681	7837446668580	45.0	-2.0	20.0	18.0	
1504202970697	7837466810181	44.14335632324219	-2.0	20.0	18.0	
1504202970715	7837486951783	44.0	-2.0	20.0	18.0	
1504202970751	7837507093384	43.0	-2.0	19.890792846679688	18.0	
1504202970768	7837527234986	42.76451110839844	-2.0	19.0	18.0	
1504202970787	7837547376588	42.0	-2.0	19.0	18.0	
1504202970805	7837567518189	42.0	-2.0	19.0	18.0	
1504202970822	7837587659791	41.38566589355469	-2.0	19.0	18.0	
1504202970841	7837607801392	41.0	-2.0	19.0	18.0	
1504202970858	7837627942994	41.0	-2.0	19.0	18.0	
1504202970876	7837648084595	41.0	-2.0	18.005126953125	18.0	
1504202970912	7837668226197	40.0	-2.0	18.0	18.0	
1504202970929	7837688367798	40.0	-2.0	18.0	18.0	
1504202970949	7837708509400	39.62628173828125	-2.0	18.0	18.0	
1504202970965	7837728651002	39.0	-2.0	18.0	18.0	
1504202970982	7837748792603	39.0	-2.0	18.0	18.0	
1504202971000	7837768934205	39.0	-2.0	18.0	18.0	
1504202971019	7837789075806	38.119659423828125	-2.0	18.0	18.0	
1504202971055	7837809217408	38.0	-2.0	18.0	18.0	
1504202971072	7837829359009	38.0	-2.0	18.0	18.0	
1504202971090	7837849500611	37.74061584472656	-2.0	18.0	18.0	
1504202971108	7837869642213	37.0	-2.0	18.0	18.0	
1504202971126	7837889783814	37.0	-2.0	18.0	18.0	
1504202971143	7837909925416	37.0	-2.0	18.0	18.0	
1504202971162	7837930067017	36.235504150390625	-2.0	18.0	18.0	
1504202971179	7837950208619	36.0	-2.0	18.0	18.0	
1504202971216	7837970350220	36.0	-2.0	18.0	18.0	
1504202971233	7837990491822	36.0	-2.0	18.0	18.0	
1504202971251	7838010633423	35.72868347167969	-2.0	18.0	18.0	
1504202971269	7838030775025	35.0	-2.0	18.0	18.0	
1504202971287	7838050916627	35.0	-2.0	18.0	18.0	
1504202971304	7838071058228	35.0	-2.0	17.349838256835938	18.0	
1504202971323	7838091199830	34.22355651855469	-2.0	17.0	18.0	
1504202971340	7838111341431	34.0	-2.0	16.097274780273438	18.0	
1504202971377	7838131483033	34.0	-2.0	14.969284057617188	18.0	
1504202971394	7838151624634	33.843017578125	-2.0	14.0	18.0	
1504202971412	7838171766236	33.0	-2.0	14.0	18.0	
1504202971429	7838191907838	32.5904541015625	-2.0	14.0	18.0	
1504202971447	7838212049439	32.0	-2.0	14.53582763671875	18.0	
1504202971465	7838232191041	31.337890625	-2.0	15.0	18.0	
1504202971484	7838252332642	31.0	-2.78839111328125	15.0	18.0	
1504202971501	7838272474244	31.0	-3.0	15.0	18.0	
1504202971538	7838292615845	31.0	-2.0	15.0	18.0	
1504202971555	7838312757447	30.831069946289063	-2.0	15.0	18.0	
1504202971572	7838332899048	30.0	-2.0	15.0	18.0	
1504202971590	7838353040650	30.0	-2.0	15.0	18.0	
1504202971608	7838373182252	30.0	-2.0	15.0	18.0	
1504202971628	7838393323853	30.0	-2.0	15.0	18.0	
1504202971645	7838413465455	30.0	-2.0	15.0	18.0	
1504202971664	7838433607056	30.0	-2.0	15.0	18.0	
1504202971698	7838453748658	29.947021484375	-2.0	14.947021484375	18.0	
1504202971715	7838473890259	29.0	-2.0	14.0	18.0	
1504202971733	7838494031861	29.0	-2.0	14.0	18.0	
1504202971752	7838514173463	29.0	-2.0	14.433441162109375	18.0	
1504202971768	7838534315064	29.0	-2.0	15.0	18.0	
1504202971786	7838554456666	29.0	-2.0	15.0	18.0	
1504202971806	7838574598267	28.187713623046875	-2.0	15.0	18.0	
1504202971822	7838594739869	28.0	-2.0	15.0	18.0	
1504202971860	7838614881470	28.0	-2.0	15.0	18.0	
1504202971876	7838635023072	27.807174682617188	-2.0	15.0	18.0	
1504202971894	7838655164673	27.0	-2.0	15.0	18.0	
1504202971911	7838675306275	27.0	-2.0	15.0	18.0	
1504202971929	7838695459291	27.0	-2.0	15.0	18.0	
1504202971947	7838715600892	26.30206298828125	-2.0	15.69793701171875	18.0	
1504202971966	7838735742494	26.0	-2.0	16.0	18.0	
1504202971983	7838755884095	26.0	-2.0	16.95050048828125	18.0	
1504202972021	7838776025697	26.0	-2.0	17.0	18.0	
1504202972036	7838796167298	26.0	-2.0	17.0	18.0	
1504202972054	7838816308900	26.0	-2.0	17.0	18.0	
1504202972072	7838836450502	26.0	-2.0	17.0	18.0	
1504202972090	7838856592103	26.0	-2.0	17.0	18.0	
1504202972108	7838876733705	26.0	-2.0	17.0	18.0	
1504202972127	7838896875306	26.0	-2.0	17.0	18.0	
1504202972145	7838917016908	26.0	-2.0	17.0	18.0	
1504202972180	7838937158509	26.0	-2.0	17.0	18.0	
1504202972197	7838957300111	26.0	-2.0	17.0	18.0	
1504202972215	7838977441712	25.656997680664063	-2.0	17.0	18.0	
1504202972238	7838997583314	25.0	-2.0	17.0	18.0	
1504202972250	7839017724916	25.0	-2.0	17.0	18.0	
1504202972269	7839037866517	25.0	-2.0	17.0	18.0	
1504202972287	7839058008119	25.0	-2.0	17.0	18.0	
1504202972304	7839078149720	25.0	-2.0	17.0	18.0	
1504202972340	7839098291322	25.0	-2.0	17.0	18.0	
1504202972358	7839118432923	25.0	-2.0	17.0	18.0	
1504202972375	7839138574525	25.0	-2.0	17.0	18.0	
1504202972394	7839158716127	25.0	-2.0	17.0	18.0	
1504202972411	7839178857728	25.0	-2.0	17.0	18.0	
1504202972429	7839198999330	25.0	-2.0	17.0	18.0	
1504202972448	7839219140931	25.0	-2.0	17.0	18.0	
1504202972465	7839239282533	25.0	-2.0	17.0	18.0	
1504202972501	7839259424134	25.0	-2.0	17.0	18.0	
1504202972519	7839279565736	25.0	-2.0	17.0	18.0	
1504202972536	7839299707337	25.0	-2.0	17.0	18.0	
1504202972555	7839319848939	25.0	-2.0	17.0	18.0	
1504202972572	7839339990541	24.38055419921875	-2.0	17.0	18.0	
1504202972589	7839360132142	24.0	-2.0	17.0	18.0	
1504202972609	7839380273744	24.0	-2.0	17.0	18.0	
1504202972625	7839400415345	24.0	-2.0	17.998291015625	18.0	
1504202972661	7839420556947	24.0	-2.0	18.0	18.0	
1504202972679	7839440698548	24.0	-2.0	18.0	18.0	
