1504204144606	1514767549583	326.0	-40.0	-7.0	95.0	
1504204144645	1514787691185	326.0	-40.0	-7.0	95.0	
1504204144662	1514807832786	326.20452880859375	-40.20454406738281	-7.0	95.0	
1504204144678	1514827974388	327.0	-41.0	-7.0	95.0	
1504204144696	1514848115989	327.0	-41.0	-7.0	95.0	
1504204144716	1514868257591	327.0	-41.0	-7.0	95.0	
1504204144733	1514888399192	327.0	-41.0	-7.0	95.0	
1504204144752	1514908540794	327.0	-41.0	-7.0	95.0	
1504204144783	1514928682396	327.0	-41.0	-7.0	95.0	
1504204144800	1514948823997	327.0	-41.0	-7.0	95.0	
1504204144820	1514968965599	327.0	-41.0	-7.0	95.0	
1504204144835	1514989107200	327.0	-41.0	-7.0	95.0	
1504204144854	1515009248802	327.0	-41.0	-7.0	95.0	
1504204144872	1515029390403	327.0	-41.0	-7.0	95.0	
1504204144906	1515049532005	327.0	-41.0	-7.0	95.0	
1504204144923	1515069673607	327.0	-41.0	-7.0	95.0	
1504204144941	1515089815208	327.0	-41.0	-7.0	95.0	
1504204144960	1515109956810	327.0	-41.0	-7.0	95.0	
1504204144977	1515130098411	327.0	-41.0	-7.0	95.0	
1504204144994	1515150240013	327.0	-41.0	-7.0	95.0	
1504204145015	1515170381614	327.0	-41.0	-7.0	95.0	
1504204145047	1515190523216	327.0	-41.0	-7.0	95.0	
1504204145065	1515210664817	327.0	-41.0	-7.0	95.0	
1504204145083	1515230806419	327.0	-41.0	-7.0	95.0	
1504204145100	1515250948021	327.0	-41.0	-7.0	95.0	
1504204145117	1515271089622	327.0	-41.0	-7.0	95.0	
1504204145137	1515291231224	327.0	-41.0	-7.0	95.0	
1504204145169	1515311372825	327.0	-41.0	-7.0	95.0	
1504204145189	1515331514427	327.2084045410156	-41.0	-7.0	95.0	
1504204145206	1515351656028	328.0	-41.0	-7.0	95.0	
1504204145223	1515371797630	328.0	-41.0	-7.0	95.0	
1504204145242	1515391939232	328.0	-41.0	-7.0	95.0	
1504204145259	1515412080833	328.0	-41.0	-7.0	95.0	
1504204145279	1515432222435	328.0	-41.0	-7.0	95.0	
1504204145310	1515452364036	328.0	-41.0	-7.0	95.0	
1504204145331	1515472505638	328.0	-41.0	-7.0	95.0	
1504204145347	1515492647239	328.0	-41.0	-7.0	95.0	
1504204145365	1515512788841	328.0	-41.0	-7.0	95.0	
1504204145384	1515532930442	328.0	-41.0	-7.0	95.0	
1504204145402	1515553072044	328.0	-41.0	-7.0	95.0	
1504204145417	1515573213646	328.0	-41.0	-7.0	95.0	
1504204145453	1515593355247	328.0	-41.0	-7.0	95.0	
1504204145471	1515613496849	328.0	-41.0	-7.0	95.0	
1504204145488	1515633638450	328.0	-41.0	-7.0	95.0	
1504204145505	1515653780052	328.0	-41.0	-7.0	95.0	
1504204145523	1515673921653	328.0	-41.0	-7.0	95.0	
1504204145544	1515694063255	328.0	-41.0	-6.24273681640625	95.0	
1504204145559	1515714204857	328.0	-41.0	-6.0	95.0	
1504204145592	1515734346458	328.0	-41.0	-6.0	95.0	
1504204145614	1515754488060	328.0	-41.0	-6.0	95.0	
1504204145628	1515774629661	328.0	-41.0	-6.0	95.0	
1504204145647	1515794771263	328.0	-41.0	-6.0	95.0	
1504204145664	1515814912864	328.0	-41.0	-6.0	95.0	
1504204145683	1515835054466	328.0	-41.0	-6.0	95.0	
1504204145700	1515855196067	328.0	-41.0	-6.0	95.0	
1504204145718	1515875337669	328.0	-41.0	-6.0	95.0	
1504204145752	1515895479271	328.0	-41.0	-6.0	95.0	
1504204145771	1515915620872	328.0	-41.0	-6.0	95.0	
1504204145787	1515935762474	328.0	-41.0	-6.0	95.0	
1504204145808	1515955904075	328.0	-41.0	-6.0	95.0	
1504204145823	1515976045677	328.0	-41.0	-6.0	95.0	
1504204145847	1515996187278	328.0	-41.0	-6.0	95.0	
1504204145858	1516016328880	328.0	-41.0	-6.0	95.0	
1504204145874	1516036470482	328.0	-41.0	-6.0	95.0	
1504204145911	1516056612083	328.0	-41.0	-6.0	95.0	
1504204145930	1516076753685	328.0	-41.0	-6.0	95.0	
1504204145946	1516096895286	328.0	-41.0	-6.0	95.0	
1504204145963	1516117036888	328.0	-41.0	-6.0	95.0	
1504204145982	1516137178489	328.0	-41.0	-6.0	95.0	
1504204145998	1516157320091	328.0	-41.0	-6.0	95.0	
1504204146015	1516177461692	328.0	-41.0	-6.0	95.0	
1504204146034	1516197603294	328.960693359375	-41.0	-6.0	95.0	
1504204146072	1516217744896	329.0	-41.0	-6.0	95.0	
1504204146088	1516237886497	329.0	-41.0	-6.0	95.0	
1504204146105	1516258028099	329.0	-41.0	-6.0	95.0	
1504204146122	1516278169700	329.0	-41.0	-6.0	95.0	
1504204146140	1516298311302	329.0	-41.0	-6.0	95.0	
1504204146156	1516318452903	329.0	-41.0	-6.0	95.0	
1504204146175	1516338594505	329.0	-41.0	-6.0	95.0	
1504204146193	1516358736107	329.0	-41.0	-6.0	95.0	
1504204146228	1516378877708	329.0	-41.0	-6.0	95.0	
1504204146246	1516399019310	329.0	-41.0	-6.0	95.0	
1504204146267	1516419160911	329.0	-41.0	-6.0	95.0	
1504204146281	1516439302513	329.0	-41.0	-6.0	95.0	
1504204146298	1516459444114	329.0	-41.0	-6.0	95.0	
1504204146315	1516479585716	329.0	-41.0	-6.0	95.0	
1504204146351	1516499727317	329.0	-41.0	-6.0	95.0	
1504204146369	1516519868919	329.0	-41.0	-6.0	95.0	
1504204146387	1516540010521	329.0	-41.0	-6.0	95.0	
1504204146405	1516560152122	329.0	-41.0	-6.0	95.0	
1504204146421	1516580293724	329.0	-41.0	-6.0	95.0	
1504204146438	1516600435325	329.0	-41.0	-6.0	95.0	
1504204146458	1516620576927	329.0	-41.0	-6.0	95.0	
1504204146492	1516640718528	329.0	-41.0	-6.0	95.0	
1504204146511	1516660860130	329.0	-41.0	-6.0	95.0	
1504204146527	1516681001732	329.0	-41.0	-6.0	95.0	
1504204146545	1516701143333	329.0	-41.0	-6.0	95.0	
1504204146563	1516721284935	329.0	-41.0	-6.0	95.0	
1504204146580	1516741426536	329.0	-41.0	-6.0	95.0	
1504204146601	1516761568138	329.0	-41.0	-6.0	95.0	
1504204146633	1516781709739	329.0	-41.0	-6.0	95.0	
1504204146650	1516801851341	329.0	-41.0	-6.0	95.0	
1504204146669	1516821992942	329.0	-41.0	-6.0	95.0	
1504204146686	1516842134544	329.0	-41.0	-6.0	95.0	
1504204146704	1516862276146	329.0	-41.0	-6.0	95.0	
1504204146721	1516882417747	329.0	-41.0	-6.0	95.0	
1504204146739	1516902559349	329.0	-41.0	-6.0	95.0	
1504204146776	1516922700950	329.0	-41.0	-6.0	95.0	
1504204146792	1516942842552	329.0	-41.0	-6.0	95.0	
1504204146810	1516962984153	329.0	-41.0	-6.0	95.0	
1504204146828	1516983125755	329.0	-41.0	-6.0	95.0	
1504204146845	1517003267357	329.0	-41.0	-6.0	95.0	
1504204146864	1517023408958	329.0	-41.0	-6.0	95.0	
1504204146881	1517043550560	329.0	-41.0	-6.0	95.0	
1504204146915	1517063692161	329.0	-41.0	-6.0	95.0	
1504204146934	1517083833763	329.0	-41.0	-6.0	95.0	
1504204146951	1517103975364	329.0	-41.0	-6.0	95.0	
1504204146968	1517124116966	329.0	-41.0	-6.0	95.0	
1504204146986	1517144258567	329.0	-41.0	-6.0	95.0	
1504204147003	1517164400169	329.0	-41.0	-6.0	95.0	
1504204147022	1517184541771	329.0	-41.0	-6.0	95.0	
1504204147057	1517204683372	329.0	-40.892364501953125	-6.0	95.0	
1504204147073	1517224824974	329.0	-40.0	-6.0	95.0	
1504204147100	1517244966575	329.0	-40.3992919921875	-6.0	95.0	
1504204147110	1517265108177	329.0	-41.0	-6.0	95.0	
1504204147131	1517285249778	329.0	-41.0	-6.0	95.0	
1504204147144	1517305391380	329.0	-41.0	-6.0	95.0	
1504204147162	1517325532982	329.0	-41.0	-6.0	95.0	
1504204147197	1517345674583	329.0	-41.0	-6.0	95.0	
1504204147215	1517365816185	329.0	-41.0	-6.0	95.0	
1504204147233	1517385957786	329.0	-41.0	-6.0	95.0	
1504204147252	1517406099388	329.0	-41.0	-6.0	95.0	
1504204147268	1517426240989	329.0	-40.2882080078125	-6.0	95.0	
1504204147284	1517446382591	329.0	-40.0	-6.0	95.0	
1504204147321	1517466524192	329.0	-40.0	-6.0	95.0	
1504204147339	1517486665794	329.0	-40.1492919921875	-6.0	95.0	
1504204147357	1517506807396	329.0	-41.0	-6.0	95.0	
1504204147376	1517526948997	329.44097900390625	-41.0	-6.0	95.0	
1504204147400	1517547090599	329.4132080078125	-40.4132080078125	-6.0	95.0	
1504204147411	1517567232200	329.0	-40.0	-6.0	95.0	
1504204147427	1517587373802	329.87847900390625	-40.87846374511719	-6.0	95.0	
1504204147477	1517607515403	330.0	-40.9757080078125	-6.0	95.0	
1504204147490	1517627657005	330.0	-40.0	-6.0	95.0	
1504204147500	1517647798607	330.0	-40.0	-6.0	95.0	
1504204147524	1517667940208	330.0	-40.0	-6.0	95.0	
1504204147539	1517688081810	330.0	-40.0	-6.0	95.0	
1504204147549	1517708223411	330.0	-40.0	-6.0	95.0	
1504204147573	1517728365013	330.0	-40.0	-6.0	95.0	
1504204147602	1517748506614	330.0	-40.0	-6.0	95.0	
1504204147620	1517768648216	330.0	-40.0	-6.0	95.0	
1504204147639	1517788789817	330.0	-40.0	-6.0	95.0	
1504204147658	1517808931419	330.0	-40.0	-6.0	95.0	
1504204147674	1517829073021	330.0	-40.0	-6.0	95.0	
1504204147691	1517849214622	330.0	-40.0	-6.0	95.0	
1504204147707	1517869356224	330.0	-40.0	-6.0	95.0	
1504204147744	1517889497825	330.0	-40.0	-6.0	95.0	
1504204147761	1517909639427	330.0	-40.0	-6.0	95.0	
1504204147779	1517929781028	330.0	-40.0	-6.0	95.0	
1504204147797	1517949922630	330.0	-40.0	-6.0	95.0	
1504204147815	1517970064232	330.0	-40.0	-6.0	95.0	
1504204147833	1517990205833	330.0	-40.0	-6.0	95.0	
1504204147848	1518010347435	330.0	-40.0	-6.0	95.0	
1504204147886	1518030489036	329.9132080078125	-40.0	-6.0	95.0	
1504204147902	1518050630638	329.0	-40.0	-6.0	95.0	
1504204147921	1518070772239	329.0	-40.0	-6.0	95.0	
1504204147946	1518090913841	329.0	-39.4757080078125	-6.0	95.0	
1504204147955	1518111055442	329.0	-39.0	-6.0	95.0	
1504204147975	1518131197044	328.18402099609375	-39.81596374511719	-6.8159637451171875	95.0	
1504204147990	1518151338646	328.0	-40.0	-7.0	95.0	
1504204148025	1518171480247	326.8923645019531	-39.892364501953125	-7.107635498046875	95.0	
1504204148043	1518191621849	325.74652099609375	-39.0	-8.0	95.0	
1504204148061	1518211763450	324.6007080078125	-39.0	-8.0	95.0	
1504204148079	1518231905052	322.90972900390625	-39.545135498046875	-8.545135498046875	95.0	
1504204148097	1518252046653	321.30902099609375	-40.0	-9.0	95.0	
1504204148113	1518272188255	320.1632080078125	-40.0	-9.0	95.0	
1504204148130	1518292329857	319.0173645019531	-40.0	-9.982635498046875	95.0	
1504204148166	1518312471458	318.87152099609375	-40.0	-10.0	95.0	
1504204148187	1518332613060	318.0	-40.0	-10.0	95.0	
1504204148203	1518352754661	317.5798645019531	-40.0	-10.0	95.0	
1504204148221	1518372896263	317.0	-40.0	-10.565963745117188	95.0	
1504204148237	1518393037864	317.0	-40.0	-11.0	95.0	
1504204148255	1518413179466	317.0	-40.0	-11.0	95.0	
1504204148291	1518433321067	317.0	-41.0	-11.0	95.0	
1504204148308	1518453462669	317.0	-41.0	-11.0	95.0	
1504204148325	1518473604271	317.0	-41.0	-11.0	95.0	
1504204148343	1518493745872	317.0	-41.0	-11.0	95.0	
1504204148363	1518513887474	317.0	-41.5867919921875	-11.0	95.0	
1504204148378	1518534029075	317.0	-42.0	-11.0	95.0	
1504204148395	1518554170677	317.0	-42.0	-11.0	95.0	
1504204148431	1518574312278	317.0242919921875	-42.0	-11.0	95.0	
1504204148452	1518594453880	318.0	-42.0	-11.0	95.0	
1504204148467	1518614595482	318.0	-42.0	-11.0	95.0	
1504204148484	1518634737083	318.0	-42.4617919921875	-11.4617919921875	95.0	
1504204148501	1518654878685	318.0	-43.0	-12.0	95.0	
1504204148522	1518675020286	318.0	-43.0	-12.0	95.0	
1504204148536	1518695161888	318.0	-43.0	-12.0	95.0	
1504204148572	1518715303489	317.9548645019531	-43.0	-12.0	95.0	
1504204148589	1518735445091	317.19097900390625	-43.0	-12.0	95.0	
1504204148607	1518755586692	317.6632080078125	-43.3367919921875	-12.0	95.0	
1504204148625	1518775728294	317.0	-44.0	-12.0	95.0	
1504204148645	1518795869896	317.62847900390625	-44.0	-12.0	95.0	
1504204148660	1518816011497	318.0	-44.0	-12.0	95.0	
1504204148679	1518836153099	318.0	-44.0	-12.0	95.0	
1504204148716	1518856294700	317.0	-44.0	-12.0	95.0	
1504204148730	1518876436302	317.0	-44.0	-12.0	95.0	
1504204148748	1518896577903	317.0	-44.0	-12.0	95.0	
1504204148766	1518916719505	317.0	-44.0	-12.0	95.0	
1504204148785	1518936861107	317.0	-44.0	-12.0	95.0	
1504204148801	1518957002708	317.0	-44.0	-12.0	95.0	
1504204148818	1518977144310	317.0	-44.0	-12.0	95.0	
1504204148861	1518997285911	317.0	-44.0	-12.0	95.0	
1504204148871	1519017427513	317.0	-44.0	-12.0	95.0	
1504204148891	1519037569114	317.0	-44.0	-12.0	95.0	
1504204148908	1519057710716	317.0	-44.0	-12.0	95.0	
1504204148924	1519077852317	317.0	-43.329864501953125	-12.0	95.0	
1504204148943	1519097993919	317.0	-43.0	-12.0	95.0	
1504204148959	1519118135521	317.0	-43.0	-12.0	95.0	
1504204148995	1519138277122	317.0	-43.0	-12.0	95.0	
1504204149015	1519158418724	317.0	-43.0	-12.0	95.0	
1504204149031	1519178560325	317.0	-43.0	-12.0	95.0	
1504204149052	1519198701927	317.0	-43.0	-12.0	95.0	
1504204149069	1519218843528	317.0	-43.0	-12.0	95.0	
1504204149086	1519238985130	317.0	-43.0	-12.0	95.0	
1504204149103	1519259126732	317.0	-43.0	-12.0	95.0	
1504204149136	1519279268333	317.0	-43.0	-12.0	95.0	
1504204149154	1519299409935	317.0	-43.0	-12.0	95.0	
1504204149171	1519319551536	317.0	-43.0	-12.0	95.0	
1504204149188	1519339693138	317.0	-43.0	-12.0	95.0	
1504204149207	1519359834739	317.0	-43.0	-12.0	95.0	
1504204149232	1519379976341	317.0	-43.0	-12.0	95.0	
1504204149258	1519400117942	317.0	-43.0	-12.0	95.0	
1504204149281	1519420259544	317.0	-43.0	-12.0	95.0	
1504204149295	1519440401146	317.0	-43.0	-12.0	95.0	
1504204149314	1519460542747	317.0	-43.0	-12.0	95.0	
1504204149330	1519480711823	317.0	-43.0	-12.0	95.0	
1504204149347	1519500853424	317.0	-43.0	-12.0	95.0	
1504204149366	1519520995026	317.0	-43.0	-12.0	95.0	
1504204149401	1519541136627	317.0	-43.0	-12.0	95.0	
1504204149418	1519561278229	317.0	-43.0	-12.0	95.0	
1504204149436	1519581419831	317.0	-43.0	-12.0	95.0	
1504204149454	1519601561432	317.0	-43.0	-12.0	95.0	
1504204149472	1519621703034	317.0	-43.0	-12.0	95.0	
1504204149488	1519641844635	317.0	-43.0	-12.0	95.0	
1504204149509	1519661986237	317.0	-43.0	-12.0	95.0	
1504204149540	1519682127838	317.0	-43.0	-12.0	95.0	
1504204149559	1519702269440	317.0	-43.0	-12.0	95.0	
1504204149577	1519722411041	317.0	-43.0	-12.0	95.0	
1504204149595	1519742552643	317.0	-43.0	-12.0	95.0	
1504204149612	1519762694245	317.0	-43.0	-12.0	95.0	
1504204149630	1519782835846	317.0	-43.0	-12.0	95.0	
1504204149647	1519802977448	317.0	-43.0	-12.0	95.0	
1504204149682	1519823119049	317.0	-43.0	-12.0	95.0	
1504204149700	1519843260651	317.0	-43.0	-12.0	95.0	
1504204149717	1519863402252	317.0	-43.0	-12.0	95.0	
1504204149735	1519883543854	317.0	-43.0	-12.0	95.0	
1504204149752	1519903685456	317.0	-43.0	-12.0	95.0	
1504204149772	1519923827057	317.0	-43.0	-12.0	95.0	
1504204149793	1519943968659	317.0	-43.0	-11.059036254882813	95.0	
1504204149822	1519964110260	317.0	-43.0	-11.0	95.0	
1504204149842	1519984251862	317.0	-43.0	-11.0	95.0	
1504204149858	1520004393463	317.0	-43.0	-11.0	95.0	
1504204149876	1520024535065	317.0	-43.0	-11.0	95.0	
1504204149894	1520044676666	317.0	-42.329864501953125	-11.0	95.0	
1504204149911	1520064818268	317.81597900390625	-42.0	-11.0	95.0	
1504204149929	1520084959870	318.0	-42.0	-10.0382080078125	95.0	
1504204149964	1520105101471	318.0	-42.0	-10.0	95.0	
1504204149982	1520125243073	318.25347900390625	-42.0	-10.0	95.0	
1504204149999	1520145384674	319.0	-42.0	-9.6007080078125	95.0	
1504204150017	1520165526276	319.0	-42.0	-9.0	95.0	
1504204150038	1520185667877	319.0	-42.0	-9.0	95.0	
1504204150053	1520205809479	319.0	-42.8367919921875	-9.0	95.0	
1504204150070	1520225951081	319.9826354980469	-43.0	-9.0	95.0	
1504204150109	1520246092682	320.0	-42.87153625488281	-9.0	95.0	
1504204150123	1520266234284	320.0	-42.2742919921875	-9.0	95.0	
1504204150140	1520286375885	320.0	-43.0	-9.0	95.0	
1504204150160	1520306517487	320.0	-42.43403625488281	-9.0	95.0	
1504204150177	1520326659088	320.0	-42.0	-9.0	95.0	
1504204150193	1520346800690	320.0	-42.0	-9.0	95.0	
1504204150229	1520366942291	320.0	-42.0	-9.0	95.0	
1504204150246	1520387083893	320.0	-42.0	-9.0	95.0	
1504204150271	1520407225495	320.0	-42.0	-9.0	95.0	
1504204150281	1520427367096	320.0	-42.44096374511719	-9.0	95.0	
1504204150302	1520447508698	320.0	-43.0	-9.0	95.0	
1504204150316	1520467650299	320.0	-43.0	-9.722885131835938	95.0	
1504204150336	1520487791901	320.0	-43.0	-9.141143798828125	95.0	
1504204150352	1520507933502	320.0	-43.0	-9.0	95.0	
1504204150387	1520528075104	320.0	-43.0	-9.0	95.0	
1504204150404	1520548216706	320.0	-43.0	-9.0	95.0	
1504204150423	1520568358307	320.0	-43.0	-9.0	95.0	
1504204150440	1520588499909	320.0	-43.0	-9.0	95.0	
1504204150458	1520608641510	320.0	-43.0	-9.0	95.0	
1504204150477	1520628783112	320.0	-43.0	-9.0	95.0	
1504204150493	1520648924713	320.0	-43.0	-9.0	95.0	
1504204150529	1520669066315	320.0	-42.08433532714844	-9.0	95.0	
1504204150545	1520689207916	320.0	-43.0	-9.0	95.0	
1504204150566	1520709349518	320.0	-43.0	-9.0	95.0	
1504204150581	1520729491120	320.0	-43.0	-9.0	95.0	
1504204150598	1520749632721	320.0	-43.0	-9.0	95.0	
1504204150616	1520769774323	320.0	-43.0	-9.0	95.0	
1504204150635	1520789915924	320.0	-42.09983825683594	-9.0	95.0	
1504204150669	1520810057526	320.0	-43.0	-9.0	95.0	
1504204150686	1520830199127	320.0	-42.826171875	-9.0	95.0	
1504204150706	1520850340729	320.0	-42.0	-9.0	95.0	
1504204150722	1520870482331	320.0	-42.0	-9.0	95.0	
1504204150742	1520890623932	320.0	-42.0	-9.0	95.0	
1504204150758	1520910765534	320.0	-42.71772766113281	-9.0	95.0	
1504204150775	1520930907135	320.0	-43.0	-9.0	95.0	
1504204150794	1520951048737	320.0	-43.0	-9.0	95.0	
1504204150830	1520971190338	320.0	-43.0	-9.0	95.0	
1504204150845	1520991331940	320.0	-43.0	-9.0	95.0	
1504204150863	1521011473541	320.0	-43.0	-9.0	95.0	
1504204150880	1521031615143	320.0	-43.0	-9.0	95.0	
1504204150900	1521051756745	320.0	-43.0	-9.0	95.0	
1504204150916	1521071898346	320.0	-43.0	-9.0	95.0	
1504204150934	1521092039948	320.0	-43.0	-9.0	95.0	
1504204150968	1521112181549	320.0	-43.0	-9.0	95.0	
1504204150987	1521132323151	320.0	-43.0	-9.0	95.0	
1504204151005	1521152464752	320.0	-43.0	-9.0	95.0	
1504204151022	1521172606354	320.0	-43.0	-9.0	95.0	
1504204151040	1521192747956	320.0	-43.0	-9.0	95.0	
1504204151059	1521212889557	320.0	-43.0	-9.0	95.0	
1504204151074	1521233031159	320.0	-43.0	-9.0	95.0	
1504204151109	1521253172760	320.0	-43.0	-9.0	95.0	
1504204151127	1521273314362	320.0	-43.0	-9.0	95.0	
1504204151145	1521293455963	320.0	-43.0	-9.0	95.0	
1504204151164	1521313597565	320.0	-43.0	-9.0	95.0	
1504204151185	1521333739166	320.0	-43.0	-9.0	95.0	
1504204151198	1521353880768	320.0	-43.0	-9.0	95.0	
1504204151216	1521374022370	320.0	-43.0	-9.0	95.0	
1504204151233	1521394163971	320.0	-43.0	-9.0	95.0	
1504204151271	1521414305573	320.0	-43.0	-9.0	95.0	
1504204151290	1521434447174	320.0	-43.0	-9.0	95.0	
1504204151304	1521454588776	320.0	-43.0	-9.0	95.0	
1504204151322	1521474730377	320.0	-43.0	-9.0	95.0	
1504204151339	1521494871979	320.0	-43.0	-9.0	95.0	
1504204151360	1521515013581	320.0	-43.0	-9.0	95.0	
1504204151375	1521535155182	320.0	-43.0	-9.0	95.0	
1504204151411	1521555296784	320.0	-43.0	-9.0	95.0	
1504204151429	1521575438385	320.0	-43.0	-9.0	95.0	
1504204151445	1521595579987	320.0	-43.0	-9.0	95.0	
1504204151463	1521615721588	320.0	-43.0	-9.0	95.0	
1504204151482	1521635863190	320.0	-43.0	-9.0	95.0	
1504204151498	1521656004791	320.0	-43.0	-9.0	95.0	
1504204151515	1521676146393	320.0	-43.0	-9.0	95.0	
1504204151551	1521696287995	320.0	-43.0	-9.0	95.0	
1504204151568	1521716429596	320.0	-43.0	-9.0	95.0	
1504204151587	1521736571198	320.0	-43.0	-9.0	95.0	
1504204151604	1521756712799	320.0	-43.0	-9.0	95.0	
1504204151622	1521776854401	320.0	-43.0	-9.0	95.0	
1504204151640	1521796996002	320.0	-43.0	-9.0	95.0	
1504204151656	1521817137604	320.0	-43.0	-9.0	95.0	
1504204151673	1521837279206	320.0	-43.0	-9.0	95.0	
1504204151709	1521857420807	320.0	-43.0	-9.0	95.0	
1504204151727	1521877562409	320.0	-43.0	-9.0	95.0	
1504204151746	1521897704010	320.0	-43.0	-9.0	95.0	
1504204151763	1521917845612	320.0	-43.0	-9.0	95.0	
1504204151779	1521937987213	320.0	-43.0	-9.0	95.0	
1504204151798	1521958128815	320.0	-43.0	-9.0	95.0	
1504204151816	1521978270416	320.0	-43.0	-9.0	95.0	
1504204151852	1521998412018	320.0	-43.0	-9.0	95.0	
1504204151868	1522018553620	320.0	-43.0	-9.0	95.0	
1504204151889	1522038695221	320.0	-43.0	-9.0	95.0	
1504204151904	1522058836823	320.0	-43.0	-9.0	95.0	
1504204151921	1522078978424	320.0	-43.0	-9.0	95.0	
1504204151938	1522099120026	320.0	-43.0	-9.0	95.0	
1504204151955	1522119261627	320.0	-43.0	-9.0	95.0	
1504204151991	1522139403229	320.0	-43.0	-9.0	95.0	
1504204152009	1522159544831	320.0	-43.0	-9.0	95.0	
1504204152027	1522179686432	320.0	-43.0	-9.0	95.0	
1504204152044	1522199828034	320.0	-43.0	-9.0	95.0	
1504204152063	1522219969635	320.0	-43.0	-9.0	95.0	
1504204152080	1522240111237	320.0	-43.0	-9.0	95.0	
1504204152097	1522260252838	320.0	-43.0	-9.0	95.0	
1504204152115	1522280394440	320.0	-43.0	-9.0	95.0	
1504204152153	1522300536041	320.0	-43.0	-9.0	95.0	
1504204152168	1522320677643	320.0	-43.0	-9.0	95.0	
1504204152185	1522340819245	320.0	-43.0	-9.0	95.0	
1504204152202	1522360960846	320.0	-43.0	-9.0	95.0	
1504204152222	1522381102448	320.0	-43.0	-9.0	95.0	
1504204152237	1522401244049	320.0	-43.0	-9.0	95.0	
1504204152256	1522421385651	320.0	-43.0	-9.0	95.0	
1504204152291	1522441527252	320.0	-43.0	-9.0	95.0	
1504204152308	1522461668854	320.0	-43.0	-9.0	95.0	
1504204152327	1522481810456	320.0	-43.0	-9.0	95.0	
1504204152343	1522501952057	320.0	-43.0	-9.0	95.0	
1504204152362	1522522093659	320.0	-43.0	-9.717010498046875	95.0	
1504204152384	1522542235260	320.0	-43.0	-10.0	95.0	
1504204152422	1522562376862	320.0	-43.0	-10.0	95.0	
1504204152435	1522582518463	320.0	-43.0	-10.0	95.0	
1504204152451	1522602660065	320.0	-43.0	-9.699661254882813	95.0	
1504204152469	1522622801666	320.0	-43.0	-9.0	95.0	
1504204152486	1522642943268	320.0	-43.0	-9.0	95.0	
1504204152510	1522663084870	320.0	-43.0	-9.0	95.0	
1504204152527	1522683226471	320.0	-43.0	-9.8836669921875	95.0	
1504204152555	1522703368073	320.0	-43.0	-10.0	95.0	
1504204152573	1522723509674	320.0	-43.0	-10.0	95.0	
1504204152592	1522743651276	320.0	-43.0	-9.6788330078125	95.0	
1504204152609	1522763792877	320.0	-43.0	-9.0	95.0	
1504204152626	1522783934479	320.0	-43.0	-9.0	95.0	
1504204152644	1522804076081	320.0	-43.0	-9.0	95.0	
1504204152660	1522824217682	320.0	-43.0	-9.0	95.0	
1504204152697	1522844359284	320.0	-43.0	-9.0	95.0	
1504204152714	1522864500885	320.0	-43.0	-9.0	95.0	
1504204152731	1522884642487	320.0	-43.0	-9.0	95.0	
1504204152753	1522904784088	320.0	-43.0	-9.487838745117188	95.0	
1504204152770	1522924925690	320.0	-43.0	-10.0	95.0	
1504204152784	1522945067291	320.0	-43.0	-10.0	95.0	
1504204152806	1522965208893	320.0	-43.0	-10.0	95.0	
1504204152837	1522985350495	320.0	-43.0	-9.0	95.0	
1504204152855	1523005492096	320.0	-43.0	-9.0	95.0	
1504204152874	1523025633698	320.0	-43.0	-9.0	95.0	
1504204152909	1523045775299	320.0	-43.0	-9.5086669921875	95.0	
1504204152933	1523065916901	320.0	-43.0	-10.0	95.0	
1504204152944	1523086058502	320.0	-43.0	-10.0	95.0	
1504204152955	1523106200104	320.0	-43.0	-10.0	95.0	
1504204152978	1523126341706	320.0	-43.0	-9.0	95.0	
1504204152996	1523146483307	320.0	-43.0	-9.0	95.0	
1504204153015	1523166624909	320.0	-43.0	-9.0	95.0	
1504204153031	1523186766510	320.0	-43.0	-9.0	95.0	
1504204153049	1523206908112	320.0	-43.0	-9.0	95.0	
1504204153068	1523227049713	320.0	-43.0	-9.0	95.0	
1504204153083	1523247191315	320.0	-43.0	-9.0	95.0	
1504204153120	1523267332916	320.0	-43.0	-9.0	95.0	
1504204153137	1523287474518	320.0	-43.0	-9.0	95.0	
1504204153154	1523307616120	320.0	-43.0	-9.0	95.0	
1504204153173	1523327757721	320.0	-43.0	-9.0	95.0	
1504204153189	1523347899323	320.0	-43.0	-9.0	95.0	
1504204153209	1523368040924	320.0	-43.0	-9.0	95.0	
1504204153226	1523388182526	320.0	-43.0	-9.0	95.0	
1504204153260	1523408324127	320.0	-43.0	-9.0	95.0	
1504204153277	1523428465729	320.0	-43.0	-9.0	95.0	
1504204153296	1523448607331	320.0	-43.0	-9.0	95.0	
1504204153314	1523468748932	320.0	-43.0	-9.0	95.0	
1504204153332	1523488890534	320.0	-43.0	-9.0	95.0	
1504204153348	1523509032135	320.0	-43.0	-9.0	95.0	
1504204153384	1523529173737	320.0	-43.0	-9.0	95.0	
1504204153401	1523549315338	320.0	-43.0	-9.0	95.0	
1504204153419	1523569456940	320.0	-43.0	-9.0	95.0	
1504204153438	1523589598541	320.0	-43.0	-9.0	95.0	
1504204153454	1523609740143	320.0	-43.0	-9.0	95.0	
1504204153475	1523629881745	320.0	-43.0	-9.0	95.0	
1504204153494	1523650023346	320.0	-43.0	-9.0	95.0	
1504204153526	1523670164948	320.0	-43.0	-9.0	95.0	
1504204153543	1523690306549	320.0	-43.0	-9.0	95.0	
1504204153561	1523710448151	320.0	-43.0	-9.0	95.0	
1504204153577	1523730589752	320.0	-43.0	-9.0	95.0	
1504204153596	1523750731354	320.0	-43.0	-9.0	95.0	
1504204153613	1523770872956	320.0	-43.0	-9.0	95.0	
1504204153632	1523791014557	320.0	-43.0	-9.0	95.0	
1504204153666	1523811156159	320.0	-43.0	-9.0	95.0	
1504204153683	1523831297760	320.0	-43.0	-9.0	95.0	
1504204153702	1523851439362	320.0	-43.0	-9.0	95.0	
1504204153721	1523871580963	320.0	-43.0	-9.0	95.0	
1504204153739	1523891722565	320.0	-43.0	-9.0	95.0	
1504204153755	1523911864166	320.0	-43.0	-9.0	95.0	
1504204153771	1523932005768	320.0	-43.0	-9.0	95.0	
1504204153806	1523952147370	320.0	-43.0	-9.0	95.0	
1504204153824	1523972288971	320.0	-43.0	-9.0	95.0	
1504204153842	1523992430573	320.0	-43.0	-9.0	95.0	
1504204153861	1524012572174	320.0	-43.0	-9.0	95.0	
1504204153877	1524032713776	320.0	-43.0	-9.0	95.0	
1504204153895	1524052855377	320.0	-43.0	-9.0	95.0	
1504204153915	1524072996979	320.0	-43.0	-9.0	95.0	
1504204153948	1524093138581	320.0	-43.0	-9.0	95.0	
1504204153966	1524113280182	320.0	-43.0	-9.0	95.0	
1504204153984	1524133421784	320.0	-43.0	-9.0	95.0	
1504204154004	1524153563385	320.0	-43.0	-9.0	95.0	
1504204154019	1524173704987	320.0	-43.0	-9.0	95.0	
1504204154036	1524193846588	320.0	-43.0	-9.0	95.0	
1504204154053	1524213988190	320.0	-43.0	-9.0	95.0	
1504204154088	1524234129791	320.0	-43.0	-9.0	95.0	
1504204154107	1524254271393	320.0	-43.0	-9.0	95.0	
1504204154124	1524274412995	320.0	-43.0	-9.0	95.0	
1504204154142	1524294554596	320.0	-43.0	-9.0	95.0	
1504204154159	1524314696198	320.0	-43.0	-9.0	95.0	
1504204154178	1524334837799	320.0	-43.0	-9.0	95.0	
1504204154194	1524354979401	320.0	-43.0	-9.0	95.0	
1504204154230	1524375121002	320.0	-43.0	-9.0	95.0	
1504204154247	1524395262604	320.0	-43.0	-9.0	95.0	
1504204154268	1524415404206	320.0	-43.0	-9.0	95.0	
1504204154283	1524435545807	320.0	-43.0	-9.0	95.0	
1504204154300	1524455687409	320.0	-43.0	-9.0	95.0	
1504204154318	1524475829010	320.0	-43.0	-9.0	95.0	
1504204154352	1524495970612	320.0	-43.0	-9.0	95.0	
1504204154371	1524516112213	320.0	-43.0	-9.0	95.0	
1504204154388	1524536253815	320.0	-43.0	-9.0	95.0	
1504204154406	1524556395416	320.0	-43.0	-9.0	95.0	
1504204154424	1524576537018	320.0	-43.0	-9.0	95.0	
1504204154443	1524596678620	320.0	-43.0	-9.0	95.0	
1504204154459	1524616820221	320.0	-43.0	-9.0	95.0	
1504204154495	1524636961823	320.0	-43.0	-9.0	95.0	
1504204154513	1524657103424	320.0	-43.0	-9.0	95.0	
1504204154534	1524677245026	320.0	-43.0	-9.0	95.0	
1504204154547	1524697386627	320.0	-43.0	-9.0	95.0	
1504204154566	1524717528229	320.0	-43.0	-9.0	95.0	
1504204154583	1524737669831	320.0	-43.0	-9.0	95.0	
1504204154601	1524757811432	320.0	-43.0	-9.0	95.0	
1504204154639	1524777953034	320.0	-43.0	-9.0	95.0	
1504204154654	1524798094635	320.0	-43.0	-9.0	95.0	
1504204154670	1524818236237	320.0	-43.0	-9.0	95.0	
1504204154688	1524838377838	320.0	-43.0	-9.0	95.0	
1504204154706	1524858519440	320.0	-43.0	-9.0	95.0	
1504204154723	1524878661041	320.0	-43.0	-9.0	95.0	
1504204154741	1524898802643	320.0	-43.0	-9.0	95.0	
1504204154775	1524918944245	320.0	-43.0	-9.0	95.0	
1504204154799	1524939085846	320.0	-43.0	-9.0	95.0	
1504204154811	1524959227448	320.0	-43.0	-9.0	95.0	
1504204154829	1524979369049	320.0	-43.0	-9.0	95.0	
1504204154848	1524999510651	320.0	-43.0	-9.0	95.0	
1504204154867	1525019652252	320.0	-43.0	-9.0	95.0	
1504204154882	1525039793854	320.0	-43.0	-9.0	95.0	
1504204154917	1525059935456	320.0	-43.0	-9.0	95.0	
1504204154935	1525080077057	320.0	-43.0	-9.0	95.0	
1504204154952	1525100218659	320.0	-43.0	-9.0	95.0	
1504204154969	1525120360260	320.0	-43.0	-9.0	95.0	
1504204154987	1525140501862	320.0	-43.0	-9.0	95.0	
1504204155005	1525160643463	320.0	-43.0	-9.0	95.0	
1504204155026	1525180785065	320.0	-43.0	-9.0	95.0	
1504204155060	1525200926666	320.0	-43.0	-9.0	95.0	
1504204155076	1525221068268	320.0	-43.0	-9.0	95.0	
1504204155093	1525241209870	320.0	-43.0	-9.0	95.0	
1504204155111	1525261351471	320.0	-43.0	-9.0	95.0	
1504204155130	1525281493073	320.0	-43.0	-9.0	95.0	
1504204155146	1525301634674	320.0	-43.0	-9.0	95.0	
1504204155164	1525321776276	320.0	-43.0	-9.0	95.0	
1504204155198	1525341917877	320.0	-43.0	-9.0	95.0	
1504204155218	1525362059479	320.0	-43.0	-9.0	95.0	
1504204155235	1525382201081	320.0	-43.0	-9.0	95.0	
1504204155254	1525402342682	320.0	-43.0	-9.0	95.0	
1504204155269	1525422484284	320.0	-43.0	-9.0	95.0	
1504204155288	1525442625885	320.0	-43.0	-9.0	95.0	
1504204155325	1525462767487	320.0	-43.0	-9.0	95.0	
1504204155340	1525482909088	320.0	-43.0	-9.0	95.0	
1504204155357	1525503050690	320.0	-43.0	-9.0	95.0	
1504204155375	1525523192291	320.0	-43.0	-9.0	95.0	
1504204155392	1525543333893	320.0	-43.0	-9.0	95.0	
1504204155410	1525563475495	320.0	-43.0	-9.0	95.0	
1504204155428	1525583617096	320.0	-43.0	-9.0	95.0	
1504204155463	1525603758698	320.0	-43.0	-9.0	95.0	
1504204155480	1525623900299	320.0	-43.0	-9.0	95.0	
1504204155501	1525644041901	320.0	-43.0	-9.0	95.0	
1504204155517	1525664183502	320.0	-43.0	-9.0	95.0	
1504204155534	1525684325104	320.0	-43.0	-9.0	95.0	
1504204155559	1525704466706	320.0	-43.0	-9.0	95.0	
1504204155570	1525724608307	320.0	-43.0	-9.0	95.0	
1504204155605	1525744749909	320.0	-43.0	-9.0	95.0	
1504204155621	1525764891510	320.0	-43.0	-9.0	95.0	
1504204155639	1525785033112	320.0	-43.0	-9.0	95.0	
1504204155657	1525805174713	320.0	-43.0	-9.0	95.0	
1504204155674	1525825316315	320.0	-43.0	-9.0	95.0	
1504204155692	1525845457916	320.0	-43.0	-9.0	95.0	
1504204155711	1525865599518	320.0	-43.0	-9.0	95.0	
1504204155745	1525885741120	320.0	-43.0	-9.0	95.0	
1504204155762	1525905882721	320.0	-43.0	-9.0	95.0	
1504204155781	1525926024323	320.0	-43.0	-9.0	95.0	
1504204155798	1525946165924	320.0	-43.0	-9.0	95.0	
1504204155817	1525966307526	320.0	-43.0	-9.0	95.0	
1504204155836	1525986449127	320.0	-43.0	-9.0	95.0	
1504204155854	1526006590729	320.0	-43.0	-9.0	95.0	
1504204155886	1526026732331	320.0	-43.0	-9.0	95.0	
1504204155903	1526046873932	320.0	-43.0	-9.0	95.0	
1504204155921	1526067015534	320.0	-43.0	-9.0	95.0	
1504204155940	1526087157135	320.0	-43.0	-9.0	95.0	
1504204155959	1526107298737	320.0	-43.0	-9.0	95.0	
1504204155977	1526127440338	320.0	-43.0	-9.0	95.0	
1504204155992	1526147581940	320.0	-43.0	-9.0	95.0	
1504204156028	1526167723541	320.0	-43.0	-9.0	95.0	
1504204156049	1526187865143	320.0	-43.0	-9.0	95.0	
1504204156068	1526208006745	320.0	-43.0	-9.0	95.0	
1504204156084	1526228148346	320.0	-43.0	-9.0	95.0	
1504204156100	1526248289948	320.0	-43.0	-9.0	95.0	
1504204156120	1526268431549	320.0	-43.0	-9.0	95.0	
1504204156140	1526288573151	320.0	-43.0	-9.0	95.0	
1504204156170	1526308714752	320.0	-43.0	-9.0	95.0	
1504204156185	1526328856354	320.0	-43.0	-9.0	95.0	
1504204156203	1526348997956	320.0	-43.0	-9.0	95.0	
1504204156221	1526369139557	320.0	-43.0	-9.0	95.0	
1504204156240	1526389281159	320.0	-43.0	-9.0	95.0	
1504204156256	1526409422760	320.0	-43.0	-9.0	95.0	
1504204156280	1526429564362	320.0	-43.0	-9.0	95.0	
1504204156309	1526449705963	320.0	-43.0	-9.0	95.0	
1504204156326	1526469847565	320.0	-43.0	-9.0	95.0	
1504204156351	1526489989166	320.0	-43.0	-9.0	95.0	
1504204156362	1526510130768	320.0	-43.0	-9.0	95.0	
1504204156383	1526530272370	320.0	-43.0	-9.0	95.0	
1504204156398	1526550413971	320.0	-43.0	-9.0	95.0	
1504204156415	1526570555573	320.0	-43.0	-9.0	95.0	
1504204156452	1526590697174	320.0	-43.0	-9.0	95.0	
1504204156467	1526610838776	320.0	-43.0	-9.0	95.0	
1504204156485	1526630980377	320.0	-43.0	-9.0	95.0	
1504204156503	1526651121979	320.0	-43.0	-9.0	95.0	
1504204156521	1526671263581	320.0	-43.0	-9.0	95.0	
1504204156539	1526691405182	320.0	-43.0	-9.0	95.0	
1504204156556	1526711546784	320.0	-43.0	-9.0	95.0	
1504204156591	1526731688385	320.0	-43.0	-9.0	95.0	
1504204156608	1526751829987	320.0	-43.0	-9.0	95.0	
1504204156627	1526771971588	320.0	-43.0	-9.0	95.0	
1504204156648	1526792113190	320.0	-43.0	-9.0	95.0	
1504204156664	1526812254791	320.0	-43.0	-9.0	95.0	
1504204156680	1526832396393	320.0	-43.0	-9.0	95.0	
1504204156697	1526852537995	320.0	-43.0	-9.0	95.0	
1504204156733	1526872679596	320.0	-43.0	-9.0	95.0	
1504204156750	1526892821198	320.0	-43.0	-9.0	95.0	
1504204156768	1526912962799	320.0	-43.0	-9.0	95.0	
1504204156786	1526933104401	320.0	-43.0	-9.0	95.0	
1504204156803	1526953246002	320.0	-43.0	-9.0	95.0	
1504204156823	1526973387604	320.0	-43.0	-9.0	95.0	
1504204156838	1526993529206	320.0	-43.0	-9.0	95.0	
1504204156875	1527013670807	320.0	-43.0	-9.0	95.0	
1504204156890	1527033812409	320.0	-43.0	-9.0	95.0	
1504204156912	1527053954010	320.0	-43.0	-9.0	95.0	
1504204156926	1527074095612	320.0	-43.0	-9.0	95.0	
1504204156944	1527094237213	320.0	-43.0	-9.0	95.0	
1504204156962	1527114378815	320.0	-43.0	-9.0	95.0	
1504204156980	1527134520416	320.0	-43.0	-9.0	95.0	
1504204157014	1527154662018	320.0	-43.0	-9.0	95.0	
1504204157031	1527174803620	320.0	-43.0	-9.0	95.0	
1504204157049	1527194945221	320.0	-43.0	-9.0	95.0	
1504204157067	1527215086823	320.0	-43.0	-9.0	95.0	
1504204157085	1527235228424	320.0	-43.0	-9.0	95.0	
1504204157102	1527255370026	320.0	-43.0	-9.0	95.0	
1504204157120	1527275511627	320.0	-43.0	-9.0	95.0	
1504204157156	1527295653229	320.0	-43.0	-9.0	95.0	
1504204157176	1527315794831	320.0	-43.0	-9.0	95.0	
1504204157191	1527335936432	320.0	-43.0	-9.0	95.0	
1504204157208	1527356078034	320.0	-43.0	-9.0	95.0	
1504204157225	1527376219635	320.0	-43.0	-9.0	95.0	
1504204157245	1527396361237	320.0	-43.0	-9.0	95.0	
1504204157261	1527416502838	320.0	-43.0	-9.0	95.0	
1504204157297	1527436644440	320.0	-43.0	-9.0	95.0	
1504204157313	1527456786041	320.0	-43.0	-9.0	95.0	
1504204157332	1527476927643	320.0	-43.0	-9.0	95.0	
1504204157349	1527497069245	320.4584655761719	-43.0	-9.0	95.0	
1504204157367	1527517210846	320.399658203125	-43.0	-9.0	95.0	
1504204157385	1527537352448	320.74090576171875	-43.0	-9.0	95.0	
1504204157403	1527557494049	321.0	-43.0	-9.0	95.0	
1504204157444	1527577635651	321.0	-43.0	-9.0	95.0	
1504204157458	1527597777252	321.0	-43.0	-9.0	95.0	
1504204157473	1527617918854	321.0	-43.0	-9.0	95.0	
1504204157490	1527638060456	321.0	-43.0	-9.0	95.0	
1504204157508	1527658202057	321.0	-43.0	-9.586502075195313	95.0	
1504204157526	1527678343659	321.0	-43.0	-10.0	95.0	
1504204157543	1527698485260	321.0	-43.0	-10.0	95.0	
1504204157580	1527718626862	320.0	-43.0	-10.0	95.0	
1504204157598	1527738768463	320.0	-43.0	-10.0	95.0	
1504204157615	1527758910065	320.2906494140625	-43.0	-10.0	95.0	
1504204157635	1527779051666	321.0	-43.0	-10.0	95.0	
1504204157660	1527799193268	321.0	-43.0	-10.0	95.0	
1504204157676	1527819334870	321.0	-43.0	-10.0	95.0	
1504204157696	1527839476471	321.0	-43.0	-10.0	95.0	
1504204157706	1527859618073	320.00518798828125	-43.0	-10.0	95.0	
1504204157737	1527879759674	320.0	-43.0	-10.0	95.0	
1504204157756	1527899901276	320.0	-43.0	-10.0	95.0	
1504204157775	1527920042877	320.0	-43.0	-10.0	95.0	
1504204157791	1527940184479	320.0	-43.0	-10.0	95.0	
1504204157808	1527960326081	320.0	-43.0	-10.0	95.0	
1504204157829	1527980467682	320.0	-43.0	-10.0	95.0	
1504204157843	1528000609284	320.0	-43.0	-10.0	95.0	
1504204157878	1528020750885	320.0	-43.0	-10.0	95.0	
1504204157895	1528040892487	320.0	-43.0	-10.0	95.0	
1504204157913	1528061034088	320.0	-43.0	-10.0	95.0	
1504204157933	1528081175690	320.0	-43.0	-10.0	95.0	
1504204157949	1528101317291	320.0	-43.0	-10.0	95.0	
1504204157969	1528121458893	320.0	-43.0	-10.0	95.0	
1504204157985	1528141600495	320.0	-43.0	-10.0	95.0	
1504204158018	1528161742096	320.0	-43.0	-10.0	95.0	
1504204158037	1528181883698	320.0	-43.0	-10.0	95.0	
1504204158060	1528202025299	320.0	-43.0	-10.0	95.0	
1504204158079	1528222166901	320.0	-43.0	-10.0	95.0	
1504204158092	1528242308502	320.0	-43.0	-10.0	95.0	
1504204158108	1528262450104	320.0	-43.0	-10.0	95.0	
1504204158125	1528282591706	320.0	-42.04498291015625	-10.0	95.0	
1504204158159	1528302733307	320.0	-42.0	-10.0	95.0	
1504204158184	1528322874909	320.0	-42.0	-10.0	95.0	
1504204158201	1528343016510	320.0	-42.0	-10.0	95.0	
1504204158222	1528363158112	320.0	-42.51902770996094	-10.0	95.0	
1504204158237	1528383299713	320.0	-43.0	-10.0	95.0	
1504204158249	1528403441315	320.0	-43.0	-10.0	95.0	
1504204158267	1528423582916	320.0	-42.05873107910156	-10.0	95.0	
1504204158300	1528443724518	320.0	-42.0	-10.0	95.0	
1504204158318	1528463866120	320.0	-42.0	-10.0	95.0	
1504204158336	1528484007721	320.0	-42.0	-10.0	95.0	
1504204158354	1528504149323	320.0	-42.0	-10.0	95.0	
1504204158371	1528524290924	320.0	-42.0	-10.0	95.0	
1504204158389	1528544432526	320.0	-42.0	-10.0	95.0	
1504204158407	1528564574127	320.0	-42.927459716796875	-10.0	95.0	
1504204158441	1528584715729	320.0	-42.93092346191406	-10.0	95.0	
1504204158460	1528604857331	320.0	-42.0	-10.0	95.0	
1504204158478	1528624998932	320.0	-42.0	-10.0	95.0	
1504204158499	1528645140534	320.0	-42.0	-10.0	95.0	
1504204158514	1528665282135	320.0	-42.0	-10.0	95.0	
1504204158532	1528685423737	320.0	-42.0	-10.0	95.0	
1504204158550	1528705565338	320.0	-42.0	-10.0	95.0	
1504204158582	1528725706940	320.0	-42.0	-10.0	95.0	
1504204158601	1528745848541	320.0	-42.0	-10.0	95.0	
1504204158618	1528765990143	320.0	-42.0	-10.0	95.0	
1504204158636	1528786131745	320.0	-42.0	-10.0	95.0	
1504204158660	1528806273346	320.0	-42.0	-10.0	95.0	
1504204158673	1528826414948	320.0	-42.0	-9.240081787109375	95.0	
1504204158689	1528846556549	320.0	-42.0	-9.0	95.0	
1504204158724	1528866698151	320.04150390625	-42.0	-10.0	95.0	
1504204158744	1528886839752	321.0	-42.0	-10.0	95.0	
1504204158761	1528906981354	321.0	-42.0	-10.0	95.0	
1504204158777	1528927122956	321.0	-42.0	-9.535415649414063	95.0	
1504204158794	1528947264557	321.0	-42.0	-9.0	95.0	
1504204158812	1528967406159	321.0	-42.0	-9.746109008789063	95.0	
1504204158831	1528987547760	321.0	-42.0	-10.0	95.0	
1504204158865	1529007689362	321.0	-42.0	-10.0	95.0	
1504204158883	1529027830963	321.0	-42.0	-10.0	95.0	
1504204158900	1529047972565	321.0	-42.0	-10.0	95.0	
1504204158918	1529068114166	321.0	-42.0	-10.0	95.0	
1504204158937	1529088255768	321.0	-42.0	-10.0	95.0	
1504204158954	1529108397370	321.0	-42.0	-9.267715454101563	95.0	
1504204158972	1529128538971	321.0	-42.0	-9.873687744140625	95.0	
1504204159006	1529148680573	321.0	-42.0	-10.0	95.0	
1504204159026	1529168822174	321.0	-42.0	-10.0	95.0	
1504204159041	1529188963776	321.0	-42.0	-10.0	95.0	
1504204159059	1529209105377	321.0	-42.0	-9.562286376953125	95.0	
1504204159077	1529229246979	321.0	-42.0	-9.0	95.0	
1504204159096	1529249388581	321.0	-42.0	-9.719711303710938	95.0	
1504204159114	1529269530182	321.0	-42.0	-10.0	95.0	
1504204159149	1529289671784	321.0	-42.0	-10.0	95.0	
1504204159163	1529309813385	321.0	-42.0	-10.0	95.0	
1504204159182	1529329954987	321.0	-42.0	-10.0	95.0	
1504204159200	1529350096588	321.0	-42.0	-10.0	95.0	
1504204159218	1529370238190	321.0	-42.0	-9.43524169921875	95.0	
1504204159236	1529390379791	321.0	-42.0	-9.0	95.0	
1504204159254	1529410521393	321.0	-42.0	-9.0	95.0	
1504204159271	1529430662995	321.0	-42.0	-9.987884521484375	95.0	
1504204159305	1529450804596	321.0	-42.0	-10.0	95.0	
1504204159323	1529470934113	321.0	-42.0	-10.0	95.0	
1504204159341	1529491075714	321.0	-42.0	-10.0	95.0	
1504204159359	1529511217316	321.0	-42.0	-10.0	95.0	
1504204159376	1529531358917	321.0	-42.0	-10.0	95.0	
1504204159394	1529551500519	321.0	-42.0	-10.0	95.0	
1504204159412	1529571642121	321.0	-42.0	-10.0	95.0	
1504204159446	1529591783722	321.0	-42.0	-10.0	95.0	
1504204159465	1529611925324	321.0	-42.0	-10.0	95.0	
1504204159483	1529632066925	321.0	-42.0	-10.0	95.0	
1504204159500	1529652208527	321.0	-42.0	-10.0	95.0	
1504204159519	1529672350128	321.0	-42.0	-10.0	95.0	
1504204159535	1529692491730	321.0	-42.0	-10.0	95.0	
1504204159556	1529712633331	321.0	-42.0	-10.0	95.0	
1504204159587	1529732774933	321.0	-42.0	-10.0	95.0	
1504204159605	1529752916535	321.0	-42.0	-10.0	95.0	
1504204159624	1529773058136	321.0	-42.0	-10.0	95.0	
1504204159641	1529793199738	321.0	-42.0	-10.0	95.0	
1504204159658	1529813341339	321.0	-42.0	-10.0	95.0	
1504204159677	1529833482941	321.0	-42.0	-10.0	95.0	
1504204159694	1529853624542	321.0	-42.0	-10.0	95.0	
1504204159729	1529873766144	321.0	-42.0	-10.0	95.0	
1504204159747	1529893907746	321.0	-42.0	-10.0	95.0	
1504204159765	1529914049347	321.0	-42.0	-9.630401611328125	95.0	
1504204159783	1529934190949	321.0	-42.0	-9.0	95.0	
1504204159800	1529954332550	321.0	-42.0	-9.0	95.0	
1504204159821	1529974474152	321.0	-42.0	-9.0	95.0	
1504204159837	1529994615753	321.0	-42.0	-9.0	95.0	
1504204159869	1530014757355	321.0	-42.0	-9.0	95.0	
1504204159887	1530034898956	321.0	-42.0	-9.0	95.0	
1504204159905	1530055040558	321.0	-42.0	-9.0	95.0	
1504204159923	1530075182160	321.0	-42.0	-9.0	95.0	
1504204159942	1530095323761	321.0	-42.0	-9.0	95.0	
1504204159958	1530115465363	321.0	-42.0	-9.0	95.0	
1504204159976	1530135606964	321.0	-42.0	-9.0	95.0	
1504204160009	1530155748566	321.0	-42.0	-9.060546875	95.0	
1504204160029	1530175890167	321.0	-42.0	-10.0	95.0	
1504204160048	1530196031769	321.0	-42.0	-10.0	95.0	
1504204160064	1530216173371	321.0	-42.0	-10.0	95.0	
1504204160086	1530236314972	321.0	-42.0	-10.0	95.0	
1504204160101	1530256456574	321.0	-42.0	-10.0	95.0	
1504204160118	1530276598175	321.0	-42.0	-10.0	95.0	
1504204160151	1530296739777	321.0	-42.0	-10.0	95.0	
1504204160170	1530316881378	321.0	-42.18824768066406	-10.0	95.0	
1504204160190	1530337022980	321.0	-43.0	-10.0	95.0	
1504204160205	1530357164581	321.0	-43.0	-10.0	95.0	
1504204160222	1530377306183	320.3892822265625	-43.0	-10.0	95.0	
1504204160241	1530397447785	320.0	-43.0	-10.0	95.0	
1504204160259	1530417589386	320.0	-43.0	-10.0	95.0	
1504204160292	1530437730988	320.0	-43.0	-10.0	95.0	
1504204160310	1530457872589	320.0	-43.0	-10.174728393554688	95.0	
1504204160332	1530478014191	320.0	-43.0	-11.0	95.0	
1504204160349	1530498155792	320.0	-43.0	-11.0	95.0	
1504204160364	1530518297394	320.0	-43.0	-11.0	95.0	
1504204160380	1530538438996	320.0	-43.0	-11.0	95.0	
1504204160398	1530558580597	320.0	-43.0	-11.0	95.0	
1504204160433	1530578722199	320.0	-44.0	-11.0	95.0	
1504204160451	1530598863800	319.839111328125	-44.0	-11.0	95.0	
1504204160470	1530619005402	319.0	-44.0	-11.0	95.0	
1504204160486	1530639147003	319.0	-44.0	-11.0	95.0	
1504204160504	1530659288605	319.0	-44.0	-11.0	95.0	
1504204160526	1530679430206	319.0	-43.27510070800781	-11.0	95.0	
1504204160540	1530699571808	319.0	-43.0	-11.865280151367188	95.0	
1504204160573	1530719713410	319.0	-43.0	-12.0	95.0	
1504204160592	1530739855011	319.0	-43.0	-12.0	95.0	
1504204160613	1530759996613	319.0	-43.0	-11.711578369140625	95.0	
1504204160628	1530780138214	319.0	-43.0	-11.0	95.0	
1504204160646	1530800279816	319.0	-43.0	-11.0	95.0	
1504204160669	1530820421417	319.0	-43.0	-11.0	95.0	
1504204160682	1530840563019	319.0	-43.852935791015625	-11.852935791015625	95.0	
1504204160700	1530860704621	319.0	-44.0	-12.0	95.0	
1504204160735	1530880846222	319.0	-44.0	-11.86529541015625	95.0	
1504204160753	1530900987824	319.0	-43.72491455078125	-11.0	95.0	
1504204160769	1530921129425	319.0	-43.0	-11.0	95.0	
1504204160789	1530941271027	319.0	-43.0	-11.0	95.0	
1504204160804	1530961412628	319.0	-43.0	-11.0	95.0	
1504204160824	1530981554230	319.0	-43.0	-11.0	95.0	
1504204160839	1531001695831	319.0	-43.0	-11.0	95.0	
1504204160878	1531021837433	319.0	-43.0	-11.0	95.0	
1504204160895	1531041979035	319.0	-43.0	-11.0	95.0	
1504204160910	1531062120636	319.0	-43.0	-11.0	95.0	
1504204160927	1531082262238	319.0	-43.0	-11.0	95.0	
1504204160946	1531102403839	318.3160705566406	-43.0	-11.0	95.0	
1504204160963	1531122545441	318.0	-43.0	-11.0	95.0	
1504204160980	1531142687042	318.0	-43.0	-11.0	95.0	
1504204161015	1531162828644	318.0	-43.0	-11.0	95.0	
1504204161033	1531182970246	318.0	-43.0	-11.0	95.0	
1504204161051	1531203111847	318.0	-43.0	-11.0	95.0	
1504204161069	1531223253449	318.0	-43.0	-11.0	95.0	
1504204161087	1531243395050	318.0	-43.0	-11.0	95.0	
1504204161105	1531263536652	318.0	-43.0	-11.0	95.0	
1504204161122	1531283678253	318.0	-43.0	-11.0	95.0	
1504204161157	1531303819855	318.0	-43.0	-11.0	95.0	
1504204161174	1531323961456	318.0	-43.0	-11.0	95.0	
1504204161192	1531344103058	318.0	-43.0	-11.0	95.0	
1504204161212	1531364244660	318.0	-43.0	-11.0	95.0	
1504204161227	1531384386261	318.0	-43.0	-11.0	95.0	
1504204161245	1531404527863	318.0	-43.0	-11.0	95.0	
1504204161262	1531424669464	318.0	-43.0	-11.0	95.0	
1504204161298	1531444811066	318.0	-43.0	-11.0	95.0	
1504204161316	1531464952667	318.0	-43.0	-11.0	95.0	
1504204161333	1531485094269	318.0	-43.0	-11.0	95.0	
1504204161350	1531505235871	318.0	-43.0	-11.0	95.0	
1504204161368	1531525377472	318.0	-43.0	-11.0	95.0	
1504204161389	1531545519074	318.0	-43.0	-11.0	95.0	
1504204161407	1531565660675	318.0	-43.0	-11.0	95.0	
1504204161438	1531585802277	318.0	-43.0	-11.0	95.0	
1504204161455	1531605943878	318.0	-43.0	-11.0	95.0	
1504204161475	1531626085480	318.0	-43.0	-11.0	95.0	
1504204161491	1531646227081	318.0	-43.0	-11.0	95.0	
1504204161509	1531666368683	318.0	-43.0	-11.0	95.0	
1504204161527	1531686510285	318.0	-43.0	-11.0	95.0	
1504204161544	1531706651886	318.91192626953125	-43.0	-11.0	95.0	
1504204161579	1531726793488	319.0	-43.0	-11.0	95.0	
1504204161597	1531746935089	319.0	-43.0	-11.0	95.0	
1504204161615	1531767076691	319.0	-43.0	-11.0	95.0	
1504204161633	1531787218292	319.0	-43.0	-11.0	95.0	
1504204161652	1531807359894	319.0	-43.0	-11.0	95.0	
1504204161671	1531827501496	319.0	-43.0	-11.0	95.0	
1504204161686	1531847643097	319.0	-43.0	-11.0	95.0	
1504204161720	1531867784699	319.0	-43.0	-11.0	95.0	
1504204161738	1531887926300	319.0	-43.0	-11.0	95.0	
1504204161756	1531908067902	319.0	-43.0	-11.0	95.0	
1504204161774	1531928209503	319.0	-43.0	-11.0	95.0	
1504204161791	1531948351105	319.0	-43.0	-11.0	95.0	
1504204161808	1531968492706	319.0	-43.0	-11.0	95.0	
1504204161826	1531988634308	319.0	-43.0	-11.0	95.0	
1504204161862	1532008775910	319.0	-43.0	-11.0	95.0	
1504204161879	1532028917511	319.0	-43.0	-11.0	95.0	
1504204161897	1532049059113	319.0	-43.0	-11.0	95.0	
1504204161915	1532069200714	319.0	-43.0	-11.0	95.0	
1504204161935	1532089342316	319.0	-43.0	-11.0	95.0	
1504204161951	1532109483917	319.0	-43.0	-11.0	95.0	
1504204161968	1532129625519	319.0	-43.0	-11.0	95.0	
1504204162004	1532149767121	319.0	-43.0	-11.0	95.0	
1504204162030	1532169908722	319.0	-43.0	-11.0	95.0	
1504204162047	1532190050324	319.0	-43.0	-11.0	95.0	
1504204162057	1532210191925	319.0	-43.0	-11.0	95.0	
1504204162072	1532230333527	319.0	-43.0	-11.0	95.0	
1504204162090	1532250475128	319.0	-43.0	-11.0	95.0	
1504204162109	1532270616730	319.0	-43.0	-11.0	95.0	
1504204162125	1532290758331	319.0	-43.0	-11.0	95.0	
1504204162162	1532310899933	319.0	-43.0	-11.0	95.0	
1504204162178	1532331041535	319.0	-43.0	-11.0	95.0	
1504204162199	1532351183136	319.0	-43.0	-11.0	95.0	
1504204162213	1532371324738	319.0	-43.0	-11.0	95.0	
1504204162231	1532391466339	319.0	-43.0	-11.0	95.0	
1504204162250	1532411607941	319.0	-42.15571594238281	-11.0	95.0	
1504204162266	1532431749542	319.0	-42.0	-11.0	95.0	
1504204162303	1532451891144	319.0	-42.0	-11.0	95.0	
1504204162323	1532472032746	319.0	-42.0	-11.0	95.0	
1504204162339	1532492174347	319.0	-42.0	-11.0	95.0	
1504204162355	1532512315949	319.0	-42.0	-11.0	95.0	
1504204162374	1532532457550	319.0	-42.0	-11.0	95.0	
1504204162397	1532552599152	319.0	-42.0	-11.0	95.0	
1504204162407	1532572740753	319.0	-42.0	-11.0	95.0	
1504204162444	1532592882355	319.0	-42.0	-11.0	95.0	
1504204162463	1532613023956	319.0	-42.0	-11.0	95.0	
1504204162480	1532633165558	319.0	-42.0	-11.0	95.0	
1504204162496	1532653307160	319.0	-42.0	-11.0	95.0	
1504204162515	1532673448761	319.0	-42.0	-11.0	95.0	
1504204162531	1532693590363	319.0	-42.0	-11.0	95.0	
1504204162547	1532713731964	319.0	-42.0	-11.0	95.0	
1504204162584	1532733873566	319.0	-42.0	-11.0	95.0	
1504204162602	1532754015167	319.0	-42.0	-11.0	95.0	
1504204162619	1532774156769	319.0	-42.0	-11.0	95.0	
1504204162636	1532794298371	319.0	-42.0	-11.0	95.0	
1504204162655	1532814439972	319.0	-42.0	-11.0	95.0	
1504204162673	1532834581574	319.0	-42.0	-11.0	95.0	
1504204162689	1532854723175	319.0	-42.0	-11.0	95.0	
1504204162728	1532874864777	319.0	-42.0	-11.0	95.0	
1504204162744	1532895006378	319.0	-42.0	-11.0	95.0	
1504204162761	1532915147980	319.0	-42.0	-11.0	95.0	
1504204162778	1532935289581	319.0	-42.0	-11.0	95.0	
1504204162797	1532955431183	319.0	-42.0	-11.0	95.0	
1504204162813	1532975572785	319.0	-42.0	-11.0	95.0	
1504204162830	1532995714386	319.0	-42.0	-11.0	95.0	
1504204162866	1533015855988	319.0	-42.0	-11.0	95.0	
1504204162884	1533035997589	319.0	-42.0	-11.0	95.0	
1504204162906	1533056139191	319.0	-42.0	-11.0	95.0	
1504204162920	1533076280792	319.0	-42.0	-11.0	95.0	
1504204162938	1533096422394	319.0	-42.0	-11.0	95.0	
1504204162971	1533116563996	319.0	-42.0	-11.0	95.0	
1504204162992	1533136705597	319.0	-42.0	-11.0	95.0	
1504204163011	1533156847199	319.0	-42.0	-11.0	95.0	
1504204163026	1533176988800	319.0	-42.0	-11.0	95.0	
1504204163042	1533197130402	319.0	-42.0	-11.0	95.0	
1504204163077	1533217272003	319.0	-42.0	-11.0	95.0	
1504204163095	1533237413605	319.0	-42.0	-11.0	95.0	
1504204163112	1533257555206	319.0	-42.0	-11.0	95.0	
1504204163130	1533277696808	319.0	-42.0	-11.0	95.0	
1504204163150	1533297838410	319.0	-42.0	-11.0	95.0	
1504204163166	1533317980011	319.0	-42.0	-11.0	95.0	
1504204163183	1533338121613	319.0	-42.0	-11.0	95.0	
1504204163201	1533358263214	319.0	-42.0	-11.0	95.0	
1504204163236	1533378404816	319.0	-42.0	-11.0	95.0	
1504204163256	1533398546417	319.0	-42.0	-11.0	95.0	
1504204163272	1533418688019	319.0	-42.0	-11.0	95.0	
1504204163290	1533438829621	319.0	-42.0	-11.0	95.0	
1504204163307	1533458971222	319.0	-42.0	-11.0	95.0	
1504204163325	1533479112824	319.0	-42.0	-11.0	95.0	
1504204163342	1533499254425	319.0	-42.0	-11.0	95.0	
1504204163362	1533519396027	319.0	-42.0	-11.0	95.0	
1504204163378	1533539537628	319.0	-42.0	-11.0	95.0	
1504204163412	1533559679230	319.0	-42.0	-11.0	95.0	
1504204163430	1533579820831	319.0	-42.0	-11.0	95.0	
1504204163447	1533599962433	319.0	-42.0	-11.0	95.0	
1504204163465	1533620104035	319.0	-42.0	-11.0	95.0	
1504204163483	1533640245636	319.0	-42.0	-11.0	95.0	
1504204163501	1533660387238	319.0	-42.0	-11.0	95.0	
1504204163521	1533680528839	319.0	-42.0	-11.0	95.0	
1504204163535	1533700670441	319.0	-42.0	-11.0	95.0	
1504204163571	1533720812042	319.0	-42.0	-11.0	95.0	
1504204163590	1533740953644	319.0	-42.0	-11.0	95.0	
1504204163606	1533761095246	319.0	-42.0	-11.0	95.0	
1504204163623	1533781236847	319.0	-42.0	-11.0	95.0	
1504204163650	1533801378449	319.0	-42.0	-11.0	95.0	
1504204163662	1533821520050	319.0	-42.0	-11.0	95.0	
1504204163675	1533841661652	319.0	-42.0	-11.0	95.0	
1504204163713	1533861803253	319.0	-42.0	-11.0	95.0	
1504204163731	1533881944855	319.0	-42.0	-11.0	95.0	
1504204163749	1533902086456	319.0	-42.0	-11.0	95.0	
1504204163767	1533922228058	319.0	-42.0	-11.0	95.0	
1504204163787	1533942369660	319.0	-42.0	-11.0	95.0	
1504204163803	1533962511261	319.0	-42.0	-11.0	95.0	
1504204163819	1533982652863	319.0	-42.0	-11.0	95.0	
1504204163857	1534002794464	319.0	-42.0	-11.0	95.0	
1504204163873	1534022936066	319.0	-42.0	-11.0	95.0	
1504204163889	1534043077667	319.0	-42.0	-11.0	95.0	
1504204163909	1534063219269	319.0	-42.0	-11.0	95.0	
1504204163925	1534083360871	319.0	-42.0	-11.0	95.0	
1504204163942	1534103502472	319.0	-42.0	-11.0	95.0	
1504204163959	1534123644074	319.0	-42.0	-11.0	95.0	
1504204163996	1534143785675	319.0	-42.0	-11.0	95.0	
1504204164015	1534163927277	319.0	-42.0	-11.0	95.0	
1504204164032	1534184068878	319.0	-42.0	-11.0	95.0	
1504204164049	1534204210480	319.0	-42.0	-11.0	95.0	
1504204164066	1534224352081	319.0	-42.0	-11.0	95.0	
1504204164083	1534244493683	319.0	-42.0	-11.0	95.0	
1504204164120	1534264635285	319.0	-42.0	-11.0	95.0	
1504204164137	1534284776886	319.0	-42.0	-11.0	95.0	
1504204164154	1534304918488	319.0	-42.0	-11.0	95.0	
1504204164172	1534325060089	319.0	-42.0	-11.0	95.0	
1504204164187	1534345201691	319.0	-42.0	-11.0	95.0	
1504204164206	1534365343292	319.0	-42.0	-11.0	95.0	
1504204164224	1534385484894	319.0	-42.0	-11.0	95.0	
1504204164260	1534405626496	319.0	-42.0	-11.0	95.0	
1504204164278	1534425768097	319.0	-42.0	-11.0	95.0	
1504204164294	1534445909699	319.0	-42.0	-11.0	95.0	
1504204164315	1534466051300	319.0	-42.0	-11.0	95.0	
1504204164328	1534486192902	319.0	-42.0	-11.0	95.0	
1504204164347	1534506334503	319.0	-42.0	-11.0	95.0	
1504204164366	1534526476105	319.0	-42.0	-11.0	95.0	
1504204164400	1534546617706	319.0	-42.0	-11.0	95.0	
1504204164417	1534566759308	319.0	-42.0	-11.0	95.0	
1504204164435	1534586900910	319.0	-42.0	-11.0	95.0	
1504204164453	1534607042511	319.0	-42.0	-11.0	95.0	
1504204164470	1534627184113	319.0	-42.0	-11.0	95.0	
1504204164490	1534647325714	319.0	-42.0	-11.0	95.0	
1504204164505	1534667467316	319.0	-42.0	-11.0	95.0	
1504204164540	1534687608917	319.0	-42.0	-11.0	95.0	
1504204164559	1534707750519	319.0	-42.0	-11.0	95.0	
1504204164579	1534727892121	319.0	-42.0	-11.0	95.0	
1504204164593	1534748033722	319.0	-42.0	-11.0	95.0	
1504204164614	1534768175324	319.0	-42.0	-11.0	95.0	
1504204164629	1534788316925	319.0	-42.0	-11.0	95.0	
1504204164648	1534808458527	319.0	-42.0	-11.0	95.0	
1504204164682	1534828600128	319.0	-42.0	-11.0	95.0	
1504204164702	1534848741730	319.0	-42.0	-11.0	95.0	
1504204164718	1534868883331	319.0	-42.0	-11.0	95.0	
1504204164735	1534889024933	319.0	-42.0	-11.0	95.0	
1504204164754	1534909166535	319.0	-42.0	-11.0	95.0	
1504204164770	1534929308136	319.0	-42.0	-11.0	95.0	
1504204164788	1534949449738	319.0	-42.0	-11.0	95.0	
1504204164823	1534969591339	319.0	-42.0	-11.0	95.0	
1504204164844	1534989732941	319.0	-42.0	-11.0	95.0	
1504204164859	1535009874542	319.0	-42.0	-11.0	95.0	
1504204164876	1535030016144	319.0	-42.0	-11.0	95.0	
1504204164894	1535050157746	319.0	-42.0	-11.0	95.0	
1504204164912	1535070299347	319.0	-42.0	-11.0	95.0	
1504204164929	1535090440949	319.0	-42.0	-11.0	95.0	
1504204164964	1535110582550	319.0	-42.0	-11.0	95.0	
1504204164982	1535130724152	319.0	-42.0	-11.0	95.0	
1504204164999	1535150865753	319.0	-42.0	-11.0	95.0	
1504204165016	1535171007355	319.0	-42.0	-11.0	95.0	
1504204165035	1535191148956	319.0	-42.0	-11.0	95.0	
1504204165053	1535211290558	319.0	-42.0	-11.0	95.0	
1504204165086	1535231432160	319.0	-42.0	-11.0	95.0	
1504204165109	1535251573761	319.0	-42.0	-11.0	95.0	
1504204165123	1535271715363	319.0	-42.0	-11.0	95.0	
1504204165142	1535291856964	319.0	-42.0	-11.0	95.0	
1504204165158	1535311998566	319.0	-42.0	-11.0	95.0	
1504204165176	1535332140167	319.0	-42.0	-11.0	95.0	
1504204165193	1535352281769	319.0	-42.0	-11.0	95.0	
1504204165227	1535372423371	319.0	-42.0	-11.0	95.0	
1504204165246	1535392564972	319.0	-42.0	-11.0	95.0	
1504204165264	1535412706574	319.0	-42.0	-11.0	95.0	
1504204165282	1535432848175	319.0	-42.0	-11.0	95.0	
1504204165299	1535452989777	319.0	-42.0	-11.0	95.0	
1504204165317	1535473131378	319.0	-42.0	-11.0	95.0	
1504204165336	1535493272980	319.0	-42.0	-11.0	95.0	
1504204165372	1535513414581	319.0	-42.0	-11.0	95.0	
1504204165387	1535533556183	319.0	-42.0	-11.0	95.0	
1504204165405	1535553697785	319.0	-42.0	-11.0	95.0	
1504204165425	1535573839386	319.0	-42.0	-11.0	95.0	
1504204165439	1535593980988	319.0	-42.0	-11.0	95.0	
1504204165457	1535614122589	319.0	-42.0	-11.0	95.0	
1504204165476	1535634264191	319.0	-42.0	-11.0	95.0	
1504204165509	1535654405792	319.0	-42.0	-11.0	95.0	
1504204165528	1535674547394	319.0	-42.0	-11.0	95.0	
1504204165545	1535694688996	319.0	-42.0	-10.6319580078125	95.0	
1504204165563	1535714830597	319.0	-42.0	-10.0	95.0	
1504204165581	1535734972199	319.0	-42.0	-10.0	95.0	
1504204165601	1535755113800	319.0	-42.0	-10.0	95.0	
1504204165617	1535775255402	319.0	-42.0	-10.0	95.0	
1504204165652	1535795397003	320.0	-42.0	-10.0	95.0	
1504204165669	1535815538605	320.0	-42.0	-10.0	95.0	
1504204165687	1535835680206	320.0	-42.0	-10.0	95.0	
1504204165704	1535855821808	320.0	-42.0	-10.0	95.0	
1504204165723	1535875963410	320.0	-42.0	-10.0	95.0	
1504204165740	1535896105011	320.0	-42.0	-10.0	95.0	
1504204165760	1535916246613	320.0	-42.0	-10.0	95.0	
1504204165791	1535936388214	320.0	-42.0	-10.0	95.0	
1504204165810	1535956529816	320.0	-42.0	-10.0	95.0	
1504204165828	1535976671417	320.0	-42.0	-10.0	95.0	
1504204165846	1535996813019	320.0	-42.0	-10.0	95.0	
1504204165864	1536016954621	320.0	-42.0	-10.0	95.0	
1504204165881	1536037096222	320.0	-42.0	-10.0	95.0	
1504204165902	1536057237824	320.0	-42.0	-10.0	95.0	
1504204165932	1536077379425	320.0	-42.0	-10.0	95.0	
1504204165952	1536097521027	320.0	-42.0	-10.0	95.0	
1504204165970	1536117662628	320.0	-42.0	-10.0	95.0	
1504204165987	1536137804230	320.0	-42.0	-10.0	95.0	
1504204166004	1536157945831	320.0	-42.0	-10.0	95.0	
1504204166025	1536178087433	320.0	-42.0	-10.0	95.0	
1504204166057	1536198229035	320.0	-42.0	-10.0	95.0	
1504204166073	1536218370636	320.0	-42.0	-10.0	95.0	
1504204166091	1536238512238	320.0	-42.0	-10.0	95.0	
1504204166109	1536258653839	320.0	-42.0	-10.0	95.0	
1504204166130	1536278795441	320.0	-42.0	-10.0	95.0	
1504204166146	1536298937042	320.0	-42.0	-10.0	95.0	
1504204166166	1536319078644	320.0	-42.0	-10.0	95.0	
1504204166203	1536339220246	320.0	-42.0	-10.0	95.0	
1504204166219	1536359361847	320.0	-42.0	-10.0	95.0	
1504204166240	1536379503449	320.0	-42.0	-10.0	95.0	
1504204166256	1536399645050	320.0	-42.0	-10.0	95.0	
1504204166270	1536419786652	319.3819580078125	-42.0	-10.0	95.0	
1504204166289	1536439928253	319.0	-42.0	-10.0	95.0	
1504204166304	1536460069855	319.0	-42.0	-10.0	95.0	
1504204166340	1536480211456	319.0	-42.0	-10.0	95.0	
1504204166355	1536500353058	319.0	-42.0	-10.0	95.0	
1504204166376	1536520494660	319.0	-42.0	-10.0	95.0	
1504204166393	1536540636261	319.0	-42.0	-10.0	95.0	
1504204166410	1536560777863	319.6388854980469	-42.0	-10.0	95.0	
1504204166432	1536580919464	319.21527099609375	-42.0	-10.0	95.0	
1504204166448	1536601061066	319.0	-42.0	-10.0	95.0	
1504204166482	1536621202667	319.0	-42.0	-10.0	95.0	
1504204166497	1536641344269	319.0	-42.0	-10.0	95.0	
1504204166516	1536661485871	319.0	-42.0	-10.0	95.0	
1504204166533	1536681627472	319.5138854980469	-42.0	-10.0	95.0	
1504204166553	1536701769074	319.34027099609375	-42.0	-10.0	95.0	
1504204166570	1536721910675	319.0	-42.0	-10.0	95.0	
1504204166588	1536742052277	319.0	-42.0	-10.0	95.0	
1504204166624	1536762193878	319.0	-42.0	-10.0	95.0	
1504204166644	1536782335480	319.0	-42.0	-10.0	95.0	
1504204166662	1536802477081	319.3888854980469	-42.0	-10.0	95.0	
1504204166677	1536822618683	320.0	-42.0	-10.0	95.0	
1504204166700	1536842760285	319.3194580078125	-42.0	-10.0	95.0	
1504204166717	1536862901886	319.0	-42.0	-10.0	95.0	
1504204166738	1536883043488	319.0	-42.0	-10.0	95.0	
1504204166770	1536903185089	320.0	-42.0	-10.0	95.0	
1504204166784	1536923326691	320.0	-42.0	-10.0	95.0	
1504204166809	1536943468292	320.0	-42.0	-10.0	95.0	
1504204166835	1536963609894	320.0	-42.0	-10.0	95.0	
1504204166853	1536983751496	320.0	-42.0	-10.0	95.0	
1504204166862	1537003893097	320.0	-42.0	-10.0	95.0	
1504204166873	1537024034699	320.0	-42.0	-10.0	95.0	
1504204166903	1537044176300	320.0	-42.0	-10.0	95.0	
1504204166919	1537064317902	320.0	-42.0	-10.0	95.0	
1504204166940	1537084459503	320.0	-42.0	-10.0	95.0	
1504204166958	1537104601105	320.0	-42.0	-10.0	95.0	
1504204166974	1537124742706	320.0	-42.0	-10.0	95.0	
1504204166990	1537144884308	320.0	-42.0	-10.0	95.0	
1504204167029	1537165025910	320.0	-42.0	-10.0	95.0	
1504204167045	1537185167511	320.0	-42.0	-10.0	95.0	
1504204167061	1537205309113	320.0	-42.0	-10.0	95.0	
1504204167080	1537225450714	320.0	-42.0	-10.0	95.0	
1504204167099	1537245592316	320.0	-42.0	-10.0	95.0	
1504204167116	1537265733917	320.0	-42.0	-10.0	95.0	
1504204167137	1537285875519	320.0	-42.0	-10.0	95.0	
1504204167173	1537306017121	320.0	-42.0	-10.0	95.0	
1504204167193	1537326158722	320.0	-42.0	-10.0	95.0	
1504204167210	1537346300324	320.0	-42.0	-10.0	95.0	
1504204167224	1537366441925	320.0	-42.0	-10.0	95.0	
1504204167256	1537386583527	320.0	-42.0	-10.0	95.0	
1504204167268	1537406725128	320.0	-42.0	-10.0	95.0	
1504204167289	1537426866730	320.0	-42.0	-10.0	95.0	
1504204167332	1537447008331	320.0	-42.0	-10.0	95.0	
1504204167355	1537467149933	320.0	-42.0	-10.0	95.0	
1504204167382	1537487291535	320.0	-42.0	-10.0	95.0	
1504204167408	1537507433136	320.0	-42.0	-10.0	95.0	
1504204167417	1537527574738	320.0	-42.0	-10.0	95.0	
1504204167428	1537547716339	320.0	-42.0	-10.0	95.0	
1504204167449	1537567857941	320.0	-42.0	-10.0	95.0	
1504204167480	1537587999542	320.0	-42.0	-10.0	95.0	
1504204167495	1537608141144	320.0	-42.0	-10.0	95.0	
1504204167516	1537628282746	320.0	-42.0	-10.0	95.0	
1504204167542	1537648424347	320.0	-42.0	-10.0	95.0	
1504204167580	1537668565949	320.0	-42.0	-10.0	95.0	
1504204167611	1537688707550	320.0	-42.0	-10.0	95.0	
1504204167651	1537708849152	320.0	-42.0	-10.0	95.0	
1504204167701	1537728990753	320.0	-42.0	-10.0	95.0	
1504204167712	1537749132355	320.0	-42.0	-10.0	95.0	
1504204167721	1537769273956	320.0	-42.0	-10.0	95.0	
1504204167730	1537789415558	320.0	-42.0	-10.0	95.0	
1504204167736	1537809557160	320.0	-42.0	-10.0	95.0	
1504204167743	1537829698761	320.0	-42.0	-10.0	95.0	
1504204167751	1537849840363	320.0	-42.0	-10.0	95.0	
1504204167763	1537869981964	320.0	-42.0	-10.0	95.0	
1504204167778	1537890123566	320.0	-42.0	-10.0	95.0	
1504204167788	1537910265167	320.0	-42.0	-10.0	95.0	
1504204167796	1537930406769	320.0	-42.0	-10.0	95.0	
1504204167802	1537950548371	320.0	-42.0	-10.0	95.0	
1504204167821	1537970689972	320.0	-42.0	-10.0	95.0	
1504204167837	1537990831574	320.0	-42.0	-10.0	95.0	
1504204167856	1538010973175	320.0	-42.0	-10.0	95.0	
1504204167894	1538031114777	320.0	-42.0	-10.0	95.0	
1504204167909	1538051256378	320.0	-42.0	-10.0	95.0	
1504204167924	1538071397980	320.0	-42.0	-10.0	95.0	
1504204167943	1538091539581	320.0	-42.0	-10.0	95.0	
1504204167960	1538111681183	320.0	-42.0	-10.0	95.0	
1504204167982	1538131822785	320.0	-42.0	-10.0	95.0	
1504204168003	1538151964386	320.0	-42.0	-10.0	95.0	
1504204168017	1538172105988	320.0	-42.0	-10.0	95.0	
1504204168059	1538192247589	320.0	-42.0	-10.0	95.0	
1504204168066	1538212389191	320.0	-42.0	-10.268035888671875	95.0	
1504204168084	1538232530792	319.59796142578125	-42.0	-11.0	95.0	
1504204168104	1538252672394	319.0	-42.0	-11.0	95.0	
1504204168119	1538272813996	319.0	-42.0	-11.0	95.0	
1504204168139	1538292955597	319.8023986816406	-42.0	-10.197601318359375	95.0	
1504204168156	1538313097199	320.0	-42.0	-10.0	95.0	
1504204168192	1538333238800	320.0	-42.0	-10.0704345703125	95.0	
1504204168206	1538353380402	320.0	-42.0	-11.0	95.0	
1504204168225	1538373522003	320.0	-42.0	-11.0	95.0	
1504204168245	1538393663605	320.0	-42.0	-11.0	95.0	
1504204168261	1538413805206	320.0	-42.0	-11.0	95.0	
1504204168281	1538433946808	319.26116943359375	-42.0	-10.26116943359375	95.0	
1504204168297	1538454088410	319.87286376953125	-42.0	-10.0	95.0	
1504204168331	1538474230011	320.0	-42.0	-10.0	95.0	
1504204168348	1538494371613	320.0	-42.0	-10.140640258789063	95.0	
1504204168366	1538514513214	320.0	-42.0	-11.0	95.0	
1504204168383	1538534654816	320.0	-42.0	-11.0	95.0	
1504204168403	1538554796417	320.0	-42.0	-11.0	95.0	
1504204168420	1538574938019	320.0	-42.0	-11.0	95.0	
1504204168437	1538595079621	320.0	-42.0	-11.0	95.0	
1504204168456	1538615221222	320.0	-42.0	-10.05670166015625	95.0	
1504204168488	1538635362824	320.0	-42.0	-10.0	95.0	
1504204168508	1538655504425	320.0	-42.0	-10.209609985351563	95.0	
1504204168525	1538675646027	320.0	-42.0	-11.0	95.0	
1504204168546	1538695787628	320.0	-42.0	-11.0	95.0	
1504204168561	1538715929230	320.0	-42.0	-11.0	95.0	
1504204168577	1538736070831	320.0	-42.0	-11.0	95.0	
1504204168595	1538756212433	319.1217956542969	-42.0	-11.0	95.0	
1504204168629	1538776354035	320.0	-42.0	-11.0	95.0	
1504204168648	1538796495636	320.0	-42.0	-10.853958129882813	95.0	
1504204168666	1538816637238	320.0	-42.0	-10.0	95.0	
1504204168689	1538836778839	320.0	-42.0	-10.0	95.0	
1504204168701	1538856920441	320.0	-42.0	-10.548095703125	95.0	
1504204168720	1538877062042	320.0	-42.0	-11.0	95.0	
1504204168736	1538897203644	320.0	-42.0	-11.0	95.0	
1504204168754	1538917345246	320.0	-42.0	-11.0	95.0	
1504204168789	1538937486847	320.0	-42.0	-11.0	95.0	
1504204168811	1538957628449	320.0	-42.0	-10.78350830078125	95.0	
1504204168826	1538977770050	320.0	-42.0	-10.0	95.0	
1504204168842	1538997911652	320.0	-42.0	-10.0	95.0	
1504204168860	1539018053253	320.0	-42.0	-10.0	95.0	
1504204168879	1539038194855	320.0	-42.0	-10.75604248046875	95.0	
1504204168895	1539058336456	320.0	-42.0	-11.0	95.0	
1504204168931	1539078478058	320.0	-42.0	-11.0	95.0	
1504204168948	1539098619660	320.0	-42.0	-11.0	95.0	
1504204168966	1539118761261	320.0	-42.0	-11.0	95.0	
1504204168985	1539138902863	320.0	-42.0	-10.515625	95.0	
1504204169002	1539159044464	320.0	-42.0	-10.0	95.0	
1504204169018	1539179186066	320.0	-42.0	-10.0	95.0	
1504204169038	1539199327667	320.0	-42.0	-10.0	95.0	
1504204169074	1539219469269	320.0	-42.0	-11.0	95.0	
1504204169089	1539239610871	320.0	-42.0	-11.0	95.0	
1504204169107	1539259752472	320.0	-42.0	-11.0	95.0	
1504204169126	1539279894074	320.0	-42.0	-11.0	95.0	
1504204169147	1539300035675	320.0	-42.0	-11.0	95.0	
1504204169159	1539320177277	320.0	-42.0	-11.0	95.0	
1504204169177	1539340318878	320.0	-42.0	-11.0	95.0	
1504204169215	1539360460480	320.0	-42.0	-11.0	95.0	
1504204169231	1539380602081	320.0	-42.0	-11.0	95.0	
1504204169252	1539400743683	320.0	-42.0	-11.0	95.0	
1504204169266	1539420885285	320.0	-42.0	-11.0	95.0	
1504204169283	1539441026886	320.0	-42.0	-11.0	95.0	
1504204169301	1539461168488	320.0	-42.0	-11.0	95.0	
1504204169319	1539481310089	320.0	-42.0	-11.0	95.0	
1504204169356	1539501467739	320.0	-42.0	-11.0	95.0	
1504204169372	1539521609340	320.0	-42.0	-10.744796752929688	95.0	
1504204169389	1539541750942	320.0	-42.0	-10.0	95.0	
1504204169409	1539561892544	320.0	-42.0	-10.0	95.0	
1504204169425	1539582034145	320.0	-42.0	-10.0	95.0	
1504204169441	1539602175747	320.0	-42.0	-10.0	95.0	
1504204169459	1539622317348	320.0	-42.0	-10.0	95.0	
1504204169494	1539642458950	320.0	-42.0	-10.0	95.0	
1504204169512	1539662600551	320.0	-42.0	-10.0	95.0	
1504204169530	1539682742153	320.0	-42.0	-10.0	95.0	
1504204169550	1539702883754	320.0	-42.0	-10.0	95.0	
1504204169566	1539723025356	320.0	-42.0	-10.0	95.0	
1504204169582	1539743166958	320.0	-42.0	-10.0	95.0	
1504204169616	1539763308559	320.0	-42.0	-10.0	95.0	
1504204169636	1539783450161	319.8489685058594	-42.0	-10.0	95.0	
1504204169653	1539803591762	319.0	-42.0	-10.0	95.0	
1504204169673	1539823733364	319.0	-42.0	-10.0	95.0	
1504204169689	1539843874965	319.0	-42.0	-10.0	95.0	
1504204169706	1539864016567	319.0	-42.0	-10.0	95.0	
1504204169723	1539884158169	319.0	-42.0	-10.0	95.0	
1504204169757	1539904299770	319.0	-42.0	-10.0	95.0	
1504204169778	1539924441372	319.0	-42.0	-10.0	95.0	
1504204169794	1539944582973	319.0	-42.0	-10.0	95.0	
1504204169812	1539964724575	319.0	-42.0	-10.0	95.0	
1504204169831	1539984866176	319.0	-42.0	-10.0	95.0	
1504204169847	1540005007778	319.0	-42.0	-10.0	95.0	
1504204169868	1540025149379	319.0	-42.0	-10.0	95.0	
1504204169898	1540045290981	319.0	-42.0	-10.0	95.0	
1504204169917	1540065432583	319.0	-42.0	-10.0	95.0	
1504204169934	1540085574184	319.0	-42.0	-10.0	95.0	
1504204169953	1540105715786	319.0	-42.0	-10.0	95.0	
1504204169970	1540125857387	319.0	-42.0	-10.0	95.0	
1504204169989	1540145998989	319.0	-42.0	-10.0	95.0	
1504204170005	1540166140590	319.0	-42.0	-10.0	95.0	
1504204170039	1540186282192	319.0	-42.0	-10.0	95.0	
1504204170059	1540206423794	319.0	-42.0	-10.0	95.0	
1504204170076	1540226565395	319.0	-42.0	-10.0	95.0	
1504204170095	1540246706997	319.0	-42.0	-10.0	95.0	
1504204170111	1540266848598	319.0	-42.0	-10.0	95.0	
1504204170132	1540286990200	319.0	-42.0	-10.0	95.0	
1504204170148	1540307131801	319.0	-42.0	-10.0	95.0	
1504204170180	1540327273403	319.0	-42.0	-10.0	95.0	
1504204170200	1540347415004	319.0	-42.0	-10.0	95.0	
1504204170217	1540367556606	319.0	-42.0	-10.0	95.0	
1504204170235	1540387698208	319.0	-42.0	-10.0	95.0	
1504204170253	1540407839809	319.671875	-42.0	-10.0	95.0	
1504204170270	1540427981411	319.18231201171875	-42.0	-10.0	95.0	
1504204170288	1540448123012	319.0	-42.0	-10.0	95.0	
1504204170321	1540468264614	319.0	-42.0	-10.0	95.0	
1504204170340	1540488406215	319.0	-42.0	-10.0	95.0	
1504204170357	1540508547817	319.0	-42.0	-10.0	95.0	
1504204170375	1540528689419	319.546875	-42.0	-10.0	95.0	
1504204170396	1540548831020	320.0	-42.0	-10.0	95.0	
1504204170412	1540568972622	320.0	-42.0	-10.0	95.0	
1504204170428	1540589114223	320.0	-42.0	-10.0	95.0	
1504204170462	1540609255825	320.0	-42.0	-10.0	95.0	
1504204170482	1540629397426	320.0	-42.0	-10.0	95.0	
1504204170499	1540649539028	320.0	-42.0	-10.0	95.0	
1504204170518	1540669680629	320.0	-42.0	-10.0	95.0	
1504204170534	1540689822231	320.0	-42.0	-10.0	95.0	
1504204170551	1540709963833	320.0	-42.0	-10.0	95.0	
1504204170587	1540730105434	320.0	-42.0	-10.0	95.0	
1504204170603	1540750247036	320.0	-42.0	-10.0	95.0	
1504204170622	1540770388637	320.0	-42.0	-10.0	95.0	
1504204170639	1540790530239	320.0	-42.0	-10.0	95.0	
1504204170661	1540810671840	320.0	-42.0	-10.0	95.0	
1504204170676	1540830813442	320.0	-42.0	-10.0	95.0	
1504204170693	1540850955044	320.0	-42.0	-10.0	95.0	
1504204170728	1540871096645	319.0	-42.0	-11.0	95.0	
1504204170745	1540891238247	319.0	-42.0	-11.0	95.0	
1504204170764	1540911379848	319.0	-42.0	-10.682296752929688	95.0	
1504204170782	1540931521450	319.4635314941406	-42.0	-10.0	95.0	
1504204170801	1540951663051	320.0	-42.0	-10.0	95.0	
1504204170816	1540971804653	320.0	-42.0	-10.0	95.0	
1504204170835	1540991946254	320.0	-42.0	-10.0	95.0	
1504204170868	1541012087856	320.0	-42.0	-11.0	95.0	
1504204170884	1541032229458	320.0	-42.0	-10.807296752929688	95.0	
1504204170903	1541052371059	320.0	-42.0	-10.0	95.0	
1504204170924	1541072512661	320.0	-42.0	-10.0	95.0	
1504204170940	1541092654262	320.0	-42.0	-10.0	95.0	
1504204170957	1541112795864	319.2239685058594	-42.0	-10.776031494140625	95.0	
1504204170974	1541132937465	319.0	-42.0	-11.0	95.0	
1504204171010	1541153079067	319.0	-42.0	-10.932296752929688	95.0	
1504204171027	1541173220669	319.2135314941406	-42.0	-10.0	95.0	
1504204171045	1541193362270	320.0	-42.0	-10.0	95.0	
1504204171062	1541213503872	320.0	-42.0	-10.0	95.0	
1504204171080	1541233645473	320.0	-42.0	-10.0	95.0	
1504204171098	1541253787075	320.0	-42.0	-10.796875	95.0	
1504204171116	1541273928676	320.0	-42.0	-11.0	95.0	
1504204171153	1541294070278	320.0	-42.0	-10.0	95.0	
1504204171167	1541314211879	320.0	-42.0	-10.0	95.0	
1504204171188	1541334353481	320.0	-42.0	-10.0	95.0	
1504204171204	1541354495083	320.0	-42.0	-10.0	95.0	
1504204171221	1541374636684	320.0	-42.0	-10.0	95.0	
1504204171238	1541394778286	320.0	-42.0	-10.0	95.0	
1504204171256	1541414919887	320.0	-42.0	-10.0	95.0	
1504204171291	1541435061489	320.0	-42.0	-10.0	95.0	
1504204171308	1541455203090	320.0	-42.0	-10.0	95.0	
1504204171328	1541475344692	320.0	-42.0	-10.0	95.0	
1504204171345	1541495486294	320.0	-42.0	-10.0	95.0	
1504204171364	1541515627895	320.0	-42.0	-10.0	95.0	
1504204171380	1541535769497	320.0	-42.0	-10.0	95.0	
1504204171399	1541555911098	320.0	-42.0	-10.0	95.0	
1504204171437	1541576052700	320.0	-42.0	-10.0	95.0	
1504204171454	1541596194301	320.0	-42.0	-10.0	95.0	
1504204171471	1541616335903	320.0	-42.0	-10.0	95.0	
1504204171487	1541636477504	320.0	-42.0	-10.0	95.0	
1504204171504	1541656619106	320.0	-42.0	-10.0	95.0	
1504204171523	1541676760708	320.0	-42.0	-10.0	95.0	
1504204171557	1541696902309	320.0	-42.0	-10.0	95.0	
1504204171575	1541717043911	320.0	-42.0	-10.0	95.0	
1504204171591	1541737185512	320.0	-42.0	-10.296875	95.0	
1504204171610	1541757327114	320.0	-42.0	-11.0	95.0	
1504204171627	1541777468715	320.0	-42.0	-11.0	95.0	
1504204171645	1541797610317	319.265625	-42.0	-11.0	95.0	
1504204171662	1541817751919	319.0	-42.0	-11.0	95.0	
1504204171698	1541837893520	318.0	-42.026031494140625	-11.026031494140625	95.0	
1504204171720	1541858035122	318.0	-43.0	-12.0	95.0	
1504204171731	1541878176723	317.68231201171875	-43.0	-12.0	95.0	
1504204171750	1541898318325	317.0	-43.0	-12.463531494140625	95.0	
1504204171768	1541918459926	317.0	-43.0	-13.0	95.0	
1504204171787	1541938601528	316.24481201171875	-43.0	-13.0	95.0	
1504204171803	1541958743129	316.0	-43.901031494140625	-13.0	95.0	
1504204171839	1541978884731	316.0	-44.0	-13.0	95.0	
1504204171856	1541999026333	316.0	-44.0	-13.0	95.0	
1504204171873	1542019167934	316.0	-44.0	-13.338531494140625	95.0	
1504204171893	1542039309536	316.0	-44.0	-14.0	95.0	
1504204171910	1542059451137	316.0	-44.0	-14.0	95.0	
1504204171927	1542079592739	316.0	-44.0	-13.223968505859375	95.0	
1504204171946	1542099734340	316.0	-44.0	-13.0	95.0	
1504204171984	1542119875942	316.0	-44.0	-13.0	95.0	
1504204171997	1542140017544	316.0	-44.0	-13.0	95.0	
1504204172013	1542160159145	316.0	-44.0	-13.0	95.0	
1504204172033	1542180300747	316.0	-44.0	-13.0	95.0	
1504204172052	1542200442348	316.0	-44.0	-13.0	95.0	
1504204172068	1542220583950	316.0	-44.0	-13.796875	95.0	
1504204172085	1542240725551	316.0	-44.0	-14.0	95.0	
1504204172120	1542260867153	316.0	-44.0	-14.0	95.0	
1504204172137	1542281008754	316.0	-44.0	-14.0	95.0	
1504204172154	1542301150356	316.0	-44.0	-14.0	95.0	
1504204172173	1542321291958	316.0	-44.0	-14.0	95.0	
1504204172191	1542341433559	316.0	-44.0	-14.0	95.0	
1504204172210	1542361575161	316.0	-44.0	-13.182296752929688	95.0	
1504204172226	1542381716762	316.0	-44.0	-13.0	95.0	
1504204172262	1542401858364	316.0	-44.0	-13.0	95.0	
1504204172279	1542421999965	316.0	-44.0	-13.0	95.0	
1504204172295	1542442141567	316.0	-44.0	-13.0	95.0	
1504204172313	1542462283169	316.0	-44.0	-13.0	95.0	
1504204172332	1542482424770	316.0	-44.0	-13.0	95.0	
1504204172350	1542502566372	316.0	-43.161468505859375	-13.0	95.0	
1504204172369	1542522707973	316.0	-43.0	-13.0	95.0	
1504204172402	1542542849575	316.0	-43.0	-13.0	95.0	
1504204172420	1542562991176	316.0	-43.0	-13.0	95.0	
1504204172436	1542583132778	316.0	-43.0	-13.0	95.0	
1504204172455	1542603274379	316.0	-43.0	-13.0	95.0	
1504204172476	1542623415981	316.0	-43.0	-13.0	95.0	
1504204172491	1542643557583	316.0	-43.0	-13.0	95.0	
1504204172527	1542663699184	316.0	-43.0	-13.0	95.0	
1504204172543	1542683840786	316.0	-43.0	-13.0	95.0	
1504204172561	1542703982387	316.296875	-43.0	-13.0	95.0	
1504204172578	1542724123989	317.0	-43.0	-13.0	95.0	
1504204172603	1542744265590	317.0	-43.0	-13.0	95.0	
1504204172615	1542764407192	317.0	-43.0	-13.0	95.0	
1504204172634	1542784548794	317.0	-43.0	-13.0	95.0	
1504204172666	1542804690395	317.0	-43.0	-13.0	95.0	
1504204172684	1542824831997	317.0	-43.0	-13.0	95.0	
1504204172702	1542844973598	317.0	-43.0	-13.0	95.0	
1504204172718	1542865115200	317.0	-43.0	-13.0	95.0	
1504204172737	1542885256801	317.0	-43.0	-13.0	95.0	
1504204172755	1542905398403	317.0	-43.0	-13.0	95.0	
1504204172776	1542925540004	317.0	-43.0	-13.0	95.0	
1504204172808	1542945681606	317.0	-43.0	-13.0	95.0	
1504204172826	1542965823208	317.0	-43.0	-13.0	95.0	
1504204172843	1542985964809	317.0	-43.0	-13.0	95.0	
1504204172859	1543006106411	317.0	-43.0	-12.515625	95.0	
1504204172878	1543026248012	317.0	-43.0	-12.0	95.0	
1504204172897	1543046389614	317.0	-43.0	-12.0	95.0	
1504204172914	1543066531215	317.0	-43.0	-12.0	95.0	
1504204172952	1543086672817	317.0	-43.0	-12.0	95.0	
1504204172966	1543106814419	317.0	-43.0	-12.0	95.0	
1504204172985	1543126956020	317.0	-43.0	-12.0	95.0	
1504204173000	1543147097622	317.0	-43.0	-12.0	95.0	
1504204173018	1543167239223	317.0	-43.0	-12.0	95.0	
1504204173040	1543187380825	317.0	-43.0	-12.0	95.0	
1504204173056	1543207522426	317.0	-43.0	-12.0	95.0	
1504204173072	1543227664028	317.0	-43.0	-12.0	95.0	
1504204173090	1543247805629	317.0	-43.0	-12.0	95.0	
1504204173125	1543267947231	317.0	-43.0	-12.0	95.0	
1504204173141	1543288088833	317.0	-43.0	-12.0	95.0	
1504204173160	1543308230434	317.0	-43.0	-12.0	95.0	
1504204173178	1543328372036	317.482177734375	-43.0	-12.0	95.0	
1504204173195	1543348513637	318.0	-43.0	-12.0	95.0	
1504204173215	1543368655239	318.0	-43.0	-12.0	95.0	
1504204173231	1543388796840	318.0	-43.0	-12.0	95.0	
1504204173248	1543408938442	318.0	-43.0	-12.0	95.0	
1504204173283	1543429080044	318.0	-43.0	-12.0	95.0	
1504204173305	1543449221645	318.0	-43.0	-12.0	95.0	
1504204173320	1543469363247	318.0	-43.0	-12.0	95.0	
1504204173337	1543489504848	318.0	-43.0	-12.0	95.0	
1504204173354	1543509646450	318.0	-43.0	-12.0	95.0	
1504204173374	1543529788051	318.0	-43.0	-12.0	95.0	
1504204173389	1543549929653	318.0	-43.0	-12.0	95.0	
1504204173407	1543570071254	318.0	-43.0	-12.0	95.0	
1504204173442	1543590212856	318.0	-43.0	-12.0	95.0	
1504204173460	1543610354458	318.0	-43.0	-12.0	95.0	
1504204173480	1543630496059	318.0	-43.0	-12.0	95.0	
1504204173496	1543650637661	318.0	-43.0	-12.0	95.0	
1504204173513	1543670779262	318.0	-43.0	-12.0	95.0	
1504204173532	1543690920864	318.0	-43.0	-12.0	95.0	
1504204173548	1543711062465	318.0	-43.0	-12.0	95.0	
1504204173584	1543731204067	318.0	-43.0	-12.0	95.0	
1504204173601	1543751345669	318.0	-43.0	-12.0	95.0	
1504204173618	1543771487270	318.0	-43.0	-12.0	95.0	
1504204173637	1543791628872	318.0	-43.0	-12.0	95.0	
1504204173654	1543811770473	318.0	-43.0	-12.0	95.0	
1504204173672	1543831912075	318.0	-43.0	-12.0	95.0	
1504204173689	1543852053676	318.0	-43.0	-12.0	95.0	
1504204173725	1543872195278	318.0	-43.0	-12.0	95.0	
1504204173744	1543892336879	318.0	-43.0	-12.0	95.0	
1504204173760	1543912478481	318.0	-43.0	-12.0	95.0	
1504204173777	1543932620083	318.0	-43.0	-12.0	95.0	
1504204173796	1543952761684	317.357666015625	-43.0	-12.0	95.0	
1504204173812	1543972903286	317.0	-43.0	-12.0	95.0	
1504204173833	1543993044887	317.0	-43.0	-12.0	95.0	
1504204173865	1544013186489	317.0	-43.0	-12.0	95.0	
1504204173883	1544033328090	317.0	-43.0	-12.0	95.0	
1504204173902	1544053469692	317.0	-43.0	-12.0	95.0	
1504204173918	1544073611294	317.0	-43.0	-12.0	95.0	
1504204173936	1544093752895	317.6632080078125	-43.0	-12.0	95.0	
1504204173955	1544113894497	318.0	-43.0	-12.0	95.0	
1504204173971	1544134036098	317.045166015625	-43.0	-12.0	95.0	
1504204174007	1544154177700	317.0	-43.0	-12.0	95.0	
1504204174024	1544174319301	317.0	-43.0	-12.0	95.0	
1504204174042	1544194460903	317.0	-43.0	-12.0	95.0	
1504204174061	1544214602504	317.0	-43.0	-12.0	95.0	
1504204174077	1544234744106	317.0	-43.0	-12.0	95.0	
1504204174098	1544254885708	317.0	-43.0	-12.0	95.0	
1504204174114	1544275027309	317.0	-43.0	-12.0	95.0	
1504204174148	1544295168911	317.0	-43.0	-12.0	95.0	
1504204174166	1544315310512	317.0	-43.0	-12.0	95.0	
1504204174183	1544335452114	317.0	-43.0	-12.0	95.0	
1504204174200	1544355593715	317.0	-43.0	-12.0	95.0	
1504204174219	1544375735317	317.0	-43.0	-12.0	95.0	
1504204174235	1544395876919	317.0	-43.0	-12.0	95.0	
1504204174254	1544416018520	317.0	-43.0	-12.0	95.0	
1504204174288	1544436160122	317.0	-43.0	-12.0	95.0	
1504204174306	1544456301723	317.0	-43.0	-12.0	95.0	
1504204174325	1544476443325	317.0	-43.0	-12.0	95.0	
1504204174341	1544496584926	317.0	-43.0	-12.0	95.0	
1504204174362	1544516726528	317.0	-43.0	-12.0	95.0	
1504204174377	1544536868129	317.0	-43.0	-12.0	95.0	
1504204174411	1544557009731	317.0	-43.0	-12.0	95.0	
1504204174431	1544577151333	317.0	-43.0	-12.0	95.0	
1504204174447	1544597292934	317.0	-43.0	-12.0	95.0	
1504204174465	1544617434536	317.0	-43.0	-12.0	95.0	
1504204174484	1544637576137	317.0	-43.0	-12.0	95.0	
1504204174500	1544657717739	317.74652099609375	-43.0	-12.0	95.0	
1504204174517	1544677859340	318.0	-43.0	-12.0	95.0	
1504204174552	1544698000942	318.0	-43.0	-12.0	95.0	
1504204174570	1544718142544	318.0	-43.0	-12.0	95.0	
1504204174590	1544738284145	318.0	-43.0	-12.0	95.0	
1504204174606	1544758425747	318.0	-43.0	-12.0	95.0	
1504204174626	1544778567348	318.0	-43.0	-12.0	95.0	
1504204174641	1544798708950	318.0	-43.0	-12.0	95.0	
1504204174658	1544818850551	318.0	-43.0	-12.0	95.0	
1504204174692	1544838992153	318.0	-43.0	-12.0	95.0	
1504204174711	1544859133754	318.0	-43.0	-12.0	95.0	
1504204174728	1544879275356	318.0	-43.0	-12.0	95.0	
1504204174747	1544899416958	318.0	-43.0	-12.0	95.0	
1504204174764	1544919558559	318.0	-43.0	-12.0	95.0	
1504204174781	1544939700161	318.0	-43.0	-12.0	95.0	
1504204174799	1544959841762	318.0	-43.0	-12.0	95.0	
1504204174833	1544979983364	318.0	-43.0	-12.0	95.0	
1504204174854	1545000124965	318.0	-43.0	-12.0	95.0	
1504204174870	1545020266567	318.0	-43.0	-12.0	95.0	
1504204174892	1545040408169	318.0	-43.0	-12.0	95.0	
1504204174907	1545060549770	318.0	-43.0	-12.0	95.0	
1504204174923	1545080691372	318.0	-43.0	-12.0	95.0	
1504204174940	1545100832973	318.0	-43.0	-12.0	95.0	
1504204174974	1545120974575	318.0	-43.0	-12.0	95.0	
1504204174994	1545141116176	318.0	-43.0	-12.0	95.0	
1504204175012	1545161257778	318.0	-43.0	-12.0	95.0	
1504204175029	1545181399379	318.0	-43.0	-12.0	95.0	
1504204175046	1545201540981	317.31597900390625	-43.0	-12.0	95.0	
1504204175066	1545221682583	317.0	-43.0	-12.0	95.0	
1504204175082	1545241824184	317.0	-43.0	-12.0	95.0	
1504204175115	1545261965786	317.0	-43.0	-12.0	95.0	
1504204175135	1545282107387	317.0	-43.0	-12.0	95.0	
1504204175155	1545302248989	317.0	-43.0	-12.0	95.0	
1504204175171	1545322390590	317.0	-43.0	-12.0	95.0	
1504204175188	1545342532192	317.0	-43.0	-12.0	95.0	
1504204175205	1545362673794	317.0	-43.0	-12.0	95.0	
1504204175223	1545382815395	317.0	-43.0	-12.0	95.0	
1504204175257	1545402956997	317.0	-43.0	-12.0	95.0	
1504204175287	1545423098598	317.0	-43.0	-12.0	95.0	
1504204175318	1545443240200	317.43402099609375	-43.0	-12.0	95.0	
1504204175332	1545463381801	318.0	-43.0	-12.0	95.0	
1504204175351	1545483523403	318.0	-43.0	-12.0	95.0	
1504204175363	1545503665004	318.0	-43.0	-12.0	95.0	
1504204175383	1545523806606	318.0	-43.0	-12.0	95.0	
1504204175398	1545543948208	318.0	-43.0	-12.0	95.0	
1504204175422	1545564089809	318.0	-43.0	-12.0	95.0	
1504204175436	1545584231411	318.0	-43.0	-12.0	95.0	
1504204175454	1545604373012	318.0	-43.0	-12.0	95.0	
1504204175473	1545624514614	318.0	-43.0	-12.0	95.0	
1504204175491	1545644656215	318.0	-43.0	-12.0	95.0	
1504204175522	1545664797817	318.0	-43.0	-12.0	95.0	
1504204175538	1545684939419	318.0	-43.0	-12.0	95.0	
1504204175570	1545705081020	318.0	-43.0	-12.0	95.0	
1504204175592	1545725222622	318.0	-43.0	-12.0	95.0	
1504204175598	1545745364223	318.0	-43.0	-12.0	95.0	
1504204175612	1545765505825	318.0	-43.0	-12.0	95.0	
1504204175628	1545785647426	318.0	-43.0	-12.0	95.0	
1504204175664	1545805789028	318.0	-43.0	-12.0	95.0	
1504204175685	1545825930629	318.0	-43.0	-12.0	95.0	
1504204175712	1545846072231	318.0	-43.0	-12.0	95.0	
1504204175740	1545866213833	318.0	-43.0	-12.0	95.0	
1504204175759	1545886355434	318.0	-43.0	-12.0	95.0	
1504204175796	1545906497036	318.0	-43.0	-12.0	95.0	
1504204175826	1545926638637	317.06597900390625	-43.0	-12.0	95.0	
1504204175891	1545946780239	317.0	-43.0	-12.0	95.0	
1504204175916	1545966921840	317.0	-43.0	-12.0	95.0	
1504204175952	1545987063442	317.0	-43.0	-12.0	95.0	
1504204175976	1546007205044	317.0	-43.0	-12.0	95.0	
1504204176011	1546027346645	317.0	-43.0	-12.0	95.0	
1504204176037	1546047488247	317.0	-43.0	-12.0	95.0	
1504204176074	1546067629848	317.0	-43.0	-12.0	95.0	
1504204176126	1546087771450	317.0	-43.0	-12.0	95.0	
1504204176151	1546107913051	317.0	-43.0	-12.0	95.0	
1504204176176	1546128054653	317.0	-43.0	-12.0	95.0	
1504204176184	1546148196254	317.0	-43.0	-12.0	95.0	
1504204176208	1546168337856	317.0	-43.0	-12.0	95.0	
1504204176221	1546188479458	317.0	-43.0	-12.0	95.0	
1504204176243	1546208621059	317.0	-43.0	-12.0	95.0	
1504204176291	1546228762661	317.0	-43.0	-12.0	95.0	
1504204176312	1546248904262	317.0	-43.0	-12.0	95.0	
1504204176329	1546269045864	317.0	-43.0	-12.0	95.0	
1504204176337	1546289187465	317.55902099609375	-43.0	-12.0	95.0	
1504204176351	1546309329067	318.0	-43.0	-12.0	95.0	
1504204176367	1546329470669	318.0	-43.0	-12.0	95.0	
1504204176391	1546349612270	318.0	-43.0	-12.0	95.0	
1504204176428	1546369753872	318.0	-43.0	-12.0	95.0	
1504204176437	1546389895473	318.0	-43.0	-12.0	95.0	
1504204176451	1546410037075	318.0	-43.0	-12.0	95.0	
1504204176459	1546430178676	318.0	-43.0	-12.0	95.0	
1504204176472	1546450320278	317.2742919921875	-43.0	-12.0	95.0	
1504204176481	1546470461879	317.0	-43.0	-12.0	95.0	
1504204176497	1546490603481	317.0	-43.0	-12.0	95.0	
1504204176504	1546510745083	317.0	-43.0	-12.0	95.0	
1504204176512	1546530886684	317.30902099609375	-43.0	-12.0	95.0	
1504204176521	1546551028286	318.0	-42.54515075683594	-12.0	95.0	
1504204176525	1546571169887	318.0	-42.0	-12.0	95.0	
1504204176534	1546591311489	318.0	-42.0	-12.0	95.0	
1504204176544	1546611453090	318.0	-42.0	-12.0	95.0	
1504204176559	1546631594692	318.0	-42.0	-12.0	95.0	
1504204176566	1546651736294	318.0	-42.0	-12.0	95.0	
1504204176573	1546671877895	318.0	-42.0	-12.0	95.0	
1504204176583	1546692019497	318.0	-42.0	-12.0	95.0	
1504204176589	1546712161098	318.0	-42.0	-12.0	95.0	
1504204176597	1546732302700	318.0	-42.0	-12.0	95.0	
1504204176610	1546752444301	318.0	-42.0	-12.0	95.0	
1504204176631	1546772585903	318.0	-42.0	-12.0	95.0	
1504204176649	1546792727504	318.0	-42.0	-12.0	95.0	
1504204176666	1546812869106	318.0	-42.0	-12.0	95.0	
1504204176684	1546833010708	318.0	-42.0	-12.0	95.0	
1504204176703	1546853152309	318.0	-42.0	-12.0	95.0	
1504204176721	1546873293911	318.0	-42.0	-12.0	95.0	
1504204176742	1546893435512	318.0	-42.0	-12.0	95.0	
1504204176774	1546913577114	318.0	-42.0	-12.0	95.0	
1504204176791	1546933718715	318.0	-42.0	-12.0	95.0	
1504204176807	1546953860317	318.0	-42.0	-12.0	95.0	
1504204176826	1546974001919	317.482666015625	-42.0	-12.0	95.0	
1504204176848	1546994143520	317.0	-42.0	-12.0	95.0	
1504204176865	1547014285122	317.0	-42.0	-12.0	95.0	
1504204176880	1547034426723	317.0	-42.0	-12.0	95.0	
1504204176915	1547054568325	317.0	-42.0	-12.0	95.0	
1504204176932	1547074709926	317.0	-42.0	-12.0	95.0	
1504204176950	1547094851528	317.0	-42.0	-12.0	95.0	
1504204176968	1547114993129	317.5382080078125	-42.0	-12.0	95.0	
1504204176984	1547135134731	318.0	-42.0	-12.0	95.0	
1504204177005	1547155276333	318.0	-42.0	-12.0	95.0	
1504204177021	1547175417934	318.0	-42.0	-12.0	95.0	
1504204177055	1547195559536	317.0	-42.0	-12.0	95.0	
1504204177073	1547215701137	317.0	-42.0	-12.0	95.0	
1504204177089	1547235842739	317.4132080078125	-42.0	-12.0	95.0	
1504204177108	1547255984340	318.0	-42.0	-12.0	95.0	
1504204177127	1547276125942	318.0	-42.0	-12.0	95.0	
1504204177143	1547296267544	318.0	-42.0	-12.0	95.0	
1504204177161	1547316409145	318.0	-42.0	-12.0	95.0	
1504204177196	1547336550747	318.0	-42.0	-12.0	95.0	
1504204177216	1547356692348	318.0	-42.0	-12.0	95.0	
1504204177231	1547376833950	317.56597900390625	-42.0	-12.0	95.0	
1504204177249	1547396975551	317.579833984375	-42.0	-12.0	95.0	
1504204177269	1547417117153	318.0	-42.0	-12.0	95.0	
1504204177286	1547437258754	318.0	-42.0	-12.0	95.0	
1504204177320	1547457400356	317.017333984375	-42.0	-12.0	95.0	
1504204177339	1547477541958	317.8367919921875	-42.0	-12.0	95.0	
1504204177357	1547497683559	317.30902099609375	-42.0	-12.0	95.0	
1504204177372	1547517825161	318.0	-42.0	-12.0	95.0	
1504204177392	1547537966762	318.0	-42.0	-12.0	95.0	
1504204177408	1547558108364	318.0	-42.0	-12.0	95.0	
1504204177426	1547578249965	318.0	-42.0	-12.0	95.0	
1504204177461	1547598391567	318.0	-42.0	-12.0	95.0	
1504204177480	1547618533169	318.0	-42.0	-12.0	95.0	
1504204177496	1547638674770	318.0	-42.0	-12.0	95.0	
1504204177512	1547658816372	318.0	-42.0	-12.0	95.0	
1504204177535	1547678957973	318.0	-42.0	-12.0	95.0	
1504204177551	1547699099575	318.0	-42.0	-12.0	95.0	
1504204177566	1547719241176	318.0	-42.0	-12.0	95.0	
1504204177606	1547739382778	318.0	-42.0	-12.0	95.0	
1504204177620	1547759524379	317.815185546875	-42.0	-12.0	95.0	
1504204177638	1547779665981	317.0	-42.0	-12.0	95.0	
1504204177653	1547799807583	317.0	-42.0	-12.0	95.0	
1504204177671	1547819949184	317.0	-42.0	-12.0	95.0	
1504204177690	1547840090786	317.0	-42.0	-12.0	95.0	
1504204177708	1547860232387	317.88427734375	-42.0	-12.0	95.0	
1504204177742	1547880373989	318.0	-42.0	-12.0	95.0	
1504204177762	1547900515590	318.0	-42.0	-12.0	95.0	
1504204177778	1547920657192	318.0	-42.0	-12.0	95.0	
1504204177798	1547940798794	318.0	-42.0	-12.0	95.0	
1504204177815	1547960940395	318.0	-42.0	-12.0	95.0	
1504204177831	1547981081997	318.0	-42.0	-12.0	95.0	
1504204177849	1548001223598	318.0	-42.0	-12.0	95.0	
1504204177884	1548021365200	318.0	-42.0	-12.0	95.0	
1504204177902	1548041506801	318.0	-42.0	-12.0	95.0	
1504204177920	1548061648403	318.0	-42.0	-12.0	95.0	
1504204177935	1548081790004	318.0	-42.0	-12.0	95.0	
1504204177954	1548101931606	318.0	-42.0	-12.0	95.0	
1504204177973	1548122073208	318.0	-42.0	-12.0	95.0	
1504204177989	1548142214809	318.0	-42.0	-12.0	95.0	
1504204178008	1548162356411	318.0	-42.0	-12.0	95.0	
1504204178043	1548182498012	318.0	-42.0	-12.0	95.0	
1504204178062	1548202639614	318.0	-42.0	-12.0	95.0	
1504204178078	1548222781215	318.0	-42.0	-12.0	95.0	
1504204178096	1548242922817	318.0	-42.0	-12.0	95.0	
1504204178114	1548263064419	318.0	-42.0	-12.0	95.0	
1504204178132	1548283206020	318.0	-42.0	-12.0	95.0	
1504204178155	1548303347622	318.0	-42.0	-12.0	95.0	
1504204178185	1548323489223	318.0	-42.0	-12.0	95.0	
1504204178199	1548343630825	318.0	-42.0	-12.0	95.0	
1504204178219	1548363772426	318.0	-42.0	-12.0	95.0	
1504204178237	1548383914028	318.0	-42.0	-12.0	95.0	
1504204178254	1548404055629	318.0	-42.0	-12.0	95.0	
1504204178271	1548424197231	318.0	-42.0	-12.0	95.0	
1504204178290	1548444338833	318.0	-42.0	-12.0	95.0	
1504204178327	1548464480434	318.0	-42.0	-12.0	95.0	
1504204178341	1548484622036	318.0	-42.0	-12.0	95.0	
1504204178359	1548504763637	318.0	-42.0	-12.0	95.0	
1504204178377	1548524905239	318.0	-42.0	-12.0	95.0	
1504204178396	1548545046840	318.0	-42.0	-12.0	95.0	
1504204178413	1548565188442	318.0	-42.0	-12.0	95.0	
1504204178430	1548585330044	318.0	-42.0	-12.0	95.0	
1504204178465	1548605471645	318.0	-42.0	-12.0	95.0	
1504204178482	1548625613247	318.0	-42.0	-12.0	95.0	
1504204178501	1548645754848	318.0	-42.0	-12.0	95.0	
1504204178518	1548665896450	318.0	-42.0	-12.0	95.0	
1504204178536	1548686038051	318.0	-42.0	-12.0	95.0	
1504204178555	1548706179653	318.0	-42.0	-12.0	95.0	
1504204178571	1548726321254	318.0	-42.0	-12.0	95.0	
1504204178607	1548746462856	318.0	-42.0	-12.0	95.0	
1504204178625	1548766604458	318.0	-42.0	-12.0	95.0	
1504204178643	1548786746059	318.0	-42.0	-12.0	95.0	
1504204178662	1548806887661	318.0	-42.0	-12.0	95.0	
1504204178676	1548827029262	318.0	-42.0	-12.0	95.0	
1504204178694	1548847170864	318.0	-42.0	-12.0	95.0	
1504204178713	1548867312465	318.0	-42.0	-12.0	95.0	
1504204178747	1548887454067	318.0	-42.0	-12.0	95.0	
1504204178764	1548907595669	318.0	-42.0	-12.0	95.0	
1504204178783	1548927737270	318.0	-42.0	-12.0	95.0	
1504204178800	1548947878872	318.0	-42.0	-12.0	95.0	
1504204178817	1548968020473	318.0	-42.0	-12.0	95.0	
1504204178835	1548988162075	318.0	-42.0	-12.0	95.0	
1504204178856	1549008303676	318.0	-42.0	-12.0	95.0	
1504204178873	1549028445278	318.0	-42.0	-12.0	95.0	
1504204178905	1549048586879	318.0	-42.0	-12.0	95.0	
1504204178924	1549068728481	318.0	-42.0	-12.0	95.0	
1504204178941	1549088870083	318.0	-42.0	-12.0	95.0	
1504204178959	1549109011684	318.0	-42.0	-12.0	95.0	
1504204178978	1549129153286	318.0	-42.0	-12.0	95.0	
1504204178994	1549149294887	318.0	-42.0	-12.0	95.0	
1504204179012	1549169436489	318.0	-42.0	-12.0	95.0	
1504204179046	1549189578090	318.0	-42.0	-12.0	95.0	
1504204179065	1549209719692	318.0	-42.0	-12.0	95.0	
1504204179084	1549229861294	318.0	-42.0	-12.0	95.0	
1504204179100	1549250002895	318.0	-42.0	-12.0	95.0	
1504204179124	1549270144497	318.0	-42.0	-12.0	95.0	
1504204179136	1549290286098	318.0	-42.0	-12.0	95.0	
1504204179153	1549310427700	318.0	-42.0	-12.0	95.0	
1504204179186	1549330569301	318.0	-42.0	-12.0	95.0	
1504204179205	1549350710903	318.0	-42.0	-12.0	95.0	
1504204179223	1549370852504	318.0	-42.0	-12.0	95.0	
1504204179242	1549390994106	318.0	-42.0	-12.0	95.0	
1504204179258	1549411135708	318.0	-42.0	-12.0	95.0	
1504204179276	1549431277309	318.0	-42.0	-12.0	95.0	
1504204179295	1549451418911	318.0	-42.0	-12.0	95.0	
1504204179327	1549471561286	318.0	-42.0	-12.0	95.0	
1504204179347	1549491702888	318.0	-42.0	-12.0	95.0	
1504204179364	1549511844489	318.0	-42.0	-12.0	95.0	
1504204179386	1549531986091	318.0	-42.0	-12.0	95.0	
1504204179401	1549552127693	318.0	-42.0	-12.0	95.0	
1504204179417	1549572269294	318.0	-42.0	-12.0	95.0	
1504204179435	1549592410896	318.0	-42.0	-12.0	95.0	
1504204179469	1549612552497	318.0	-42.0	-12.0	95.0	
1504204179488	1549632694099	318.0	-42.0	-12.0	95.0	
1504204179507	1549652835700	318.0	-42.0	-12.0	95.0	
1504204179523	1549672977302	318.0	-42.0	-12.0	95.0	
1504204179541	1549693118903	318.0	-42.0	-12.0	95.0	
1504204179560	1549713260505	318.0	-42.0	-12.0	95.0	
1504204179576	1549733402107	318.0	-42.0	-12.0	95.0	
