1504190826828	2038198169869	0.1448974609375	-0.0443878173828125	-0.1545257568359375	5.0	
1504190826846	2038218311470	0.141021728515625	-0.0458526611328125	-0.15606689453125	5.0	
1504190826865	2038238453072	0.137939453125	-0.0476837158203125	-0.1562652587890625	5.0	
1504190826886	2038258594673	0.13690185546875	-0.047576904296875	-0.1577301025390625	5.0	
1504190826899	2038278736275	0.1374359130859375	-0.0465087890625	-0.159423828125	5.0	
1504190826917	2038298877876	0.13812255859375	-0.04632568359375	-0.1598052978515625	5.0	
1504190826952	2038319019478	0.138336181640625	-0.048004150390625	-0.1606597900390625	5.0	
1504190826974	2038339161079	0.137542724609375	-0.0494384765625	-0.16162109375	5.0	
1504190826987	2038359302681	0.135589599609375	-0.0498809814453125	-0.1621551513671875	5.0	
1504190827004	2038379444283	0.1334686279296875	-0.04986572265625	-0.1625213623046875	5.0	
1504190827028	2038399585884	0.131927490234375	-0.049560546875	-0.162872314453125	5.0	
1504190827041	2038419727486	0.1310577392578125	-0.0492706298828125	-0.163055419921875	5.0	
1504190827069	2038439869087	0.13067626953125	-0.0493927001953125	-0.162994384765625	5.0	
1504190827093	2038460010689	0.130828857421875	-0.0499114990234375	-0.1629791259765625	5.0	
1504190827110	2038480152290	0.13067626953125	-0.0503387451171875	-0.1633453369140625	5.0	
1504190827128	2038500293892	0.130340576171875	-0.0513763427734375	-0.1629638671875	5.0	
1504190827155	2038520435494	0.1300201416015625	-0.052764892578125	-0.1622772216796875	5.0	
1504190827167	2038540577095	0.1298370361328125	-0.0534515380859375	-0.1626129150390625	5.0	
1504190827181	2038560718697	0.1296539306640625	-0.053863525390625	-0.1636199951171875	5.0	
1504190827200	2038580860298	0.1297607421875	-0.0547943115234375	-0.1641693115234375	5.0	
1504190827235	2038601001900	0.13037109375	-0.0557098388671875	-0.164642333984375	5.0	
1504190827253	2038621143501	0.1311492919921875	-0.0554656982421875	-0.164947509765625	5.0	
1504190827270	2038641285103	0.13189697265625	-0.05426025390625	-0.164947509765625	5.0	
1504190827287	2038661426704	0.1323394775390625	-0.053314208984375	-0.16485595703125	5.0	
1504190827306	2038681568306	0.132568359375	-0.0540618896484375	-0.16510009765625	5.0	
1504190827322	2038701709908	0.1330718994140625	-0.056304931640625	-0.165069580078125	5.0	
1504190827340	2038721851509	0.1339111328125	-0.05877685546875	-0.16497802734375	5.0	
1504190827375	2038741993111	0.134979248046875	-0.0598297119140625	-0.166229248046875	5.0	
1504190827392	2038762134712	0.136688232421875	-0.0593719482421875	-0.1689910888671875	5.0	
1504190827411	2038782276314	0.1392974853515625	-0.05914306640625	-0.172454833984375	5.0	
1504190827428	2038802417915	0.140960693359375	-0.060638427734375	-0.176177978515625	5.0	
1504190827446	2038822559517	0.1401519775390625	-0.0624542236328125	-0.1809844970703125	5.0	
1504190827464	2038842701119	0.1365509033203125	-0.0633544921875	-0.187591552734375	5.0	
1504190827481	2038862842720	0.1310882568359375	-0.06341552734375	-0.19659423828125	5.0	
1504190827516	2038882984322	0.1239776611328125	-0.0635833740234375	-0.20892333984375	5.0	
1504190827534	2038903125923	0.1164398193359375	-0.0618438720703125	-0.222564697265625	5.0	
1504190827552	2038923267525	0.11004638671875	-0.0572967529296875	-0.235992431640625	5.0	
1504190827571	2038943409126	0.106903076171875	-0.0509185791015625	-0.248504638671875	5.0	
1504190827587	2038963550728	0.1083221435546875	-0.0473785400390625	-0.259552001953125	5.0	
1504190827604	2038983692329	0.1151275634765625	-0.0493927001953125	-0.269378662109375	5.0	
1504190827623	2039003833931	0.124542236328125	-0.0540008544921875	-0.2804718017578125	5.0	
1504190827657	2039023975533	0.1309356689453125	-0.0570526123046875	-0.2932586669921875	5.0	
1504190827675	2039044117134	0.1336212158203125	-0.0573883056640625	-0.30548095703125	5.0	
1504190827693	2039064258736	0.13800048828125	-0.054107666015625	-0.31524658203125	5.0	
1504190827710	2039084400337	0.1452178955078125	-0.051971435546875	-0.32159423828125	5.0	
1504190827730	2039104541939	0.15313720703125	-0.053070068359375	-0.3258819580078125	5.0	
1504190827746	2039124683540	0.158660888671875	-0.0531463623046875	-0.328765869140625	5.0	
1504190827764	2039144825142	0.15960693359375	-0.0517730712890625	-0.3314056396484375	5.0	
1504190827798	2039164966744	0.1584320068359375	-0.0503387451171875	-0.3345947265625	5.0	
1504190827816	2039185108345	0.1603546142578125	-0.0474395751953125	-0.336822509765625	5.0	
1504190827833	2039205249947	0.164825439453125	-0.04425048828125	-0.338226318359375	5.0	
1504190827851	2039225391548	0.168670654296875	-0.0418243408203125	-0.3396148681640625	5.0	
1504190827869	2039245533150	0.1702423095703125	-0.039306640625	-0.3414459228515625	5.0	
1504190827888	2039265674751	0.1700897216796875	-0.036468505859375	-0.3435516357421875	5.0	
1504190827904	2039285816353	0.169464111328125	-0.0338592529296875	-0.345489501953125	5.0	
1504190827922	2039305957954	0.1696319580078125	-0.0314483642578125	-0.3463897705078125	5.0	
1504190827957	2039326099556	0.170074462890625	-0.0296630859375	-0.346405029296875	5.0	
1504190827974	2039346241158	0.1697235107421875	-0.0284423828125	-0.34619140625	5.0	
1504190827993	2039366382759	0.168853759765625	-0.0280609130859375	-0.3457183837890625	5.0	
1504190828010	2039386524361	0.1679534912109375	-0.029022216796875	-0.345001220703125	5.0	
1504190828028	2039406665962	0.1670989990234375	-0.0312042236328125	-0.34454345703125	5.0	
1504190828046	2039426807564	0.165985107421875	-0.0336151123046875	-0.3446502685546875	5.0	
1504190828063	2039446949165	0.1645660400390625	-0.03485107421875	-0.3454437255859375	5.0	
1504190828098	2039467090767	0.16400146484375	-0.03485107421875	-0.345733642578125	5.0	
1504190828116	2039487232369	0.165191650390625	-0.0347442626953125	-0.346282958984375	5.0	
1504190828133	2039507373970	0.1679534912109375	-0.034698486328125	-0.346832275390625	5.0	
1504190828152	2039527515572	0.17047119140625	-0.034423828125	-0.3473968505859375	5.0	
1504190828168	2039547657173	0.17138671875	-0.033966064453125	-0.348846435546875	5.0	
1504190828186	2039567798775	0.171234130859375	-0.0337371826171875	-0.350982666015625	5.0	
1504190828205	2039587940376	0.1717376708984375	-0.0327911376953125	-0.3527374267578125	5.0	
1504190828239	2039608081978	0.17279052734375	-0.0301971435546875	-0.353973388671875	5.0	
1504190828257	2039628223579	0.1724700927734375	-0.026275634765625	-0.3555755615234375	5.0	
1504190828274	2039648365181	0.1699676513671875	-0.0213623046875	-0.3578033447265625	5.0	
1504190828292	2039668506783	0.16650390625	-0.0147857666015625	-0.360809326171875	5.0	
1504190828312	2039688648384	0.163238525390625	-0.00701904296875	-0.3638458251953125	5.0	
1504190828327	2039708789986	0.1610565185546875	4.119873046875E-4	-0.3657379150390625	5.0	
1504190828345	2039728931587	0.160400390625	0.0057373046875	-0.36669921875	5.0	
1504190828380	2039749073189	0.1609649658203125	0.0078125	-0.3680877685546875	5.0	
1504190828397	2039769214790	0.1620330810546875	0.006927490234375	-0.3702545166015625	5.0	
1504190828417	2039789359721	0.16314697265625	0.004241943359375	-0.37249755859375	5.0	
1504190828433	2039809501323	0.1645050048828125	0.00189208984375	-0.3735809326171875	5.0	
1504190828450	2039829642924	0.1665496826171875	0.001739501953125	-0.3736419677734375	5.0	
1504190828469	2039849784526	0.16839599609375	0.00225830078125	-0.3740692138671875	5.0	
1504190828486	2039869926127	0.1692657470703125	0.00213623046875	-0.37542724609375	5.0	
1504190828521	2039890067729	0.169586181640625	0.00189208984375	-0.377227783203125	5.0	
1504190828539	2039910209330	0.169677734375	0.0022735595703125	-0.3790740966796875	5.0	
1504190828556	2039930350932	0.1695556640625	0.00286865234375	-0.3802642822265625	5.0	
1504190828575	2039950492533	0.1693115234375	0.00250244140625	-0.3808441162109375	5.0	
1504190828592	2039970634135	0.168975830078125	3.509521484375E-4	-0.3818359375	5.0	
1504190828609	2039990775737	0.1688995361328125	-0.0032501220703125	-0.3828125	5.0	
1504190828628	2040010917338	0.1693878173828125	-0.00762939453125	-0.3823089599609375	5.0	
1504190828662	2040031058940	0.1706695556640625	-0.0118865966796875	-0.380950927734375	5.0	
1504190828680	2040051200541	0.1726531982421875	-0.015045166015625	-0.3792877197265625	5.0	
1504190828698	2040071342143	0.1744232177734375	-0.017578125	-0.377593994140625	5.0	
1504190828715	2040091483744	0.175384521484375	-0.0206451416015625	-0.376129150390625	5.0	
1504190828733	2040111625346	0.175537109375	-0.02362060546875	-0.3751373291015625	5.0	
1504190828750	2040131766948	0.177276611328125	-0.024200439453125	-0.373260498046875	5.0	
1504190828767	2040151908549	0.1806182861328125	-0.0245361328125	-0.370361328125	5.0	
1504190828793	2040172050151	0.184326171875	-0.026031494140625	-0.367462158203125	5.0	
1504190828840	2040192191752	0.1868896484375	-0.0287017822265625	-0.3650665283203125	100.0	
1504190828849	2040212333354	0.1881561279296875	-0.031951904296875	-0.3632659912109375	100.0	
1504190828857	2040232474955	0.1893157958984375	-0.0347442626953125	-0.3616943359375	100.0	
1504190828873	2040252616557	0.1910858154296875	-0.0373687744140625	-0.35943603515625	100.0	
1504190828892	2040272758158	0.1929168701171875	-0.0404815673828125	-0.3568115234375	100.0	
1504190828908	2040292899760	0.19427490234375	-0.043548583984375	-0.3542633056640625	100.0	
1504190828926	2040313041362	0.195465087890625	-0.04632568359375	-0.3522491455078125	100.0	
1504190828962	2040333182963	0.1965179443359375	-0.0482177734375	-0.3505401611328125	100.0	
1504190828983	2040353324565	0.197662353515625	-0.0497894287109375	-0.3494415283203125	100.0	
1504190828998	2040373466166	0.1994476318359375	-0.0513916015625	-0.3481597900390625	100.0	
1504190829014	2040393607768	0.2018585205078125	-0.052703857421875	-0.3465576171875	100.0	
1504190829034	2040413749369	0.2043304443359375	-0.0528717041015625	-0.3448486328125	100.0	
1504190829053	2040433890971	0.205963134765625	-0.0513763427734375	-0.34332275390625	100.0	
1504190829068	2040454032573	0.2069854736328125	-0.049041748046875	-0.3419647216796875	100.0	
1504190829103	2040474174174	0.2090301513671875	-0.046966552734375	-0.339752197265625	100.0	
1504190829120	2040494315776	0.2123260498046875	-0.0459136962890625	-0.337066650390625	100.0	
1504190829138	2040514457377	0.2162017822265625	-0.0458526611328125	-0.3340911865234375	100.0	
1504190829157	2040534598979	0.219451904296875	-0.0465087890625	-0.331207275390625	100.0	
1504190829174	2040554740580	0.2215423583984375	-0.0480499267578125	-0.328765869140625	100.0	
1504190829191	2040574882182	0.222564697265625	-0.050384521484375	-0.3267669677734375	100.0	
1504190829209	2040595023783	0.2223968505859375	-0.052520751953125	-0.325286865234375	100.0	
1504190829244	2040615165385	0.2223358154296875	-0.0528106689453125	-0.32330322265625	100.0	
1504190829264	2040635306987	0.222686767578125	-0.052001953125	-0.321380615234375	100.0	
1504190829282	2040655448588	0.223358154296875	-0.0508880615234375	-0.319122314453125	100.0	
1504190829296	2040675590190	0.2242584228515625	-0.0491943359375	-0.3159332275390625	100.0	
1504190829316	2040695731791	0.2251739501953125	-0.0475616455078125	-0.312103271484375	100.0	
1504190829332	2040715873393	0.2259979248046875	-0.0464019775390625	-0.308013916015625	100.0	
1504190829350	2040736014994	0.2267913818359375	-0.04559326171875	-0.30389404296875	100.0	
1504190829385	2040756156596	0.2277069091796875	-0.0444183349609375	-0.300567626953125	100.0	
1504190829403	2040776298198	0.2287139892578125	-0.04302978515625	-0.2978515625	100.0	
1504190829422	2040796439799	0.2296295166015625	-0.0411529541015625	-0.2955169677734375	100.0	
1504190829437	2040816581401	0.2297515869140625	-0.038970947265625	-0.2935028076171875	100.0	
1504190829455	2040836723002	0.22943115234375	-0.0367584228515625	-0.29205322265625	100.0	
1504190829474	2040856864604	0.2292022705078125	-0.03509521484375	-0.2915802001953125	100.0	
1504190829508	2040877006205	0.2288055419921875	-0.0348968505859375	-0.2920989990234375	100.0	
1504190829526	2040897147807	0.2282562255859375	-0.0352935791015625	-0.2925872802734375	100.0	
1504190829543	2040917289408	0.2276153564453125	-0.0341949462890625	-0.2927093505859375	100.0	
1504190829561	2040937431010	0.227020263671875	-0.03167724609375	-0.2924957275390625	100.0	
1504190829580	2040957572612	0.226409912109375	-0.0287933349609375	-0.292327880859375	100.0	
1504190829596	2040977714213	0.226043701171875	-0.0263824462890625	-0.292327880859375	100.0	
1504190829633	2040997855815	0.225982666015625	-0.025115966796875	-0.29193115234375	100.0	
1504190829649	2041017997416	0.2261505126953125	-0.024810791015625	-0.2914276123046875	100.0	
1504190829667	2041038139018	0.2262725830078125	-0.0252838134765625	-0.290771484375	100.0	
1504190829686	2041058280619	0.226043701171875	-0.026611328125	-0.2903289794921875	100.0	
1504190829702	2041078422221	0.2252044677734375	-0.0279693603515625	-0.2904052734375	100.0	
1504190829720	2041098563823	0.2241973876953125	-0.0286407470703125	-0.2909088134765625	100.0	
1504190829755	2041118705424	0.2235870361328125	-0.0284423828125	-0.2912445068359375	100.0	
1504190829773	2041138847026	0.2237701416015625	-0.02777099609375	-0.2915496826171875	100.0	
1504190829790	2041158988627	0.22454833984375	-0.0270233154296875	-0.2919464111328125	100.0	
1504190829808	2041179130229	0.2252655029296875	-0.0267486572265625	-0.292205810546875	100.0	
1504190829825	2041199271830	0.2253875732421875	-0.027557373046875	-0.2924041748046875	100.0	
1504190829844	2041219413432	0.2250823974609375	-0.029022216796875	-0.2927093505859375	100.0	
1504190829878	2041239555033	0.22491455078125	-0.0296783447265625	-0.2925567626953125	100.0	
1504190829897	2041259696635	0.2247161865234375	-0.0294036865234375	-0.29266357421875	100.0	
1504190829914	2041279838237	0.2245330810546875	-0.02838134765625	-0.2924041748046875	100.0	
1504190829932	2041299979838	0.2244415283203125	-0.026275634765625	-0.2917327880859375	100.0	
1504190829949	2041320121440	0.224578857421875	-0.0232391357421875	-0.290985107421875	100.0	
1504190829966	2041340263041	0.2250823974609375	-0.020050048828125	-0.2895965576171875	100.0	
1504190829984	2041360404643	0.2264251708984375	-0.0171051025390625	-0.2875823974609375	100.0	
1504190830021	2041380546244	0.228790283203125	-0.01458740234375	-0.285308837890625	100.0	
1504190830040	2041400687846	0.232391357421875	-0.0130462646484375	-0.2828826904296875	100.0	
