1501195794003	527673398512639	193.0	-17.0	-14.0	2.0	
1501195794021	527673418654240	193.0	-17.0	-14.0	2.0	
1501195794040	527673438795842	193.0	-17.0	-14.0	2.0	
1501195794075	527673458937444	193.0	-17.0	-14.0	2.0	
1501195794090	527673479079045	193.0	-17.0	-14.0	2.0	
1501195794108	527673499220647	193.0	-17.0	-14.0	2.0	
1501195794126	527673519362248	193.0	-17.0	-14.0	2.0	
1501195794143	527673539503850	193.0	-17.0	-14.0	2.0	
1501195794161	527673559645451	193.0	-17.0	-14.0	2.0	
1501195794181	527673579787053	193.0	-17.0	-14.0	2.0	
1501195794213	527673599928655	193.0	-17.0	-14.0	2.0	
1501195794239	527673620070256	193.0	-17.0	-14.0	2.0	
1501195794249	527673640211858	193.0	-17.0	-14.0	2.0	
1501195794267	527673660353459	193.0	-17.0	-14.0	2.0	
1501195794284	527673680495061	193.0	-17.0	-14.0	2.0	
1501195794303	527673700636662	193.0	-17.0	-14.0	2.0	
1501195794320	527673720778264	193.0	-17.0	-14.0	2.0	
1501195794354	527673740919865	193.0	-17.0	-14.0	2.0	
1501195794372	527673761061467	193.0	-17.0	-14.0	2.0	
1501195794390	527673781203069	193.0	-17.0	-14.0	2.0	
1501195794407	527673801344670	193.0	-17.0	-14.0	2.0	
1501195794425	527673821486272	193.0	-17.0	-14.0	2.0	
1501195794443	527673841627873	193.0	-17.0	-14.0	2.0	
1501195794460	527673861769475	193.83619689941406	-17.0	-14.0	2.0	
1501195794478	527673881911076	194.0	-17.0	-14.0	2.0	
1501195794512	527673902052678	194.0	-17.0	-14.0	-1.0	
1501195794530	527673922194280	194.0	-17.0	-14.0	-1.0	
1501195794548	527673942335881	194.0	-17.0	-14.0	-1.0	
1501195794565	527673962477483	194.0	-17.0	-14.0	-1.0	
1501195794583	527673982619084	194.0	-17.0	-14.0	-1.0	
1501195794601	527674002760686	194.0	-17.0	-14.0	-1.0	
1501195794619	527674022902287	194.0	-17.949905395507813	-14.0	-1.0	
1501195794654	527674043043889	194.0	-18.0	-14.0	-1.0	
1501195794673	527674063185490	194.0	-18.0	-14.0	-1.0	
1501195794689	527674083327092	194.0	-18.0	-14.0	-1.0	
1501195794708	527674103468694	194.0	-18.0	-14.0	-1.0	
1501195794724	527674123610295	194.0	-18.0	-14.0	-1.0	
1501195794742	527674143751897	194.0	-18.0	-14.0	-1.0	
1501195794760	527674163893498	194.0	-18.0	-14.0	-1.0	
1501195794795	527674184035100	194.0	-18.0	-14.0	-1.0	
1501195794813	527674204176701	194.0	-18.0	-14.0	-1.0	
1501195794830	527674224318303	194.0	-18.0	-14.0	-1.0	
1501195794847	527674244459905	194.0	-18.0	-14.0	-1.0	
1501195794866	527674264601506	194.0	-18.0	-14.0	-1.0	
1501195794882	527674284743108	194.0	-18.0	-14.0	-1.0	
1501195794901	527674304884709	194.0	-18.0	-14.0	-1.0	
1501195794936	527674325026311	194.0	-18.0	-14.0	-1.0	
1501195794954	527674345167912	194.0	-18.0	-14.0	-1.0	
1501195794972	527674365309514	194.0	-18.0	-14.0	-1.0	
1501195794989	527674385451115	194.0	-18.0	-14.0	-1.0	
1501195795010	527674405592717	194.0	-18.0	-14.0	-1.0	
1501195795024	527674425734319	194.0	-18.0	-14.0	-1.0	
1501195795041	527674445875920	194.0	-18.0	-14.0	-1.0	
1501195795078	527674466017522	194.0	-19.0	-14.0	-1.0	
1501195795094	527674486159123	194.0	-19.0	-14.0	-1.0	
1501195795112	527674506300725	194.0	-19.0	-14.0	-1.0	
1501195795130	527674526442326	194.0	-19.0	-14.0	-1.0	
1501195795147	527674546583928	194.0	-19.0	-14.0	-1.0	
1501195795165	527674566725530	194.0	-18.29534912109375	-14.0	-1.0	
1501195795194	527674586867131	194.0	-18.0	-14.0	-1.0	
1501195795201	527674607008733	194.0	-18.0	-14.0	-1.0	
1501195795236	527674627150334	194.0	-18.0	-14.0	-1.0	
1501195795252	527674647291936	194.0	-18.0	-14.0	-1.0	
1501195795271	527674667433537	194.0	-18.0	-14.0	-1.0	
1501195795290	527674687575139	194.0	-18.0	-14.0	-1.0	
1501195795306	527674707716740	194.0	-18.0	-14.0	-1.0	
1501195795329	527674727858342	194.0	-18.0	-14.0	-1.0	
1501195795341	527674747999944	194.0	-18.0	-14.0	-1.0	
1501195795377	527674768141545	194.0	-18.0	-14.0	-1.0	
1501195795394	527674788283147	194.0	-18.0	-14.234878540039063	-1.0	
1501195795412	527674808424748	194.0	-18.0	-15.0	-1.0	
1501195795429	527674828566350	194.0	-18.0	-15.0	-1.0	
1501195795447	527674848707951	194.0	-18.0	-15.0	-1.0	
1501195795466	527674868849553	194.0	-18.0	-15.0	-1.0	
1501195795482	527674888991155	194.0	-18.0	-15.0	-1.0	
1501195795517	527674909132756	194.0	-18.0	-15.0	-1.0	
1501195795535	527674929274358	194.0	-18.0	-15.0	-1.0	
1501195795553	527674949415959	194.0	-18.0	-15.0	-1.0	
1501195795570	527674969557561	194.0	-18.0	-15.0	-1.0	
1501195795588	527674989699162	194.0	-18.0	-15.0	-1.0	
1501195795606	527675009840764	194.0	-18.0	-15.0	-1.0	
1501195795624	527675029982365	194.0	-18.0	-15.0	-1.0	
1501195795658	527675050123967	194.0	-18.0	-15.0	-1.0	
1501195795676	527675070265569	194.0	-18.0	-15.0	-1.0	
1501195795698	527675090407170	194.0	-18.0	-15.0	-1.0	
1501195795711	527675110548772	194.0	-18.0	-14.538864135742188	-1.0	
1501195795729	527675130690373	194.0	-18.0	-14.599990844726563	-1.0	
1501195795747	527675150831975	194.0	-18.0	-15.0	-1.0	
1501195795764	527675170973576	194.0	-18.0	-15.0	-1.0	
1501195795799	527675191115178	194.0	-18.0	-15.0	-1.0	
1501195795816	527675211256780	194.0	-18.0	-15.0	-1.0	
1501195795835	527675231398381	194.0	-18.0	-15.0	-1.0	
1501195795852	527675251539983	194.0	-18.434478759765625	-15.0	-1.0	
1501195795870	527675271681584	194.0	-19.0	-15.0	-1.0	
1501195795887	527675291823186	194.0	-19.0	-15.0	-1.0	
1501195795905	527675311964787	194.0	-19.0	-15.0	-1.0	
1501195795923	527675332106389	194.0	-19.0	-15.0	-1.0	
1501195795959	527675352247990	194.0	-19.0	-15.0	-1.0	
1501195795975	527675372389592	194.0	-19.0	-15.0	-1.0	
1501195795993	527675392531194	194.0	-19.0	-15.0	-1.0	
1501195796010	527675412672795	194.0	-19.0	-15.0	-1.0	
1501195796028	527675432814397	194.0	-19.0	-15.0	-1.0	
1501195796047	527675452955998	194.0	-19.0	-15.0	-1.0	
1501195796063	527675473097600	194.0	-19.963790893554688	-15.0	-1.0	
1501195796099	527675493239201	194.0	-20.0	-15.0	-1.0	
1501195796116	527675513380803	194.0	-20.0	-15.24310302734375	-1.0	
1501195796134	527675533522405	194.0	-20.382339477539063	-16.0	-1.0	
1501195796151	527675553664006	194.0	-21.0	-16.0	-1.0	
1501195796169	527675573805608	194.0	-20.328125	-16.0	-1.0	
1501195796187	527675593947209	194.0	-20.0	-16.0	-1.0	
1501195796204	527675614088811	194.0	-20.0	-16.0	-1.0	
1501195796255	527675634230412	194.0	-20.109375	-16.0	-1.0	
1501195796261	527675654372014	194.0	-21.0	-16.0	-1.0	
1501195796280	527675674513615	194.0	-21.0	-16.0	-1.0	
1501195796294	527675694655217	194.0	-20.453125	-16.0	-1.0	
1501195796314	527675714796819	194.0	-20.0	-16.0	-1.0	
1501195796329	527675734938420	194.0	-20.0	-16.0	-1.0	
1501195796345	527675755080022	194.0	-20.0	-16.0	-1.0	
1501195796392	527675775221623	194.0	-20.0	-16.0	-1.0	
1501195796398	527675795363225	194.0	-20.0	-16.0	-1.0	
1501195796421	527675815504826	194.0	-20.0	-16.0	-1.0	
1501195796434	527675835646428	194.0	-20.0	-16.0	-1.0	
1501195796451	527675855788030	194.0	-20.0	-16.0	-1.0	
1501195796469	527675875929631	193.140625	-20.0	-16.0	-1.0	
1501195796505	527675896071233	193.0	-20.0	-16.0	-1.0	
1501195796521	527675916212834	193.0	-20.0	-16.0	-1.0	
1501195796541	527675936354436	193.0	-20.0	-16.0	-1.0	
1501195796567	527675956496037	193.0	-20.0	-16.0	-1.0	
1501195796576	527675976637639	193.0	-20.0	-16.0	-1.0	
1501195796592	527675996779240	193.0	-20.732635498046875	-16.0	-1.0	
1501195796610	527676016920842	193.0	-20.121536254882813	-16.0	-1.0	
1501195796667	527676037062444	193.0	-21.0	-16.0	-1.0	
1501195796677	527676057204045	193.0	-21.0	-16.0	-1.0	
1501195796680	527676077345647	193.0	-21.0	-16.0	-1.0	
1501195796698	527676097487248	193.0	-21.0	-16.0	-1.0	
1501195796724	527676117628850	193.0	-21.0	-16.0	-1.0	
1501195796733	527676137770451	193.0	-21.0	-16.0	-1.0	
1501195796751	527676157912053	193.0	-21.0	-16.0	-1.0	
1501195796786	527676178053655	193.0	-21.0	-16.0	-1.0	
1501195796805	527676198195256	193.0	-21.0	-16.0	-1.0	
1501195796823	527676218336858	193.0	-21.0	-16.0	-1.0	
1501195796839	527676238478459	193.0	-21.0	-16.0	-1.0	
1501195796857	527676258620061	193.0	-21.0	-16.0	-1.0	
1501195796877	527676278761662	193.0	-21.0	-16.77294921875	-1.0	
1501195796892	527676298903264	193.0	-21.0	-17.0	-1.0	
1501195796927	527676319044865	192.0	-21.064224243164063	-17.0	-1.0	
1501195796949	527676339186467	192.0	-22.0	-17.0	-1.0	
1501195796962	527676359328069	192.0	-22.0	-17.35589599609375	-1.0	
1501195796985	527676379469670	191.49827575683594	-22.501724243164063	-18.0	-1.0	
1501195796997	527676399611272	191.0	-23.0	-18.0	-1.0	
1501195797017	527676419752873	191.0	-23.0	-18.0	-1.0	
1501195797037	527676439894475	191.0	-23.0	-18.0	-1.0	
1501195797069	527676460036076	191.0	-23.085067749023438	-18.085067749023438	-1.0	
1501195797109	527676480177678	191.0	-24.0	-19.0	-1.0	
1501195797111	527676500319280	190.62327575683594	-24.0	-19.0	-1.0	
1501195797122	527676520460881	190.0	-24.0	-19.0	-1.0	
1501195797140	527676540602483	190.0	-24.66839599609375	-19.0	-1.0	
1501195797156	527676560744084	190.0	-25.0	-19.0	-1.0	
1501195797174	527676580885686	190.0	-25.0	-19.0	-1.0	
1501195797211	527676601027287	190.0	-25.0	-19.0	-1.0	
1501195797228	527676621168889	190.0	-25.0	-19.0	-1.0	
1501195797252	527676641310490	190.0	-25.0	-19.0	-1.0	
1501195797262	527676661452092	190.0	-25.0	-19.0	-1.0	
1501195797280	527676681593694	190.0	-25.0	-19.0	-1.0	
1501195797298	527676701735295	190.0	-25.0	-19.0	-1.0	
1501195797315	527676721876897	190.0	-25.0	-19.0	-1.0	
1501195797350	527676742018498	190.0	-25.0	-19.0	-1.0	
1501195797367	527676762160100	190.0	-25.0	-19.0	-1.0	
1501195797391	527676782301701	190.0	-25.0	-19.0	-1.0	
1501195797408	527676802443303	190.0	-25.0	-19.0	-1.0	
1501195797422	527676822584905	190.0	-25.0	-19.0	-1.0	
1501195797438	527676842726506	190.0	-25.0	-19.0	-1.0	
1501195797456	527676862868108	191.0	-25.0	-19.0	-1.0	
1501195797495	527676883009709	191.0	-25.0	-19.0	-1.0	
1501195797510	527676903151311	191.0	-25.0	-18.708343505859375	-1.0	
1501195797530	527676923292912	191.0	-25.0	-18.0	-1.0	
1501195797544	527676943434514	191.0	-25.583328247070313	-18.0	-1.0	
1501195797562	527676963576115	191.0	-26.0	-18.0	-1.0	
1501195797579	527676983717717	191.0	-26.0	-18.0	-1.0	
1501195797615	527677003859319	191.0	-26.0	-18.0	-1.0	
1501195797632	527677024000920	191.0	-26.0	-18.0	-1.0	
1501195797650	527677044142522	191.0	-26.0	-18.0	-1.0	
1501195797667	527677064284123	191.0	-26.0	-18.0	-1.0	
1501195797685	527677084425725	191.0	-26.0	-18.0	-1.0	
1501195797702	527677104594608	191.0	-26.0	-18.0	-1.0	
1501195797724	527677124736210	191.0	-26.0	-18.0	-1.0	
1501195797756	527677144877812	191.0	-26.0	-18.0	-1.0	
1501195797773	527677165019413	191.0	-26.0	-18.0	-1.0	
1501195797791	527677185161015	191.0	-26.0	-18.0	-1.0	
1501195797841	527677205302616	191.0	-26.0	-18.0	-1.0	
1501195797843	527677225444218	191.0	-26.0	-18.0	-1.0	
1501195797844	527677245585819	191.0	-26.0	-18.0	-1.0	
1501195797886	527677265727421	191.0	-26.0	-18.0	-1.0	
1501195797902	527677285869022	191.0	-27.0	-18.0	-1.0	
1501195797923	527677306010624	191.0	-27.0	-18.0	-1.0	
1501195797932	527677326152226	191.0	-27.0	-18.0	-1.0	
1501195797949	527677346293827	191.0	-27.0	-18.0	-1.0	
1501195797967	527677366435429	191.0	-27.0	-18.0	-1.0	
1501195797986	527677386577030	191.0	-27.0	-18.0	-1.0	
1501195798002	527677406718632	191.0	-27.0	-18.0	-1.0	
1501195798038	527677426860233	191.0	-27.0	-18.0	-1.0	
1501195798061	527677447001835	191.0	-27.0	-18.0	-1.0	
1501195798073	527677467143437	191.37152099609375	-27.0	-18.0	-1.0	
1501195798092	527677487285038	192.0	-27.0	-18.0	-1.0	
1501195798108	527677507426640	192.0	-26.336807250976563	-18.0	-1.0	
1501195798125	527677527568241	192.0	-26.0	-18.0	-1.0	
1501195798144	527677547709843	192.0	-26.0	-18.0	-1.0	
1501195798180	527677567851444	192.0	-27.0	-18.0	-1.0	
1501195798196	527677587993046	192.0	-27.0	-18.0	-1.0	
1501195798213	527677608134647	192.0	-27.0	-18.0	-1.0	
1501195798231	527677628276249	192.0	-27.0	-18.0	-1.0	
1501195798254	527677648417851	192.0	-27.0	-18.0	-1.0	
1501195798268	527677668559452	192.0	-27.0	-18.0	-1.0	
1501195798327	527677688701054	192.0	-27.0	-18.0	-1.0	
1501195798334	527677708842655	192.0	-27.0	-18.0	-1.0	
1501195798337	527677728984257	192.0	-27.0	-18.0	-1.0	
1501195798357	527677749125858	192.0	-27.0	-18.0	-1.0	
1501195798374	527677769267460	192.0	-27.0	-18.0	-1.0	
1501195798411	527677789409062	192.0	-27.0	-18.0	-1.0	
1501195798419	527677809550663	192.0	-27.0	-18.0	-1.0	
1501195798432	527677829692265	192.0	-27.0	-18.0	-1.0	
1501195798460	527677849833866	192.0	-27.0	-18.0	-1.0	
1501195798480	527677869975468	192.0	-26.713546752929688	-18.0	-1.0	
1501195798496	527677890117069	192.0	-26.0	-18.0	-1.0	
1501195798514	527677910258671	192.0	-26.0	-18.0	-1.0	
1501195798531	527677930400272	192.0	-26.0	-18.0	-1.0	
1501195798549	527677950541874	192.0	-26.0	-18.0	-1.0	
1501195798583	527677970683476	192.0	-26.0	-18.0	-1.0	
1501195798603	527677990825077	192.0	-26.161453247070313	-18.0	-1.0	
1501195798619	527678010966679	192.0	-27.0	-18.0	-1.0	
1501195798639	527678031108280	192.0	-27.0	-18.0	-1.0	
1501195798655	527678051249882	192.0	-27.0	-18.0	-1.0	
1501195798675	527678071391483	192.0	-26.255218505859375	-18.0	-1.0	
1501195798690	527678091533085	192.0	-26.0	-18.0	-1.0	
1501195798726	527678111674687	192.0	-26.0	-18.0	-1.0	
1501195798746	527678131816288	192.0	-26.0	-18.0	-1.0	
1501195798760	527678151957890	192.0	-26.0	-18.0	-1.0	
1501195798778	527678172099491	192.0	-26.0	-18.0	-1.0	
1501195798795	527678192241093	192.0	-26.0	-18.0	-1.0	
1501195798817	527678212382694	192.0	-26.0	-18.0	-1.0	
1501195798831	527678232524296	192.0	-26.0	-18.0	-1.0	
1501195798866	527678252665897	192.0	-26.0	-18.0	-1.0	
1501195798884	527678272807499	192.0	-26.0	-18.0	-1.0	
1501195798901	527678292949101	192.0	-26.0	-18.0	-1.0	
1501195798920	527678313090702	192.0	-26.0	-18.0	-1.0	
1501195798938	527678333232304	192.0	-26.0	-18.0	-1.0	
1501195798955	527678353373905	192.0	-26.0	-18.0	-1.0	
1501195798972	527678373515507	192.0	-26.0	-18.0	-1.0	
1501195799017	527678393657108	192.0	-26.0	-18.0	-1.0	
1501195799032	527678413798710	192.0	-26.0	-18.0	-1.0	
1501195799048	527678433940312	192.0	-26.0	-18.0	-1.0	
1501195799060	527678454081913	192.0	-26.0	-18.0	-1.0	
1501195799077	527678474223515	192.0	-26.0	-18.0	-1.0	
1501195799095	527678494365116	192.0	-26.0	-18.0	-1.0	
1501195799117	527678514506718	192.0	-26.0	-18.0	-1.0	
1501195799149	527678534648319	192.0	-26.0	-18.0	-1.0	
1501195799167	527678554789921	192.0	-26.0	-18.0	-1.0	
1501195799188	527678574931522	192.0	-26.0	-18.0	-1.0	
1501195799201	527678595073124	192.0	-26.0	-18.0	-1.0	
1501195799218	527678615214726	192.0	-26.0	-18.0	-1.0	
1501195799236	527678635356327	192.0	-26.0	-18.0	-1.0	
1501195799254	527678655497929	192.0	-26.0	-18.0	-1.0	
1501195799289	527678675639530	192.0	-26.0	-18.0	-1.0	
1501195799307	527678695781132	192.0	-26.0	-18.0	-1.0	
1501195799324	527678715922733	192.0	-26.0	-18.0	-1.0	
1501195799347	527678736064335	192.0	-26.0	-18.0	-1.0	
1501195799360	527678756205937	192.0	-26.0	-18.0	-1.0	
1501195799396	527678776347538	192.0	-26.0	-18.0	-1.0	
1501195799400	527678796489140	192.0	-26.0	-18.0	-1.0	
1501195799430	527678816630741	192.0	-26.0	-18.0	-1.0	
1501195799448	527678836772343	192.0	-26.0	-18.0	-1.0	
1501195799468	527678856913944	192.0	-26.0	-18.0	-1.0	
1501195799483	527678877055546	192.0	-26.0	-18.0	-1.0	
1501195799500	527678897197147	192.0	-26.0	-18.0	-1.0	
1501195799518	527678917338749	192.0	-26.0	-18.0	-1.0	
1501195799553	527678937480351	192.0	-26.0	-18.0	-1.0	
1501195799571	527678957621952	192.0	-26.0	-18.0	-1.0	
1501195799590	527678977763554	192.0	-26.0	-18.0	-1.0	
1501195799606	527678997905155	192.0	-26.0	-18.0	-1.0	
1501195799624	527679018046757	192.0	-26.0	-18.0	-1.0	
1501195799641	527679038188358	192.0	-26.0	-18.0	-1.0	
1501195799659	527679058329960	192.0	-26.0	-18.0	-1.0	
1501195799694	527679078471562	192.0	-26.0	-18.0	-1.0	
1501195799712	527679098613163	192.0	-26.0	-18.0	-1.0	
1501195799730	527679118754765	192.0	-26.0	-18.0	-1.0	
1501195799748	527679138896366	192.0	-26.0	-18.0	-1.0	
1501195799765	527679159037968	192.0	-26.0	-18.0	-1.0	
1501195799783	527679179179569	192.0	-26.0	-18.0	-1.0	
1501195799800	527679199321171	192.0	-26.0	-18.0	-1.0	
1501195799835	527679219462772	192.0	-26.0	-18.0	-1.0	
1501195799853	527679239604374	192.0	-26.0	-18.0	-1.0	
1501195799870	527679259745976	192.0	-26.0	-18.0	-1.0	
1501195799889	527679279887577	192.0	-26.0	-18.0	-1.0	
1501195799906	527679300029179	192.0	-26.0	-18.0	-1.0	
1501195799924	527679320170780	192.0	-26.0	-18.0	-1.0	
1501195799941	527679340312382	192.0	-26.0	-18.0	-1.0	
1501195799978	527679360453983	192.0	-26.0	-18.0	-1.0	
1501195799995	527679380595585	192.0	-26.0	-18.0	-1.0	
1501195800013	527679400737187	192.0	-26.0	-18.0	-1.0	
1501195800031	527679420878788	192.0	-26.0	-18.0	-1.0	
1501195800048	527679441020390	192.0	-26.0	-18.0	-1.0	
1501195800065	527679461161991	192.0	-26.0	-18.0	-1.0	
1501195800082	527679481303593	192.0	-26.0	-18.0	-1.0	
1501195800119	527679501445194	192.0	-26.0	-18.0	-1.0	
1501195800140	527679521586796	192.0	-26.0	-18.0	-1.0	
1501195800153	527679541728397	192.0	-26.0	-18.0	-1.0	
1501195800171	527679561869999	192.0	-26.0	-18.0	-1.0	
1501195800188	527679582011601	192.0	-26.0	-18.0	-1.0	
1501195800207	527679602153202	192.0	-26.0	-18.0	-1.0	
1501195800250	527679622294804	192.0	-26.0	-18.0	-1.0	
1501195800256	527679642436405	192.0	-26.0	-18.0	-1.0	
1501195800261	527679662578007	192.0	-26.0	-18.0	-1.0	
1501195800334	527679682719608	192.0	-26.0	-18.0	-1.0	
1501195800340	527679702861210	192.0	-26.0	-18.0	-1.0	
1501195800342	527679723002812	192.0	-26.0	-18.0	-1.0	
1501195800351	527679743144413	192.0	-26.0	-18.0	-1.0	
1501195800365	527679763286015	192.0	-26.0	-18.0	-1.0	
1501195800383	527679783427616	192.0	-26.0	-18.0	-1.0	
1501195800400	527679803569218	192.0	-26.0	-18.0	-1.0	
1501195800417	527679823710819	192.0	-26.0	-18.0	-1.0	
1501195800434	527679843852421	192.0	-26.0	-18.0	-1.0	
1501195800472	527679863994022	192.0	-26.0	-18.0	-1.0	
1501195800488	527679884135624	192.0	-26.0	-18.0	-1.0	
1501195800505	527679904277226	192.0	-26.0	-18.0	-1.0	
1501195800525	527679924418827	192.0	-26.0	-18.0	-1.0	
1501195800540	527679944560429	192.0	-26.0	-18.0	-1.0	
1501195800558	527679964702030	192.0	-26.0	-18.0	-1.0	
1501195800594	527679984843632	192.0	-26.0	-18.0	-1.0	
1501195800612	527680004985233	192.0	-26.0	-18.0	-1.0	
1501195800628	527680025126835	192.0	-26.0	-18.0	-1.0	
1501195800646	527680045268437	192.0	-26.0	-18.0	-1.0	
1501195800663	527680065410038	192.0	-26.0	-18.0	-1.0	
1501195800683	527680085551640	192.0	-26.0	-18.0	-1.0	
1501195800699	527680105693241	192.0	-26.0	-18.0	-1.0	
1501195800737	527680125834843	192.0	-26.0	-18.0	-1.0	
1501195800752	527680145976444	192.0	-26.0	-18.0	-1.0	
1501195800770	527680166118046	192.0	-26.0	-18.0	-1.0	
1501195800788	527680186259647	192.0	-26.0	-18.0	-1.0	
1501195800805	527680206401249	192.0	-26.0	-18.0	-1.0	
1501195800823	527680226542851	192.0	-26.0	-18.0	-1.0	
1501195800860	527680246684452	192.0	-26.0	-18.0	-1.0	
1501195800875	527680266826054	192.0	-26.0	-18.0	-1.0	
1501195800894	527680286967655	192.0	-26.0	-18.0	-1.0	
1501195800910	527680307109257	192.0	-26.0	-18.0	-1.0	
1501195800928	527680327250858	192.0	-26.0	-18.0	-1.0	
1501195800947	527680347392460	192.0	-26.0	-18.0	-1.0	
1501195800981	527680367534062	192.0	-26.0	-19.0	-1.0	
1501195800999	527680387675663	192.0	-26.0	-19.0	-1.0	
1501195801016	527680407817265	192.0	-26.0	-19.0	-1.0	
1501195801033	527680427958866	192.0	-26.0	-19.0	-1.0	
1501195801052	527680448100468	192.0	-26.0	-18.32281494140625	-1.0	
1501195801069	527680468242069	192.0	-26.0	-18.0	-1.0	
1501195801089	527680488383671	192.0	-26.0	-18.0	-1.0	
1501195801122	527680508525272	192.0	-26.0	-18.0	-1.0	
1501195801139	527680528666874	192.0	-26.0	-18.308761596679688	-1.0	
1501195801157	527680548808476	192.0	-26.0	-19.0	-1.0	
1501195801175	527680568950077	192.0	-26.0	-19.0	-1.0	
1501195801192	527680589091679	192.0	-26.0	-19.0	-1.0	
1501195801210	527680609233280	192.0	-26.0	-19.0	-1.0	
1501195801246	527680629374882	192.0	-26.0	-18.903793334960938	-1.0	
1501195801264	527680649516483	192.0	-26.0	-18.0	-1.0	
1501195801281	527680669658085	192.0	-26.0	-18.0	-1.0	
1501195801298	527680689799687	192.0	-26.0	-18.0	-1.0	
1501195801316	527680709941288	192.0	-26.0	-18.0	-1.0	
1501195801333	527680730082890	192.0	-26.0	-18.0	-1.0	
1501195801351	527680750224491	192.0	-26.0	-18.0	-1.0	
1501195801387	527680770366093	192.0	-26.0	-18.0	-1.0	
1501195801404	527680790507694	192.0	-26.0	-18.0	-1.0	
1501195801422	527680810649296	192.0	-26.0	-18.0	-1.0	
1501195801439	527680830790897	192.41851806640625	-26.0	-18.41851806640625	-1.0	
1501195801457	527680850932499	193.0	-26.0	-19.0	-1.0	
1501195801475	527680871074101	193.0	-26.0	-19.0	-1.0	
1501195801492	527680891215702	193.0	-26.0	-19.0	-1.0	
1501195801510	527680911357304	193.0	-26.0	-19.0	-1.0	
1501195801545	527680931498905	193.0	-26.0	-19.0	-1.0	
1501195801563	527680951640507	193.0	-26.0	-19.0	-1.0	
1501195801580	527680971782108	193.0	-26.0	-18.655242919921875	-1.0	
1501195801598	527680991923710	193.0	-26.0	-18.0	-1.0	
1501195801617	527681012065312	193.0	-26.0	-18.0	-1.0	
1501195801633	527681032206913	193.0	-26.0	-18.0	-1.0	
1501195801651	527681052348515	193.0	-26.0	-18.0	-1.0	
1501195801686	527681072490116	193.0	-26.0	-18.0	-1.0	
1501195801704	527681092631718	193.0	-26.0	-18.0	-1.0	
1501195801722	527681112773319	193.0	-26.0	-18.271011352539063	-1.0	
1501195801739	527681132914921	193.0	-26.0	-19.0	-1.0	
1501195801757	527681153056522	193.0	-26.0	-19.0	-1.0	
1501195801774	527681173198124	193.0	-26.0	-19.0	-1.0	
1501195801792	527681193339726	193.0	-26.0	-19.0	-1.0	
1501195801809	527681213481327	193.0	-26.0	-19.0	-1.0	
1501195801844	527681233622929	193.0	-26.0	-19.0	-1.0	
1501195801863	527681253764530	193.0	-26.0	-19.0	-1.0	
1501195801880	527681273906132	193.0	-26.0	-19.0	-1.0	
1501195801898	527681294047733	193.0	-26.0	-19.0	-1.0	
1501195801915	527681314189335	193.0	-26.0	-19.0	-1.0	
1501195801933	527681334330937	193.0	-26.0	-19.0	-1.0	
1501195801952	527681354472538	193.0	-26.0	-19.0	-1.0	
1501195801969	527681374614140	193.0	-26.0	-19.0	-1.0	
1501195802003	527681394755741	193.0	-26.0	-19.0	-1.0	
1501195802029	527681414897343	193.0	-26.0	-19.0	-1.0	
1501195802039	527681435038944	193.0	-26.0	-19.0	-1.0	
1501195802057	527681455180546	193.0	-26.0	-19.0	-1.0	
1501195802074	527681475322147	193.0	-26.0	-19.0	-1.0	
1501195802092	527681495463749	193.0	-26.0	-19.0	-1.0	
1501195802110	527681515605351	193.0	-26.0	-19.0	-1.0	
1501195802144	527681535746952	193.0	-26.0	-19.0	-1.0	
1501195802162	527681555888554	193.0	-26.0	-19.0	-1.0	
1501195802179	527681576030155	193.0	-26.0	-19.0	-1.0	
1501195802197	527681596171757	193.0	-26.0	-19.0	-1.0	
1501195802215	527681616313358	193.0	-26.0	-19.0	-1.0	
1501195802233	527681636454960	193.0	-26.0	-19.0	-1.0	
1501195802250	527681656596562	193.0	-26.0	-19.0	-1.0	
1501195802268	527681676738163	193.0	-26.0	-19.0	-1.0	
1501195802303	527681696879765	193.0	-26.0	-19.0	-1.0	
1501195802321	527681717021366	193.0	-26.0	-19.0	-1.0	
1501195802338	527681737162968	193.0	-26.0	-19.0	-1.0	
1501195802356	527681757304569	193.0	-26.0	-19.0	-1.0	
1501195802374	527681777446171	193.0	-26.0	-19.0	-1.0	
1501195802391	527681797587772	193.0	-26.0	-19.0	-1.0	
1501195802409	527681817729374	193.0	-26.0	-19.0	-1.0	
1501195802444	527681837870976	193.0	-26.0	-19.0	-1.0	
1501195802462	527681858012577	193.0	-26.0	-19.0	-1.0	
1501195802479	527681878154179	193.0	-26.0	-19.0	-1.0	
1501195802496	527681898295780	193.0	-26.0	-19.0	-1.0	
1501195802514	527681918437382	193.0	-26.0	-19.0	-1.0	
1501195802532	527681938578983	193.0	-26.0	-19.0	-1.0	
1501195802550	527681958720585	193.0	-26.0	-19.0	-1.0	
1501195802585	527681978862187	193.0	-26.0	-19.0	-1.0	
1501195802603	527681999003788	193.0	-26.0	-19.0	-1.0	
1501195802620	527682019145390	193.0	-26.0	-19.0	-1.0	
1501195802638	527682039286991	193.0	-26.0	-19.0	-1.0	
1501195802656	527682059428593	193.0	-26.0	-19.0	-1.0	
1501195802673	527682079570194	193.0	-26.0	-19.0	-1.0	
1501195802708	527682099711796	193.0	-25.944168090820313	-19.0	-1.0	
1501195802727	527682119853397	193.0	-25.0	-19.0	-1.0	
1501195802744	527682139994999	193.0	-25.0	-19.0	-1.0	
1501195802761	527682160136601	193.0	-25.0	-19.0	-1.0	
1501195802779	527682180278202	193.0	-25.0	-19.0	-1.0	
1501195802797	527682200419804	193.0	-25.0	-19.0	-1.0	
1501195802814	527682220561405	193.0	-25.0	-19.0	-1.0	
1501195802849	527682240703007	193.0	-25.0	-19.0	-1.0	
1501195802867	527682260844608	193.0	-25.0	-19.0	-1.0	
1501195802885	527682280986210	193.0	-25.425827026367188	-19.0	-1.0	
1501195802903	527682301127812	193.0	-26.0	-19.0	-1.0	
1501195802920	527682321269413	193.0	-26.0	-19.0	-1.0	
1501195802937	527682341411015	193.0	-26.0	-19.0	-1.0	
1501195802972	527682361552616	193.0	-26.0	-19.0	-1.0	
1501195802990	527682381694218	193.0	-26.0	-19.0	-1.0	
1501195803008	527682401835819	193.0	-26.0	-19.0	-1.0	
1501195803026	527682421977421	193.0	-26.0	-19.0	-1.0	
1501195803043	527682442119022	193.0	-26.0	-19.0	-1.0	
1501195803061	527682462260624	193.0	-26.0	-19.0	-1.0	
1501195803081	527682482402226	193.0	-26.0	-19.0	-1.0	
1501195803114	527682502543827	193.0	-26.0	-19.0	-1.0	
1501195803131	527682522685429	193.0	-26.0	-19.0	-1.0	
1501195803149	527682542827030	193.0	-26.0	-19.0	-1.0	
1501195803167	527682562968632	193.0	-26.0	-19.0	-1.0	
1501195803184	527682583110233	193.0	-26.0	-19.0	-1.0	
1501195803202	527682603251835	193.0	-26.0	-19.0	-1.0	
1501195803237	527682623393437	193.0	-26.0	-19.0	-1.0	
1501195803258	527682643535038	193.0	-26.0	-19.0	-1.0	
1501195803272	527682663676640	193.0	-26.0	-19.0	-1.0	
1501195803290	527682683818241	193.0	-26.0	-19.0	-1.0	
1501195803307	527682703959843	193.0	-26.0	-19.0	-1.0	
1501195803329	527682724101444	193.0	-26.0	-19.0	2.0	
1501195803343	527682744243046	193.0	-26.0	-19.0	2.0	
1501195803380	527682764384647	193.0	-26.0	-19.0	2.0	
1501195803396	527682784526249	193.0	-26.0	-19.0	2.0	
1501195803414	527682804667851	193.0	-26.0	-19.0	2.0	
1501195803432	527682824809452	193.0	-26.0	-19.0	2.0	
1501195803450	527682844951054	193.0	-26.0	-19.0	2.0	
1501195803466	527682865092655	193.0	-26.0	-19.0	2.0	
1501195803488	527682885234257	193.0	-26.0	-19.0	2.0	
1501195803520	527682905375858	193.0	-26.0	-19.0	2.0	
1501195803537	527682925517460	193.0	-26.0	-19.0	2.0	
1501195803555	527682945659062	193.0	-26.0	-19.0	2.0	
1501195803572	527682965800663	193.0	-26.0	-19.0	2.0	
1501195803590	527682985942265	193.0	-26.0	-19.0	2.0	
1501195803607	527683006083866	193.0	-26.0	-19.0	2.0	
1501195803643	527683026225468	193.0	-26.0	-19.0	2.0	
1501195803660	527683046367069	193.0	-26.0	-19.0	2.0	
1501195803678	527683066508671	193.0	-26.0	-19.0	2.0	
1501195803696	527683086650272	193.0	-26.0	-19.0	2.0	
1501195803714	527683106791874	193.0	-26.0	-19.0	2.0	
1501195803731	527683126933476	193.0	-26.0	-19.0	2.0	
1501195803750	527683147075077	193.0	-26.0	-19.0	2.0	
1501195803766	527683167216679	193.0	-26.0	-19.0	2.0	
1501195803802	527683187358280	193.0	-26.0	-19.0	2.0	
1501195803819	527683207499882	193.0	-26.0	-19.0	2.0	
1501195803836	527683227641483	193.0	-26.0	-19.0	2.0	
1501195803858	527683247783085	193.0	-26.0	-19.0	2.0	
1501195803872	527683267924687	193.0	-26.0	-19.0	2.0	
1501195803892	527683288066288	193.0	-26.0	-19.0	2.0	
1501195803908	527683308207890	193.0	-26.0	-19.0	2.0	
1501195803925	527683328349491	193.0	-26.0	-19.0	2.0	
1501195803960	527683348491093	193.0	-26.0	-19.0	2.0	
1501195803978	527683368632694	193.0	-25.768722534179688	-19.0	2.0	
1501195803998	527683388774296	193.0	-25.0	-19.0	2.0	
1501195804014	527683408915897	193.0	-25.0	-19.0	2.0	
1501195804031	527683429057499	193.0	-25.0	-19.0	2.0	
1501195804048	527683449199101	193.0	-25.0	-19.0	2.0	
1501195804068	527683469340702	193.0	-25.0	-19.0	2.0	
1501195804084	527683489482304	193.0	-25.0	-19.0	2.0	
1501195804119	527683509623905	193.0	-25.0	-19.0	2.0	
1501195804136	527683529765507	193.0	-25.215972900390625	-19.0	2.0	
1501195804154	527683549907108	193.0	-26.0	-19.0	2.0	
1501195804172	527683570048710	193.0	-26.0	-19.0	2.0	
1501195804190	527683590190312	193.0	-26.0	-19.0	2.0	
1501195804207	527683610331913	193.0	-26.0	-19.0	2.0	
1501195804227	527683630473515	193.0	-25.168380737304688	-19.0	2.0	
1501195804242	527683650615116	193.0	-25.0	-19.0	2.0	
1501195804278	527683670756718	193.0	-25.0	-19.0	2.0	
1501195804296	527683690898319	193.0	-25.0	-19.0	2.0	
1501195804316	527683711039921	193.0	-25.0	-19.0	2.0	
1501195804333	527683731181522	193.0	-25.0	-19.0	2.0	
1501195804349	527683751323124	193.0	-25.0	-19.0	2.0	
1501195804365	527683771464726	193.0	-25.0	-19.0	2.0	
1501195804383	527683791606327	193.0	-25.0	-19.0	2.0	
1501195804418	527683811747929	193.0	-25.0	-19.0	2.0	
1501195804437	527683831889530	193.0	-25.0	-19.0	2.0	
1501195804455	527683852031132	193.0	-25.0	-19.0	2.0	
1501195804471	527683872172733	193.0	-25.0	-19.0	2.0	
1501195804492	527683892314335	193.0	-25.0	-19.0	2.0	
1501195804506	527683912455937	193.0	-25.0	-19.0	2.0	
1501195804527	527683932597538	193.0	-25.0	-19.0	2.0	
1501195804562	527683952739140	193.0	-25.0	-19.0	2.0	
1501195804577	527683972880741	193.0	-25.0	-19.0	2.0	
1501195804596	527683993022343	193.0	-25.0	-19.0	2.0	
1501195804612	527684013163944	193.0	-25.0	-19.0	2.0	
1501195804630	527684033305546	193.0	-25.0	-19.0	2.0	
1501195804648	527684053447147	193.0	-25.0	-19.0	2.0	
1501195804685	527684073588749	193.0	-25.0	-19.0	2.0	
1501195804702	527684093730351	193.0	-25.0	-19.0	2.0	
1501195804718	527684113871952	193.0	-25.0	-19.0	2.0	
1501195804735	527684134013554	193.0	-25.0	-19.0	2.0	
1501195804759	527684154155155	193.0	-25.0	-19.0	2.0	
1501195804771	527684174296757	193.0	-25.0	-19.0	2.0	
1501195804789	527684194438358	193.0	-25.0	-19.0	2.0	
1501195804824	527684214579960	193.0	-25.93206787109375	-19.0	2.0	
1501195804846	527684234721562	193.0	-25.0	-19.0	2.0	
1501195804861	527684254863163	193.0	-25.0	-19.0	2.0	
1501195804876	527684275004765	193.0	-25.0	-19.0	2.0	
1501195804904	527684295146366	193.0	-25.0	-19.0	2.0	
1501195804936	527684315287968	193.0	-25.0	-19.0	2.0	
1501195804963	527684335429569	193.0	-25.0	-19.0	2.0	
1501195805010	527684355571171	193.0	-25.0	-19.0	2.0	
1501195805015	527684375712772	193.0	-25.0	-19.0	2.0	
1501195805026	527684395854374	193.0	-25.0	-19.0	2.0	
1501195805031	527684415995976	193.0	-25.0	-19.0	2.0	
1501195805048	527684436137577	193.0	-25.0	-19.0	2.0	
1501195805073	527684456279179	193.0	-25.0	-19.0	2.0	
1501195805121	527684476420780	193.0	-25.0	-19.0	2.0	
1501195805137	527684496562382	193.0	-25.0	-19.0	2.0	
1501195805147	527684516703983	193.0	-25.0	-19.0	2.0	
1501195805157	527684536845585	193.0	-25.0	-19.0	2.0	
1501195805163	527684556987187	193.0	-25.0	-19.0	2.0	
1501195805178	527684577128788	193.0	-25.0	-19.0	2.0	
1501195805254	527684597270390	193.0	-25.0	-19.0	2.0	
1501195805314	527684617411991	193.0	-25.0	-19.0	2.0	
1501195805323	527684637553593	193.0	-25.0	-19.0	2.0	
1501195805337	527684657695194	193.0	-25.0	-19.0	2.0	
1501195805342	527684677836796	193.0	-25.0	-19.0	2.0	
1501195805353	527684697978397	193.0	-25.0	-19.0	2.0	
1501195805365	527684718119999	193.0	-25.0	-19.0	2.0	
1501195805381	527684738261601	193.0	-25.0	-19.0	2.0	
1501195805397	527684758403202	193.0	-25.0	-19.0	2.0	
1501195805406	527684778544804	193.0	-25.0	-19.0	2.0	
1501195805416	527684798686405	193.0	-25.0	-19.0	2.0	
1501195805423	527684818828007	193.0	-25.0	-19.0	2.0	
1501195805442	527684838969608	193.0	-25.0	-19.0	2.0	
1501195805459	527684859111210	193.0	-25.0	-19.0	2.0	
1501195805496	527684879252812	193.0	-25.0	-19.0	2.0	
1501195805553	527684899394413	193.0	-25.0	-19.0	2.0	
1501195805565	527684919536015	193.0	-25.0	-19.0	2.0	
1501195805576	527684939677616	193.0	-25.0	-19.0	2.0	
1501195805589	527684959819218	193.0	-25.0	-19.0	2.0	
1501195805595	527684979960819	193.0	-25.0	-19.0	2.0	
1501195805602	527685000102421	193.0	-25.0	-19.0	2.0	
1501195805634	527685020244022	193.0	-25.0	-19.0	2.0	
1501195805652	527685040385624	193.0	-25.0	-19.0	2.0	
1501195805679	527685060527226	193.0	-25.0	-19.0	2.0	
1501195805688	527685080668827	193.0	-25.0	-19.0	2.0	
1501195805706	527685100810429	193.0	-25.0	-19.0	2.0	
1501195805724	527685120952030	193.0	-25.0	-19.0	2.0	
1501195805741	527685141093632	193.0	-25.0	-19.0	2.0	
1501195805779	527685161235233	193.0	-25.0	-19.0	2.0	
1501195805797	527685181376835	193.0	-25.0	-19.0	2.0	
1501195805811	527685201518437	193.0	-25.0	-19.0	2.0	
1501195805841	527685221660038	193.0	-25.0	-19.0	2.0	
1501195805847	527685241801640	193.0	-25.0	-19.0	2.0	
1501195805866	527685261943241	193.0	-25.0	-19.0	2.0	
1501195805899	527685282084843	193.0	-25.008697509765625	-19.0	2.0	
1501195805917	527685302226444	193.0	-26.0	-19.0	2.0	
1501195805934	527685322368046	193.0	-26.0	-19.0	2.0	
1501195805953	527685342509647	193.0	-26.0	-19.0	2.0	
1501195805970	527685362651249	193.0	-26.0	-19.0	2.0	
1501195805994	527685382792851	193.0	-26.0	-19.0	2.0	
1501195806004	527685402934452	193.0	-26.0	-19.0	2.0	
1501195806040	527685423076054	193.0	-26.0	-19.0	2.0	
1501195806065	527685443217655	193.0	-26.0	-19.0	2.0	
1501195806080	527685463359257	193.0	-26.0	-19.0	2.0	
1501195806093	527685483500858	193.0	-26.0	-19.0	2.0	
1501195806110	527685503642460	193.0	-26.0	-19.0	2.0	
1501195806131	527685523784062	193.0	-26.0	-19.0	2.0	
1501195806146	527685543925663	193.0	-26.0	-19.0	2.0	
1501195806184	527685564067265	193.0	-26.0	-20.0	2.0	
1501195806199	527685584208866	193.0	-26.0	-20.0	2.0	
1501195806221	527685604350468	193.0	-26.0	-20.0	2.0	
1501195806236	527685624492069	193.0	-26.0	-20.0	2.0	
1501195806253	527685644633671	193.0	-26.0	-20.0	2.0	
1501195806269	527685664775272	193.0	-26.0	-20.0	2.0	
1501195806288	527685684916874	193.0	-26.0	-20.0	2.0	
1501195806305	527685705058476	193.0	-26.0	-20.0	2.0	
1501195806323	527685725200077	193.0	-26.0	-20.0	2.0	
1501195806341	527685745341679	193.0	-26.0	-20.0	2.0	
1501195806358	527685765483280	193.0	-26.0	-20.0	2.0	
1501195806395	527685785624882	193.0	-26.0	-20.0	2.0	
1501195806411	527685805766483	193.0	-26.0	-20.0	2.0	
1501195806428	527685825908085	193.0	-26.0	-20.0	2.0	
1501195806446	527685846049687	193.0	-26.0	-20.0	2.0	
1501195806464	527685866191288	193.0	-26.0	-20.0	2.0	
1501195806497	527685886332890	193.0	-26.0	-20.0	2.0	
1501195806509	527685906474491	193.0	-26.0	-20.0	2.0	
1501195806537	527685926616093	193.0	-26.0	-20.0	2.0	
1501195806551	527685946757694	193.0	-26.0	-20.0	2.0	
1501195806569	527685966899296	193.0	-26.0	-20.0	2.0	
1501195806588	527685987040897	193.0	-26.0	-20.0	2.0	
1501195806607	527686007182499	193.0	-26.0	-20.0	2.0	
1501195806622	527686027324101	193.0	-26.0	-20.0	2.0	
1501195806639	527686047465702	193.0	-26.0	-20.0	2.0	
1501195806678	527686067607304	193.0	-26.0	-20.0	2.0	
1501195806702	527686087748905	193.0	-26.0	-19.729965209960938	2.0	
1501195806715	527686107890507	193.0	-26.0	-19.0	2.0	
1501195806729	527686128032108	193.0	-26.0	-19.0	2.0	
1501195806748	527686148173710	193.0	-26.0	-19.0	2.0	
1501195806765	527686168315312	193.0	-26.0	-19.0	2.0	
1501195806800	527686188456913	193.0	-26.0	-19.0	2.0	
1501195806816	527686208598515	192.83102416992188	-26.0	-19.0	2.0	
1501195806843	527686228740116	192.0	-26.0	-19.0	2.0	
1501195806852	527686248881718	192.0	-26.0	-19.0	2.0	
1501195806873	527686269023319	192.0	-26.0	-19.0	2.0	
1501195806886	527686289164921	192.0	-26.0	-19.0	2.0	
1501195806904	527686309306522	192.0	-26.0	-19.0	2.0	
1501195806942	527686329448124	192.0	-26.0	-19.0	2.0	
1501195806958	527686349589726	192.0	-26.0	-19.0	2.0	
1501195806975	527686369731327	192.0	-26.0	-19.0	2.0	
1501195806992	527686389872929	192.0	-26.0	-19.0	2.0	
1501195807009	527686410014530	192.0	-26.0	-19.0	2.0	
1501195807030	527686430156132	192.0	-26.0	-19.0	2.0	
1501195807045	527686450297733	192.0	-26.0	-19.0	2.0	
1501195807083	527686470439335	192.0	-26.0	-19.0	2.0	
1501195807098	527686490580937	192.0	-26.0	-19.0	2.0	
1501195807116	527686510722538	192.0	-26.0	-19.0	2.0	
1501195807142	527686530864140	192.0	-26.0	-19.0	2.0	
1501195807150	527686551005741	192.0	-26.0	-19.0	2.0	
1501195807169	527686571147343	192.0	-26.0	-19.0	2.0	
1501195807205	527686591288944	192.0	-26.0	-19.0	2.0	
1501195807225	527686611430546	192.0	-26.0	-19.0	2.0	
1501195807240	527686631572147	192.0	-26.0	-19.0	2.0	
1501195807257	527686651713749	192.0	-26.0	-19.0	2.0	
1501195807274	527686671855351	192.0	-26.0	-19.0	2.0	
1501195807293	527686691996952	192.0	-26.0	-19.0	2.0	
1501195807309	527686712138554	192.0	-26.0	-19.0	2.0	
1501195807344	527686732280155	192.0	-26.0	-19.0	2.0	
1501195807363	527686752421757	192.0	-25.785720825195313	-18.785720825195313	2.0	
1501195807380	527686772563358	192.0	-25.0	-18.0	2.0	
1501195807400	527686792704960	192.0	-24.486068725585938	-18.0	2.0	
1501195807426	527686812846562	192.66375732421875	-24.0	-18.0	2.0	
1501195807434	527686832988163	193.0	-23.186416625976563	-17.186416625976563	2.0	
1501195807452	527686853129765	193.0	-23.0	-17.0	2.0	
1501195807489	527686873271366	193.0	-22.113235473632813	-17.0	2.0	
1501195807503	527686893412968	193.0	-23.0	-17.0	2.0	
1501195807521	527686913554569	193.0	-23.0	-17.0	2.0	
1501195807539	527686933696171	193.0	-23.0	-17.0	2.0	
1501195807558	527686953837772	193.0	-23.0	-17.0	2.0	
1501195807574	527686973979374	193.0	-22.13763427734375	-17.0	2.0	
1501195807609	527686994120976	193.0	-21.987808227539063	-17.012191772460938	2.0	
1501195807627	527687014262577	193.0	-20.837982177734375	-18.0	2.0	
1501195807648	527687034404179	193.0	-19.688156127929688	-18.0	2.0	
1501195807664	527687054545780	193.0	-18.538330078125	-18.0	2.0	
1501195807680	527687074687382	193.6114959716797	-17.388504028320313	-17.388504028320313	2.0	
1501195807697	527687094821015	194.0	-16.238677978515625	-17.0	2.0	
1501195807716	527687114962617	194.91114807128906	-15.088851928710938	-17.0	2.0	
1501195807751	527687135104219	195.0	-14.0	-18.0	2.0	
1501195807770	527687155245820	195.21080017089844	-14.0	-18.210800170898438	2.0	
1501195807788	527687175387422	196.0	-14.0	-19.360626220703125	2.0	
1501195807802	527687195529023	196.0	-14.0	-20.510452270507813	2.0	
1501195807822	527687215670625	196.0	-14.0	-21.6602783203125	2.0	
1501195807839	527687235812226	196.0	-14.0	-22.0	2.0	
1501195807855	527687255953828	195.0400848388672	-14.0	-22.959915161132813	2.0	
1501195807890	527687276095429	195.0	-14.0	-23.1097412109375	2.0	
1501195807909	527687296237031	194.7404327392578	-14.0	-24.259567260742188	2.0	
1501195807933	527687316378633	193.59060668945313	-14.409393310546875	-25.0	2.0	
1501195807950	527687336520234	193.0	-15.0	-25.0	2.0	
1501195807961	527687356661836	193.0	-15.70904541015625	-25.70904541015625	2.0	
1501195807982	527687376803437	192.14112854003906	-16.0	-26.0	2.0	
1501195808014	527687396945039	192.0	-17.008697509765625	-26.0	2.0	
1501195808033	527687417086640	191.8414764404297	-18.158523559570313	-26.158523559570313	2.0	
1501195808049	527687437228242	191.0	-19.308349609375	-27.0	2.0	
1501195808068	527687457369844	190.5418243408203	-20.458175659179688	-27.458175659179688	2.0	
1501195808084	527687477511445	190.0	-22.19110107421875	-28.0	2.0	
1501195808102	527687497653047	190.0	-23.0	-28.720611572265625	2.0	
1501195808120	527687517794648	189.155029296875	-23.844970703125	-29.0	2.0	
1501195808139	527687537936250	189.96932983398438	-24.0	-29.969329833984375	2.0	
1501195808173	527687558077851	191.09368896484375	-22.8126220703125	-30.0	2.0	
1501195808191	527687578219453	192.43609619140625	-20.56390380859375	-30.0	2.0	
1501195808208	527687598361054	194.684814453125	-18.315185546875	-29.6575927734375	2.0	
1501195808226	527687618502656	196.93353271484375	-15.599700927734375	-28.533233642578125	2.0	
1501195808244	527687638644258	199.18228149414063	-12.817718505859375	-27.408859252929688	2.0	
1501195808261	527687658785859	201.43099975585938	-10.569000244140625	-25.569000244140625	2.0	
1501195808282	527687678927461	203.67971801757813	-9.160140991210938	-25.0	2.0	
1501195808297	527687699069062	204.96421813964844	-8.035781860351563	-24.035781860351563	2.0	
1501195808331	527687719210664	206.0902862548828	-8.0	-23.0	2.0	
1501195808349	527687739352265	207.2146453857422	-8.0	-23.0	2.0	
1501195808366	527687759493867	208.0	-8.339004516601563	-23.0	2.0	
1501195808384	527687779635469	208.46336364746094	-9.463363647460938	-23.0	2.0	
1501195808403	527687799777070	209.0	-10.0	-23.0	2.0	
1501195808419	527687819918672	209.0	-10.712081909179688	-23.0	2.0	
1501195808437	527687840060273	209.0	-11.836456298828125	-23.0	2.0	
1501195808456	527687860201875	209.0	-12.9608154296875	-23.0	2.0	
1501195808490	527687880343476	209.0	-14.0	-23.0	2.0	
1501195808508	527687900485078	209.0	-14.0	-23.0	2.0	
1501195808527	527687920626679	209.0	-14.333892822265625	-23.0	2.0	
1501195808554	527687940768281	209.0	-15.0	-23.0	2.0	
1501195808561	527687960909883	209.0	-14.415679931640625	-22.415679931640625	2.0	
1501195808578	527687981051484	209.0	-14.0	-22.0	2.0	
1501195808598	527688001193086	209.0	-14.0	-22.0	2.0	
1501195808614	527688021334687	209.0	-13.0426025390625	-22.0	2.0	
1501195808651	527688041476289	209.0	-12.0	-21.918243408203125	2.0	
1501195808666	527688061617890	209.2061309814453	-12.0	-21.0	2.0	
1501195808686	527688081759492	210.0	-11.669509887695313	-21.0	2.0	
1501195808703	527688101901094	210.0	-11.0	-21.0	2.0	
1501195808723	527688122042695	210.0	-11.589248657226563	-21.0	2.0	
1501195808739	527688142184297	210.0	-12.0	-21.0	2.0	
1501195808760	527688162325898	210.0	-12.0	-21.0	2.0	
1501195808790	527688182467500	211.0	-12.019027709960938	-21.0	2.0	
1501195808808	527688202609101	211.0	-13.0	-21.0	2.0	
1501195808828	527688222750703	211.0	-13.0	-21.0	2.0	
1501195808843	527688242892304	211.0	-13.448089599609375	-21.0	2.0	
1501195808860	527688263033906	211.0	-14.0	-21.0	2.0	
1501195808883	527688283175508	211.0	-14.0	-21.0	2.0	
1501195808897	527688303317109	211.0	-14.0	-20.122848510742188	2.0	
1501195808932	527688323458711	211.0	-14.0	-20.0	2.0	
1501195808949	527688343600312	210.83709716796875	-14.0	-20.0	2.0	
1501195808966	527688363741914	210.0	-14.0	-20.0	2.0	
1501195808984	527688383883515	210.0	-14.0	-20.0	2.0	
1501195809003	527688404025117	210.0	-14.0	-20.0	2.0	
1501195809025	527688424166719	210.0	-14.0	-20.0	2.0	
1501195809037	527688444308320	210.0	-14.0	-20.0	2.0	
1501195809072	527688464449922	210.02252197265625	-14.0	-20.0	2.0	
1501195809089	527688484591523	211.0	-14.0	-20.0	2.0	
1501195809107	527688504733125	211.0	-14.0	-20.0	2.0	
1501195809125	527688524874726	211.0	-14.0	-20.0	2.0	
1501195809143	527688545016328	211.0	-14.0	-20.0	2.0	
1501195809160	527688565157929	211.0	-14.0	-20.0	2.0	
1501195809178	527688585299531	211.0	-14.0	-20.0	2.0	
1501195809213	527688605441133	211.0	-14.0	-20.0	2.0	
1501195809230	527688625582734	211.16781616210938	-14.0	-20.0	2.0	
1501195809249	527688645724336	212.0	-14.0	-20.0	2.0	
1501195809265	527688665865937	212.0	-14.0	-20.0	2.0	
1501195809283	527688686007539	212.0	-14.0	-20.0	2.0	
1501195809305	527688706149140	212.0	-14.0	-20.0	2.0	
1501195809318	527688726290742	212.0	-14.0	-20.0	2.0	
1501195809353	527688746432344	212.02598571777344	-14.0	-20.0	2.0	
1501195809373	527688766573945	213.0	-14.0	-20.0	2.0	
1501195809389	527688786715547	213.0	-14.0	-20.31195068359375	2.0	
1501195809408	527688806857148	213.0	-14.0	-21.0	2.0	
1501195809424	527688826998750	213.0	-14.0	-21.0	2.0	
1501195809442	527688847140351	213.0	-13.25823974609375	-21.0	2.0	
1501195809460	527688867281953	213.0	-13.0	-21.0	2.0	
1501195809495	527688887423554	213.0	-13.0	-21.0	2.0	
1501195809513	527688907565156	213.0	-13.0	-21.171279907226563	2.0	
1501195809531	527688927706758	213.0	-13.0	-22.0	2.0	
1501195809548	527688947848359	213.45753479003906	-13.0	-22.0	2.0	
1501195809568	527688967989961	214.0	-13.0	-22.0	2.0	
1501195809583	527688988131562	214.0	-13.0	-22.0	2.0	
1501195809600	527689008273164	214.0	-13.0	-22.0	2.0	
1501195809637	527689028414765	214.0	-12.970550537109375	-22.0	2.0	
1501195809657	527689048556367	214.0	-12.0	-22.0	2.0	
1501195809676	527689068697969	214.0	-12.0	-22.0	2.0	
1501195809688	527689088839570	214.0	-12.0	-22.459259033203125	2.0	
1501195809708	527689108981172	214.0	-12.0	-23.0	2.0	
1501195809725	527689129122773	214.0	-12.0	-23.0	2.0	
1501195809741	527689149264375	214.0	-12.0	-23.0	2.0	
1501195809777	527689169405976	214.0	-13.0	-23.0	2.0	
1501195809794	527689189547578	214.0	-13.0	-23.0	2.0	
1501195809813	527689209689179	214.0	-13.0	-23.0	2.0	
1501195809835	527689229830781	214.0	-13.0	-23.0	2.0	
1501195809849	527689249972383	214.0	-13.0	-23.0	2.0	
1501195809865	527689270113984	214.0	-13.0	-23.0	2.0	
1501195809882	527689290255586	214.0	-13.0	-23.0	2.0	
1501195809918	527689310397187	214.0	-13.0	-23.0	2.0	
1501195809936	527689330538789	214.0	-13.0	-23.0	2.0	
1501195809953	527689350680390	214.0	-13.0	-23.0	2.0	
1501195809970	527689370821992	214.0	-13.0	-23.0	2.0	
1501195809990	527689390963594	214.0	-13.606582641601563	-23.0	2.0	
1501195810006	527689411105195	214.0	-14.0	-23.0	2.0	
1501195810024	527689431246797	214.0	-14.0	-23.0	2.0	
1501195810073	527689451388398	214.0	-15.0	-22.0	2.0	
1501195810078	527689471530000	213.82150268554688	-15.178497314453125	-22.0	2.0	
1501195810095	527689491671601	213.0	-16.0	-22.0	2.0	
1501195810112	527689511813203	212.53460693359375	-16.46539306640625	-22.0	2.0	
1501195810130	527689531954804	212.0	-17.0	-21.391693115234375	2.0	
1501195810154	527689552096406	211.2491455078125	-17.7508544921875	-21.0	2.0	
1501195810173	527689572238008	211.0	-18.0	-21.0	2.0	
1501195810206	527689592379609	210.0	-19.0	-21.0	2.0	
1501195810217	527689612521211	209.81976318359375	-19.0	-20.81976318359375	2.0	
1501195810235	527689632662812	209.0	-19.324081420898438	-20.0	2.0	
1501195810255	527689652804414	208.5328826904297	-20.0	-20.0	2.0	
1501195810276	527689672946015	208.0	-20.61004638671875	-20.0	2.0	
1501195810289	527689693087617	207.24610900878906	-21.0	-20.0	2.0	
1501195810306	527689713229219	206.10382080078125	-21.0	-20.0	2.0	
1501195810341	527689733370820	205.96022033691406	-21.039779663085938	-19.0	2.0	
1501195810359	527689753512422	205.0	-22.0	-19.0	2.0	
1501195810378	527689773654023	204.67417907714844	-22.0	-19.0	2.0	
1501195810394	527689793795625	204.0	-22.0	-18.531143188476563	2.0	
1501195810412	527689813937226	203.3882293701172	-22.0	-18.0	2.0	
1501195810429	527689834078828	203.0	-22.0	-18.0	2.0	
1501195810447	527689854220429	202.10208129882813	-22.897918701171875	-18.0	2.0	
1501195810483	527689874362031	202.0	-23.0	-17.0	2.0	
1501195810500	527689894503633	202.0	-23.0	-17.0	2.0	
1501195810520	527689914645234	201.67245483398438	-23.327545166015625	-17.0	2.0	
1501195810535	527689934786836	201.0	-24.0	-16.5294189453125	2.0	
1501195810554	527689954928437	201.0	-24.0	-16.0	2.0	
1501195810571	527689975070039	201.0	-24.0	-16.0	2.0	
1501195810588	527689995211640	201.0	-24.0	-16.0	2.0	
1501195810623	527690015353242	201.0	-24.0	-16.0	2.0	
1501195810640	527690035494844	201.0	-24.0	-15.813156127929688	2.0	
1501195810658	527690055636445	201.32928466796875	-24.0	-15.0	2.0	
1501195810678	527690075778047	202.0	-24.0	-15.0	2.0	
1501195810693	527690095919648	202.0	-24.0	-15.0	2.0	
1501195810711	527690116061250	202.0	-24.0	-15.0	2.0	
1501195810730	527690136202851	202.0	-24.0	-15.0	2.0	
1501195810764	527690156344453	202.0	-24.0	-15.0	2.0	
1501195810782	527690176486054	202.0	-24.0	-15.0	2.0	
1501195810799	527690196627656	202.0	-24.0	-15.0	2.0	
1501195810818	527690216769258	202.0	-24.0	-15.0	2.0	
1501195810835	527690236910859	202.0	-24.0	-15.0	2.0	
1501195810852	527690257052461	202.7608184814453	-24.0	-15.760818481445313	2.0	
1501195810871	527690277194062	203.0	-24.0	-16.0	2.0	
1501195810907	527690297335664	203.0	-23.953216552734375	-16.0	2.0	
1501195810923	527690317477265	203.0	-23.0	-16.0	2.0	
1501195810941	527690337618867	203.33274841308594	-23.0	-16.332748413085938	2.0	
1501195810957	527690357760469	204.0	-23.0	-17.0	2.0	
1501195810975	527690377902070	204.0	-23.0	-17.619369506835938	2.0	
1501195810994	527690398043672	204.0	-23.0	-18.0	2.0	
1501195811010	527690418185273	204.90640258789063	-23.0	-18.0	2.0	
1501195811047	527690438326875	205.0	-23.0	-19.0	2.0	
1501195811063	527690458468476	205.0	-23.0	-19.0	2.0	
1501195811083	527690478610078	205.0	-23.0	-19.0	2.0	
1501195811102	527690498751679	205.47833251953125	-23.0	-19.47833251953125	2.0	
1501195811117	527690518893281	206.0	-23.0	-20.0	2.0	
1501195811136	527690539034883	206.0	-23.0	-20.0	2.0	
1501195811153	527690559176484	206.0	-23.0	-20.0	2.0	
1501195811187	527690579318086	206.0	-23.0	-20.0	2.0	
1501195811204	527690599459687	206.0	-22.805892944335938	-20.0	2.0	
1501195811222	527690619601289	206.0	-22.0	-20.0	2.0	
1501195811241	527690639742890	206.0	-22.0	-20.480056762695313	2.0	
1501195811261	527690659884492	206.0	-22.0	-21.0	2.0	
1501195811275	527690680026094	206.0	-22.0	-21.0	2.0	
1501195811295	527690700167695	206.9098663330078	-22.0	-21.0	2.0	
1501195811328	527690720309297	207.0	-22.0	-21.0	2.0	
1501195811346	527690740450898	207.0	-22.0	-21.0	2.0	
1501195811369	527690760592500	207.0	-21.660903930664063	-21.0	2.0	
1501195811382	527690780734101	207.0	-21.0	-21.0	2.0	
1501195811400	527690800875703	207.0	-21.0	-21.625640869140625	2.0	
1501195811417	527690821017304	207.0	-21.0	-22.0	2.0	
1501195811434	527690841158906	207.0	-21.0	-22.0	2.0	
1501195811472	527690861300508	207.0	-21.0	-22.0	2.0	
1501195811486	527690881442109	207.0	-21.0	-22.0	2.0	
1501195811506	527690901583711	207.0	-21.0	-22.0	2.0	
1501195811524	527690921725312	207.4835205078125	-21.0	-22.0	2.0	
1501195811541	527690941866914	208.0	-21.0	-21.37261962890625	2.0	
1501195811563	527690962008515	208.0	-21.0	-21.769882202148438	2.0	
1501195811575	527690982150117	208.0	-21.0	-22.0	2.0	
1501195811611	527691002291719	208.0570831298828	-20.942916870117188	-22.0	2.0	
1501195811629	527691022433320	209.0	-20.0	-22.0	2.0	
1501195811645	527691042574922	209.0	-20.0	-22.0	2.0	
1501195811662	527691062716523	209.48614501953125	-20.0	-22.0	2.0	
1501195811682	527691082858125	210.0	-20.0	-22.629104614257813	2.0	
1501195811698	527691102999726	210.0	-20.0	-23.0	2.0	
1501195811715	527691123141328	210.0	-20.0	-23.0	2.0	
1501195811751	527691143282929	210.0	-19.0	-23.058822631835938	2.0	
1501195811900	527691163424531	210.0	-19.0	-24.0	2.0	
1501195811914	527691183566133	210.0	-18.655120849609375	-24.0	2.0	
1501195811919	527691203707734	210.0	-18.0	-24.0	2.0	
1501195811922	527691223849336	210.0	-17.369155883789063	-24.0	2.0	
1501195811932	527691243990937	210.0	-17.0	-24.0	2.0	
1501195811938	527691264132539	210.0	-16.083053588867188	-24.0	2.0	
1501195811959	527691284274140	211.0	-15.0	-23.939346313476563	2.0	
1501195811977	527691304415742	211.2041473388672	-15.0	-23.0	2.0	
1501195811985	527691324557344	212.34661865234375	-15.0	-23.0	2.0	
1501195811994	527691344698945	213.48960876464844	-14.510391235351563	-23.0	2.0	
1501195812005	527691364840547	214.0	-14.0	-23.0	2.0	
1501195812011	527691384982148	214.77642822265625	-14.0	-23.0	2.0	
1501195812019	527691405123750	215.0	-14.918670654296875	-23.0	2.0	
1501195812039	527691425265351	216.0	-14.9376220703125	-23.0623779296875	2.0	
1501195812054	527691445406953	216.20587158203125	-14.0	-24.0	2.0	
1501195812070	527691465548554	217.0	-14.0	-24.0	2.0	
1501195812085	527691485690156	217.0	-14.0	-24.4921875	2.0	
1501195812104	527691505831758	217.6349334716797	-13.365066528320313	-25.0	2.0	
1501195812121	527691525973359	218.0	-13.0	-25.0	2.0	
1501195812139	527691546114961	218.0	-13.0	-25.0	2.0	
1501195812175	527691566256562	218.0	-12.935882568359375	-25.0	2.0	
1501195812192	527691586398164	218.0	-12.0	-25.0	2.0	
1501195812211	527691606539765	218.0	-12.0	-25.0	2.0	
1501195812227	527691626681367	218.0	-12.0	-25.0	2.0	
1501195812244	527691646822969	218.0	-12.636672973632813	-25.0	2.0	
1501195812263	527691666964570	218.0	-13.0	-25.0	2.0	
1501195812280	527691687106172	218.0	-13.0	-25.0	2.0	
1501195812315	527691707247773	217.93414306640625	-13.0	-25.0	2.0	
1501195812334	527691727389375	217.0	-13.0	-25.0	2.0	
1501195812350	527691747530976	217.0	-13.0	-25.0	2.0	
1501195812371	527691767672578	217.0	-13.0	-25.0	2.0	
1501195812386	527691787814179	217.0	-13.0	-25.0	2.0	
1501195812403	527691807955781	217.0	-13.0	-25.7816162109375	2.0	
1501195812422	527691828097383	217.0	-13.0	-26.0	2.0	
1501195812456	527691848238984	217.0675811767578	-12.932418823242188	-26.0	2.0	
1501195812473	527691868380586	218.0	-12.0	-26.21142578125	2.0	
1501195812491	527691888522187	218.0	-12.0	-27.0	2.0	
1501195812510	527691908663789	218.0	-12.0	-27.0	2.0	
1501195812527	527691928805390	218.0	-12.0	-27.0	2.0	
1501195812544	527691948946992	218.0	-12.0	-27.0	2.0	
1501195812563	527691969088594	218.0	-12.0	-27.0	2.0	
1501195812597	527691989230195	218.0	-13.0	-27.069320678710938	2.0	
1501195812615	527692009371797	217.78683471679688	-13.0	-28.0	2.0	
1501195812643	527692029513398	217.0	-13.0	-28.0	2.0	
1501195812650	527692049655000	217.0	-13.0	-28.0	2.0	
1501195812668	527692069796601	217.0	-13.0	-28.0	2.0	
1501195812686	527692089938203	217.0	-13.0	-28.0	2.0	
1501195812702	527692110079804	217.0	-13.0	-28.0	2.0	
1501195812746	527692130221406	217.0	-13.0	-28.0	2.0	
1501195812755	527692150363008	217.0	-13.0	-28.0	2.0	
1501195812773	527692170504609	217.0	-13.0	-28.0	2.0	
1501195812792	527692190646211	217.0	-13.0	-28.0	2.0	
1501195812808	527692210787812	217.0	-13.0	-28.0	2.0	
1501195812826	527692230929414	217.0	-13.0	-28.0	2.0	
1501195812845	527692251071015	217.0	-13.0	-28.0	2.0	
1501195812879	527692271212617	217.0	-14.0	-28.0	2.0	
1501195812896	527692291354219	217.0	-14.0	-28.0	2.0	
1501195812914	527692311495820	217.0	-14.0	-28.0	2.0	
1501195812932	527692331637422	217.0	-14.0	-28.0	2.0	
1501195812951	527692351779023	217.0	-14.0	-28.0	2.0	
1501195812967	527692371920625	217.0	-14.0	-28.0	2.0	
1501195812987	527692392062226	217.0	-14.0	-28.0	2.0	
1501195813020	527692412203828	217.0	-14.0	-28.0	2.0	
1501195813037	527692432345429	217.0	-14.0	-28.0	2.0	
1501195813056	527692452487031	217.0	-14.0	-28.0	2.0	
1501195813073	527692472628633	217.0	-14.0	-27.49481201171875	2.0	
1501195813093	527692492770234	216.35182189941406	-14.0	-27.0	2.0	
1501195813111	527692512911836	216.0	-14.0	-27.0	2.0	
1501195813126	527692533053437	215.0658721923828	-14.0	-26.065872192382813	2.0	
1501195813165	527692553195039	213.92214965820313	-15.0	-25.922149658203125	2.0	
1501195813179	527692573336640	212.7799072265625	-15.2200927734375	-25.0	2.0	
1501195813199	527692593478242	211.6360626220703	-16.363937377929688	-24.636062622070313	2.0	
1501195813215	527692613619844	210.4930877685547	-17.506912231445313	-24.0	2.0	
1501195813231	527692633761445	209.35009765625	-18.64990234375	-23.35009765625	2.0	
1501195813249	527692653903047	208.2062530517578	-19.793746948242188	-22.206253051757813	2.0	
1501195813269	527692674044648	207.06402587890625	-21.8719482421875	-22.0	2.0	
1501195813305	527692694186250	205.84085083007813	-23.079574584960938	-21.0	2.0	
1501195813320	527692714327851	203.77816772460938	-24.221832275390625	-21.0	2.0	
1501195813338	527692734469453	202.6343231201172	-25.365676879882813	-20.634323120117188	2.0	
1501195813356	527692754611054	201.49136352539063	-26.508636474609375	-20.0	2.0	
1501195813400	527692774752656	201.0	-27.0	-19.348358154296875	2.0	
1501195813426	527692794894258	200.2045135498047	-27.795486450195313	-19.0	2.0	
1501195813432	527692815035859	200.0	-28.0	-19.0	2.0	
1501195813452	527692835177461	199.0	-29.0	-18.918548583984375	2.0	
1501195813463	527692855319062	199.0	-29.0	-18.0	2.0	
1501195813486	527692875460664	199.0	-29.0	-18.0	2.0	
1501195813496	527692895602265	199.0	-29.0	-17.488739013671875	2.0	
1501195813514	527692915743867	199.0	-29.0	-17.0	2.0	
1501195813533	527692935885469	199.0	-29.0	-17.0	2.0	
1501195813549	527692956027070	198.06056213378906	-29.0	-16.060562133789063	2.0	
1501195813585	527692976168672	198.0	-29.0	-16.0	2.0	
1501195813605	527692996310273	198.0	-29.0	-16.0	2.0	
1501195813620	527693016451875	198.0	-29.0	-16.0	2.0	
1501195813639	527693036593476	198.0	-29.0	-16.0	2.0	
1501195813654	527693056735078	198.0	-29.0	-16.0	2.0	
1501195813672	527693076876679	198.0	-29.0	-16.0	2.0	
1501195813691	527693097018281	198.0	-29.0	-16.0	2.0	
1501195813725	527693117159883	198.0	-29.0	-16.0	2.0	
1501195813747	527693137301484	198.0	-29.0	-16.0	2.0	
1501195813762	527693157443086	198.0	-29.0	-16.0	2.0	
1501195813778	527693177584687	198.0	-29.0	-16.0	2.0	
1501195813798	527693197726289	198.6574249267578	-29.0	-16.0	2.0	
1501195813814	527693217867890	199.0	-29.0	-16.0	2.0	
1501195813835	527693238009492	199.0	-29.0	-16.0	2.0	
1501195813866	527693258151094	199.0	-29.0	-16.0	2.0	
1501195813883	527693278292695	199.0	-29.0	-16.0	2.0	
1501195813902	527693298434297	199.0	-29.0	-16.0	2.0	
1501195813919	527693318575898	199.0	-29.0	-16.0	2.0	
1501195813936	527693338717500	199.0	-29.0	-16.0	2.0	
1501195813955	527693358859101	199.0	-29.0	-16.802413940429688	2.0	
1501195813972	527693379000703	199.0	-29.0	-17.0	2.0	
1501195814007	527693399142304	199.0	-29.0	-17.0	2.0	
1501195814025	527693419283906	199.0	-29.0	-17.0	2.0	
1501195814042	527693439425508	199.0	-29.0	-17.0	2.0	
1501195814065	527693459567109	199.0	-29.0	-17.0	2.0	
1501195814077	527693479708711	199.0	-29.0	-17.0	2.0	
1501195814097	527693499850312	199.8044891357422	-29.0	-17.0	2.0	
1501195814114	527693519991914	200.0	-29.0	-17.0	2.0	
1501195814149	527693540133515	200.0	-29.0	-17.0	2.0	
1501195814174	527693560275117	200.0	-29.0	-17.0	2.0	
1501195814183	527693580416719	200.0	-29.0	-17.0	2.0	
1501195814202	527693600558320	200.0	-29.0	-17.0	2.0	
1501195814221	527693620699922	200.0	-29.0	-17.0	2.0	
1501195814240	527693640841523	200.0	-29.0	-17.0	2.0	
1501195814254	527693660983125	200.0	-29.0	-17.949737548828125	2.0	
1501195814289	527693681124726	200.0	-29.0	-18.0	2.0	
1501195814307	527693701266328	200.0	-29.0	-18.0	2.0	
1501195814325	527693721407929	200.0	-29.0	-17.621109008789063	2.0	
1501195814342	527693741549531	200.0	-29.0	-17.0	2.0	
1501195814359	527693761691133	200.0	-29.0	-17.0	2.0	
1501195814380	527693781832734	200.0	-29.0	-17.0	2.0	
1501195814395	527693801974336	200.9514617919922	-28.048538208007813	-17.0	2.0	
1501195814431	527693822115937	201.0	-28.0	-17.0	2.0	
1501195814453	527693842257539	201.0	-28.0	-17.0	2.0	
1501195814465	527693862399140	201.0	-27.618728637695313	-17.0	2.0	
1501195814484	527693882540742	201.0	-27.0	-17.0	2.0	
1501195814501	527693902682344	201.667236328125	-27.0	-16.332763671875	2.0	
1501195814519	527693922823945	202.0	-27.0	-16.0	2.0	
1501195814539	527693942965547	202.0	-27.0	-16.0	2.0	
1501195814571	527693963107148	201.0	-27.0	-16.0	2.0	
1501195814592	527693983248750	201.0	-27.0	-16.0	2.0	
1501195814608	527694003390351	201.0	-27.0	-16.383010864257813	2.0	
1501195814626	527694023531953	201.0	-26.47406005859375	-17.0	2.0	
1501195814645	527694043673554	201.0	-26.0	-17.0	2.0	
1501195814660	527694063815156	201.0	-26.0	-17.0	2.0	
1501195814677	527694083956758	201.0	-26.0	-17.0	2.0	
1501195814712	527694104098359	202.0	-25.901397705078125	-17.0	2.0	
1501195814730	527694124239961	202.0	-25.0	-17.0	2.0	
1501195814748	527694144381562	202.0	-25.0	-17.0	2.0	
1501195814765	527694164523164	202.0	-24.472320556640625	-17.0	2.0	
1501195814784	527694184664765	202.0	-24.0	-17.0	2.0	
1501195814801	527694204806367	202.0	-24.0	-17.0	2.0	
1501195814820	527694224947969	202.0	-24.0	-16.043258666992188	2.0	
1501195814854	527694245089570	202.0	-23.899490356445313	-16.0	2.0	
1501195814874	527694265231172	202.0	-23.0	-16.0	2.0	
1501195814889	527694285372773	202.0	-23.0	-16.0	2.0	
1501195814907	527694305514375	202.0	-23.0	-16.0	2.0	
1501195814930	527694325655976	202.0	-23.0	-16.0	2.0	
1501195814942	527694345797578	202.0	-23.0	-16.0	2.0	
1501195814959	527694365939179	202.0	-23.0	-16.0	2.0	
1501195814997	527694386080781	202.0	-23.0	-16.0	2.0	
1501195815016	527694406222383	202.0	-23.0	-16.0	2.0	
1501195815029	527694426363984	202.0	-23.0	-16.0	2.0	
1501195815047	527694446505586	202.0	-22.467941284179688	-16.0	2.0	
1501195815066	527694466647187	202.0	-22.0	-16.0	2.0	
1501195815082	527694486788789	202.81802368164063	-22.0	-16.0	2.0	
1501195815100	527694506930390	203.0	-22.0	-16.0	2.0	
1501195815137	527694527071992	203.0	-21.896026611328125	-16.0	2.0	
1501195815153	527694547213594	203.0	-21.0	-16.0	2.0	
1501195815173	527694567355195	203.0	-21.0	-16.0	2.0	
1501195815188	527694587496797	203.0	-21.0	-16.0	2.0	
1501195815210	527694607638398	203.0	-21.0	-16.0	2.0	
1501195815224	527694627780000	203.0	-21.0	-16.0	2.0	
1501195815241	527694647921601	203.0	-20.036407470703125	-16.0	2.0	
1501195815276	527694668063203	203.0	-20.0	-16.0	2.0	
1501195815297	527694688204804	203.0	-20.0	-16.0	2.0	
1501195815312	527694708346406	203.0	-20.0	-16.0	2.0	
1501195815330	527694728488008	203.0	-20.0	-16.0	2.0	
1501195815347	527694748629609	203.0	-20.0	-16.0	2.0	
1501195815368	527694768771211	203.0	-20.0	-16.0	2.0	
1501195815383	527694788912812	203.0	-20.0	-16.0	2.0	
1501195815417	527694809054414	203.0	-21.0	-16.0	2.0	
1501195815435	527694829196015	203.0	-21.0	-16.0	2.0	
1501195815452	527694849337617	203.0	-21.0	-16.0	2.0	
1501195815471	527694869479219	203.0	-21.0	-16.0	2.0	
1501195815489	527694889620820	203.0	-21.0	-16.0	2.0	
1501195815505	527694909762422	203.0	-21.0	-16.0	2.0	
1501195815524	527694929904023	203.0	-21.0	-16.0	2.0	
1501195815559	527694950045625	203.0	-21.0	-16.0	2.0	
1501195815576	527694970187226	203.0	-21.0	-16.0	2.0	
1501195815595	527694990328828	203.0	-21.0	-16.0	2.0	
1501195815611	527695010470429	203.0	-21.0	-16.0	2.0	
1501195815630	527695030612031	203.0	-21.682830810546875	-16.0	2.0	
1501195815647	527695050753633	203.0	-22.0	-16.0	2.0	
1501195815664	527695070895234	203.0	-22.0	-16.0	2.0	
1501195815700	527695091036836	203.0	-22.112442016601563	-16.0	2.0	
1501195815718	527695111178437	203.0	-23.0	-16.0	2.0	
1501195815734	527695131320039	203.0	-23.0	-16.0	2.0	
1501195815753	527695151461640	203.0	-23.540725708007813	-16.0	2.0	
1501195815770	527695171603242	203.0	-24.0	-16.6845703125	2.0	
1501195815787	527695191744844	203.0	-24.826980590820313	-17.0	2.0	
1501195815805	527695211886445	203.0	-25.0	-17.0	2.0	
1501195815840	527695232028047	203.0	-25.114181518554688	-17.0	2.0	
1501195815859	527695252169648	203.0	-26.0	-17.256484985351563	2.0	
1501195815876	527695272311250	203.0	-26.0	-18.0	2.0	
1501195815893	527695292452851	203.0	-26.0	-18.0	2.0	
1501195815912	527695312594453	203.0	-26.0	-18.0	2.0	
1501195815929	527695332736054	203.0	-26.0	-18.0	2.0	
1501195815948	527695352877656	203.0	-26.0	-18.0	2.0	
1501195815981	527695373019258	203.0	-26.0	-18.0	2.0	
1501195816000	527695393160859	203.0	-26.0	-18.0	2.0	
1501195816017	527695413302461	203.0	-26.402069091796875	-18.0	2.0	
1501195816036	527695433444062	203.0	-27.0	-18.0	2.0	
1501195816052	527695453585664	203.0	-27.0	-18.0	2.0	
1501195816070	527695473727265	203.0	-27.0	-18.0	2.0	
1501195816088	527695493868867	203.0	-27.0	-18.0	2.0	
1501195816123	527695514010469	203.0	-27.0	-18.0	2.0	
1501195816140	527695534152070	203.0	-27.0	-18.0	2.0	
1501195816157	527695554293672	203.0	-27.0	-18.0	2.0	
1501195816176	527695574435273	203.0	-27.0	-18.0	2.0	
1501195816193	527695594576875	203.0	-27.0	-18.0	2.0	
1501195816211	527695614718476	203.0	-27.0	-18.0	2.0	
1501195816228	527695634860078	203.0	-27.0	-18.0	2.0	
1501195816263	527695655001679	203.0	-28.0	-18.0	2.0	
1501195816283	527695675143281	203.0	-28.0	-18.0	2.0	
1501195816299	527695695284883	203.0	-28.0	-18.0	2.0	
1501195816317	527695715426484	203.0	-28.0	-18.0	2.0	
1501195816338	527695735568086	203.0	-28.0	-18.0	2.0	
1501195816352	527695755709687	203.0	-28.0	-18.0	2.0	
1501195816373	527695775851289	203.0	-27.022491455078125	-18.0	2.0	
1501195816405	527695795992890	203.0	-27.0	-18.0	2.0	
1501195816422	527695816134492	203.0	-27.0	-18.0	2.0	
1501195816440	527695836276094	203.0	-27.0	-18.0	2.0	
1501195816458	527695856417695	203.0	-27.0	-18.0	2.0	
1501195816475	527695876559297	203.0	-27.0	-18.0	2.0	
1501195816493	527695896700898	203.0	-27.0	-18.0	2.0	
1501195816510	527695916842500	203.0	-27.0	-18.0	2.0	
1501195816545	527695936984101	203.0	-27.0	-18.0	2.0	
1501195816563	527695957125703	203.0	-27.0	-18.0	2.0	
1501195816581	527695977267304	203.0	-27.0	-18.0	2.0	
1501195816599	527695997408906	203.0	-27.0	-18.0	2.0	
1501195816619	527696017550508	203.0	-27.0	-18.0	2.0	
1501195816633	527696037692109	203.0	-27.0	-18.0	2.0	
1501195816653	527696057833711	203.0	-27.0	-18.0	2.0	
1501195816686	527696077975312	202.0	-27.0	-18.0	2.0	
1501195816706	527696098116914	202.0	-27.0	-18.0	2.0	
1501195816723	527696118258515	202.0	-27.0	-18.0	2.0	
1501195816741	527696138400117	202.0	-27.0	-18.0	2.0	
1501195816758	527696158541719	202.0	-27.0	-18.0	2.0	
1501195816776	527696178683320	202.0	-27.0	-18.0	2.0	
1501195816793	527696198824922	202.0	-27.0	-18.0	2.0	
1501195816829	527696218966523	202.0	-27.0	-18.0	2.0	
1501195816845	527696239108125	202.0	-27.0	-18.0	2.0	
1501195816863	527696259249726	202.0	-27.0	-17.586517333984375	2.0	
1501195816880	527696279391328	202.0	-27.0	-17.0	2.0	
1501195816898	527696299532929	201.30104064941406	-27.0	-17.0	2.0	
1501195816916	527696319674531	201.0	-27.0	-17.0	2.0	
1501195816933	527696339816133	201.0	-27.0	-17.0	2.0	
1501195816968	527696359957734	201.0	-27.0	-17.0	2.0	
1501195816988	527696380099336	201.0	-27.0	-17.0	2.0	
1501195817004	527696400240937	201.0	-27.0	-17.0	2.0	
1501195817022	527696420382539	201.0	-27.0	-17.0	2.0	
1501195817040	527696440524140	201.0	-27.0	-17.0	2.0	
1501195817060	527696460665742	201.0	-27.0	-16.155715942382813	2.0	
1501195817075	527696480807344	201.0	-27.0	-16.0	2.0	
1501195817109	527696500948945	201.0	-27.0	-16.0	2.0	
1501195817127	527696521090547	201.0	-27.0	-16.0	2.0	
1501195817145	527696541232148	201.0	-27.0	-16.416946411132813	2.0	
1501195817162	527696561373750	201.0	-27.0	-17.0	2.0	
1501195817184	527696581515351	201.0	-27.0	-17.0	2.0	
1501195817198	527696601656953	201.0	-27.0	-17.0	2.0	
1501195817217	527696621798554	201.0	-27.0	-17.0	2.0	
1501195817251	527696641940156	201.0	-27.0	-16.866790771484375	2.0	
1501195817269	527696662081758	201.0	-27.0	-16.0	2.0	
1501195817287	527696682223359	201.0	-27.0	-16.0	2.0	
1501195817303	527696702364961	201.0	-27.0	-16.0	2.0	
1501195817322	527696722506562	201.0	-27.705368041992188	-16.705368041992188	2.0	
1501195817341	527696742648164	201.0	-27.152252197265625	-17.0	2.0	
1501195817357	527696762789765	201.0	-27.0	-17.0	2.0	
1501195817392	527696782931367	201.0	-27.0	-17.0	2.0	
1501195817411	527696803072969	201.0	-27.0	-17.0	2.0	
1501195817430	527696823214570	201.0	-27.0	-17.0	2.0	
1501195817445	527696843356172	201.0	-27.0	-17.0	2.0	
1501195817462	527696863497773	201.0	-27.0	-17.0	2.0	
1501195817480	527696883639375	201.0	-27.0	-17.0	2.0	
1501195817498	527696903780976	201.0	-27.0	-17.0	2.0	
1501195817534	527696923922578	201.0	-27.0	-17.0	2.0	
1501195817551	527696944064179	201.0	-27.0	-17.0	2.0	
1501195817568	527696964205781	201.0	-27.0	-17.0	2.0	
1501195817586	527696984347383	201.0	-27.0	-17.0	2.0	
1501195817605	527697004488984	201.0	-27.0	-17.0	2.0	
1501195817621	527697024630586	201.0	-27.0	-17.0	2.0	
1501195817638	527697044772187	201.0	-27.0	-17.0	2.0	
1501195817674	527697064913789	201.0	-27.0	-17.0	2.0	
1501195817695	527697085054371	201.0	-27.0	-17.0	2.0	
1501195817709	527697105195973	201.0	-27.0	-17.0	2.0	
1501195817726	527697125337575	201.0	-27.0	-17.0	2.0	
1501195817744	527697145479176	201.0	-27.0	-17.0	2.0	
1501195817763	527697165620778	201.0	-27.0	-17.0	2.0	
1501195817779	527697185762379	201.0	-27.0	-17.0	2.0	
1501195817814	527697205903981	201.0	-27.0	-17.0	2.0	
1501195817833	527697226045582	201.0	-27.0	-17.0	2.0	
1501195817850	527697246187184	201.0	-27.0	-17.0	2.0	
1501195817871	527697266328785	201.0	-27.0	-17.0	2.0	
1501195817886	527697286470387	201.0	-27.0	-17.0	2.0	
1501195817905	527697306611989	201.85614013671875	-27.0	-17.0	2.0	
1501195817921	527697326753590	201.00173950195313	-27.0	-17.0	2.0	
1501195817956	527697346895192	201.0	-27.0	-17.0	2.0	
1501195817974	527697367036793	201.0	-27.0	-17.0	2.0	
1501195817991	527697387178395	201.0	-27.0	-17.428070068359375	2.0	
1501195818009	527697407319996	201.0	-27.0	-18.0	2.0	
1501195818027	527697427461598	201.0	-27.0	-18.0	2.0	
1501195818044	527697447603200	201.0	-27.0	-18.0	2.0	
1501195818079	527697467744801	201.0	-27.0	-18.0	2.0	
1501195818097	527697487886403	201.0	-27.0	-18.0	2.0	
1501195818114	527697508028004	201.0	-26.712814331054688	-18.0	2.0	
1501195818133	527697528169606	201.0	-26.0	-18.0	2.0	
1501195818149	527697548311207	201.0	-26.0	-18.0	2.0	
1501195818167	527697568452809	201.0	-26.0	-18.0	2.0	
1501195818186	527697588594410	201.0	-26.0	-18.0	2.0	
1501195818220	527697608736012	201.0	-26.0	-18.0	2.0	
1501195818239	527697628877614	201.0	-26.0	-18.0	2.0	
1501195818255	527697649019215	201.0	-26.0	-18.0	2.0	
1501195818275	527697669160817	201.0	-26.0	-18.0	2.0	
1501195818291	527697689302418	201.0	-26.0	-18.0	2.0	
1501195818309	527697709444020	201.0	-26.0	-18.0	2.0	
1501195818327	527697729585621	201.0	-26.0	-18.0	2.0	
1501195818361	527697749727223	201.0	-26.0	-18.0	2.0	
1501195818379	527697769868825	201.0	-26.0	-18.147308349609375	2.0	
1501195818397	527697790010426	201.0	-26.0	-19.0	2.0	
1501195818414	527697810152028	201.0	-26.0	-19.0	2.0	
1501195818431	527697830293629	201.0	-26.0	-19.0	2.0	
1501195818450	527697850435231	201.0	-26.0	-19.0	2.0	
1501195818466	527697870576832	201.0	-26.0	-19.0	2.0	
1501195818502	527697890718434	201.0	-26.0	-19.0	2.0	
1501195818524	527697910860035	201.0	-26.0	-19.0	2.0	
1501195818538	527697931001637	201.0	-26.0	-19.0	2.0	
1501195818556	527697951143239	201.0	-26.0	-19.0	2.0	
1501195818572	527697971284840	201.0	-26.0	-19.0	2.0	
1501195818592	527697991426442	201.0	-26.0	-19.0	2.0	
1501195818608	527698011568043	201.0	-26.0	-19.0	2.0	
1501195818643	527698031709645	201.0	-26.0	-19.0	2.0	
1501195818661	527698051851246	201.0	-26.0	-19.0	2.0	
1501195818679	527698071992848	201.0	-26.0	-19.0	2.0	
1501195818696	527698092134450	201.0	-26.0	-19.0	2.0	
1501195818714	527698112276051	201.0	-26.0	-19.0	2.0	
1501195818732	527698132417653	201.0	-26.0	-19.0	2.0	
1501195818749	527698152559254	201.0	-26.0	-19.0	2.0	
1501195818784	527698172700856	202.0	-26.0	-19.0	2.0	
1501195818802	527698192842457	202.0	-26.0	-19.0	2.0	
1501195818819	527698212984059	202.0	-26.0	-19.0	2.0	
1501195818837	527698233125660	202.0	-26.0	-19.0	2.0	
1501195818855	527698253267262	202.0	-26.0	-19.0	2.0	
1501195818873	527698273408864	202.0	-26.0	-19.0	2.0	
1501195818890	527698293550465	202.0	-26.0	-19.0	2.0	
1501195818926	527698313692067	202.0	-26.0	-19.0	2.0	
1501195818942	527698333833668	202.0	-26.0	-19.0	2.0	
1501195818961	527698353975270	202.0	-26.0	-19.0	2.0	
1501195818978	527698374116871	202.0	-26.0	-19.0	2.0	
1501195818996	527698394258473	202.0	-26.0	-19.0	2.0	
1501195819013	527698414400075	202.0	-26.0	-19.0	2.0	
1501195819032	527698434541676	202.0	-26.0	-19.0	2.0	
1501195819066	527698454683278	202.0	-26.0	-19.0	2.0	
1501195819083	527698474824879	202.0	-26.0	-19.0	2.0	
1501195819102	527698494966481	202.0	-26.0	-19.0	2.0	
1501195819120	527698515108082	202.0	-26.0	-19.0	2.0	
1501195819137	527698535249684	202.0	-26.0	-19.0	2.0	
1501195819154	527698555391285	202.0	-26.0	-19.0	2.0	
1501195819172	527698575532887	202.0	-26.0	-19.0	2.0	
1501195819207	527698595674489	202.0	-26.0	-19.0	2.0	
1501195819224	527698615816090	202.0	-26.0	-19.0	2.0	
1501195819243	527698635957692	202.0	-26.0	-19.0	2.0	
1501195819261	527698656099293	202.0	-26.0	-19.0	2.0	
1501195819279	527698676240895	202.0	-26.0	-19.0	2.0	
1501195819299	527698696382496	202.0	-26.0	-19.0	2.0	
1501195819313	527698716524098	202.0	-26.0	-19.0	2.0	
1501195819348	527698736665700	202.0	-26.0	-19.0	2.0	
1501195819368	527698756807301	202.0	-26.0	-19.0	2.0	
1501195819383	527698776948903	202.0	-26.0	-19.0	2.0	
1501195819403	527698797090504	202.0	-26.0	-19.0	2.0	
1501195819419	527698817232106	202.0	-26.0	-19.0	2.0	
1501195819437	527698837373707	202.0	-26.0	-19.0	2.0	
1501195819455	527698857515309	202.0	-26.0	-19.876937866210938	2.0	
1501195819489	527698877656910	202.0	-26.0	-20.0	2.0	
1501195819507	527698897798512	202.0	-26.0	-20.0	2.0	
1501195819524	527698917940114	202.0	-26.0	-20.0	2.0	
1501195819542	527698938081715	202.0	-26.0	-20.0	2.0	
1501195819560	527698958223317	202.0	-26.0	-20.0	2.0	
1501195819577	527698978364918	202.0	-26.0	-20.0	2.0	
1501195819595	527698998506520	202.0	-26.0	-20.0	2.0	
1501195819630	527699018648121	202.0	-26.0	-20.0	2.0	
1501195819648	527699038789723	202.0	-26.0	-20.0	2.0	
1501195819666	527699058931325	202.0	-26.0	-20.0	2.0	
1501195819684	527699079072926	202.0	-26.0	-20.0	2.0	
1501195819701	527699099214528	202.0	-26.0	-20.0	2.0	
1501195819719	527699119356129	202.0	-26.0	-20.0	2.0	
1501195819737	527699139497731	202.0	-26.0	-20.0	2.0	
1501195819772	527699159639332	202.0	-26.0	-20.0	2.0	
1501195819789	527699179780934	202.0	-26.0	-20.0	2.0	
1501195819807	527699199922535	202.0	-26.0	-19.689788818359375	2.0	
1501195819825	527699220064137	202.0	-26.0	-19.0	2.0	
1501195819842	527699240205739	202.0	-26.0	-19.0	2.0	
1501195819860	527699260347340	202.0	-26.0	-19.0	2.0	
1501195819877	527699280488942	202.0	-26.0	-19.0	2.0	
1501195819916	527699300630543	202.0	-26.0	-19.0	2.0	
1501195819930	527699320772145	202.0	-26.0	-19.0	2.0	
1501195819950	527699340913746	202.0	-26.0	-19.0	2.0	
1501195819965	527699361055348	202.0	-26.0	-19.0	2.0	
1501195819985	527699381196950	202.0	-26.0	-19.0	2.0	
1501195820000	527699401338551	202.0	-26.0	-19.0	2.0	
1501195820022	527699421480153	202.0	-26.0	-19.0	2.0	
1501195820053	527699441621754	202.0	-26.0	-19.0	2.0	
1501195820071	527699461763356	202.0	-26.0	-19.0	2.0	
1501195820089	527699481904957	202.0	-26.0	-19.0	2.0	
1501195820111	527699502046559	202.0	-26.0	-19.0	2.0	
1501195820125	527699522188160	202.0	-26.0	-19.0	2.0	
1501195820145	527699542329762	202.0	-26.0	-19.0	2.0	
1501195820160	527699562471364	202.0	-26.0	-19.0	2.0	
1501195820196	527699582612965	202.0	-26.0	-19.0	2.0	
1501195820213	527699602754567	202.0	-26.0	-19.0	2.0	
1501195820229	527699622896168	202.0	-26.0	-19.0	2.0	
1501195820247	527699643037770	202.0	-26.0	-19.0	2.0	
1501195820265	527699663179371	202.0	-26.0	-19.0	2.0	
1501195820283	527699683320973	202.0	-26.0	-19.0	2.0	
1501195820301	527699703462575	202.0	-26.0	-19.0	2.0	
1501195820336	527699723604176	202.0	-26.0	-19.0	2.0	
1501195820353	527699743745778	202.0	-26.0	-19.0	2.0	
1501195820371	527699763887379	202.0	-26.0	-19.0	2.0	
1501195820392	527699784028981	202.0	-26.0	-19.0	2.0	
1501195820407	527699804170582	202.0	-26.0	-19.0	2.0	
1501195820424	527699824312184	202.0	-26.0	-19.0	2.0	
1501195820442	527699844453785	202.0	-26.0	-19.0	2.0	
1501195820477	527699864595387	202.0	-26.0	-19.0	2.0	
1501195820495	527699884736989	202.0	-26.0	-19.0	2.0	
1501195820514	527699904878590	202.0	-26.0	-19.0	2.0	
1501195820530	527699925020192	202.0	-26.0	-19.0	2.0	
1501195820547	527699945161793	202.0	-26.0	-19.0	2.0	
1501195820565	527699965303395	202.0	-26.0	-19.0	2.0	
1501195820582	527699985444996	202.0	-26.0	-19.0	2.0	
1501195820617	527700005586598	202.0	-26.0	-19.0	2.0	
1501195820636	527700025728200	202.0	-26.0	-19.0	2.0	
1501195820652	527700045869801	202.0	-26.0	-19.0	2.0	
1501195820671	527700066011403	202.0	-26.0	-19.0	2.0	
1501195820688	527700086153004	202.0	-26.0	-19.0	2.0	
1501195820705	527700106294606	202.0	-26.0	-19.0	2.0	
1501195820725	527700126436207	202.0	-26.0	-19.0	2.0	
1501195820758	527700146577809	202.0	-26.0	-19.0	2.0	
1501195820776	527700166719410	202.0	-26.0	-19.0	2.0	
1501195820794	527700186861012	202.0	-26.0	-19.0	2.0	
1501195820812	527700207002614	202.0	-26.0	-19.0	2.0	
1501195820830	527700227144215	202.0	-26.0	-19.0	2.0	
1501195820846	527700247285817	202.0	-26.0	-19.0	2.0	
1501195820867	527700267427418	202.0	-26.0	-19.0	2.0	
1501195820900	527700287569020	202.0	-26.0	-19.0	2.0	
1501195820918	527700307710621	202.0	-26.0	-19.0	2.0	
1501195820934	527700327852223	202.0	-26.0	-19.0	2.0	
1501195820953	527700347993825	202.0	-26.0	-19.0	2.0	
1501195820970	527700368135426	202.0	-25.388229370117188	-19.0	2.0	
1501195820993	527700388277028	202.0	-25.0	-19.0	2.0	
1501195821005	527700408418629	202.0	-25.0	-19.0	2.0	
1501195821042	527700428560231	202.04151916503906	-25.0	-19.0	2.0	
1501195821058	527700448701832	203.0	-25.0	-19.0	2.0	
1501195821076	527700468843434	203.0	-25.0	-19.0	2.0	
1501195821095	527700488985035	202.5294189453125	-25.0	-19.0	2.0	
1501195821111	527700509126637	202.0	-25.0	-19.0	2.0	
1501195821133	527700529268239	202.75604248046875	-25.0	-19.0	2.0	
1501195821147	527700549409840	203.0	-25.0	-19.0	2.0	
1501195821187	527700569551442	203.0	-25.0	-19.0	2.0	
1501195821200	527700589693043	203.0	-25.0	-19.0	2.0	
1501195821216	527700609834645	203.0	-25.0	-19.0	2.0	
1501195821234	527700629976246	203.0	-25.0	-19.0	2.0	
1501195821253	527700650117848	203.0	-25.0	-19.0	2.0	
1501195821269	527700670259450	203.0	-25.0	-19.0	2.0	
1501195821287	527700690401051	203.0	-25.0	-19.0	2.0	
1501195821322	527700710542653	203.0	-25.0	-19.0	2.0	
1501195821340	527700730684254	203.0	-25.0	-19.0	2.0	
1501195821359	527700750825856	203.0	-25.0	-18.668991088867188	2.0	
1501195821380	527700770967457	203.0	-25.0	-18.0	2.0	
1501195821392	527700791109059	203.0	-25.0	-18.0	2.0	
1501195821412	527700811250660	203.0	-25.0	-18.0	2.0	
1501195821429	527700831392262	203.0	-25.0	-18.0	2.0	
1501195821464	527700851533864	203.0	-25.0	-18.0	2.0	
1501195821484	527700871675465	203.0	-25.0	-18.0	2.0	
1501195821499	527700891817067	203.0	-25.0	-18.0	2.0	
1501195821517	527700911958668	203.0	-25.0	-18.0	2.0	
1501195821535	527700932100270	203.0	-25.0	-18.0	2.0	
1501195821556	527700952241871	203.0	-25.0	-18.0	2.0	
1501195821573	527700972383473	203.0	-25.0	-18.0	2.0	
1501195821606	527700992525075	202.0	-25.0	-18.0	2.0	
1501195821623	527701012666676	202.0	-25.0	-18.0	2.0	
1501195821644	527701032808278	202.0	-25.0	-18.0	2.0	
1501195821659	527701052949879	202.0	-25.0	-18.0	2.0	
1501195821679	527701073091481	202.0	-25.0	-18.0	2.0	
1501195821693	527701093233082	202.0	-25.0	-18.0	2.0	
1501195821711	527701113374684	202.0	-25.0	-18.0	2.0	
1501195821750	527701133516285	202.0	-25.0	-18.0	2.0	
1501195821763	527701153657887	202.0	-25.0	-18.0	2.0	
1501195821787	527701173799489	202.0	-25.0	-18.0	2.0	
1501195821799	527701193941090	202.0	-25.0	-18.0	2.0	
1501195821820	527701214082692	202.0	-25.0	-18.0	2.0	
1501195821845	527701234224293	202.0	-25.0	-18.0	2.0	
1501195821857	527701254365895	202.0	-25.0	-18.0	2.0	
1501195821888	527701274507496	202.0	-25.0	-18.0	2.0	
1501195821905	527701294649098	202.0	-25.0	-18.0	2.0	
1501195821922	527701314790700	202.0	-25.0	-18.0	-1.0	
1501195821946	527701334932301	202.0	-25.0	-18.0	-1.0	
1501195821957	527701355073903	202.0	-25.0	-18.0	-1.0	
1501195821976	527701375215504	202.0	-25.0	-18.0	-1.0	
1501195821994	527701395357106	202.0	-25.0	-18.0	-1.0	
1501195822028	527701415498707	202.0	-25.0	-18.0	-1.0	
1501195822047	527701435640309	202.0	-25.0	-18.0	-1.0	
1501195822064	527701455781910	202.0	-25.0	-18.0	-1.0	
1501195822081	527701475923512	202.0	-25.0	-18.0	-1.0	
1501195822100	527701496065114	202.0	-25.0	-18.0	-1.0	
1501195822116	527701516206715	202.0	-25.0	-18.0	-1.0	
1501195822134	527701536348317	202.0	-25.0	-18.0	-1.0	
1501195822169	527701556489918	202.0	-25.0	-18.0	-1.0	
1501195822187	527701576631520	202.0	-25.0	-18.0	-1.0	
1501195822207	527701596773121	202.0	-25.0	-18.0	-1.0	
1501195822222	527701616914723	202.0	-25.0	-18.0	-1.0	
1501195822241	527701637056325	202.0	-25.0	-18.0	-1.0	
1501195822261	527701657197926	202.0	-25.0	-18.0	-1.0	
1501195822275	527701677339528	202.0	-25.0	-18.0	-1.0	
1501195822311	527701697481129	202.0	-25.0	-18.0	-1.0	
1501195822328	527701717622731	202.0	-25.0	-18.0	-1.0	
1501195822350	527701737764332	202.0	-25.0	-18.0	-1.0	
1501195822364	527701757905934	202.0	-25.0	-18.0	-1.0	
1501195822380	527701778047535	202.0	-25.0	-18.0	-1.0	
1501195822398	527701798189137	202.0	-25.0	-18.0	-1.0	
1501195822416	527701818330739	202.0	-25.0	-18.0	-1.0	
1501195822453	527701838472340	202.0	-25.0	-18.0	-1.0	
1501195822469	527701858613942	202.0	-25.0	-18.0	-1.0	
1501195822486	527701878755543	202.0	-25.0	-18.0	-1.0	
1501195822504	527701898897145	202.0	-25.0	-18.0	-1.0	
1501195822521	527701919038746	202.0	-25.0	-18.0	-1.0	
1501195822539	527701939180348	202.0	-25.0	-18.0	-1.0	
1501195822557	527701959321950	202.0	-25.0	-18.0	-1.0	
1501195822592	527701979463551	202.0	-25.0	-18.0	-1.0	
1501195822610	527701999605153	202.0	-25.0	-18.0	-1.0	
1501195822627	527702019746754	202.0	-25.0	-18.0	-1.0	
1501195822647	527702039888356	202.0	-25.0	-18.0	-1.0	
1501195822663	527702060029957	202.0	-25.0	-18.0	-1.0	
1501195822683	527702080171559	202.0	-25.0	-18.0	-1.0	
1501195822699	527702100313160	202.0	-25.0	-18.0	-1.0	
1501195822742	527702120454762	202.0	-25.0	-18.0	-1.0	
1501195822751	527702140596364	202.0	-25.0	-18.0	-1.0	
1501195822768	527702160737965	202.0	-25.0	-18.0	-1.0	
1501195822791	527702180879567	202.0	-25.0	-18.493072509765625	-1.0	
1501195822804	527702201021168	202.0	-25.0	-19.0	-1.0	
1501195822823	527702221162770	202.0	-25.0	-19.0	-1.0	
1501195822841	527702241304371	202.0	-25.0	-19.0	-1.0	
1501195822883	527702261445973	202.0	-25.0	-19.0	-1.0	
1501195822903	527702281587575	202.0	-25.0	-19.0	-1.0	
1501195822910	527702301729176	202.0	-25.0	-19.0	-1.0	
1501195822926	527702321870778	202.0	-25.0	-19.0	-1.0	
1501195822944	527702342012379	202.0	-25.0	-19.0	-1.0	
1501195822963	527702362153981	202.0	-25.0	-19.0	-1.0	
1501195822981	527702382295582	202.0	-25.0	-19.0	-1.0	
1501195823014	527702402437184	202.0	-25.0	-19.0	-1.0	
1501195823032	527702422578785	202.0	-25.0	-19.0	-1.0	
1501195823049	527702442720387	202.0	-25.0	-19.0	-1.0	
1501195823067	527702462861989	202.0	-25.0	-19.0	-1.0	
1501195823085	527702483003590	202.0	-25.0	-19.0	-1.0	
1501195823104	527702503145192	202.0	-25.0	-19.0	-1.0	
1501195823120	527702523286793	202.0	-25.0	-19.0	-1.0	
1501195823159	527702543428395	202.0	-25.0	-19.0	-1.0	
1501195823173	527702563569996	202.0	-25.0	-19.0	-1.0	
1501195823191	527702583711598	202.0	-25.0	-19.0	-1.0	
1501195823210	527702603853200	202.0	-25.0	-19.0	-1.0	
1501195823226	527702623994801	202.0	-25.0	-19.0	-1.0	
1501195823244	527702644136403	202.0	-25.0	-19.0	-1.0	
1501195823262	527702664278004	202.0	-25.0	-19.0	-1.0	
1501195823296	527702684419606	202.0	-25.0	-19.0	-1.0	
1501195823315	527702704561207	202.0	-25.0	-19.0	-1.0	
1501195823334	527702724702809	202.0	-25.0	-19.0	-1.0	
1501195823349	527702744844410	202.0	-25.0	-19.0	-1.0	
1501195823367	527702764986012	202.0	-25.0	-19.0	-1.0	
1501195823385	527702785127614	202.0	-25.0	-19.0	-1.0	
1501195823402	527702805269215	202.0	-25.0	-19.0	-1.0	
1501195823437	527702825410817	202.0	-25.072784423828125	-19.0	-1.0	
1501195823455	527702845552418	202.0	-26.0	-19.0	-1.0	
1501195823473	527702865694020	202.0	-26.0	-19.0	-1.0	
1501195823490	527702885835621	202.0	-26.0	-19.0	-1.0	
1501195823508	527702905977223	202.0	-26.0	-19.0	-1.0	
1501195823527	527702926118825	202.0	-26.0	-19.0	-1.0	
1501195823544	527702946260426	202.0	-25.067596435546875	-19.0	-1.0	
1501195823579	527702966402028	202.0	-25.0	-19.0	-1.0	
1501195823596	527702986543629	202.0	-25.0	-19.0	-1.0	
1501195823615	527703006685231	202.0	-25.0	-19.0	-1.0	
1501195823635	527703026826832	202.0	-25.0	-19.0	-1.0	
1501195823650	527703046968434	202.0	-25.0	-19.0	-1.0	
1501195823668	527703067110035	202.0	-25.0	-19.0	-1.0	
1501195823691	527703087251637	202.0	-25.0	-19.0	-1.0	
1501195823722	527703107393239	202.0	-25.0	-19.0	-1.0	
1501195823738	527703127534840	202.0	-25.0	-19.0	-1.0	
1501195823756	527703147676442	202.0	-25.0	-19.0	-1.0	
1501195823775	527703167818043	202.0	-25.0	-19.0	-1.0	
1501195823792	527703187959645	202.0	-25.0	-19.0	-1.0	
1501195823809	527703208101246	202.0	-25.0	-19.0	-1.0	
1501195823826	527703228242848	202.0	-25.0	-19.0	-1.0	
1501195823861	527703248384450	202.0	-25.0	-19.0	-1.0	
1501195823880	527703268526051	202.0	-25.0	-19.0	-1.0	
1501195823897	527703288667653	202.0	-25.0	-19.0	-1.0	
1501195823915	527703308809254	202.0	-25.0	-19.0	-1.0	
1501195823933	527703328950856	202.0	-25.0	-19.0	-1.0	
1501195823956	527703349092457	202.0	-25.0	-19.0	-1.0	
1501195823966	527703369234059	202.0	-25.0	-19.0	-1.0	
1501195824002	527703389375660	202.0	-25.0	-19.0	-1.0	
1501195824019	527703409517262	202.0	-25.0	-19.0	-1.0	
1501195824038	527703429658864	202.0	-25.0	-19.0	-1.0	
1501195824056	527703449800465	202.0	-25.0	-19.0	-1.0	
1501195824074	527703469942067	202.0	-25.0	-19.0	-1.0	
1501195824090	527703490083668	202.0	-25.0	-19.0	-1.0	
1501195824109	527703510225270	202.0	-25.0	-19.0	-1.0	
1501195824144	527703530366871	202.0	-25.0	-19.0	-1.0	
1501195824163	527703550508473	202.0	-25.0	-19.0	-1.0	
1501195824178	527703570650075	202.0	-25.0	-19.0	-1.0	
1501195824197	527703590791676	202.0	-25.0	-19.0	-1.0	
1501195824222	527703610933278	202.0	-25.0	-19.0	-1.0	
1501195824239	527703631074879	202.0	-25.0	-19.0	-1.0	
1501195824249	527703651216481	202.0	-25.0	-19.0	-1.0	
1501195824286	527703671358082	202.0	-25.0	-19.0	-1.0	
1501195824303	527703691499684	202.0	-25.0	-19.0	-1.0	
1501195824319	527703711641285	202.0	-25.0	-19.0	-1.0	
1501195824346	527703731782887	202.0	-25.0	-19.0	-1.0	
1501195824355	527703751924489	202.0	-25.0	-19.0	-1.0	
1501195824374	527703772066090	202.0	-25.0	-19.0	-1.0	
1501195824389	527703792207692	202.0	-25.0	-19.0	-1.0	
1501195824425	527703812349293	202.0	-25.0	-19.0	-1.0	
1501195824444	527703832490895	202.0	-25.0	-19.0	-1.0	
1501195824459	527703852632496	202.0	-25.0	-19.0	-1.0	
1501195824477	527703872774098	202.0	-25.0	-19.0	-1.0	
1501195824495	527703892915700	202.0	-25.0	-19.0	-1.0	
1501195824512	527703913057301	202.0	-25.0	-19.0	-1.0	
1501195824533	527703933198903	202.0	-25.0	-19.0	-1.0	
1501195824566	527703953340504	202.0	-25.0	-19.0	-1.0	
1501195824583	527703973482106	202.0	-25.0	-19.0	-1.0	
1501195824601	527703993623707	202.0	-25.0	-19.0	-1.0	
1501195824619	527704013765309	202.0	-25.0	-19.0	-1.0	
1501195824636	527704033906910	202.0	-25.0	-19.0	-1.0	
1501195824654	527704054048512	202.0	-25.0	-19.0	-1.0	
1501195824671	527704074190114	202.0	-25.0	-19.0	-1.0	
1501195824706	527704094331715	202.0	-25.0	-19.0	-1.0	
1501195824724	527704114473317	202.0	-25.0	-19.0	-1.0	
1501195824745	527704134614918	202.0	-25.0	-19.0	-1.0	
1501195824759	527704154756520	202.0	-25.0	-19.0	-1.0	
1501195824780	527704174898121	202.0	-25.0	-19.0	-1.0	
1501195824794	527704195039723	202.0	-25.0	-19.0	-1.0	
1501195824813	527704215181325	202.0	-25.0	-19.0	-1.0	
1501195824848	527704235322926	202.0	-25.0	-19.0	-1.0	
1501195824866	527704255464528	202.0	-25.0	-19.0	-1.0	
1501195824882	527704275606129	202.0	-25.0	-19.0	-1.0	
1501195824900	527704295747731	202.0	-25.0	-19.0	-1.0	
1501195824917	527704315889332	202.0	-25.0	-19.0	-1.0	
1501195824936	527704336030934	202.0	-25.0	-19.0	-1.0	
1501195824954	527704356172535	202.0	-25.0	-19.0	-1.0	
1501195824989	527704376314137	202.0	-25.0	-19.0	-1.0	
1501195825006	527704396455739	202.0	-25.0	-19.0	-1.0	
1501195825023	527704416597340	202.0	-25.0	-19.0	-1.0	
1501195825044	527704436738942	202.0	-25.0	-19.0	-1.0	
1501195825060	527704456880543	202.0	-25.0	-19.0	-1.0	
1501195825080	527704477022145	202.0	-25.0	-19.0	-1.0	
1501195825094	527704497163746	202.0	-25.0	-19.0	-1.0	
1501195825130	527704517305348	202.0	-25.0	-19.0	-1.0	
1501195825153	527704537446950	202.0	-25.0	-19.0	-1.0	
1501195825166	527704557588551	202.0	-25.0	-19.0	-1.0	
1501195825184	527704577730153	202.0	-25.0	-19.0	-1.0	
1501195825199	527704597871754	202.0	-25.0	-19.0	-1.0	
1501195825218	527704618013356	202.0	-25.0	-19.0	-1.0	
1501195825235	527704638154957	202.0	-25.0	-19.0	-1.0	
1501195825270	527704658296559	201.90139770507813	-25.0	-19.0	-1.0	
1501195825288	527704678438160	201.2408905029297	-25.0	-19.0	-1.0	
1501195825306	527704698579762	202.0	-25.0	-19.0	-1.0	
1501195825323	527704718721364	202.0	-25.0	-19.0	-1.0	
1501195825342	527704738862965	201.3292999267578	-25.0	-19.0	-1.0	
1501195825358	527704759004567	201.81314086914063	-25.0	-19.0	-1.0	
1501195825378	527704779146168	201.0433349609375	-25.0	-19.0	-1.0	
1501195825411	527704799287770	201.0	-25.0	-19.0	-1.0	
1501195825429	527704819429371	201.0	-25.0	-19.0	-1.0	
1501195825447	527704839570973	201.0	-25.0	-19.0	-1.0	
1501195825465	527704859712575	201.0	-25.0	-19.0	-1.0	
1501195825483	527704879854176	201.0	-25.0	-19.0	-1.0	
1501195825499	527704899995778	201.0	-25.0	-19.0	-1.0	
1501195825517	527704920137379	201.95840454101563	-25.0	-19.0	-1.0	
1501195825554	527704940278981	202.0	-25.0	-19.0	-1.0	
1501195825570	527704960420582	202.0	-25.0	-19.0	-1.0	
1501195825589	527704980562184	202.0	-25.0	-19.0	-1.0	
1501195825605	527705000703785	202.0	-25.0	-19.0	-1.0	
1501195825625	527705020845387	202.0	-25.0	-19.0	-1.0	
1501195825643	527705040986989	202.0	-25.0	-19.0	-1.0	
1501195825658	527705061128590	202.0	-25.0	-19.0	-1.0	
1501195825698	527705081270192	202.0	-25.103805541992188	-19.0	-1.0	
1501195825712	527705101411793	202.0	-26.0	-19.0	-1.0	
1501195825729	527705121553395	202.0	-26.0	-19.0	-1.0	
1501195825748	527705141694996	202.0	-26.0	-19.0	-1.0	
1501195825764	527705161836598	202.0	-25.3240966796875	-19.0	-1.0	
1501195825785	527705181978200	202.0	-25.0	-19.0	-1.0	
1501195825801	527705202119801	202.0	-25.0	-19.0	-1.0	
1501195825836	527705222261403	202.0	-25.0	-19.0	-1.0	
1501195825852	527705242403004	202.0	-25.0	-19.0	-1.0	
1501195825871	527705262544606	202.0	-25.0	-19.0	-1.0	
1501195825888	527705282686207	202.0	-25.0	-19.0	-1.0	
1501195825908	527705302827809	202.0	-25.0	-19.0	-1.0	
1501195825926	527705322969410	202.0	-25.0	-19.0	-1.0	
1501195825941	527705343111012	202.0	-25.963653564453125	-19.0	-1.0	
1501195825976	527705363252614	202.0	-26.0	-19.0	-1.0	
1501195825993	527705383394215	202.0	-26.0	-18.7491455078125	-1.0	
1501195826011	527705403535817	202.0	-26.0	-18.0	-1.0	
1501195826029	527705423677418	202.0	-26.0	-18.0	-1.0	
1501195826046	527705443819020	202.0	-26.0	-18.0	-1.0	
1501195826065	527705463960621	202.0	-26.0	-18.0	-1.0	
1501195826081	527705484102223	202.0	-26.0	-18.0	-1.0	
1501195826119	527705504243825	202.0	-26.0	-18.0	-1.0	
1501195826135	527705524385426	202.0	-26.0	-18.0	-1.0	
1501195826152	527705544527028	202.0	-26.0	-18.0	-1.0	
1501195826170	527705564668629	202.0	-26.0	-18.0	-1.0	
1501195826188	527705584810231	202.0	-26.0	-18.0	-1.0	
1501195826205	527705604951832	202.0	-26.0	-18.0	-1.0	
1501195826224	527705625093434	202.0	-26.0	-18.0	-1.0	
1501195826258	527705645235035	202.0	-26.0	-18.0	-1.0	
1501195826277	527705665376637	202.0	-26.0	-18.0	-1.0	
1501195826293	527705685518239	202.0	-26.0	-18.0	-1.0	
1501195826316	527705705659840	202.0	-26.0	-18.0	-1.0	
1501195826339	527705725801442	202.0	-26.0	-18.0	-1.0	
1501195826349	527705745943043	202.0	-26.0	-18.0	-1.0	
1501195826365	527705766084645	202.0	-26.0	-18.0	-1.0	
1501195826398	527705786226246	202.0	-26.0	-18.0	-1.0	
1501195826416	527705806367848	202.0	-26.0	-18.0	-1.0	
1501195826439	527705826509450	202.0	-26.0	-18.0	-1.0	
1501195826452	527705846651051	202.0	-26.0	-18.0	-1.0	
1501195826469	527705866792653	202.0	-26.0	-18.0	-1.0	
1501195826488	527705886934254	202.0	-26.0	-18.0	-1.0	
1501195826504	527705907075856	202.0	-26.0	-18.0	-1.0	
1501195826540	527705927217457	202.0	-25.8856201171875	-18.0	-1.0	
1501195826557	527705947359059	202.0	-25.0	-18.0	-1.0	
1501195826576	527705967500660	202.0	-25.0	-18.0	-1.0	
1501195826593	527705987642262	202.0	-25.0	-18.0	-1.0	
1501195826610	527706007783864	202.0	-25.0	-18.0	-1.0	
1501195826628	527706027925465	202.0	-25.0	-18.0	-1.0	
1501195826648	527706048067067	202.0	-25.0	-18.0	-1.0	
1501195826681	527706068208668	202.0	-25.0	-18.0	-1.0	
1501195826701	527706088350270	202.0	-25.0	-18.0	-1.0	
1501195826716	527706108491871	202.0	-25.0	-18.0	-1.0	
1501195826734	527706128633473	202.0	-25.0	-18.0	-1.0	
1501195826751	527706148775075	202.0	-25.0	-18.689773559570313	-1.0	
1501195826770	527706168916676	202.0	-25.0	-19.0	-1.0	
1501195826787	527706189058278	202.0	-25.0	-19.0	-1.0	
1501195826822	527706209199879	202.0	-25.0	-18.0	-1.0	
1501195826841	527706229341481	202.0	-25.0	-18.0	-1.0	
1501195826860	527706249483082	202.0	-25.0	-18.405532836914063	-1.0	
1501195826881	527706269624684	202.0	-25.0	-19.0	-1.0	
1501195826896	527706289766285	202.0	-25.0	-19.0	-1.0	
1501195826912	527706309907887	202.0	-25.0	-19.0	-1.0	
1501195826928	527706330049489	202.0	-25.0	-19.0	-1.0	
1501195826970	527706350191090	202.0	-25.0	-18.87890625	-1.0	
1501195826982	527706370332692	202.0	-25.0	-18.263427734375	-1.0	
1501195826999	527706390474293	202.0	-25.0	-19.0	-1.0	
1501195827019	527706410615895	202.0	-25.0	-19.0	-1.0	
1501195827033	527706430757496	202.0	-25.0	-19.0	-1.0	
1501195827050	527706450899098	202.0	-25.0	-19.0	-1.0	
1501195827070	527706471040700	202.0	-25.0	-19.0	-1.0	
1501195827105	527706491182301	202.0	-25.0	-19.0	-1.0	
1501195827123	527706511323903	202.0	-25.0	-19.0	-1.0	
1501195827142	527706531465504	202.0	-25.0	-19.0	-1.0	
1501195827160	527706551607106	202.0	-25.0	-19.0	-1.0	
1501195827176	527706571748707	202.0	-25.0	-19.0	-1.0	
1501195827195	527706591890309	202.0	-25.0	-19.0	-1.0	
1501195827210	527706612031910	202.0	-25.0	-19.0	-1.0	
1501195827250	527706632173512	202.0	-25.0	-19.0	-1.0	
1501195827262	527706652315114	202.0	-25.0	-19.0	-1.0	
1501195827280	527706672456715	202.0	-25.0	-19.0	-1.0	
1501195827298	527706692598317	202.0	-25.0	-19.0	-1.0	
1501195827316	527706712739918	202.0	-25.0	-19.0	-1.0	
1501195827334	527706732881520	202.0	-25.0	-19.0	-1.0	
1501195827350	527706753023121	202.0	-25.0	-19.0	-1.0	
1501195827386	527706773164723	202.0	-25.0	-19.0	-1.0	
1501195827405	527706793306325	202.0	-25.0	-19.0	-1.0	
1501195827421	527706813447926	202.0	-25.0	-19.0	-1.0	
1501195827443	527706833589528	202.0	-25.0	-19.0	-1.0	
1501195827459	527706853731129	202.0	-25.0	-19.0	-1.0	
1501195827475	527706873872731	202.0	-25.0	-19.0	-1.0	
1501195827497	527706894014332	202.0	-25.0	-19.0	-1.0	
1501195827528	527706914155934	202.0	-25.0	-19.0	-1.0	
1501195827544	527706934297535	202.0	-25.0	-19.0	-1.0	
1501195827562	527706954439137	202.0	-25.0	-19.0	-1.0	
1501195827580	527706974580739	202.0	-25.0	-19.0	-1.0	
1501195827597	527706994722340	202.0	-25.0	-19.0	-1.0	
1501195827615	527707014863942	202.0	-25.0	-19.0	-1.0	
1501195827632	527707035005543	202.0	-25.0	-19.0	-1.0	
1501195827668	527707055147145	202.0	-25.0	-19.0	-1.0	
1501195827686	527707075288746	202.0	-25.0	-19.0	-1.0	
1501195827704	527707095432878	202.0	-25.0	-19.0	-1.0	
1501195827723	527707115574480	202.0	-25.0	-19.0	-1.0	
1501195827740	527707135716081	202.0	-25.0	-19.0	-1.0	
1501195827760	527707155857683	202.0	-25.0	-19.0	-1.0	
1501195827775	527707175999284	202.0	-25.0	-19.0	-1.0	
1501195827809	527707196140886	202.0	-25.0	-19.0	-1.0	
1501195827826	527707216282487	202.0	-25.0	-19.0	-1.0	
1501195827847	527707236424089	202.0	-25.0	-19.0	-1.0	
1501195827863	527707256565690	202.0	-25.0	-19.0	-1.0	
1501195827879	527707276707292	202.0	-25.0	-19.0	-1.0	
1501195827898	527707296848894	202.0	-25.0	-19.0	-1.0	
1501195827916	527707316990495	202.0	-25.0	-19.0	-1.0	
1501195827952	527707337132097	202.0	-25.0	-19.0	-1.0	
1501195827969	527707357273698	202.0	-25.0	-19.0	-1.0	
1501195827985	527707377415300	202.0	-25.0	-19.0	-1.0	
1501195828003	527707397556901	202.0	-25.0	-19.0	-1.0	
1501195828021	527707417698503	202.0	-25.0	-19.0	-1.0	
1501195828038	527707437840105	202.0	-25.0	-19.0	-1.0	
1501195828056	527707457981706	202.0	-25.0	-19.0	-1.0	
1501195828091	527707478123308	202.0	-25.0	-19.0	-1.0	
1501195828112	527707498264909	202.0	-25.0	-19.0	-1.0	
1501195828127	527707518406511	202.0	-25.0	-19.0	-1.0	
1501195828146	527707538548112	202.0	-25.0	-19.0	-1.0	
1501195828163	527707558689714	202.0	-25.0	-19.0	-1.0	
1501195828189	527707578831315	202.0	-25.0	-19.0	-1.0	
1501195828197	527707598972917	202.0	-25.0	-19.0	-1.0	
1501195828234	527707619114519	202.0	-25.0	-19.0	-1.0	
1501195828250	527707639256120	202.0	-25.0	-19.0	-1.0	
1501195828268	527707659397722	202.0	-25.0	-19.0	-1.0	
1501195828286	527707679539323	202.0	-25.0	-19.0	-1.0	
1501195828302	527707699680925	202.0	-25.0	-19.0	-1.0	
1501195828320	527707719822526	202.0	-25.0	-19.0	-1.0	
1501195828339	527707739964128	202.0	-25.0	-19.0	-1.0	
1501195828373	527707760105730	202.0	-25.0	-19.0	-1.0	
1501195828390	527707780247331	202.0	-25.0	-19.0	-1.0	
1501195828410	527707800388933	202.0	-25.0	-19.0	-1.0	
1501195828427	527707820530534	202.0	-25.0	-19.0	-1.0	
1501195828445	527707840672136	202.0	-25.0	-19.0	-1.0	
1501195828461	527707860813737	202.0	-25.0	-19.0	-1.0	
1501195828479	527707880955339	202.0	-25.0	-19.0	-1.0	
1501195828518	527707901096940	202.0	-25.0	-19.0	-1.0	
1501195828543	527707921238542	202.0	-25.0	-19.0	-1.0	
1501195828550	527707941380144	202.0	-25.0	-19.0	-1.0	
1501195828566	527707961521745	202.0	-25.0	-19.0	-1.0	
1501195828585	527707981663347	202.0	-25.0	-19.0	-1.0	
1501195828605	527708001804948	202.0	-25.0	-19.0	-1.0	
1501195828620	527708021946550	202.0	-25.0	-19.0	-1.0	
1501195828656	527708042088151	202.0	-25.0	-19.0	-1.0	
1501195828673	527708062229753	202.0	-25.0	-19.0	-1.0	
1501195828691	527708082371355	202.0	-25.0	-19.0	-1.0	
1501195828709	527708102512956	202.0	-25.0	-19.0	-1.0	
1501195828726	527708122654558	202.0	-25.0	-19.0	-1.0	
1501195828748	527708142796159	202.0	-25.0	-19.0	-1.0	
1501195828792	527708162937761	202.0	-25.0	-19.0	-1.0	
1501195828795	527708183079362	202.0	-25.0	-19.0	-1.0	
1501195828813	527708203220964	202.0	-25.0	-19.0	-1.0	
1501195828831	527708223362565	202.0	-25.0	-19.0	-1.0	
1501195828849	527708243504167	202.0	-25.0	-19.0	-1.0	
1501195828868	527708263645769	202.0	-25.0	-19.0	-1.0	
1501195828890	527708283787370	202.0	-25.0	-19.0	-1.0	
1501195828922	527708303928972	202.0	-25.0	-19.0	-1.0	
1501195828937	527708324070573	202.0	-25.0	-19.0	-1.0	
1501195828959	527708344212175	202.0	-25.0	-19.0	-1.0	
1501195828972	527708364353776	202.0	-25.0	-19.0	-1.0	
1501195828992	527708384495378	202.0	-25.0	-19.0	-1.0	
