1501195688976	527568380210557	201.0	-27.057098388671875	-10.0	-1.0	
1501195689011	527568400352159	200.91696166992188	-27.0	-10.0	-1.0	
1501195689028	527568420493760	200.0	-27.0	-10.0	-1.0	
1501195689048	527568440635362	200.0	-27.0	-10.0	-1.0	
1501195689064	527568460776963	200.0	-27.0	-9.493087768554688	-1.0	
1501195689081	527568480918565	200.0	-27.0	-9.0	-1.0	
1501195689098	527568501060166	200.0	-27.0	-9.0	-1.0	
1501195689116	527568521201768	200.0	-27.0	-9.0	-1.0	
1501195689150	527568541343370	200.0	-27.0	-9.0	-1.0	
1501195689169	527568561484971	200.0	-27.0	-9.0	-1.0	
1501195689186	527568581626573	200.0	-27.0	-9.0	-1.0	
1501195689205	527568601768174	200.0	-27.0	-9.0	-1.0	
1501195689222	527568621909776	200.0	-27.0	-9.0	-1.0	
1501195689240	527568642051377	200.0	-27.0	-9.0	-1.0	
1501195689258	527568662192979	200.0	-27.0	-9.0	-1.0	
1501195689300	527568682334580	200.0	-27.0	-9.0	-1.0	
1501195689310	527568702476182	200.0	-27.0	-9.0	-1.0	
1501195689328	527568722617784	200.0	-27.0	-9.0	-1.0	
1501195689346	527568742759385	200.0	-27.0	-9.0	-1.0	
1501195689363	527568762900987	200.0	-27.0	-9.0	-1.0	
1501195689411	527568783042588	200.0	-27.0	-9.0	-1.0	
1501195689420	527568803184190	200.0	-27.0	-9.0	-1.0	
1501195689441	527568823325791	200.0	-27.0	-9.0	-1.0	
1501195689453	527568843467393	200.0	-27.0	-9.0	-1.0	
1501195689467	527568863608995	200.0	-27.0	-9.0	-1.0	
1501195689486	527568883750596	200.0	-27.0	-9.0	-1.0	
1501195689502	527568903892198	200.0	-27.0	-9.0	-1.0	
1501195689523	527568924033799	200.0	-27.0	-9.0	-1.0	
1501195689538	527568944175401	200.0	-27.0	-9.0	-1.0	
1501195689573	527568964317002	200.0	-27.0	-9.0	-1.0	
1501195689591	527568984458604	200.0	-27.0	-9.0	-1.0	
1501195689608	527569004600205	200.0	-27.0	-9.0	-1.0	
1501195689626	527569024741807	200.0	-27.0	-9.0	-1.0	
1501195689646	527569044883409	200.0	-27.0	-9.0	-1.0	
1501195689662	527569065025010	200.0	-27.0	-9.0	-1.0	
1501195689680	527569085166612	200.0	-27.0	-9.0	-1.0	
1501195689716	527569105308213	200.0	-27.0	-9.0	-1.0	
1501195689733	527569125449815	200.0	-27.0	-9.0	-1.0	
1501195689752	527569145591416	200.0	-27.0	-9.0	-1.0	
1501195689769	527569165733018	200.0	-27.0	-9.0	-1.0	
1501195689786	527569185874620	200.0	-27.0	-9.0	-1.0	
1501195689805	527569206016221	200.0	-27.0	-9.0	-1.0	
1501195689821	527569226157823	200.0	-27.0	-9.0	-1.0	
1501195689857	527569246299424	200.0	-27.0	-9.0	-1.0	
1501195689874	527569266441026	200.0	-27.0	-9.0	-1.0	
1501195689892	527569286582627	200.0	-27.0	-9.0	-1.0	
1501195689912	527569306724229	200.0	-27.0	-9.0	-1.0	
1501195689927	527569326865830	200.0	-27.0	-9.0	-1.0	
1501195689945	527569347007432	200.0	-27.0	-9.0	-1.0	
1501195689963	527569367149034	200.0	-27.0	-9.0	-1.0	
1501195689981	527569387290635	200.0	-27.0	-9.0	-1.0	
1501195690036	527569407432237	200.0	-27.0	-9.0	-1.0	
1501195690044	527569427573838	200.0	-27.0	-9.0	-1.0	
1501195690051	527569447715440	200.0	-27.0	-9.0	-1.0	
1501195690070	527569467857041	200.0	-27.0	-9.0	-1.0	
1501195690085	527569487998643	200.0	-27.0	-9.0	-1.0	
1501195690103	527569508140245	200.0	-27.0	-9.0	-1.0	
1501195690121	527569528281846	200.0	-27.0	-9.0	-1.0	
1501195690156	527569548423448	200.0	-27.0	-9.0	-1.0	
1501195690176	527569568565049	200.0	-27.0	-9.0	-1.0	
1501195690191	527569588706651	200.0	-27.0	-9.0	-1.0	
1501195690209	527569608848252	200.0	-27.0	-9.0	-1.0	
1501195690232	527569628989854	200.0	-27.0	-9.0	-1.0	
1501195690246	527569649131455	200.0	-27.0	-9.0	-1.0	
1501195690260	527569669273057	200.0	-27.0	-9.0	-1.0	
1501195690296	527569689414659	200.0	-27.0	-9.0	-1.0	
1501195690313	527569709556260	200.0	-27.0	-9.0	-1.0	
1501195690331	527569729697862	200.0	-27.0	-9.0	-1.0	
1501195690348	527569749839463	200.0	-27.0	-9.0	-1.0	
1501195690366	527569769981065	200.0	-27.0	-9.0	-1.0	
1501195690383	527569790122666	200.0	-27.0	-9.0	-1.0	
1501195690401	527569810264268	199.03634643554688	-27.0	-9.0	-1.0	
1501195690436	527569830405870	199.0	-27.0	-9.0	-1.0	
1501195690454	527569850547471	199.0	-27.0	-9.0	-1.0	
1501195690471	527569870689073	199.0	-27.0	-9.0	-1.0	
1501195690489	527569890830674	199.0	-27.0	-9.0	-1.0	
1501195690507	527569910972276	199.0	-27.0	-9.0	-1.0	
1501195690524	527569931113877	199.0	-27.0	-9.0	-1.0	
1501195690542	527569951255479	199.0	-27.0	-9.0	-1.0	
1501195690577	527569971397080	199.0	-27.0	-9.0	-1.0	
1501195690595	527569991538682	199.0	-27.0	-9.0	-1.0	
1501195690612	527570011680284	199.0	-27.0	-9.0	-1.0	
1501195690631	527570031821885	199.0	-27.0	-9.0	-1.0	
1501195690648	527570051963487	199.0	-27.0	-9.0	-1.0	
1501195690665	527570072105088	199.0	-27.0	-9.0	-1.0	
1501195690683	527570092246690	199.0	-27.0	-9.0	-1.0	
1501195690718	527570112388291	199.0	-27.0	-9.0	-1.0	
1501195690735	527570132529893	199.0	-27.0	-9.0	-1.0	
1501195690753	527570152671495	199.0	-27.0	-9.0	-1.0	
1501195690771	527570172813096	199.0	-27.0	-9.0	-1.0	
1501195690788	527570192954698	199.0	-27.0	-9.0	-1.0	
1501195690806	527570213096299	199.0	-27.0	-9.0	-1.0	
1501195690824	527570233237901	199.0	-27.0	-9.0	-1.0	
1501195690859	527570253379502	199.0	-26.930923461914063	-9.0	-1.0	
1501195690877	527570273521104	199.0	-26.0	-9.0	-1.0	
1501195690895	527570293662705	199.0	-26.0	-9.0	-1.0	
1501195690912	527570313804307	199.0	-26.0	-9.0	-1.0	
1501195690931	527570333945909	199.0	-26.0	-9.0	-1.0	
1501195690947	527570354087510	199.0	-26.0	-9.0	-1.0	
1501195690964	527570374229112	199.0	-26.0	-9.0	-1.0	
1501195691001	527570394370713	198.0	-26.0	-9.0	-1.0	
1501195691019	527570414512315	198.0	-26.0	-9.0	-1.0	
1501195691039	527570434653916	198.0	-26.0	-9.0	-1.0	
1501195691053	527570454795518	198.0	-26.0	-9.0	-1.0	
1501195691072	527570474937120	198.0	-26.0	-9.0	-1.0	
1501195691106	527570495078721	198.0	-26.0	-9.0	-1.0	
1501195691123	527570515220323	198.0	-26.0	-9.0	-1.0	
1501195691141	527570535361924	198.0	-26.0	-9.0	-1.0	
1501195691158	527570555503526	198.0	-26.0	-9.0	-1.0	
1501195691177	527570575645127	198.0	-26.0	-9.0	-1.0	
1501195691211	527570595786729	198.0	-26.0	-9.0	-1.0	
1501195691230	527570615928330	198.0	-26.0	-9.0	-1.0	
1501195691247	527570636069932	198.0	-26.0	-9.0	-1.0	
1501195691265	527570656211534	198.0	-26.0	-9.0	-1.0	
1501195691282	527570676353135	198.0	-26.0	-9.0	-1.0	
1501195691300	527570696494737	198.0	-26.0	-9.0	-1.0	
1501195691317	527570716636338	198.0	-26.0	-9.0	-1.0	
1501195691353	527570736777940	198.0	-26.0	-9.0	-1.0	
1501195691370	527570756919541	198.0	-26.0	-9.0	-1.0	
1501195691388	527570777061143	198.0	-26.0	-9.0	-1.0	
1501195691405	527570797202745	198.0	-26.0	-9.0	-1.0	
1501195691423	527570817344346	198.0	-26.0	-9.0	-1.0	
1501195691443	527570837485948	198.0	-26.0	-9.0	-1.0	
1501195691458	527570857627549	198.0	-26.0	-9.0	-1.0	
1501195691494	527570877769151	198.0	-26.0	-9.0	-1.0	
1501195691511	527570897910752	198.0	-26.0	-9.0	-1.0	
1501195691528	527570918052354	198.0	-26.0	-9.0	-1.0	
1501195691546	527570938193955	198.0	-26.0	-9.0	-1.0	
1501195691564	527570958335557	198.0	-26.0	-9.0	-1.0	
1501195691581	527570978477159	198.0	-26.0	-9.0	-1.0	
1501195691599	527570998618760	198.0	-26.0	-9.0	-1.0	
1501195691634	527571018760362	198.0	-26.0	-9.0	-1.0	
1501195691652	527571038901963	198.0	-26.0	-9.0	-1.0	
1501195691671	527571059043565	198.0	-26.0	-9.0	-1.0	
1501195691687	527571079185166	198.0	-26.0	-9.0	-1.0	
1501195691705	527571099326768	198.0	-26.0	-9.0	-1.0	
1501195691722	527571119468370	198.0	-26.0	-9.0	-1.0	
1501195691740	527571139609971	198.0	-26.0	-9.0	-1.0	
1501195691775	527571159751573	198.0	-26.0	-9.0	-1.0	
1501195691793	527571179893174	198.0	-26.0	-9.0	-1.0	
1501195691811	527571200034776	198.0	-26.0	-9.0	-1.0	
1501195691829	527571220176377	198.0	-26.0	-9.0	-1.0	
1501195691846	527571240317979	198.0	-26.0	-9.0	-1.0	
1501195691864	527571260459580	198.0	-26.0	-9.0	-1.0	
1501195691890	527571280601182	198.0	-26.0	-9.0	-1.0	
1501195691917	527571300742784	198.0	-26.0	-9.0	-1.0	
1501195691934	527571320884385	198.0	-26.0	-9.0	-1.0	
1501195691952	527571341025987	198.0	-26.0	-9.0	-1.0	
1501195691969	527571361167588	198.0	-26.0	-9.0	-1.0	
1501195691987	527571381309190	198.0	-26.0	-9.0	-1.0	
1501195692004	527571401450791	198.0	-26.0	-9.0	-1.0	
1501195692023	527571421592393	198.0	-26.0	-9.0	-1.0	
1501195692058	527571441733995	198.0	-26.0	-9.0	-1.0	
1501195692075	527571461875596	198.0	-26.0	-9.0	-1.0	
1501195692093	527571482017198	198.0	-26.0	-9.0	-1.0	
1501195692110	527571502158799	198.0	-26.0	-9.0	-1.0	
1501195692128	527571522300401	198.0	-26.0	-9.0	-1.0	
1501195692150	527571542442002	198.0	-26.0	-9.0	-1.0	
1501195692164	527571562583604	198.0	-26.0	-9.0	-1.0	
1501195692199	527571582725205	198.0	-26.0	-9.0	-1.0	
1501195692216	527571602866807	198.0	-26.0	-9.0	-1.0	
1501195692234	527571623008409	198.0	-26.0	-9.0	-1.0	
1501195692251	527571643150010	198.0	-26.0	-9.0	-1.0	
1501195692269	527571663291612	198.0	-26.0	-9.0	-1.0	
1501195692287	527571683433213	198.0	-26.0	-9.0	-1.0	
1501195692304	527571703574815	198.0	-26.0	-9.0	-1.0	
1501195692340	527571723716416	198.0	-26.0	-9.0	-1.0	
1501195692358	527571743858018	198.0	-26.0	-9.0	-1.0	
1501195692375	527571763999620	198.0	-26.0	-9.0	-1.0	
1501195692392	527571784141221	198.0	-26.0	-9.0	-1.0	
1501195692410	527571804282823	198.0	-26.0	-9.0	-1.0	
1501195692427	527571824424424	198.0	-26.0	-9.0	-1.0	
1501195692445	527571844566026	198.0	-26.0	-9.0	-1.0	
1501195692480	527571864707627	198.0	-26.0	-9.0	-1.0	
1501195692499	527571884849229	198.0	-26.0	-9.0	-1.0	
1501195692515	527571904990830	198.0	-26.0	-9.0	-1.0	
1501195692533	527571925132432	198.0	-26.0	-9.0	-1.0	
1501195692551	527571945274034	198.0	-26.0	-9.0	-1.0	
1501195692568	527571965415635	198.0	-26.0	-9.0	-1.0	
1501195692589	527571985557237	198.0	-26.0	-9.0	-1.0	
1501195692621	527572005698838	197.0	-26.0	-9.083038330078125	-1.0	
1501195692639	527572025840440	197.0	-26.0	-10.0	-1.0	
1501195692657	527572045982041	197.0	-26.0	-10.0	-1.0	
1501195692674	527572066123643	197.0	-26.0	-10.0	-1.0	
1501195692692	527572086265245	197.0	-26.0	-10.0	-1.0	
1501195692710	527572106406846	197.0	-25.20416259765625	-10.0	-1.0	
1501195692727	527572126548448	197.0	-25.0	-9.0606689453125	-1.0	
1501195692763	527572146690049	197.0	-25.081314086914063	-9.081314086914063	95.0	
1501195692780	527572166831651	197.0	-26.0	-10.0	95.0	
1501195692798	527572186973252	197.0	-26.0	-10.0	95.0	
1501195692815	527572207114854	197.0	-26.0	-10.0	95.0	
1501195692833	527572227256455	197.0	-26.0	-10.0	95.0	
1501195692851	527572247398057	197.0	-26.0	-10.0	95.0	
1501195692870	527572267539659	197.0	-26.0	-10.0	95.0	
1501195692904	527572287681260	197.0	-26.0	-10.0	95.0	
1501195692922	527572307822862	197.0	-26.0	-10.0	95.0	
1501195692939	527572327964463	197.0	-26.0	-10.0	95.0	
1501195692958	527572348106065	197.0	-26.0	-10.0	95.0	
1501195692976	527572368247666	197.0	-26.0	-10.0	95.0	
1501195692992	527572388389268	197.0	-26.0	-10.0	95.0	
1501195693017	527572408530870	197.0	-26.0	-10.0	95.0	
1501195693045	527572428672471	197.0	-26.0	-9.0	95.0	
1501195693064	527572448814073	197.0	-26.0	-9.0	95.0	
1501195693080	527572468955674	197.0	-26.0	-9.0	95.0	
1501195693098	527572489097276	197.0	-26.0	-9.0	95.0	
1501195693115	527572509238877	197.0	-26.0	-9.0	95.0	
1501195693134	527572529380479	197.0	-26.0	-9.0	95.0	
1501195693150	527572549522080	197.0	-26.0	-9.0	95.0	
1501195693186	527572569663682	197.0	-26.0	-9.0	95.0	
1501195693203	527572589805284	197.0	-26.0	-9.0	95.0	
1501195693221	527572609946885	197.0	-26.0	-9.0	95.0	
1501195693239	527572630088487	197.0	-26.0	-9.0	95.0	
1501195693257	527572650230088	197.0	-26.0	-9.0	95.0	
1501195693274	527572670371690	196.209716796875	-26.0	-9.790283203125	95.0	
1501195693296	527572690513291	196.0	-26.932525634765625	-10.0	95.0	
1501195693330	527572710654893	196.0	-26.92388916015625	-10.0	95.0	
1501195693397	527572730796495	196.0	-26.0	-10.0	95.0	
1501195693415	527572750938096	196.0	-26.0	-9.6395263671875	95.0	
1501195693418	527572771079698	196.0	-26.0	-9.0	95.0	
1501195693432	527572791221299	196.0	-26.0	-9.0	95.0	
1501195693464	527572811362901	196.0	-26.0	-9.0	95.0	
1501195693470	527572831504502	196.0	-26.0	-9.0	95.0	
1501195693481	527572851646104	196.0	-26.0	-9.0	95.0	
1501195693489	527572871787705	196.0	-26.0	-9.0	95.0	
1501195693503	527572891929307	196.0	-26.0	-9.0	95.0	
1501195693521	527572912070909	196.0	-26.0	-9.0	95.0	
1501195693538	527572932212510	196.0	-26.0	-9.0	95.0	
1501195693556	527572952354112	196.0	-26.0	-9.0	95.0	
1501195693574	527572972495713	196.0	-26.0	-9.0	95.0	
1501195693591	527572992637315	196.0	-26.0	-9.0	95.0	
1501195693610	527573012778916	196.0	-26.0	-9.0	95.0	
1501195693645	527573032920518	196.0	-26.0	-9.0	95.0	
1501195693661	527573053062120	196.0	-26.0	-9.0	95.0	
1501195693679	527573073203721	196.0	-26.0	-9.0	95.0	
1501195693697	527573093345323	196.0	-26.0	-9.0	95.0	
1501195693720	527573113486924	196.0	-26.0	-9.0	95.0	
1501195693732	527573133628526	196.0	-26.0	-9.0	95.0	
1501195693750	527573153770127	196.0	-26.0	-9.0	95.0	
1501195693768	527573173911729	196.0	-26.0	-9.0	95.0	
1501195693785	527573194053330	196.0	-26.0	-9.0	95.0	
1501195693820	527573214194932	196.0	-26.0	-9.0	95.0	
1501195693838	527573234336534	196.0	-26.0	-9.0	95.0	
1501195693855	527573254478135	196.0	-26.0	-9.0	95.0	
1501195693874	527573274619737	196.0	-26.0	-9.0	95.0	
1501195693891	527573294761338	195.34896850585938	-26.0	-9.0	95.0	
1501195693907	527573314902940	195.0	-26.0	-9.0	95.0	
1501195693927	527573335044541	195.0	-26.0	-8.031814575195313	95.0	
1501195693961	527573355186143	195.0	-26.0	-8.0	95.0	
1501195693979	527573375327745	195.0	-26.0	-8.0	95.0	
1501195693996	527573395469346	195.0	-26.0	-7.5335693359375	95.0	
1501195694014	527573415610948	195.0	-26.0	-7.0	95.0	
1501195694032	527573435752549	195.0	-26.0	-7.0	95.0	
1501195694050	527573455894151	195.0	-25.03533935546875	-6.03533935546875	95.0	
1501195694085	527573476035752	195.0	-25.0	-6.0	95.0	
1501195694102	527573496177354	195.0	-25.0	-6.0	95.0	
1501195694120	527573516318955	195.0	-24.537109375	-6.0	95.0	
1501195694138	527573536460557	195.0	-24.0	-5.37103271484375	95.0	
1501195694155	527573556602159	195.0	-24.0	-5.0	95.0	
1501195694173	527573576743760	195.0	-24.0	-5.0	95.0	
1501195694208	527573596885362	195.0	-23.872802734375	-5.0	95.0	
1501195694226	527573617026963	195.0	-23.0	-5.0	95.0	
1501195694243	527573637168565	195.0	-23.0	-5.0	95.0	
1501195694262	527573657310166	195.0	-23.0	-5.0	95.0	
1501195694278	527573677451768	194.20848083496094	-23.0	-5.0	95.0	
1501195694297	527573697593370	194.0	-23.0	-5.0	95.0	
1501195694331	527573717734971	194.0	-23.0	-5.0	95.0	
1501195694349	527573737876573	194.0	-23.0	-5.0	95.0	
1501195694367	527573758018174	194.0	-23.0	-5.0	95.0	
1501195694384	527573778159776	194.0	-23.0	-5.0	95.0	
1501195694402	527573798301377	194.0	-23.0	-5.0	95.0	
1501195694420	527573818442979	194.0	-23.0	-5.0	95.0	
1501195694458	527573838584580	194.0	-23.0	-5.0	95.0	
1501195694472	527573858726182	194.0	-23.0	-5.0	95.0	
1501195694490	527573878867784	194.0	-23.0	-5.0	95.0	
1501195694507	527573899009385	193.4801483154297	-23.0	-5.0	95.0	
1501195694525	527573919150987	193.0	-23.0	-5.0	95.0	
1501195694543	527573939292588	193.0	-23.0	-5.0	95.0	
1501195694561	527573959434190	193.0	-23.0	-5.0	95.0	
1501195694610	527573979575791	193.0	-23.0	-6.0	95.0	
1501195694615	527573999717393	193.0	-23.0	-6.0	95.0	
1501195694635	527574019858995	193.0	-23.0	-6.0	95.0	
1501195694649	527574040000596	193.0	-23.493942260742188	-6.0	95.0	
1501195694667	527574060142198	192.36614990234375	-24.0	-6.0	95.0	
1501195694684	527574080283799	192.0	-24.0	-6.0	95.0	
1501195694701	527574100425401	192.0	-24.0	-6.0	95.0	
1501195694737	527574120567002	192.0	-23.948287963867188	-6.0	95.0	
1501195694754	527574140708604	192.0	-23.0	-6.0	95.0	
1501195694772	527574160850205	192.0	-23.0	-6.0	95.0	
1501195694789	527574180991807	192.0	-23.0	-6.0	95.0	
1501195694808	527574201133409	192.0	-23.0	-6.0	95.0	
1501195694826	527574221275010	192.0	-23.0	-6.0	95.0	
1501195694843	527574241416612	192.0	-23.886001586914063	-6.0	95.0	
1501195694879	527574261558213	192.0	-24.0	-6.0	95.0	
1501195694899	527574281699815	192.0	-24.0	-6.0	95.0	
1501195694914	527574301841416	191.69602966308594	-24.0	-6.0	95.0	
1501195694933	527574321983018	191.0	-24.0	-6.0	95.0	
1501195694948	527574342124620	191.0	-24.0	-6.0	95.0	
1501195694966	527574362266221	191.0	-24.0	-6.0	95.0	
1501195694991	527574382407823	191.0	-24.0	-6.0	95.0	
1501195695001	527574402549424	191.0	-24.0	-6.0	95.0	
1501195695038	527574422691026	191.0	-24.0	-6.0	95.0	
1501195695054	527574442832627	191.0	-24.0	-6.0	95.0	
1501195695072	527574462974229	191.0	-24.0	-6.0	95.0	
1501195695089	527574483115830	191.0	-23.443878173828125	-6.0	95.0	
1501195695107	527574503257432	191.0	-23.0	-6.0	95.0	
1501195695124	527574523399034	191.0	-23.0	-6.0	95.0	
1501195695143	527574543540635	191.0	-23.0	-6.0	95.0	
1501195695178	527574563682237	190.0	-24.0	-6.0	95.0	
1501195695197	527574583823838	190.0	-24.0	-6.0	95.0	
1501195695212	527574603965440	190.0	-24.0	-6.0	95.0	
1501195695231	527574624107041	190.0	-24.0	-6.0	95.0	
1501195695248	527574644248643	190.0	-24.0	-6.0	95.0	
1501195695265	527574664390245	190.0	-24.0	-6.80828857421875	95.0	
1501195695283	527574684531846	190.0	-24.0	-7.0	95.0	
1501195695318	527574704673448	190.0	-24.0	-7.0	95.0	
1501195695336	527574724815049	190.0	-24.0	-7.0	95.0	
1501195695353	527574744956651	190.0	-23.634490966796875	-7.0	95.0	
1501195695371	527574765098252	190.0	-23.0	-7.0	95.0	
1501195695389	527574785239854	190.0	-23.0	-7.0	95.0	
1501195695411	527574805381455	190.0	-23.0	-7.0	95.0	
1501195695430	527574825523057	189.07772827148438	-23.922271728515625	-7.0	95.0	
1501195695460	527574845664659	189.0	-24.0	-7.0	95.0	
1501195695477	527574865806260	189.0	-24.0	-7.2003326416015625	95.0	
1501195695495	527574885947862	189.0	-24.0	-8.0	95.0	
1501195695512	527574906089463	189.0	-24.0	-8.0	95.0	
1501195695530	527574926231065	189.0	-24.617233276367188	-8.0	95.0	
1501195695548	527574946372666	189.0	-25.0	-8.0	95.0	
1501195695565	527574966514268	188.1036376953125	-25.0	-8.0	95.0	
1501195695600	527574986655870	188.0	-25.0	-8.0	95.0	
1501195695618	527575006797471	188.1744384765625	-25.0	-8.0	95.0	
1501195695637	527575026939073	189.0	-25.0	-8.0	95.0	
1501195695653	527575047080674	189.0	-25.0	-8.0	95.0	
1501195695671	527575067222276	188.40863037109375	-25.0	-8.0	95.0	
1501195695688	527575087363877	188.0	-25.0	-8.0	95.0	
1501195695706	527575107505479	188.0	-25.0	-8.0	95.0	
1501195695741	527575127647080	188.0	-25.0	-8.0	95.0	
1501195695760	527575147788682	188.0	-25.0	-8.0	95.0	
1501195695777	527575167930284	188.0	-25.0	-8.0	95.0	
1501195695795	527575188071885	188.0	-25.0	-8.0	95.0	
1501195695812	527575208213487	188.0	-25.0	-8.0	95.0	
1501195695830	527575228355088	188.0	-25.0	-8.0	95.0	
1501195695847	527575248496690	188.0	-25.844558715820313	-8.0	95.0	
1501195695864	527575268638291	188.0	-26.0	-8.0	95.0	
1501195695900	527575288779893	187.87738037109375	-26.0	-8.0	95.0	
1501195695918	527575308921495	187.0	-26.0	-8.0	95.0	
1501195695936	527575329063096	187.0	-25.599319458007813	-8.0	95.0	
1501195695953	527575349204698	187.0	-25.0	-8.0	95.0	
1501195695971	527575369346299	187.0	-25.679306030273438	-8.0	95.0	
1501195695989	527575389487901	187.0	-26.0	-8.0	95.0	
1501195696006	527575409629502	187.0	-26.0	-8.0	95.0	
1501195696043	527575429771104	187.0	-26.0	-8.0	95.0	
1501195696059	527575449912705	187.0	-26.0	-8.0	95.0	
1501195696076	527575470054307	187.0	-26.0	-8.0	95.0	
1501195696095	527575490195909	187.0	-26.0	-8.0	95.0	
1501195696111	527575510337510	187.0	-26.0	-8.0	95.0	
1501195696129	527575530479112	187.0	-26.0	-8.0	95.0	
1501195696148	527575550620713	187.0	-26.0	-8.0	95.0	
1501195696182	527575570762315	187.0	-26.0	-8.0	95.0	
1501195696200	527575590903916	187.0	-26.0	-8.0	95.0	
1501195696219	527575611045518	187.0	-26.0	-8.0	95.0	
1501195696234	527575631187120	187.0	-26.0	-8.0	95.0	
1501195696253	527575651328721	187.0	-26.0	-8.0	95.0	
1501195696273	527575671470323	187.0	-26.0	-8.0	95.0	
1501195696288	527575691611924	187.0	-26.0	-8.0	95.0	
1501195696323	527575711753526	187.0	-26.0	-8.0	95.0	
1501195696341	527575731895127	187.0	-26.0	-8.0	95.0	
1501195696359	527575752036729	187.0	-26.0	-8.0	95.0	
1501195696375	527575772178330	187.0	-26.0	-8.0	95.0	
1501195696393	527575792319932	187.0	-26.0	-8.0	95.0	
1501195696411	527575812461534	187.0	-26.0	-8.0	95.0	
1501195696429	527575832603135	187.0	-26.0	-8.0	95.0	
1501195696464	527575852744737	187.0	-26.0	-8.0	95.0	
1501195696485	527575872886338	187.0	-26.0	-8.0	95.0	
1501195696499	527575893027940	187.0	-26.0	-8.0	95.0	
1501195696517	527575913169541	187.0	-26.0	-8.43695068359375	95.0	
1501195696535	527575933311143	187.0	-26.0	-9.0	95.0	
1501195696552	527575953452745	187.0	-26.0	-9.0	95.0	
1501195696572	527575973594346	187.0	-26.0	-9.0	95.0	
1501195696588	527575993735948	187.0	-26.0	-9.0	95.0	
1501195696622	527576013877549	187.0	-25.0	-9.0	95.0	
1501195696640	527576034019151	187.0	-25.0	-9.0	95.0	
1501195696660	527576054160752	187.0	-25.0	-9.0	95.0	
1501195696677	527576074302354	187.0	-25.0	-9.0	95.0	
1501195696706	527576094443955	187.0	-25.0	-9.0	95.0	
1501195696712	527576114585557	187.0	-25.0	-9.0	95.0	
1501195696732	527576134727159	187.0	-25.0	-9.0	95.0	
1501195696765	527576154868760	187.0	-25.106887817382813	-9.0	95.0	
1501195696781	527576175010362	187.0	-26.0	-9.0	95.0	
1501195696799	527576195151963	187.0	-26.0	-9.0	95.0	
1501195696816	527576215293565	187.0	-26.0	-9.0	95.0	
1501195696835	527576235435166	187.0	-25.3367919921875	-9.0	95.0	
1501195696852	527576255576768	187.0	-25.0	-9.0	95.0	
1501195696869	527576275718370	187.0	-25.0	-9.0	95.0	
1501195696904	527576295859971	187.0	-25.0	-9.0	95.0	
1501195696922	527576316001573	187.0	-25.0	-9.0	95.0	
1501195696941	527576336143174	187.0	-25.0	-9.0	95.0	
1501195696959	527576356284776	187.0	-25.0	-9.0	95.0	
1501195696976	527576376426377	187.0	-25.0	-9.0	95.0	
1501195696993	527576396567979	187.0	-25.0	-9.0	95.0	
1501195697011	527576416709580	187.0	-25.0	-9.0	95.0	
1501195697046	527576436851182	187.0	-25.0	-9.0	95.0	
1501195697064	527576456992784	187.0	-25.0	-9.0	95.0	
1501195697081	527576477134385	187.0	-25.0	-9.0	95.0	
1501195697099	527576497275987	187.0	-25.0	-9.0	95.0	
1501195697116	527576517417588	187.0	-25.0	-9.0	95.0	
1501195697133	527576537559190	187.0	-25.0	-9.0	95.0	
1501195697152	527576557700791	187.0	-25.0	-9.0	95.0	
1501195697187	527576577842393	187.0	-25.0	-9.0	95.0	
1501195697204	527576597983995	187.0	-25.0	-9.0	95.0	
1501195697222	527576618125596	187.0	-25.0	-9.0	95.0	
1501195697239	527576638267198	187.0	-25.0	-9.0	95.0	
1501195697260	527576658408799	187.0	-25.0	-9.0	95.0	
1501195697276	527576678550401	187.0	-25.0	-9.0	95.0	
1501195697293	527576698692002	187.0	-25.0	-9.0	95.0	
1501195697327	527576718833604	187.0	-25.0	-9.0	95.0	
1501195697346	527576738975205	187.0	-25.0	-9.0	95.0	
1501195697363	527576759116807	187.0	-25.0	-9.0	95.0	
1501195697384	527576779258409	187.0	-25.0	-9.0	95.0	
1501195697398	527576799400010	187.0	-25.0	-9.0	95.0	
1501195697417	527576819541612	187.0	-25.0	-9.0	95.0	
1501195697433	527576839683213	187.0	-25.0	-9.0	95.0	
1501195697451	527576859824815	187.0	-25.0	-9.0	95.0	
1501195697486	527576879966416	187.0	-25.0	-9.0	95.0	
1501195697504	527576900108018	187.0	-25.0	-9.0	95.0	
1501195697522	527576920249620	187.0	-25.0	-9.0	95.0	
1501195697539	527576940391221	187.0	-25.0	-9.0	95.0	
1501195697556	527576960532823	187.0	-25.0	-9.0	95.0	
1501195697574	527576980674424	187.0	-25.0	-9.0	95.0	
1501195697592	527577000816026	187.0	-25.0	-9.0	95.0	
1501195697627	527577020957627	187.0	-25.0	-9.0	95.0	
1501195697644	527577041099229	187.0	-25.0	-9.0	95.0	
1501195697666	527577061240830	187.0	-25.0	-9.0	95.0	
1501195697680	527577081382432	187.0	-25.0	-9.0	95.0	
1501195697700	527577101516397	187.0	-25.0	-9.0	95.0	
1501195697715	527577121657998	187.0	-25.0	-9.0	95.0	
1501195697732	527577141799600	187.0	-25.0	-9.0	95.0	
1501195697770	527577161941201	187.0	-25.0	-9.0	95.0	
1501195697788	527577182082803	187.0	-25.0	-9.0	95.0	
1501195697803	527577202224404	187.0	-25.0	-9.0	95.0	
1501195697823	527577222366006	187.0	-25.484375	-9.0	95.0	
1501195697842	527577242507608	187.0	-26.0	-9.0	95.0	
1501195697856	527577262649209	187.0	-26.0	-9.0	95.0	
1501195697874	527577282790811	187.0	-26.0	-9.0	95.0	
1501195697909	527577302932412	187.0	-26.0	-9.0	95.0	
1501195697928	527577323074014	187.0	-26.0	-9.0	95.0	
1501195697945	527577343215615	187.0	-26.0	-9.0	95.0	
1501195697962	527577363357217	187.0	-26.0	-9.0	95.0	
1501195697980	527577383498818	187.0	-26.0	-9.0	95.0	
1501195697997	527577403640420	187.0	-26.0	-9.0	95.0	
1501195698032	527577423782022	187.0	-26.0	-9.0	95.0	
1501195698051	527577443923623	187.0	-26.0	-9.0	95.0	
1501195698067	527577464065225	187.0	-26.0	-9.0	95.0	
1501195698086	527577484206826	187.0	-26.0	-9.0	95.0	
1501195698103	527577504348428	187.0	-26.0	-9.0	95.0	
1501195698121	527577524490029	187.0	-26.0	-9.0	95.0	
1501195698156	527577544631631	187.0	-26.0	-9.0	95.0	
1501195698174	527577564773233	187.0	-26.0	-9.0	95.0	
1501195698196	527577584914834	187.0	-26.0	-9.0	95.0	
1501195698209	527577605056436	187.0	-26.0	-9.0	95.0	
1501195698227	527577625198037	187.0	-26.0	-9.0	95.0	
1501195698244	527577645339639	187.0	-26.0	-9.0	95.0	
1501195698279	527577665481240	187.0	-26.0	-9.0	95.0	
1501195698297	527577685622842	187.0	-25.7049560546875	-9.0	95.0	
1501195698314	527577705764443	187.0	-25.0	-9.0	95.0	
1501195698332	527577725906045	187.0	-25.0	-9.0	95.0	
1501195698349	527577746047647	187.0	-25.0	-9.0	95.0	
1501195698369	527577766189248	187.0	-25.0	-9.0	95.0	
1501195698403	527577786330850	188.0	-25.0	-9.0	95.0	
1501195698420	527577806472451	188.0	-25.0	-9.0	95.0	
1501195698439	527577826614053	188.0	-25.0	-9.0	95.0	
1501195698460	527577846755654	188.0	-25.0	-9.0	95.0	
1501195698475	527577866897256	188.0	-24.413681030273438	-9.0	95.0	
1501195698493	527577887038858	188.0	-24.0	-8.284255981445313	95.0	
1501195698509	527577907180459	188.0	-24.0	-8.0	95.0	
1501195698531	527577927322061	188.0	-24.0	-8.0	95.0	
1501195698562	527577947463662	188.0	-24.0	-8.0	95.0	
1501195698579	527577967605264	188.0	-24.0	-8.0	95.0	
1501195698600	527577987746865	188.0	-24.0	-8.0	95.0	
1501195698614	527578007888467	188.48545837402344	-23.514541625976563	-8.0	95.0	
1501195698631	527578028030068	189.0	-23.0	-8.0	95.0	
1501195698649	527578048171670	189.0	-23.0	-8.0	95.0	
1501195698668	527578068313272	189.0	-23.0	-8.0	95.0	
1501195698686	527578088454873	189.0	-23.0	-8.0	95.0	
1501195698720	527578108596475	189.0	-23.0	-8.0	95.0	
1501195698738	527578128738076	189.0	-23.0	-7.74359130859375	95.0	
1501195698755	527578148879678	189.0	-23.0	-7.0	95.0	
1501195698772	527578169021279	189.0	-23.0	-7.0	95.0	
1501195698791	527578189162881	189.0	-23.0	-7.0	95.0	
1501195698808	527578209304483	189.0	-23.0	-7.0	95.0	
1501195698825	527578229446084	189.0	-23.0	-7.0	95.0	
1501195698861	527578249587686	189.0	-23.0	-7.0	95.0	
1501195698878	527578269729287	189.0	-23.0	-7.0	95.0	
1501195698896	527578289870889	189.0	-23.0	-7.0	95.0	
1501195698913	527578310012490	189.0	-22.589752197265625	-7.0	95.0	
1501195698930	527578330154092	189.0	-22.0	-7.0	95.0	
1501195698949	527578350295693	189.0	-22.0	-7.0	95.0	
1501195698966	527578370437295	189.0	-22.796218872070313	-7.0	95.0	
1501195698984	527578390578897	189.0	-23.0	-7.0	95.0	
1501195699020	527578410720498	189.0	-23.0	-7.0	95.0	
1501195699041	527578430862100	189.0	-23.0	-7.0	95.0	
1501195699055	527578451003701	189.0	-23.0	-7.0	95.0	
1501195699072	527578471145303	189.0	-23.0	-7.0	95.0	
1501195699090	527578491286904	189.0	-23.565811157226563	-7.0	95.0	
1501195699109	527578511428506	189.0	-24.0	-7.6940155029296875	95.0	
1501195699125	527578531570108	189.0	-24.0	-8.0	95.0	
1501195699144	527578551711709	189.0	-24.950424194335938	-8.0	95.0	
1501195699186	527578571853311	188.0	-25.078628540039063	-8.0	95.0	
1501195699195	527578591994912	188.0	-26.0	-8.0	95.0	
1501195699214	527578612136514	188.0	-26.340240478515625	-8.340240478515625	95.0	
1501195699231	527578632278115	187.51568603515625	-27.0	-9.0	95.0	
1501195699248	527578652419717	187.0	-27.634140014648438	-9.0	95.0	
1501195699267	527578672561318	187.0	-28.0	-9.0	95.0	
1501195699290	527578692702920	186.0662078857422	-28.0	-9.933792114257813	95.0	
1501195699319	527578712844522	186.0	-28.0	-10.0	95.0	
1501195699337	527578732986123	186.0	-28.0	-10.0	95.0	
1501195699354	527578753127725	186.0	-28.0	-10.0	95.0	
1501195699374	527578773269326	186.0	-28.0	-10.0	95.0	
1501195699390	527578793410928	186.0	-28.0	-10.0	95.0	
1501195699407	527578813552529	186.0	-27.167251586914063	-10.0	95.0	
1501195699425	527578833694131	185.01742553710938	-27.0	-10.982574462890625	95.0	
1501195699460	527578853835733	184.8675994873047	-27.0	-11.0	95.0	
1501195699478	527578873977334	184.0	-27.0	-11.0	95.0	
1501195699500	527578894118936	184.0	-27.0	-11.0	95.0	
1501195699513	527578914260537	183.41812133789063	-27.0	-11.0	95.0	
1501195699531	527578934402139	183.0	-27.0	-11.0	95.0	
1501195699550	527578954543740	183.0	-27.0	-11.88153076171875	95.0	
1501195699583	527578974685342	183.0	-27.031356811523438	-12.0	95.0	
1501195699602	527578994826943	183.0	-28.0	-12.0	95.0	
1501195699620	527579014968545	183.0	-28.0	-12.0	95.0	
1501195699638	527579035110147	183.0	-28.0	-12.0	95.0	
1501195699654	527579055251748	183.0	-28.630661010742188	-12.0	95.0	
1501195699672	527579075393350	183.0	-29.780487060546875	-12.780487060546875	95.0	
1501195699690	527579095534951	183.0	-30.0	-13.0	95.0	
1501195699724	527579115676553	184.0	-31.08013916015625	-13.08013916015625	95.0	
1501195699743	527579135818154	184.0	-32.0	-14.0	95.0	
1501195699760	527579155959756	184.0	-32.37977600097656	-14.0	95.0	
1501195699777	527579176101358	184.52960205078125	-33.0	-14.0	95.0	
1501195699796	527579196242959	185.0	-33.0	-14.0	95.0	
1501195699813	527579216384561	185.0	-33.0	-14.0	95.0	
1501195699830	527579236526162	185.9790802001953	-33.0	-14.979080200195313	95.0	
1501195699869	527579256667764	186.0	-33.12890625	-15.0	95.0	
1501195699883	527579276809365	186.0	-34.0	-15.0	95.0	
1501195699901	527579296950967	186.0	-34.0	-15.0	95.0	
1501195699918	527579317092568	186.0	-34.0	-15.0	95.0	
1501195699935	527579337234170	186.0	-34.0	-15.0	95.0	
1501195699954	527579357375772	186.0	-34.0	-15.0	95.0	
1501195699989	527579377517373	187.0	-34.0	-15.0	95.0	
1501195700006	527579397658975	187.0	-34.0	-15.0	95.0	
1501195700024	527579417800576	187.0	-34.0	-15.0	95.0	
1501195700042	527579437942178	187.0	-34.0	-15.0	95.0	
1501195700060	527579458083779	187.0	-34.0	-15.0	95.0	
1501195700077	527579478225381	187.0	-34.0	-15.0	95.0	
1501195700094	527579498366983	187.0	-34.0	-15.0	95.0	
1501195700130	527579518508584	187.0	-34.0	-15.0	95.0	
1501195700147	527579538650186	187.0	-34.0	-15.0	95.0	
1501195700165	527579558791787	187.0	-34.0	-15.0	95.0	
1501195700182	527579578933389	187.0	-34.0	-15.0	95.0	
1501195700200	527579599074990	187.6759490966797	-34.0	-15.0	95.0	
1501195700219	527579619216592	188.0	-34.0	-15.0	95.0	
1501195700236	527579639358193	188.0	-34.0	-15.0	95.0	
1501195700270	527579659499795	188.0	-34.0	-15.0	95.0	
1501195700288	527579679641397	188.0	-34.0	-15.0	95.0	
1501195700306	527579699782998	188.0	-34.0	-15.0	95.0	
1501195700323	527579719924600	188.0	-34.0	-15.0	95.0	
1501195700341	527579740066201	188.0	-34.0	-15.0	95.0	
1501195700359	527579760207803	188.0	-34.87455749511719	-15.0	95.0	
1501195700395	527579780349404	188.0	-34.975616455078125	-15.0	95.0	
1501195700415	527579800491006	188.0	-34.0	-15.0	95.0	
1501195700431	527579820632608	188.0	-34.0	-15.0	95.0	
1501195700447	527579840774209	188.0	-34.0	-15.0	95.0	
1501195700464	527579860915811	188.62368774414063	-34.0	-15.0	95.0	
1501195700484	527579881057412	189.0	-34.0	-15.0	95.0	
1501195700500	527579901199014	189.0	-33.07666015625	-15.0	95.0	
1501195700537	527579921340615	189.0	-33.0	-15.0	95.0	
1501195700557	527579941482217	189.0	-33.0	-14.777008056640625	95.0	
1501195700570	527579961623818	189.0	-33.0	-14.0	95.0	
1501195700591	527579981765420	189.0	-33.0	-14.0	95.0	
1501195700605	527580001907022	189.0	-32.32752990722656	-14.0	95.0	
1501195700623	527580022048623	189.0	-32.0	-14.0	95.0	
1501195700642	527580042190225	189.0	-32.0	-14.0	95.0	
1501195700676	527580062331826	189.1219482421875	-32.0	-14.0	95.0	
1501195700694	527580082473428	190.0	-31.728225708007813	-14.0	95.0	
1501195700711	527580102615029	190.0	-31.0	-14.0	95.0	
1501195700729	527580122756631	190.0	-31.0	-13.428573608398438	95.0	
1501195700747	527580142898233	190.0	-31.0	-13.0	95.0	
1501195700765	527580163039834	190.0	-30.128921508789063	-13.0	95.0	
1501195700800	527580183181436	191.0	-30.0	-12.979095458984375	95.0	
1501195700820	527580203323037	191.0	-29.829269409179688	-12.0	95.0	
1501195700837	527580223464639	191.0	-29.0	-12.0	95.0	
1501195700854	527580243606240	191.0	-29.0	-12.0	95.0	
1501195700870	527580263747842	191.0	-29.0	-11.379791259765625	95.0	
1501195700888	527580283889443	191.0	-29.0	-11.0	95.0	
1501195700906	527580304031045	191.0	-29.0	-11.0	95.0	
1501195700940	527580324172647	191.0	-28.930328369140625	-11.0	95.0	
1501195700961	527580344314248	191.0	-28.0	-11.0	95.0	
1501195700976	527580364455850	191.0	-28.0	-11.0	95.0	
1501195700993	527580384597451	191.0	-28.0	-11.0	95.0	
1501195701012	527580404739053	191.0	-28.0	-11.0	95.0	
1501195701030	527580424880654	191.0	-28.0	-11.0	95.0	
1501195701046	527580445022256	191.0	-28.0	-11.0	95.0	
1501195701081	527580465163858	191.0	-28.0	-11.0	95.0	
1501195701099	527580485305459	191.0	-28.0	-11.0	95.0	
1501195701116	527580505447061	191.0	-28.0	-11.0	95.0	
1501195701134	527580525588662	191.0	-28.0	-11.0	95.0	
1501195701152	527580545730264	191.0	-28.0	-11.0	95.0	
1501195701172	527580565871865	191.0	-28.0	-11.0	95.0	
1501195701187	527580586013467	191.0	-28.0	-11.0	95.0	
1501195701223	527580606155068	191.0	-28.0	-11.0	95.0	
1501195701240	527580626296670	191.0	-28.0	-11.0	95.0	
1501195701258	527580646438272	191.0	-28.0	-11.0	95.0	
1501195701276	527580666579873	191.0	-28.0	-10.537933349609375	95.0	
1501195701298	527580686721475	191.0	-28.0	-10.0	95.0	
1501195701311	527580706863076	191.0	-28.0	-10.0	95.0	
1501195701329	527580727004678	191.0	-28.0	-10.0	95.0	
1501195701364	527580747146279	191.0	-28.0	-10.0	95.0	
1501195701382	527580767287881	191.0	-28.0	-10.0	95.0	
1501195701399	527580787429483	191.0	-28.0	-10.0	95.0	
1501195701416	527580807571084	191.0	-28.0	-10.0	95.0	
1501195701434	527580827712686	191.0	-28.0	-10.0	95.0	
1501195701451	527580847854287	191.0	-28.0	-10.0	95.0	
1501195701469	527580867995889	191.0	-28.0	-10.0	95.0	
1501195701488	527580888137490	191.0	-28.0	-10.0	95.0	
1501195701522	527580908279092	191.0	-28.0	-10.0	95.0	
1501195701540	527580928420693	191.0	-28.0	-10.0	95.0	
1501195701557	527580948562295	191.0	-28.0	-10.0	95.0	
1501195701575	527580968703897	191.0	-28.0	-10.0	95.0	
1501195701593	527580988845498	191.0	-28.0	-10.0	95.0	
1501195701610	527581008987100	191.0	-28.0	-10.815505981445313	95.0	
1501195701628	527581029128701	191.0	-28.0	-11.0	95.0	
1501195701663	527581049270303	191.0	-28.0	-11.0	95.0	
1501195701681	527581069411904	191.0	-28.0	-10.768966674804688	95.0	
1501195701698	527581089553506	191.36895751953125	-27.63104248046875	-10.0	95.0	
1501195701716	527581109695108	192.0	-27.0	-10.0	95.0	
1501195701734	527581129836709	192.0	-26.35345458984375	-10.0	95.0	
1501195701752	527581149978311	192.0	-26.0	-10.0	95.0	
1501195701769	527581170119912	192.0	-26.0	-10.0	95.0	
1501195701805	527581190261514	192.0	-25.0	-9.937942504882813	95.0	
1501195701822	527581210403115	192.0	-25.0	-9.0	95.0	
1501195701839	527581230544717	192.0	-25.0	-9.0	95.0	
1501195701858	527581250686318	192.0	-25.0	-9.0	95.0	
1501195701875	527581270827920	192.0	-24.384490966796875	-9.0	95.0	
1501195701892	527581290969522	192.75343322753906	-24.0	-9.0	95.0	
1501195701911	527581311111123	193.0	-24.0	-9.0	95.0	
1501195701945	527581331252725	193.0	-23.0	-9.0	95.0	
1501195701963	527581351394326	193.0	-23.0	-8.831039428710938	95.0	
1501195701980	527581371535928	193.0	-22.692581176757813	-8.0	95.0	
1501195701998	527581391677529	193.0	-22.0	-8.0	95.0	
1501195702016	527581411819131	193.0	-22.0	-8.0	95.0	
1501195702033	527581431960733	193.0	-22.0	-8.0	95.0	
1501195702051	527581452102334	193.0	-22.0	-8.0	95.0	
1501195702069	527581472243936	193.0	-21.0	-8.0	95.0	
1501195702108	527581492385537	193.0	-21.0	-8.0	95.0	
1501195702122	527581512527139	193.0	-21.0	-8.0	95.0	
1501195702139	527581532668740	193.0	-21.0	-8.0	95.0	
1501195702157	527581552810342	193.0	-21.0	-8.0	95.0	
1501195702175	527581572951943	193.0	-21.0	-8.0	95.0	
1501195702192	527581593093545	193.0	-21.0	-8.0	95.0	
1501195702209	527581613235147	193.0	-21.0	-8.0	95.0	
1501195702245	527581633376748	193.0	-21.0	-8.0	95.0	
1501195702263	527581653518350	193.0	-21.0	-8.0	95.0	
1501195702282	527581673659951	193.0	-21.0	-8.0	95.0	
1501195702298	527581693801553	193.0	-21.0	-8.0	95.0	
1501195702315	527581713943154	193.0	-21.0	-8.0	95.0	
1501195702334	527581734084756	193.0	-21.0	-8.0	95.0	
1501195702354	527581754226358	193.0	-21.0	-8.0	95.0	
1501195702386	527581774367959	193.0	-21.0	-8.0	95.0	
1501195702403	527581794509561	193.0	-21.0	-8.0	95.0	
1501195702421	527581814651162	193.0	-21.0	-8.0	95.0	
1501195702441	527581834792764	193.0	-21.0	-8.0	95.0	
1501195702459	527581854934365	193.0	-21.0	-8.0	95.0	
1501195702474	527581875075967	193.0	-21.0	-8.0	95.0	
1501195702492	527581895217568	193.0	-21.0	-8.0	95.0	
1501195702527	527581915359170	193.0	-22.0	-8.0	95.0	
1501195702545	527581935500772	193.0	-22.0	-8.0	95.0	
1501195702562	527581955642373	193.0	-22.0	-8.0	95.0	
1501195702580	527581975783975	193.0	-22.0	-8.0	95.0	
1501195702598	527581995925576	193.0	-22.0	-8.599990844726563	95.0	
1501195702615	527582016067178	193.0	-22.0	-9.0	95.0	
1501195702633	527582036208779	193.0	-22.0	-9.0	95.0	
1501195702668	527582056350381	193.0	-22.0	-9.0	95.0	
1501195702685	527582076491983	193.0	-22.0	-9.0	95.0	
1501195702703	527582096633584	193.0	-22.0	-9.0	95.0	
1501195702721	527582116775186	193.0	-22.0	-9.0	95.0	
1501195702738	527582136916787	193.0	-22.0	-9.0	95.0	
1501195702762	527582157058389	193.0	-22.0	-9.0	95.0	
1501195702774	527582177199990	193.0	-22.0	-9.0	95.0	
1501195702792	527582197341592	193.0	-22.0	-9.0	95.0	
1501195702826	527582217483193	193.0	-22.0	-9.0	95.0	
1501195702844	527582237624795	193.0	-22.0	-9.0	95.0	
1501195702861	527582257766397	193.0	-22.0	-9.0	95.0	
1501195702879	527582277907998	193.0	-22.0	-9.0	95.0	
1501195702897	527582298049600	193.0	-22.0	-9.0	95.0	
1501195702915	527582318191201	193.0	-22.0	-9.0	95.0	
1501195702932	527582338332803	193.0	-22.0	-9.0	95.0	
1501195702967	527582358474404	193.0	-22.0	-9.0	95.0	
1501195702985	527582378616006	193.0	-22.0	-8.768966674804688	95.0	
1501195703003	527582398757608	193.0	-22.0	-8.0	95.0	
1501195703021	527582418899209	193.0	-22.0	-8.0	95.0	
1501195703038	527582439040811	193.0	-22.0	-8.0	95.0	
1501195703056	527582459182412	193.0	-22.0	-8.0	95.0	
1501195703073	527582479324014	193.0	-22.0	-8.0	95.0	
1501195703111	527582499465615	193.0	-22.0	-8.0	95.0	
1501195703127	527582519607217	193.0	-22.0	-8.0	95.0	
1501195703143	527582539748818	193.0	-22.0	-8.0	95.0	
1501195703161	527582559890420	193.0	-22.0	-8.0	95.0	
1501195703179	527582580032022	193.0	-22.0	-8.0	95.0	
1501195703196	527582600173623	193.0	-22.0	-8.0	95.0	
1501195703214	527582620315225	193.0	-22.0	-8.0	95.0	
1501195703249	527582640456826	193.0	-22.0	-8.0	95.0	
1501195703267	527582660598428	193.0	-22.0	-8.0	95.0	
1501195703285	527582680740029	193.0	-22.0	-8.0	95.0	
1501195703303	527582700881631	193.0	-22.0	-8.0	95.0	
1501195703320	527582721023233	193.0	-22.0	-8.0	95.0	
1501195703338	527582741164834	193.0	-22.0	-8.0	95.0	
1501195703355	527582761306436	193.0	-22.0	-8.0	95.0	
1501195703373	527582781448037	193.0	-22.0	-8.0	95.0	
1501195703409	527582801589639	193.0	-22.0	-8.0	95.0	
1501195703427	527582821731240	193.0	-22.0	-8.276336669921875	95.0	
1501195703444	527582841872842	193.0	-22.415512084960938	-9.0	95.0	
1501195703463	527582862014443	193.0	-23.0	-9.0	95.0	
1501195703479	527582882156045	193.0	-23.0	-9.0	95.0	
1501195703498	527582902297647	193.0	-22.169265747070313	-9.0	95.0	
1501195703514	527582922439248	193.0	-22.0	-9.0	95.0	
1501195703549	527582942580850	193.0	-22.0	-8.893112182617188	95.0	
1501195703567	527582962722451	193.0	-22.0	-8.2452392578125	95.0	
1501195703584	527582982864053	193.0	-22.0	-9.0	95.0	
1501195703602	527583003005654	193.0	-22.0	-9.0	5.0	
1501195703626	527583023147256	193.0	-22.0	-9.0	5.0	
1501195703638	527583043288858	193.0	-22.0	-9.0	5.0	
1501195703655	527583063430459	193.0	-22.0	-9.0	5.0	
1501195703690	527583083572061	193.0	-22.0	-9.0	5.0	
1501195703711	527583103713662	193.0	-22.0	-9.0	5.0	
1501195703743	527583123855264	193.0	-22.0	-9.0	5.0	
1501195703752	527583143996865	193.0	-22.0	-9.0	5.0	
1501195703763	527583164138467	193.0	-22.0	-9.0	5.0	
1501195703780	527583184280068	193.0	-22.0	-9.0	5.0	
1501195703797	527583204421670	193.0	-22.0	-9.0	5.0	
1501195703831	527583224563272	193.0	-22.0	-9.0	5.0	
1501195703857	527583244704873	193.0	-22.0	-9.0	5.0	
1501195703866	527583264846475	193.0	-22.0	-9.0	5.0	
1501195703884	527583284988076	193.0	-21.37567138671875	-9.0	5.0	
1501195703900	527583305129678	193.0	-21.0	-9.0	5.0	
1501195703918	527583325271279	193.0	-21.0	-9.0	5.0	
1501195703957	527583345412881	193.0	-21.0	-9.0	5.0	
1501195703971	527583365554483	193.0	-21.0	-9.0	5.0	
1501195703991	527583385696084	193.0	-21.0	-9.0	5.0	
1501195704006	527583405837686	193.0	-21.0	-9.0	5.0	
1501195704025	527583425979287	193.0	-21.885498046875	-9.0	5.0	
1501195704059	527583446120889	193.0	-22.0	-9.0	5.0	
1501195704076	527583466262490	193.2464141845703	-22.0	-9.0	5.0	
1501195704094	527583486404092	194.0	-22.0	-9.0	5.0	
1501195704112	527583506545693	194.0	-22.0	-9.0	5.0	
1501195704131	527583526687295	194.0	-22.0	-8.212890625	5.0	
1501195704149	527583546828897	194.0	-22.0	-8.0	5.0	
1501195704183	527583566970498	194.0	-22.0	-8.0	5.0	
1501195704200	527583587112100	194.0	-22.0	-8.0	5.0	
1501195704217	527583607253701	194.0	-22.0	-8.0	5.0	
1501195704235	527583627395303	194.0	-22.0	-8.0	5.0	
1501195704253	527583647536904	194.0	-22.0	-8.0	5.0	
1501195704270	527583667678506	194.0	-22.0	-8.0	5.0	
1501195704289	527583687820108	194.0	-22.0	-8.0	5.0	
1501195704323	527583707961709	194.0	-22.0	-8.0	5.0	
1501195704341	527583728103311	194.0	-22.0	-8.0	5.0	
1501195704359	527583748244912	194.0	-22.0	-8.0	5.0	
1501195704377	527583768386514	194.0	-22.0	-8.0	5.0	
1501195704395	527583788528115	194.0	-22.0	-8.0	5.0	
1501195704411	527583808669717	194.0	-22.0	-8.0	5.0	
1501195704429	527583828811318	194.0	-22.0	-8.0	5.0	
1501195704464	527583848952920	194.0	-22.0	-8.0	5.0	
1501195704482	527583869094522	194.0	-22.0	-8.0	5.0	
1501195704500	527583889236123	194.0	-22.0	-8.0	5.0	
1501195704517	527583909377725	194.0	-22.0	-8.0	5.0	
1501195704535	527583929519326	194.0	-22.0	-8.0	5.0	
1501195704553	527583949660928	194.0	-22.0	-8.0	5.0	
1501195704570	527583969802529	194.0	-22.0	-8.0	5.0	
1501195704606	527583989944131	194.0	-22.0	-8.0	5.0	
1501195704623	527584010085733	194.0	-22.0	-8.0	5.0	
1501195704641	527584030227334	194.0	-22.0	-8.0	5.0	
1501195704658	527584050368936	194.0	-22.0	-8.0	5.0	
1501195704676	527584070510537	194.0	-22.0	-8.0	5.0	
1501195704694	527584090652139	194.0	-22.0	-8.0	5.0	
1501195704712	527584110793740	194.0	-22.0	-8.0	5.0	
1501195704747	527584130935342	194.0	-22.0	-8.0	5.0	
1501195704766	527584151076943	194.0	-22.0	-8.0	5.0	
1501195704782	527584171218545	194.0	-22.0	-8.0	5.0	
1501195704799	527584191360147	194.0	-22.0	-8.0	5.0	
1501195704818	527584211501748	194.0	-22.0	-8.0	5.0	
1501195704834	527584231643350	194.0	-22.0	-8.0	5.0	
1501195704852	527584251784951	194.0	-22.0	-8.0	5.0	
1501195704888	527584271926553	194.0	-22.0	-8.0	5.0	
1501195704905	527584292068154	194.0	-22.0	-8.0	5.0	
1501195704923	527584312209756	194.0	-22.0	-8.0	5.0	
1501195704941	527584332351358	194.0	-22.0	-8.0	5.0	
1501195704958	527584352492959	194.0	-22.0	-8.0	5.0	
1501195704977	527584372634561	194.0	-22.0	-8.0	5.0	
1501195704993	527584392776162	194.0	-22.0	-8.0	5.0	
1501195705029	527584412917764	194.0	-22.0	-8.0	5.0	
1501195705046	527584433059365	194.0	-22.0	-8.0	5.0	
1501195705072	527584453200967	194.0	-22.0	-8.0	5.0	
1501195705081	527584473342568	194.0	-22.0	-8.0	5.0	
1501195705099	527584493484170	194.0	-22.0	-8.0	5.0	
1501195705117	527584513625772	194.0	-22.0	-8.0	5.0	
1501195705137	527584533767373	194.0	-22.0	-8.0	5.0	
1501195705172	527584553908975	194.0	-22.0	-8.0	5.0	
1501195705188	527584574050576	194.0	-22.0	-8.0	5.0	
1501195705205	527584594192178	193.6297607421875	-22.0	-8.0	5.0	
1501195705222	527584614333779	193.0	-22.0	-8.0	5.0	
1501195705240	527584634475381	193.0	-22.0	-8.0	5.0	
1501195705257	527584654616983	193.0	-22.0	-8.0	5.0	
1501195705275	527584674758584	193.0	-22.0	-8.0	5.0	
1501195705310	527584694900186	193.0	-22.0	-8.0	5.0	
1501195705328	527584715041787	193.0	-22.0	-8.0	5.0	
1501195705346	527584735183389	193.0	-22.0	-8.0	5.0	
1501195705364	527584755324990	193.0	-22.0	-8.0	5.0	
1501195705382	527584775466592	193.0	-21.3494873046875	-8.0	5.0	
1501195705402	527584795608193	193.0	-21.792373657226563	-8.0	5.0	
1501195705416	527584815749795	193.0	-22.0	-8.0	5.0	
1501195705453	527584835891397	193.0	-22.0	-8.0	5.0	
1501195705469	527584856032998	193.0	-22.0	-8.0	5.0	
1501195705487	527584876174600	193.0	-22.0	-8.0	5.0	
1501195705504	527584896316201	193.0	-22.0	-8.0	5.0	
1501195705522	527584916457803	193.0	-21.35467529296875	-8.0	5.0	
1501195705540	527584936599404	193.0	-21.0	-8.0	5.0	
1501195705558	527584956741006	193.0	-21.0	-8.0	5.0	
1501195705593	527584976882608	193.0	-21.0	-8.0	5.0	
1501195705611	527584997024209	193.0	-21.0	-8.0	5.0	
1501195705628	527585017165811	193.0	-21.0	-8.0	5.0	
1501195705645	527585037307412	193.0	-21.0	-8.0	5.0	
1501195705663	527585057449014	193.0	-21.0	-8.0	5.0	
1501195705681	527585077590615	193.0	-21.0	-7.2180023193359375	5.0	
1501195705698	527585097732217	193.0	-21.0	-7.0	5.0	
1501195705733	527585117873818	193.0	-21.0	-7.0	5.0	
1501195705751	527585138015420	193.0	-21.0	-7.0	5.0	
1501195705769	527585158157022	193.0	-21.350082397460938	-7.0	5.0	
1501195705786	527585178298623	193.0	-22.0	-7.0	5.0	
1501195705804	527585198440225	193.0	-22.0	-7.0	5.0	
1501195705822	527585218581826	193.0	-22.0	-7.0	5.0	
1501195705839	527585238723428	193.0	-22.0	-7.0	5.0	
1501195705875	527585258865029	193.0	-22.0	-7.0	5.0	
1501195705893	527585279006631	193.0	-22.0	-7.0	5.0	
1501195705910	527585299148233	193.0	-22.0	-7.0	5.0	
1501195705927	527585319289834	193.0	-22.0	-7.0	5.0	
1501195705945	527585339431436	193.0	-22.0	-7.0	5.0	
1501195705962	527585359573037	193.0	-22.0	-7.0	5.0	
1501195705981	527585379714639	193.0	-22.0	-7.0	5.0	
1501195706016	527585399856240	193.0	-21.94464111328125	-7.0	5.0	
1501195706035	527585419997842	193.0	-21.0	-7.0	5.0	
1501195706051	527585440139443	193.0	-21.3408203125	-7.0	5.0	
1501195706068	527585460281045	193.0	-22.0	-7.0	5.0	
1501195706086	527585480422647	193.0	-22.0	-7.0	5.0	
1501195706105	527585500564248	193.0	-22.0	-7.0	5.0	
1501195706121	527585520705850	192.09170532226563	-22.0	-7.908294677734375	5.0	
1501195706156	527585540847451	192.0	-23.0	-8.0	5.0	
1501195706174	527585560989053	192.0	-22.807632446289063	-8.0	5.0	
1501195706193	527585581130654	192.0	-22.0	-8.0	5.0	
1501195706209	527585601272256	192.0	-22.0	-7.522491455078125	5.0	
1501195706227	527585621413858	192.0	-22.0	-7.0	5.0	
1501195706245	527585641555459	192.0	-22.0	-7.0	5.0	
1501195706262	527585661697061	192.0	-22.0	-7.0	5.0	
1501195706298	527585681838662	192.0	-22.0	-7.0	5.0	
1501195706315	527585701980264	192.0	-22.0	-7.0	5.0	
1501195706333	527585722121865	192.0	-22.0	-7.0	5.0	
1501195706351	527585742263467	192.0	-22.0	-7.0	5.0	
1501195706368	527585762405068	192.6141815185547	-22.0	-7.0	5.0	
1501195706386	527585782546670	193.0	-22.0	-7.75604248046875	5.0	
1501195706404	527585802688272	193.0	-22.0	-8.0	5.0	
1501195706439	527585822829873	193.0	-22.0	-8.0	5.0	
1501195706457	527585842971475	193.0	-22.0	-8.0	5.0	
1501195706474	527585863113076	193.0	-22.0	-8.0	5.0	
1501195706492	527585883254678	193.0	-22.0	-8.0	5.0	
1501195706509	527585903396279	193.0	-22.0	-8.0	5.0	
1501195706527	527585923537881	193.0	-22.0	-8.0	5.0	
1501195706544	527585943679483	193.0	-22.0	-8.0	5.0	
1501195706580	527585963821084	193.0	-22.0	-8.0	5.0	
1501195706597	527585983962686	193.0	-22.0	-8.0	5.0	
1501195706616	527586004104287	193.0	-22.0	-8.0	5.0	
1501195706633	527586024245889	192.53807067871094	-22.0	-8.0	5.0	
1501195706651	527586044387490	192.0	-22.0	-8.0	5.0	
1501195706671	527586064529092	192.0	-22.0	-8.0	5.0	
1501195706686	527586084670693	192.88754272460938	-22.0	-8.0	5.0	
1501195706723	527586104812295	192.0	-22.0	-8.0	5.0	
1501195706738	527586124953897	192.0	-22.0	-8.0	5.0	
1501195706756	527586145095498	192.0	-22.0	-8.0	5.0	
1501195706774	527586165237100	192.0	-22.0	-8.0	5.0	
1501195706791	527586185378701	192.0	-22.0	-8.0	5.0	
1501195706809	527586205520303	192.0	-22.0	-8.0	5.0	
1501195706827	527586225661904	192.0	-22.0	-8.0	5.0	
1501195706862	527586245803506	192.0	-22.0	-8.0	5.0	
1501195706880	527586265945108	192.0	-22.0	-8.0	5.0	
1501195706897	527586286086709	192.0	-22.0	-8.0	5.0	
1501195706915	527586306228311	192.0	-22.0	-8.0	5.0	
1501195706932	527586326369912	192.0	-22.0	-8.0	5.0	
1501195706950	527586346511514	192.0	-22.0	-8.0	5.0	
1501195706967	527586366653115	192.0	-22.0	-8.0	5.0	
1501195707003	527586386794717	192.0	-22.0	-8.0	5.0	
1501195707020	527586406936318	192.0	-22.0	-8.0	5.0	
1501195707038	527586427077920	192.0	-22.0	-8.0	5.0	
1501195707056	527586447219522	192.0	-22.0	-8.0	5.0	
1501195707074	527586467361123	192.0	-22.0	-8.0	5.0	
1501195707092	527586487502725	192.0	-22.0	-8.0	5.0	
1501195707109	527586507644326	192.0	-22.0	-8.0	5.0	
1501195707144	527586527785928	192.0	-22.0	-8.0	5.0	
1501195707161	527586547927529	192.0	-22.0	-8.0	5.0	
1501195707181	527586568069131	192.0	-22.0	-8.0	5.0	
1501195707197	527586588210733	192.0	-22.0	-8.0	5.0	
1501195707214	527586608352334	192.0	-22.0	-8.0	5.0	
1501195707232	527586628493936	192.0	-22.0	-8.0	5.0	
1501195707250	527586648635537	192.0	-22.0	-8.0	5.0	
1501195707285	527586668777139	192.0	-22.0	-8.0	5.0	
1501195707303	527586688918740	192.0	-22.0	-8.0	5.0	
1501195707320	527586709060342	192.0	-22.0	-8.0	5.0	
1501195707340	527586729201943	192.0	-22.0	-8.0	5.0	
1501195707356	527586749343545	192.0	-22.0	-8.0	5.0	
1501195707373	527586769485147	192.0	-22.0	-8.0	5.0	
1501195707391	527586789626748	192.0	-22.0	-8.0	5.0	
1501195707426	527586809768350	192.0	-22.0	-8.0	5.0	
1501195707443	527586829909951	192.0	-22.0	-8.0	5.0	
1501195707461	527586850051553	192.0	-22.0	-8.0	5.0	
1501195707479	527586870193154	192.0	-22.0	-8.0	5.0	
1501195707503	527586890334756	192.0	-22.0	-8.0	5.0	
1501195707520	527586910476358	192.0	-22.0	-8.0	5.0	
1501195707534	527586930617959	191.14187622070313	-22.0	-8.0	5.0	
1501195707551	527586950759561	191.0	-22.0	-8.0	5.0	
1501195707585	527586970901162	191.0	-21.858139038085938	-8.0	5.0	
1501195707603	527586991042764	191.0	-21.0	-8.0	5.0	
1501195707621	527587011184365	191.0	-21.0	-8.0	5.0	
1501195707642	527587031325967	191.0	-21.0	-8.0	5.0	
1501195707656	527587051467568	191.7105712890625	-21.0	-8.0	5.0	
1501195707676	527587071609170	192.0	-21.0	-8.0	5.0	
1501195707694	527587091765369	192.0	-21.0	-8.0	5.0	
1501195707727	527587111906970	192.0	-21.136672973632813	-8.0	5.0	
1501195707744	527587132048572	192.0	-22.0	-8.0	5.0	
1501195707761	527587152190173	192.0	-22.0	-8.0	5.0	
1501195707779	527587172331775	192.0	-22.0	-8.0	5.0	
1501195707797	527587192473376	192.0	-22.0	-8.0	5.0	
1501195707815	527587212614978	192.0	-22.0	-8.0	5.0	
1501195707833	527587232756580	192.0	-22.0	-8.0	5.0	
1501195707867	527587252898181	192.0	-21.0	-8.0	5.0	
1501195707886	527587273039783	192.0	-21.0	-8.0	5.0	
1501195707903	527587293181384	192.0	-21.0	-8.0	5.0	
1501195707920	527587313322986	192.0	-21.0	-8.0	5.0	
1501195707938	527587333464587	192.0	-21.0	-8.0	5.0	
1501195707957	527587353606189	192.0	-21.0	-8.0	5.0	
1501195707972	527587373747790	192.0	-21.0	-8.0	5.0	
1501195708009	527587393889392	192.0	-21.126296997070313	-8.0	5.0	
1501195708027	527587414030994	192.0	-22.0	-8.0	5.0	
1501195708045	527587434172595	192.0	-22.0	-8.0	5.0	
1501195708061	527587454314197	192.0	-21.4471435546875	-8.0	5.0	
1501195708079	527587474455798	192.0	-21.0	-8.0	5.0	
1501195708098	527587494597400	192.0	-21.0	-8.0	5.0	
1501195708114	527587514739001	192.0	-21.0	-8.0	5.0	
1501195708150	527587534880603	192.0	-21.0	-8.0	5.0	
1501195708167	527587555022205	192.0	-21.0	-8.0	5.0	
1501195708184	527587575163806	192.0	-21.0	-8.0	5.0	
1501195708203	527587595305408	192.0	-21.0	-8.0	5.0	
1501195708223	527587615447009	192.0	-21.0	-8.0	5.0	
1501195708239	527587635588611	192.0	-21.0	-8.0	5.0	
1501195708259	527587655730212	192.0	-21.0	-8.0	5.0	
1501195708291	527587675871814	192.0	-21.0	-8.0	5.0	
1501195708308	527587696013415	192.0	-21.0	-8.0	5.0	
1501195708326	527587716155017	192.0	-21.0	-8.0	5.0	
1501195708343	527587736296619	192.0	-21.0	-8.0	5.0	
1501195708363	527587756438220	192.0	-21.0	-8.0	5.0	
1501195708379	527587776579822	192.0	-21.0	-8.0	5.0	
1501195708396	527587796721423	192.0	-21.0	-8.0	5.0	
1501195708432	527587816863025	192.0	-21.0	-8.0	5.0	
1501195708449	527587837004626	192.0	-21.0	-8.0	5.0	
1501195708467	527587857146228	192.0	-21.0	-8.0	5.0	
1501195708484	527587877287830	192.0	-21.0	-8.0	5.0	
1501195708502	527587897429431	192.0	-21.0	-8.0	5.0	
1501195708521	527587917571033	192.0	-21.0	-8.0	5.0	
1501195708537	527587937712634	192.0	-21.0	-8.0	5.0	
1501195708573	527587957854236	192.0	-21.0	-8.0	5.0	
1501195708590	527587977995837	192.0	-21.0	-8.0	5.0	
1501195708608	527587998137439	192.0	-21.0	-8.0	5.0	
1501195708627	527588018279040	192.0	-21.0	-8.0	5.0	
1501195708644	527588038420642	192.0	-21.0	-8.0	5.0	
1501195708661	527588058562244	192.0	-21.0	-8.0	5.0	
1501195708679	527588078703845	192.0	-21.0	-8.0	5.0	
1501195708713	527588098845447	192.0	-21.0	-8.0	5.0	
1501195708731	527588118987048	192.0	-21.0	-8.0	5.0	
1501195708750	527588139128650	192.0	-21.38580322265625	-8.0	5.0	
1501195708766	527588159270251	192.0	-22.0	-8.0	5.0	
1501195708785	527588179411853	192.0	-22.0	-8.0	5.0	
1501195708802	527588199553455	192.0	-22.0	-8.0	5.0	
1501195708820	527588219695056	192.0	-22.0	-8.0	5.0	
1501195708854	527588239836658	192.0	-22.0	-8.0	5.0	
1501195708872	527588259978259	192.0	-22.0	-8.0	5.0	
1501195708889	527588280119861	192.0	-21.619384765625	-8.0	5.0	
1501195708907	527588300261462	192.0	-21.0	-8.0	5.0	
1501195708925	527588320403064	192.0	-21.0	-8.0	5.0	
1501195708944	527588340544665	192.0	-21.0	-8.0	5.0	
1501195708960	527588360686267	192.0	-21.948089599609375	-8.0	5.0	
1501195708996	527588380827869	192.0	-22.0	-8.0	5.0	
1501195709014	527588400969470	192.0	-22.0	-8.0	5.0	
1501195709036	527588421111072	192.0	-22.0	-8.0	5.0	
1501195709054	527588441252673	192.0	-22.0	-8.0	5.0	
1501195709066	527588461394275	192.0	-22.0	-8.0	5.0	
1501195709084	527588481535876	192.0	-22.0	-8.0	5.0	
1501195709102	527588501677478	192.0	-22.0	-8.0	5.0	
1501195709136	527588521819080	192.0	-22.0	-8.0	5.0	
1501195709154	527588541960681	192.0	-22.228363037109375	-8.0	5.0	
1501195709172	527588562102283	192.0	-23.0	-8.0	5.0	
1501195709189	527588582243884	192.0	-23.0	-8.0	5.0	
1501195709208	527588602385486	191.3460235595703	-23.0	-8.0	5.0	
1501195709225	527588622527087	191.0	-23.79583740234375	-8.79583740234375	5.0	
1501195709242	527588642668689	191.0	-24.0	-9.0	5.0	
1501195709277	527588662810290	191.0	-24.0797119140625	-9.0	5.0	
1501195709295	527588682951892	191.0	-25.0	-9.0	5.0	
1501195709313	527588703093494	190.63494873046875	-25.36505126953125	-9.0	5.0	
1501195709330	527588723235095	190.0	-26.0	-9.0	5.0	
1501195709348	527588743376697	190.0	-26.0	-9.0	5.0	
1501195709367	527588763518298	190.0	-26.0	-9.0	5.0	
1501195709383	527588783659900	190.0	-26.0	-9.0	5.0	
1501195709420	527588803801501	190.0	-26.0	-9.0	5.0	
1501195709437	527588823943103	190.0	-26.217987060546875	-9.0	5.0	
1501195709454	527588844084705	190.0	-27.0	-9.0	5.0	
1501195709472	527588864226306	190.0	-27.0	-9.0	5.0	
1501195709489	527588884367908	190.0	-27.0	-9.0	5.0	
1501195709507	527588904509509	190.0	-27.0	-9.0	5.0	
1501195709525	527588924651111	190.0	-27.0	-9.0	5.0	
1501195709560	527588944792712	190.0	-27.0	-9.0	5.0	
1501195709578	527588964934314	190.0	-27.0	-9.0	5.0	
1501195709595	527588985075915	190.3546600341797	-27.0	-9.0	5.0	
1501195709612	527589005217517	191.0	-27.0	-9.0	5.0	
1501195709631	527589025359119	191.0	-27.0	-9.0	5.0	
1501195709648	527589045500720	191.0	-27.0	-9.0	5.0	
1501195709665	527589065642322	191.0	-27.0	-9.0	5.0	
1501195709701	527589085783923	191.0	-27.0	-9.0	5.0	
1501195709719	527589105925525	191.0	-27.0	-9.0	5.0	
1501195709736	527589126067126	191.0	-27.0	-9.0	5.0	
1501195709754	527589146208728	191.0	-27.0	-9.0	5.0	
1501195709771	527589166350330	191.0	-27.0	-9.0	5.0	
1501195709791	527589186491931	191.0	-27.0	-9.0	5.0	
1501195709807	527589206633533	191.0	-27.0	-9.0	5.0	
1501195709843	527589226775134	190.0	-27.0	-9.0	5.0	
1501195709860	527589246916736	190.0	-27.0	-9.0	5.0	
1501195709878	527589267058337	190.0	-26.655715942382813	-9.0	5.0	
1501195709896	527589287199939	190.48614501953125	-26.0	-9.0	5.0	
1501195709912	527589307341540	191.0	-26.0	-9.0	5.0	
1501195709930	527589327483142	191.0	-26.0	-9.0	5.0	
1501195709950	527589347624744	191.0	-26.0	-9.0	5.0	
1501195709982	527589367766345	191.0	-26.0	-9.0	5.0	
1501195710001	527589387907947	191.0	-26.0	-9.0	5.0	
1501195710019	527589408049548	191.0	-26.0	-9.0	5.0	
1501195710037	527589428191150	191.0	-26.0	-9.0	5.0	
1501195710055	527589448332751	191.0	-26.0	-9.0	5.0	
1501195710074	527589468474353	191.0	-26.0	-9.0	5.0	
1501195710088	527589488615955	191.0	-26.0	-9.0	5.0	
1501195710126	527589508757556	191.0	-26.0	-9.0	5.0	
1501195710141	527589528899158	191.0	-26.0	-9.0	5.0	
1501195710159	527589549040759	191.0	-26.0	-9.0	5.0	
1501195710176	527589569182361	191.0	-26.0	-9.0	5.0	
1501195710197	527589589323962	191.0	-26.0	-9.0	5.0	
1501195710214	527589609465564	191.0	-26.0	-9.0	5.0	
1501195710230	527589629607165	191.0	-26.0	-9.0	5.0	
1501195710266	527589649748767	191.0	-25.0	-9.0	5.0	
1501195710283	527589669890369	191.0	-25.0	-9.0	5.0	
1501195710301	527589690031970	191.0	-25.0	-9.0	5.0	
1501195710319	527589710173572	191.0	-25.0	-9.0	5.0	
1501195710336	527589730315173	191.0	-25.0	-9.0	5.0	
1501195710353	527589750456775	191.0	-25.0	-9.0	5.0	
1501195710372	527589770598376	191.0	-25.0	-9.0	5.0	
1501195710406	527589790739978	191.0	-25.0	-9.0	5.0	
1501195710423	527589810881580	191.0	-25.0	-9.0	5.0	
1501195710442	527589831023181	191.0	-25.0	-9.0	5.0	
1501195710460	527589851164783	191.0	-25.0	-9.0	5.0	
1501195710477	527589871306384	191.0	-25.0	-9.0	5.0	
1501195710494	527589891447986	191.75042724609375	-25.0	-9.0	5.0	
1501195710513	527589911589587	192.0	-25.0	-9.0	5.0	
1501195710548	527589931731189	192.0	-25.0	-9.0	5.0	
1501195710565	527589951872790	192.0	-25.0	-9.0	5.0	
1501195710582	527589972014392	192.0	-25.0	-9.0	5.0	
1501195710600	527589992155994	192.0	-25.0	-9.0	5.0	
1501195710617	527590012297595	192.0	-25.0	-9.0	5.0	
1501195710636	527590032439197	192.0	-25.0	-9.0	5.0	
1501195710653	527590052580798	192.0	-25.0	-9.0	5.0	
1501195710689	527590072722400	192.0	-25.0	-9.0	5.0	
1501195710705	527590092864001	192.0	-25.0	-9.0	5.0	
1501195710723	527590113005603	192.0	-25.0	-9.0	5.0	
1501195710741	527590133147205	192.0	-25.0	-9.0	5.0	
1501195710759	527590153288806	192.0	-25.0	-9.0	5.0	
1501195710777	527590173430408	191.259521484375	-25.0	-9.0	5.0	
1501195710796	527590193572009	191.0	-25.0	-9.0	5.0	
1501195710829	527590213713611	191.0	-25.0	-9.0	5.0	
1501195710847	527590233855212	191.0	-25.0	-9.0	5.0	
1501195710865	527590253996814	191.0	-25.0	-9.0	5.0	
1501195710882	527590274138415	191.0	-25.0	-9.0	5.0	
1501195710902	527590294280017	191.0	-25.0	-9.0	5.0	
1501195710917	527590314421619	191.0	-24.26470947265625	-9.0	5.0	
1501195710934	527590334563220	191.0	-24.0	-9.0	5.0	
1501195710969	527590354704822	191.01902770996094	-23.980972290039063	-9.0	5.0	
1501195710987	527590374846423	192.0	-23.0	-9.0	5.0	
1501195711005	527590394988025	192.0	-23.0	-9.0	5.0	
1501195711022	527590415129626	192.0	-23.0	-9.0	5.0	
1501195711040	527590435271228	192.0	-23.0	-9.0	5.0	
1501195711059	527590455412830	192.0	-23.0	-9.0	5.0	
1501195711076	527590475554431	192.0	-23.0	-9.0	5.0	
1501195711113	527590495696033	192.0	-23.0	-9.0	5.0	
1501195711129	527590515837634	192.0	-23.0	-9.0	5.0	
1501195711146	527590535979236	192.0	-23.0	-9.0	5.0	
1501195711164	527590556120837	192.0	-23.0	-9.0	5.0	
1501195711181	527590576262439	192.0	-23.0	-9.0	5.0	
1501195711200	527590596404040	192.0	-23.0	-9.0	5.0	
1501195711218	527590616545642	192.0	-23.0	-9.0	5.0	
1501195711252	527590636687244	192.0	-23.0	-9.0	5.0	
1501195711271	527590656828845	192.0	-23.0	-9.0	5.0	
1501195711287	527590676970447	191.70762634277344	-23.292373657226563	-9.0	5.0	
1501195711305	527590697112048	191.0	-24.0	-9.0	5.0	
1501195711323	527590717253650	191.0	-23.422149658203125	-9.0	5.0	
1501195711340	527590737395251	191.0	-23.0	-9.0	5.0	
1501195711358	527590757536853	191.86158752441406	-23.0	-9.0	5.0	
1501195711394	527590777678455	192.0	-23.0	-9.0	5.0	
1501195711411	527590797820056	191.85467529296875	-23.0	-9.0	5.0	
1501195711429	527590817961658	191.28768920898438	-23.0	-9.0	5.0	
1501195711448	527590838103259	192.0	-23.0	-9.0	2.0	
1501195711463	527590858244861	192.0	-23.0	-9.0	2.0	
1501195711486	527590878386462	192.0	-23.0	-9.0	2.0	
1501195711498	527590898528064	192.0	-23.0	-9.0	2.0	
1501195711517	527590918669665	192.0	-23.0	-9.0	2.0	
1501195711553	527590938811267	192.0	-23.0	-9.0	2.0	
1501195711570	527590958952869	192.0	-23.0	-9.0	2.0	
1501195711587	527590979094470	192.0	-23.0	-9.0	2.0	
1501195711604	527590999236072	192.0	-23.0	-9.0	2.0	
1501195711622	527591019377673	192.0	-23.0	-9.0	2.0	
1501195711641	527591039519275	191.1488037109375	-23.0	-9.0	2.0	
1501195711658	527591059660876	191.0	-23.0	-9.0	2.0	
1501195711693	527591079802478	191.0	-24.0	-9.0	2.0	
1501195711710	527591099944080	191.0	-24.0	-9.0	2.0	
1501195711730	527591120085681	191.0	-24.0	-9.0	2.0	
1501195711745	527591140227283	191.0	-24.0	-9.0	2.0	
1501195711763	527591160368884	191.0	-24.0	-9.0	2.0	
1501195711784	527591180510486	191.0	-24.0	-9.0	2.0	
1501195711799	527591200652087	191.0	-24.987884521484375	-9.0	2.0	
1501195711834	527591220793689	191.0	-25.0	-9.0	2.0	
1501195711852	527591240935290	191.0	-25.273345947265625	-9.0	2.0	
1501195711871	527591261076892	191.0	-26.0	-9.0	2.0	
1501195711888	527591281218494	190.4429168701172	-26.0	-9.0	2.0	
1501195711904	527591301360095	190.0	-26.0	-9.0	2.0	
1501195711924	527591321501697	190.0	-26.0	-9.0	2.0	
1501195711940	527591341643298	190.0	-26.0	-9.0	2.0	
1501195711974	527591361784900	190.0	-26.0	-9.0	2.0	
1501195711991	527591381926501	190.0	-26.0	-9.0	2.0	
1501195712009	527591402068103	190.0	-26.0	-9.0	2.0	
1501195712027	527591422209705	190.0	-26.0	-9.0	2.0	
1501195712044	527591442351306	190.0	-26.0	-9.0	2.0	
1501195712063	527591462492908	190.0	-26.83563232421875	-9.0	2.0	
1501195712080	527591482634509	190.0	-27.0	-9.0	2.0	
1501195712115	527591502776111	190.0	-27.0	-9.0	2.0	
1501195712132	527591522917712	190.0	-27.0	-9.0	2.0	
1501195712151	527591543059314	190.0	-27.0	-9.0	2.0	
1501195712170	527591563200915	190.0	-27.0	-9.0	2.0	
1501195712185	527591583342517	190.0	-27.0	-9.0	2.0	
1501195712203	527591603484119	190.0	-27.0	-9.0	2.0	
1501195712222	527591623625720	190.97230529785156	-27.0	-9.0	2.0	
1501195712256	527591643767322	191.0	-27.0	-9.0	2.0	
1501195712273	527591663908923	191.0	-27.0	-9.0	2.0	
1501195712291	527591684050525	191.0	-27.0	-9.0	2.0	
1501195712309	527591704192126	191.0	-27.0	-9.0	2.0	
1501195712328	527591724333728	191.0	-27.0	-9.0	2.0	
1501195712345	527591744475330	191.0	-27.0	-9.0	2.0	
1501195712361	527591764616931	191.0	-27.0	-9.0	2.0	
1501195712397	527591784758533	191.0	-27.0	-10.0	2.0	
1501195712415	527591804900134	191.0	-27.0	-10.0	2.0	
1501195712432	527591825041736	191.0	-27.0	-10.0	2.0	
1501195712450	527591845183337	191.0	-27.0	-10.0	2.0	
1501195712467	527591865324939	191.0	-27.0	-10.0	2.0	
1501195712486	527591885466540	191.0	-27.0	-10.0	2.0	
1501195712504	527591905608142	191.0	-27.0	-10.0	2.0	
1501195712539	527591925749744	191.0	-27.0	-10.0	2.0	
1501195712556	527591945891345	191.0	-27.0	-10.0	2.0	
1501195712573	527591966032947	191.0	-27.0	-10.0	2.0	
1501195712592	527591986174548	191.0	-27.0	-10.0	2.0	
1501195712608	527592006316150	191.0	-27.0	-10.0	2.0	
1501195712626	527592026457751	191.0	-27.0	-10.0	2.0	
1501195712645	527592046599353	191.0	-27.0	-10.0	2.0	
1501195712680	527592066740955	191.0	-27.0	-10.0	2.0	
1501195712697	527592086882556	191.0	-27.0	-10.0	2.0	
1501195712714	527592107024158	191.0	-27.0	-10.0	2.0	
1501195712740	527592127165759	191.0	-27.0	-10.0	2.0	
1501195712750	527592147307361	191.0	-27.0	-10.0	2.0	
1501195712770	527592167448962	191.0	-27.0	-10.0	2.0	
1501195712786	527592187590564	191.0	-27.0	-10.0	2.0	
1501195712820	527592207732165	191.0	-27.0	-10.0	2.0	
1501195712838	527592227873767	191.0	-27.0	-10.0	2.0	
1501195712857	527592248015369	191.0	-27.0	-10.0	2.0	
1501195712873	527592268156970	191.0	-27.0	-10.0	2.0	
1501195712891	527592288298572	191.0	-27.0	-10.0	2.0	
1501195712910	527592308440173	191.0	-27.0	-10.0	2.0	
1501195712926	527592328581775	191.0	-27.0	-10.0	2.0	
1501195712961	527592348723376	191.0	-27.0	-10.0	2.0	
1501195712978	527592368864978	191.0	-27.0	-10.0	2.0	
1501195712995	527592389006580	191.0	-27.0	-10.0	2.0	
1501195713015	527592409148181	191.0	-27.0	-10.0	2.0	
1501195713031	527592429289783	191.0	-27.0	-10.0	2.0	
1501195713049	527592449431384	191.0	-27.0	-10.0	2.0	
1501195713068	527592469572986	191.0	-27.0	-10.0	2.0	
1501195713104	527592489714587	191.0	-27.0	-10.0	2.0	
1501195713120	527592509856189	191.0	-27.0	-10.0	2.0	
1501195713141	527592529997790	191.0	-27.0	-10.0	2.0	
1501195713156	527592550139392	191.0	-27.0	-10.0	2.0	
1501195713173	527592570280994	191.0	-27.0	-10.0	2.0	
1501195713190	527592590422595	191.0	-27.0	-10.0	2.0	
1501195713207	527592610564197	191.0	-27.0	-10.0	2.0	
1501195713243	527592630705798	191.0	-27.0	-10.0	2.0	
1501195713260	527592650847400	191.0	-26.778549194335938	-10.0	2.0	
1501195713278	527592670989001	191.0	-26.0	-10.0	2.0	
1501195713296	527592691130603	191.0	-26.0	-10.0	2.0	
1501195713315	527592711272205	191.0	-26.0	-10.0	2.0	
1501195713333	527592731413806	191.0	-26.0	-10.0	2.0	
1501195713349	527592751555408	191.0	-26.0	-10.0	2.0	
1501195713385	527592771697009	191.0	-26.0	-10.0	2.0	
1501195713401	527592791838611	191.0	-26.0	-10.0	2.0	
1501195713420	527592811980212	191.0	-26.358123779296875	-10.0	2.0	
1501195713438	527592832121814	191.0	-27.0	-10.0	2.0	
1501195713455	527592852263415	191.0	-27.0	-10.0	2.0	
1501195713473	527592872405017	191.0	-27.0	-10.0	2.0	
1501195713491	527592892546619	191.0	-27.0	-10.0	2.0	
1501195713526	527592912688220	190.0	-27.0	-10.0	2.0	
1501195713544	527592932829822	190.0	-27.0	-10.0	2.0	
1501195713562	527592952971423	190.0	-27.0	-10.0	2.0	
1501195713579	527592973113025	190.0	-27.0	-10.0	2.0	
1501195713598	527592993254626	190.0	-27.0	-10.0	2.0	
1501195713614	527593013396228	190.0	-27.0	-10.0	2.0	
1501195713632	527593033537830	190.0	-27.0	-10.0	2.0	
1501195713667	527593053679431	190.0	-27.0	-10.0	2.0	
1501195713684	527593073821033	190.0	-27.0	-10.0	2.0	
1501195713704	527593093962634	190.0	-27.0	-10.0	2.0	
1501195713720	527593114104236	190.0	-27.0	-10.0	2.0	
1501195713738	527593134245837	190.0	-27.0	-10.0	2.0	
1501195713761	527593154387439	190.0	-27.0	-10.0	2.0	
1501195713772	527593174529040	190.0	-27.0	-10.0	2.0	
1501195713807	527593194670642	190.05882263183594	-27.0	-10.0	2.0	
1501195713825	527593214812244	190.79931640625	-26.79931640625	-10.0	2.0	
1501195713842	527593234953845	190.0	-26.0	-10.0	2.0	
1501195713861	527593255095447	190.0	-26.0	-10.0	2.0	
1501195713878	527593275237048	190.0	-26.0	-10.0	2.0	
1501195713896	527593295378650	190.0	-26.0	-10.0	2.0	
1501195713915	527593315520251	190.0	-26.0	-10.0	2.0	
1501195713948	527593335661853	191.0	-26.0	-10.0	2.0	
1501195713966	527593355803455	191.0	-26.0	-10.0	2.0	
1501195713984	527593375945056	191.0	-26.0	-10.0	2.0	
1501195714002	527593396086658	191.0	-26.0	-10.0	2.0	
1501195714020	527593416228259	191.0	-26.0	-10.0	2.0	
1501195714037	527593436369861	191.0	-26.0	-10.0	2.0	
1501195714055	527593456511462	191.0	-26.0	-10.0	2.0	
1501195714091	527593476653064	191.0	-26.048431396484375	-10.0	2.0	
1501195714107	527593496794665	191.0	-27.0	-10.0	2.0	
1501195714126	527593516936267	191.0	-27.0	-10.0	2.0	
1501195714142	527593537077869	191.0	-27.0	-10.0	2.0	
1501195714160	527593557219470	191.0	-27.0	-10.0	2.0	
1501195714178	527593577361072	191.0	-27.0	-10.0	2.0	
1501195714195	527593597502673	191.0	-27.0	-10.0	2.0	
1501195714232	527593617644275	191.0	-27.0	-10.0	2.0	
1501195714248	527593637785876	191.0	-27.0	-10.0	2.0	
1501195714266	527593657927478	191.0	-27.0	-10.0	2.0	
1501195714284	527593678069080	191.0	-27.0	-10.0	2.0	
1501195714302	527593698210681	191.0	-27.0	-10.0	2.0	
1501195714319	527593718352283	191.0	-27.0	-10.0	2.0	
1501195714338	527593738493884	191.0	-27.0	-10.0	2.0	
1501195714372	527593758635486	191.0	-27.0	-10.0	2.0	
1501195714390	527593778777087	191.0	-27.0	-10.0	2.0	
1501195714407	527593798918689	191.0	-27.0	-10.0	2.0	
1501195714425	527593819060290	191.0	-27.0	-10.0	2.0	
1501195714448	527593839201892	191.0	-27.0	-10.0	2.0	
1501195714462	527593859343494	191.0	-27.0	-10.0	2.0	
1501195714478	527593879485095	191.0	-27.0	-10.0	2.0	
1501195714513	527593899626697	191.0	-27.0	-10.0	2.0	
1501195714535	527593919768298	191.0	-27.0	-10.0	2.0	
1501195714563	527593939909900	191.0	-27.0	-10.0	2.0	
1501195714585	527593960051501	191.0	-27.0	-10.0	2.0	
1501195714610	527593980193103	191.0	-27.0	-10.0	2.0	
1501195714620	527594000334705	191.0	-27.0	-10.0	2.0	
1501195714626	527594020476306	191.0	-27.0	-10.0	2.0	
1501195714653	527594040617908	191.0	-27.0	-10.0	2.0	
1501195714672	527594060759509	191.0	-27.0	-10.0	2.0	
1501195714692	527594080901111	191.0	-27.0	-10.0	2.0	
1501195714708	527594101042712	191.0	-27.45501708984375	-10.0	2.0	
1501195714741	527594121184314	191.0	-28.0	-10.0	2.0	
1501195714757	527594141325915	191.0	-28.0	-10.0	2.0	
1501195714767	527594161467517	191.0	-28.0	-10.0	2.0	
1501195714796	527594181609119	191.0	-28.022476196289063	-10.0	2.0	
1501195714818	527594201750720	191.0	-29.0	-10.164642333984375	2.0	
1501195714840	527594221892322	190.69204711914063	-29.307952880859375	-11.0	2.0	
1501195714856	527594242033923	190.0	-30.0	-11.0	2.0	
1501195714866	527594262175525	190.0	-30.0	-11.0	2.0	
1501195714883	527594282317126	190.0	-30.733551025390625	-11.0	2.0	
1501195714901	527594302458728	190.0	-31.0	-11.0	2.0	
1501195714936	527594322600330	190.0	-31.0	-11.0	2.0	
1501195714954	527594342741931	190.0	-31.0	-11.0	2.0	
1501195714972	527594362883533	190.0	-31.0	-11.0	2.0	
1501195714988	527594383025134	190.0	-31.0	-11.0	2.0	
1501195715006	527594403166736	190.5865020751953	-31.0	-11.0	2.0	
1501195715025	527594423308337	191.0	-31.0	-11.0	2.0	
1501195715041	527594443449939	191.0	-31.0	-11.0	2.0	
1501195715078	527594463591540	191.0	-31.0	-11.0	2.0	
1501195715095	527594483733142	191.0	-31.0	-11.0	2.0	
1501195715117	527594503874744	191.0	-31.0	-11.0	2.0	
1501195715137	527594524016345	191.0	-31.0	-11.0	2.0	
1501195715151	527594544157947	191.0	-31.0	-11.0	2.0	
1501195715173	527594564299548	191.0	-31.0	-11.0	2.0	
1501195715194	527594584441150	191.0	-31.0	-11.0	2.0	
1501195715218	527594604582751	191.0	-31.0	-11.0	2.0	
1501195715236	527594624724353	191.0	-31.0	-11.0	2.0	
1501195715253	527594644865955	191.0	-31.0	-11.0	2.0	
1501195715271	527594665007556	191.0	-31.0	-11.0	2.0	
1501195715300	527594685149158	191.0	-31.0	-11.0	2.0	
1501195715309	527594705290759	191.0	-31.0	-11.0	2.0	
1501195715326	527594725432361	191.0	-31.0	-11.0	2.0	
1501195715359	527594745573962	191.0	-31.0	-11.0	2.0	
1501195715377	527594765715564	191.0	-31.0	-11.0	2.0	
1501195715396	527594785857165	191.0	-31.0	-11.0	2.0	
1501195715423	527594805998767	191.0	-31.0	-11.0	2.0	
1501195715434	527594826140369	191.0	-31.0	-11.0	2.0	
1501195715453	527594846281970	191.0	-31.0	-11.0	2.0	
1501195715470	527594866423572	191.0	-31.0	-11.0	2.0	
1501195715482	527594886565173	191.0	-31.0	-11.0	2.0	
1501195715518	527594906706775	191.0	-31.0	-11.0	2.0	
1501195715534	527594926848376	191.0	-31.0	-11.0	2.0	
1501195715555	527594946989978	191.0	-30.576126098632813	-11.0	2.0	
1501195715570	527594967131580	191.0	-30.0	-11.0	2.0	
1501195715591	527594987273181	191.0	-30.0	-11.0	2.0	
1501195715620	527595007414783	191.0	-30.0	-11.0	2.0	
1501195715629	527595027556384	191.0	-30.0	-11.0	2.0	
1501195715673	527595047697986	191.0	-30.0	-11.0	2.0	
1501195715687	527595067839587	191.0	-29.723190307617188	-11.0	2.0	
1501195715695	527595087981189	191.0	-29.0	-11.0	2.0	
1501195715713	527595108122790	191.0	-29.0	-11.0	2.0	
1501195715731	527595128264392	191.0	-29.0	-11.0	2.0	
1501195715748	527595148405994	191.0	-29.0	-11.0	2.0	
1501195715774	527595168547595	191.0	-29.0	-11.0	2.0	
1501195715813	527595188689197	191.0	-29.0	-11.0	2.0	
1501195715835	527595208830798	191.0	-29.271621704101563	-11.0	2.0	
1501195715858	527595228972400	191.0	-30.0	-11.0	2.0	
1501195715871	527595249114001	191.0	-30.0	-11.0	2.0	
1501195715889	527595269255603	191.0	-30.0	-11.0	2.0	
1501195715912	527595289397205	191.0	-30.0	-11.0	2.0	
1501195715931	527595309538806	191.0	-29.017303466796875	-11.0	2.0	
1501195715952	527595329680408	191.0	-29.124557495117188	-11.0	2.0	
1501195715962	527595349822009	191.0	-30.0	-11.0	2.0	
1501195715978	527595369963611	191.0	-30.0	-11.0	2.0	
1501195715997	527595390105212	191.0	-30.0	-11.0	2.0	
1501195716010	527595410246814	191.0	-30.0	-11.0	2.0	
1501195716030	527595430388415	191.0	-30.0	-11.0	2.0	
1501195716046	527595450530017	191.0	-29.022491455078125	-11.0	2.0	
1501195716083	527595470671619	191.0	-29.0	-11.0	2.0	
1501195716100	527595490813220	191.0	-29.0	-11.0	2.0	
1501195716131	527595510954822	191.0	-29.0	-11.0	2.0	
1501195716138	527595531096423	191.0	-29.0	-11.0	2.0	
1501195716162	527595551238025	191.0	-29.686843872070313	-11.0	2.0	
1501195716182	527595571379626	191.8301544189453	-30.0	-11.0	2.0	
1501195716192	527595591521228	192.0	-30.0	-11.0	2.0	
1501195716223	527595611662830	192.0	-30.0	-11.0	2.0	
1501195716241	527595631804431	192.0	-30.0	-11.0	2.0	
1501195716257	527595651946033	192.0	-30.0	-11.0	2.0	
1501195716277	527595672087634	192.0	-30.0	-11.0	2.0	
1501195716295	527595692229236	192.0	-30.0	-11.0	2.0	
1501195716313	527595712370837	192.0	-30.0	-11.0	2.0	
1501195716344	527595732512439	192.0	-30.0	-11.0	2.0	
1501195716385	527595752654040	192.0	-30.0	-11.0	2.0	
1501195716402	527595772795642	192.0	-30.0	-11.0	2.0	
1501195716417	527595792937244	192.0	-30.0	-11.0	2.0	
1501195716428	527595813078845	192.0	-30.0	-11.0	2.0	
1501195716443	527595833220447	192.0	-30.0	-11.0	2.0	
1501195716461	527595853362048	192.0	-30.0	-11.0	2.0	
1501195716469	527595873503650	192.0	-30.0	-11.0	2.0	
1501195716504	527595893645251	192.0	-30.0	-11.0	2.0	
1501195716522	527595913786853	192.0	-30.0	-11.0	2.0	
1501195716539	527595933928455	192.0	-30.0	-11.0	2.0	
1501195716559	527595954070056	192.0	-30.0	-11.0	2.0	
1501195716580	527595974211658	192.0	-30.0	-11.0	2.0	
1501195716592	527595994353259	192.0	-30.0	-11.0	2.0	
1501195716611	527596014494861	192.0	-30.0	-11.0	2.0	
1501195716645	527596034636462	192.0	-30.0	-11.0	2.0	
1501195716663	527596054778064	192.0	-30.0	-11.0	2.0	
1501195716680	527596074919665	192.0	-30.0	-11.0	2.0	
1501195716697	527596095061267	192.0	-30.0	-11.0	2.0	
1501195716718	527596115202869	192.0	-30.0	-11.0	2.0	
1501195716733	527596135344470	192.0	-30.0	-11.0	2.0	
1501195716751	527596155486072	192.0	-30.0	-11.0	2.0	
1501195716786	527596175627673	191.90658569335938	-30.0	-11.0	2.0	
1501195716804	527596195769275	191.0	-29.76470947265625	-11.0	2.0	
1501195716822	527596215910876	191.0	-29.0	-11.0	2.0	
1501195716839	527596236052478	191.0	-29.0	-11.0	2.0	
1501195716856	527596256194080	191.0	-29.0	-11.0	2.0	
1501195716877	527596276335681	191.0	-29.0	-11.0	2.0	
1501195716898	527596296477283	191.0	-29.946365356445313	-11.0	2.0	
1501195716926	527596316618884	191.0	-30.0	-11.0	2.0	
1501195716947	527596336760486	191.0	-29.7698974609375	-11.0	2.0	
1501195716962	527596356902087	191.0	-29.0	-11.0	2.0	
1501195716980	527596377043689	191.0	-29.0	-11.0	2.0	
1501195716997	527596397185290	191.0	-29.0	-11.0	2.0	
1501195717014	527596417326892	191.0	-29.799301147460938	-11.0	2.0	
1501195717033	527596437468494	191.0	-30.0	-11.0	2.0	
1501195717068	527596457610095	191.0	-30.0	-11.0	2.0	
1501195717086	527596477751697	191.0	-30.0	-11.0	2.0	
1501195717103	527596497893298	191.0	-30.0	-11.0	2.0	
1501195717122	527596518034900	191.0	-30.0	-11.0	2.0	
1501195717140	527596538176501	191.0	-30.0	-11.0	2.0	
1501195717157	527596558318103	191.0	-30.0	-11.794113159179688	2.0	
1501195717174	527596578459705	191.0	-30.0	-12.0	2.0	
1501195717209	527596598601306	191.0	-30.077850341796875	-12.0	2.0	
1501195717227	527596618742908	191.0	-31.0	-12.0	2.0	
1501195717244	527596638884509	191.0	-31.0	-12.0	2.0	
1501195717262	527596659026111	191.0	-31.0	-12.0	2.0	
1501195717279	527596679167712	191.0	-31.0	-12.0	2.0	
1501195717298	527596699309314	191.0	-31.0	-12.0	2.0	
1501195717314	527596719450915	191.0	-31.9307861328125	-12.0	2.0	
1501195717350	527596739592517	191.0	-32.0	-12.0	2.0	
1501195717368	527596759734119	191.0	-32.0	-12.0	2.0	
1501195717385	527596779875720	191.0	-32.0	-12.0	2.0	
1501195717404	527596800017322	191.0	-32.0	-12.0	2.0	
1501195717421	527596820158923	191.0	-32.0	-12.0	2.0	
1501195717438	527596840300525	191.0	-32.0	-12.0	2.0	
1501195717457	527596860442126	191.0	-31.07440185546875	-12.0	2.0	
1501195717491	527596880583728	191.0	-31.0	-12.0	2.0	
1501195717510	527596900725330	190.79029846191406	-30.790298461914063	-12.0	2.0	
1501195717526	527596920866931	190.0	-30.0	-11.647064208984375	2.0	
1501195717544	527596941008533	189.5052032470703	-30.0	-11.0	2.0	
1501195717562	527596961150134	189.0	-30.0	-11.0	2.0	
1501195717579	527596981291736	188.22146606445313	-30.0	-11.0	2.0	
1501195717597	527597001433337	187.07958984375	-30.0	-10.07958984375	2.0	
1501195717632	527597021574939	185.93772888183594	-31.0	-10.0	2.0	
1501195717650	527597041716540	184.79550170898438	-31.0	-9.795501708984375	2.0	
1501195717667	527597061858142	183.65225219726563	-31.0	-9.0	2.0	
1501195717685	527597081999744	182.51039123535156	-31.489608764648438	-9.0	2.0	
1501195717702	527597102135315	180.73703002929688	-32.0	-8.368515014648438	2.0	
1501195717721	527597122276917	179.22665405273438	-32.0	-8.0	2.0	
1501195717739	527597142418518	178.08477783203125	-32.0	-7.08477783203125	2.0	
1501195717773	527597162560120	176.9429168701172	-31.0	-6.0	2.0	
1501195717791	527597182701721	175.8007049560547	-31.0	-5.601409912109375	2.0	
1501195717808	527597202843323	174.65744018554688	-30.657440185546875	-3.657440185546875	2.0	
1501195717828	527597222984925	173.5155792236328	-29.515579223632813	-2.5155792236328125	2.0	
1501195717843	527597243126526	172.3737030029297	-28.373703002929688	-1.3737030029296875	2.0	
1501195717862	527597263268128	171.23184204101563	-27.231842041015625	-0.231842041015625	2.0	
1501195717881	527597283409729	170.0899658203125	-27.0	0.0	2.0	
1501195717914	527597303551331	168.94801330566406	-27.0	0.0519866943359375	2.0	
1501195717931	527597323692932	167.80450439453125	-27.0	1.0	2.0	
1501195717949	527597343834534	167.0	-27.337356567382813	1.0	2.0	
1501195717967	527597363976135	166.52076721191406	-28.0	1.0	2.0	
1501195717986	527597384117737	166.0	-28.62109375	1.0	2.0	
1501195718002	527597404259339	165.23703002929688	-29.0	1.0	2.0	
1501195718021	527597424400940	165.0	-29.904830932617188	1.0	2.0	
1501195718055	527597444542542	165.04678344726563	-30.0	1.0	2.0	
1501195718073	527597464684143	166.1903076171875	-30.0	1.1903076171875	2.0	
1501195718091	527597484825745	167.66433715820313	-30.0	2.3321685791015625	2.0	
1501195718108	527597504967346	169.4740447998047	-30.0	3.0	2.0	
1501195718125	527597525108948	171.2318115234375	-30.61590576171875	2.38409423828125	2.0	
1501195718145	527597545250550	173.51556396484375	-31.0	0.48443603515625	2.0	
1501195718160	527597565392151	175.79928588867188	-31.0	0.0	2.0	
1501195718196	527597585533753	177.0415802001953	-29.958419799804688	0.0	2.0	
1501195718213	527597605675354	178.0	-28.81488037109375	0.0	2.0	
1501195718231	527597625816956	178.0	-27.673019409179688	0.0	2.0	
1501195718251	527597645958557	178.0	-26.531143188476563	0.0	2.0	
1501195718267	527597666100159	176.778564453125	-26.0	0.0	2.0	
1501195718284	527597686241760	175.24740600585938	-26.0	0.0	2.0	
1501195718302	527597706383362	173.21109008789063	-26.0	0.0	2.0	
1501195718340	527597726524964	170.92388916015625	-27.038055419921875	-1.07611083984375	2.0	
1501195718356	527597746666565	168.4602508544922	-28.359832763671875	-3.1799163818359375	2.0	
1501195718374	527597766808167	165.67820739746094	-30.321792602539063	-4.3217926025390625	2.0	
1501195718390	527597786949768	164.07269287109375	-31.0	-5.463653564453125	2.0	
1501195718407	527597807091370	163.0	-31.0	-6.0	2.0	
1501195718424	527597827232971	163.0	-31.0	-6.7473907470703125	2.0	
1501195718442	527597847374573	163.0	-30.110733032226563	-6.1107330322265625	2.0	
1501195718477	527597867516175	165.03286743164063	-29.0	-5.93426513671875	2.0	
1501195718495	527597887657776	166.34945678710938	-29.0	-3.8252716064453125	2.0	
1501195718513	527597907799378	168.3166046142578	-29.316604614257813	-2.366790771484375	2.0	
1501195718531	527597927940979	169.45846557617188	-30.458465576171875	-0.541534423828125	2.0	
1501195718549	527597948082581	170.600341796875	-32.20068359375	0.0	2.0	
1501195718566	527597968224182	171.0	-35.22660827636719	0.0	2.0	
1501195718584	527597988365784	171.0	-36.88407897949219	-0.8840789794921875	2.0	
1501195718618	527598008507385	171.0	-39.0	-3.027679443359375	2.0	
1501195718636	527598028648987	171.0	-39.0	-4.339080810546875	2.0	
1501195718654	527598048790589	171.0	-39.0	-6.3114166259765625	2.0	
1501195718673	527598068932190	171.45327758789063	-39.0	-7.453277587890625	2.0	
1501195718689	527598089073792	172.59515380859375	-39.0	-8.0	2.0	
1501195718707	527598109215393	173.7370147705078	-39.0	-8.737014770507813	2.0	
1501195718726	527598129356995	174.0	-39.0	-9.880401611328125	2.0	
1501195718761	527598149498596	174.0	-39.02247619628906	-10.022476196289063	2.0	
1501195718778	527598169640198	174.0	-40.0	-11.0	2.0	
1501195718796	527598189781800	174.0	-40.0	-11.0	2.0	
1501195718813	527598209923401	174.0	-40.448089599609375	-11.0	2.0	
1501195718832	527598230065003	174.0	-41.0	-10.410049438476563	2.0	
1501195718849	527598250206604	173.26817321777344	-41.73182678222656	-10.0	2.0	
1501195718866	527598270348206	173.0	-42.0	-10.0	2.0	
1501195718901	527598290489807	173.0	-43.01728820800781	-10.0	2.0	
1501195718919	527598310631409	173.0	-44.0	-10.0	2.0	
1501195718939	527598330773010	172.698974609375	-44.301025390625	-10.0	2.0	
1501195718954	527598350914612	172.0	-45.0	-10.0	2.0	
1501195718972	527598371056214	172.0	-45.0	-9.415237426757813	2.0	
1501195718990	527598391197815	172.0	-45.0	-9.0	2.0	
1501195719006	527598411339417	172.0	-45.87001037597656	-9.0	2.0	
1501195719043	527598431481018	172.0	-46.0	-8.0	2.0	
1501195719059	527598451622620	172.1539764404297	-46.0	-8.0	2.0	
1501195719077	527598471764221	173.0	-46.0	-8.0	2.0	
1501195719097	527598491905823	173.0	-46.0	-8.0	2.0	
1501195719112	527598512047425	173.0	-46.0	-8.0	2.0	
1501195719130	527598532189026	173.0	-46.72270202636719	-8.0	2.0	
1501195719148	527598552330628	173.0	-47.0	-7.13494873046875	2.0	
1501195719184	527598572472229	173.0	-47.0	-7.0	2.0	
1501195719201	527598592613831	172.85121154785156	-47.0	-7.0	2.0	
1501195719218	527598612755432	172.0	-47.0	-6.7093505859375	2.0	
1501195719236	527598632897034	172.0	-47.0	-6.0	2.0	
1501195719255	527598653038635	172.0	-47.0	-6.0	2.0	
1501195719271	527598673180237	172.0	-47.717498779296875	-6.0	2.0	
1501195719289	527598693321839	172.0	-48.0	-6.0	2.0	
1501195719324	527598713463440	171.0	-48.00172424316406	-6.0	2.0	
1501195719342	527598733605042	170.85641479492188	-49.143585205078125	-6.0	2.0	
1501195719361	527598753746643	170.0	-50.0	-6.0	2.0	
1501195719377	527598773888245	169.5726776123047	-50.42732238769531	-6.0	2.0	
1501195719395	527598794029846	168.43080139160156	-51.56919860839844	-6.0	2.0	
1501195719413	527598814171448	168.0	-52.71229553222656	-6.0	2.0	
1501195719430	527598834313050	167.1453399658203	-53.85466003417969	-5.1453399658203125	2.0	
1501195719448	527598854454651	167.0	-54.0	-5.0	2.0	
1501195719484	527598874596253	166.86160278320313	-55.0	-5.0	2.0	
1501195719501	527598894737854	166.0	-55.2802734375	-5.0	2.0	
1501195719519	527598914879456	166.0	-56.0	-5.0	2.0	
1501195719538	527598935021057	165.4350128173828	-55.43501281738281	-5.0	2.0	
1501195719552	527598955162659	165.0	-55.0	-4.292388916015625	2.0	
1501195719572	527598975304260	164.15052795410156	-55.0	-4.0	2.0	
1501195719588	527598995445862	164.0	-54.00865173339844	-4.0	2.0	
1501195719623	527599015587464	164.0	-53.0	-4.0	2.0	
1501195719641	527599035729065	164.0	-52.72491455078125	-4.0	2.0	
1501195719658	527599055870667	164.0	-51.58305358886719	-4.0	2.0	
1501195719677	527599076012268	164.0	-50.440216064453125	-4.0	2.0	
1501195719693	527599096153870	164.70240783691406	-49.29759216308594	-3.2975921630859375	2.0	
1501195719711	527599116295471	165.0	-48.15571594238281	-3.0	2.0	
1501195719731	527599136437073	165.98614501953125	-47.01385498046875	-3.0	2.0	
1501195719766	527599156578675	166.0	-46.871978759765625	-3.0	2.0	
1501195719788	527599176720276	166.0	-46.0	-3.0	2.0	
1501195719800	527599196861878	166.41175842285156	-46.0	-3.0	2.0	
1501195719818	527599217003479	167.0	-46.0	-3.0	2.0	
1501195719836	527599237145081	167.0	-46.0	-2.3027801513671875	2.0	
1501195719853	527599257286682	167.0	-46.0	-2.0	2.0	
1501195719872	527599277428284	167.0	-46.0	-2.0	2.0	
1501195719906	527599297569885	167.0	-46.0	-2.0	2.0	
1501195719923	527599317711487	167.2646942138672	-46.0	-2.0	2.0	
1501195719944	527599337853089	167.5927276611328	-46.0	-1.5927276611328125	2.0	
1501195719959	527599357994690	167.0	-46.0	-1.0	2.0	
1501195719976	527599378136292	167.0	-46.0	-1.0	2.0	
1501195719995	527599398277893	167.0	-46.0	-1.0	2.0	
1501195720011	527599418419495	167.0	-46.0	-1.0	2.0	
1501195720050	527599438561096	167.0	-46.0	-1.0	2.0	
1501195720065	527599458702698	167.0	-46.0	-1.0	2.0	
1501195720081	527599478844300	167.0	-46.0	-1.0	2.0	
1501195720101	527599498985901	167.5449676513672	-46.0	-1.0	2.0	
1501195720117	527599519127503	168.0	-45.31315612792969	-1.0	2.0	
1501195720135	527599539269104	168.0	-45.0	-1.0	2.0	
1501195720152	527599559410706	168.0	-45.0	-1.0	2.0	
1501195720187	527599579552307	168.0	-45.0	-1.0	2.0	
1501195720210	527599599693909	168.0	-45.25431823730469	-1.0	2.0	
1501195720223	527599619835510	168.0	-46.0	-1.0	2.0	
1501195720241	527599639977112	168.0	-46.0	-1.0	2.0	
1501195720260	527599660118714	168.0	-46.0	-1.0	2.0	
1501195720276	527599680260315	168.0	-46.0	-1.0	2.0	
1501195720293	527599700401917	168.0	-46.0	-0.03460693359375	2.0	
1501195720328	527599720543518	168.0	-46.0	0.0	2.0	
1501195720346	527599740685120	168.0	-46.0	0.0	2.0	
1501195720365	527599760826721	168.0	-46.0	0.0	2.0	
1501195720382	527599780968323	168.0	-46.0	0.0	2.0	
1501195720399	527599801109925	168.6764678955078	-46.0	0.0	2.0	
1501195720417	527599821251526	169.0	-46.0	0.0	2.0	
1501195720434	527599841393128	169.0	-46.0	0.0	2.0	
1501195720469	527599861534729	170.0	-46.0	0.0	2.0	
1501195720487	527599881676331	170.0	-46.0	0.0	2.0	
1501195720505	527599901817932	170.0	-46.0	0.0	2.0	
1501195720524	527599921959534	170.0	-46.0	0.0	2.0	
1501195720539	527599942101135	170.0	-46.0	0.0	2.0	
1501195720558	527599962242737	170.0	-46.0	0.0	2.0	
1501195720576	527599982384339	170.0	-46.0	0.0	2.0	
1501195720611	527600002525940	170.0	-46.0	0.0	2.0	
1501195720630	527600022667542	170.0	-46.0	0.0	2.0	
1501195720646	527600042809143	170.0	-46.0	0.0	2.0	
1501195720664	527600062950745	170.0	-46.0	0.0	2.0	
1501195720682	527600083092346	170.0	-46.0	0.0	2.0	
1501195720699	527600103233948	170.0	-46.0	0.0	2.0	
1501195720716	527600123375550	170.0	-46.0	0.0	2.0	
1501195720752	527600143517151	170.0	-46.0	0.0	2.0	
1501195720769	527600163658753	169.76470947265625	-46.0	0.0	2.0	
1501195720788	527600183800354	169.0	-46.0	0.0	2.0	
1501195720804	527600203941956	169.0	-46.0	0.0	2.0	
1501195720822	527600224083557	169.0	-46.0	0.0	2.0	
1501195720841	527600244225159	169.0	-46.802764892578125	0.0	2.0	
1501195720857	527600264366760	169.9446258544922	-47.0	0.0	2.0	
1501195720892	527600284508362	170.0	-47.0	0.0	2.0	
1501195720910	527600304649964	170.0	-47.0	0.0	2.0	
1501195720927	527600324791565	170.37196350097656	-47.0	0.0	2.0	
1501195720946	527600344933167	171.0	-47.51383972167969	0.0	2.0	
1501195720963	527600365074768	171.0	-48.0	0.0	2.0	
1501195720981	527600385216370	171.79757690429688	-48.797576904296875	0.0	2.0	
1501195721000	527600405357971	172.0	-49.0	0.9394378662109375	2.0	
1501195721034	527600425499573	173.0	-50.0	2.0	2.0	
1501195721053	527600445641175	173.0	-50.22489929199219	2.2248992919921875	2.0	
1501195721069	527600465782776	173.0	-51.0	3.0	2.0	
1501195721086	527600485924378	173.0	-51.508636474609375	3.508636474609375	2.0	
1501195721105	527600506065979	173.0	-52.0	4.0	2.0	
1501195721122	527600526207581	173.0	-52.0	4.7923736572265625	2.0	
1501195721139	527600546349182	173.0	-52.93424987792969	5.9342498779296875	2.0	
1501195721174	527600566490784	173.07785034179688	-53.077850341796875	7.077850341796875	2.0	
1501195721192	527600586632385	174.0	-54.21971130371094	8.219711303710938	2.0	
1501195721210	527600606773987	174.36158752441406	-55.0	9.361587524414063	2.0	
1501195721227	527600626915589	175.0	-55.503448486328125	10.503448486328125	2.0	
1501195721245	527600647057190	175.0	-56.0	11.0	2.0	
1501195721264	527600667198792	175.0	-55.21281433105469	11.787185668945313	2.0	
1501195721280	527600687340393	175.92906188964844	-55.0	12.0	2.0	
1501195721316	527600707481995	176.0	-55.0	12.0	2.0	
1501195721333	527600727623596	176.0	-55.0	12.0	2.0	
1501195721351	527600747765198	176.0	-55.0	12.0	2.0	
1501195721370	527600767906800	176.0	-55.0	12.498260498046875	2.0	
1501195721387	527600788048401	176.0	-55.64013671875	13.0	2.0	
1501195721404	527600808190003	176.0	-56.0	13.0	2.0	
1501195721423	527600828331604	176.9238739013672	-56.0	13.923873901367188	2.0	
1501195721456	527600848473206	177.0	-56.06745910644531	14.0	2.0	
1501195721474	527600868614807	177.0	-57.0	14.0	2.0	
1501195721492	527600888756409	177.0	-57.0	14.0	2.0	
1501195721510	527600908898010	177.0	-57.0	14.493072509765625	2.0	
1501195721528	527600929039612	177.0	-57.0	15.0	2.0	
1501195721544	527600949181214	177.0	-57.0	15.0	2.0	
1501195721562	527600969322815	177.0	-57.0	15.0	2.0	
1501195721597	527600989464417	177.06227111816406	-57.0	15.0	2.0	
1501195721615	527601009606018	178.0	-57.0	15.0	2.0	
1501195721633	527601029747620	178.0	-57.0	14.65399169921875	2.0	
1501195721651	527601049889221	178.0	-57.0	14.0	2.0	
1501195721669	527601070030823	178.0	-57.0	14.0	2.0	
1501195721687	527601090172425	178.0	-57.0	14.0	2.0	
1501195721704	527601110314026	178.0	-57.0	14.0	2.0	
1501195721740	527601130455628	177.0	-56.94291687011719	14.0	2.0	
1501195721757	527601150597229	177.0	-56.0	14.0	2.0	
1501195721773	527601170738831	177.0	-56.0	13.6591796875	2.0	
1501195721792	527601190880432	176.51730346679688	-55.517303466796875	13.0	2.0	
1501195721809	527601211022034	176.0	-55.0	13.0	2.0	
1501195721829	527601231163635	176.0	-54.23356628417969	13.0	2.0	
1501195721848	527601251305237	176.0	-54.0	12.090133666992188	2.0	
1501195721879	527601271446839	175.0	-53.94810485839844	11.948104858398438	2.0	
1501195721898	527601291588440	175.0	-53.0	11.0	2.0	
1501195721915	527601311730042	174.66436767578125	-52.66436767578125	11.0	2.0	
1501195721932	527601331871643	174.0	-52.0	10.522491455078125	2.0	
1501195721951	527601352013245	174.0	-51.38063049316406	10.0	2.0	
1501195721967	527601372154846	173.23744201660156	-51.0	9.237442016601563	2.0	
1501195721986	527601392296448	173.0	-50.09516906738281	9.0	2.0	
1501195722021	527601412438050	173.0	-48.95329284667969	7.9532928466796875	2.0	
1501195722038	527601432579651	172.81143188476563	-48.0	6.811431884765625	2.0	
1501195722058	527601452721253	172.0	-47.6695556640625	6.0	2.0	
1501195722073	527601472862854	172.0	-46.52769470214844	5.5276947021484375	2.0	
1501195722091	527601493004456	171.3858184814453	-46.0	4.3858184814453125	2.0	
1501195722109	527601513146057	171.0	-46.0	3.242645263671875	2.0	
1501195722127	527601533287659	171.0	-46.0	2.1003570556640625	2.0	
1501195722162	527601553429260	171.0	-45.0	1.0	2.0	
1501195722179	527601573570862	171.0	-45.0	0.816619873046875	2.0	
1501195722197	527601593712464	171.0	-45.0	0.0	2.0	
1501195722215	527601613854065	171.0	-44.53288269042969	0.0	2.0	
1501195722232	527601633995667	171.0	-44.0	-0.61004638671875	2.0	
1501195722249	527601654137268	170.24740600585938	-44.0	-1.0	2.0	
1501195722267	527601674278870	170.0	-44.0	-1.8944549560546875	2.0	
1501195722302	527601694420471	169.0	-43.0	-2.0	2.0	
1501195722320	527601714562073	169.0	-43.0	-2.0	2.0	
1501195722337	527601734703675	168.679931640625	-43.320068359375	-2.0	2.0	
1501195722356	527601754845276	168.0	-44.0	-2.0	2.0	
1501195722375	527601774986878	167.39515686035156	-44.0	-1.3951568603515625	2.0	
1501195722391	527601795128479	167.0	-44.0	-1.0	2.0	
1501195722408	527601815270081	167.0	-43.11073303222656	-1.8892669677734375	2.0	
1501195722443	527601835411682	166.9688720703125	-43.0	-2.0	2.0	
1501195722462	527601855553284	166.0	-43.0	-2.0	2.0	
1501195722479	527601875694885	166.0	-42.68513488769531	-2.3148651123046875	2.0	
1501195722496	527601895836487	166.0	-41.54325866699219	-3.0	2.0	
1501195722514	527601915978089	165.40036010742188	-41.0	-3.599639892578125	2.0	
1501195722533	527601936119690	165.0	-40.25779724121094	-4.0	2.0	
1501195722550	527601956261292	165.0	-39.11592102050781	-4.8840789794921875	2.0	
1501195722584	527601976402893	165.0	-37.97406005859375	-6.02593994140625	2.0	
1501195722601	527601996544495	165.16781616210938	-36.832183837890625	-7.167816162109375	2.0	
1501195722620	527602016686096	166.0	-35.69032287597656	-8.309677124023438	2.0	
1501195722638	527602036827698	166.45233154296875	-34.54766845703125	-9.45233154296875	2.0	
1501195722655	527602056969300	167.59515380859375	-34.0	-10.0	2.0	
1501195722673	527602077110901	168.7370147705078	-33.26298522949219	-10.0	2.0	
1501195722691	527602097252503	169.87889099121094	-33.0	-10.878890991210938	2.0	
1501195722725	527602117394104	171.020751953125	-32.0	-11.0	2.0	
1501195722743	527602137535706	172.16262817382813	-31.837371826171875	-11.0	2.0	
1501195722762	527602157677307	173.0	-31.0	-11.0	2.0	
1501195722778	527602177818909	173.0	-30.552871704101563	-11.0	2.0	
1501195722797	527602197960510	173.0	-30.0	-11.0	2.0	
1501195722814	527602218102112	173.73182678222656	-30.0	-11.0	2.0	
1501195722831	527602238243714	174.0	-30.0	-11.0	2.0	
1501195722867	527602258385315	174.0	-30.0	-11.01556396484375	2.0	
1501195722885	527602278526917	174.0	-29.842575073242188	-12.0	2.0	
1501195722903	527602298668518	174.0	-29.0	-12.0	2.0	
1501195722919	527602318810120	174.0	-29.0	-12.0	2.0	
1501195722937	527602338951721	174.5847625732422	-29.0	-12.0	2.0	
1501195722955	527602359093323	175.0	-29.0	-12.0	2.0	
1501195722973	527602379234925	175.0	-28.107025146484375	-12.0	2.0	
1501195723008	527602399376526	175.0	-28.0	-12.0	2.0	
1501195723026	527602419518128	175.0	-28.0	-12.0	2.0	
1501195723043	527602439659729	175.0	-27.635726928710938	-12.0	2.0	
1501195723061	527602459801331	175.5210418701172	-27.0	-12.0	2.0	
1501195723078	527602479942932	176.0	-26.322250366210938	-12.0	2.0	
1501195723096	527602500084534	176.0	-26.0	-11.1649169921875	2.0	
1501195723114	527602520226135	176.0	-26.0	-11.0	2.0	
1501195723149	527602540367737	176.0	-25.851150512695313	-12.0	2.0	
1501195723168	527602560509339	176.0	-25.305252075195313	-12.0	2.0	
1501195723185	527602580650940	175.53684997558594	-26.0	-12.0	2.0	
1501195723202	527602600792542	175.0	-26.0	-12.0	2.0	
1501195723221	527602620934143	175.0	-26.0	-12.0	2.0	
1501195723237	527602641075745	175.0	-26.0	-12.0	2.0	
1501195723272	527602661217346	175.0	-27.0	-12.0	2.0	
1501195723290	527602681358948	175.0	-27.247360229492188	-12.0	2.0	
1501195723307	527602701500550	174.595458984375	-28.0	-12.0	2.0	
1501195723326	527602721642151	174.0	-28.0	-12.0	2.0	
1501195723343	527602741783753	174.0	-28.719284057617188	-11.280715942382813	2.0	
1501195723371	527602761925354	174.0	-29.0	-11.0	2.0	
1501195723395	527602782066956	173.0	-30.03326416015625	-11.0	2.0	
1501195723412	527602802208557	172.81053161621094	-31.189468383789063	-11.0	2.0	
1501195723430	527602822350159	172.0	-32.0	-11.0	2.0	
1501195723448	527602842491760	172.0	-32.50349426269531	-11.0	2.0	
1501195723466	527602862633362	171.33860778808594	-33.0	-11.0	2.0	
1501195723484	527602882774964	171.81785583496094	-33.81785583496094	-11.0	2.0	
1501195723501	527602902916565	172.0	-34.975433349609375	-10.024566650390625	2.0	
1501195723536	527602923058167	171.86842346191406	-35.13157653808594	-10.131576538085938	2.0	
1501195723553	527602943199768	171.0	-36.0	-11.0	2.0	
1501195723571	527602963341370	171.0	-36.0	-11.0	2.0	
1501195723589	527602983482971	171.0	-36.0	-11.0	2.0	
1501195723607	527603003624573	171.0	-36.0	-10.2403564453125	2.0	
1501195723624	527603023766175	171.91754150390625	-36.0	-10.0	2.0	
1501195723659	527603043907776	172.0	-35.0	-10.0	2.0	
1501195723677	527603064049378	172.0	-35.0	-9.768829345703125	2.0	
1501195723694	527603084190979	172.0	-35.0	-9.0	2.0	
1501195723712	527603104332581	172.0	-35.0	-9.0	2.0	
1501195723730	527603124474182	172.0	-35.0	-9.0	2.0	
1501195723749	527603144615784	172.0	-35.85813903808594	-9.858139038085938	2.0	
1501195723783	527603164757385	171.0	-36.01570129394531	-10.0	2.0	
1501195723802	527603184898987	171.0	-37.0	-10.0	2.0	
1501195723818	527603205040589	171.0	-37.30119323730469	-10.0	2.0	
1501195723836	527603225182190	170.56207275390625	-38.0	-10.43792724609375	2.0	
1501195723854	527603245323792	170.0	-38.574859619140625	-11.0	2.0	
1501195723871	527603265465393	170.0	-39.0	-11.0	2.0	
1501195723889	527603285606995	170.0	-39.0	-11.0	2.0	
1501195723908	527603305748596	170.0	-39.98448181152344	-11.0	2.0	
1501195723942	527603325890198	169.0	-40.12046813964844	-11.120468139648438	2.0	
1501195723960	527603346031800	168.74356079101563	-41.0	-12.0	2.0	
1501195723977	527603366173401	168.0	-41.393096923828125	-12.0	2.0	
