1501195373910	527253305134674	168.0	-41.0	-11.0	95.0	
1501195373926	527253325276275	168.0	-41.0	-11.0	95.0	
1501195373945	527253345417877	168.0	-41.0	-11.0	95.0	
1501195373962	527253365559479	168.0	-41.0	-11.0	95.0	
1501195373979	527253385701080	168.0	-41.0	-11.0	95.0	
1501195374014	527253405842682	168.0	-41.0	-10.0	95.0	
1501195374032	527253425984283	168.0	-40.85121154785156	-10.0	95.0	
1501195374050	527253446125885	168.2906494140625	-40.0	-10.0	95.0	
1501195374067	527253466267486	169.0	-40.0	-10.0	95.0	
1501195374088	527253486409088	169.0	-40.0	-10.0	95.0	
1501195374105	527253506550689	169.0	-40.0	-10.0	95.0	
1501195374121	527253526692291	169.0	-40.0	-10.0	95.0	
1501195374138	527253546833893	169.0	-40.0	-10.0	95.0	
1501195374173	527253566975494	169.0	-40.0	-10.0	95.0	
1501195374191	527253587117096	169.0	-40.0	-10.0	95.0	
1501195374210	527253607258697	169.0	-40.0	-10.0	95.0	
1501195374226	527253627400299	169.0	-40.0	-10.0	95.0	
1501195374244	527253647541900	169.0	-40.0	-10.0	95.0	
1501195374262	527253667683502	169.0	-40.0	-10.0	95.0	
1501195374278	527253687825104	169.0	-40.0	-10.0	95.0	
1501195374315	527253707966705	169.0	-40.0	-10.0	95.0	
1501195374332	527253728108307	169.0	-40.0	-10.0	95.0	
1501195374349	527253748249908	169.0	-40.0	-10.0	95.0	
1501195374368	527253768391510	169.0	-40.0	-10.0	95.0	
1501195374384	527253788533111	169.0	-40.0	-10.0	95.0	
1501195374402	527253808674713	169.0	-40.0	-10.0	95.0	
1501195374420	527253828816314	169.0	-40.0	-10.0	95.0	
1501195374455	527253848957916	169.0	-40.0	-10.0	95.0	
1501195374474	527253869099518	169.0	-40.0	-10.0	95.0	
1501195374491	527253889241119	169.0	-40.0	-10.0	95.0	
1501195374509	527253909382721	169.0	-40.0	-10.0	95.0	
1501195374527	527253929524322	169.0	-40.0	-10.0	95.0	
1501195374543	527253949665924	169.0	-40.0	-10.0	95.0	
1501195374561	527253969807525	169.0	-40.0	-10.0	95.0	
1501195374614	527253989949127	169.0	-40.0	-10.0	95.0	
1501195374620	527254010090729	169.0	-40.0	-10.26123046875	95.0	
1501195374632	527254030232330	169.0	-40.0	-11.0	95.0	
1501195374649	527254050373932	169.0	-40.0	-11.0	95.0	
1501195374667	527254070515533	169.0	-40.0	-11.0	95.0	
1501195374685	527254090657135	169.0	-40.0	-11.0	95.0	
1501195374702	527254110798736	169.9705810546875	-40.0	-11.0	95.0	
1501195374737	527254130940338	170.0	-40.0	-12.0	95.0	
1501195374754	527254151081939	170.0	-40.0	-11.745681762695313	95.0	
1501195374772	527254171223541	170.0	-40.0	-11.0	95.0	
1501195374793	527254191365143	170.0	-40.0	-11.552383422851563	95.0	
1501195374807	527254211506744	169.27659606933594	-40.0	-12.0	95.0	
1501195374828	527254231648346	169.0	-40.0	-12.0	95.0	
1501195374860	527254251789947	170.0	-40.0	-11.936172485351563	95.0	
1501195374878	527254271931549	170.0	-39.76554870605469	-11.0	95.0	
1501195374896	527254292073150	170.0	-39.0	-11.0	95.0	
1501195374912	527254312214752	170.0	-39.0	-11.0	95.0	
1501195374930	527254332356354	170.0	-39.0	-11.0	95.0	
1501195374948	527254352497955	170.0	-39.0	-11.0	95.0	
1501195374983	527254372639557	170.0	-39.0	-11.0	95.0	
1501195375001	527254392781158	170.0	-39.0	-11.0	95.0	
1501195375018	527254412922760	170.0	-39.0	-11.0	95.0	
1501195375036	527254433064361	170.0	-39.0	-11.0	95.0	
1501195375055	527254453205963	170.77127075195313	-39.0	-11.0	95.0	
1501195375075	527254473347564	171.0	-39.0	-11.0	95.0	
1501195375107	527254493489166	171.0	-39.0	-11.0	95.0	
1501195375124	527254513630768	171.0	-39.0	-11.0	95.0	
1501195375141	527254533772369	171.0	-39.0	-11.0	95.0	
1501195375160	527254553913971	171.0	-39.0	-11.0	95.0	
1501195375177	527254574055572	171.0	-39.7943115234375	-11.0	95.0	
1501195375195	527254594197174	171.0	-40.0	-11.0	95.0	
1501195375230	527254614338775	171.0	-40.0	-11.0	95.0	
1501195375247	527254634480377	170.72048950195313	-40.0	-11.0	95.0	
1501195375265	527254654621979	170.0	-40.0	-11.0	95.0	
1501195375283	527254674763580	170.0	-40.0	-11.0	95.0	
1501195375301	527254694905182	170.0	-40.0	-11.0	95.0	
1501195375321	527254715046783	170.0	-40.0	-11.0	95.0	
1501195375338	527254735188385	170.9947967529297	-39.00520324707031	-11.0	95.0	
1501195375372	527254755329986	171.0	-39.0	-11.0	95.0	
1501195375388	527254775471588	171.0	-39.27680969238281	-11.0	95.0	
1501195375407	527254795613189	171.0	-40.0	-11.0	95.0	
1501195375424	527254815754791	171.0	-40.0	-11.0	95.0	
1501195375441	527254835896393	171.0	-40.0	-11.0	95.0	
1501195375458	527254856037994	171.0	-40.0	-11.0	95.0	
1501195375478	527254876179596	171.0	-40.0	-10.01727294921875	95.0	
1501195375512	527254896321197	171.0	-40.0	-10.0	95.0	
1501195375530	527254916462799	171.0	-40.0	-10.0	95.0	
1501195375547	527254936604400	171.0	-40.0	-10.0	95.0	
1501195375569	527254956746002	171.0	-40.0	-10.0	95.0	
1501195375583	527254976887604	171.0	-40.0	-10.0	95.0	
1501195375601	527254997029205	171.0	-40.0	-10.0	95.0	
1501195375617	527255017170807	171.0	-40.0	-10.0	95.0	
1501195375653	527255037312408	171.0	-40.0	-10.0	95.0	
1501195375670	527255057454010	170.74612426757813	-40.0	-10.0	95.0	
1501195375688	527255077595611	170.0	-40.0	-10.0	95.0	
1501195375705	527255097737213	170.0	-40.0	-10.0	95.0	
1501195375723	527255117878814	170.0	-40.0	-10.0	95.0	
1501195375741	527255138020416	170.0	-39.181671142578125	-10.0	95.0	
1501195375759	527255158162018	170.0	-39.0	-10.0	95.0	
1501195375795	527255178303619	170.0	-39.0	-11.0	95.0	
1501195375811	527255198445221	170.0	-39.0	-11.0	95.0	
1501195375829	527255218586822	170.0	-39.0	-11.0	95.0	
1501195375848	527255238728424	170.0	-39.0	-11.0	95.0	
1501195375864	527255258870025	170.0	-39.0	-11.0	95.0	
1501195375882	527255279011627	170.0	-39.0	-11.0	95.0	
1501195375900	527255299153229	170.0	-39.0	-11.0	95.0	
1501195375934	527255319294830	170.0897979736328	-39.0	-11.0	95.0	
1501195375953	527255339436432	171.0	-39.0	-11.0	95.0	
1501195375970	527255359578033	171.0	-39.37196350097656	-11.0	95.0	
1501195375987	527255379719635	171.0	-40.0	-11.0	95.0	
1501195376006	527255399861236	171.0	-40.0	-11.0	95.0	
1501195376022	527255420002838	171.0	-39.20416259765625	-11.0	95.0	
1501195376040	527255440144439	171.0	-39.0	-11.0	95.0	
1501195376075	527255460286041	171.0	-39.0	-11.0	95.0	
1501195376093	527255480427643	171.0	-39.0	-11.0	95.0	
1501195376110	527255500569244	171.0	-39.0	-11.0	95.0	
1501195376129	527255520710846	171.0	-39.0	-11.0	95.0	
1501195376146	527255540852447	171.0	-39.0	-11.0	95.0	
1501195376165	527255560994049	171.0	-39.0	-11.0	95.0	
1501195376181	527255581135650	171.0	-39.0	-11.0	95.0	
1501195376218	527255601277252	171.0	-39.0	-11.0	95.0	
1501195376234	527255621418854	171.0	-39.0	-11.0	95.0	
1501195376252	527255641560455	171.0	-39.0	-11.0	95.0	
1501195376269	527255661702057	171.0	-39.0	-11.0	95.0	
1501195376287	527255681843658	171.0	-39.0	-11.0	95.0	
1501195376304	527255701985260	171.0	-39.0	-11.0	95.0	
1501195376323	527255722126861	171.0	-39.0	-11.0	95.0	
1501195376359	527255742268463	171.0	-39.0	-11.0	95.0	
1501195376375	527255762410064	171.0	-39.0	-11.0	95.0	
1501195376392	527255782551666	170.66322326660156	-39.0	-11.0	95.0	
1501195376410	527255802693268	170.0	-39.0	-11.0	95.0	
1501195376429	527255822834869	170.0	-39.0	-11.0	95.0	
1501195376450	527255842976471	170.75991821289063	-39.0	-11.0	95.0	
1501195376463	527255863118072	171.0	-39.0	-11.0	95.0	
1501195376498	527255883259674	171.0	-39.0	-11.0	95.0	
1501195376520	527255903401275	171.0	-39.0	-11.0	95.0	
1501195376534	527255923542877	171.0	-39.0	-11.0	95.0	
1501195376551	527255943684479	171.0	-39.0	-11.0	95.0	
1501195376569	527255963826080	171.0	-39.60725402832031	-11.0	95.0	
1501195376587	527255983967682	171.0	-40.0	-11.0	95.0	
1501195376604	527256004109283	170.1105499267578	-40.0	-11.0	95.0	
1501195376640	527256024250885	171.0	-39.96891784667969	-11.968917846679688	95.0	
1501195376657	527256044392486	171.0	-39.0	-11.0	95.0	
1501195376675	527256064534088	171.0	-39.0	-11.0	95.0	
1501195376695	527256084675689	171.0	-39.0	-11.0	95.0	
1501195376710	527256104817291	171.0	-39.0	-11.0	95.0	
1501195376727	527256124958893	171.0	-39.0	-11.0	95.0	
1501195376746	527256145100494	171.0	-39.0	-11.0	95.0	
1501195376780	527256165242096	171.0	-39.0	-11.0	95.0	
1501195376798	527256185383697	171.0	-39.0	-11.0	95.0	
1501195376816	527256205525299	171.0	-39.0	-11.0	95.0	
1501195376833	527256225666900	171.0	-39.0	-11.0	95.0	
1501195376859	527256245808502	171.0	-39.0	-11.0	95.0	
1501195376870	527256265950104	171.0	-39.0	-11.0	95.0	
1501195376886	527256286091705	171.0	-39.0	-11.0	95.0	
1501195376921	527256306233307	171.0	-39.0	-11.0	95.0	
1501195376939	527256326374908	171.0	-39.0	-11.0	95.0	
1501195376957	527256346516510	171.0	-39.0	-11.0	95.0	
1501195376975	527256366658111	171.0	-39.0	-11.0	95.0	
1501195376994	527256386799713	171.0	-39.0	-11.0	95.0	
1501195377011	527256406941314	171.0	-39.0	-11.0	95.0	
1501195377027	527256427082916	171.0	-39.0	-11.0	95.0	
1501195377047	527256447224518	171.0	-39.0	-11.0	95.0	
1501195377080	527256467366119	171.0	-39.0	-11.0	95.0	
1501195377097	527256487507721	171.0	-39.0	-11.0	95.0	
1501195377115	527256507649322	171.0	-39.419677734375	-11.0	95.0	
1501195377133	527256527790924	171.0	-40.0	-11.0	95.0	
1501195377152	527256547932525	171.0	-40.0	-11.0	95.0	
1501195377170	527256568074127	171.0	-40.0	-11.0	95.0	
1501195377186	527256588215729	171.0	-39.01557922363281	-11.0	95.0	
1501195377221	527256608357330	171.0	-39.0	-11.0	95.0	
1501195377239	527256628498932	171.2664337158203	-39.0	-11.0	95.0	
1501195377256	527256648640533	172.0	-39.0	-11.0	95.0	
1501195377275	527256668782135	172.0	-39.0	-11.0	95.0	
1501195377291	527256688923736	172.0	-39.0	-11.0	95.0	
1501195377309	527256709065338	172.0	-39.0	-11.830734252929688	95.0	
1501195377328	527256729206939	172.0	-39.0	-12.0	95.0	
1501195377362	527256749348541	172.0	-39.0	-11.886016845703125	95.0	
1501195377380	527256769490143	172.0	-39.0	-11.0	95.0	
1501195377398	527256789631744	172.0	-39.0	-11.0	95.0	
1501195377416	527256809773346	172.0	-39.0	-11.0	95.0	
1501195377433	527256829914947	171.32180786132813	-39.0	-11.0	95.0	
1501195377450	527256850056549	171.0	-39.0	-11.0	95.0	
1501195377467	527256870198150	171.0	-39.0	-11.0	95.0	
1501195377503	527256890339752	171.0	-39.0	-11.0	95.0	
1501195377521	527256910481354	171.0	-39.0	-11.0	95.0	
1501195377538	527256930622955	171.0	-39.0	-11.0	95.0	
1501195377556	527256950764557	171.0	-39.0	-11.0	95.0	
1501195377573	527256970906158	171.0	-39.0	-11.0	95.0	
1501195377592	527256991047760	171.0	-39.0	-11.0	95.0	
1501195377609	527257011189361	171.0	-39.0	-11.0	95.0	
1501195377646	527257031330963	171.0	-39.0	-11.0	95.0	
1501195377662	527257051472564	171.0	-39.0	-11.0	95.0	
1501195377679	527257071620904	171.0	-39.0	-11.0	95.0	
1501195377698	527257091762506	171.0	-39.0	-11.0	95.0	
1501195377715	527257111904107	171.0	-39.0	-11.0	95.0	
1501195377732	527257132045709	171.0	-39.0	-11.0	95.0	
1501195377750	527257152187310	171.93771362304688	-39.0	-11.0	95.0	
1501195377786	527257172328912	172.0	-39.0	-11.0	95.0	
1501195377803	527257192470513	172.0	-39.0	-11.0	95.0	
1501195377821	527257212612115	172.0	-39.0	-11.0	95.0	
1501195377838	527257232753717	172.0	-39.0	-11.0	95.0	
1501195377861	527257252895318	172.0	-39.0	-11.0	95.0	
1501195377887	527257273036920	172.0	-39.78410339355469	-11.0	95.0	
1501195377893	527257293178521	172.0	-40.0	-11.0	95.0	
1501195377930	527257313320123	172.0	-40.0	-11.0	95.0	
1501195377947	527257333461724	172.0	-40.0	-11.0	95.0	
1501195377961	527257353603326	172.0	-40.0	-11.0	95.0	
1501195377979	527257373744927	172.0	-40.0	-11.0	95.0	
1501195377997	527257393886529	172.0	-40.0	-11.0	95.0	
1501195378017	527257414028131	172.0	-40.0	-11.0	95.0	
1501195378032	527257434169732	172.0	-40.0	-11.0	95.0	
1501195378068	527257454311334	172.0	-40.0	-11.0	95.0	
1501195378085	527257474452935	172.0	-40.0	-11.0	95.0	
1501195378102	527257494594537	172.0	-40.0	-11.0	95.0	
1501195378121	527257514736138	172.0	-40.0	-11.0	95.0	
1501195378137	527257534877740	172.0	-40.0	-11.0	95.0	
1501195378155	527257555019342	172.0	-40.0	-11.0	95.0	
1501195378173	527257575160943	172.0	-40.0	-11.0	95.0	
1501195378208	527257595302545	172.0	-40.0	-11.0	95.0	
1501195378225	527257615444146	172.0	-40.0	-11.0	95.0	
1501195378243	527257635585748	172.0	-40.0	-11.0	95.0	
1501195378261	527257655727349	172.0	-40.0	-11.0	95.0	
1501195378279	527257675868951	172.0	-40.0	-11.0	95.0	
1501195378296	527257696010552	172.0	-40.0	-11.0	95.0	
1501195378314	527257716152154	172.0	-40.0	-11.0	95.0	
1501195378349	527257736293756	172.0	-40.0	-11.0	95.0	
1501195378366	527257756435357	172.0	-40.0	-11.0	95.0	
1501195378384	527257776576959	172.0	-40.0	-11.0	95.0	
1501195378402	527257796718560	172.0	-40.0	-11.0	95.0	
1501195378419	527257816860162	172.0	-40.0	-11.0	95.0	
1501195378437	527257837001763	172.0	-40.0	-11.0	95.0	
1501195378455	527257857143365	172.0	-40.0	-11.0	95.0	
1501195378492	527257877284967	172.0	-40.0	-11.0	95.0	
1501195378507	527257897426568	172.0	-40.0	-11.0	95.0	
1501195378525	527257917568170	172.0	-40.0	-11.0	95.0	
1501195378543	527257937709771	172.0	-40.0	-11.0	95.0	
1501195378560	527257957851373	172.0	-40.0	-11.0	95.0	
1501195378578	527257977992974	172.0	-40.0	-11.0	95.0	
1501195378596	527257998134576	172.0	-40.0	-11.0	95.0	
1501195378632	527258018276177	172.0	-40.0	-11.0	95.0	
1501195378648	527258038417779	172.0	-39.84974670410156	-11.0	95.0	
1501195378666	527258058559381	172.0	-39.0	-11.0	95.0	
1501195378684	527258078700982	172.0	-39.0	-11.0	95.0	
1501195378702	527258098842584	172.0	-39.0	-11.0	95.0	
1501195378719	527258118984185	172.0	-39.0	-11.0	95.0	
1501195378736	527258139125787	172.0	-39.0	-11.0	95.0	
1501195378761	527258159267388	172.0	-39.0	-11.0	95.0	
1501195378790	527258179408990	172.0	-39.0	-11.0	95.0	
1501195378807	527258199550592	172.0	-39.0	-11.0	95.0	
1501195378825	527258219692193	172.0	-39.0	-11.0	95.0	
1501195378842	527258239833795	172.0	-39.0	-11.0	95.0	
1501195378860	527258259975396	172.0	-39.0	-11.0	95.0	
1501195378879	527258280116998	172.0	-39.0	-11.0	95.0	
1501195378899	527258300258599	172.0	-39.0	-11.0	95.0	
1501195378930	527258320400201	172.0	-39.0	-11.0	95.0	
1501195378948	527258340541802	172.0	-39.0	-11.0	95.0	
1501195378966	527258360683404	172.0	-39.0	-11.0	95.0	
1501195378983	527258380825006	172.0	-39.0	-11.0	95.0	
1501195379001	527258400966607	172.0	-39.0	-11.0	95.0	
1501195379019	527258421108209	172.0	-39.0	-11.0	95.0	
1501195379037	527258441249810	172.0	-39.0	-11.0	95.0	
1501195379071	527258461391412	172.0	-39.0	-11.0	95.0	
1501195379089	527258481533013	172.0	-39.0	-11.0	95.0	
1501195379107	527258501674615	172.0	-39.0	-11.0	95.0	
1501195379125	527258521816217	172.0	-39.0	-11.0	95.0	
1501195379142	527258541957818	172.0	-39.0	-11.0	95.0	
1501195379159	527258562099420	172.0	-39.0	-11.0	95.0	
1501195379178	527258582241021	172.0	-39.0	-11.0	95.0	
1501195379212	527258602382623	172.0	-39.0	-11.0	95.0	
1501195379230	527258622524224	172.0	-39.0	-11.0	95.0	
1501195379247	527258642665826	172.0	-39.0	-11.0	95.0	
1501195379266	527258662807427	172.0	-39.0	-11.0	95.0	
1501195379286	527258682949029	172.0	-39.0	-11.0	95.0	
1501195379303	527258703090631	172.0	-39.0	-11.0	95.0	
1501195379318	527258723232232	172.0	-39.0	-11.0	95.0	
1501195379353	527258743373834	172.0	-39.0	-11.0	95.0	
1501195379372	527258763515435	172.0	-39.0	-11.0	95.0	
1501195379389	527258783657037	172.0	-39.0	-11.0	95.0	
1501195379406	527258803798638	172.0	-39.0	-11.0	95.0	
1501195379424	527258823940240	172.0	-39.0	-11.0	95.0	
1501195379442	527258844081842	172.0	-39.0	-11.0	95.0	
1501195379459	527258864223443	172.0	-39.0	-11.0	95.0	
1501195379494	527258884365045	172.0	-39.0	-11.0	95.0	
1501195379512	527258904506646	172.0	-39.0	-11.0	95.0	
1501195379530	527258924648248	172.0	-39.0	-11.0	95.0	
1501195379549	527258944789849	172.0	-39.0	-11.0	95.0	
1501195379565	527258964931451	172.0	-39.0	-11.0	95.0	
1501195379583	527258985073052	172.0	-39.0	-11.0	95.0	
1501195379601	527259005214654	172.0	-39.0	-11.0	95.0	
1501195379635	527259025356256	172.0	-39.0	-11.0	95.0	
1501195379653	527259045497857	172.0	-39.0	-11.0	95.0	
1501195379671	527259065639459	172.0	-39.0	-11.0	95.0	
1501195379689	527259085781060	172.0	-39.0	-11.0	95.0	
1501195379707	527259105922662	172.0	-39.0	-11.0	95.0	
1501195379724	527259126064263	171.22625732421875	-39.0	-11.0	95.0	
1501195379741	527259146205865	171.0	-39.0	-11.0	95.0	
1501195379777	527259166347467	171.0	-38.0	-12.0	95.0	
1501195379794	527259186489068	171.0	-38.0	-12.0	95.0	
1501195379812	527259206630670	171.0	-38.0	-12.0	95.0	
1501195379829	527259226772271	171.0	-38.0	-12.0	95.0	
1501195379847	527259246913873	171.0	-37.37890625	-12.0	95.0	
1501195379865	527259267055474	171.0	-37.0	-12.76165771484375	95.0	
1501195379882	527259287197076	171.0	-37.0	-13.0	95.0	
1501195379918	527259307338677	171.0	-36.0	-13.0	95.0	
1501195379935	527259327480279	171.0	-35.81488037109375	-13.0	95.0	
1501195379953	527259347621881	171.0	-35.0	-13.0	95.0	
1501195379971	527259367763482	171.0	-35.0	-13.0	95.0	
1501195379989	527259387905084	171.0	-34.39100646972656	-13.0	95.0	
1501195380007	527259408046685	171.0	-34.0	-13.0	95.0	
1501195380026	527259428188287	170.1088104248047	-34.0	-13.0	95.0	
1501195380059	527259448329888	170.03286743164063	-33.0	-13.0	95.0	
1501195380076	527259468471490	171.0	-33.0	-13.0	95.0	
1501195380094	527259488613092	171.0	-33.0	-13.0	95.0	
1501195380121	527259508754693	171.0	-33.0	-13.0	95.0	
1501195380129	527259528896295	171.0	-33.59757995605469	-13.0	95.0	
1501195380146	527259549037896	171.0	-34.0	-13.0	95.0	
1501195380164	527259569179498	171.0	-34.0	-13.0	95.0	
1501195380199	527259589321099	171.0	-34.0	-13.0	95.0	
1501195380217	527259609462701	171.0	-34.0	-13.0	95.0	
1501195380235	527259629604302	171.0	-34.0	-13.0	95.0	
1501195380252	527259649745904	171.0	-34.0	-13.0	95.0	
1501195380270	527259669887506	171.0	-34.0	-13.0	95.0	
1501195380289	527259690029107	171.0	-34.0	-13.0	95.0	
1501195380305	527259710170709	171.0	-34.0	-13.868499755859375	95.0	
1501195380340	527259730312310	171.0	-34.0	-14.0	95.0	
1501195380358	527259750453912	171.0	-34.0	-14.0	95.0	
1501195380375	527259770595513	171.0	-34.0	-14.0	95.0	
1501195380394	527259790737115	170.56747436523438	-34.432525634765625	-14.0	95.0	
1501195380411	527259810878717	170.0	-35.0	-14.0	95.0	
1501195380429	527259831020318	170.0	-35.0	-14.0	95.0	
1501195380450	527259851161920	170.0	-35.0	-14.0	95.0	
1501195380464	527259871303521	170.0	-35.0	-14.0	95.0	
1501195380499	527259891445123	170.0	-35.0	-14.0	95.0	
1501195380518	527259911586724	170.0	-35.0	-14.0	95.0	
1501195380535	527259931728326	170.0	-35.0	-14.0	95.0	
1501195380553	527259951869927	170.0	-35.0	-14.0	95.0	
1501195380570	527259972011529	170.0	-35.0	-14.0	95.0	
1501195380587	527259992153131	170.0	-35.0	-14.0	95.0	
1501195380605	527260012294732	170.0	-35.0	-14.0	95.0	
1501195380640	527260032436334	171.0	-35.0	-14.0	95.0	
1501195380661	527260052577935	170.73184204101563	-35.0	-14.0	95.0	
1501195380675	527260072719537	170.0	-35.0	-14.0	95.0	
1501195380693	527260092861138	170.0	-35.0	-14.0	95.0	
1501195380713	527260113002740	170.69203186035156	-35.0	-14.0	95.0	
1501195380728	527260133144342	171.0	-35.0	-14.0	95.0	
1501195380749	527260153285943	171.0	-35.0	-14.0	95.0	
1501195380781	527260173427545	171.0	-35.0	-14.0	95.0	
1501195380800	527260193569146	171.0	-35.0	-14.0	95.0	
1501195380817	527260213710748	171.0	-35.0	-14.0	95.0	
1501195380834	527260233852349	171.0	-35.0	-14.0	95.0	
1501195380851	527260253993951	171.0	-35.0	-14.0	95.0	
1501195380870	527260274135552	171.0	-35.0	-14.0	95.0	
1501195380889	527260294277154	171.0	-35.0	-14.0	95.0	
1501195380922	527260314418756	170.0	-35.0	-14.0	95.0	
1501195380940	527260334560357	170.2452392578125	-35.0	-14.0	95.0	
1501195380958	527260354701959	170.61419677734375	-35.0	-14.0	95.0	
1501195380975	527260374843560	170.0	-35.0	-14.0	95.0	
1501195380993	527260394985162	170.0	-35.0	-14.0	95.0	
1501195381011	527260415126763	170.0	-35.0	-14.0	95.0	
1501195381028	527260435268365	170.0	-35.0	-14.0	95.0	
1501195381063	527260455409967	170.0	-35.0	-14.0	95.0	
1501195381080	527260475551568	170.0	-35.0	-14.0	95.0	
1501195381098	527260495693170	170.0	-35.0	-14.0	95.0	
1501195381116	527260515834771	170.0	-35.0	-14.0	95.0	
1501195381137	527260535976373	170.0	-35.0	-14.0	95.0	
1501195381151	527260556117974	170.0	-35.0	-14.0	95.0	
1501195381169	527260576259576	170.0	-35.0	-14.0	95.0	
1501195381204	527260596401177	170.0	-35.0	-14.0	95.0	
1501195381222	527260616542779	170.0	-35.0	-14.0	95.0	
1501195381240	527260636684381	170.0	-35.0	-14.0	95.0	
1501195381257	527260656825982	170.0	-35.0	-14.0	95.0	
1501195381280	527260676967584	170.0	-35.0	-14.0	95.0	
1501195381293	527260697109185	170.0	-35.0	-14.0	95.0	
1501195381310	527260717250787	170.0	-35.0	-14.0	95.0	
1501195381345	527260737392388	170.0	-35.0	-14.0	95.0	
1501195381363	527260757533990	170.0	-35.0	-14.0	95.0	
1501195381381	527260777675592	170.0	-35.0	-14.0	95.0	
1501195381399	527260797817193	170.0	-35.0	-14.0	95.0	
1501195381416	527260817958795	170.0	-35.0	-14.0	95.0	
1501195381433	527260838100396	170.0	-35.0	-14.0	95.0	
1501195381452	527260858241998	170.0	-35.0	-14.0	95.0	
1501195381489	527260878383599	170.0	-35.0	-14.0	95.0	
1501195381505	527260898525201	170.0	-35.0	-14.0	95.0	
1501195381521	527260918666802	170.0	-35.0	-14.0	95.0	
1501195381540	527260938808404	170.0	-35.0	-14.0	95.0	
1501195381557	527260958950006	170.0	-35.0	-14.621749877929688	95.0	
1501195381574	527260979091607	170.0	-35.0	-15.0	95.0	
1501195381592	527260999233209	170.0	-35.0	-15.0	95.0	
1501195381627	527261019374810	170.0	-35.0	-15.0	95.0	
1501195381644	527261039516412	170.0	-35.0	-15.0	95.0	
1501195381663	527261059658013	170.0	-35.0	-15.0	95.0	
1501195381681	527261079799615	170.0	-35.0	-15.0	95.0	
1501195381697	527261099941217	170.0	-35.0	-15.0	95.0	
1501195381716	527261120082818	170.0	-35.0	-15.0	95.0	
1501195381732	527261140224420	170.0	-35.0	-15.0	95.0	
1501195381769	527261160366021	170.0	-35.0	-15.0	95.0	
1501195381786	527261180507623	170.0	-34.82527160644531	-15.0	95.0	
1501195381803	527261200649224	170.0	-34.0	-15.0	95.0	
1501195381822	527261220790826	170.0	-34.0	-15.0	95.0	
1501195381839	527261240932427	170.0	-34.0	-15.0	95.0	
1501195381856	527261261074029	170.740478515625	-34.0	-15.0	95.0	
1501195381874	527261281215631	171.0	-34.0	-15.0	95.0	
1501195381909	527261301357232	171.0	-34.02247619628906	-15.0	95.0	
1501195381927	527261321498834	171.0	-34.8359375	-15.1640625	95.0	
1501195381944	527261341640435	171.0	-34.30448913574219	-16.0	95.0	
1501195381962	527261361782037	171.0	-35.0	-16.0	95.0	
1501195381980	527261381923638	171.0	-35.0	-16.0	95.0	
1501195381997	527261402065240	171.0	-35.0	-16.0	95.0	
1501195382014	527261422206842	171.0	-35.0	-16.0	95.0	
1501195382050	527261442348443	171.0	-35.0	-16.0	95.0	
1501195382067	527261462490045	171.0	-35.0	-16.0	95.0	
1501195382090	527261482631646	171.0	-35.0	-16.0	95.0	
1501195382103	527261502773248	171.0	-35.0	-16.0	95.0	
1501195382122	527261522914849	171.0	-35.0	-16.0	95.0	
1501195382139	527261543056451	171.0	-35.0	-16.0	95.0	
1501195382156	527261563198052	171.0	-35.0	-16.0	95.0	
1501195382173	527261583339654	171.0	-35.0	-16.0	95.0	
1501195382209	527261603481256	171.0	-34.85986328125	-16.0	95.0	
1501195382227	527261623622857	171.0	-34.28150939941406	-16.0	95.0	
1501195382245	527261643764459	171.0	-35.0	-16.0	95.0	
1501195382262	527261663906060	171.0	-35.0	-16.0	95.0	
1501195382279	527261684047662	171.0	-35.0	-16.0	95.0	
1501195382300	527261704189263	171.0	-35.0	-16.0	95.0	
1501195382314	527261724330865	171.0	-34.012115478515625	-16.0	95.0	
1501195382350	527261744472467	171.0	-34.0	-16.0	95.0	
1501195382367	527261764614068	171.0	-34.0	-16.0	95.0	
1501195382385	527261784755670	171.0	-34.0	-16.0	95.0	
1501195382403	527261804897271	171.0	-34.0	-16.0	95.0	
1501195382420	527261825038873	171.0	-34.0	-16.0	95.0	
1501195382437	527261845180474	171.0	-34.83418273925781	-16.0	95.0	
1501195382455	527261865322076	171.0	-35.0	-16.0	95.0	
1501195382490	527261885463677	171.0	-34.0	-16.0	95.0	
1501195382509	527261905605279	171.0	-34.0	-16.0	95.0	
1501195382526	527261925746881	171.0	-34.0	-16.0	95.0	
1501195382544	527261945888482	171.0	-34.0	-16.0	95.0	
1501195382562	527261966030084	171.0	-34.0	-16.0	95.0	
1501195382579	527261986171685	171.0	-34.0	-16.0	95.0	
1501195382615	527262006313287	171.0	-34.0	-16.0	95.0	
1501195382631	527262026454888	171.0	-34.0	-16.0	95.0	
1501195382649	527262046596490	171.0	-34.0	-16.0	95.0	
1501195382668	527262066738092	171.0	-34.0	-16.0	95.0	
1501195382684	527262086879693	171.0	-34.0	-16.0	95.0	
1501195382702	527262107021295	171.0	-34.0	-16.0	95.0	
1501195382737	527262127162896	171.0	-34.0	-16.0	95.0	
1501195382755	527262147304498	171.0	-34.0	-16.0	95.0	
1501195382774	527262167446099	171.0	-34.0	-16.0	95.0	
1501195382790	527262187587701	171.0	-34.0	-16.0	95.0	
1501195382808	527262207729302	171.0	-34.0	-16.0	95.0	
1501195382826	527262227870904	171.0	-34.0	-16.0	95.0	
1501195382861	527262248012506	171.0	-34.0	-16.0	95.0	
1501195382878	527262268154107	171.0	-34.0	-16.0	95.0	
1501195382896	527262288295709	171.0	-34.0	-16.0	95.0	
1501195382922	527262308437310	171.0	-34.0	-16.0	95.0	
1501195382932	527262328578912	171.0	-34.0	-16.0	95.0	
1501195382949	527262348720513	171.0	-34.0	-16.0	95.0	
1501195382967	527262368862115	171.0	-34.0	-16.0	95.0	
1501195383001	527262389003717	171.0	-34.0	-16.0	95.0	
1501195383019	527262409145318	171.0	-34.0	-16.0	95.0	
1501195383037	527262429286920	171.0	-34.0	-16.0	95.0	
1501195383055	527262449428521	171.0	-34.0	-16.0	95.0	
1501195383072	527262469570123	171.0	-34.0	-16.0	95.0	
1501195383091	527262489711724	171.0	-34.92631530761719	-16.0	95.0	
1501195383125	527262509853326	171.0	-35.0	-16.0	95.0	
1501195383143	527262529994927	171.0	-35.0	-16.0	95.0	
1501195383160	527262550136529	171.0	-35.0	-16.0	95.0	
1501195383178	527262570278131	170.4358673095703	-35.0	-16.0	95.0	
1501195383197	527262590419732	170.0	-35.0	-16.0	95.0	
1501195383214	527262610561334	170.0	-35.8428955078125	-16.0	95.0	
1501195383230	527262630702935	170.0	-36.0	-16.0	95.0	
1501195383266	527262650844537	170.0	-36.0	-16.0	95.0	
1501195383283	527262670986138	170.0	-36.0	-16.0	95.0	
1501195383301	527262691127740	170.0	-36.0	-16.0	95.0	
1501195383319	527262711269342	170.0	-36.0	-16.0	95.0	
1501195383337	527262731410943	170.0	-36.0	-16.0	95.0	
1501195383355	527262751552545	170.0	-36.0	-16.0	95.0	
1501195383372	527262771694146	170.0	-36.0	-16.0	95.0	
1501195383389	527262791835748	170.0	-36.0	-16.0	95.0	
1501195383408	527262811977349	170.0	-36.0	-16.0	95.0	
1501195383430	527262832118951	170.0	-36.0	-16.0	95.0	
1501195383442	527262852260552	170.0	-36.0	-16.0	95.0	
1501195383477	527262872402154	170.0	-36.0	-16.0	95.0	
1501195383501	527262892543756	170.0	-36.0	-16.0	95.0	
1501195383515	527262912685357	170.0	-36.0	-16.0	95.0	
1501195383530	527262932826959	170.0	-36.0	-16.0	95.0	
1501195383548	527262952968560	170.0	-36.0	-16.0	95.0	
1501195383566	527262973110162	170.0	-36.0	-16.0	95.0	
1501195383601	527262993251763	170.0	-36.0	-16.0	95.0	
1501195383618	527263013393365	170.0	-36.0	-16.0	95.0	
1501195383636	527263033534967	170.0	-36.31706237792969	-16.0	95.0	
1501195383653	527263053676568	170.0	-37.0	-16.0	95.0	
1501195383673	527263073818170	170.0	-37.0	-16.0	95.0	
1501195383689	527263093959771	170.0	-37.0	-16.0	95.0	
1501195383707	527263114101373	170.0	-37.0	-16.0	95.0	
1501195383744	527263134242974	170.0	-37.0	-16.069793701171875	95.0	
1501195383760	527263154384576	170.0	-37.0	-17.0	95.0	
1501195383778	527263174526177	170.0	-37.0	-17.0	95.0	
1501195383795	527263194667779	170.0	-37.0	-17.0	95.0	
1501195383813	527263214809381	170.0	-37.0	-17.0	95.0	
1501195383831	527263234950982	170.0	-37.0	-17.0	95.0	
1501195383847	527263255092584	170.0	-37.0	-17.0	95.0	
1501195383883	527263275234185	170.0	-37.0	-17.0	95.0	
1501195383901	527263295375787	170.0	-37.0	-17.0	95.0	
1501195383918	527263315517388	170.0	-37.0	-17.0	95.0	
1501195383937	527263335658990	170.0	-37.0	-17.0	95.0	
1501195383954	527263355800592	170.0	-37.0	-17.0	95.0	
1501195383971	527263375942193	170.0	-37.0	-17.0	95.0	
1501195384006	527263396083795	170.0	-37.0	-17.0	95.0	
1501195384029	527263416225396	170.0	-37.0	-17.0	95.0	
1501195384042	527263436366998	170.0	-37.0	-17.0	95.0	
1501195384064	527263456508599	170.0	-37.0	-17.0	95.0	
1501195384076	527263476650201	170.0	-37.0	-17.0	95.0	
1501195384095	527263496791802	170.0	-37.780487060546875	-17.0	95.0	
1501195384112	527263516933404	170.0	-38.0	-17.0	95.0	
1501195384147	527263537075006	170.0	-38.0	-17.0	95.0	
1501195384165	527263557216607	170.0	-38.0	-17.0	95.0	
1501195384182	527263577358209	170.0	-38.0	-17.0	95.0	
1501195384203	527263597499810	170.0	-38.0	-17.0	95.0	
1501195384218	527263617641412	170.0	-38.0	-17.0	95.0	
1501195384236	527263637783013	170.0	-38.0	-17.0	95.0	
1501195384255	527263657924615	170.0	-38.0	-17.0	95.0	
1501195384289	527263678066217	170.0	-38.0	-17.0	95.0	
1501195384306	527263698207818	170.0	-38.0	-17.0	95.0	
1501195384323	527263718349420	170.0	-38.0	-17.0	95.0	
1501195384341	527263738491021	170.0	-38.0	-17.0	95.0	
1501195384360	527263758632623	170.0	-38.0	-17.0	95.0	
1501195384377	527263778774224	170.0	-38.0	-17.0	95.0	
1501195384414	527263798915826	170.0	-38.0	-17.0	95.0	
1501195384430	527263819057427	170.0	-38.0	-17.0	95.0	
1501195384447	527263839199029	170.0	-38.0	-17.0	95.0	
1501195384464	527263859340631	170.0	-38.0	-17.0	95.0	
1501195384483	527263879482232	170.0	-38.0	-17.0	95.0	
1501195384500	527263899623834	170.0	-38.0	-17.0	95.0	
1501195384519	527263919765435	170.0	-38.0	-17.0	95.0	
1501195384553	527263939907037	170.0	-38.0	-17.0	95.0	
1501195384571	527263960048638	170.0	-38.0	-17.0	95.0	
1501195384590	527263980190240	170.0	-38.0	-17.0	95.0	
1501195384605	527264000331842	170.0	-38.0	-17.0	95.0	
1501195384624	527264020473443	170.0	-38.0	-17.0	95.0	
1501195384641	527264040615045	170.0	-38.0	-17.0	95.0	
1501195384658	527264060756646	170.0	-38.0	-17.0	95.0	
1501195384694	527264080898248	170.0	-38.0	-17.0	95.0	
1501195384712	527264101039849	170.0	-38.0	-17.0	95.0	
1501195384728	527264121181451	170.0	-38.0	-17.0	95.0	
1501195384746	527264141323052	170.0	-38.0	-17.0	95.0	
1501195384764	527264161464654	170.0	-38.0	-17.0	95.0	
1501195384782	527264181606256	170.0	-38.0	-17.0	95.0	
1501195384820	527264201747857	170.0	-38.0	-17.0	95.0	
1501195384835	527264221889459	170.0	-38.0	-17.0	95.0	
1501195384852	527264242031060	170.0	-38.0	-17.0	95.0	
1501195384870	527264262172662	170.0	-38.0	-17.0	95.0	
1501195384888	527264282314263	170.0	-38.0	-17.0	95.0	
1501195384905	527264302455865	170.0	-38.0	-17.0	95.0	
1501195384923	527264322597467	170.0	-38.0	-17.0	95.0	
1501195384958	527264342739068	170.0	-38.0	-17.0	95.0	
1501195384976	527264362880670	170.0	-38.0	-17.0	95.0	
1501195384993	527264383022271	170.0	-38.0	-17.0	95.0	
1501195385011	527264403163873	170.0	-38.0	-17.0	95.0	
1501195385029	527264423305474	170.0	-38.0	-17.0	95.0	
1501195385048	527264443447076	170.0	-38.0	-17.0	95.0	
1501195385064	527264463588677	170.0	-38.0	-17.0	95.0	
1501195385099	527264483730279	170.0	-38.0	-17.0	95.0	
1501195385116	527264503871881	170.0	-38.0	-17.0	95.0	
1501195385134	527264524013482	170.0	-38.0	-17.0	95.0	
1501195385153	527264544155084	170.0	-38.0	-17.0	95.0	
1501195385169	527264564296685	170.0	-38.0	-17.0	95.0	
1501195385187	527264584438287	170.0	-38.0	-17.0	95.0	
1501195385205	527264604579888	170.0	-38.0	-17.0	95.0	
1501195385240	527264624721490	170.0	-38.0	-17.0	95.0	
1501195385257	527264644863092	170.0	-38.0	-17.0	95.0	
1501195385275	527264665004693	170.0	-38.0	-17.0	95.0	
1501195385293	527264685146295	170.0	-38.0	-17.0	95.0	
1501195385311	527264705287896	170.0	-38.0	-17.0	95.0	
1501195385328	527264725429498	170.0	-38.0	-17.0	95.0	
1501195385348	527264745571099	170.0	-38.0	-17.0	95.0	
1501195385364	527264765712701	170.0	-38.0	-17.0	95.0	
1501195385398	527264785854302	170.0	-38.0	-17.0	95.0	
1501195385416	527264805995904	170.0	-38.0	-17.0	95.0	
1501195385439	527264826137506	170.0	-38.0	-17.0	95.0	
1501195385452	527264846279107	170.0	-38.0	-17.0	95.0	
1501195385471	527264866420709	170.0	-38.0	-17.0	95.0	
1501195385488	527264886562310	170.0	-38.0	-17.0	95.0	
1501195385504	527264906703912	170.0	-38.0	-17.0	95.0	
1501195385539	527264926845513	171.0	-38.0	-17.0	95.0	
1501195385558	527264946987115	171.0	-38.0	-17.0	95.0	
1501195385575	527264967128717	171.0	-38.0	-17.0	95.0	
1501195385593	527264987270318	171.0	-38.0	-17.0	95.0	
1501195385611	527265007411920	171.0	-38.0	-17.0	95.0	
1501195385628	527265027553521	171.0	-38.0	-17.0	95.0	
1501195385645	527265047695123	171.0	-38.0	-17.0	95.0	
1501195385663	527265067836724	171.0	-38.0	-17.0	95.0	
1501195385699	527265087978326	171.0	-38.0	-17.0	95.0	
1501195385715	527265108119927	171.0	-38.0	-17.0	95.0	
1501195385733	527265128261529	171.0	-38.0	-17.0	95.0	
1501195385751	527265148403131	171.0	-38.0	-17.0	95.0	
1501195385769	527265168544732	171.0	-38.0	-17.0	95.0	
1501195385788	527265188686334	171.0	-38.0	-17.0	95.0	
1501195385804	527265208827935	171.0	-38.0	-17.0	95.0	
1501195385839	527265228969537	171.0	-38.0	-17.0	95.0	
1501195385857	527265249111138	171.0	-38.0	-17.0	95.0	
1501195385874	527265269252740	171.0	-38.0	-17.0	95.0	
1501195385893	527265289394342	171.0	-38.0	-17.0	95.0	
1501195385909	527265309535943	171.0	-38.0	-17.0	95.0	
1501195385937	527265329677545	171.0	-38.0	-17.0	95.0	
1501195385945	527265349819146	171.0	-38.0	-17.0	95.0	
1501195385980	527265369960748	171.0	-38.0	-17.0	95.0	
1501195385997	527265390102349	171.0	-38.0	-17.0	95.0	
1501195386015	527265410243951	171.0	-38.0	-17.0	95.0	
1501195386033	527265430385552	171.0	-38.0	-17.0	95.0	
1501195386051	527265450527154	171.0	-38.0	-17.0	95.0	
1501195386068	527265470668756	171.0	-38.0	-17.0	95.0	
1501195386086	527265490810357	171.0	-38.0	-17.0	95.0	
1501195386104	527265510951959	171.0	-38.0	-17.0	95.0	
1501195386138	527265531093560	171.0	-38.0	-17.0	95.0	
1501195386156	527265551235162	171.0	-38.0	-17.0	95.0	
1501195386174	527265571376763	171.0	-38.0	-17.0	95.0	
1501195386191	527265591518365	171.0	-38.0	-17.0	95.0	
1501195386210	527265611659967	171.0	-38.0	-17.0	95.0	
1501195386229	527265631801568	171.0	-38.0	-17.0	95.0	
1501195386244	527265651943170	171.0	-38.0	-17.0	95.0	
1501195386282	527265672084771	171.0	-38.0	-17.0	95.0	
1501195386298	527265692226373	171.0	-38.0	-17.0	95.0	
1501195386317	527265712367974	171.0	-38.0	-17.0	95.0	
1501195386333	527265732509576	171.0	-38.0	-17.0	95.0	
1501195386351	527265752651177	171.0	-38.0	-17.0	95.0	
1501195386369	527265772792779	171.0	-38.0	-17.0	95.0	
1501195386386	527265792934381	171.0	-38.0	-17.0	95.0	
1501195386403	527265813075982	171.0	-38.0	-17.0	95.0	
1501195386438	527265833217584	171.0	-38.0	-17.0	95.0	
1501195386456	527265853359185	171.0	-38.0	-17.0	95.0	
1501195386475	527265873500787	171.0	-38.0	-17.0	95.0	
1501195386492	527265893642388	171.0	-38.0	-17.0	95.0	
1501195386509	527265913783990	171.0	-38.0	-17.0	95.0	
1501195386544	527265933925592	171.0	-38.0	-17.0	95.0	
1501195386562	527265954067193	171.0	-38.0	-17.0	95.0	
1501195386581	527265974208795	171.0	-38.0	-17.0	95.0	
1501195386598	527265994350396	171.0	-38.0	-17.0	95.0	
1501195386616	527266014491998	171.0	-38.0	-17.0	95.0	
1501195386633	527266034633599	171.0	-38.0	-17.0	95.0	
1501195386670	527266054775201	171.0	-38.0	-17.0	95.0	
1501195386685	527266074916802	171.0	-38.0	-17.0	95.0	
1501195386703	527266095058404	171.0	-38.0	-17.0	95.0	
1501195386721	527266115200006	171.0	-38.0	-17.0	95.0	
1501195386739	527266135341607	171.0	-38.0	-17.0	95.0	
1501195386756	527266155483209	171.0	-38.0	-17.0	95.0	
1501195386791	527266175624810	171.0	-38.0	-17.0	95.0	
1501195386808	527266195766412	171.0	-38.0	-17.0	95.0	
1501195386826	527266215908013	171.0	-38.0	-17.0	95.0	
1501195386844	527266236049615	171.0	-38.0	-17.0	95.0	
1501195386861	527266256191217	171.0	-38.0	-17.0	95.0	
1501195386880	527266276332818	171.0	-38.0	-17.0	95.0	
1501195386897	527266296474420	171.0	-38.0	-17.0	95.0	
1501195386932	527266316616021	171.0	-38.0	-17.0	95.0	
1501195386949	527266336757623	170.74139404296875	-38.0	-17.0	95.0	
1501195386967	527266356899224	170.0	-38.0	-17.0	95.0	
1501195386986	527266377040826	170.0	-38.0	-17.0	95.0	
1501195387003	527266397182427	170.0	-38.0	-17.0	95.0	
1501195387020	527266417324029	170.0	-38.0	-17.0	95.0	
1501195387038	527266437465631	170.0	-38.0	-17.0	95.0	
1501195387073	527266457607232	170.0	-38.0	-17.0	95.0	
1501195387090	527266477748834	170.0	-38.0	-17.0	95.0	
1501195387108	527266497890435	170.0	-38.0	-17.0	95.0	
1501195387125	527266518032037	170.0	-38.0	-17.0	95.0	
1501195387143	527266538173638	170.0	-38.0	-17.0	95.0	
1501195387162	527266558315240	170.0	-38.0	-17.0	95.0	
1501195387182	527266578456842	170.0	-38.0	-17.0	95.0	
1501195387215	527266598598443	170.0	-38.0	-17.0	95.0	
1501195387231	527266618740045	170.0	-38.0	-17.0	95.0	
1501195387249	527266638881646	170.0	-38.0	-17.0	95.0	
1501195387267	527266659023248	170.0	-38.0	-17.0	95.0	
1501195387284	527266679164849	170.0	-38.0	-17.0	95.0	
1501195387302	527266699306451	170.0	-38.0	-17.0	95.0	
1501195387320	527266719448052	170.0	-38.0	-17.0	95.0	
1501195387356	527266739589654	170.0	-38.0	-17.0	95.0	
1501195387375	527266759731256	170.0	-38.0	-17.0	95.0	
1501195387391	527266779872857	170.0	-38.0	-17.0	95.0	
1501195387408	527266800014459	170.0	-38.0	-17.0	95.0	
1501195387425	527266820156060	170.0	-38.0	-17.0	95.0	
1501195387443	527266840297662	170.0	-38.0	-17.0	95.0	
1501195387461	527266860439263	170.0	-38.0	-17.0	95.0	
1501195387479	527266880580865	170.0	-38.0	-17.0	95.0	
1501195387513	527266900722467	171.0	-38.0	-17.0	95.0	
1501195387531	527266920864068	171.0	-38.0	-17.0	95.0	
1501195387549	527266941005670	171.0	-38.0	-17.0	95.0	
1501195387566	527266961147271	171.0	-38.0	-17.0	95.0	
1501195387585	527266981288873	171.0	-38.0	-17.0	95.0	
1501195387602	527267001430474	171.0	-38.0	-17.0	95.0	
1501195387620	527267021572076	171.0	-38.0	-17.0	95.0	
1501195387654	527267041713677	170.0	-38.0	-17.0	95.0	
1501195387672	527267061876112	170.0	-38.0	-17.0	95.0	
1501195387690	527267082017714	170.37240600585938	-38.0	-17.0	95.0	
1501195387707	527267102159315	170.4896697998047	-38.0	-17.0	95.0	
1501195387725	527267122300917	170.0	-38.0	-17.0	95.0	
1501195387743	527267142442518	170.0	-38.0	-17.0	95.0	
1501195387760	527267162584120	170.0	-38.0	-17.0	95.0	
1501195387795	527267182725721	171.0	-38.0	-17.0	95.0	
1501195387813	527267202867323	171.0	-38.0	-17.0	95.0	
1501195387830	527267223008925	170.6603546142578	-38.0	-17.0	95.0	
1501195387850	527267243150526	170.0	-38.0	-17.0	95.0	
1501195387866	527267263292128	170.0	-38.0	-17.0	95.0	
1501195387883	527267283433729	170.0	-38.0	-17.0	95.0	
1501195387902	527267303575331	170.0	-38.0	-17.0	95.0	
1501195387936	527267323716932	170.0	-38.0	-17.0	-1.0	
1501195387954	527267343858534	170.0	-38.0	-17.0	-1.0	
1501195387972	527267364000135	170.0	-38.0	-17.0	-1.0	
1501195387989	527267384141737	170.0	-38.0	-17.0	-1.0	
1501195388007	527267404283339	170.0	-38.0	-17.0	-1.0	
1501195388024	527267424424940	170.0	-38.0	-17.0	-1.0	
1501195388042	527267444566542	170.0	-38.0	-17.0	-1.0	
1501195388060	527267464708143	170.0	-38.0	-17.0	-1.0	
1501195388094	527267484849745	170.0	-38.0	-17.0	-1.0	
1501195388112	527267504991346	170.0	-38.0	-17.0	-1.0	
1501195388130	527267525132948	170.0	-38.0	-17.0	-1.0	
1501195388148	527267545274550	170.0	-38.0	-17.0	-1.0	
1501195388165	527267565416151	170.0	-38.0	-17.0	-1.0	
1501195388183	527267585557753	170.0	-38.0	-17.0	-1.0	
1501195388200	527267605699354	170.0	-38.0	-17.0	-1.0	
1501195388236	527267625840956	170.0	-38.0	-17.0	-1.0	
1501195388253	527267645982557	170.0	-38.0	-17.0	-1.0	
1501195388271	527267666124159	170.0	-38.0	-17.0	-1.0	
1501195388289	527267686265760	170.0	-38.0	-17.0	-1.0	
1501195388306	527267706407362	170.0	-38.0	-17.0	-1.0	
1501195388324	527267726548964	170.0	-38.0	-17.0	-1.0	
1501195388341	527267746690565	170.93275451660156	-38.0	-17.0	-1.0	
1501195388377	527267766832167	170.0	-38.0	-17.0	-1.0	
1501195388394	527267786973768	170.0	-38.0	-17.0	-1.0	
1501195388412	527267807115370	170.0	-38.0	-17.0	-1.0	
1501195388430	527267827256971	170.0	-38.0	-17.0	-1.0	
1501195388447	527267847398573	170.0	-38.0	-17.0	-1.0	
1501195388465	527267867540175	170.0	-38.0	-17.0	-1.0	
1501195388483	527267887681776	170.0	-38.0	-17.0	-1.0	
1501195388518	527267907823378	170.03964233398438	-38.0	-17.0	-1.0	
1501195388535	527267927964979	171.0	-38.0	-17.0	-1.0	
1501195388558	527267948106581	171.0	-38.0	-17.0	-1.0	
1501195388571	527267968248182	171.0	-38.0	-17.0	-1.0	
1501195388588	527267988389784	171.0	-38.0	-17.0	-1.0	
1501195388609	527268008531385	171.0	-38.0	-17.0	-1.0	
1501195388624	527268028672987	171.0	-38.0	-17.0	-1.0	
1501195388658	527268048814589	170.9931182861328	-38.0	-17.0	-1.0	
1501195388677	527268068956190	170.0	-38.0	-17.0	-1.0	
1501195388694	527268089097792	170.0	-38.0	-17.0	-1.0	
1501195388711	527268109239393	170.0	-38.0	-17.0	-1.0	
1501195388729	527268129380995	170.0	-38.0	-17.0	-1.0	
1501195388747	527268149522596	170.0	-38.0	-17.0	-1.0	
1501195388765	527268169664198	170.0	-38.0	-17.0	-1.0	
1501195388782	527268189805800	170.0	-38.0	-17.0	-1.0	
1501195388817	527268209947401	170.0	-38.0	-17.0	-1.0	
1501195388835	527268230089003	170.0	-38.0	-17.0	-1.0	
1501195388853	527268250230604	170.0	-38.0	-17.0	-1.0	
1501195388870	527268270372206	170.0	-38.0	-17.0	-1.0	
1501195388888	527268290513807	170.0	-38.0	-17.0	-1.0	
1501195388906	527268310655409	170.0	-38.0	-17.0	-1.0	
1501195388923	527268330797010	170.0	-38.0	-17.0	-1.0	
1501195388958	527268350938612	170.0	-38.0	-17.0	-1.0	
1501195388980	527268371080214	170.0	-38.0	-17.0	-1.0	
1501195388993	527268391221815	170.0	-38.0	-17.0	-1.0	
1501195389012	527268411363417	170.0	-38.0	-17.0	-1.0	
1501195389031	527268431505018	170.0	-38.0	-17.0	-1.0	
1501195389047	527268451646620	170.0	-38.0	-17.0	-1.0	
1501195389065	527268471788221	170.0	-38.0	-17.0	-1.0	
1501195389099	527268491929823	170.0	-38.0	-17.0	-1.0	
1501195389117	527268512071425	170.0	-38.0	-17.0	-1.0	
1501195389135	527268532213026	170.0	-38.0	-17.0	-1.0	
1501195389152	527268552354628	170.0	-38.0	-17.0	-1.0	
1501195389171	527268572496229	170.0	-38.0	-17.0	-1.0	
1501195389187	527268592637831	170.0	-38.0	-17.0	-1.0	
1501195389205	527268612779432	170.0	-38.0	-17.0	-1.0	
1501195389240	527268632921034	170.0	-38.0	-17.0	-1.0	
1501195389258	527268653062635	170.0	-38.0	-17.0	-1.0	
1501195389277	527268673204237	170.0	-38.0	-17.0	-1.0	
1501195389300	527268693345839	170.0	-38.0	-17.0	-1.0	
1501195389311	527268713487440	170.0	-38.0	-17.0	-1.0	
1501195389329	527268733629042	170.0	-38.0	-17.0	-1.0	
1501195389346	527268753770643	170.0	-38.0	-17.0	-1.0	
1501195389364	527268773912245	170.0	-38.0	-17.0	-1.0	
1501195389399	527268794053846	170.0	-38.0	-17.0	-1.0	
1501195389416	527268814195448	170.0	-38.0	-17.0	-1.0	
1501195389435	527268834337050	170.0	-38.0	-17.0	-1.0	
1501195389452	527268854478651	170.0	-38.0	-17.0	-1.0	
1501195389470	527268874620253	170.0	-38.0	-17.0	-1.0	
1501195389487	527268894761854	170.0	-38.0	-17.0	-1.0	
1501195389505	527268914903456	170.0	-38.0	-17.0	-1.0	
1501195389541	527268935045057	170.0	-38.0	-17.0	-1.0	
1501195389558	527268955186659	170.0	-38.0	-17.0	-1.0	
1501195389576	527268975328260	170.0	-38.0	-17.0	-1.0	
1501195389594	527268995469862	170.0	-38.0	-17.0	-1.0	
1501195389611	527269015611464	170.0	-38.0	-17.0	-1.0	
1501195389646	527269035753065	170.0	-38.0	-17.0	-1.0	
1501195389664	527269055894667	170.0	-38.0	-17.0	-1.0	
1501195389690	527269076036268	170.0	-38.0	-17.0	-1.0	
1501195389699	527269096177870	170.0	-38.0	-17.0	-1.0	
1501195389717	527269116319471	170.0	-38.0	-17.0	-1.0	
1501195389752	527269136461073	170.0	-38.0	-17.0	-1.0	
1501195389769	527269156602675	170.0	-38.0	-17.0	-1.0	
1501195389787	527269176744276	170.0	-38.0	-17.0	-1.0	
1501195389805	527269196885878	170.0	-38.0	-17.0	-1.0	
1501195389822	527269217027479	170.0	-38.0	-17.0	-1.0	
1501195389840	527269237169081	170.0	-38.0	-17.0	-1.0	
1501195389875	527269257310682	170.0	-38.0	-17.0	-1.0	
1501195389893	527269277452284	170.0	-38.0	-17.0	-1.0	
1501195389910	527269297593885	170.0	-38.0	-17.0	-1.0	
1501195389931	527269317735487	170.0	-38.0	-17.0	-1.0	
1501195389945	527269337877089	170.0	-38.0	-17.0	-1.0	
1501195389963	527269358018690	170.0	-38.0	-17.0	-1.0	
1501195389981	527269378160292	170.0	-38.0	-17.0	-1.0	
1501195390016	527269398301893	170.0	-38.0	-17.0	-1.0	
1501195390034	527269418443495	170.0	-38.0	-17.0	-1.0	
1501195390051	527269438585096	170.0	-38.0	-17.0	-1.0	
1501195390069	527269458726698	170.0	-38.0	-17.0	-1.0	
1501195390086	527269478868300	170.0	-38.0	-17.0	-1.0	
1501195390104	527269499009901	170.7162628173828	-38.0	-17.0	-1.0	
1501195390122	527269519151503	171.0	-38.0	-17.0	-1.0	
1501195390157	527269539293104	171.0	-38.0	-17.0	-1.0	
1501195390175	527269559434706	171.0	-38.0	-17.0	-1.0	
1501195390193	527269579576307	171.0	-38.0	-17.287689208984375	-1.0	
1501195390210	527269599717909	171.0	-38.0	-18.0	-1.0	
1501195390227	527269619859510	171.0	-38.0	-18.0	-1.0	
1501195390245	527269640001112	171.0	-38.0	-18.0	-1.0	
1501195390263	527269660142714	171.0	-38.0	-18.0	-1.0	
1501195390297	527269680284315	171.0	-38.0	-18.0	-1.0	
1501195390315	527269700425917	171.0	-38.0	-18.0	-1.0	
1501195390333	527269720567518	171.0	-38.0	-18.0	-1.0	
1501195390351	527269740709120	171.0	-38.0	-18.0	-1.0	
1501195390369	527269760850721	171.57266235351563	-38.0	-18.0	-1.0	
1501195390386	527269780992323	172.0	-38.0	-18.0	-1.0	
1501195390403	527269801133925	172.0	-38.0	-18.0	-1.0	
1501195390439	527269821275526	172.0	-38.0	-18.0	-1.0	
1501195390457	527269841417128	172.0	-38.0	-18.0	-1.0	
1501195390474	527269861558729	172.0	-38.0	-18.0	-1.0	
1501195390492	527269881700331	172.0	-38.0	-18.0	-1.0	
1501195390509	527269901841932	172.0	-37.427337646484375	-18.0	-1.0	
1501195390527	527269921983534	172.0	-37.0	-18.0	-1.0	
1501195390545	527269942125135	172.0	-37.0	-18.0	-1.0	
1501195390580	527269962266737	172.0	-37.0	-19.0	-1.0	
1501195390598	527269982408339	171.85861206054688	-37.0	-19.0	-1.0	
1501195390619	527270002549940	171.0	-37.0	-19.0	-1.0	
1501195390632	527270022691542	171.39181518554688	-37.0	-19.0	-1.0	
1501195390650	527270042833143	172.0	-37.0	-19.0	-1.0	
1501195390668	527270062974745	172.0	-37.642242431640625	-19.0	-1.0	
1501195390685	527270083116346	172.0	-38.0	-19.0	-1.0	
1501195390703	527270103257948	172.0	-38.0	-19.0	-1.0	
1501195390739	527270123399550	171.98297119140625	-38.01702880859375	-19.0	-1.0	
1501195390756	527270143541151	171.0	-39.0	-19.0	-1.0	
1501195390773	527270163682753	171.0	-39.0	-19.0	-1.0	
1501195390791	527270183824354	171.0	-39.0	-19.0	-1.0	
1501195390810	527270203965956	171.0	-39.0	-19.0	-1.0	
1501195390828	527270224107557	171.0	-39.0	-19.0	-1.0	
1501195390844	527270244249159	171.0	-39.0	-19.0	-1.0	
1501195390862	527270264390760	171.0	-39.0	-19.0	-1.0	
1501195390898	527270284532362	171.0	-39.0	-19.0	-1.0	
1501195390915	527270304673964	171.0	-39.0	-19.0	-1.0	
1501195390932	527270324815565	171.0	-39.0	-19.0	-1.0	
1501195390950	527270344957167	171.0	-38.608184814453125	-19.0	-1.0	
1501195390968	527270365098768	171.0	-38.0	-19.0	-1.0	
1501195390986	527270385240370	171.64224243164063	-38.0	-18.357757568359375	-1.0	
1501195391004	527270405381971	172.0	-38.0	-18.0	-1.0	
1501195391021	527270425523573	172.0	-37.107330322265625	-18.0	-1.0	
1501195391057	527270445665175	172.0	-37.0	-18.0	-1.0	
1501195391074	527270465806776	172.0	-36.856903076171875	-18.0	-1.0	
1501195391091	527270485948378	172.2674560546875	-36.0	-17.7325439453125	-1.0	
1501195391108	527270506089979	173.0	-36.0	-17.0	-1.0	
1501195391127	527270526231581	173.0	-35.48211669921875	-17.0	-1.0	
1501195391144	527270546373182	173.0	-35.0	-17.0	-1.0	
1501195391161	527270566514784	173.76791381835938	-34.232086181640625	-17.0	-1.0	
1501195391179	527270586656385	174.0	-34.0	-17.0	-1.0	
1501195391214	527270606797987	174.0	-33.0	-16.0	-1.0	
1501195391233	527270626939589	174.14309692382813	-32.856903076171875	-16.0	-1.0	
1501195391250	527270647081190	175.0	-32.0	-16.0	-1.0	
1501195391267	527270667222792	175.0	-32.0	-16.0	-1.0	
1501195391286	527270687364393	175.0	-32.0	-16.0	-1.0	
1501195391302	527270707505995	175.68521118164063	-31.314788818359375	-16.0	-1.0	
1501195391320	527270727647596	176.0	-31.0	-16.0	-1.0	
1501195391338	527270747789198	176.0	-31.0	-16.0	-1.0	
1501195391373	527270767930800	176.0	-31.0	-16.0	-1.0	
1501195391391	527270788072401	176.0	-31.0	-16.0	-1.0	
1501195391408	527270808214003	176.0	-31.0	-16.0	-1.0	
1501195391426	527270828355604	176.0	-31.0	-16.0	-1.0	
1501195391444	527270848497206	176.0	-31.0	-16.0	-1.0	
1501195391461	527270868638807	176.0	-31.0	-16.0	-1.0	
1501195391497	527270888780409	175.0	-31.0	-16.0	-1.0	
1501195391514	527270908922010	175.0	-31.0	-16.0	-1.0	
1501195391531	527270929063612	175.0	-31.0	-16.0	-1.0	
1501195391550	527270949205214	175.0	-31.0	-16.0	-1.0	
1501195391567	527270969346815	175.0	-31.0	-16.0	-1.0	
1501195391585	527270989488417	175.0	-31.751296997070313	-16.0	-1.0	
1501195391602	527271009630018	175.0	-32.0	-16.0	-1.0	
1501195391637	527271029771620	175.0	-32.0	-16.0	-1.0	
1501195391655	527271049913221	174.8052215576172	-32.0	-16.0	-1.0	
1501195391673	527271070054823	174.0	-32.0	-16.0	-1.0	
1501195391691	527271090196425	174.0	-32.0	-16.0	-1.0	
1501195391708	527271110338026	174.0	-32.0	-16.0	-1.0	
1501195391726	527271130479628	174.0	-32.0	-16.0	-1.0	
1501195391743	527271150621229	174.0	-32.0	-16.0	-1.0	
1501195391778	527271170762831	174.0	-32.0	-16.0	-1.0	
1501195391796	527271190904432	174.0	-32.0	-16.0	-1.0	
1501195391814	527271211046034	174.0	-32.0	-16.0	-1.0	
1501195391832	527271231187635	174.0	-32.0	-16.0	-1.0	
1501195391849	527271251329237	174.0	-32.0	-16.0	-1.0	
1501195391867	527271271470839	174.0	-32.0	-16.0	-1.0	
1501195391884	527271291612440	174.0	-32.0	-16.0	-1.0	
1501195391920	527271311754042	174.0	-32.0	-16.0	-1.0	
1501195391937	527271331895643	174.0	-32.0	-16.0	-1.0	
1501195391955	527271352037245	174.0	-32.0	-16.0	-1.0	
1501195391973	527271372178846	174.0	-32.0	-16.0	-1.0	
1501195391990	527271392320448	174.0	-32.0	-16.0	-1.0	
1501195392007	527271412462050	174.0	-32.0	-16.0	-1.0	
1501195392025	527271432603651	174.0	-32.0	-16.0	-1.0	
1501195392061	527271452745253	174.0	-32.0	-16.0	-1.0	
1501195392078	527271472886854	174.0	-32.0	-16.0	-1.0	
1501195392096	527271493028456	174.0	-32.0	-16.0	-1.0	
1501195392114	527271513170057	174.0	-32.0	-16.0	-1.0	
1501195392132	527271533311659	174.0	-32.0	-16.0	-1.0	
1501195392149	527271553453260	174.0	-32.0	-16.0	-1.0	
1501195392184	527271573594862	174.0	-32.0	-16.0	-1.0	
1501195392202	527271593736464	174.0	-32.0	-16.0	-1.0	
1501195392227	527271613878065	174.0	-32.0	-16.0	-1.0	
1501195392237	527271634019667	174.0	-32.0	-16.0	-1.0	
1501195392254	527271654161268	174.0	-32.0	-16.0	-1.0	
1501195392271	527271674302870	174.0	-32.0	-16.0	-1.0	
1501195392289	527271694444471	174.0	-32.0	-16.0	-1.0	
1501195392324	527271714586073	174.0	-32.0	-16.0	-1.0	
1501195392342	527271734727675	174.0	-32.0	-16.0	-1.0	
1501195392361	527271754869276	174.0	-32.0	-16.0	-1.0	
1501195392377	527271775010878	174.0	-32.0	-16.0	-1.0	
1501195392396	527271795152479	174.0	-32.0	-16.0	-1.0	
1501195392413	527271815294081	174.0	-32.0	-16.0	-1.0	
1501195392430	527271835435682	174.0	-32.0	-16.0	-1.0	
1501195392466	527271855577284	174.0	-32.0	-16.0	-1.0	
1501195392484	527271875718885	174.0	-32.0	-16.0	-1.0	
1501195392502	527271895860487	174.0	-32.0	-16.0	-1.0	
1501195392519	527271916002089	174.0	-32.0	-16.0	-1.0	
1501195392536	527271936143690	174.0	-32.0	-16.0	-1.0	
1501195392554	527271956285292	174.0	-32.0	-16.0	-1.0	
1501195392572	527271976426893	174.0	-32.0	-16.0	-1.0	
1501195392607	527271996568495	174.0	-32.0	-16.0	-1.0	
1501195392625	527272016710096	174.0	-32.0	-15.72222900390625	-1.0	
1501195392642	527272036851698	174.0	-32.0	-15.0	-1.0	
1501195392660	527272056993300	174.0	-32.0	-15.0	-1.0	
1501195392679	527272077134901	174.71998596191406	-32.0	-15.0	-1.0	
1501195392695	527272097276503	175.0	-31.132186889648438	-14.132186889648438	-1.0	
1501195392730	527272117418104	175.01564025878906	-31.0	-13.984359741210938	-1.0	
1501195392748	527272137559706	176.0	-30.836807250976563	-13.0	-1.0	
1501195392766	527272157701307	176.0	-30.0	-13.0	-1.0	
1501195392790	527272177842909	176.0	-30.0	-12.542617797851563	-1.0	
1501195392801	527272197984510	176.60520935058594	-30.0	-12.0	-1.0	
1501195392820	527272218126112	177.0	-29.246963500976563	-11.246963500976563	-1.0	
1501195392836	527272238267714	177.0	-29.0	-11.0	-1.0	
1501195392871	527272258409315	177.0	-29.048690795898438	-11.0	-1.0	
1501195392889	527272278550917	177.0	-30.0	-11.0	-1.0	
1501195392906	527272298692518	177.0	-30.0	-11.0	-1.0	
1501195392925	527272318834120	177.0	-30.0	-10.509567260742188	-1.0	
1501195392942	527272338975721	177.0	-30.0	-10.0	-1.0	
1501195392959	527272359117323	177.0	-30.0	-10.0	-1.0	
1501195392977	527272379258925	177.0	-30.0	-10.0	-1.0	
1501195393012	527272399400526	176.91827392578125	-31.0	-10.0	-1.0	
1501195393030	527272419542128	176.0	-31.0	-10.0	-1.0	
1501195393047	527272439683729	176.0	-31.375640869140625	-10.0	-1.0	
1501195393065	527272459825331	176.0	-32.0	-10.0	-1.0	
1501195393084	527272479966932	176.0	-32.0	-10.0	-1.0	
1501195393100	527272500108534	176.0	-32.819122314453125	-10.0	-1.0	
1501195393118	527272520250135	175.03305053710938	-33.0	-10.0	-1.0	
1501195393153	527272540391737	175.0	-33.0	-10.0	-1.0	
1501195393171	527272560533339	175.0	-33.2608642578125	-10.0	-1.0	
1501195393189	527272580674940	175.0	-34.0	-10.0	-1.0	
1501195393206	527272600816542	175.0	-34.0	-10.0	-1.0	
1501195393224	527272620958143	175.0	-34.0	-10.0	-1.0	
1501195393242	527272641099745	175.0	-34.0	-10.0	-1.0	
1501195393259	527272661241346	175.0	-34.0	-10.0	-1.0	
1501195393294	527272681382948	174.85243225097656	-34.0	-11.0	-1.0	
1501195393312	527272701524550	174.0	-34.0	-11.0	-1.0	
1501195393329	527272721666151	174.0	-34.0	-11.0	-1.0	
1501195393348	527272741807753	174.0	-34.58955383300781	-11.0	-1.0	
1501195393365	527272761949354	174.0	-35.0	-10.262619018554688	-1.0	
1501195393382	527272782090956	174.8852081298828	-35.0	-10.0	-1.0	
1501195393417	527272802232557	175.0	-35.0	-10.0	-1.0	
1501195393435	527272822374159	175.0	-35.0	-10.0	-1.0	
1501195393453	527272842515760	174.6730499267578	-35.0	-10.0	-1.0	
1501195393471	527272862657362	174.0	-35.0	-10.0	-1.0	
1501195393488	527272882798964	174.0	-35.0	-10.0	-1.0	
1501195393506	527272902940565	174.0	-35.0	-10.770431518554688	-1.0	
1501195393524	527272923082167	174.0	-35.0	-11.0	-1.0	
1501195393559	527272943223768	174.0	-35.0	-11.0	-1.0	
1501195393576	527272963365370	174.0	-35.0	-11.0	-1.0	
1501195393594	527272983506971	174.0	-35.0	-11.0	-1.0	
1501195393612	527273003648573	174.0	-35.0	-11.0	-1.0	
1501195393629	527273023790175	174.0	-35.0	-11.0	-1.0	
1501195393647	527273043931776	174.0	-35.0	-11.0	-1.0	
1501195393665	527273064073378	174.0	-35.9512939453125	-11.0	-1.0	
1501195393699	527273084214979	174.0	-36.0	-11.0	-1.0	
1501195393718	527273104356581	174.0	-36.0	-11.245208740234375	-1.0	
1501195393735	527273124498182	174.0	-36.0	-12.0	-1.0	
1501195393753	527273144639784	173.45913696289063	-36.0	-12.0	-1.0	
1501195393771	527273164781385	173.0	-36.0	-12.0	-1.0	
1501195393788	527273184922987	173.0	-36.0	-12.0	-1.0	
1501195393806	527273205064589	173.0	-36.0	-12.0	-1.0	
1501195393841	527273225206190	173.0	-36.0	-12.0	-1.0	
1501195393858	527273245347792	173.0	-36.0	-12.0	-1.0	
1501195393876	527273265489393	173.0	-36.0	-12.0	-1.0	
1501195393893	527273285630995	173.0	-36.0	-12.0	-1.0	
1501195393911	527273305772596	173.0	-36.0	-12.7110595703125	-1.0	
1501195393930	527273325914198	173.0	-36.0	-13.0	-1.0	
1501195393947	527273346055800	173.0	-36.0	-13.0	-1.0	
1501195393982	527273366197401	173.0	-36.0	-13.0	-1.0	
1501195394000	527273386339003	173.0	-36.0	-13.0	-1.0	
1501195394018	527273406480604	173.0	-36.0	-13.0	-1.0	
1501195394035	527273426622206	173.0	-36.0	-13.0	-1.0	
1501195394052	527273446763807	173.0	-36.0	-13.0	-1.0	
1501195394070	527273466905409	173.0	-36.0	-13.0	-1.0	
1501195394089	527273487047010	173.0	-36.0	-13.0	-1.0	
1501195394124	527273507188612	173.0	-36.0	-13.0	-1.0	
1501195394141	527273527330214	173.0	-36.0	-13.0	-1.0	
1501195394158	527273547471815	173.0	-36.0	-13.0	-1.0	
1501195394176	527273567613417	173.0	-36.0	-13.0	-1.0	
1501195394193	527273587755018	173.0	-36.0	-13.0	-1.0	
1501195394211	527273607896620	173.0	-36.0	-13.0	-1.0	
1501195394228	527273628038221	173.0	-36.0	-13.0	-1.0	
1501195394264	527273648179823	173.0	-36.0	-12.0	-1.0	
1501195394283	527273668321425	173.0	-36.0	-12.0	-1.0	
1501195394302	527273688463026	173.0	-36.0	-12.0	-1.0	
1501195394318	527273708604628	173.0	-36.0	-12.0	-1.0	
1501195394339	527273728746229	173.0	-36.0	-12.0	-1.0	
1501195394355	527273748887831	173.0	-36.0	-12.0	-1.0	
1501195394371	527273769029432	173.0	-36.0	-12.0	-1.0	
1501195394409	527273789171034	173.0	-36.0	-12.0	-1.0	
1501195394425	527273809312635	173.0	-36.0	-12.0	-1.0	
1501195394456	527273829454237	173.0	-36.0	-12.0	-1.0	
1501195394466	527273849595839	173.0	-36.0	-12.0	-1.0	
1501195394477	527273869737440	173.0	-36.0	-12.0	-1.0	
1501195394496	527273889879042	173.0	-36.0	-11.215896606445313	-1.0	
1501195394517	527273910020643	173.0	-36.0	-11.0	-1.0	
1501195394550	527273930162245	173.0	-36.0	-11.0	-1.0	
1501195394565	527273950303846	173.0	-36.0	-11.0	-1.0	
1501195394582	527273970445448	173.0	-36.0	-11.0	-1.0	
1501195394601	527273990587050	172.51295471191406	-36.0	-11.0	-1.0	
1501195394619	527274010728651	172.0	-36.0	-11.0	-1.0	
1501195394638	527274030870253	172.0	-36.0	-11.0	-1.0	
1501195394653	527274051011854	172.0	-36.0	-11.0	-1.0	
1501195394688	527274071153456	172.0	-36.0	-11.0	-1.0	
1501195394708	527274091295057	172.0	-36.0	-11.0	-1.0	
1501195394726	527274111436659	172.0	-36.0	-11.0	-1.0	
1501195394752	527274131578260	172.0	-36.0	-11.0	-1.0	
1501195394759	527274151719862	172.0	-36.0	-11.0	-1.0	
1501195394779	527274171861464	172.0	-36.0	-11.0	-1.0	
1501195394805	527274192003065	172.0	-36.0	-11.0	-1.0	
1501195394843	527274212144667	172.0	-36.0	-11.0	-1.0	
1501195394859	527274232286268	172.0	-36.0	-11.0	-1.0	
1501195394865	527274252427870	172.0	-36.0	-11.0	-1.0	
1501195394882	527274272569471	172.0	-36.0	-11.0	-1.0	
1501195394900	527274292711073	172.0	-36.0	-11.0	-1.0	
1501195394917	527274312852675	172.0	-36.0	-11.0	-1.0	
1501195394935	527274332994276	172.0	-36.0	-11.0	-1.0	
1501195394970	527274353135878	171.0	-35.0	-11.0	-1.0	
1501195394989	527274373277479	171.0	-35.0	-11.0	-1.0	
1501195395006	527274393419081	171.0	-35.0	-11.0	-1.0	
1501195395025	527274413560682	171.0	-35.0	-11.0	-1.0	
1501195395042	527274433702284	171.0	-35.0	-11.0	-1.0	
1501195395058	527274453843885	171.0	-35.0	-11.0	-1.0	
1501195395089	527274473985487	171.0	-35.0	-11.0	-1.0	
1501195395093	527274494127089	171.0	-35.0	-11.0	-1.0	
1501195395129	527274514268690	171.0	-35.0	-11.0	-1.0	
1501195395146	527274534410292	171.0	-35.0	-11.0	-1.0	
1501195395165	527274554551893	171.0	-35.0	-11.0	-1.0	
1501195395182	527274574693495	171.0	-35.0	-11.0	-1.0	
1501195395202	527274594835096	171.0	-35.0	-11.0	-1.0	
1501195395217	527274614976698	171.0	-35.0	-11.0	-1.0	
1501195395236	527274635118300	171.0	-35.0	-11.0	-1.0	
1501195395270	527274655259901	171.0	-35.0	-11.0	-1.0	
1501195395288	527274675401503	171.0	-35.0	-11.0	-1.0	
1501195395307	527274695543104	171.0	-35.0	-11.0	-1.0	
1501195395323	527274715684706	171.0	-35.0	-11.0	-1.0	
1501195395341	527274735826307	171.0	-35.0	-11.0	-1.0	
1501195395359	527274755967909	171.0	-35.0	-11.0	-1.0	
1501195395376	527274776109510	171.0	-35.0	-11.0	-1.0	
1501195395411	527274796251112	171.0	-35.0	-11.0	-1.0	
1501195395428	527274816392714	171.0	-35.0	-11.0	-1.0	
1501195395445	527274836534315	171.0	-35.0	-11.0	-1.0	
1501195395465	527274856675917	171.0	-35.0	-11.0	-1.0	
1501195395480	527274876817518	171.0	-35.0	-11.0	-1.0	
1501195395498	527274896959120	171.0	-35.0	-11.0	-1.0	
1501195395517	527274917100721	171.0	-35.0	-11.94818115234375	-1.0	
1501195395552	527274937242323	170.91192626953125	-35.0	-12.0	-1.0	
1501195395569	527274957383925	170.0	-35.0	-12.0	-1.0	
1501195395587	527274977525526	170.0	-35.0	-12.0	-1.0	
1501195395604	527274997667128	170.0	-35.0	-12.0	-1.0	
1501195395624	527275017808729	170.0	-35.0	-12.6505126953125	-1.0	
1501195395640	527275037950331	170.0	-35.0	-13.0	-1.0	
1501195395658	527275058091932	170.0	-35.0	-13.0	-1.0	
1501195395694	527275078233534	170.0	-35.0	-13.0	-1.0	
1501195395711	527275098375135	170.0	-35.0	-13.212432861328125	-1.0	
1501195395728	527275118516737	170.0	-35.352325439453125	-14.0	-1.0	
1501195395746	527275138658339	170.0	-36.0	-14.0	-1.0	
1501195395764	527275158799940	170.0	-36.0	-14.0	-1.0	
1501195395783	527275178941542	170.0	-36.0	-14.0	-1.0	
1501195395799	527275199083143	170.0	-36.0	-14.0	-1.0	
1501195395837	527275219224745	170.0	-36.0	-14.0	-1.0	
1501195395851	527275239366346	170.0	-36.0	-14.0	-1.0	
1501195395870	527275259507948	170.0	-36.0	-14.0	-1.0	
1501195395887	527275279649550	170.0	-36.0	-14.0	-1.0	
1501195395904	527275299791151	170.0	-36.0	-14.0	-1.0	
1501195395922	527275319932753	169.24221801757813	-36.0	-14.0	-1.0	
1501195395941	527275340074354	169.0	-36.0	-14.0	-1.0	
1501195395975	527275360215956	169.0	-36.0	-14.0	-1.0	
1501195395993	527275380357557	169.0	-36.0	-14.0	-1.0	
1501195396010	527275400499159	169.0	-36.0	-14.0	-1.0	
1501195396028	527275420640760	169.0	-36.0	-14.0	-1.0	
1501195396047	527275440782362	169.0	-36.0	-14.0	-1.0	
1501195396063	527275460923964	169.0	-36.0	-14.0	-1.0	
1501195396080	527275481065565	169.0	-36.0	-14.0	-1.0	
1501195396116	527275501207167	169.0	-36.0	-14.0	-1.0	
1501195396155	527275521348768	169.0	-36.0	-14.0	-1.0	
1501195396162	527275541490370	169.0	-36.0	-14.0	-1.0	
1501195396168	527275561631971	169.0	-36.0	-14.0	-1.0	
1501195396186	527275581773573	169.0	-36.0	-14.0	-1.0	
1501195396206	527275601915175	169.0	-36.0	-14.0	-1.0	
1501195396223	527275622056776	169.0	-36.0	-14.863555908203125	-1.0	
1501195396259	527275642198378	169.0	-36.0	-15.0	-1.0	
1501195396275	527275662339979	169.0	-36.0	-15.0	-1.0	
1501195396293	527275682481581	169.0	-36.0	-15.0	-1.0	
1501195396311	527275702623182	169.0	-36.0	-15.0	-1.0	
1501195396328	527275722764784	169.0	-36.0	-15.0	-1.0	
1501195396346	527275742906385	169.0	-36.0	-15.0	-1.0	
1501195396365	527275763047987	169.0	-36.0	-15.0	-1.0	
1501195396381	527275783189589	169.0	-36.98789978027344	-15.987899780273438	-1.0	
1501195396416	527275803331190	168.0	-37.0	-16.0	-1.0	
1501195396444	527275823472792	168.0	-37.26942443847656	-16.0	-1.0	
1501195396449	527275843614393	168.0	-38.0	-16.409317016601563	-1.0	
1501195396469	527275863755995	168.0	-38.0	-17.0	-1.0	
1501195396485	527275883897596	168.0	-38.0	-17.0	-1.0	
1501195396503	527275904039198	168.0	-38.0	-17.0	-1.0	
1501195396521	527275924180800	168.0	-38.0	-17.0	-1.0	
1501195396554	527275944322401	168.0	-38.0	-17.0	-1.0	
1501195396572	527275964464003	168.0	-38.0	-17.0	-1.0	
1501195396590	527275984605604	168.0	-38.0	-17.0	-1.0	
1501195396608	527276004747206	168.0	-38.0	-17.0	-1.0	
1501195396628	527276024888807	168.0	-38.0	-17.0	-1.0	
1501195396644	527276045030409	168.0	-38.0	-17.0	-1.0	
1501195396661	527276065172010	168.0	-38.0	-17.0	-1.0	
1501195396695	527276085313612	168.0	-38.09498596191406	-17.0	-1.0	
1501195396713	527276105455214	167.76470947265625	-39.0	-17.0	-1.0	
1501195396732	527276125596815	167.0	-39.0	-17.0	-1.0	
1501195396748	527276145738417	167.0	-39.0	-17.0	-1.0	
1501195396766	527276165880018	167.0	-38.34370422363281	-17.0	-1.0	
1501195396784	527276186021620	167.0	-38.0	-17.0	-1.0	
1501195396802	527276206163221	167.9378204345703	-38.0	-17.0	-1.0	
1501195396837	527276226304823	168.0	-38.0	-17.0	-1.0	
1501195396855	527276246446425	168.0	-38.0	-17.0	-1.0	
1501195396873	527276266588026	168.0	-38.0	-16.640762329101563	95.0	
1501195396892	527276286729628	168.0	-38.0	-16.0	95.0	
1501195396908	527276306871229	168.0	-38.0	-16.0	95.0	
1501195396926	527276327012831	168.0	-38.0	-16.0	95.0	
1501195396945	527276347154432	168.0	-38.0	-16.0	95.0	
1501195396979	527276367296034	168.0	-38.0	-16.0	95.0	
1501195396997	527276387437635	168.0	-38.0	-16.0	95.0	
1501195397014	527276407579237	168.0	-38.0	-16.0	95.0	
1501195397031	527276427720839	168.0	-38.0	-16.0	95.0	
1501195397051	527276447862440	168.0	-38.0	-16.0	95.0	
1501195397066	527276468004042	168.0	-38.0	-16.0	95.0	
1501195397084	527276488145643	168.0	-38.0	-16.0	95.0	
1501195397119	527276508287245	168.0	-38.0	-16.0	95.0	
1501195397136	527276528428846	168.0	-38.0	-16.0	95.0	
1501195397155	527276548570448	168.0	-38.0	-16.32525634765625	95.0	
1501195397172	527276568712050	168.0	-38.0	-17.0	95.0	
1501195397190	527276588853651	168.0	-38.0	-17.0	95.0	
1501195397209	527276608995253	168.0	-38.0	-17.0	95.0	
1501195397226	527276629136854	168.0	-38.0	-17.0	95.0	
1501195397260	527276649278456	168.0	-38.0	-17.0	95.0	
1501195397277	527276669420057	168.0	-38.0	-17.0	95.0	
1501195397299	527276689561659	168.0	-38.0	-17.0	95.0	
1501195397315	527276709703260	168.0	-38.0	-17.0	95.0	
1501195397330	527276729844862	168.0	-38.0	-17.0	95.0	
1501195397349	527276749986464	168.0	-38.0	-17.0	95.0	
1501195397367	527276770128065	168.0	-38.0	-17.0	95.0	
1501195397403	527276790269667	169.0	-38.0	-17.0	95.0	
1501195397419	527276810411268	169.0	-38.0	-17.0	95.0	
1501195397437	527276830552870	169.0	-38.0	-17.0	95.0	
1501195397454	527276850694471	168.56747436523438	-38.0	-17.0	95.0	
1501195397476	527276870836073	168.0	-38.0	-17.0	95.0	
1501195397492	527276890977675	168.0	-38.0	-17.0	95.0	
1501195397507	527276911119276	168.0	-38.0	-17.0	95.0	
1501195397528	527276931260878	168.0	-38.0	-17.0	95.0	
1501195397560	527276951402479	168.0	-38.0	-17.0	95.0	
1501195397577	527276971544081	168.0	-38.0	-17.0	95.0	
1501195397595	527276991685682	168.0	-38.0	-17.0	95.0	
1501195397613	527277011827284	168.0	-38.0	-17.0	95.0	
1501195397632	527277031968885	168.0	-38.0	-17.0	95.0	
1501195397652	527277052110487	168.0	-38.0	-16.162353515625	95.0	
1501195397667	527277072252089	168.0	-38.0	-16.0	95.0	
1501195397701	527277092376713	168.0	-38.0	-16.0	95.0	
1501195397722	527277112518315	168.0	-38.0	-16.0	95.0	
1501195397737	527277132659916	168.0	-38.0	-16.0	95.0	
1501195397754	527277152801518	168.53977966308594	-38.0	-16.0	95.0	
1501195397771	527277172943119	169.0	-38.0	-16.0	95.0	
1501195397790	527277193084721	169.0	-38.0	-16.0	95.0	
1501195397806	527277213226323	169.0	-38.0	-16.0	95.0	
1501195397842	527277233367924	169.0	-38.0	-16.0	95.0	
1501195397859	527277253509526	169.0	-38.0	-16.0	95.0	
1501195397877	527277273651127	169.0	-38.0	-16.0	95.0	
1501195397898	527277293792729	169.0	-38.0	-16.0	95.0	
1501195397913	527277313934330	169.0	-38.0	-16.0	95.0	
1501195397931	527277334075932	169.0	-38.0	-16.0	95.0	
1501195397950	527277354217533	169.0	-38.0	-16.0	95.0	
1501195397983	527277374359135	169.0	-38.0	-16.0	95.0	
1501195398001	527277394500737	169.0	-38.0	-16.0	95.0	
1501195398020	527277414642338	169.0	-38.0	-16.0	95.0	
1501195398037	527277434783940	169.0	-38.0	-16.0	95.0	
1501195398056	527277454925541	169.0	-38.0	-16.0	95.0	
1501195398071	527277475067143	169.7875518798828	-38.0	-16.0	95.0	
1501195398089	527277495208744	170.0	-38.0	-16.0	95.0	
1501195398125	527277515350346	171.0	-36.93254089355469	-15.0	95.0	
1501195398142	527277535491948	171.20896911621094	-36.0	-14.791030883789063	95.0	
1501195398160	527277555633549	172.348876953125	-35.651123046875	-14.0	95.0	
1501195398179	527277575775151	173.0	-34.51039123535156	-13.510391235351563	95.0	
1501195398194	527277595916752	173.63038635253906	-33.36961364746094	-13.0	95.0	
1501195398221	527277616058354	174.77027893066406	-33.0	-12.229721069335938	95.0	
1501195398230	527277636199955	175.0	-32.089813232421875	-11.089813232421875	95.0	
1501195398265	527277656341557	176.0	-31.0	-10.948196411132813	95.0	
1501195398282	527277676483158	176.1916961669922	-30.808303833007813	-10.0	95.0	
1501195398300	527277696624760	177.0	-30.0	-10.0	95.0	
1501195398322	527277716766362	177.4732208251953	-30.0	-9.526779174804688	95.0	
1501195398335	527277736907963	178.0	-30.0	-9.0	95.0	
1501195398354	527277757049565	178.0	-30.0	-9.0	95.0	
1501195398372	527277777191166	178.0	-30.0	-8.105545043945313	95.0	
1501195398406	527277797332768	178.0	-30.034530639648438	-8.0	95.0	
1501195398424	527277817474369	178.0	-31.0	-8.0	95.0	
1501195398442	527277837615971	178.0	-31.316055297851563	-8.0	95.0	
1501195398459	527277857757573	178.0	-32.0	-8.0	95.0	
1501195398478	527277877899174	178.0	-32.0	-8.0	95.0	
1501195398495	527277898040776	177.2629852294922	-32.73701477050781	-8.0	95.0	
1501195398512	527277918182377	177.0	-33.0	-8.0	95.0	
1501195398547	527277938323979	177.0	-33.01728820800781	-8.0	95.0	
1501195398565	527277958465580	177.0	-34.0	-8.0	95.0	
1501195398584	527277978607182	176.7012176513672	-34.0	-8.0	95.0	
1501195398600	527277998748783	176.0	-34.0	-8.0	95.0	
1501195398617	527278018890385	176.0	-34.0	-8.0	95.0	
1501195398636	527278039031987	176.0	-34.0	-8.0	95.0	
1501195398652	527278059173588	176.0	-34.0	-8.0	95.0	
1501195398688	527278079315190	176.0	-34.0	-8.001724243164063	95.0	
1501195398705	527278099456791	176.0	-34.0	-9.0	95.0	
1501195398723	527278119598393	176.0	-34.0	-9.0	95.0	
1501195398742	527278139739994	176.0	-34.0	-9.0	95.0	
1501195398758	527278159881596	176.0	-34.0	-9.0	95.0	
1501195398776	527278180023198	176.7029266357422	-34.0	-9.0	95.0	
1501195398795	527278200164799	177.0	-34.0	-9.0	95.0	
1501195398812	527278220306401	177.0	-34.0	-9.0	95.0	
1501195398847	527278240448002	177.0	-34.0	-9.0	95.0	
1501195398864	527278260589604	177.0	-34.0	-9.0	95.0	
1501195398882	527278280731205	176.59413146972656	-34.0	-9.0	95.0	
1501195398901	527278300872807	176.0	-34.0	-9.0	95.0	
1501195398917	527278321014408	176.0	-34.0	-9.0	95.0	
1501195398935	527278341156010	176.0	-34.0	-9.0	95.0	
1501195398953	527278361297612	176.0	-34.0	-9.0	95.0	
1501195398988	527278381439213	176.0	-34.0	-9.0	95.0	
1501195399007	527278401580815	176.0	-34.0	-9.0	95.0	
1501195399023	527278421722416	176.0	-34.0	-9.0	95.0	
1501195399041	527278441864018	176.0	-34.0	-9.0	95.0	
1501195399060	527278462005619	176.0	-34.0	-9.0	95.0	
1501195399076	527278482147221	176.0	-34.0	-9.0	95.0	
1501195399094	527278502288823	176.0	-34.0	-9.0	95.0	
1501195399128	527278522430424	176.0	-34.0	-10.0	95.0	
1501195399147	527278542572026	176.0	-34.0	-10.0	95.0	
1501195399165	527278562713627	176.0	-34.0	-10.0	95.0	
1501195399181	527278582855229	176.0	-34.0	-10.0	95.0	
1501195399199	527278602996830	176.0	-34.0	-10.0	95.0	
1501195399219	527278623138432	176.0	-34.0	-10.0	95.0	
1501195399235	527278643280033	175.00347900390625	-34.99652099609375	-10.99652099609375	95.0	
1501195399271	527278663421635	175.0	-35.14234924316406	-11.0	95.0	
1501195399288	527278683563237	174.71180725097656	-36.28819274902344	-11.0	95.0	
1501195399305	527278703704838	174.0	-37.0	-11.43402099609375	95.0	
1501195399324	527278723846440	173.42015075683594	-37.57984924316406	-12.0	95.0	
1501195399340	527278743988041	173.0	-38.72569274902344	-12.725692749023438	95.0	
1501195399358	527278764129643	172.12847900390625	-39.87152099609375	-13.0	95.0	
1501195399393	527278784271244	171.98265075683594	-40.01734924316406	-14.0	95.0	
1501195399411	527278804412846	171.0	-41.16319274902344	-14.0	95.0	
1501195399429	527278824554448	171.0	-42.0	-14.30902099609375	95.0	
1501195399446	527278844696049	170.54515075683594	-42.45484924316406	-15.0	95.0	
1501195399464	527278864837651	170.0	-43.0	-15.0	95.0	
1501195399483	527278884979252	170.0	-43.0	-15.0	95.0	
1501195399499	527278905120854	170.0	-43.0	-15.0	95.0	
1501195399534	527278925262455	170.0	-43.0	-15.038192749023438	95.0	
1501195399552	527278945404057	170.0	-43.0	-16.0	95.0	
1501195399568	527278965545658	170.0	-43.0	-16.0	95.0	
1501195399587	527278985687260	170.0	-43.0	-16.0	95.0	
1501195399604	527279005828862	170.0	-43.0	-16.0	95.0	
1501195399621	527279025970463	170.0	-43.0	-16.0	95.0	
1501195399639	527279046112065	170.0	-43.0	-16.0	95.0	
1501195399674	527279066253666	170.0	-43.0	-16.0	95.0	
1501195399694	527279086395268	170.0	-43.0	-16.0	95.0	
1501195399710	527279106536869	170.0	-43.0	-16.0	95.0	
1501195399728	527279126678471	170.0	-43.0	-16.0	95.0	
1501195399747	527279146820073	170.0	-43.0	-16.0	95.0	
1501195399763	527279166961674	170.0	-43.0	-16.0	95.0	
1501195399781	527279187103276	170.0	-43.0	-16.0	95.0	
1501195399816	527279207244877	170.0	-43.0	-16.0	95.0	
1501195399833	527279227386479	170.0	-43.0	-15.774307250976563	95.0	
1501195399852	527279247528080	170.0	-43.0	-15.0	95.0	
1501195399869	527279267669682	170.0	-43.0	-15.0	95.0	
1501195399886	527279287811283	170.0	-42.33680725097656	-15.0	95.0	
1501195399905	527279307952885	170.0	-42.0	-15.0	95.0	
1501195399921	527279328094487	170.95484924316406	-42.0	-15.0	95.0	
1501195399957	527279348236088	171.0	-41.0	-15.0	95.0	
1501195399974	527279368377690	171.24652099609375	-41.0	-15.0	95.0	
1501195399992	527279388519291	172.0	-40.60765075683594	-15.0	95.0	
1501195400011	527279408660893	172.0	-40.0	-15.0	95.0	
1501195400027	527279428802494	172.68402099609375	-40.0	-15.0	95.0	
1501195400045	527279448944096	173.0	-40.0	-15.0	95.0	
1501195400062	527279469085698	173.0	-40.0	-15.0	95.0	
1501195400098	527279489227299	173.0	-40.0	-15.0	95.0	
1501195400116	527279509368901	173.0	-40.0	-15.0	95.0	
1501195400133	527279529510502	173.0	-40.0	-15.0	95.0	
1501195400151	527279549652104	173.0	-40.0	-15.0	95.0	
1501195400169	527279569793705	173.0	-40.0	-15.0	95.0	
1501195400186	527279589935307	173.0	-40.0	-15.0	95.0	
1501195400204	527279610076908	173.0	-40.0	-15.99652099609375	95.0	
1501195400239	527279630218510	173.0	-40.0	-16.0	95.0	
1501195400256	527279650360112	173.0	-39.71180725097656	-16.0	95.0	
1501195400276	527279670501713	173.0	-39.0	-16.0	95.0	
1501195400292	527279690643315	173.0	-39.0	-16.0	95.0	
1501195400309	527279710784916	173.0	-39.0	-16.0	95.0	
1501195400328	527279730926518	173.0	-39.0	-16.0	95.0	
1501195400362	527279751068119	173.0	-39.0	-16.0	95.0	
1501195400380	527279771209721	173.0	-39.0	-16.0	95.0	
1501195400398	527279791351323	173.30902099609375	-39.0	-16.0	95.0	
1501195400416	527279811492924	174.0	-39.0	-16.0	95.0	
1501195400435	527279831634526	174.0	-39.0	-16.0	95.0	
1501195400450	527279851776127	174.0	-39.0	-16.0	95.0	
1501195400468	527279871917729	174.0	-39.0	-16.0	95.0	
1501195400503	527279892059330	174.0	-39.0	-16.0	95.0	
1501195400521	527279912200932	174.0	-39.0	-16.0	95.0	
1501195400539	527279932342533	174.0	-39.0	-16.0	95.0	
1501195400556	527279952484135	174.0	-39.0	-16.0	95.0	
1501195400573	527279972625737	174.0	-39.0	-16.0	95.0	
1501195400592	527279992767338	174.0	-39.0	-16.0	95.0	
1501195400609	527280012908940	174.0	-39.0	-16.0	95.0	
1501195400645	527280033050541	174.0	-39.0	-16.0	95.0	
1501195400665	527280053192143	174.203125	-39.0	-16.0	95.0	
1501195400685	527280073333744	175.0	-38.65104675292969	-16.0	95.0	
1501195400703	527280093475346	175.0	-38.0	-16.0	95.0	
1501195400716	527280113616948	175.0	-38.0	-16.0	95.0	
1501195400734	527280133758549	175.0	-38.0	-16.0	95.0	
1501195400753	527280153900151	175.0	-38.0	-16.0	95.0	
1501195400787	527280174041752	175.0	-38.0	-16.0	95.0	
1501195400805	527280194183354	175.0	-38.0	-16.0	95.0	
1501195400822	527280214324955	175.0	-38.0	-16.0	95.0	
1501195400842	527280234466557	175.0	-38.0	-16.0	95.0	
1501195400861	527280254608158	175.0	-38.0	-15.338546752929688	95.0	
1501195400876	527280274749760	175.0	-38.0	-15.0	95.0	
1501195400895	527280294891362	175.0	-38.0	-15.0	95.0	
1501195400930	527280315032963	175.0	-38.09895324707031	-15.0	95.0	
1501195400945	527280335174565	175.0	-39.0	-15.0	95.0	
1501195400966	527280355316166	175.0	-39.0	-15.0	95.0	
1501195400982	527280375457768	175.0	-39.0	-14.463546752929688	95.0	
1501195400998	527280395599369	174.31771850585938	-39.0	-14.0	95.0	
1501195401017	527280415740971	174.0	-39.0	-14.0	95.0	
1501195401034	527280435882573	174.0	-39.0	-14.0	95.0	
1501195401070	527280456024174	174.0	-38.0	-13.0	95.0	
1501195401088	527280476165776	174.0	-38.0	-13.0	95.0	
1501195401106	527280496307377	174.0	-38.0	-13.0	95.0	
1501195401126	527280516448979	174.0	-38.0	-12.442718505859375	95.0	
1501195401143	527280536590580	174.0	-38.0	-12.0	95.0	
1501195401165	527280556732182	174.0	-38.0	-12.0	95.0	
1501195401187	527280576873783	174.0	-38.0	-11.005218505859375	95.0	
1501195401221	527280597015385	174.0	-38.0	-11.0	95.0	
1501195401237	527280617156987	174.0	-37.71354675292969	-10.713546752929688	95.0	
1501195401247	527280637298588	174.43228149414063	-37.0	-10.0	95.0	
1501195401263	527280657440190	175.0	-37.0	-9.421875	95.0	
1501195401282	527280677581791	175.0	-36.27604675292969	-9.0	95.0	
1501195401298	527280697723393	175.0	-36.0	-9.0	95.0	
1501195401333	527280717864994	176.0	-35.0	-8.0	95.0	
1501195401351	527280738006596	176.0	-35.0	-7.8385467529296875	95.0	
1501195401369	527280758148198	176.0	-34.692718505859375	-7.0	95.0	
1501195401388	527280778289799	176.453125	-34.0	-7.0	95.0	
1501195401404	527280798431401	177.0	-34.0	-7.0	95.0	
1501195401423	527280818573002	177.0	-33.255218505859375	-6.255218505859375	95.0	
1501195401441	527280838714604	177.0	-33.0	-6.0	95.0	
1501195401484	527280858856205	177.0	-32.96354675292969	-5.9635467529296875	95.0	
1501195401510	527280878997807	177.0	-32.0	-5.0	95.0	
1501195401531	527280899139408	177.0	-32.0	-5.0	95.0	
1501195401535	527280919281010	177.0	-32.0	-5.0	95.0	
1501195401544	527280939422612	177.0	-32.0	-5.0	95.0	
1501195401560	527280959564213	177.0	-32.0	-5.0	95.0	
1501195401579	527280979705815	177.0	-32.0	-5.0	95.0	
1501195401614	527280999847416	176.0	-32.0	-5.0	95.0	
1501195401633	527281019989018	176.0	-32.0	-5.0	95.0	
1501195401653	527281040130619	176.0	-32.0	-5.0	95.0	
1501195401671	527281060272221	176.0	-32.0	-5.0	95.0	
1501195401686	527281080413823	176.0	-32.0	-5.0	95.0	
1501195401709	527281100555424	176.0	-32.0	-5.0	95.0	
1501195401724	527281120697026	176.0	-32.932281494140625	-5.0	95.0	
1501195401756	527281140838627	176.0	-33.0	-5.0	95.0	
1501195401774	527281160980229	176.0	-33.0	-5.0	95.0	
1501195401792	527281181121830	176.0	-33.0	-5.0	95.0	
1501195401811	527281201263432	176.0	-33.0	-5.0	95.0	
1501195401825	527281221405033	176.0	-33.0	-5.0	95.0	
1501195401846	527281241546635	176.0	-33.0	-5.0	95.0	
1501195401878	527281261688237	176.0	-33.0	-5.0	95.0	
1501195401902	527281281829838	176.0	-33.0	-5.0	95.0	
1501195401914	527281301971440	176.0	-33.0	-5.0	95.0	
1501195401931	527281322113041	176.0	-33.0	-5.0	95.0	
1501195401953	527281342254643	176.0	-33.0	-5.0	95.0	
1501195401977	527281362396244	176.0	-33.0	-5.682281494140625	95.0	
1501195401993	527281382537846	176.0	-33.0	-6.0	95.0	
1501195402011	527281402679448	176.0	-33.0	-6.0	95.0	
1501195402037	527281422821049	176.0	-33.0	-6.0	95.0	
1501195402058	527281442962651	176.0	-33.0	-6.0	95.0	
1501195402083	527281463104252	176.0	-33.0	-6.0	95.0	
1501195402095	527281483245854	176.0	-33.0	-6.0	95.0	
1501195402109	527281503387455	176.0	-33.0	-6.0	95.0	
1501195402131	527281523529057	176.0	-33.0	-6.0	95.0	
1501195402143	527281543670658	176.0	-33.0	-6.0	95.0	
1501195402178	527281563812260	176.0	-33.0	-6.0	95.0	
1501195402197	527281583953862	176.0	-33.0	-6.0	95.0	
1501195402218	527281604095463	176.0	-33.0	-6.0	95.0	
1501195402236	527281624237065	176.0	-33.0	-6.0	95.0	
1501195402256	527281644378666	176.0	-33.0	-6.0	95.0	
1501195402269	527281664520268	176.0	-33.0	-6.0	95.0	
1501195402309	527281684661869	176.0	-33.0	-6.0	95.0	
1501195402321	527281704803471	176.0	-33.0	-6.0	95.0	
1501195402336	527281724945073	176.0	-33.0	-6.0	95.0	
1501195402354	527281745086674	176.0	-33.0	-6.0	95.0	
1501195402373	527281765228276	176.0	-33.0	-6.0	95.0	
1501195402394	527281785369877	176.0	-33.0	-6.0	95.0	
1501195402413	527281805511479	176.0	-33.0	-6.0	95.0	
1501195402448	527281825653080	176.0	-32.96528625488281	-6.0	95.0	
1501195402472	527281845794682	176.0	-32.0	-6.0	95.0	
1501195402495	527281865936283	176.0	-32.0	-6.0	95.0	
1501195402519	527281886077885	176.0	-32.47221374511719	-6.0	95.0	
1501195402538	527281906219487	176.0	-33.0	-6.0	95.0	
1501195402561	527281926361088	176.0	-33.0	-6.0	95.0	
1501195402587	527281946502690	176.0	-33.0	-6.0	95.0	
1501195402615	527281966644291	176.0	-33.0	-6.0	95.0	
1501195402632	527281986785893	176.0	-33.0	-6.0	95.0	
1501195402646	527282006927494	176.0	-33.0	-6.0	95.0	
1501195402666	527282027069096	176.0	-33.0	-6.0	95.0	
1501195402679	527282047210698	176.0	-33.0	-6.0	95.0	
1501195402695	527282067352299	176.0	-33.0	-6.0	95.0	
1501195402704	527282087493901	176.0	-33.0	-6.0	95.0	
1501195402726	527282107635502	176.0	-32.0	-7.0	95.0	
1501195402748	527282127777104	176.0	-32.0	-7.0	95.0	
1501195402762	527282147918705	176.0	-32.0	-7.0	95.0	
1501195402776	527282168060307	176.0	-32.0	-7.0	95.0	
1501195402794	527282188201908	176.0	-32.0	-7.0	95.0	
1501195402816	527282208343510	176.0	-32.0	-7.0	95.0	
1501195402833	527282228485112	176.0	-32.0	-7.0	95.0	
1501195402871	527282248626713	176.0	-32.0	-7.0	95.0	
1501195402895	527282268768315	176.0	-32.0	-7.0	95.0	
1501195402912	527282288909916	176.0	-32.0	-7.0	95.0	
1501195402924	527282309051518	176.0	-32.0	-7.0	95.0	
1501195402941	527282329193119	176.0	-32.0	-7.0	95.0	
1501195402955	527282349334721	176.0	-32.0	-7.0	95.0	
1501195402977	527282369476323	176.0	-32.0	-7.0	95.0	
1501195403013	527282389617924	176.0	-32.0	-7.0	95.0	
1501195403028	527282409759526	176.0	-32.0	-7.0	95.0	
1501195403045	527282429901127	176.0	-32.0	-7.0	95.0	
1501195403062	527282450042729	176.0	-32.0	-7.0	95.0	
1501195403088	527282470184330	176.0	-32.0	-7.0	95.0	
1501195403112	527282490325932	176.0	-32.0	-7.0	95.0	
1501195403127	527282510467533	176.0	-32.0	-7.0	95.0	
1501195403151	527282530609135	176.0	-32.0	-7.0	95.0	
1501195403166	527282550750737	176.0	-32.0	-7.0	95.0	
1501195403183	527282570892338	176.0	-32.0	-7.0	95.0	
1501195403201	527282591033940	176.0	-32.0	-7.0	95.0	
1501195403218	527282611175541	176.0	-32.0	-7.0	95.0	
1501195403238	527282631317143	176.0	-32.0	-7.0	95.0	
1501195403270	527282651458744	176.0	-32.0	-7.0	95.0	
1501195403290	527282671600346	176.0	-32.0	-7.0	95.0	
1501195403306	527282691741948	175.70416259765625	-32.0	-7.0	95.0	
1501195403324	527282711883549	175.0	-32.0	-7.0	95.0	
1501195403342	527282732025151	175.0	-32.0	-7.0	95.0	
1501195403358	527282752166752	175.0	-32.0	-7.0	95.0	
1501195403378	527282772308354	175.0	-32.0	-7.0	95.0	
1501195403417	527282792449955	175.0	-32.0	-7.0	95.0	
1501195403430	527282812591557	175.0	-32.0	-7.0	95.0	
1501195403450	527282832733158	175.0	-32.0	-7.0	95.0	
1501195403465	527282852874760	175.0	-32.0	-7.0	95.0	
1501195403483	527282873016362	175.0	-32.0	-7.577850341796875	95.0	
1501195403512	527282893157963	175.0	-32.0	-8.0	95.0	
1501195403530	527282913299565	175.0	-32.0	-8.0	95.0	
1501195403555	527282933441166	175.0	-32.0	-8.0	95.0	
1501195403571	527282953582768	175.0	-32.0	-8.0	95.0	
1501195403587	527282973724369	175.0	-32.0	-8.0	95.0	
1501195403606	527282993865971	175.0	-32.0	-8.0	95.0	
1501195403623	527283014007573	175.0	-32.0	-8.0	95.0	
1501195403642	527283034149174	175.0	-32.0	-8.0	95.0	
1501195403661	527283054290776	175.0	-32.0	-8.0	95.0	
1501195403695	527283074432377	175.0	-32.0	-7.0	95.0	
1501195403716	527283094573979	175.0	-32.0	-7.0	95.0	
1501195403732	527283114715580	175.0	-32.0	-7.0	95.0	
1501195403749	527283134857182	175.0	-32.0	-7.0	95.0	
1501195403768	527283154998783	175.0	-32.0	-7.0	95.0	
1501195403787	527283175140385	175.0	-32.0	-7.0	95.0	
1501195403801	527283195281987	175.0	-32.0	-7.0	95.0	
1501195403819	527283215423588	175.0	-32.0	-7.0	95.0	
1501195403853	527283235565190	175.0	-32.0	-8.0	95.0	
1501195403872	527283255706791	175.0	-32.0	-8.0	95.0	
1501195403888	527283275848393	175.0	-32.0	-8.0	95.0	
1501195403906	527283295989994	175.0	-32.0	-8.0	95.0	
1501195403926	527283316131596	175.0	-32.0	-8.0	95.0	
1501195403941	527283336273198	175.0	-32.0	-8.0	95.0	
1501195403958	527283356414799	175.0	-32.0	-8.0	95.0	
1501195403994	527283376556401	175.0	-32.0	-8.0	95.0	
1501195404014	527283396698002	175.0	-32.0	-8.0	95.0	
1501195404036	527283416839604	175.0	-31.578323364257813	-8.0	95.0	
1501195404049	527283436981205	175.0	-31.0	-8.0	95.0	
1501195404064	527283457122807	175.0	-31.0	-8.0	95.0	
1501195404087	527283477264408	175.0	-31.0	-8.0	95.0	
1501195404110	527283497406010	175.0	-31.0	-8.0	95.0	
1501195404136	527283517547612	175.0	-31.0	-8.0	95.0	
1501195404152	527283537689213	174.76248168945313	-31.0	-8.0	95.0	
1501195404170	527283557830815	174.0	-31.0	-8.0	95.0	
1501195404188	527283577972416	174.0	-31.0	-8.0	95.0	
1501195404205	527283598114018	174.0	-31.0	-8.0	95.0	
1501195404224	527283618255619	174.0	-31.0	-8.0	95.0	
1501195404244	527283638397221	174.0	-31.0	-8.0	95.0	
1501195404276	527283658538823	174.0	-31.0	-8.0	95.0	
1501195404292	527283678680424	174.0	-31.0	-8.0	95.0	
1501195404309	527283698822026	174.0	-31.323577880859375	-8.323577880859375	95.0	
1501195404327	527283718963627	173.5404510498047	-32.45954895019531	-9.459548950195313	95.0	
1501195404345	527283739105229	173.0	-33.0	-10.0	95.0	
1501195404362	527283759246830	173.0	-32.26850891113281	-10.0	95.0	
1501195404381	527283779388432	173.0	-31.132537841796875	-9.132537841796875	95.0	
1501195404417	527283799530033	174.00343322753906	-30.0	-8.996566772460938	95.0	
1501195404435	527283819671635	175.0	-30.0	-8.0	95.0	
1501195404452	527283839813237	174.72462463378906	-30.0	-8.0	95.0	
1501195404469	527283859954838	174.0	-30.411346435546875	-8.0	95.0	
1501195404487	527283880096440	173.4526824951172	-31.0	-8.0	95.0	
1501195404506	527283900238041	173.0	-31.683303833007813	-8.683303833007813	95.0	
1501195404521	527283920379643	173.0	-32.0	-8.18072509765625	95.0	
1501195404540	527283940521244	173.0	-32.0	-8.0	95.0	
1501195404574	527283960662846	174.0	-31.0	-8.0	95.0	
1501195404591	527283980804448	174.22679138183594	-30.773208618164063	-7.7732086181640625	95.0	
1501195404609	527284000946049	175.0	-30.361434936523438	-7.3614349365234375	95.0	
1501195404627	527284021087651	174.50259399414063	-31.497406005859375	-8.497406005859375	95.0	
1501195404644	527284041229252	173.3666229248047	-32.63337707519531	-9.0	95.0	
1501195404663	527284061370854	173.0	-32.23065185546875	-9.0	95.0	
1501195404680	527284081512455	173.0	-31.09466552734375	-9.0	95.0	
1501195404720	527284101654057	174.0413055419922	-29.958694458007813	-8.0	95.0	
1501195404733	527284121795658	175.0	-29.0	-8.0	95.0	
1501195404752	527284141937260	174.68675231933594	-29.313247680664063	-8.0	95.0	
1501195404768	527284162078862	174.0	-30.0	-8.44921875	95.0	
1501195404786	527284182220463	173.41481018066406	-30.585189819335938	-9.0	95.0	
1501195404804	527284202362065	173.0	-31.0	-9.0	95.0	
1501195404822	527284222503666	173.0	-31.0	-9.0	95.0	
1501195404839	527284242645268	173.0	-31.0	-9.0	95.0	
1501195404875	527284262786869	173.0	-31.0	-9.0	95.0	
1501195404892	527284282928471	173.2646026611328	-30.735397338867188	-9.0	95.0	
1501195404909	527284303070073	174.0	-30.0	-9.0	95.0	
1501195404929	527284323211674	174.0	-30.0	-9.0	95.0	
1501195404945	527284343353276	174.0	-30.671249389648438	-9.0	95.0	
1501195404962	527284363494877	174.0	-31.0	-9.0	95.0	
1501195404981	527284383636479	174.0	-31.0	-9.0	95.0	
1501195405014	527284403778080	174.0	-31.0	-10.0	95.0	
1501195405032	527284423919682	174.0	-31.0	-10.0	95.0	
1501195405051	527284444061283	174.0	-31.0	-10.0	95.0	
1501195405068	527284464202885	174.0	-31.0	-10.0	95.0	
1501195405088	527284484344487	174.0	-31.0	-10.0	95.0	
1501195405103	527284504486088	174.0	-30.240966796875	-10.0	95.0	
1501195405121	527284524627690	174.0	-30.0	-10.0	95.0	
1501195405156	527284544769291	174.0	-30.0	-10.0	95.0	
1501195405173	527284564910893	174.0	-30.0	-10.0	95.0	
1501195405193	527284585052494	174.0	-30.0	-10.0	95.0	
1501195405209	527284605194096	174.0	-30.0	-10.0	95.0	
1501195405226	527284625335698	174.0	-30.0	-10.0	95.0	
1501195405244	527284645477299	174.0	-30.0	-10.0	95.0	
1501195405261	527284665618901	174.0	-30.0	-10.0	95.0	
1501195405278	527284685760502	174.0	-30.0	-10.0	95.0	
1501195405314	527284705902104	174.0	-30.0	-10.0	95.0	
1501195405332	527284726043705	174.0	-30.0	-10.0	95.0	
1501195405350	527284746185307	174.0	-30.0	-10.0	95.0	
1501195405367	527284766326908	174.0	-30.0	-10.0	95.0	
1501195405384	527284786468510	174.0	-30.0	-10.0	95.0	
1501195405404	527284806610112	174.0	-30.0	-10.0	95.0	
1501195405420	527284826751713	174.0	-30.0	-10.0	95.0	
1501195405455	527284846893315	174.0	-30.0	-10.0	95.0	
1501195405473	527284867034916	174.0	-30.0	-10.0	95.0	
1501195405490	527284887176518	174.0	-30.0	-10.0	95.0	
1501195405512	527284907318119	174.0	-30.0	-10.0	95.0	
1501195405525	527284927459721	174.0	-30.0	-10.0	95.0	
1501195405545	527284947601323	174.0	-30.0	-10.0	95.0	
1501195405562	527284967742924	174.0	-30.0	-10.0	95.0	
1501195405600	527284987884526	174.0	-30.0	-10.0	95.0	
1501195405613	527285008026127	174.0	-30.0	-10.0	95.0	
1501195405631	527285028167729	174.0	-30.0	-10.0	95.0	
1501195405649	527285048309330	174.0	-30.0	-10.0	95.0	
1501195405668	527285068450932	174.0	-30.0	-10.0	95.0	
1501195405686	527285088592533	174.0	-30.0	-10.0	95.0	
1501195405702	527285108734135	174.0	-30.0	-10.0	95.0	
1501195405737	527285128875737	174.0	-30.0	-10.0	95.0	
1501195405755	527285149017338	174.0	-30.0	-10.0	95.0	
1501195405774	527285169158940	174.0	-30.0	-10.0	95.0	
1501195405790	527285189300541	174.0	-30.0	-10.0	95.0	
1501195405808	527285209442143	174.0	-30.0	-10.0	95.0	
1501195405843	527285229583744	174.0	-30.0	-10.0	95.0	
1501195405861	527285249725346	174.0	-30.0	-10.0	95.0	
1501195405880	527285269866948	174.0	-30.0	-10.0	95.0	
1501195405896	527285290008549	174.0	-30.0	-10.0	95.0	
1501195405914	527285310150151	174.0	-30.0	-10.0	95.0	
1501195405933	527285330291752	174.0	-30.98089599609375	-10.0	95.0	
1501195405967	527285350433354	174.0	-31.0	-10.0	95.0	
1501195405984	527285370574955	174.0	-31.0	-10.0	95.0	
1501195406002	527285390716557	174.0	-31.0	-10.0	95.0	
1501195406019	527285410858158	174.0	-31.0	-10.0	95.0	
1501195406038	527285430999760	174.0	-31.0	-10.0	95.0	
1501195406054	527285451141362	174.0	-31.0	-10.0	95.0	
1501195406072	527285471282963	174.0	-31.0	-10.0	95.0	
1501195406107	527285491424565	174.0	-31.0	-9.8682861328125	95.0	
1501195406126	527285511566166	174.0	-31.0	-9.0	95.0	
1501195406143	527285531707768	174.41940307617188	-31.0	-9.0	95.0	
1501195406160	527285551849369	175.0	-31.0	-9.0	95.0	
1501195406178	527285571990971	175.0	-31.0	-9.0	95.0	
1501195406199	527285592132573	175.0	-31.0	-9.0	95.0	
1501195406212	527285612274174	174.00347900390625	-31.99652099609375	-9.99652099609375	95.0	
1501195406248	527285632415776	173.0	-33.0	-10.0	95.0	
1501195406265	527285652557377	173.0	-32.71577453613281	-10.0	95.0	
1501195406283	527285672698979	173.42807006835938	-31.571929931640625	-10.0	95.0	
1501195406302	527285692840580	174.57191467285156	-30.428085327148438	-9.428085327148438	95.0	
1501195406320	527285712982182	175.0	-29.28424072265625	-8.28424072265625	95.0	
1501195406337	527285733123783	175.85960388183594	-29.0	-8.0	95.0	
1501195406372	527285753265385	175.0	-29.003463745117188	-8.003463745117188	95.0	
1501195406389	527285773406987	175.0	-30.0	-9.0	95.0	
1501195406408	527285793548588	174.7071075439453	-30.0	-9.0	95.0	
1501195406425	527285813690190	174.0	-30.436737060546875	-9.0	95.0	
1501195406443	527285833831791	174.0	-31.0	-9.580581665039063	95.0	
1501195406460	527285853973393	174.0	-30.27557373046875	-10.0	95.0	
1501195406477	527285874114994	174.0	-30.0	-10.0	95.0	
1501195406513	527285894256596	175.0	-30.0	-10.0	95.0	
1501195406530	527285914398198	175.0	-30.0	-10.0	95.0	
1501195406547	527285934539799	175.0	-30.0	-10.0	95.0	
1501195406565	527285954681401	175.0	-30.0	-10.0	95.0	
1501195406584	527285974823002	175.0	-30.0	-10.0	95.0	
1501195406601	527285994964604	175.0	-30.0	-10.0	95.0	
1501195406621	527286015106205	175.0	-30.0	-10.0	95.0	
1501195406636	527286035247807	175.0	-29.013687133789063	-10.0	95.0	
1501195406672	527286055389408	175.0	-29.0	-10.0	95.0	
1501195406689	527286075531010	175.0	-29.0	-10.0	95.0	
1501195406708	527286095672612	175.0	-29.0	-9.627365112304688	95.0	
1501195406725	527286115814213	175.0	-29.0	-9.0	95.0	
1501195406742	527286135955815	175.0	-29.0	-9.0	95.0	
1501195406760	527286156097416	175.0	-29.0	-9.0	95.0	
1501195406779	527286176239018	175.0	-29.0	-9.0	95.0	
1501195406812	527286196380619	175.0	-29.0	-9.0	95.0	
1501195406829	527286216522221	175.0	-29.0	-9.0	95.0	
1501195406847	527286236663823	175.0	-29.0	-9.0	95.0	
1501195406865	527286256805424	175.0	-29.0	-9.0	95.0	
1501195406883	527286276947026	175.0	-29.0	-9.0	95.0	
1501195406900	527286297088627	175.0	-29.0	-9.0	95.0	
1501195406918	527286317230229	175.0	-29.0	-9.0	95.0	
1501195406937	527286337371830	175.0	-29.0	-9.0	95.0	
1501195406970	527286357513432	175.0	-29.0	-9.0	95.0	
1501195406989	527286377655033	175.0	-29.0	-9.0	95.0	
1501195407007	527286397796635	175.0	-29.0	-9.0	95.0	
1501195407024	527286417938237	175.0	-29.0	-9.0	95.0	
1501195407042	527286438079838	175.0	-29.0	-9.0	95.0	
1501195407060	527286458221440	175.0	-29.0	-9.0	95.0	
1501195407077	527286478363041	175.0	-29.0	-9.0	95.0	
1501195407096	527286498504643	175.0	-29.0	-9.0	95.0	
1501195407130	527286518646244	175.0	-29.0	-9.0	95.0	
1501195407148	527286538787846	175.0	-29.0	-9.0	95.0	
1501195407165	527286558929448	175.0	-29.0	-9.0	95.0	
1501195407182	527286579071049	175.0	-29.0	-9.0	95.0	
1501195407202	527286599212651	175.0	-29.0	-9.0	95.0	
1501195407218	527286619354252	175.0	-29.0	-9.0	95.0	
1501195407236	527286639495854	175.0	-29.0	-9.0	95.0	
1501195407253	527286659637455	175.0	-29.0	-9.0	95.0	
1501195407287	527286679779057	175.0	-29.0	-9.0	95.0	
1501195407307	527286699920658	175.0	-29.0	-9.0	95.0	
1501195407323	527286720062260	175.0	-29.0	-9.0	95.0	
1501195407342	527286740203862	175.0	-29.0	-9.0	95.0	
1501195407360	527286760345463	175.0	-29.0	-9.0	95.0	
1501195407378	527286780487065	175.0	-29.0	-9.0	95.0	
1501195407394	527286800628666	175.0	-29.0	-9.0	95.0	
1501195407429	527286820770268	175.0	-29.0068359375	-9.0	95.0	
1501195407447	527286840911869	175.0	-30.0	-9.0	95.0	
1501195407466	527286861053471	174.7331085205078	-30.0	-9.0	95.0	
1501195407481	527286881195073	174.0	-30.0	-9.0	95.0	
1501195407499	527286901336674	174.0	-30.0	-9.0	95.0	
1501195407518	527286921478276	174.0	-30.0	-9.0	95.0	
1501195407534	527286941619877	174.0	-30.0	-9.0	95.0	
1501195407570	527286961761479	174.0	-30.0	-9.0	95.0	
1501195407588	527286981903080	174.0	-30.0	-9.0	95.0	
1501195407605	527287002044682	174.0	-30.0	-9.0	95.0	
1501195407624	527287022186283	174.0	-30.524551391601563	-9.0	95.0	
1501195407640	527287042327885	174.0	-31.0	-9.0	95.0	
1501195407658	527287062469487	174.0	-31.0	-9.0	95.0	
1501195407676	527287082599894	174.0	-31.0	-9.0	95.0	
1501195407710	527287102741496	174.0	-31.0	-10.0	95.0	
1501195407731	527287122883097	174.0	-31.0	-10.0	95.0	
1501195407747	527287143024699	174.0	-31.0	-10.0	95.0	
1501195407764	527287163166300	174.0	-31.0	-10.0	95.0	
1501195407784	527287183307902	174.0	-31.0	-10.0	95.0	
1501195407800	527287203449504	174.0	-31.0	-10.0	95.0	
1501195407836	527287223591105	174.0	-31.0	-10.0	95.0	
1501195407853	527287243732707	174.0	-31.0	-10.0	95.0	
1501195407870	527287263874308	173.5771942138672	-31.0	-10.0	95.0	
1501195407888	527287284015910	173.0	-31.0	-10.0	95.0	
1501195407905	527287304157511	173.0	-31.0	-10.0	95.0	
1501195407922	527287324299113	173.0	-31.0	-10.0	95.0	
1501195407958	527287344440714	173.0	-31.0	-10.0	95.0	
1501195407975	527287364582316	173.0	-31.0	-10.0	95.0	
1501195407993	527287384723918	173.0	-31.0	-10.0	95.0	
1501195408011	527287404865519	173.0	-31.0	-10.0	95.0	
1501195408029	527287425007121	173.0	-31.0	-10.0	95.0	
1501195408048	527287445148722	173.0	-31.0	-10.0	95.0	
1501195408080	527287465290324	173.0	-31.0052490234375	-10.0	95.0	
1501195408100	527287485431925	173.0	-32.0	-10.0	95.0	
1501195408117	527287505573527	173.0	-32.0	-10.0	95.0	
1501195408133	527287525715129	173.0	-32.0	-10.0	-1.0	
1501195408151	527287545856730	173.0	-32.0	-10.0	-1.0	
1501195408169	527287565998332	173.0	-32.0	-10.0	-1.0	
1501195408187	527287586139933	173.0	-32.0	-10.954376220703125	-1.0	
1501195408222	527287606281535	173.0	-32.0	-11.0	-1.0	
1501195408239	527287626423136	173.0	-32.0	-11.0	-1.0	
1501195408257	527287646564738	173.0	-32.0	-11.0	-1.0	
1501195408274	527287666706339	173.0	-32.0	-11.0	-1.0	
1501195408293	527287686847941	173.0	-32.0	-11.0	-1.0	
1501195408310	527287706989543	173.0	-32.0	-11.0	-1.0	
1501195408344	527287727131144	173.0	-33.0	-11.0	-1.0	
1501195408363	527287747272746	173.0	-33.0	-11.0	-1.0	
1501195408380	527287767414347	173.0	-33.0	-11.0	-1.0	
1501195408397	527287787555949	173.0	-33.0	-11.0	-1.0	
1501195408415	527287807697550	173.0	-33.0	-11.0	-1.0	
1501195408433	527287827839152	173.0	-33.0	-11.0	-1.0	
1501195408450	527287847980754	173.0	-33.873687744140625	-11.0	-1.0	
1501195408486	527287868122355	173.0	-34.0	-11.0	-1.0	
1501195408504	527287888263957	172.84083557128906	-34.15916442871094	-11.0	-1.0	
1501195408522	527287908405558	172.0	-35.0	-11.0	-1.0	
1501195408539	527287928547160	172.0	-35.44462585449219	-10.555374145507813	-1.0	
1501195408557	527287948688761	172.0	-36.0	-10.0	-1.0	
1501195408574	527287968830363	172.0	-36.72962951660156	-10.0	-1.0	
1501195408592	527287988971964	172.0	-37.0	-10.0	-1.0	
1501195408628	527288009113566	172.0	-37.01385498046875	-10.0	-1.0	
1501195408644	527288029255168	172.0	-38.0	-10.0	-1.0	
1501195408663	527288049396769	171.70069885253906	-38.0	-10.0	-1.0	
1501195408680	527288069538371	171.0	-38.44194030761719	-10.0	-1.0	
1501195408697	527288089679972	171.0	-39.0	-10.0	-1.0	
1501195408715	527288109821574	171.0	-39.72789001464844	-10.0	-1.0	
1501195408733	527288129963175	171.0	-40.0	-10.0	-1.0	
1501195408768	527288150104777	171.0	-41.0	-10.0	-1.0	
1501195408786	527288170246379	171.0	-41.15570068359375	-10.15570068359375	-1.0	
1501195408802	527288190387980	171.0	-42.0	-11.0	-1.0	
1501195408821	527288210529582	171.0	-42.44020080566406	-11.0	-1.0	
1501195408838	527288230671183	171.0	-43.0	-11.0	-1.0	
1501195408856	527288250812785	170.2751007080078	-43.72489929199219	-11.0	-1.0	
1501195408874	527288270954386	170.0	-44.0	-11.0	-1.0	
