1504200877798	654116820942	241.0	-51.0	-7.0	-1.0	
1504200877815	654136962543	241.0	-51.0	-7.0	-1.0	
1504200877833	654157104145	241.0	-51.0	-7.0	-1.0	
1504200877850	654177245746	241.0	-51.0	-7.0	-1.0	
1504200877868	654197387348	241.0	-51.0	-7.0	-1.0	
1504200877886	654217528949	241.0	-51.0	-7.0	-1.0	
1504200877903	654237670551	241.0	-51.0	-7.0	-1.0	
1504200877939	654257812153	241.0	-51.0	-7.0	-1.0	
1504200877956	654277953754	241.0	-51.0	-7.0	-1.0	
1504200877974	654298095356	241.0	-51.0	-7.0	-1.0	
1504200877992	654318236957	241.0	-51.0	-7.0	-1.0	
1504200878009	654338378559	241.0	-51.0	-7.0	-1.0	
1504200878027	654358520160	241.0	-51.0	-7.0	-1.0	
1504200878045	654378661762	241.0	-51.0	-7.0	-1.0	
1504200878080	654398803363	241.0	-51.0	-7.0	-1.0	
1504200878098	654418944965	241.0	-51.0	-7.0	-1.0	
1504200878115	654439086567	241.0	-51.0	-7.0	-1.0	
1504200878133	654459228168	241.0	-51.0	-7.0	-1.0	
1504200878151	654479369770	241.0	-51.0	-7.0	-1.0	
1504200878169	654499511371	241.0	-51.0	-7.0	-1.0	
1504200878185	654519652973	241.0	-51.0	-7.0	-1.0	
1504200878222	654539794574	241.0	-51.0	-7.0	-1.0	
1504200878238	654559936176	241.0	-51.0	-7.0	-1.0	
1504200878256	654580077778	241.0	-51.0	-7.0	-1.0	
1504200878274	654600219379	241.0	-51.0	-7.0	-1.0	
1504200878291	654620360981	241.0	-51.0	-7.0	-1.0	
1504200878309	654640502582	241.0	-51.0	-7.0	-1.0	
1504200878326	654660644184	241.0	-51.0	-7.0	-1.0	
1504200878361	654680785785	241.0	-51.0	-7.0	-1.0	
1504200878379	654700927387	241.0	-51.0	-7.0	-1.0	
1504200878397	654721068988	241.0	-51.0	-7.0	-1.0	
1504200878415	654741210590	241.0	-51.0	-7.0	-1.0	
1504200878432	654761352192	241.0	-51.0	-7.0	-1.0	
1504200878450	654781493793	241.0	-51.0	-7.0	-1.0	
1504200878468	654801635395	241.0	-51.0	-7.0	-1.0	
1504200878486	654821776996	241.0	-51.0	-7.0	-1.0	
1504200878521	654841918598	241.0	-51.0	-7.0	-1.0	
1504200878539	654862060199	241.0	-51.0	-7.0	-1.0	
1504200878556	654882201801	241.0	-51.0	-7.0	-1.0	
1504200878574	654902343403	241.0	-51.0	-7.0	-1.0	
1504200878591	654922485004	241.0	-51.0	-7.0	-1.0	
1504200878609	654942626606	241.0	-51.0	-7.0	-1.0	
1504200878626	654962768207	241.0	-51.0	-7.0	-1.0	
1504200878664	654982909809	241.0	-51.0	-7.0	-1.0	
1504200878680	655003051410	241.0	-51.0	-7.0	-1.0	
1504200878696	655023193012	241.0	-51.0	-7.0	-1.0	
1504200878714	655043334613	241.0	-51.0	-7.0	-1.0	
1504200878732	655063476215	241.0	-51.0	-7.0	-1.0	
1504200878749	655083617817	241.0	-51.0	-7.0	-1.0	
1504200878767	655103759418	241.0	-51.0	-7.0	-1.0	
1504200878802	655123901020	241.0	-51.0	-7.0	-1.0	
1504200878820	655144042621	241.0	-51.0	-7.0	-1.0	
1504200878838	655164184223	241.0	-51.0	-7.0	-1.0	
1504200878856	655184325824	241.0	-51.0	-7.0	-1.0	
1504200878873	655204467426	241.0	-51.0	-7.0	-1.0	
1504200878892	655224609028	241.0	-51.0	-7.0	-1.0	
1504200878909	655244750629	241.0	-51.0	-7.0	-1.0	
1504200878945	655264892231	241.0	-51.0	-7.0	-1.0	
1504200878961	655285033832	241.0	-51.0	-7.0	-1.0	
1504200878979	655305175434	241.0	-51.0	-7.0	-1.0	
1504200878997	655325317035	241.0	-51.0	-7.0	-1.0	
1504200879014	655345458637	241.0	-51.0	-7.0	-1.0	
1504200879032	655365600238	241.0	-51.0	-7.0	-1.0	
1504200879050	655385741840	241.0	-51.0	-7.0	-1.0	
1504200879084	655405883442	241.0	-51.0	-7.0	-1.0	
1504200879102	655426025043	241.0	-51.0	-7.0	-1.0	
1504200879120	655446166645	241.0	-51.0	-7.0	-1.0	
1504200879137	655466308246	241.0	-51.0	-7.0	-1.0	
1504200879156	655486449848	241.0	-51.0	-7.0	-1.0	
1504200879172	655506591449	241.0	-51.0	-7.0	-1.0	
1504200879190	655526733051	241.0	-51.0	-7.0	-1.0	
1504200879226	655546874653	241.0	-51.0	-7.0	-1.0	
1504200879243	655567016254	241.0	-51.0	-7.0	-1.0	
1504200879261	655587157856	241.0	-51.0	-7.0	-1.0	
1504200879278	655607299457	241.0	-51.0	-7.0	-1.0	
1504200879296	655627441059	241.0	-51.0	-7.0	-1.0	
1504200879314	655647582660	241.0	-51.0	-7.0	-1.0	
1504200879334	655667724262	241.0	-51.0	-7.0	-1.0	
1504200879367	655687865863	241.0	-51.0	-7.0	-1.0	
1504200879384	655708007465	241.0	-51.0	-7.0	-1.0	
1504200879401	655728149067	241.0	-51.0	-7.0	-1.0	
1504200879420	655748290668	241.0	-51.0	-7.0	-1.0	
1504200879436	655768432270	241.0	-51.0	-7.0	-1.0	
1504200879454	655788573871	241.0	-51.0	-7.0	-1.0	
1504200879472	655808715473	241.0	-51.0	-7.0	-1.0	
1504200879507	655828857074	241.0	-51.0	-7.0	-1.0	
1504200879525	655848998676	241.0	-51.0	-7.0	-1.0	
1504200879542	655869140278	241.0	-51.0	-7.0	-1.0	
1504200879560	655889281879	241.0	-51.0	-7.0	-1.0	
1504200879578	655909423481	241.0	-51.0	-7.0	-1.0	
1504200879595	655929565082	241.0	-51.0	-7.0	-1.0	
1504200879613	655949706684	241.0	-51.0	-7.0	-1.0	
1504200879649	655969848285	241.0	-51.0	-7.0	-1.0	
1504200879667	655989989887	241.0	-51.0	-7.0	-1.0	
1504200879684	656010131488	241.0	-51.0	-7.0	-1.0	
1504200879701	656030273090	241.0	-51.0	-7.0	-1.0	
1504200879719	656050414692	241.0	-51.0	-7.0	-1.0	
1504200879737	656070556293	241.0	-51.0	-7.0	-1.0	
1504200879754	656090697895	241.0	-51.0	-7.0	-1.0	
1504200879790	656110839496	241.0	-51.0	-7.0	-1.0	
1504200879807	656130981098	241.0	-51.0	-7.0	-1.0	
1504200879825	656151122699	241.0	-51.0	-7.0	-1.0	
1504200879843	656171264301	241.0	-51.0	-7.0	-1.0	
1504200879860	656191405903	241.0	-51.0	-7.0	-1.0	
1504200879878	656211547504	241.0	-51.0	-7.0	-1.0	
1504200879895	656231689106	241.0	-51.0	-7.0	-1.0	
1504200879931	656251830707	241.0	-51.0	-7.0	-1.0	
1504200879949	656271972309	241.0	-51.0	-7.0	-1.0	
1504200879966	656292113910	241.0	-51.0	-7.0	-1.0	
1504200879984	656312255512	241.0	-51.0	-7.0	-1.0	
1504200880002	656332397113	241.0	-51.0	-7.0	-1.0	
1504200880019	656352538715	241.0	-51.0	-7.0	-1.0	
1504200880037	656372680317	241.0	-51.0	-7.0	-1.0	
1504200880072	656392821918	241.0	-51.0	-7.0	-1.0	
1504200880089	656412963520	241.0	-51.0	-7.0	-1.0	
1504200880108	656433105121	241.0	-51.0	-7.0	-1.0	
1504200880124	656453246723	241.0	-51.0	-7.0	-1.0	
1504200880142	656473388324	241.0	-51.0	-7.0	-1.0	
1504200880160	656493529926	241.0	-51.0	-7.0	-1.0	
1504200880177	656513671528	241.0	-51.0	-7.0	-1.0	
1504200880212	656533813129	241.0	-51.0	-7.0	-1.0	
1504200880230	656553954731	241.0	-51.0	-7.0	-1.0	
1504200880247	656574096332	241.0	-51.0	-7.0	-1.0	
1504200880265	656594237934	241.0	-51.0	-7.0	-1.0	
1504200880283	656614379535	241.0	-51.0	-7.0	-1.0	
1504200880300	656634521137	241.0	-51.0	-7.0	-1.0	
1504200880319	656654662738	241.0	-51.0	-7.0	-1.0	
1504200880353	656674804340	241.0	-51.0	-7.0	-1.0	
1504200880374	656694945942	241.0	-51.0	-7.0	-1.0	
1504200880390	656715087543	241.0	-51.0	-7.0	-1.0	
1504200880406	656735229145	241.0	-51.0	-7.0	-1.0	
1504200880425	656755370746	241.0	-51.0	-7.0	-1.0	
1504200880441	656775512348	241.0	-51.0	-7.0	-1.0	
1504200880459	656795653949	241.0	-51.0	-7.0	-1.0	
1504200880494	656815795551	241.0	-51.0	-7.0	-1.0	
1504200880512	656835937153	241.0	-51.0	-7.0	-1.0	
1504200880530	656856078754	241.0	-51.0	-7.0	-1.0	
1504200880547	656876220356	241.0	-51.0	-7.0	-1.0	
1504200880565	656896361957	241.0	-51.0	-6.3529510498046875	-1.0	
1504200880583	656916503559	241.78892517089844	-51.0	-6.0	-1.0	
1504200880600	656936645160	242.0	-51.0	-6.0	-1.0	
1504200880636	656956786762	242.07278442382813	-51.0	-6.0	-1.0	
1504200880653	656976928363	243.0	-51.0	-6.0	-1.0	
1504200880670	656997069965	243.0	-51.0	-6.0	-1.0	
1504200880689	657017211567	243.0	-51.0	-5.5	-1.0	
1504200880706	657037353168	243.64186096191406	-51.0	-5.0	-1.0	
1504200880724	657057494770	244.0	-51.0	-5.0	-1.0	
1504200880741	657077636371	244.0	-51.0	-5.0	-1.0	
1504200880777	657097777973	245.0	-51.0	-4.9308013916015625	-1.0	
1504200880796	657117919574	245.0	-50.7889404296875	-4.0	-1.0	
1504200880812	657138061176	245.35293579101563	-50.0	-4.0	-1.0	
1504200880829	657158202778	246.0	-50.0	-4.0	-1.0	
1504200880849	657178344379	246.63839721679688	-50.0	-3.361602783203125	-1.0	
1504200880866	657198485981	247.0	-50.0	-3.0	-1.0	
1504200880883	657218627582	247.92213439941406	-50.0	-2.0778656005859375	-1.0	
1504200880917	657238769184	248.0	-49.93598937988281	-2.0	-1.0	
1504200880935	657258910785	248.20623779296875	-49.0	-1.79376220703125	-1.0	
1504200880953	657279052387	249.0	-49.0	-1.0	-1.0	
1504200880971	657299193988	249.0	-49.0	-1.0	-1.0	
1504200880988	657319335590	249.0	-49.0	-1.0	-1.0	
1504200881006	657339477192	249.0	-49.0	-1.0	-1.0	
1504200881023	657359618793	249.9169464111328	-49.0	-0.0830535888671875	-1.0	
1504200881059	657379760395	250.0	-49.0	0.0	-1.0	
1504200881076	657399901996	250.0	-49.20240783691406	-0.2024078369140625	-1.0	
1504200881093	657420043598	249.6557159423828	-50.0	-1.0	-1.0	
1504200881112	657440185199	249.0	-50.0	-1.0	-1.0	
1504200881129	657460326801	249.0	-50.0	-1.0	-1.0	
1504200881146	657480468403	248.22837829589844	-50.0	-1.0	-1.0	
1504200881164	657500610004	248.0	-50.0	-1.913482666015625	-1.0	
1504200881200	657520751606	248.0	-50.0	-2.0	-1.0	
1504200881217	657540893207	248.0	-50.0	-2.0	-1.0	
1504200881235	657561034809	248.0	-50.0	-2.0	-1.0	
1504200881253	657581176410	248.0	-50.0	-2.0	-1.0	
1504200881271	657601318012	248.0	-50.0	-2.0	-1.0	
1504200881288	657621459613	247.2335662841797	-50.0	-2.0	-1.0	
1504200881306	657641601215	247.0	-50.0	-2.0	-1.0	
1504200881341	657661742817	247.0502471923828	-50.0	-2.0	-1.0	
1504200881358	657681884418	248.0	-50.0	-2.0	-1.0	
1504200881377	657702026020	248.0	-50.0	-2.0	-1.0	
1504200881394	657722167621	248.0	-50.0	-2.0	-1.0	
1504200881411	657742309223	248.0	-50.0	-2.0	-1.0	
1504200881430	657762450824	248.0	-50.0	-2.0	-1.0	
1504200881447	657782592426	248.0	-50.0	-2.0	-1.0	
1504200881482	657802734028	248.0	-50.0	-2.0	-1.0	
1504200881499	657822875629	247.81143188476563	-50.0	-2.0	-1.0	
1504200881516	657843017231	247.0	-50.0	-2.0	-1.0	
1504200881538	657863158832	247.0	-50.0	-2.0	-1.0	
1504200881552	657883300434	247.0	-50.0	-2.0	-1.0	
1504200881569	657903442035	247.0	-50.0	-2.0	-1.0	
1504200881587	657923583637	247.0	-50.0	-1.1003570556640625	-1.0	
1504200881623	657943725238	247.0	-50.0	-1.0	-1.0	
1504200881640	657963866840	247.0	-50.0	-1.0	-1.0	
1504200881657	657984008442	247.3269805908203	-49.67301940917969	-1.0	-1.0	
1504200881675	658004150043	248.0	-49.0	-1.0	-1.0	
1504200881693	658024291645	248.0	-49.0	-1.0	-1.0	
1504200881710	658044433246	248.0	-49.0	-1.0	-1.0	
1504200881728	658064574848	248.0	-49.0	-1.0	-1.0	
1504200881763	658084716449	248.0	-49.0	-1.0	-1.0	
1504200881781	658104858051	248.0	-49.0	-1.0	-1.0	
1504200881799	658124999653	248.0	-49.0	-1.0	-1.0	
1504200881817	658145141254	248.0	-49.0	-1.0	-1.0	
1504200881834	658165282856	248.0	-49.0	-1.0	-1.0	
1504200881852	658185424457	248.0	-49.0	-1.0	-1.0	
1504200881869	658205566059	248.0	-48.1090087890625	-1.0	-1.0	
1504200881904	658225707660	248.0	-48.0	-1.0	-1.0	
1504200881922	658245849262	248.0	-48.0	-1.0	-1.0	
1504200881941	658265990863	248.0	-48.0	-1.0	-1.0	
1504200881957	658286132465	248.0	-48.0	-1.0	-1.0	
1504200881975	658306274067	248.0	-48.0	-1.0	-1.0	
1504200881993	658326415668	248.0	-48.0	-1.0	-1.0	
1504200882010	658346557270	248.0	-48.0	-1.0	-1.0	
1504200882045	658366698871	248.0	-48.0	-1.0	-1.0	
1504200882064	658386840473	248.0	-48.0	-1.0	-1.0	
1504200882081	658406982074	248.0	-48.0	-1.0	-1.0	
1504200882098	658427123676	248.0	-47.54498291015625	-1.0	-1.0	
1504200882116	658447265278	248.0	-47.0	-1.0	-1.0	
1504200882134	658467406879	248.0	-47.0	-1.0	-1.0	
1504200882151	658487548481	248.0	-47.88214111328125	-1.0	-1.0	
1504200882187	658507690082	248.0	-48.0	-1.0	-1.0	
1504200882204	658527831684	248.0	-47.83392333984375	-1.0	-1.0	
1504200882223	658547973285	248.0	-47.0	-1.0	-1.0	
1504200882239	658568114887	248.45059204101563	-47.0	-1.0	-1.0	
1504200882257	658588256488	249.0	-47.0	-1.0	-1.0	
1504200882276	658608398090	249.0	-47.0	-1.0	-1.0	
1504200882292	658628539692	249.0	-47.0	-1.0	-1.0	
1504200882328	658648681293	249.0	-47.0	-1.0	-1.0	
1504200882346	658668822895	249.0	-47.0	-1.0	-1.0	
1504200882363	658688964496	249.0	-47.0	-1.0	-1.0	
1504200882381	658709106098	249.0	-47.0	-1.0	-1.0	
1504200882398	658729247699	249.0	-47.0	-1.0	-1.0	
1504200882416	658749389301	249.0	-47.0	-1.0	-1.0	
1504200882434	658769530903	249.0	-47.0	-1.0	-1.0	
1504200882469	658789672504	249.0	-47.0	-1.0	-1.0	
1504200882487	658809814106	249.0	-47.0	-1.0	-1.0	
1504200882504	658829955707	249.0	-47.0	-1.0	-1.0	
1504200882522	658850097309	249.0	-47.0	-1.0	-1.0	
1504200882540	658870238910	249.0	-47.0	-1.0	-1.0	
1504200882557	658890380512	249.0	-47.0	-1.726165771484375	-1.0	
1504200882575	658910522113	249.0	-47.0	-2.0	-1.0	
1504200882610	658930663715	249.0	-47.0	-2.0	-1.0	
1504200882627	658950805317	249.0	-47.0	-2.0	-1.0	
1504200882646	658970946918	249.0	-47.0	-2.0	-1.0	
1504200882663	658991088520	249.0	-47.0	-2.0	-1.0	
1504200882680	659011230121	249.0	-47.0	-2.0	-1.0	
1504200882698	659031371723	249.72145080566406	-47.0	-2.0	-1.0	
1504200882715	659051513324	250.0	-47.0	-2.0	-1.0	
1504200882750	659071654926	250.0	-47.0	-2.0	-1.0	
1504200882768	659091796528	250.0	-47.0	-2.0	-1.0	
1504200882785	659111938129	250.0	-47.0	-2.0	-1.0	
1504200882804	659132079731	250.0	-47.0	-2.0	-1.0	
1504200882821	659152221332	250.0	-47.0	-2.0	-1.0	
1504200882839	659172362934	250.0	-47.0	-2.0	-1.0	
1504200882856	659192504535	250.0	-47.0	-2.0	-1.0	
1504200882892	659212646137	250.0	-47.0	-1.0	-1.0	
1504200882910	659232787738	250.0	-47.0	-1.0	-1.0	
1504200882927	659252929340	250.0	-47.0	-1.0	-1.0	
1504200882945	659273070942	250.0	-47.0	-1.0	-1.0	
1504200882963	659293212543	250.0	-47.5701904296875	-1.0	-1.0	
1504200882980	659313354145	250.0	-48.0	-1.0	-1.0	
1504200882998	659333495746	250.0	-48.0	-1.0	-1.0	
1504200883015	659353637348	250.0	-48.0	-1.0	-1.0	
1504200883051	659373778949	250.0	-48.0	-1.0	-1.0	
1504200883069	659393920551	250.0	-48.0	-1.0	-1.0	
1504200883086	659414062153	250.0	-48.0	-1.0	-1.0	
1504200883103	659434203754	250.0	-48.0	-1.0	-1.0	
1504200883121	659454345356	250.0	-48.0	-1.0	-1.0	
1504200883138	659474486957	250.0	-48.0	-1.0	-1.0	
1504200883156	659494628559	250.0	-48.0	-1.0	-1.0	
1504200883191	659514770160	250.0	-48.0	-1.0	-1.0	
1504200883209	659534911762	250.0	-48.0	-1.0	-1.0	
1504200883228	659555053363	250.0	-48.0	-1.0	-1.0	
1504200883244	659575194965	250.0	-48.0	-1.0	-1.0	
1504200883262	659595336567	250.0	-48.0	-1.0	-1.0	
1504200883281	659615478168	250.0	-48.0	-1.0	-1.0	
1504200883298	659635619770	250.0	-48.0	-1.0	-1.0	
1504200883332	659655761371	250.0	-48.0	-1.0	-1.0	
1504200883351	659675902973	250.0	-48.0	-1.0	-1.0	
1504200883367	659696044574	250.0	-48.0	-1.0	-1.0	
1504200883386	659716186176	250.0	-48.0	-1.0	-1.0	
1504200883402	659736327778	250.0	-48.0	-1.0	-1.0	
1504200883423	659756469379	250.0	-48.0	-1.0	-1.0	
1504200883438	659776610981	250.0	-48.0	-1.0	-1.0	
1504200883473	659796752582	250.0	-48.0	-1.0	-1.0	
1504200883491	659816894184	250.0	-48.0	-1.0	-1.0	
1504200883508	659837035785	250.0	-48.0	-1.0	-1.0	
1504200883525	659857177387	250.0	-48.0	-1.0	-1.0	
1504200883543	659877318988	250.0	-48.0	-1.0	-1.0	
1504200883561	659897460590	250.0	-48.0	-1.0	-1.0	
1504200883578	659917602192	250.0	-48.0	-1.0	-1.0	
1504200883614	659937743793	250.0	-48.0	-1.0	-1.0	
1504200883631	659957875779	250.0	-48.0	-1.0	-1.0	
1504200883649	659978017380	250.0	-48.0	-1.0	-1.0	
1504200883667	659998158982	250.0	-48.0	-1.0	-1.0	
1504200883685	660018300583	250.0	-48.0	-1.0	-1.0	
1504200883702	660038442185	250.0	-48.0	-1.0	-1.0	
1504200883721	660058583787	250.0	-48.0	-1.0	-1.0	
1504200883755	660078725388	250.0	-48.0	-1.0	-1.0	
1504200883772	660098866990	250.0	-48.0	-1.0	-1.0	
1504200883790	660119008591	250.0	-48.0	-1.0	-1.0	
1504200883808	660139150193	250.0	-48.0	-1.0	-1.0	
1504200883826	660159291794	250.0	-48.0	-1.0	-1.0	
1504200883843	660179433396	250.0	-48.0	-1.0	-1.0	
1504200883860	660199574997	250.0	-48.0	-1.0	-1.0	
1504200883896	660219716599	250.0	-48.0	-1.0	-1.0	
1504200883914	660239858201	250.0	-48.0	-1.0	-1.0	
1504200883931	660259999802	250.0	-48.0	-1.0	-1.0	
1504200883950	660280141404	250.0	-48.0	-1.0	-1.0	
1504200883967	660300283005	250.0	-48.0	-1.0	-1.0	
1504200883984	660320424607	250.0	-48.0	-1.0	-1.0	
1504200884002	660340566208	250.0	-48.0	-1.0	-1.0	
1504200884037	660360707810	250.0	-48.0	-1.0	-1.0	
1504200884054	660380849412	250.0	-48.0	-1.0	-1.0	
1504200884072	660400991013	250.0	-48.0	-1.0	-1.0	
1504200884090	660421132615	250.0	-48.0	-1.0	-1.0	
1504200884107	660441274216	250.0	-48.0	-1.0	-1.0	
1504200884125	660461415818	250.0	-48.0	-1.0	-1.0	
1504200884143	660481557419	250.0	-48.0	-1.0	-1.0	
1504200884179	660501699021	250.0	-48.0	-1.0	-1.0	
1504200884196	660521840622	250.0	-48.0	-1.0	-1.0	
1504200884215	660541982224	250.0	-48.0	-1.0	-1.0	
1504200884232	660562123826	250.52940368652344	-48.0	-1.0	-1.0	
1504200884249	660582265427	251.0	-48.0	-1.0	-1.0	
1504200884266	660602407029	251.0	-48.0	-1.0	-1.0	
1504200884284	660622548630	251.0	-48.0	-1.0	-1.0	
1504200884321	660642690232	251.0	-47.0	-1.0	-1.0	
1504200884337	660662831833	251.0	-47.0	-1.0	-1.0	
1504200884354	660682973435	251.0	-47.0	-1.0	-1.0	
1504200884371	660703115037	251.0	-47.0	-1.0	-1.0	
1504200884390	660723256638	251.0	-47.0	-1.0	-1.0	
1504200884407	660743398240	251.0	-47.0	-1.0	-1.0	
1504200884424	660763539841	251.0	-47.0	-1.0	-1.0	
1504200884460	660783681443	251.0	-47.0	-1.0	-1.0	
1504200884478	660803823044	251.0	-47.0	-1.0	-1.0	
1504200884495	660823964646	251.0	-47.0	-1.0	-1.0	
1504200884512	660844106247	251.0	-47.0	-1.0	-1.0	
1504200884530	660864247849	251.0	-47.0	-1.0	-1.0	
1504200884548	660884389451	251.0	-47.0	-1.8044891357421875	-1.0	
1504200884565	660904531052	251.0	-47.0	-2.0	-1.0	
1504200884601	660924672654	251.0	-47.0	-2.0	-1.0	
1504200884618	660944814255	251.0	-47.0	-2.0	-1.0	
1504200884636	660964955857	251.0	-47.0	-2.0	-1.0	
1504200884654	660985097458	251.0	-47.0	-2.0	-1.0	
1504200884671	661005239060	250.3414306640625	-47.0	-2.0	-1.0	
1504200884689	661025380662	250.0	-47.0	-2.0	-1.0	
1504200884706	661045522263	250.0	-47.0	-2.0	-1.0	
1504200884742	661065663865	250.0	-48.0	-2.0	-1.0	
1504200884759	661085805466	250.0	-48.0	-2.0	-1.0	
1504200884777	661105947068	250.0	-48.0	-1.5958251953125	-1.0	
1504200884795	661126088669	250.0	-48.0	-1.0	-1.0	
1504200884815	661146230271	250.0	-48.0	-1.0	-1.0	
1504200884831	661166371872	250.0	-48.0	-1.0	-1.0	
1504200884865	661186513474	250.0	-48.0	-1.0	-1.0	
1504200884883	661206655076	250.0	-48.0	-1.0	-1.0	
1504200884900	661226796677	250.0	-48.0	-1.0	-1.0	
1504200884918	661246938279	250.0	-48.0	-1.449462890625	-1.0	
1504200884937	661267079880	250.0	-48.0	-2.0	-1.0	
1504200884954	661287221482	250.0	-48.0	-1.250885009765625	-1.0	
1504200884971	661307363083	250.0	-48.0	-1.0	-1.0	
1504200885006	661327504685	250.04869079589844	-48.0	-1.0	-1.0	
1504200885028	661347646287	251.0	-48.0	-1.0	-1.0	
1504200885041	661367787888	251.0	-48.0	-1.3466796875	-1.0	
1504200885059	661387929490	251.0	-48.0	-2.0	-1.0	
1504200885077	661408071091	251.0	-48.0	-2.0	-1.0	
1504200885094	661428212693	250.20384216308594	-48.0	-2.0	-1.0	
1504200885112	661448354294	250.9443359375	-48.0	-2.0	-1.0	
1504200885147	661468495896	251.0	-48.0	-2.0	-1.0	
1504200885165	661488637497	251.0	-48.0	-2.0	-1.0	
1504200885184	661508779099	251.0	-48.0	-2.0	-1.0	
1504200885201	661528920701	251.0	-48.0	-2.0	-1.0	
1504200885218	661549062302	251.0	-48.0	-2.0	-1.0	
1504200885236	661569203904	251.0	-48.0	-2.0	-1.0	
1504200885253	661589345505	251.0	-48.0	-2.0	-1.0	
1504200885288	661609487107	251.0	-48.0	-2.0	-1.0	
1504200885306	661629628708	251.0	-48.0	-2.0	-1.0	
1504200885324	661649770310	251.0	-48.0	-2.0	-1.0	
1504200885343	661669911912	251.0	-48.588836669921875	-2.0	-1.0	
1504200885360	661690053513	251.0	-49.0	-2.0	-1.0	
1504200885376	661710195115	251.0	-49.0	-2.0	-1.0	
1504200885411	661730336716	251.0	-49.0	-2.0	-1.0	
1504200885429	661750478318	251.0	-49.0	-2.0	-1.0	
1504200885447	661770619919	251.0	-49.0	-2.0	-1.0	
1504200885464	661790761521	251.0	-49.0	-2.0	-1.0	
1504200885482	661810903122	251.0	-49.0	-2.0	-1.0	
1504200885501	661831044724	251.0	-49.0	-2.0	-1.0	
1504200885518	661851186326	251.0	-49.0	-2.0	-1.0	
1504200885553	661871327927	251.0	-49.0	-2.0	-1.0	
1504200885570	661891469529	251.0	-49.0	-2.0	-1.0	
1504200885588	661911611130	251.0	-49.0	-2.0	-1.0	
1504200885606	661931752732	251.0	-49.0	-2.0	-1.0	
1504200885623	661951894333	251.0	-49.0	-2.0	-1.0	
1504200885641	661972035935	251.0	-49.0	-2.0	-1.0	
1504200885659	661992177537	251.0	-49.0	-2.0	-1.0	
1504200885694	662012319138	251.0	-49.0	-2.0	-1.0	
1504200885711	662032460740	251.0	-49.0	-2.0	-1.0	
1504200885729	662052602341	251.0	-49.0	-2.0	-1.0	
1504200885747	662072743943	251.0	-49.0	-2.0	-1.0	
1504200885765	662092885544	251.0	-49.0	-2.0	-1.0	
1504200885782	662113027146	251.0	-49.0	-2.0	-1.0	
1504200885818	662133168747	251.0	-49.0	-2.0	-1.0	
1504200885835	662153310349	251.0	-49.0	-2.0	-1.0	
1504200885852	662173451951	251.0	-49.0	-2.0	-1.0	
1504200885870	662193593552	251.0	-49.0	-2.0	-1.0	
1504200885887	662213735154	251.0	-49.0	-2.0	-1.0	
1504200885905	662233876755	251.0	-49.0	-2.0	-1.0	
1504200885923	662254018357	251.0	-49.0	-2.0	-1.0	
1504200885958	662274159958	251.0	-49.0	-2.0	-1.0	
1504200885976	662294301560	251.0	-49.0	-2.0	-1.0	
1504200885993	662314443162	251.0	-49.0	-2.0	-1.0	
1504200886011	662334584763	251.0	-49.0	-2.0	-1.0	
1504200886029	662354726365	251.0	-49.0	-2.0	-1.0	
1504200886046	662374867966	251.0	-49.0	-2.0	-1.0	
1504200886064	662395009568	251.0	-49.0	-2.0	-1.0	
1504200886099	662415151169	251.0	-49.0	-2.0	-1.0	
1504200886116	662435292771	251.0	-49.0	-2.0	-1.0	
1504200886134	662455434372	251.0	-49.0	-1.5801544189453125	-1.0	
1504200886152	662475575974	251.0	-49.0	-1.0	-1.0	
1504200886169	662495717576	251.0	-49.0	-1.0	-1.0	
1504200886188	662515859177	251.0	-49.0	-1.0	-1.0	
1504200886222	662536000779	251.0	-49.0	-1.0	-1.0	
1504200886241	662556142380	251.0	-49.167236328125	-1.0	-1.0	
1504200886258	662576283982	251.0	-50.0	-1.0	-1.0	
1504200886275	662596425583	251.0	-50.0	-1.0	-1.0	
1504200886293	662616567185	251.0	-50.0	-1.0	-1.0	
1504200886310	662636708787	251.0	-50.0	-1.0	-1.0	
1504200886328	662656850388	251.0	-50.0	-1.0	-1.0	
1504200886363	662676991990	251.0	-50.0	-1.0	-1.0	
1504200886381	662697133591	251.0	-50.0	-1.0	-1.0	
1504200886398	662717275193	251.0	-50.0	-1.0	-1.0	
1504200886416	662737416794	251.0	-50.51219177246094	-1.0	-1.0	
1504200886434	662757558396	251.0	-51.0	-1.0	-1.0	
1504200886452	662777699997	251.0	-51.0	-0.196563720703125	-1.0	
1504200886469	662797841599	251.0	-51.0	0.0	-1.0	
1504200886504	662817983201	251.0	-51.0	0.0	-1.0	
1504200886522	662838124802	251.0	-51.0	0.0	-1.0	
1504200886540	662858266404	251.0	-51.0	0.0	-1.0	
1504200886557	662878408005	251.0	-51.0	0.0	-1.0	
1504200886575	662898549607	251.0	-51.0	0.0	-1.0	
1504200886592	662918691208	251.0	-51.0	0.0	-1.0	
1504200886611	662938832810	251.0	-51.0	0.0	-1.0	
1504200886645	662958974412	251.0	-51.0	0.0	-1.0	
1504200886663	662979116013	251.0	-51.0	0.0	-1.0	
1504200886681	662999257615	251.0	-51.0	0.0	-1.0	
1504200886698	663019399216	251.0	-51.0	0.0	-1.0	
1504200886716	663039540818	251.0	-51.0	0.0	-1.0	
1504200886733	663059682419	251.0	-51.0	0.0	-1.0	
1504200886751	663079824021	251.0	-51.0	0.0	-1.0	
1504200886787	663099965622	251.0	-51.0	0.0	-1.0	
1504200886804	663120107224	251.0	-51.0	0.0	-1.0	
1504200886822	663140248826	251.0	-51.0	0.0	-1.0	
1504200886840	663160390427	251.0	-51.0	0.0	-1.0	
1504200886857	663180532029	251.0	-51.0	0.0	-1.0	
1504200886875	663200673630	251.0	-51.0	0.0	-1.0	
1504200886892	663220815232	251.0	-51.0	0.0	-1.0	
1504200886910	663240956833	251.0	-51.0	0.0	-1.0	
1504200886945	663261098435	251.0	-51.0	0.0	-1.0	
1504200886963	663281240037	251.0	-51.0	0.0	-1.0	
1504200886980	663301381638	251.0	-51.0	0.0	-1.0	
1504200886998	663321523240	251.0	-51.0	0.0	-1.0	
1504200887015	663341664841	251.0	-51.0	0.0	-1.0	
1504200887033	663361806443	251.0	-51.0	0.0	-1.0	
1504200887051	663381948044	251.0	-51.0	0.0	-1.0	
1504200887086	663402089646	251.0	-51.0	0.0	-1.0	
1504200887103	663422231247	251.0	-51.0	0.0	-1.0	
1504200887121	663442372849	251.0	-51.0	0.0	-1.0	
1504200887139	663462514451	251.0	-51.0	0.0	-1.0	
1504200887157	663482656052	251.0	-51.0	0.0	-1.0	
1504200887174	663502797654	251.0	-51.0	0.0	-1.0	
1504200887192	663522939255	251.0	-51.0	0.0	-1.0	
1504200887227	663543080857	251.0	-51.0	0.0	-1.0	
1504200887245	663563222458	251.0	-51.0	0.0	-1.0	
1504200887262	663583364060	251.0	-50.63966369628906	-0.3603363037109375	-1.0	
1504200887280	663603505662	250.50086975097656	-50.0	-1.0	-1.0	
1504200887298	663623647263	250.0	-50.0	-1.0	-1.0	
1504200887315	663643788865	250.0	-50.0	-1.0	-1.0	
1504200887332	663663930466	250.0	-50.0	-1.0	-1.0	
1504200887368	663684072068	250.0	-50.0	-1.0	-1.0	
1504200887385	663704213669	250.0	-50.0	-1.0	-1.0	
1504200887403	663724355271	250.0	-50.0	-1.0	-1.0	
1504200887421	663744496872	250.0	-50.0	-1.0	-1.0	
1504200887438	663764638474	250.0	-50.0	-1.0	-1.0	
1504200887456	663784780076	250.0	-50.0	-1.0	-1.0	
1504200887474	663804921677	250.0	-50.0	-1.0	-1.0	
1504200887509	663825063279	250.0	-50.0	-1.0	-1.0	
1504200887527	663845204880	250.0	-50.0	-1.0	-1.0	
1504200887545	663865346482	250.0	-50.0	-1.0	-1.0	
1504200887562	663885488083	250.0	-50.0	-1.0	-1.0	
1504200887579	663905629685	250.0	-50.0	-1.0	-1.0	
1504200887597	663925771287	250.0	-50.0	-1.0	-1.0	
1504200887615	663945912888	250.0	-50.0	-1.0	-1.0	
1504200887632	663966054490	250.0	-50.0	-1.0	-1.0	
1504200887668	663986196091	250.0	-50.0	0.0	-1.0	
1504200887685	664006337693	250.0	-50.0	0.0	-1.0	
1504200887703	664026479294	250.0	-50.0	0.0	-1.0	
1504200887721	664046620896	250.0	-50.0	0.0	-1.0	
1504200887738	664066762497	250.0	-50.0	0.0	-1.0	
1504200887756	664086904099	250.0	-50.0	0.0	-1.0	
1504200887774	664107045701	250.0	-50.0	-0.97235107421875	-1.0	
1504200887809	664127187302	250.0	-50.0	-1.0	-1.0	
1504200887826	664147328904	250.0	-50.0	-1.0	-1.0	
1504200887844	664167470505	250.0	-50.0	-1.0	-1.0	
1504200887862	664187612107	250.0	-50.0	-1.0	-1.0	
1504200887880	664207753708	250.0	-50.0	-1.0	-1.0	
1504200887897	664227895310	250.80516052246094	-50.0	-1.0	-1.0	
1504200887914	664248036912	251.0	-50.0	-1.0	-1.0	
1504200887950	664268178513	251.0	-50.0	-1.0	-1.0	
1504200887968	664288320115	251.0	-50.0	-1.0	-1.0	
1504200887984	664308461716	251.0	-50.0	-1.0	-1.0	
1504200888002	664328603318	251.0	-50.0	-1.0	-1.0	
1504200888021	664348744919	251.0	-50.0	-1.0	-1.0	
1504200888038	664368886521	251.0	-50.0	-1.0	-1.0	
1504200888057	664389028122	251.0	-50.0	-1.0	-1.0	
1504200888091	664409169724	251.0	-50.0	-1.0	-1.0	
1504200888108	664429311326	251.0	-50.0	-1.0	-1.0	
1504200888126	664449452927	251.0	-50.0	-1.0	-1.0	
1504200888145	664469594529	251.0	-50.0	-1.0	-1.0	
1504200888161	664489736130	251.0	-50.0	-1.0	-1.0	
1504200888179	664509877732	251.0	-50.0	-1.0	-1.0	
1504200888197	664530019333	251.0	-50.0	-1.0	-1.0	
1504200888232	664550160935	251.0	-49.0	-1.0	-1.0	
1504200888249	664570302537	251.0	-49.167236328125	-1.0	-1.0	
1504200888272	664590444138	251.0	-50.0	-1.0	-1.0	
1504200888285	664610585740	251.0	-50.0	-1.0	-1.0	
1504200888303	664630727341	251.0	-50.0	-1.0	-1.0	
1504200888320	664650868943	251.0	-50.0	-1.0	-1.0	
1504200888338	664671010544	251.0	-50.0	-1.0	-1.0	
1504200888356	664691152146	251.0	-50.0	-1.0	-1.0	
1504200888391	664711293747	251.0	-49.8603515625	-1.0	-1.0	
1504200888410	664731435349	251.0	-49.27806091308594	-1.0	-1.0	
1504200888426	664751576951	251.0	-50.0	-1.0	-1.0	
1504200888444	664771718552	251.0	-50.0	-1.0	-1.0	
1504200888462	664791860154	251.0	-50.0	-1.0	-1.0	
1504200888479	664812001755	251.0	-50.0	-1.0	-1.0	
1504200888497	664832143357	251.0	-50.0	-1.0	-1.0	
1504200888532	664852284958	251.0	-50.0	-1.0	-1.0	
1504200888550	664872426560	251.0	-50.0	-1.0	-1.0	
1504200888568	664892568162	251.0	-50.0	-1.0	-1.0	
1504200888585	664912709763	251.0	-50.0	-1.0	-1.0	
1504200888603	664932851365	251.0	-50.0	-1.0	-1.0	
1504200888621	664952992966	251.0	-50.0	-1.0	-1.0	
1504200888638	664973134568	251.0	-50.0	-1.0	-1.0	
1504200888676	664993276169	251.0	-50.0	-1.0	-1.0	
1504200888693	665013417771	251.0	-50.0	-1.0	-1.0	
1504200888708	665033559372	251.0	-50.0	-1.0	-1.0	
1504200888727	665053700974	251.0	-50.0	-1.0	-1.0	
1504200888744	665073842576	251.0	-50.0	-1.0	-1.0	
1504200888761	665093984177	251.0	-50.0	-1.0	-1.0	
1504200888779	665114125779	251.0	-50.0	-1.0	-1.0	
1504200888814	665134267380	251.0	-50.0	-1.0	-1.0	
1504200888832	665154408982	251.0	-50.0	-1.0	-1.0	
1504200888849	665174550583	251.0	-50.0	-1.0	-1.0	
1504200888867	665194692185	251.0	-50.0	-1.0	-1.0	
1504200888885	665214833787	251.0	-50.0	-1.0	-1.0	
1504200888902	665234975388	251.0	-50.0	-1.0	-1.0	
1504200888919	665255116990	251.0	-50.0	-1.0	-1.0	
1504200888955	665275258591	251.0	-50.0	-1.0	-1.0	
1504200888972	665295400193	251.0	-50.0	-1.0	-1.0	
1504200888991	665315541794	251.0	-50.0	-1.0	-1.0	
1504200889008	665335683396	251.0	-50.0	-1.0	-1.0	
1504200889026	665355824997	251.0	-50.0	-1.0	-1.0	
1504200889043	665375966599	251.0	-50.0	-1.0	-1.0	
1504200889060	665396108201	251.0	-50.0	-1.0	-1.0	
1504200889096	665416249802	251.0	-50.0	-1.0	-1.0	
1504200889114	665436391404	251.0	-50.0	-1.0	-1.0	
1504200889132	665456533005	251.0	-50.0	-1.0	-1.0	
1504200889150	665476674607	251.0	-50.0	-1.0	-1.0	
1504200889167	665496816208	251.0	-50.0	-1.0	-1.0	
1504200889184	665516957810	251.0	-50.0	-1.0	-1.0	
1504200889202	665537099412	251.0	-50.0	-1.0	-1.0	
1504200889219	665557241013	251.0	-50.0	-1.0	-1.0	
1504200889254	665577382615	251.0	-50.0	-1.0	-1.0	
1504200889272	665597524216	251.0	-50.0	-1.0	-1.0	
1504200889289	665617665818	251.0	-50.0	-1.0	-1.0	
1504200889308	665637807419	251.0	-50.0	-1.0	-1.0	
1504200889325	665657949021	251.0	-50.0	-1.0	-1.0	
1504200889343	665678090622	251.0	-50.0	-1.0	-1.0	
1504200889361	665698232224	251.0	-50.0	-0.0535430908203125	-1.0	
1504200889396	665718373826	251.08462524414063	-50.0	0.0	-1.0	
1504200889414	665738515427	252.0	-50.0	0.0	-1.0	
1504200889431	665758657029	252.0	-50.0	0.0	-1.0	
1504200889448	665778798630	252.0	-50.0	0.0	-1.0	
1504200889467	665798940232	252.0	-50.0	0.0	-1.0	
1504200889484	665819081833	252.0	-50.0	0.0	-1.0	
1504200889501	665839223435	252.0	-50.0	0.0	-1.0	
1504200889537	665859365037	252.0	-50.0	0.0	-1.0	
1504200889554	665879506638	252.0	-50.0	0.0	-1.0	
1504200889573	665899648240	252.0	-50.0	0.0	-1.0	
1504200889590	665919789841	252.0	-50.0	0.0	-1.0	
1504200889607	665939931443	252.0	-50.0	0.0	-1.0	
1504200889626	665960073044	252.0	-50.0	0.0	-1.0	
1504200889642	665980214646	252.0	-50.0	0.0	-1.0	
1504200889677	666000356247	252.0	-50.0	0.0	-1.0	
1504200889695	666020497849	252.0	-50.0	0.0	-1.0	
1504200889713	666040639451	252.0	-50.0	0.0	-1.0	
1504200889732	666060781052	252.0	-50.0	0.0	-1.0	
1504200889748	666080922654	252.0	-50.0	0.0	-1.0	
1504200889766	666101064255	252.0	-50.0	0.0	-1.0	
1504200889784	666121205857	252.0	-50.0	0.0	-1.0	
1504200889819	666141347458	252.0	-50.0	0.0	-1.0	
1504200889837	666161489060	252.0	-50.0	0.0	-1.0	
1504200889854	666181630662	252.0	-50.0	0.0	-1.0	
1504200889872	666201772263	252.0	-50.0	0.0	-1.0	
1504200889889	666221913865	252.0	-50.0	0.0	-1.0	
1504200889906	666242055466	252.0	-50.0	0.0	-1.0	
1504200889924	666262197068	252.0	-50.0	0.0	-1.0	
1504200889960	666282338669	252.0	-50.0	0.0	-1.0	
1504200889977	666302480271	252.0	-50.0	0.0	-1.0	
1504200889995	666322621872	252.0	-50.0	0.0	-1.0	
1504200890013	666342763474	252.0	-50.0	0.0	-1.0	
1504200890030	666362905076	252.0	-50.0	0.0	-1.0	
1504200890049	666383046677	252.0	-50.0	0.0	-1.0	
1504200890065	666403188279	252.0	-50.0	0.0	-1.0	
1504200890101	666423329880	252.0	-50.0	0.0	-1.0	
1504200890119	666443471482	252.0	-50.0	0.0	-1.0	
1504200890136	666463613083	252.0	-50.0	0.0	-1.0	
1504200890154	666483754685	251.46180725097656	-50.0	0.0	-1.0	
1504200890171	666503896287	251.0	-50.0	0.0	-1.0	
1504200890189	666524037888	251.0	-50.0	0.0	-1.0	
1504200890206	666544179490	251.0	-50.0	0.0	-1.0	
1504200890241	666564321091	251.0	-50.0	0.0	-1.0	
1504200890259	666584462693	251.0	-49.73265075683594	-0.2673492431640625	-1.0	
1504200890277	666604604294	251.0	-49.0	-1.0	-1.0	
1504200890295	666624745896	251.0	-49.0	-1.0	-1.0	
1504200890313	666644887497	251.0	-49.0	-1.0	-1.0	
1504200890330	666665029099	251.0	-49.0	-1.0	-1.0	
1504200890348	666685170701	250.00347900390625	-49.0	-1.0	-1.0	
1504200890383	666705312302	250.0	-48.85765075683594	-1.0	-1.0	
1504200890400	666725453904	250.0	-48.0	-1.0	-1.0	
1504200890418	666745595505	250.0	-48.0	-1.43402099609375	-1.0	
1504200890436	666765737107	250.0	-48.0	-2.0	-1.0	
1504200890453	666785878708	250.0	-48.0	-2.0	-1.0	
1504200890471	666806020310	250.0	-48.0	-2.0	-1.0	
1504200890506	666826161912	250.0	-48.0	-2.0	-1.0	
1504200890524	666846303513	250.0	-48.0	-2.0	-1.0	
1504200890541	666866445115	250.0	-48.0	-2.0	-1.0	
1504200890559	666886586716	250.0	-48.0	-2.0	-1.0	
1504200890577	666906728318	250.0	-48.0	-2.0	-1.0	
1504200890594	666926869919	250.0	-48.0	-2.0	-1.0	
1504200890612	666947011521	250.0	-48.0	-2.0	-1.0	
1504200890647	666967153122	250.0	-48.0	-2.0	-1.0	
1504200890665	666987294724	250.18402099609375	-48.0	-2.0	-1.0	
1504200890682	667007436326	251.0	-48.0	-2.0	-1.0	
1504200890700	667027577927	251.0	-48.0	-2.0	-1.0	
1504200890718	667047719529	251.0	-48.0	-2.0	-1.0	
1504200890735	667067861130	251.0	-48.0	-2.0	-1.0	
1504200890752	667088002732	251.0	-48.0	-2.0	-1.0	
1504200890788	667108144333	251.0	-48.0	-2.0	-1.0	
1504200890805	667128285935	251.0	-48.0	-2.0	-1.0	
1504200890824	667148427537	251.0	-48.0	-2.0	-1.0	
1504200890846	667168569138	251.0	-48.0	-2.0	-1.0	
1504200890858	667188710740	251.0	-48.0	-2.0	-1.0	
1504200890877	667208852341	251.0	-48.0	-2.0	-1.0	
1504200890895	667228993943	251.0	-48.0	-2.0	-1.0	
1504200890928	667249135544	251.0	-48.0	-2.0	-1.0	
1504200890947	667269277146	251.0	-48.0	-2.0	-1.0	
1504200890964	667289418747	251.0	-48.0	-2.0	-1.0	
1504200890982	667309560349	251.0	-48.0	-1.4826507568359375	-1.0	
1504200891001	667329701951	251.0	-48.0	-1.0	-1.0	
1504200891017	667349843552	251.0	-48.0	-1.0	-1.0	
1504200891035	667369985154	251.0	-48.0	-1.0	-1.0	
1504200891070	667390126755	251.0	-48.0	-1.0	-1.0	
1504200891087	667410268357	251.0	-48.0	-1.0	-1.0	
1504200891106	667430409958	251.0	-48.0	-1.0	-1.0	
1504200891123	667450551560	251.0	-48.0	-1.0	-1.0	
1504200891145	667470693162	251.0	-48.0	-1.0	-1.0	
1504200891159	667490834763	251.0	-48.0	-1.0	-1.0	
1504200891178	667510976365	251.0	-48.0	-1.0	-1.0	
1504200891211	667531117966	251.0	-48.0	-1.0	-1.0	
1504200891229	667551259568	251.0	-48.0	-1.0	-1.0	
1504200891246	667571401169	251.0	-48.0	-1.0	-1.0	
1504200891264	667591542771	251.0	-48.0	-1.0	-1.0	
1504200891281	667611684372	251.0	-48.0	-1.0	-1.0	
1504200891299	667631825974	251.0	-48.0	-1.8506927490234375	-1.0	
1504200891317	667651967576	251.0	-48.0	-2.0	-1.0	
1504200891352	667672109177	251.0	-48.0	-2.0	-1.0	
1504200891370	667692250779	251.0	-48.0	-2.0	-1.0	
1504200891387	667712392380	251.43402099609375	-48.0	-2.0	-1.0	
1504200891405	667732533982	252.0	-48.0	-2.0	-1.0	
1504200891423	667752675583	252.0	-48.0	-2.0	-1.0	
1504200891440	667772817185	252.0	-48.0	-2.0	-1.0	
1504200891476	667792958787	252.0	-48.0	-2.0	-1.0	
1504200891493	667813100388	252.0	-48.0	-2.0	-1.0	
1504200891511	667833241990	252.0	-48.0	-2.0	-1.0	
1504200891529	667853383591	252.0	-48.0	-2.0	-1.0	
1504200891546	667873525193	252.0	-48.0	-2.0	-1.0	
1504200891563	667893666794	252.0	-48.0	-2.0	-1.0	
1504200891582	667913808396	252.0	-48.0	-2.0	-1.0	
1504200891617	667933949997	252.0	-48.0	-2.0	-1.0	
1504200891634	667954091599	252.0	-48.0	-2.0	-1.0	
1504200891652	667974233201	252.0	-48.0	-2.0	-1.0	
1504200891670	667994374802	252.0	-48.0	-1.5243072509765625	-1.0	
1504200891688	668014516404	252.0	-48.0	-1.0	-1.0	
1504200891705	668034658005	252.0	-48.0	-1.0	-1.0	
1504200891722	668054799607	252.0	-48.0	-1.0	-1.0	
1504200891758	668074941208	252.0	-48.0	-1.0	-1.0	
1504200891775	668095082810	252.0	-48.0	-1.0	-1.0	
1504200891793	668115224412	252.0	-48.0	-1.0	-1.0	
1504200891810	668135366013	252.0	-48.49652099609375	-1.0	-1.0	
1504200891828	668155507615	252.0	-49.0	-1.0	-1.0	
1504200891846	668175649216	252.0	-49.0	-1.0	-1.0	
1504200891863	668195790818	252.0	-49.0	-1.0	-1.0	
1504200891899	668215932419	252.0	-49.0	-1.0	-1.0	
1504200891916	668236074021	252.0	-49.0	-1.0	-1.0	
1504200891934	668256215622	252.0	-49.0	-1.0	-1.0	
1504200891951	668276357224	252.0	-49.0	-1.0	-1.0	
1504200891969	668296498826	252.0	-49.0	-1.0	-1.0	
1504200891987	668316640427	252.0	-49.0	-1.0	-1.0	
1504200892005	668336782029	252.0	-49.0	-1.0	-1.0	
1504200892040	668356923630	252.0	-49.0	-1.0	-1.0	
1504200892057	668377065232	252.0	-49.0	-1.0	-1.0	
1504200892075	668397206833	252.0	-49.0	-1.0	-1.0	
1504200892092	668417348435	252.0	-49.0	-1.0	-1.0	
1504200892112	668437490037	252.0	-49.0	-1.0	-1.0	
1504200892128	668457631638	252.0	-49.0	-1.0	-1.0	
1504200892145	668477773240	252.0	-49.0	-1.0	-1.0	
1504200892180	668497914841	252.0	-49.0	-1.0	-1.0	
1504200892198	668518056443	252.0	-49.0	-1.0	-1.0	
1504200892215	668538198044	252.0	-49.0	-0.5868072509765625	-1.0	
1504200892233	668558339646	252.0	-49.0	0.0	-1.0	
1504200892251	668578481247	252.0	-49.0	0.0	-1.0	
1504200892270	668598622849	252.0	-49.0	0.0	-1.0	
1504200892286	668618764451	252.0	-49.0	0.0	-1.0	
1504200892322	668638906052	252.0	-49.0	-1.0	-1.0	
1504200892339	668659047654	252.0	-49.0	-1.0	-1.0	
1504200892356	668679189255	252.0	-49.0	-1.0	-1.0	
1504200892375	668699330857	252.0	-49.0	-1.0	-1.0	
1504200892393	668719472458	252.0	-49.0	-1.0	-1.0	
1504200892410	668739614060	252.0	-49.0	-1.0	-1.0	
1504200892445	668759755662	252.0	-49.0	-1.0	-1.0	
1504200892463	668779897263	252.0	-49.0	-1.0	-1.0	
1504200892481	668800038865	252.30902099609375	-49.0	-1.0	-1.0	
1504200892498	668820180466	252.54515075683594	-49.0	-1.0	-1.0	
1504200892516	668840322068	252.60069274902344	-49.0	-1.0	-1.0	
1504200892533	668860463669	252.25347900390625	-49.0	-1.0	-1.0	
1504200892551	668880605271	252.0	-49.0	-1.0	-1.0	
1504200892587	668900746872	252.0	-49.0	-1.0	-1.0	
1504200892603	668920888474	252.0	-49.0	-1.0	-1.0	
1504200892621	668941030076	252.0	-49.0	-1.0	-1.0	
1504200892639	668961171677	252.0	-49.0	-1.0	-1.0	
1504200892657	668981313279	252.0	-49.0	-1.0	-1.0	
1504200892674	669001454880	252.0	-49.0	-1.0	-1.0	
1504200892693	669021596482	252.0	-49.0	-1.0	-1.0	
1504200892727	669041738083	252.0	-48.94097900390625	-1.0	-1.0	
1504200892745	669061879685	252.0	-48.0	-1.0	-1.0	
1504200892762	669082021287	252.0	-48.0	-1.0	-1.0	
1504200892780	669102162888	252.0	-48.0	-1.0	-1.0	
1504200892799	669122304490	252.0	-48.0	-1.0	-1.0	
1504200892815	669142446091	252.0	-48.0	-1.7881927490234375	-1.0	
1504200892832	669162587693	252.0	-48.0	-2.0	-1.0	
1504200892868	669182729294	252.0	-48.0	-1.0	-1.0	
1504200892886	669202870896	252.0	-48.0	-1.0	-1.0	
1504200892903	669223012497	252.0	-48.0	-1.0	-1.0	
1504200892921	669243154099	252.0	-48.0	-1.0	-1.0	
1504200892938	669263295701	252.0	-48.0	-1.0	-1.0	
1504200892957	669283437302	252.0	-48.0	-1.0	-1.0	
1504200892974	669303578904	252.0	-48.0	-1.0	-1.0	
1504200893009	669323720505	252.0	-48.0	-1.0	-1.0	
1504200893026	669343862107	252.0	-48.0	-1.0	-1.0	
1504200893044	669364003708	252.0	-48.0	-1.0	-1.0	
1504200893062	669384145310	252.0	-48.0	-1.5381927490234375	-1.0	
1504200893079	669404286912	252.0	-48.0	-2.0	-1.0	
1504200893097	669424428513	252.0	-48.0	-1.1701507568359375	-1.0	
1504200893116	669444570115	252.0	-48.0	-1.0	-1.0	
1504200893150	669464711716	252.0	-48.0	-1.0	-1.0	
1504200893167	669484853318	252.0	-48.0	-1.0	-1.0	
1504200893186	669504994919	252.0	-48.0	-1.0	-1.0	
1504200893203	669525136521	252.0	-48.0	-1.0	-1.0	
1504200893222	669545278122	252.0	-48.0	-1.7048492431640625	-1.0	
1504200893240	669565419724	252.0	-48.0	-1.1493072509765625	-1.0	
1504200893256	669585561326	252.0	-48.0	-1.0	-1.0	
1504200893291	669605702927	252.0	-48.0	-1.0	-1.0	
1504200893311	669625844529	252.0	-48.0	-1.2881927490234375	-1.0	
1504200893326	669645986130	252.0	-48.0	-2.0	-1.0	
1504200893344	669666127732	252.0	-48.0	-2.0	-1.0	
1504200893364	669686269333	252.0	-48.0	-2.0	-1.0	
1504200893380	669706410935	252.0	-48.0	-2.0	-1.0	
1504200893414	669726552537	252.0	-48.0	-2.0	-1.0	
1504200893432	669746694138	252.0	-48.0	-2.0	-1.0	
1504200893449	669766835740	252.0	-48.0	-2.0	-1.0	
1504200893467	669786977341	252.0	-48.0	-2.0	-1.0	
1504200893485	669807118943	252.0	-48.0	-2.0	-1.0	
1504200893502	669827260544	252.0	-48.0	-2.0	-1.0	
1504200893520	669847402146	252.0	-48.0	-2.0	-1.0	
1504200893555	669867543747	252.0	-48.0	-2.0	-1.0	
1504200893573	669887685349	252.0	-48.0	-2.0	-1.0	
1504200893591	669907826951	252.0	-48.0	-2.0	-1.0	
1504200893608	669927968552	252.0	-48.0	-2.0	-1.0	
1504200893626	669948115612	252.0	-48.0	-2.0	-1.0	
1504200893645	669968257213	252.0	-48.0	-2.0	-1.0	
1504200893661	669988398815	252.0	-48.0	-2.0	-1.0	
1504200893697	670008540416	252.0	-48.0	-2.0	-1.0	
1504200893714	670028682018	252.0	-48.0	-2.0	-1.0	
1504200893732	670048823620	252.0	-48.0	-2.0	-1.0	
1504200893750	670068965221	252.0	-48.0	-2.0	-1.0	
1504200893767	670089106823	252.0	-48.0	-2.0	-1.0	
1504200893784	670109248424	252.0	-48.0	-2.0	-1.0	
1504200893802	670129390026	252.0	-48.0	-2.0	-1.0	
1504200893838	670149531627	252.0	-48.0	-2.0	-1.0	
1504200893855	670169673229	252.0	-48.0	-2.0	-1.0	
1504200893872	670189814830	252.0	-48.0	-2.0	-1.0	
1504200893890	670209956432	252.0	-48.0	-2.0	-1.0	
1504200893908	670230098034	252.0	-48.0	-2.0	-1.0	
1504200893925	670250239635	252.0	-48.0	-2.0	-1.0	
1504200893943	670270381237	252.0	-48.0	-2.0	-1.0	
1504200893978	670290522838	252.0	-48.0	-2.0	-1.0	
1504200893997	670310664440	252.0	-48.0	-2.0	-1.0	
1504200894014	670330806041	252.0	-48.0	-2.0	-1.0	
1504200894031	670350947643	252.0	-48.0	-2.0	-1.0	
1504200894049	670371089245	252.0	-48.0	-2.0	-1.0	
1504200894067	670391230846	252.0	-48.0	-2.0	-1.0	
1504200894084	670411372448	252.0	-48.0	-2.0	-1.0	
1504200894101	670431514049	252.0	-48.0	-2.0	-1.0	
1504200894136	670451655651	252.0	-48.0	-2.0	-1.0	
1504200894154	670471797252	252.0	-48.0	-2.0	-1.0	
1504200894172	670491938854	252.0	-48.0	-2.0	-1.0	
1504200894190	670512080455	252.0	-48.0	-2.0	-1.0	
1504200894207	670532222057	252.0	-48.0	-2.0	-1.0	
1504200894226	670552363659	252.0	-48.0	-2.0	-1.0	
1504200894242	670572505260	252.0	-48.0	-2.0	-1.0	
1504200894278	670592646862	252.0	-48.0	-2.0	-1.0	
1504200894296	670612788463	252.0	-48.0	-2.0	-1.0	
1504200894313	670632930065	252.0	-48.0	-2.0	-1.0	
1504200894331	670653071666	252.0	-48.0	-2.0	-1.0	
1504200894348	670673213268	252.0	-48.0	-2.0	-1.0	
1504200894366	670693354870	252.0	-48.0	-2.0	-1.0	
1504200894384	670713496471	252.0	-48.0	-2.0	-1.0	
1504200894421	670733638073	252.0	-48.0	-2.0	-1.0	
1504200894437	670753779674	252.0	-48.0	-2.0	-1.0	
1504200894454	670773921276	252.0	-48.0	-2.0	-1.0	
1504200894472	670794062877	252.0	-48.0	-2.0	-1.0	
1504200894491	670814204479	252.0	-48.0	-2.0	-1.0	
1504200894508	670834346080	252.0	-48.0	-2.0	-1.0	
1504200894525	670854487682	252.0	-48.0	-2.0	-1.0	
1504200894560	670874629284	252.0	-48.0	-2.0	-1.0	
1504200894577	670894770885	252.0	-48.0	-2.0	-1.0	
1504200894595	670914912487	252.0	-48.0	-2.0	-1.0	
1504200894613	670935054088	252.0	-48.0	-2.0	-1.0	
1504200894631	670955195690	252.0	-48.0	-2.0	-1.0	
1504200894649	670975337291	252.0	-48.0	-2.0	-1.0	
1504200894666	670995478893	252.0	-48.0	-2.0	-1.0	
1504200894684	671015620495	252.0	-48.0	-2.0	-1.0	
1504200894718	671035762096	251.0	-47.88966369628906	-2.0	-1.0	
1504200894736	671055903698	251.0	-47.0	-2.2482757568359375	-1.0	
1504200894753	671076045299	251.0	-47.0	-3.0	-1.0	
1504200894771	671096186901	250.4758758544922	-47.0	-3.0	-1.0	
1504200894789	671116328502	250.0	-47.0	-3.0	-1.0	
1504200894807	671136470104	250.0	-47.0	-3.0	-1.0	
1504200894825	671156611705	249.06207275390625	-46.06207275390625	-3.93792724609375	-1.0	
1504200894860	671176753307	249.0	-46.0	-4.0	-1.0	
1504200894877	671196894909	248.7862091064453	-46.0	-4.0	-1.0	
1504200894897	671217036510	248.0	-46.0	-4.0	-1.0	
1504200894916	671237178112	248.0	-46.0	-4.489654541015625	-1.0	
1504200894930	671257319713	248.0	-46.0	-5.0	-1.0	
1504200894950	671277461315	248.0	-46.0	-5.0	-1.0	
1504200894967	671297602916	248.0	-46.0	-5.0	-1.0	
1504200895002	671317744518	248.0	-46.0	-5.0	-1.0	
1504200895019	671337886120	248.0	-46.0	-5.0	-1.0	
1504200895036	671358027721	248.0	-45.682769775390625	-5.0	-1.0	
1504200895054	671378169323	248.0	-45.0	-5.0	-1.0	
1504200895072	671398310924	248.0	-45.0	-5.0	-1.0	
1504200895088	671418452526	248.0	-45.0	-5.0	-1.0	
1504200895106	671438594127	248.0	-45.0	-5.0	-1.0	
1504200895142	671458735729	248.0	-45.0	-5.0	-1.0	
1504200895160	671478877330	248.0	-45.0	-5.0	-1.0	
1504200895177	671499018932	248.0	-45.0	-5.0	-1.0	
1504200895194	671519160534	248.0	-45.0	-5.0	-1.0	
1504200895212	671539302135	248.0	-45.0	-5.0	-1.0	
1504200895229	671559443737	248.0	-45.698272705078125	-5.0	-1.0	
1504200895247	671579585338	248.0	-45.16380310058594	-5.0	-1.0	
1504200895264	671599726940	248.0	-45.0	-5.0	-1.0	
1504200895303	671619868541	248.0	-45.0	-5.0	-1.0	
1504200895319	671640010143	248.0	-45.0	-5.0	-1.0	
1504200895338	671660151745	248.0	-45.0	-5.0	2.0	
1504200895355	671680293346	248.0	-45.525848388671875	-5.0	2.0	
1504200895371	671700434948	248.0	-46.0	-5.0	2.0	
1504200895390	671720576549	248.0	-46.0	-5.0	2.0	
1504200895406	671740718151	248.0	-46.0	-5.0	2.0	
1504200895442	671760859752	248.0	-46.0	-5.0	2.0	
1504200895459	671781001354	248.0	-45.78448486328125	-5.0	2.0	
1504200895478	671801142955	248.0	-45.0	-5.0	2.0	
1504200895495	671821284557	248.0	-45.0	-5.0	2.0	
1504200895512	671841426159	248.0	-45.0	-5.0	2.0	
1504200895531	671861567760	248.0	-45.76722717285156	-5.0	2.0	
1504200895549	671881709362	248.0	-46.0	-5.0	2.0	
1504200895582	671901850963	248.0	-46.0	-5.0	2.0	
1504200895601	671921992565	248.0	-45.8189697265625	-4.8189697265625	2.0	
1504200895618	671942134166	248.0	-45.0	-4.0	2.0	
1504200895638	671962275768	248.0	-45.0	-4.0	2.0	
1504200895656	671982417370	248.0	-45.0	-4.0	2.0	
1504200895670	672002558971	248.0	-45.0	-4.0	2.0	
1504200895689	672022700573	248.8706817626953	-45.0	-4.0	2.0	
1504200895724	672042842174	249.0	-45.0	-4.0	2.0	
1504200895741	672062983776	249.0	-45.0	-4.0	2.0	
1504200895758	672083125377	249.0	-45.0	-4.0	2.0	
1504200895777	672103266979	249.0	-45.0	-4.0	2.0	
1504200895793	672123408580	249.0	-45.0	-4.0	2.0	
1504200895813	672143550182	249.0	-45.0	-4.0	2.0	
1504200895829	672163691784	249.0	-45.0	-4.0	2.0	
1504200895849	672183833385	249.0	-45.0	-4.0	2.0	
1504200895882	672203974987	249.0	-45.11378479003906	-4.0	2.0	
1504200895899	672224116588	249.0	-46.0	-4.0	2.0	
1504200895918	672244258190	249.0	-46.0	-4.0	2.0	
1504200895935	672264399791	249.0	-46.0	-4.0	2.0	
1504200895952	672284541393	249.66551208496094	-46.0	-4.0	2.0	
1504200895971	672304682995	250.0	-46.0	-4.0	2.0	
1504200895987	672324824596	250.0	-46.0	-4.0	2.0	
1504200896024	672344966198	250.0	-46.0	-3.0	2.0	
1504200896043	672365107799	250.2172393798828	-46.0	-3.0	2.0	
1504200896058	672385249401	251.0	-46.0	-3.0	2.0	
1504200896077	672405391002	251.0	-46.0	-3.0	2.0	
1504200896094	672425532604	251.0	-46.0	-3.0	2.0	
1504200896111	672445674205	251.0	-46.0	-3.0	2.0	
1504200896137	672465815807	251.0	-46.0	-3.0	2.0	
1504200896167	672485957409	251.0	-45.0	-3.0	2.0	
1504200896184	672506099010	251.0	-45.18275451660156	-3.0	2.0	
1504200896199	672526240612	251.0	-46.0	-3.0	2.0	
1504200896217	672546382213	251.4586181640625	-46.0	-2.5413818359375	2.0	
1504200896237	672566523815	252.0	-46.0	-2.0	2.0	
1504200896252	672586665416	252.0	-45.26551818847656	-2.0	2.0	
1504200896271	672606807018	252.0	-45.0	-2.0	2.0	
1504200896305	672626948620	252.0	-45.0	-2.0	2.0	
1504200896323	672647090221	252.0	-45.0	-2.0	2.0	
1504200896342	672667231823	252.0	-45.0	-2.0	2.0	
1504200896358	672687373424	252.0	-45.0	-2.0	2.0	
1504200896375	672707515026	252.0	-45.0	-2.8544769287109375	2.0	
1504200896412	672727656627	251.0	-45.0	-3.0	2.0	
1504200896430	672747798229	251.0	-45.0	-3.0	2.0	
1504200896445	672767939830	251.0	-44.451507568359375	-3.0	2.0	
1504200896464	672788081432	251.0	-44.0	-3.0	2.0	
1504200896483	672808223034	251.88131713867188	-44.881317138671875	-3.0	2.0	
1504200896535	672828364635	252.0	-45.0	-3.0	2.0	
1504200896544	672848506237	251.81533813476563	-45.0	-3.0	2.0	
1504200896554	672868647838	251.0	-45.0	-3.0	2.0	
1504200896570	672888789440	251.0	-45.0	-3.0	2.0	
1504200896588	672908931041	250.4259033203125	-45.0	-3.0	2.0	
1504200896608	672929072643	250.0	-45.0	-2.301544189453125	2.0	
1504200896623	672949214245	250.0	-45.82142639160156	-2.0	2.0	
1504200896639	672969355846	249.0545196533203	-46.0	-2.0	2.0	
1504200896675	672989497448	249.0	-46.0	-2.0	2.0	
1504200896693	673009639049	249.0	-46.0	-2.0	2.0	
1504200896710	673029780651	248.68313598632813	-46.0	-2.0	2.0	
1504200896728	673049922252	248.0	-46.0	-2.0	2.0	
1504200896745	673070063854	248.0	-46.0	-2.565582275390625	2.0	
1504200896764	673090205455	247.3112335205078	-46.0	-3.0	2.0	
1504200896781	673110347057	247.0	-46.0	-3.0	2.0	
1504200896798	673130488659	246.0630340576172	-46.0	-3.0	2.0	
1504200896834	673150630260	246.0	-46.0	-3.0	2.0	
1504200896852	673170771862	245.81602478027344	-46.0	-3.0	2.0	
1504200896870	673190913463	245.0	-46.0	-3.0	2.0	
1504200896888	673211055065	245.0	-46.0	-3.0	2.0	
1504200896905	673231196666	245.0	-46.0	-3.556121826171875	2.0	
1504200896924	673251338268	244.32028198242188	-46.0	-4.0	2.0	
1504200896941	673271479870	244.0	-46.0	-4.0	2.0	
1504200896958	673291621471	244.0	-45.071563720703125	-4.928436279296875	2.0	
1504200896993	673311763073	243.0	-44.94728088378906	-5.0527191162109375	2.0	
1504200897010	673331904674	243.0	-44.0	-6.0	2.0	
1504200897029	673352046276	243.0	-44.0	-6.0	2.0	
1504200897045	673372187877	243.0	-44.0	-6.0	2.0	
1504200897064	673392329479	243.0	-44.0	-6.0	2.0	
1504200897084	673412471080	243.67120361328125	-44.0	-5.32879638671875	2.0	
1504200897099	673432612682	244.0	-44.0	-5.0	2.0	
1504200897116	673452754284	244.0	-44.0	-5.0	2.0	
1504200897152	673472895885	244.0	-44.0	-5.0	2.0	
1504200897169	673493037487	244.1669464111328	-44.0	-5.0	2.0	
1504200897187	673513179088	245.0	-44.0	-4.7061920166015625	2.0	
1504200897204	673533320690	245.0	-44.0	-4.0	2.0	
1504200897221	673553462291	245.578125	-44.578125	-4.0	2.0	
1504200897241	673573603893	246.0	-45.0	-4.0	2.0	
1504200897257	673593745495	246.0	-45.0	-4.0	2.0	
1504200897293	673613887096	246.0	-44.984375	-4.0	2.0	
1504200897310	673634028698	246.0	-44.0	-4.0	2.0	
1504200897328	673654170299	246.0	-44.0	-4.0	2.0	
1504200897347	673674311901	246.0	-44.0	-4.0	2.0	
1504200897363	673694453502	246.5989532470703	-44.0	-4.0	2.0	
1504200897381	673714595104	247.0	-44.0	-3.255218505859375	2.0	
1504200897398	673734736705	247.0	-44.0	-3.0	2.0	
1504200897433	673754878307	247.0	-44.0	-3.0	2.0	
1504200897452	673775019909	247.0	-44.0	-3.0	2.0	
1504200897469	673795161510	247.0	-44.0	-3.0	2.0	
1504200897486	673815303112	247.0	-44.0	-3.0	2.0	
1504200897506	673835444713	247.0	-44.0	-3.0	2.0	
1504200897521	673855586315	247.0	-44.0	-3.0	2.0	
1504200897540	673875727916	247.0	-44.0	-3.0	2.0	
1504200897574	673895869518	247.0	-44.0	-3.0	2.0	
1504200897592	673916011120	247.0	-44.0	-3.0	2.0	
1504200897612	673936152721	247.0	-44.0	-3.0	2.0	
1504200897627	673956294323	247.0	-44.0	-3.0	2.0	
1504200897645	673976435924	247.0	-44.0	-3.0	2.0	
1504200897663	673996577526	247.0	-44.0	-3.0	2.0	
1504200897680	674016719127	247.0	-44.0	-3.0	2.0	
1504200897717	674036860729	247.0	-44.0	-3.0	2.0	
1504200897733	674057002330	247.0	-43.77604675292969	-3.0	2.0	
1504200897751	674077143932	247.0	-43.0	-3.0	2.0	
1504200897771	674097285534	247.0	-43.0	-3.0	2.0	
1504200897786	674117427135	247.0	-43.0	-3.0	2.0	
1504200897804	674137568737	247.0	-43.0	-3.0	2.0	
1504200897822	674157710338	247.0	-43.0	-3.0	2.0	
1504200897857	674177851940	247.0	-43.0	-4.0	2.0	
1504200897875	674197993541	247.0	-43.0	-4.0	2.0	
1504200897894	674218135143	247.0	-43.0	-4.0	2.0	
1504200897911	674238276745	247.0	-43.0	-4.0	2.0	
1504200897929	674258418346	247.0	-43.0	-4.0	2.0	
1504200897944	674278559948	247.0	-43.0	-4.0	2.0	
1504200897963	674298701549	247.0	-43.0	-4.0	2.0	
1504200897998	674318843151	247.0	-43.0	-4.0	2.0	
1504200898015	674338984752	247.0	-43.0	-4.0	2.0	
1504200898036	674359126354	247.0	-43.0	-4.0	2.0	
1504200898050	674379267955	247.0	-43.0	-4.0	2.0	
1504200898069	674399409557	247.0	-43.0	-4.0	2.0	
1504200898086	674419551159	247.0	-43.0	-4.0	2.0	
1504200898103	674439692760	247.0	-43.0	-4.0	2.0	
1504200898138	674459834362	247.0	-43.0	-4.0	2.0	
1504200898155	674479975963	247.0	-43.0	-4.0	2.0	
1504200898173	674500117565	247.0	-43.0	-4.0	2.0	
1504200898191	674520259166	247.0	-43.0	-4.0	2.0	
1504200898209	674540400768	247.0	-43.0	-4.0	2.0	
1504200898227	674560542370	247.0	-43.0	-4.0	2.0	
1504200898264	674580683971	247.0	-43.0	-4.0	2.0	
1504200898280	674600825573	247.0	-43.0	-4.0	2.0	
1504200898297	674620967174	247.0	-43.0	-4.0	2.0	
1504200898318	674641108776	247.0	-43.0	-4.0	2.0	
1504200898332	674661250377	247.0	-43.0	-4.0	2.0	
1504200898360	674681391979	247.0	-43.0	-4.0	2.0	
1504200898367	674701533580	247.0	-43.0	-4.0	2.0	
1504200898402	674721675182	247.0	-43.0	-4.0	2.0	
1504200898420	674741816784	247.0	-43.0	-4.0	2.0	
1504200898438	674761958385	247.0	-43.0	-4.0	2.0	
1504200898461	674782099987	247.0	-43.0	-4.0	2.0	
1504200898473	674802241588	247.0	-43.0	-4.0	2.0	
1504200898491	674822383190	247.0	-43.0	-4.0	2.0	
1504200898512	674842524791	247.0	-43.0	-4.0	2.0	
1504200898545	674862666393	247.0	-43.0	-4.0	2.0	
1504200898561	674882807995	247.0	-43.0	-4.0	2.0	
1504200898580	674902949596	247.0	-43.0	-4.0	2.0	
1504200898598	674923091198	247.0	-43.0	-4.0	2.0	
1504200898615	674943232799	247.0	-43.0	-4.0	2.0	
1504200898639	674963374401	247.0	-43.0	-4.0	2.0	
1504200898655	674983516002	247.0	-43.0	-4.0	2.0	
1504200898686	675003657604	247.078125	-43.0	-3.921875	2.0	
1504200898703	675023799205	248.0	-43.0	-3.0	2.0	
1504200898721	675043940807	248.0	-43.0	-3.0	2.0	
1504200898738	675064082409	248.0	-43.0	-3.0	2.0	
1504200898756	675084224010	248.0	-43.0	-3.0	2.0	
1504200898775	675104365612	248.0	-43.0	-3.0	2.0	
1504200898791	675124507213	248.0	-43.953125	-3.0	2.0	
1504200898826	675144648815	248.0	-44.0	-3.0	2.0	
1504200898860	675164790416	248.0	-44.0	-3.0	2.0	
1504200898885	675184932018	248.0	-44.0	-3.0	2.0	
1504200898904	675205073620	248.0	-44.0	-3.0	2.0	
1504200898914	675225215221	248.0	-44.0	-3.0	2.0	
1504200898923	675245356823	248.0	-44.0	-2.171875	2.0	
1504200898936	675265498424	248.0	-44.0	-2.0	2.0	
1504200898971	675285640026	248.0	-44.0	-2.0	2.0	
1504200898993	675305781627	248.0	-44.0	-2.0	2.0	
1504200899022	675325923229	248.0	-44.0	-2.0	2.0	
1504200899032	675346064830	248.0	-44.0	-2.0	2.0	
1504200899052	675366206432	248.0	-44.0	-2.0	2.0	
1504200899070	675386348034	248.0	-44.0	-2.0	2.0	
1504200899079	675406489635	248.0	-44.0	-2.0	2.0	
1504200899108	675426631237	248.0	-44.0	-2.0	2.0	
1504200899125	675446772838	248.0	-44.0	-2.0	2.0	
1504200899147	675466914440	248.0	-44.0	-2.0	2.0	
1504200899166	675487056041	248.0	-44.0	-2.0	2.0	
1504200899179	675507197643	248.0	-44.0	-2.0	2.0	
1504200899202	675527339245	248.0	-44.0	-2.0	2.0	
1504200899231	675547480846	248.0	-44.0	-2.0	2.0	
1504200899249	675567622448	248.0	-44.0	-2.0	2.0	
1504200899266	675587764049	248.0	-44.0	-2.0	2.0	
1504200899287	675607905651	248.0	-44.0	-2.0	2.0	
1504200899305	675628047252	248.0	-44.0	-2.0	2.0	
1504200899324	675648188854	248.0	-44.0	-2.0	2.0	
1504200899346	675668330455	248.0	-44.0	-2.0	2.0	
1504200899387	675688472057	248.0	-44.0	-2.0	2.0	
1504200899411	675708613659	248.0	-44.0	-2.0	2.0	
1504200899426	675728755260	248.0	-44.0	-2.0	2.0	
1504200899436	675748896862	248.0	-44.0	-2.0	2.0	
1504200899445	675769038463	248.0	-44.0	-2.0	2.0	
1504200899462	675789180065	248.0	-44.0	-2.0	2.0	
1504200899478	675809321666	248.0	-44.0	-2.0	2.0	
1504200899514	675829463268	248.0	-44.0	-2.0	2.0	
1504200899533	675849604870	248.0	-44.0	-2.0	2.0	
1504200899552	675869746471	248.0	-44.0	-2.0	2.0	
1504200899573	675889888073	248.0	-44.0	-2.0	2.0	
1504200899587	675910029674	248.0	-44.0	-2.0	2.0	
1504200899604	675930171276	248.0	-44.0	-2.0	2.0	
1504200899628	675950312877	248.0	-44.0	-2.0	2.0	
1504200899655	675970454479	248.0	-44.0	-2.0	2.0	
1504200899672	675990596080	248.0	-44.0	-2.0	2.0	
1504200899695	676010737682	248.0	-44.0	-2.0	2.0	
1504200899707	676030879284	248.0	-44.0	-2.0	2.0	
1504200899729	676051020885	248.0	-44.0	-2.0	2.0	
1504200899745	676071162487	248.0	-44.0	-2.0	2.0	
1504200899761	676091304088	248.0	-44.0	-2.0	2.0	
1504200899796	676111445690	248.0	-44.0	-2.0	2.0	
1504200899823	676131587291	248.0	-44.0	-2.0	2.0	
1504200899838	676151728893	248.0	-44.0	-2.0	2.0	
1504200899848	676171870495	248.0	-44.0	-2.0	2.0	
1504200899866	676192012096	248.0	-44.0	-2.0	2.0	
1504200899885	676212153698	248.0	-44.0	-2.0	2.0	
1504200899902	676232295299	248.0	-44.0	-2.0	2.0	
1504200899940	676252436901	248.0	-44.0	-2.0	2.0	
1504200899954	676272578502	248.0	-44.0	-2.0	2.0	
1504200899972	676292720104	248.0	-44.0	-2.0	2.0	
1504200899990	676312861705	248.0	-44.0	-2.0	2.0	
1504200900007	676333003307	248.703125	-44.0	-2.0	2.0	
1504200900037	676353144909	249.0	-44.0	-2.0	2.0	
1504200900048	676373286510	249.0	-44.0	-2.0	2.0	
1504200900077	676393428112	249.0	-44.0	-2.0	2.0	
1504200900094	676413569713	249.0	-44.0	-2.0	2.0	
1504200900112	676433711315	249.0	-44.0	-2.0	2.0	
1504200900130	676453852916	249.0	-44.0	-2.0	2.0	
1504200900149	676473994518	249.0	-44.0	-2.0	2.0	
1504200900165	676494136120	249.0	-44.0	-2.0	2.0	
1504200900202	676514277721	249.0	-44.0	-2.0	2.0	
1504200900223	676534419323	249.0	-44.0	-2.0	2.0	
1504200900241	676554560924	249.0	-44.0	-2.0	2.0	
1504200900257	676574702526	249.0	-44.0	-2.0	2.0	
1504200900271	676594844127	249.0	-44.0	-2.0	2.0	
1504200900298	676614985729	249.0	-44.0	-2.0	2.0	
1504200900324	676635127330	249.0	-44.0	-2.0	2.0	
1504200900350	676655268932	249.0	-44.0	-2.0	2.0	
1504200900371	676675410534	249.0	-44.0	-2.0	2.0	
1504200900388	676695552135	249.0	-44.0	-2.0	2.0	
1504200900408	676715693737	249.0	-44.0	-2.0	2.0	
1504200900422	676735835338	249.0	-44.0	-2.0	2.0	
1504200900443	676755976940	249.765625	-44.0	-2.0	2.0	
1504200900451	676776118541	250.0	-44.0	-2.0	2.0	
1504200900482	676796260143	250.0	-44.0	-2.0	2.0	
1504200900500	676816401745	250.0	-44.0	-2.0	2.0	
1504200900518	676836543346	250.0	-44.0	-2.0	2.0	
1504200900537	676856684948	250.0	-44.0	-2.0	2.0	
1504200900554	676876826549	250.0	-44.0	-2.0	2.0	
1504200900575	676896968151	250.0	-44.0	-2.0	2.0	
1504200900593	676917109752	250.0	-44.0	-2.0	2.0	
1504200900642	676937251354	250.0	-44.0	-2.0	2.0	
1504200900660	676957392955	250.0	-44.0	-2.0	2.0	
1504200900674	676977534557	250.0	-44.0	-2.0	2.0	
1504200900681	676997676159	250.0	-44.0	-2.0	2.0	
1504200900694	677017817760	250.0	-44.0	-2.0	2.0	
1504200900712	677037959362	250.0	-44.0	-2.0	2.0	
1504200900738	677058100963	250.0	-44.0	-2.0	2.0	
1504200900773	677078242565	250.0	-44.0	-2.0	2.0	
1504200900791	677098384166	250.0	-44.0	-2.0	2.0	
1504200900800	677118525768	250.0	-44.0	-2.0	2.0	
1504200900818	677138667370	250.0	-44.0	-2.0	2.0	
1504200900839	677158808971	250.0	-44.0	-2.0	2.0	
1504200900855	677178950573	250.0	-44.0	-2.0	2.0	
1504200900872	677199092174	250.0	-44.0	-2.0	2.0	
1504200900906	677219233776	250.0	-44.0	-2.0	2.0	
1504200900923	677239375377	250.0	-44.0	-2.0	2.0	
1504200900942	677259516979	250.0	-44.0	-2.0	2.0	
1504200900958	677279658580	250.0	-44.0	-2.0	2.0	
1504200900976	677299800182	250.0	-44.0	-2.0	2.0	
1504200900995	677319941784	250.0	-44.0	-2.0	2.0	
1504200901013	677340083385	250.0	-44.0	-2.0	2.0	
1504200901052	677360224987	250.0	-44.0	-2.0	2.0	
1504200901080	677380366588	250.0	-44.0	-2.0	2.0	
1504200901102	677400508190	250.0	-44.0	-2.0	2.0	
1504200901109	677420649791	250.0	-44.0	-2.0	2.0	
1504200901121	677440791393	250.0	-44.0	-2.0	2.0	
1504200901134	677460932995	250.0	-44.0	-2.0	2.0	
1504200901171	677481074596	250.0	-44.0	-2.0	2.0	
1504200901188	677501216198	250.0	-44.0	-2.0	2.0	
1504200901210	677521357799	250.0	-44.0	-2.0	2.0	
1504200901229	677541499401	250.0	-44.0	-2.0	2.0	
1504200901242	677561641002	250.0	-44.0	-2.0	2.0	
1504200901262	677581782604	250.0	-44.0	-2.0	2.0	
1504200901276	677601924205	250.0	-44.0	-2.0	2.0	
1504200901312	677622065807	250.0	-44.0	-2.0	2.0	
1504200901328	677642207409	250.0	-44.0	-2.0	2.0	
1504200901346	677662349010	250.0	-44.0	-2.0	2.0	
1504200901364	677682490612	250.44386291503906	-44.0	-2.0	2.0	
1504200901381	677702632213	250.4152374267578	-44.0	-2.0	2.0	
1504200901399	677722773815	250.0	-44.0	-2.0	2.0	
1504200901419	677742915416	250.0	-44.0	-2.0	2.0	
1504200901455	677763057018	250.0	-44.0	-2.0	2.0	
1504200901476	677783198620	250.0	-44.0	-2.0	2.0	
1504200901489	677803340221	250.0	-44.0	-2.0	2.0	
1504200901505	677823481823	250.0	-44.0	-2.0	2.0	
1504200901523	677843623424	250.0	-44.0	-2.0	2.0	
1504200901542	677863765026	250.0	-44.0	-2.0	2.0	
1504200901560	677883906627	250.0	-44.0	-2.0	2.0	
1504200901579	677904048229	250.0	-44.0	-2.0	2.0	
1504200901618	677924189830	250.0	-44.0	-2.0	2.0	
1504200901630	677944331432	250.0	-44.0	-2.0	2.0	
1504200901645	677964473034	250.4145050048828	-44.0	-2.0	2.0	
1504200901664	677984614635	251.0	-44.0	-2.0	2.0	
1504200901681	678004756237	250.30398559570313	-44.0	-2.0	2.0	
1504200901699	678024897838	250.0	-44.0	-2.0	2.0	
1504200901722	678045039440	250.0	-44.0	-2.0	2.0	
1504200901752	678065181041	250.0	-44.0	-2.0	2.0	
1504200901770	678085322643	250.0	-44.0	-2.0	2.0	
1504200901787	678105464245	250.0	-44.0	-2.0	2.0	
1504200901807	678125605846	250.0	-44.0	-2.0	2.0	
1504200901831	678145747448	250.0	-44.0	-2.0	2.0	
1504200901851	678165889049	250.0	-44.0	-2.0	2.0	
1504200901873	678186030651	250.0	-44.0	-2.0	2.0	
1504200901910	678206172252	251.0	-44.0	-2.0	2.0	
1504200901929	678226313854	251.0	-44.0	-2.0	2.0	
1504200901950	678246455455	251.0	-44.0	-2.0	2.0	
1504200901966	678266597057	251.0	-44.0	-2.0	2.0	
1504200901993	678286738659	251.0	-44.0	-2.0	2.0	
1504200902018	678306880260	251.0	-44.0	-2.0	2.0	
1504200902048	678327021862	251.0	-44.0	-2.0	2.0	
1504200902087	678347163463	251.0	-44.0	-2.0	2.0	
1504200902099	678367305065	251.0	-44.0	-2.0	2.0	
1504200902113	678387446666	251.0	-44.0	-2.0	2.0	
1504200902122	678407588268	251.0	-44.0	-2.0	2.0	
1504200902145	678427729870	251.0	-44.0	-2.0	2.0	
1504200902156	678447871471	251.0	-44.0	-2.0	2.0	
1504200902166	678468013073	251.0	-44.0	-2.0	2.0	
1504200902181	678488154674	251.0	-44.0	-2.0	2.0	
1504200902193	678508296276	251.0	-44.0	-2.0	2.0	
1504200902210	678528437877	251.0	-44.0	-2.0	2.0	
1504200902231	678548579479	251.0	-44.0	-2.0	2.0	
1504200902246	678568721080	251.0	-44.0	-2.0	2.0	
1504200902273	678588862682	251.0	-44.0	-2.0	2.0	
1504200902294	678609004284	251.0	-44.0	-2.0	2.0	
1504200902319	678629145885	251.0	-44.0	-2.0	2.0	
1504200902335	678649287487	251.0	-44.0	-2.0	2.0	
1504200902358	678669429088	251.0	-44.0	-2.0	2.0	
1504200902377	678689570690	251.0	-44.0	-2.0	2.0	
1504200902392	678709712291	251.0	-44.0	-2.0	2.0	
1504200902415	678729853893	251.0	-44.0	-2.0	2.0	
1504200902442	678749995495	251.0	-44.0	-2.0	2.0	
1504200902488	678770137096	251.0	-44.0	-2.0	2.0	
1504200902506	678790278698	251.0	-44.0	-2.0	2.0	
1504200902517	678810420299	251.0	-44.0	-2.0	2.0	
1504200902528	678830561901	251.0	-44.0	-2.0	2.0	
1504200902536	678850703502	251.0	-44.0	-2.0	2.0	
1504200902548	678870845104	251.0	-44.0	-2.0	2.0	
1504200902563	678890986705	251.0	-44.0	-2.0	2.0	
1504200902600	678911128307	251.0	-44.0	-2.0	2.0	
1504200902617	678931269909	251.0	-44.0	-2.0	2.0	
1504200902634	678951411510	251.0	-44.0	-2.0	2.0	
1504200902651	678971553112	251.0	-44.0	-2.0	2.0	
1504200902669	678991694713	251.0	-44.0	-2.0	2.0	
1504200902688	679011836315	251.0	-44.0	-2.0	2.0	
1504200902704	679031977916	251.0	-44.0	-2.0	2.0	
1504200902742	679052119518	251.0	-44.0	-2.0	2.0	
1504200902757	679072261120	251.0	-44.0	-2.0	2.0	
1504200902774	679092402721	251.0	-44.0	-2.0	2.0	
1504200902793	679112544323	251.0	-44.0	-2.0	2.0	
1504200902809	679132685924	251.0	-44.0	-2.0	2.0	
1504200902838	679152827526	251.0	-44.0	-2.0	2.0	
1504200902852	679172969127	251.0	-44.0	-2.0	2.0	
1504200902877	679193110729	251.0	-44.0	-2.0	2.0	
1504200902901	679213252330	251.0	-44.0	-2.0	2.0	
1504200902915	679233393932	251.0	-44.0	-2.0	2.0	
1504200902933	679253535534	251.0	-44.0	-2.0	2.0	
1504200902954	679273677135	251.0	-44.0	-2.0	2.0	
1504200902968	679293818737	251.0	-44.0	-2.0	2.0	
1504200902990	679313960338	251.0	-44.0	-2.0	2.0	
1504200903020	679334101940	251.0	-44.0	-2.0	2.0	
1504200903046	679354243541	251.0	-44.0	-2.0	2.0	
1504200903058	679374385143	251.0	-44.0	-2.0	2.0	
1504200903073	679394526745	251.0	-44.0	-2.0	2.0	
1504200903091	679414668346	251.0	-44.0	-2.0	2.0	
1504200903111	679434809948	251.0	-44.0	-2.0	2.0	
1504200903128	679454951549	251.0	-44.0	-2.0	2.0	
1504200903144	679475093151	251.0	-44.0	-2.0	2.0	
1504200903179	679495234752	251.0	-44.0	-2.0	2.0	
1504200903196	679515376354	251.0	-44.0	-2.0	2.0	
1504200903215	679535517955	251.0	-44.0	-2.0	2.0	
1504200903232	679555659557	251.0	-44.0	-2.0	2.0	
1504200903252	679575801159	251.0	-44.0	-2.0	2.0	
1504200903270	679595942760	251.0	-44.0	-2.0	2.0	
1504200903287	679616084362	251.0	-44.0	-2.0	2.0	
1504200903333	679636225963	251.0	-44.0	-2.0	2.0	
1504200903346	679656367565	251.0	-44.0	-2.0	2.0	
1504200903363	679676509166	251.0	-44.0	-2.0	2.0	
1504200903378	679696650768	251.0	-44.0	-2.0	2.0	
1504200903391	679716792370	251.0	-44.0	-2.0	2.0	
1504200903408	679736933971	251.0	-44.0	-2.0	2.0	
1504200903428	679757075573	251.0	-44.0	-2.0	2.0	
1504200903463	679777217174	251.0	-44.0	-2.0	2.0	
1504200903483	679797358776	251.0	-44.0	-2.0	2.0	
1504200903502	679817500377	251.0	-44.0	-2.0	2.0	
1504200903515	679837641979	251.0	-44.0	-2.0	2.0	
1504200903537	679857783580	251.0	-44.0	-2.0	2.0	
1504200903556	679877925182	251.0	-44.0	-2.0	2.0	
1504200903576	679898066784	251.0	-44.0	-2.0	2.0	
1504200903626	679918208385	251.0	-44.0	-2.0	2.0	
1504200903646	679938349987	251.0	-44.0	-2.0	2.0	
1504200903656	679958495178	251.0	-44.0	-2.0	2.0	
1504200903671	679978636780	251.0	-44.0	-2.0	2.0	
1504200903676	679998778381	251.0	-44.0	-2.0	2.0	
1504200903692	680018919983	251.0	-44.0	-2.0	2.0	
1504200903708	680039061585	251.0	-44.0	-2.0	2.0	
1504200903746	680059203186	251.0	-44.0	-2.0	2.0	
1504200903773	680079344788	251.0	-44.0	-2.0	2.0	
1504200903795	680099486389	251.33505249023438	-44.0	-2.0	2.0	
1504200903817	680119627991	252.0	-44.0	-2.0	2.0	
1504200903830	680139769592	252.0	-44.0	-2.0	2.0	
1504200903840	680159911194	251.2435302734375	-44.0	-2.0	2.0	
1504200903860	680180052795	251.0	-44.0	-2.0	2.0	
1504200903899	680200194397	251.0	-44.0	-2.0	2.0	
1504200903912	680220335999	251.0	-44.0	-2.0	2.0	
1504200903929	680240477600	251.0	-44.0	-2.0	2.0	
1504200903950	680260619202	251.0	-44.0	-2.0	2.0	
1504200903957	680280760803	251.0	-44.0	-2.0	2.0	
1504200903971	680300902405	251.0	-44.0	-2.0	2.0	
1504200903989	680321044006	251.0	-44.0	-2.0	2.0	
1504200904025	680341185608	251.0	-44.0	-2.0	2.0	
1504200904042	680361327210	251.0	-44.0	-2.0	2.0	
1504200904061	680381468811	251.0	-44.0	-2.0	2.0	
1504200904077	680401610413	251.0	-44.0	-2.0	2.0	
1504200904095	680421752014	251.0	-44.0	-2.0	2.0	
1504200904116	680441893616	251.0	-44.0	-2.0	2.0	
1504200904131	680462035217	251.0	-44.0	-2.0	2.0	
1504200904166	680482176819	251.0	-44.0	-2.0	2.0	
1504200904184	680502318420	251.0	-44.0	-2.1502532958984375	2.0	
1504200904201	680522460022	251.0	-44.0	-3.0	2.0	
1504200904222	680542601624	251.0	-44.0	-3.0	2.0	
1504200904236	680562743225	251.0	-44.0	-3.0	2.0	
1504200904254	680582884827	251.0	-44.0	-3.0	2.0	
1504200904272	680603026428	251.0	-44.0	-3.0	2.0	
1504200904290	680623168030	251.0	-44.0	-3.0	2.0	
1504200904325	680643309631	251.0	-44.0	-3.0	2.0	
1504200904343	680663451233	251.0	-44.0	-3.0	2.0	
1504200904362	680683592835	251.0	-44.0	-3.0	2.0	
1504200904381	680703734436	251.0	-44.0	-3.0	2.0	
1504200904397	680723876038	251.0	-44.0	-3.0	2.0	
1504200904413	680744017639	251.0	-44.0	-3.0	2.0	
1504200904436	680764159241	251.0	-44.0	-3.0	2.0	
1504200904467	680784300842	251.0	-44.0	-3.0	2.0	
1504200904488	680804442444	251.0	-44.0	-3.0	2.0	
1504200904502	680824584045	251.0	-44.0	-3.0	2.0	
1504200904522	680844725647	251.0	-44.0	-3.0	2.0	
1504200904541	680864867249	251.0	-44.0	-3.0	2.0	
1504200904554	680885008850	251.0	-44.0	-3.0	2.0	
1504200904572	680905150452	251.0	-44.0	-3.0	2.0	
1504200904607	680925292053	251.0	-44.0	-3.0	2.0	
1504200904631	680945433655	251.0	-44.0	-3.0	2.0	
1504200904647	680965575256	251.0	-44.0	-3.0	2.0	
1504200904662	680985716858	251.0	-44.0	-3.0	2.0	
1504200904680	681005858460	251.0	-44.0	-3.0	2.0	
1504200904707	681026000061	251.0	-44.0	-3.0	2.0	
1504200904717	681046141663	251.0	-44.94990539550781	-3.0	2.0	
1504200904754	681066283264	251.0	-45.0	-3.0	2.0	
1504200904765	681086424866	251.0	-45.0	-3.0	2.0	
1504200904782	681106566467	251.0	-45.0	-3.0	2.0	
1504200904801	681126708069	251.0	-45.0	-3.0	2.0	
1504200904818	681146849670	251.0	-45.0	-3.0	2.0	
1504200904836	681166991272	251.0	-45.0	-3.0	2.0	
1504200904854	681187132874	251.0	-45.0	-3.0	2.0	
1504200904897	681207274475	251.0	-45.0	-3.0	2.0	
1504200904906	681227416077	251.0	-45.0	-3.0	2.0	
1504200904923	681247557678	251.0	-45.0	-3.0	2.0	
1504200904941	681267699280	251.0	-45.0	-3.0	2.0	
1504200904960	681287840881	251.0	-45.0	-3.0	2.0	
1504200904981	681307982483	251.0	-45.0	-3.0	2.0	
1504200904994	681328124085	251.0	-45.0	-3.0	2.0	
1504200905031	681348265686	251.0	-45.0	-3.0	2.0	
1504200905047	681368407288	251.0	-45.0	-3.0	2.0	
1504200905066	681388548889	251.0	-45.0	-3.0	2.0	
1504200905082	681408690491	251.0	-45.0	-3.0	2.0	
1504200905101	681428832092	251.0	-45.0	-3.0	2.0	
1504200905119	681448973694	251.0	-45.0	-3.0	2.0	
1504200905135	681469115295	251.0	-45.0	-3.0	2.0	
1504200905175	681489256897	251.0	-45.0	-3.0	2.0	
1504200905194	681509398499	251.0	-45.0	-3.0	2.0	
1504200905214	681529540100	251.0	-45.0	-3.0	2.0	
1504200905230	681549681702	251.0	-45.0	-3.0	2.0	
1504200905242	681569823303	251.0	-45.0	-3.0	2.0	
1504200905260	681589964905	251.0	-45.0	-3.0	2.0	
1504200905289	681610106506	251.0	-45.0	-3.0	2.0	
1504200905326	681630248108	251.0	-45.0	-3.0	2.0	
1504200905349	681650389710	251.0	-45.0	-3.0	2.0	
1504200905361	681670531311	251.0	-45.0	-3.0	2.0	
1504200905376	681690672913	251.0	-45.0	-3.0	2.0	
1504200905389	681710814514	251.59515380859375	-45.0	-3.0	2.0	
1504200905403	681730956116	252.0	-45.735748291015625	-3.0	2.0	
1504200905421	681751097717	252.0	-46.0	-3.0	2.0	
1504200905454	681771239319	252.0	-46.0	-2.0	2.0	
1504200905471	681791380920	252.0	-46.0	-2.0	2.0	
1504200905490	681811522522	252.0	-46.0	-2.0	2.0	
1504200905506	681831664124	252.0	-46.0	-2.0	2.0	
1504200905523	681851805725	252.0	-46.0	-2.0	2.0	
1504200905542	681871947327	252.0	-46.0	-2.0	2.0	
1504200905560	681892088928	252.0	-46.0	-2.0	2.0	
1504200905597	681912230530	252.0	-46.0	-2.0	2.0	
1504200905619	681932372131	252.0	-46.0	-2.0	2.0	
1504200905633	681952513733	252.0	-46.0	-2.0	2.0	
1504200905648	681972655335	252.0	-46.0	-2.0	2.0	
1504200905667	681992796936	252.0	-46.0	-2.0	2.0	
1504200905682	682012938538	252.0	-46.0	-2.0	2.0	
1504200905703	682033080139	252.0	-46.0	-2.0	2.0	
1504200905718	682053221741	252.0	-46.0	-2.0	2.0	
1504200905752	682073363342	252.0	-46.0	-2.0	2.0	
1504200905770	682093504944	252.0	-46.0	-2.0	2.0	
1504200905792	682113646545	252.0	-46.0	-2.0	2.0	
1504200905809	682133788147	252.5509490966797	-46.0	-2.0	2.0	
1504200905824	682153929749	253.0	-46.0	-2.0	2.0	
1504200905841	682174071350	253.0	-46.0	-2.0	2.0	
1504200905859	682194212952	253.0	-46.0	-2.0	2.0	
1504200905898	682214354553	253.0	-46.0	-1.886016845703125	2.0	
1504200905919	682234496155	253.0	-46.0	-1.0	2.0	
1504200905930	682254637756	253.0	-46.0	-1.0	2.0	
1504200905946	682274779358	253.0	-46.0	-1.0	2.0	
1504200905965	682294920960	253.0	-46.0	-1.0	2.0	
1504200905982	682315062561	253.0	-46.0	-1.0	2.0	
1504200906000	682335204163	253.0	-46.0	-1.0	2.0	
1504200906035	682355345764	253.0	-46.0	-1.0	2.0	
1504200906054	682375487366	253.0	-46.0	-1.0	2.0	
1504200906071	682395628967	253.0	-46.0	-1.0	2.0	
1504200906090	682415770569	253.0	-46.0	-1.0	2.0	
1504200906117	682435912170	253.0	-46.0	-1.0	2.0	
1504200906151	682456053772	253.0	-46.0	-1.0	2.0	
1504200906165	682476195374	253.0	-46.0	-1.0	2.0	
1504200906197	682496336975	253.08462524414063	-46.0	-0.915374755859375	2.0	
1504200906215	682516478577	254.0	-46.0	0.0	2.0	
1504200906231	682536620178	254.0	-46.0	0.0	2.0	
1504200906249	682556761780	254.0	-46.0	0.0	2.0	
1504200906271	682576903381	254.0	-46.0	0.0	2.0	
1504200906285	682597044983	254.0	-46.0	0.0	2.0	
1504200906303	682617186585	254.0	-46.0	0.0	2.0	
1504200906326	682637328186	254.0	-46.0	0.0	2.0	
1504200906335	682657469788	254.0	-46.0	-0.210693359375	2.0	
1504200906355	682677611389	253.6488037109375	-45.6488037109375	-1.0	2.0	
1504200906370	682697752991	253.0	-45.0	-1.0	2.0	
1504200906392	682717894592	253.0	-45.0	-1.0	2.0	
1504200906409	682738036194	253.0	-45.0	-1.0	2.0	
1504200906429	682758177795	253.0	-45.0	-1.91363525390625	2.0	
1504200906463	682778319397	252.0	-45.0	-2.0	2.0	
1504200906481	682798460999	252.0	-45.0	-2.19549560546875	2.0	
1504200906508	682818602600	252.0	-45.0	-3.0	2.0	
1504200906530	682838744202	251.52249145507813	-45.0	-3.0	2.0	
1504200906540	682858885803	251.0	-44.38169860839844	-3.6183013916015625	2.0	
1504200906553	682879027405	251.0	-44.0	-4.0	2.0	
1504200906564	682899169006	251.0	-44.0	-4.0	2.0	
1504200906598	682919310608	251.0	-44.0	-4.0	2.0	
1504200906616	682939452210	251.0	-44.0	-4.0	2.0	
1504200906633	682959593811	251.0	-44.0	-4.0	2.0	
1504200906654	682979735413	251.0	-44.0	-4.0	2.0	
1504200906669	682999877014	251.0	-44.0	-4.0	2.0	
1504200906687	683020018616	251.0	-44.0	-4.0	2.0	
1504200906705	683040160217	251.0	-44.0	-4.0	2.0	
1504200906740	683060301819	251.0	-43.97410583496094	-4.0258941650390625	2.0	
1504200906761	683080443420	251.0	-43.0	-5.0	2.0	
1504200906775	683100585022	251.0	-43.0	-5.0	2.0	
1504200906793	683120726624	251.0	-43.0	-5.0	2.0	
1504200906811	683140868225	251.0	-43.0	-5.0	2.0	
1504200906828	683161009827	251.0	-43.0	-5.0	2.0	
1504200906849	683181151428	251.0	-43.0	-5.0	2.0	
1504200906881	683201293030	251.0	-43.0	-5.0	2.0	
1504200906899	683221434631	251.0	-43.0	-4.8480224609375	2.0	
1504200906920	683241576233	251.0	-43.0	-4.0	2.0	
1504200906938	683261717835	251.0	-43.0	-4.0	2.0	
1504200906950	683281859436	251.0	-43.0	-4.0	2.0	
1504200906972	683302001038	251.0	-43.0	-4.0	2.0	
1504200906989	683322142639	251.0	-43.0	-4.0	2.0	
1504200907009	683342284241	251.0	-42.00346374511719	-3.0034637451171875	2.0	
1504200907039	683362425842	251.0	-42.0	-3.0	2.0	
1504200907057	683382567444	251.0	-42.0	-3.0	2.0	
1504200907077	683402709045	251.0	-42.0	-3.0	2.0	
1504200907093	683422850647	251.0	-42.0	-3.0	2.0	
1504200907112	683442992249	251.0	-42.0	-3.0	2.0	
1504200907133	683463133850	251.0	-42.0	-3.0	2.0	
1504200907145	683483275452	251.0	-42.0	-3.0	2.0	
1504200907183	683503417053	251.0	-42.0	-3.1478118896484375	2.0	
1504200907208	683523558655	250.70436096191406	-42.0	-4.0	2.0	
1504200907222	683543700256	250.0	-42.0	-4.0	2.0	
1504200907238	683563841858	250.0	-42.0	-4.0	2.0	
1504200907257	683583983460	250.0	-42.0	-4.0	2.0	
1504200907278	683604125061	250.0	-42.0	-4.0	2.0	
1504200907321	683624266663	250.0	-42.0	-4.0	2.0	
1504200907340	683644408264	250.0	-42.0	-4.0	2.0	
1504200907360	683664549866	250.0	-42.0	-4.0	2.0	
1504200907386	683684691467	250.0	-42.0	-4.0	2.0	
1504200907403	683704833069	250.0	-42.0	-4.0	2.0	
1504200907419	683724974670	250.0	-42.0	-4.0	2.0	
1504200907426	683745116272	250.0	-42.0	-4.0	2.0	
1504200907445	683765257874	250.0	-42.0	-4.0	2.0	
1504200907462	683785399475	250.0	-42.0	-4.0	2.0	
1504200907483	683805541077	250.0	-42.0	-4.0	2.0	
1504200907502	683825682678	250.0	-42.0	-4.0	2.0	
1504200907518	683845824280	250.0	-42.0	-4.0	2.0	
1504200907534	683865965881	250.0	-42.0	-4.0	2.0	
1504200907555	683886107483	250.0	-42.0	-4.0	2.0	
1504200907585	683906249085	250.0	-43.0	-4.0	2.0	
1504200907603	683926390686	250.0	-43.0	-4.0	2.0	
1504200907635	683946532288	250.0	-43.0	-4.0	2.0	
1504200907648	683966673889	250.0	-43.0	-4.0	2.0	
1504200907659	683986815491	250.0	-43.0	-4.0	2.0	
1504200907674	684006957092	250.0	-43.0	-3.156524658203125	2.0	
1504200907694	684027098694	250.0	-43.0	-3.0	2.0	
1504200907727	684047240295	250.13912963867188	-43.0	-3.139129638671875	2.0	
1504200907746	684067381897	251.0	-43.0	-3.7130584716796875	2.0	
1504200907764	684087523499	251.0	-43.0	-3.0	2.0	
1504200907781	684107665100	251.0	-43.0	-3.0	2.0	
1504200907798	684127806702	251.0	-43.0	-3.0	2.0	
1504200907824	684147948303	251.0	-43.0	-3.0	2.0	
1504200907855	684168089905	251.0	-43.0	-3.0	2.0	
1504200907871	684188231506	251.0	-43.0	-3.0	2.0	
1504200907888	684208373108	251.0	-43.0	-3.0	2.0	
1504200907905	684228514710	251.0	-43.0	-3.0	2.0	
1504200907923	684248656311	251.0	-43.0	-3.0	2.0	
1504200907938	684268797913	251.0	-43.0	-3.0	2.0	
1504200907957	684288939514	251.0	-43.0	-3.0	2.0	
1504200907990	684309081116	251.0	-43.0	-3.0	2.0	
1504200908009	684329222717	251.0	-43.0	-3.0	2.0	
1504200908026	684349364319	251.0	-43.0	-3.0	2.0	
1504200908044	684369505920	251.0	-43.0	-3.0	2.0	
1504200908061	684389647522	251.0	-43.0	-3.0	2.0	
1504200908082	684409789124	251.0	-43.0	-3.0	2.0	
1504200908098	684429930725	251.0	-43.0	-3.0	2.0	
1504200908133	684450072327	251.0	-43.0	-3.0	2.0	
1504200908150	684470213928	251.0	-43.0	-3.0	2.0	
1504200908181	684490355530	251.0	-43.0	-3.0	2.0	
1504200908188	684510497131	251.0	-43.0	-3.0	2.0	
1504200908204	684530638733	251.0	-43.0	-3.0	2.0	
1504200908220	684550780335	251.0	-43.0	-3.0	2.0	
1504200908239	684570921936	251.0	-43.0	-3.0	2.0	
1504200908274	684591063538	251.0	-43.0	-3.0	2.0	
1504200908291	684611205139	251.0	-43.0	-3.0	2.0	
1504200908309	684631346741	251.0	-43.0	-3.0	2.0	
1504200908328	684651488342	251.0	-43.0	-3.0	2.0	
1504200908348	684671629944	251.0	-43.0	-3.0	2.0	
1504200908361	684691771545	251.0	-43.0	-3.0	2.0	
1504200908398	684711913147	251.0	-43.0	-3.0	2.0	
1504200908415	684732054749	251.0	-43.0	-3.0	2.0	
1504200908432	684752196350	251.0	-43.0	-3.0	2.0	
1504200908449	684772337952	251.0	-43.0	-3.0	2.0	
1504200908467	684792479553	251.0	-43.0	-3.0	2.0	
1504200908486	684812621155	251.0	-43.0	-3.0	2.0	
1504200908505	684832762756	251.0	-43.0	-3.0	2.0	
1504200908540	684852904358	251.0	-43.0	-3.0	2.0	
1504200908558	684873045960	251.0	-43.0	-3.0	2.0	
1504200908574	684893187561	251.0	-43.0	-3.0	2.0	
1504200908593	684913329163	251.0	-43.0	-3.0	2.0	
1504200908612	684933470764	251.0	-42.356536865234375	-3.0	2.0	
1504200908628	684953612366	251.0	-42.0	-3.0	2.0	
1504200908646	684973753967	251.0	-42.0	-3.0	2.0	
1504200908680	684993895569	251.0	-42.0	-3.0	2.0	
1504200908697	685014037170	251.0	-42.0	-3.0	2.0	
1504200908715	685034178772	251.0	-42.0	-3.0	2.0	
1504200908731	685054320374	251.0	-42.0	-3.0	2.0	
1504200908751	685074461975	251.0	-42.0	-3.0	2.0	
1504200908768	685094603577	251.0	-42.0	-3.0	2.0	
1504200908792	685114745178	251.0	-42.0	-3.0	2.0	
1504200908820	685134886780	251.0	-42.0	-3.0	2.0	
1504200908836	685155028381	251.0	-42.0	-3.0	2.0	
1504200908854	685175169983	251.0	-42.0	-3.0	2.0	
1504200908873	685195311585	251.0	-42.0	-3.0	2.0	
1504200908893	685215453186	251.0	-42.0	-3.0	2.0	
1504200908911	685235594788	251.0	-42.0	-3.0	2.0	
1504200908944	685255736389	251.0	-42.0	-3.0	2.0	
1504200908960	685275877991	251.0	-42.0	-3.0	2.0	
1504200908977	685296019592	251.0	-42.0	-3.0	2.0	
1504200908995	685316161194	251.0	-42.0	-3.0	2.0	
1504200909013	685336302795	251.0	-42.0	-3.5982513427734375	2.0	
1504200909032	685356444397	251.0	-42.0	-4.0	2.0	
1504200909049	685376585999	251.0	-42.0	-4.0	2.0	
1504200909085	685396727600	251.0	-42.0	-3.9582672119140625	2.0	
1504200909101	685416869202	251.0	-42.0	-3.1895599365234375	2.0	
1504200909118	685437010803	251.0	-42.0	-4.0	2.0	
1504200909136	685457152405	251.0	-42.0	-4.0	2.0	
1504200909154	685477294006	251.0	-42.0	-4.0	2.0	
1504200909171	685497435608	251.0	-42.0	-4.0	2.0	
1504200909190	685517577210	251.0	-42.0	-4.0	2.0	
1504200909225	685537718811	251.0	-42.0	-4.0	2.0	
1504200909247	685557860413	251.0	-42.0	-4.0	2.0	
1504200909260	685578002014	251.0	-42.0	-4.0	2.0	
1504200909279	685598143616	251.0	-42.0	-4.0	2.0	
1504200909296	685618285217	251.0	-42.0	-4.0	2.0	
1504200909313	685638426819	251.0	-42.0	-4.0	2.0	
1504200909332	685658568420	251.0	-42.0	-4.0	2.0	
1504200909366	685678710022	251.0	-42.0	-4.0	2.0	
1504200909384	685698851624	251.0	-42.0	-4.0	2.0	
1504200909401	685718993225	251.0	-42.0	-4.0	2.0	
1504200909418	685739134827	251.0	-42.0	-4.0	2.0	
1504200909438	685759276428	251.0	-42.0	-4.0	2.0	
1504200909455	685779418030	251.0	-42.0	-4.0	2.0	
1504200909477	685799559631	251.0	-42.0	-4.0	2.0	
1504200909523	685819701233	251.0	-42.0	-4.0	2.0	
1504200909538	685839842835	251.0	-42.0	-4.0	2.0	
1504200909548	685859984436	251.0	-42.0	-4.0	2.0	
1504200909560	685880126038	251.0	-42.0	-4.0	2.0	
1504200909580	685900267639	251.0	-42.0	-4.0	2.0	
1504200909599	685920409241	251.0	-42.0	-4.0	2.0	
1504200909614	685940550842	251.0	-42.0	-4.0	2.0	
1504200909647	685960692444	251.0	-42.0	-4.0	2.0	
1504200909670	685980834045	251.0	-42.0	-4.0	2.0	
1504200909683	686000975647	251.0	-42.0	-4.0	2.0	
1504200909703	686021117249	251.0	-42.0	-4.0	2.0	
1504200909723	686041258850	251.0	-42.0	-4.0	2.0	
1504200909737	686061400452	251.0	-42.0	-4.0	2.0	
1504200909754	686081542053	251.0	-42.0	-4.0	2.0	
1504200909790	686101683655	251.0	-42.0	-4.0	2.0	
1504200909812	686121825256	251.0	-42.0	-4.0	2.0	
1504200909834	686141966858	251.0	-42.0	-4.0	2.0	
1504200909845	686162108460	251.0	-42.0	-4.0	2.0	
1504200909863	686182250061	251.0	-42.0	-4.0	2.0	
1504200909882	686202391663	251.83245849609375	-42.0	-4.0	2.0	
1504200909907	686222533264	252.0	-42.0	-4.0	2.0	
1504200909932	686242674866	252.0	-42.0	-4.0	2.0	
1504200909948	686262816467	252.0	-42.0	-4.0	2.0	
1504200909966	686282958069	252.0	-42.0	-4.0	2.0	
1504200909984	686303099670	252.0	-42.0	-4.0	2.0	
1504200910001	686323241272	252.0	-42.0	-4.0	2.0	
1504200910019	686343382874	252.0	-42.0	-4.0	2.0	
1504200910037	686363524475	252.0	-42.0	-4.0	2.0	
1504200910072	686383666077	252.0	-42.0	-4.0	2.0	
1504200910094	686403807678	252.0	-42.0	-4.0	2.0	
1504200910108	686423949280	252.0	-42.0	-4.0	2.0	
1504200910124	686444090881	252.0	-42.0	-4.0	2.0	
1504200910148	686464232483	252.0	-42.0	-4.0	2.0	
1504200910170	686484374085	252.0	-42.0	-4.0	2.0	
1504200910185	686504515686	252.0	-42.0	-4.0	2.0	
1504200910226	686524657288	252.0	-42.0	-4.0	2.0	
1504200910250	686544798889	252.0	-42.0	-4.0	2.0	
1504200910274	686564940491	252.0	-42.0	-4.0	2.0	
1504200910294	686585082092	252.0	-42.0	-4.0	2.0	
1504200910316	686605223694	252.0	-42.0	-4.0	2.0	
1504200910348	686625365295	252.0	-42.0	-4.0	2.0	
1504200910370	686645506897	252.0	-42.0	-4.0	2.0	
1504200910404	686665648499	252.0	-42.0	-4.0	2.0	
1504200910416	686685790100	252.0	-42.0	-4.0	2.0	
1504200910435	686705931702	252.0	-42.0	-4.0	2.0	
1504200910449	686726073303	252.0	-42.0	-4.0	2.0	
1504200910468	686746214905	252.0	-42.0	-4.0	2.0	
1504200910481	686766356506	252.0	-42.0	-4.0	2.0	
1504200910498	686786498108	252.0	-42.0	-4.0	2.0	
1504200910517	686806639710	252.0	-42.0	-4.0	2.0	
1504200910527	686826781311	252.0	-42.0	-4.0	2.0	
1504200910535	686846922913	252.0	-41.65803527832031	-4.0	2.0	
1504200910547	686867064514	252.0	-41.0	-4.0	2.0	
1504200910566	686887206116	252.0	-41.0	-4.0	2.0	
1504200910582	686907347717	252.0	-41.0	-4.0	2.0	
1504200910604	686927489319	252.0	-41.0	-4.0	2.0	
1504200910636	686947630920	252.0	-41.0	-4.0	2.0	
1504200910653	686967772522	252.0	-41.0	-4.0	2.0	
1504200910673	686987914124	252.0	-41.0	-4.0	2.0	
1504200910689	687008055725	252.0	-41.0	-4.0	2.0	
1504200910707	687028197327	252.0	-41.0	-4.0	2.0	
1504200910726	687048338928	252.0	-41.0	-4.0	2.0	
1504200910741	687068480530	252.0	-41.0	-4.0	2.0	
1504200910778	687088622131	252.0	-41.0	-4.0	2.0	
1504200910800	687108763733	252.0	-41.0	-4.0	2.0	
1504200910821	687128905335	252.0	-41.0	-4.0	2.0	
1504200910832	687149046936	252.0	-41.0	-4.0	2.0	
1504200910847	687169188538	252.0	-41.0	-4.0	2.0	
1504200910865	687189330139	252.0	-41.0	-4.0	2.0	
1504200910883	687209471741	252.0	-41.0	-4.0	2.0	
1504200910917	687229613342	252.0	-41.0	-4.0	2.0	
1504200910938	687249754944	252.0	-41.0	-4.0	2.0	
1504200910952	687269896545	252.0	-41.0	-4.0	2.0	
1504200910971	687290038147	252.0	-41.0	-4.0	2.0	
1504200910989	687310179749	252.0	-41.0	-4.0	2.0	
1504200911007	687330321350	252.0	-41.0	-4.0	2.0	
1504200911023	687350462952	252.0	-41.0	-4.0	2.0	
1504200911058	687370604553	252.0	-41.0	-5.0	2.0	
1504200911079	687390746155	252.0	-41.0	-5.0	2.0	
1504200911110	687410887756	252.0	-41.0	-5.0	2.0	
1504200911137	687431029358	252.0	-41.0	-5.0	2.0	
1504200911159	687451170960	252.0	-41.0	-5.0	2.0	
1504200911170	687471312561	252.0	-41.0	-5.0	2.0	
1504200911181	687491454163	252.0	-41.0	-5.0	2.0	
1504200911190	687511595764	252.0	-41.0	-5.0	2.0	
1504200911216	687531737366	252.0	-41.0	-5.0	2.0	
1504200911234	687551878967	252.0	-41.0	-5.0	2.0	
1504200911252	687572020569	252.0	-41.0	-5.0	2.0	
1504200911271	687592162170	252.0	-41.0	-5.0	2.0	
1504200911287	687612303772	252.0	-41.0	-5.0	2.0	
1504200911308	687632445374	252.0	-41.0	-5.0	2.0	
1504200911322	687652586975	252.0	-41.0	-5.0	2.0	
1504200911359	687672728577	252.0	-41.0	-5.0	2.0	
1504200911377	687692870178	252.0	-41.0	-5.0	2.0	
1504200911392	687713011780	252.0	-41.0	-5.0	2.0	
1504200911412	687733153381	252.0	-41.0	-5.0	2.0	
1504200911427	687753294983	252.0	-41.0	-5.0	2.0	
1504200911446	687773436585	252.0	-41.0	-5.0	2.0	
1504200911465	687793578186	252.0	-41.0	-5.0	2.0	
1504200911501	687813719788	252.0	-41.0	-5.0	2.0	
1504200911519	687833861389	252.0	-41.0	-5.0	2.0	
1504200911539	687854002991	252.0	-41.0	-5.0	2.0	
1504200911551	687874144592	252.0	-41.0	-5.0	2.0	
1504200911571	687894286194	252.0	-41.0	-5.0	2.0	
1504200911587	687914427795	252.0	-41.0	-5.0	2.0	
1504200911604	687934569397	252.0	-41.0	-5.0	2.0	
1504200911639	687954710999	252.0	-41.0	-5.0	2.0	
1504200911656	687974852600	252.0	-41.0	-5.0	2.0	
1504200911676	687994994202	252.0	-41.0	-5.0	2.0	
1504200911694	688015135803	252.0	-41.0	-5.0	2.0	
1504200911715	688035277405	252.0	-41.0	-5.0	2.0	
1504200911739	688055419006	252.0	-41.0	-5.0	2.0	
1504200911744	688075560608	252.0	-41.0	-5.0	2.0	
1504200911780	688095702210	252.0	-41.0	-5.0	2.0	
1504200911811	688115843811	252.0	-41.0	-5.0	2.0	
1504200911844	688135985413	252.0	-41.0	-5.0	2.0	
1504200911850	688156127014	252.0	-41.0	-5.0	2.0	
1504200911860	688176268616	252.0	-41.0	-5.0	2.0	
1504200911868	688196410217	252.0	-41.0	-5.0	2.0	
1504200911889	688216551819	252.0	-41.0	-5.0	2.0	
1504200911922	688236693420	252.0	-41.0	-5.0	2.0	
1504200911938	688256835022	252.0	-41.0	-5.0	2.0	
1504200911959	688276976624	252.0	-41.0	-5.0	2.0	
1504200911974	688297118225	252.0	-41.0	-5.0	2.0	
1504200911993	688317259827	252.0	-41.0	-5.0	2.0	
1504200912010	688337401428	252.0	-41.0	-5.0	2.0	
1504200912026	688357543030	252.0	-41.0	-5.0	2.0	
1504200912063	688377684631	252.0	-41.0	-5.0	2.0	
1504200912079	688397826233	252.0	-41.0	-5.0	2.0	
1504200912099	688417967835	252.0	-41.335052490234375	-4.664947509765625	2.0	
1504200912116	688438109436	252.0	-42.0	-4.0	2.0	
1504200912133	688458251038	252.0	-42.0	-4.0	2.0	
1504200912154	688478392639	252.0	-42.0	-4.0	2.0	
1504200912169	688498534241	252.0	-42.0	-4.0	2.0	
1504200912207	688518675842	252.0	-42.0	-4.0	2.0	
1504200912227	688538817444	252.0	-42.0	-4.0	2.0	
1504200912248	688558959045	252.0	-42.0	-4.0	2.0	
1504200912258	688579100647	252.0	-42.0	-4.0	2.0	
1504200912274	688599242249	252.0	-42.0	-4.0	2.0	
1504200912294	688619383850	252.0	-42.0	-4.0	2.0	
1504200912311	688639525452	252.0	-42.0	-4.0	2.0	
1504200912345	688659667053	252.0	-42.0	-4.0	2.0	
1504200912364	688679808655	252.0	-42.0	-4.0	2.0	
1504200912379	688699950256	252.0	-42.0	-4.0	2.0	
1504200912396	688720091858	252.0	-42.0	-4.0	2.0	
1504200912415	688740233460	252.0	-42.0	-4.0	2.0	
1504200912434	688760375061	252.0	-42.0	-4.0	2.0	
1504200912453	688780516663	252.0	-42.0	-4.0	2.0	
1504200912485	688800658264	252.0	-42.0	-4.0	2.0	
1504200912502	688820799866	252.0	-42.0	-4.0	2.0	
1504200912521	688840941467	252.0	-42.0	-4.0	2.0	
1504200912540	688861083069	252.0	-42.0	-4.0	2.0	
1504200912555	688881224670	252.0	-42.0	-4.0	2.0	
1504200912575	688901366272	252.0	-42.0	-4.0	2.0	
1504200912590	688921507874	252.0	-42.0	-4.0	2.0	
1504200912609	688941649475	252.0	-42.0	-4.0	2.0	
1504200912644	688961791077	252.0	-42.0	-4.0	2.0	
1504200912662	688981932678	252.0	-42.0	-4.0	2.0	
1504200912684	689002074280	252.0	-42.0	-4.0	2.0	
1504200912704	689022215881	252.0	-42.0	-4.0	2.0	
1504200912728	689042357483	252.0	-42.0	-4.0	2.0	
1504200912744	689062499085	252.0	-42.0	-4.0	2.0	
1504200912756	689082640686	252.0	-42.0	-4.0	2.0	
1504200912786	689102782288	252.0	-42.0	-4.0	2.0	
