1504200527731	304055790545	232.0	-34.0	11.0	5.0	
1504200527748	304075932147	232.0	-34.0	11.0	5.0	
1504200527765	304096073748	232.0	-34.0	11.0	5.0	
1504200527782	304116215350	232.0	-34.0	10.005203247070313	5.0	
1504200527818	304136356952	233.0	-34.0	10.0	5.0	
1504200527836	304156498553	233.0	-34.0	10.0	5.0	
1504200527853	304176640155	233.0	-34.0	10.0	5.0	
1504200527871	304196781756	233.56671142578125	-34.0	9.43328857421875	5.0	
1504200527889	304216923358	234.0	-34.0	9.0	5.0	
1504200527908	304237064959	234.85293579101563	-34.0	9.0	5.0	
1504200527924	304257206561	235.0	-34.0	9.0	5.0	
1504200527959	304277348163	236.14013671875	-35.0	8.0	5.0	
1504200527976	304297489764	237.0	-35.0	8.0	5.0	
1504200527994	304317631366	237.42559814453125	-35.0	8.0	5.0	
1504200528014	304337772967	238.0	-35.568450927734375	8.0	5.0	
1504200528033	304357914569	238.71229553222656	-36.0	8.0	5.0	
1504200528048	304378056170	239.0	-36.0	8.0	5.0	
1504200528068	304398197772	239.0	-36.0	8.0	5.0	
1504200528103	304418339373	239.0	-37.0	8.0	5.0	
1504200528123	304438480975	239.0	-37.0	8.0	5.0	
1504200528143	304458622577	239.0	-37.0	7.5726776123046875	5.0	
1504200528156	304478764178	239.0	-37.0	7.0	5.0	
1504200528181	304498905780	239.0	-37.0	7.0	5.0	
1504200528202	304519047381	239.0	-37.0	6.1436004638671875	5.0	
1504200528219	304539188983	238.0	-37.0	6.0	5.0	
1504200528254	304559330584	238.0	-37.0	6.0	5.0	
1504200528289	304579472186	238.0	-37.0	6.0	5.0	
1504200528318	304599613788	238.0	-37.0	6.0	5.0	
1504200528339	304619755389	238.0	-37.57191467285156	6.0	5.0	
1504200528351	304639896991	238.0	-38.0	6.0	5.0	
1504200528363	304660038592	238.85812377929688	-38.0	6.0	5.0	
1504200528375	304680180194	239.0	-39.0	6.0	5.0	
1504200528385	304700321795	239.0	-39.0	5.85467529296875	5.0	
1504200528409	304720463397	238.71231079101563	-39.287689208984375	4.712310791015625	5.0	
1504200528420	304740604998	237.56846618652344	-40.0	3.5684661865234375	5.0	
1504200528436	304760746600	236.4256134033203	-40.57438659667969	1.851226806640625	5.0	
1504200528452	304780888202	236.0	-41.0	0.282501220703125	5.0	
1504200528470	304801029803	235.14015197753906	-41.0	0.0	5.0	
1504200528512	304821171405	235.0	-41.00346374511719	-1.0	5.0	
1504200528537	304841313006	235.0	-42.0	-1.0	5.0	
1504200528546	304861454608	235.28941345214844	-42.0	-1.0	5.0	
1504200528558	304881596209	236.0	-42.43327331542969	-1.0	5.0	
1504200528576	304901737811	236.0	-43.0	-1.0	5.0	
1504200528594	304921879413	236.0	-43.0	-1.0	5.0	
1504200528611	304942021014	236.86158752441406	-43.0	-0.1384124755859375	5.0	
1504200528649	304962162616	237.0	-43.0	0.0	5.0	
1504200528668	304982304217	237.14878845214844	-43.0	0.0	5.0	
1504200528682	305002445819	238.0	-43.0	0.2911529541015625	5.0	
1504200528700	305022587420	238.0	-43.0	1.0	5.0	
1504200528717	305042729022	238.0	-43.0	1.577850341796875	5.0	
1504200528740	305062870623	238.0	-43.72096252441406	2.0	5.0	
1504200528766	305083012225	238.86480712890625	-44.0	2.86480712890625	5.0	
1504200528787	305103153827	239.00692749023438	-44.0	3.0	5.0	
1504200528805	305123295428	240.0	-44.0	3.1505126953125	5.0	
1504200528824	305143437030	240.0	-44.0	4.0	5.0	
1504200528841	305163578631	240.0	-44.0	4.0	5.0	
1504200528870	305183720233	240.57957458496094	-44.0	4.0	5.0	
1504200528884	305203861834	241.0	-44.72270202636719	4.0	5.0	
1504200528895	305224003436	241.0	-45.0	4.0	5.0	
1504200528929	305244145038	241.0	-45.0	5.0	5.0	
1504200528948	305264286639	241.15223693847656	-45.0	5.0	5.0	
1504200528968	305284428241	242.0	-45.0	5.0	5.0	
1504200528992	305304569842	242.0	-45.0	5.0	5.0	
1504200529005	305324711444	242.0	-45.0	5.0	5.0	
1504200529018	305344853045	242.0	-45.0	5.0	5.0	
1504200529035	305364994647	242.0	-45.0	5.0	5.0	
1504200529070	305385136248	242.0	-45.0	5.0	5.0	
1504200529087	305405277850	242.0	-45.0	5.0	5.0	
1504200529105	305425419452	242.0	-45.0	5.0	5.0	
1504200529123	305445561053	242.0	-45.0	5.0	5.0	
1504200529150	305465702655	242.0	-45.0	5.0	5.0	
1504200529171	305485844256	242.0	-44.273834228515625	5.0	5.0	
1504200529182	305505985858	242.0	-44.0	4.1299896240234375	5.0	
1504200529209	305526127459	242.0	-44.0	4.0	5.0	
1504200529227	305546269061	242.0	-44.0	4.0	5.0	
1504200529245	305566410663	242.0	-43.70069885253906	4.0	5.0	
1504200529262	305586552264	242.0	-43.0	4.0	5.0	
1504200529281	305606693866	242.0	-42.41523742675781	4.0	5.0	
1504200529298	305626835467	242.0	-42.0	4.0	5.0	
1504200529315	305646977069	242.0	-41.12825012207031	4.0	5.0	
1504200529351	305667118670	241.0	-41.0	4.0	5.0	
1504200529370	305687260272	241.0	-40.84230041503906	4.0	5.0	
1504200529390	305707401873	241.0	-40.0	4.0	5.0	
1504200529405	305727543475	241.44366455078125	-40.0	4.0	5.0	
1504200529423	305747685077	242.0	-40.0	4.0	5.0	
1504200529446	305767826678	242.0	-39.27037048339844	4.0	5.0	
1504200529470	305787968280	242.0	-39.0	4.0	5.0	
1504200529503	305808109881	242.0	-39.0	4.0	5.0	
1504200529514	305828251483	242.0	-39.0	4.0	5.0	
1504200529531	305848393084	242.0	-39.0	4.0	5.0	
1504200529545	305868534686	242.0	-39.0	4.0	5.0	
1504200529563	305888676288	242.0	-39.0	4.0	5.0	
1504200529581	305908817889	242.0	-39.0	4.0	5.0	
1504200529601	305928959491	242.0	-38.124786376953125	4.0	5.0	
1504200529645	305949101092	242.0	-38.0	4.0	5.0	
1504200529661	305969242694	242.0	-38.0	4.0	5.0	
1504200529671	305989384295	242.0	-38.0	4.0	5.0	
1504200529686	306009525897	242.0	-38.0	4.0	5.0	
1504200529707	306029667498	242.0	-38.0	4.0	5.0	
1504200529722	306049809100	242.0	-38.0	4.0	5.0	
1504200529740	306069950702	242.0	-38.0	4.0	5.0	
1504200529775	306090092303	242.0	-38.0	4.0	5.0	
1504200529794	306110233905	242.0	-38.0	4.0	5.0	
1504200529814	306130375506	242.0	-38.0	4.0	5.0	
1504200529835	306150517108	242.0	-38.0	4.0	5.0	
1504200529852	306170658709	242.0	-38.0	4.0	5.0	
1504200529871	306190800311	242.0	-38.0	4.0	5.0	
1504200529885	306210941913	242.0	-38.0	4.0	5.0	
1504200529917	306231083514	242.0	-38.0	3.0	5.0	
1504200529934	306251225116	242.0	-38.0	3.0	5.0	
1504200529952	306271366717	242.0	-38.0	3.0	5.0	
1504200529968	306291508319	242.0	-38.0	3.0	5.0	
1504200529987	306311649920	242.0	-38.0	3.0	5.0	
1504200530003	306331791522	242.0	-38.0	3.0	5.0	
1504200530022	306351933123	242.0	-38.0	3.0	5.0	
1504200530058	306372074725	242.0242156982422	-38.0	3.0	5.0	
1504200530075	306392216327	243.0	-38.0	3.0	5.0	
1504200530091	306412357928	243.0	-38.0	3.0	5.0	
1504200530111	306432499530	243.0	-38.0	3.0	5.0	
1504200530127	306452641131	243.0	-38.59617614746094	3.0	5.0	
1504200530143	306472782733	243.0	-39.0	3.0	5.0	
1504200530162	306492924334	243.0	-39.0	2.11785888671875	5.0	
1504200530197	306513065936	243.0	-39.0	2.0	5.0	
1504200530215	306533207538	243.0	-39.0	2.0	5.0	
1504200530233	306553349139	243.0	-39.0	2.0	5.0	
1504200530251	306573490741	243.0	-39.0	2.0	5.0	
1504200530268	306593632342	243.0	-39.0	2.0	5.0	
1504200530287	306613773944	243.0	-39.0	2.0	5.0	
1504200530303	306633915545	243.0	-39.0	2.0	5.0	
1504200530341	306654057147	243.0	-39.0	2.0	5.0	
1504200530357	306674198748	243.0	-39.0	2.0	5.0	
1504200530373	306694340350	243.0	-39.0	2.0	5.0	
1504200530391	306714481952	243.0	-39.0	2.0	5.0	
1504200530409	306734623553	243.0	-39.0	2.0	5.0	
1504200530429	306754765155	243.0	-39.0	2.0	5.0	
1504200530446	306774906756	243.0	-39.0	2.0	5.0	
1504200530480	306795048358	243.0	-39.0	2.0	5.0	
1504200530497	306815189959	243.0	-39.0	2.0	5.0	
1504200530514	306835331561	243.0	-39.0	2.0	5.0	
1504200530532	306855473163	243.0	-39.0	2.0	5.0	
1504200530550	306875614764	243.0	-39.0	2.0	5.0	
1504200530571	306895756366	243.0	-39.0	2.0	5.0	
1504200530585	306915897967	243.88734436035156	-39.0	2.0	5.0	
1504200530620	306936039569	244.0	-39.0	2.0	5.0	
1504200530639	306956181170	244.0	-39.0	2.0	5.0	
1504200530656	306976322772	244.0	-39.0	2.0	5.0	
1504200530673	306996464373	244.0	-39.0	2.0	5.0	
1504200530690	307016605975	244.0	-39.0	2.0	5.0	
1504200530710	307036747577	244.0	-39.0	2.0	5.0	
1504200530727	307056889178	244.0	-39.0	2.0	5.0	
1504200530763	307077030780	244.0	-39.0	2.0	5.0	
1504200530779	307097172381	244.0	-39.0	2.0	5.0	
1504200530798	307117313983	244.0	-39.0	2.0	5.0	
1504200530815	307137455584	244.0	-39.0	2.0	5.0	
1504200530832	307157597186	244.0	-39.0	2.0	5.0	
1504200530849	307177738788	244.0	-39.0	2.0	5.0	
1504200530870	307197880389	244.0	-39.0	2.0	5.0	
1504200530901	307218021991	244.0	-39.0	2.0	-1.0	
1504200530919	307238163592	244.0	-39.0	2.0	-1.0	
1504200530937	307258305194	244.0	-39.0	2.0	-1.0	
1504200530954	307278446795	244.0	-39.0	2.0	-1.0	
1504200530972	307298588397	244.0	-39.0	2.0	-1.0	
1504200530989	307318729998	244.0	-39.0	2.0	-1.0	
1504200531008	307338871600	244.0	-39.0	2.0	-1.0	
1504200531042	307359013202	244.0	-39.0	2.0	-1.0	
1504200531060	307379154803	244.0	-39.0	2.0	-1.0	
1504200531077	307399296405	244.0	-39.0	2.0	-1.0	
1504200531096	307419438006	244.0	-39.0	2.0	-1.0	
1504200531113	307439579608	244.0	-39.0	2.0	-1.0	
1504200531131	307459721209	244.0	-39.0	2.0	-1.0	
1504200531149	307479862811	244.0	-38.10554504394531	2.0	-1.0	
1504200531185	307500004413	244.0	-38.0	2.0	-1.0	
1504200531201	307520146014	244.0	-38.0	2.0	-1.0	
1504200531219	307540287616	244.0	-38.0	2.0	-1.0	
1504200531236	307560429217	244.0	-38.0	2.0	-1.0	
1504200531254	307580570819	244.0	-38.0	2.0	-1.0	
1504200531272	307600712420	244.0	-38.0	2.0	-1.0	
1504200531291	307620854022	244.0	-38.0	2.0	-1.0	
1504200531324	307640995623	244.0	-38.0	2.0	-1.0	
1504200531342	307661137225	244.0	-38.0	2.0	-1.0	
1504200531360	307681278827	244.0	-38.0	2.0	-1.0	
1504200531377	307701420428	244.0	-38.0	2.0	-1.0	
1504200531395	307721562030	244.0	-38.0	2.0	-1.0	
1504200531412	307741703631	244.0	-38.0	2.0	-1.0	
1504200531430	307761845233	244.0	-38.0	2.0	-1.0	
1504200531466	307781986834	244.0	-38.0	2.0	-1.0	
1504200531483	307802128436	244.18511962890625	-38.0	2.0	-1.0	
1504200531501	307822270038	245.0	-38.0	2.0	-1.0	
1504200531519	307842411639	245.0	-38.0	2.0	-1.0	
1504200531536	307862553241	245.0	-38.0	2.0	-1.0	
1504200531555	307882694842	245.0	-38.0	2.0	-1.0	
1504200531571	307902836444	245.0	-38.0	2.0	-1.0	
1504200531608	307922978045	245.0	-38.0	2.0	-1.0	
1504200531624	307943119647	245.0	-38.0	2.0	-1.0	
1504200531642	307963261248	245.0	-38.0	2.0	-1.0	
1504200531660	307983402850	245.0	-38.0	2.0	-1.0	
1504200531677	308003544452	245.0	-38.0	2.0	-1.0	
1504200531695	308023686053	245.0	-38.0	2.0	-1.0	
1504200531713	308043827655	245.0	-38.0	2.0	-1.0	
1504200531747	308063969256	245.0	-38.0	2.0	-1.0	
1504200531765	308084110858	245.0	-38.0	2.0	-1.0	
1504200531782	308104252459	245.0	-38.0	2.0	-1.0	
1504200531800	308124394061	245.0	-38.0	2.0	-1.0	
1504200531818	308144535663	245.0	-38.0	2.0	-1.0	
1504200531835	308164677264	245.0	-38.0	2.0	-1.0	
1504200531853	308184818866	245.0	-38.0	2.0	-1.0	
1504200531889	308204960467	245.0	-38.0	2.0	-1.0	
1504200531906	308225102069	245.0	-38.0	2.0	-1.0	
1504200531923	308245243670	245.0	-38.0	2.0	-1.0	
1504200531941	308265385272	245.0	-38.0	1.523406982421875	-1.0	
1504200531959	308285526873	245.0	-38.0	1.0	-1.0	
1504200531977	308305668475	245.0	-38.0	1.0	-1.0	
1504200531994	308325810077	245.0	-38.0	1.0	-1.0	
1504200532033	308345951678	245.0	-38.0	1.0	-1.0	
1504200532047	308366093280	245.0	-38.0	1.0	-1.0	
1504200532066	308386234881	245.0	-38.0	1.0	-1.0	
1504200532082	308406376483	245.0	-38.0	1.0	-1.0	
1504200532100	308426518084	245.0	-38.0	1.0	-1.0	
1504200532117	308446659686	245.0	-38.0	1.0	-1.0	
1504200532137	308466801288	245.0	-38.0	1.90814208984375	-1.0	
1504200532170	308486942889	245.0	-38.0	1.0	-1.0	
1504200532188	308507084491	245.0	-38.0	1.0	-1.0	
1504200532205	308527226092	245.0	-38.0	1.0	-1.0	
1504200532225	308547367694	245.0	-38.0	1.0	-1.0	
1504200532241	308567509295	245.0	-38.0	1.0	-1.0	
1504200532259	308587650897	245.0	-38.0	1.0	-1.0	
1504200532277	308607792498	245.0	-38.0	1.0	-1.0	
1504200532312	308627934100	245.0	-38.0	2.0	-1.0	
1504200532329	308648075702	245.19549560546875	-38.0	2.0	-1.0	
1504200532347	308668217303	246.0	-38.33795166015625	2.0	-1.0	
1504200532364	308688358905	246.0	-39.0	2.0	-1.0	
1504200532382	308708500506	246.0	-39.0	2.0	-1.0	
1504200532400	308728642108	246.0	-39.0	2.0	-1.0	
1504200532417	308748783709	246.0	-39.0	2.0	-1.0	
1504200532454	308768925311	246.0	-39.0	2.0	-1.0	
1504200532471	308789066913	246.0	-39.0	2.0	-1.0	
1504200532488	308809208514	246.0	-39.0	2.0	-1.0	
1504200532506	308829350116	246.0	-38.5164794921875	2.0	-1.0	
1504200532523	308849491717	246.0	-38.0	2.0	-1.0	
1504200532542	308869633319	246.0	-38.0	2.0	-1.0	
1504200532559	308889774920	246.0	-38.0	2.0	-1.0	
1504200532594	308909916522	246.0	-38.0	2.0	-1.0	
1504200532610	308930058123	246.0	-38.0	2.0	-1.0	
1504200532628	308950199725	246.0	-38.0	2.0	-1.0	
1504200532646	308970341327	246.0	-38.0	2.0	-1.0	
1504200532664	308990482928	246.0	-38.0	2.0	-1.0	
1504200532681	309010624530	246.0	-38.0	2.0	-1.0	
1504200532699	309030766131	246.0	-38.0	2.0	-1.0	
1504200532735	309050907733	246.0	-38.0	2.0	-1.0	
1504200532752	309071049334	246.0	-38.0	2.0	-1.0	
1504200532770	309091190936	246.0	-38.0	2.0	-1.0	
1504200532787	309111332538	246.0	-38.0	2.0	-1.0	
1504200532805	309131474139	246.0	-38.0	2.0	-1.0	
1504200532824	309151615741	246.0	-38.0	2.0	-1.0	
1504200532840	309171757342	246.0	-38.0	2.0	-1.0	
1504200532876	309191898944	246.0	-38.0	2.0	-1.0	
1504200532894	309212040545	246.0	-38.0	2.0	-1.0	
1504200532911	309232182147	246.0	-38.0	2.0	-1.0	
1504200532928	309252323748	246.0	-38.0	2.0	-1.0	
1504200532946	309272465350	246.0	-38.0	2.0	-1.0	
1504200532964	309292606952	246.0	-38.0	2.0	-1.0	
1504200532982	309312748553	246.0	-38.0	2.0	-1.0	
1504200533017	309332890155	246.0	-38.0	2.0	-1.0	
1504200533034	309353031756	246.0	-38.0	2.0	-1.0	
1504200533052	309373173358	246.0	-38.0	2.0	-1.0	
1504200533070	309393314959	246.0	-38.0	2.0	-1.0	
1504200533088	309413456561	246.0	-38.0	2.0	-1.0	
1504200533105	309433598163	246.0	-38.0	2.0	-1.0	
1504200533122	309453739764	246.0	-38.0	2.0	-1.0	
1504200533158	309473881366	246.0	-38.0	1.0	-1.0	
1504200533175	309494022967	246.0	-38.0	1.0	-1.0	
1504200533193	309514164569	246.0	-38.0	1.0	-1.0	
1504200533211	309534306170	246.0	-38.0	1.0	-1.0	
1504200533228	309554447772	246.0	-38.0	1.0	-1.0	
1504200533246	309574589373	246.0	-38.0	1.0	-1.0	
1504200533263	309594730975	246.0	-38.0	1.0	-1.0	
1504200533299	309614872577	246.0	-38.0	1.0	-1.0	
1504200533316	309635014178	246.0	-38.0	1.0	-1.0	
1504200533334	309655155780	246.0	-38.0	1.0	-1.0	
1504200533351	309675297381	246.0	-38.0	1.0	-1.0	
1504200533369	309695438983	246.0	-38.0	1.0	-1.0	
1504200533387	309715580584	246.0	-38.0	1.0	-1.0	
1504200533404	309735722186	246.0	-38.0	1.0	-1.0	
1504200533439	309755863788	246.0	-38.0	1.0	-1.0	
1504200533457	309776005389	246.0	-38.0	1.0	-1.0	
1504200533474	309796146991	246.0	-38.0	1.0	-1.0	
1504200533492	309816288592	246.0	-38.0	1.0	-1.0	
1504200533510	309836430194	246.0	-38.0	1.0	-1.0	
1504200533528	309856571795	246.0	-38.0	1.0	-1.0	
1504200533545	309876713397	246.0	-38.0	1.0	-1.0	
1504200533580	309896854998	246.0	-38.0	1.0	-1.0	
1504200533598	309916996600	246.0	-38.0	1.0	-1.0	
1504200533616	309937129398	246.0	-38.0	1.0	-1.0	
1504200533633	309957270999	246.0	-38.0	1.0	-1.0	
1504200533651	309977412601	246.0	-38.0	1.0	-1.0	
1504200533669	309997554202	246.0	-38.0	1.0	-1.0	
1504200533686	310017695804	246.0	-38.0	1.0	-1.0	
1504200533722	310037837405	246.0	-39.0	1.0	-1.0	
1504200533739	310057979007	246.0	-39.0	1.0	-1.0	
1504200533757	310078120609	246.0	-39.0	1.0	-1.0	
1504200533774	310098262210	246.0	-39.0	1.0	-1.0	
1504200533792	310118403812	246.0	-39.0	1.0	-1.0	
1504200533810	310138545413	246.0	-39.0	1.0	-1.0	
1504200533828	310158687015	246.0	-39.0	1.0	-1.0	
1504200533863	310178828616	246.0	-39.0	0.0	-1.0	
1504200533880	310198970218	246.0	-39.0	0.0	-1.0	
1504200533898	310219111819	246.0	-39.0	0.0	-1.0	
1504200533916	310239253421	246.0	-39.0	0.0	-1.0	
1504200533934	310259395023	246.0	-39.0	0.0	-1.0	
1504200533951	310279536624	246.0	-39.0	0.0	-1.0	
1504200533969	310299678226	246.0	-39.0	0.0	-1.0	
1504200534004	310319819827	246.0	-40.0	0.0	-1.0	
1504200534021	310339961429	246.0	-40.0	0.0	-1.0	
1504200534038	310360103030	246.0	-40.0	0.0	-1.0	
1504200534056	310380244632	246.0	-40.0	0.0	-1.0	
1504200534074	310400386234	246.0	-39.35356140136719	0.0	-1.0	
1504200534095	310420527835	246.0	-39.0	0.0	-1.0	
1504200534123	310440669437	246.0	-39.0	0.0	5.0	
1504200534162	310460811038	246.0	-39.0	0.0	5.0	
1504200534177	310480952640	246.0	-39.0	0.0	5.0	
1504200534192	310501094241	246.0	-39.0	0.0	5.0	
1504200534201	310521235843	246.0	-39.0	0.0	5.0	
1504200534218	310541377444	246.0	-39.0	0.0	5.0	
1504200534234	310561519046	246.0	-39.0	0.0	5.0	
1504200534251	310581660648	246.0	-39.0	0.0	5.0	
1504200534285	310601802249	246.0	-39.0	0.0	5.0	
1504200534304	310621943851	246.0	-39.0	0.0	5.0	
1504200534322	310642085452	246.0	-39.0	0.0	5.0	
1504200534340	310662227054	246.0	-39.50691223144531	0.0	5.0	
1504200534359	310682368655	246.0	-40.0	0.0	5.0	
1504200534377	310702510257	246.7937469482422	-40.0	0.7937469482421875	5.0	
1504200534392	310722651859	247.0	-40.0	1.0	5.0	
1504200534426	310742793460	248.0	-40.07957458496094	1.0	95.0	
1504200534444	310762935062	248.0	-41.0	1.221832275390625	95.0	
1504200534462	310783076663	248.3656768798828	-41.0	2.0	95.0	
1504200534481	310803218265	249.0	-41.0	2.0	95.0	
1504200534497	310823359866	249.0	-41.0	2.0	95.0	
1504200534515	310843501468	249.0	-41.0	2.0	95.0	
1504200534535	310863643069	249.93771362304688	-41.0	2.0	95.0	
1504200534570	310883784671	250.0	-41.0	2.0	95.0	
1504200534586	310903926273	250.0	-41.0	2.2248992919921875	95.0	
1504200534603	310924067874	250.36741638183594	-41.0	3.0	95.0	
1504200534621	310944209476	251.0	-41.0	3.0	95.0	
1504200534641	310964351077	251.0	-40.34663391113281	3.0	95.0	
1504200534656	310984492679	251.0	-40.0	3.0	95.0	
1504200534678	311004634280	250.06056213378906	-40.0	3.0	95.0	
1504200534709	311024775882	250.0	-40.0	3.0	95.0	
1504200534726	311044917484	249.7733612060547	-39.77336120605469	3.0	95.0	
1504200534745	311065059085	249.0	-39.0	3.0	95.0	
1504200534761	311085200687	249.0	-39.0	3.0	95.0	
1504200534780	311105342288	249.0	-39.0	3.0	95.0	
1504200534797	311125483890	249.0	-39.0	3.0	95.0	
1504200534814	311145625491	249.0	-39.0	3.0	95.0	
1504200534850	311165767093	249.0	-39.0	4.0	95.0	
1504200534867	311185908694	249.0	-38.771636962890625	4.0	95.0	
1504200534885	311206050296	249.0	-38.0	4.0	95.0	
1504200534903	311226191898	249.0	-38.0	4.0	95.0	
1504200534920	311246333499	249.0	-37.34257507324219	4.0	95.0	
1504200534939	311266475101	249.0	-37.0	4.0	95.0	
1504200534955	311286616702	249.0	-37.0	4.0	95.0	
1504200534991	311306758304	249.0	-36.0	5.0	95.0	
1504200535021	311326899905	249.0	-36.0	5.0	95.0	
1504200535029	311347041507	249.0	-36.0	5.0	95.0	
1504200535051	311367183109	249.0	-36.0	5.0	95.0	
1504200535063	311387324710	249.0	-36.0	5.0	95.0	
1504200535080	311407466312	249.0	-36.0	5.0	95.0	
1504200535099	311427607913	249.0	-36.0	5.0	95.0	
1504200535134	311447749515	249.0	-36.0	5.0	95.0	
1504200535150	311467891116	249.0	-36.0	5.0	95.0	
1504200535167	311488032718	249.0	-36.0	4.6256561279296875	95.0	
1504200535185	311508174319	248.4818115234375	-36.0	4.0	95.0	
1504200535203	311528315921	248.0	-36.0	3.339111328125	95.0	
1504200535220	311548457523	248.0	-36.80415344238281	3.0	95.0	
1504200535238	311568599124	247.0536346435547	-37.0	2.0536346435546875	95.0	
1504200535273	311588740726	247.0	-37.0	2.0	95.0	
1504200535290	311608882327	247.0	-37.0	2.0	95.0	
1504200535316	311629023929	247.0	-37.0	2.0	95.0	
1504200535325	311649165530	247.0	-37.0	2.0	95.0	
1504200535343	311669307132	247.0	-37.0	2.0	95.0	
1504200535361	311689448734	247.0	-37.0	2.0	95.0	
1504200535380	311709590335	247.0	-37.0	2.0	95.0	
1504200535416	311729731937	247.0	-37.0	2.0	95.0	
1504200535431	311749873538	247.0	-37.0	2.0	95.0	
1504200535449	311770015140	247.0	-37.0	2.0	95.0	
1504200535470	311790156741	247.0	-36.47834777832031	2.0	95.0	
1504200535484	311810298343	247.0	-36.0	2.0	95.0	
1504200535503	311830439944	247.0	-36.0	2.0	95.0	
1504200535521	311850581546	247.0	-36.0	2.0	95.0	
1504200535554	311870723148	247.0	-36.0	2.0	95.0	
1504200535572	311890864749	247.0	-36.0	2.0	95.0	
1504200535590	311911006351	247.0	-36.0	2.0	95.0	
1504200535607	311931147952	246.4766082763672	-36.0	2.0	95.0	
1504200535626	311951289554	246.0	-36.0	2.0	95.0	
1504200535643	311971431155	246.0	-36.0	2.0	95.0	
1504200535660	311991572757	246.0	-36.0	2.0	95.0	
1504200535696	312011714359	246.0	-36.0	2.0	95.0	
1504200535714	312031855960	246.0	-36.0	2.0	95.0	
1504200535731	312051997562	246.0	-36.0	2.0	95.0	
1504200535751	312072139163	246.0	-36.0	2.0	95.0	
1504200535766	312092280765	246.0	-36.0	2.0	95.0	
1504200535785	312112422366	246.0	-36.0	1.1889190673828125	95.0	
1504200535801	312132563968	246.0	-36.0	1.0	95.0	
1504200535837	312152705569	245.0	-37.0	1.0	95.0	
1504200535854	312172847171	245.0	-37.0	1.0	95.0	
1504200535872	312192988773	245.0	-37.0	1.0	95.0	
1504200535890	312213130374	245.0	-37.0	1.0	95.0	
1504200535907	312233271976	245.0	-37.0	1.0	95.0	
1504200535925	312253413577	245.0	-37.0	1.0	95.0	
1504200535943	312273555179	245.9566650390625	-37.9566650390625	1.0	95.0	
1504200535978	312293696780	246.0	-38.0	1.0	95.0	
1504200535995	312313838382	246.0	-38.0	1.0	95.0	
1504200536013	312333979984	246.0	-38.0	1.0	95.0	
1504200536031	312354121585	246.0	-38.0	1.0	95.0	
1504200536049	312374263187	246.0	-38.0	1.0	95.0	
1504200536066	312394404788	246.0	-38.0	1.0	95.0	
1504200536084	312414546390	246.0	-38.0	1.0	95.0	
1504200536120	312434687991	246.0	-38.0	1.0	95.0	
1504200536137	312454829593	246.0	-38.0	1.0	95.0	
1504200536155	312474971194	246.0	-38.0	1.0	95.0	
1504200536172	312495112796	246.0	-38.0	1.0	95.0	
1504200536190	312515254398	246.0	-38.0	1.0	95.0	
1504200536210	312535395999	246.0	-38.0	1.0	95.0	
1504200536225	312555537601	246.0	-38.0	1.0	95.0	
1504200536262	312575679202	246.0	-38.10224914550781	1.0	95.0	
1504200536278	312595820804	246.0	-39.0	1.0	95.0	
1504200536296	312615962405	246.0	-39.0	1.0	95.0	
1504200536315	312636104007	246.0	-39.0	1.0	95.0	
1504200536331	312656245609	246.0	-39.0	1.0	95.0	
1504200536349	312676387210	246.0	-39.0	1.0	95.0	
1504200536368	312696528812	246.0	-39.0	1.9618682861328125	95.0	
1504200536401	312716670413	246.0	-39.0	2.0	95.0	
1504200536419	312736812015	246.0	-39.0	2.0	95.0	
1504200536437	312756953616	246.0	-39.0	2.0	95.0	
1504200536454	312777095218	246.53378295898438	-39.0	2.0	95.0	
1504200536473	312797236819	247.0	-39.0	2.0	95.0	
1504200536490	312817378421	247.0	-39.0	2.0	95.0	
1504200536507	312837520023	247.0	-39.0	2.963592529296875	95.0	
1504200536543	312857661624	248.0	-39.0	3.105712890625	95.0	
1504200536560	312877803226	248.2495574951172	-39.0	4.0	95.0	
1504200536578	312897944827	249.0	-39.392730712890625	4.0	95.0	
1504200536595	312918086429	249.5355224609375	-40.0	4.5355224609375	95.0	
1504200536612	312938228030	250.0	-40.0	5.0	95.0	
1504200536631	312958369632	250.0	-40.0	5.0	95.0	
1504200536648	312978511234	250.96533203125	-40.0	5.96533203125	95.0	
1504200536684	312998652835	251.0	-40.0	6.0	95.0	
1504200536701	313018794437	251.0	-40.0	6.0	95.0	
1504200536719	313038936038	251.0	-40.0	6.0	95.0	
1504200536738	313059077640	251.0	-40.0	6.0	95.0	
1504200536754	313079219241	251.0	-40.0	6.0	95.0	
1504200536771	313099360843	251.0	-40.0	6.823516845703125	95.0	
1504200536790	313119502444	251.0	-40.96705627441406	7.0	95.0	
1504200536834	313139644046	251.0	-41.0	6.0	95.0	
1504200536841	313159785648	251.0	-41.0	6.0	95.0	
1504200536860	313179927249	251.0	-41.0	6.0	95.0	
1504200536879	313200068851	251.0	-41.0	5.4610137939453125	95.0	
1504200536896	313220210452	251.0	-41.0	5.0	95.0	
1504200536913	313240352054	251.0	-41.0	5.0	95.0	
1504200536930	313260493655	251.0	-41.0	5.0	95.0	
1504200536966	313280635257	251.0	-41.0	5.0	95.0	
1504200536983	313300776859	251.0	-41.0	5.0	95.0	
1504200537001	313320918460	251.0	-41.0	5.3986053466796875	95.0	
1504200537018	313341060062	251.0	-41.0	6.0	95.0	
1504200537036	313361201663	251.0	-41.6845703125	6.0	95.0	
1504200537056	313381343265	251.0	-42.0	6.0	95.0	
1504200537071	313401484866	251.0	-42.0	6.0	95.0	
1504200537113	313421626468	251.0	-42.0	6.0	95.0	
1504200537130	313441768069	251.0	-42.0	6.0	95.0	
1504200537158	313461909671	251.0	-41.59965515136719	6.0	95.0	
1504200537167	313482051273	251.0	-41.0	6.0	95.0	
1504200537180	313502192874	251.0	-41.0	6.0	95.0	
1504200537196	313522334476	251.0	-41.0	6.0	95.0	
1504200537217	313542476077	251.0	-41.0	5.027740478515625	95.0	
1504200537253	313562617679	251.0	-40.88409423828125	5.0	95.0	
1504200537274	313582759280	251.0	-40.0	5.0	95.0	
1504200537299	313602900882	250.59793090820313	-40.0	5.0	95.0	
1504200537323	313623042484	250.0	-40.0	5.0	95.0	
1504200537352	313643184085	250.0	-40.0	5.0	95.0	
1504200537384	313663325687	250.0	-40.0	5.0	95.0	
1504200537412	313683467288	250.0	-40.0	5.0	95.0	
1504200537464	313703608890	250.0	-40.0	5.0	95.0	
1504200537500	313723750491	250.0	-40.0	5.0	95.0	
1504200537519	313743892093	250.0	-40.0	5.0	95.0	
1504200537537	313764033694	250.5467071533203	-40.0	5.5467071533203125	95.0	
1504200537556	313784175296	251.0	-40.68977355957031	6.0	95.0	
1504200537567	313804316898	251.0	-41.0	6.0	95.0	
1504200537577	313824458499	251.0	-41.0	6.0	95.0	
1504200537591	313844600101	251.11936950683594	-42.0	6.0	95.0	
1504200537599	313864741702	252.0	-42.0	6.0	95.0	
1504200537606	313884883304	252.0	-42.0	6.0	95.0	
1504200537617	313905024905	252.54843139648438	-42.0	6.0	95.0	
1504200537632	313925166507	253.0	-42.0	6.691497802734375	95.0	
1504200537643	313945308109	253.0	-42.0	7.0	95.0	
1504200537655	313965449710	253.0	-42.0	7.0	95.0	
1504200537674	313985591312	253.12109375	-42.0	7.0	95.0	
1504200537691	314005732913	254.0	-42.0	7.0	95.0	
1504200537718	314025874515	254.0	-42.40727233886719	7.0	95.0	
1504200537731	314046016116	254.0	-43.0	7.0	95.0	
1504200537744	314066157718	254.0	-43.0	7.0	95.0	
1504200537769	314086299319	254.0	-43.0	7.0	95.0	
1504200537788	314106440921	254.0	-43.0	7.0	95.0	
1504200537825	314126582523	253.876953125	-43.0	7.0	95.0	
1504200537836	314146724124	253.0	-43.0	7.0	95.0	
1504200537847	314166865726	253.0	-42.59098815917969	6.5909881591796875	95.0	
1504200537865	314187007327	253.0	-42.0	6.0	95.0	
1504200537884	314207148929	253.0	-42.0	6.0	95.0	
1504200537904	314227290530	253.0	-42.0	6.0	95.0	
1504200537920	314247432132	253.0	-42.0	6.0	95.0	
1504200537960	314267573734	253.0	-42.0	6.0	95.0	
1504200537999	314287715335	253.0	-42.0	6.0	95.0	
1504200538029	314307856937	253.0	-42.0	6.0	95.0	
1504200538051	314327998538	253.0	-42.0	6.0	95.0	
1504200538070	314348140140	253.0	-42.0	6.0	95.0	
1504200538083	314368281741	253.0	-42.0	6.0	95.0	
1504200538099	314388423343	253.0	-42.0	6.0	95.0	
1504200538121	314408564944	253.0	-42.0	6.0	95.0	
1504200538131	314428706546	253.0	-42.0	6.0	95.0	
1504200538148	314448848148	253.0	-42.0	6.0	95.0	
1504200538174	314468989749	253.0	-42.0	6.0	95.0	
1504200538200	314489131351	253.0	-42.0	6.0	95.0	
1504200538216	314509272952	253.0	-42.0	6.0	95.0	
1504200538244	314529414554	253.0	-42.0	6.0	95.0	
1504200538266	314549556155	252.0	-42.0	6.0	95.0	
1504200538278	314569697757	252.0	-42.0	6.0	95.0	
1504200538290	314589839359	252.0	-42.0	5.5858001708984375	95.0	
1504200538299	314609980960	252.0	-42.0	5.0	95.0	
1504200538319	314630122562	252.0	-42.0	5.0	95.0	
1504200538328	314650264163	251.15599060058594	-42.0	5.0	95.0	
1504200538342	314670405765	251.0	-42.0	4.01385498046875	95.0	
1504200538379	314690547366	251.0	-42.0	4.0	95.0	
1504200538396	314710688968	251.0	-42.0	4.0	95.0	
1504200538413	314730830569	251.0	-42.0	4.4159393310546875	95.0	
1504200538431	314750972171	251.0	-42.0	5.0	95.0	
1504200538450	314771113773	251.0	-42.0	5.0	95.0	
1504200538466	314791255374	251.0	-42.0	5.0	95.0	
1504200538485	314811396976	251.0	-42.0	5.0	95.0	
1504200538520	314831538577	252.0	-42.0	5.0	95.0	
1504200538544	314851680179	252.0	-42.0	5.0	95.0	
1504200538561	314871821780	252.0	-42.0	5.0	95.0	
1504200538570	314891963382	252.0	-42.0	5.0	95.0	
1504200538595	314912104984	252.0	-42.0	5.7041473388671875	95.0	
1504200538607	314932246585	252.0	-42.0	6.0	95.0	
1504200538627	314952388187	252.0	-42.9913330078125	6.0	95.0	
1504200538669	314972529788	252.13343811035156	-43.0	6.0	95.0	
1504200538699	314992671390	253.0	-43.0	6.0	95.0	
1504200538731	315012812991	253.0	-43.0	6.0	95.0	
1504200538751	315032954593	253.0	-43.0	6.0	95.0	
1504200538785	315053096194	253.0	-43.0	6.0	95.0	
1504200538823	315073237796	253.0	-43.0	6.849212646484375	95.0	
1504200538861	315093379398	253.0	-43.99305725097656	7.0	95.0	
1504200538919	315113520999	253.1351776123047	-44.0	7.0	95.0	
1504200538942	315133662601	254.0	-44.0	7.0	95.0	
1504200538978	315153804202	254.0	-44.0	7.0	95.0	
1504200538998	315173945804	254.0	-44.0	7.0	95.0	
1504200539028	315194087405	254.0	-44.0	7.0	95.0	
1504200539052	315214229007	254.0	-44.8509521484375	7.0	95.0	
1504200539088	315234370609	254.0	-45.0	7.0	95.0	
1504200539134	315254512210	254.0	-45.0	6.86309814453125	95.0	
1504200539163	315274653812	253.7197265625	-45.0	6.0	95.0	
1504200539198	315294795413	253.0	-45.0	6.0	95.0	
1504200539222	315314937015	253.0	-45.0	5.43328857421875	95.0	
1504200539253	315335078616	252.29066467285156	-44.29066467285156	5.0	95.0	
1504200539277	315355220218	252.0	-44.0	5.0	95.0	
1504200539289	315375361819	252.0	-44.0	5.0	95.0	
1504200539308	315395503421	252.0	-44.0	5.0	95.0	
1504200539326	315415645023	252.0	-44.0	5.0	95.0	
1504200539351	315435786624	252.0	-44.0	5.0	95.0	
1504200539367	315455928226	252.0	-44.0	5.0	95.0	
1504200539397	315476069827	252.0	-44.0	5.0	95.0	
1504200539428	315496211429	252.0	-44.85441589355469	5.0	95.0	
1504200539468	315516353030	252.0	-45.0	4.001739501953125	95.0	
1504200539515	315536494632	252.0	-45.0	4.0	95.0	
1504200539522	315556636234	252.0	-45.0	4.0	95.0	
1504200539535	315576777835	252.0	-45.0	4.0	95.0	
1504200539542	315596919437	252.0	-45.0	4.0	95.0	
1504200539549	315617061038	252.0	-45.0	4.0	95.0	
1504200539554	315637202640	252.0	-45.0	4.0	95.0	
1504200539561	315657344241	252.0	-45.0	4.0	95.0	
1504200539570	315677485843	252.0	-45.0	4.0	95.0	
1504200539578	315697627444	252.0	-45.0	4.0	95.0	
1504200539588	315717769046	251.57093811035156	-45.0	4.0	95.0	
1504200539596	315737910648	251.0	-45.0	4.0	95.0	
1504200539632	315758052249	251.0	-45.0	4.0	95.0	
1504200539643	315778193851	251.0	-45.0	4.0	95.0	
1504200539659	315798335452	251.0	-45.0	4.0	95.0	
1504200539666	315818477054	251.0	-45.0	4.0	95.0	
1504200539674	315838618655	251.0	-45.0	4.0	95.0	
1504200539682	315858760257	251.4307861328125	-45.0	4.0	95.0	
1504200539688	315878901859	251.4263458251953	-44.42634582519531	4.0	95.0	
1504200539696	315899043460	251.0	-44.0	4.0	95.0	
1504200539707	315919185062	251.0	-44.0	4.0	95.0	
1504200539720	315939326663	251.0	-44.0	4.0	95.0	
1504200539729	315959468265	251.0	-44.0	4.0	95.0	
1504200539735	315979609866	251.0	-44.0	4.0	95.0	
1504200539741	315999751468	251.0	-44.0	4.0	95.0	
1504200539746	316019893069	251.0	-44.0	4.0	95.0	
1504200539752	316040034671	251.0	-44.0	4.0	95.0	
1504200539767	316060176273	251.0	-44.0	4.0	95.0	
1504200539782	316080317874	251.0	-44.0	4.0	95.0	
1504200539790	316100459476	251.0	-44.0	4.0	95.0	
1504200539803	316120601077	251.0	-43.70884704589844	4.0	95.0	
1504200539820	316140742679	251.0	-43.0	4.0	95.0	
1504200539837	316160884280	251.0	-43.0	4.0	95.0	
1504200539858	316181025882	251.0	-43.0	4.0	95.0	
1504200539874	316201167484	251.0	-43.0	4.0	95.0	
1504200539912	316221309085	251.0	-43.0	4.0	95.0	
1504200539927	316241450687	251.0	-43.0	4.0	95.0	
1504200539944	316261592288	251.0	-43.0	4.0	95.0	
1504200539961	316281733890	251.0	-42.56402587890625	4.0	95.0	
1504200539979	316301875491	251.0	-42.0	4.0	95.0	
1504200539996	316322017093	251.0	-42.0	4.0	95.0	
1504200540016	316342158694	251.0	-42.0	4.0	95.0	
1504200540050	316362300296	250.0	-41.0	4.0	95.0	
1504200540068	316382441898	250.0	-41.0	4.0	95.0	
1504200540086	316402583499	250.0	-41.0	4.0	95.0	
1504200540109	316422725101	250.0	-41.0	4.0	95.0	
1504200540122	316442866702	250.0	-40.41941833496094	4.0	95.0	
1504200540138	316463008304	250.0	-40.72442626953125	4.72442626953125	95.0	
1504200540156	316483149905	250.0	-41.0	5.0	95.0	
1504200540190	316503291507	250.0	-41.0	5.0	95.0	
1504200540207	316523433109	250.0	-41.0	5.0	95.0	
1504200540225	316543574710	250.0	-41.0	5.0	95.0	
1504200540244	316563716312	250.0	-41.0	5.0	95.0	
1504200540260	316583857913	250.0	-41.0	5.0	95.0	
1504200540279	316603999515	250.0	-41.0	5.0	95.0	
1504200540296	316624141116	250.0	-41.0	5.0	95.0	
1504200540333	316644282718	250.0	-41.0	5.0	95.0	
1504200540349	316664424319	250.0	-41.0	5.0	95.0	
1504200540367	316684565921	250.0	-41.0	5.0	95.0	
1504200540384	316704707523	250.0	-41.0	5.0	95.0	
1504200540402	316724849124	250.0	-41.0	5.0	95.0	
1504200540420	316744990726	250.0	-41.0	5.0	95.0	
1504200540439	316765132327	250.0	-41.0	5.0	95.0	
1504200540474	316785273929	250.0	-41.0	5.0	95.0	
1504200540492	316805415530	250.0	-41.0	5.0	95.0	
1504200540509	316825557132	250.0	-41.0	5.0	95.0	
1504200540526	316845698734	250.0	-41.0	5.0	95.0	
1504200540547	316865840335	250.0	-41.0	5.0	95.0	
1504200540561	316885981937	250.0	-41.0	5.0	95.0	
1504200540578	316906123538	250.0	-41.0	5.0	95.0	
1504200540614	316926265140	250.0	-41.0	5.0	95.0	
1504200540631	316946406741	250.0	-41.0	5.0	95.0	
1504200540649	316966548343	250.0	-41.0	5.0	95.0	
1504200540666	316986689944	250.0	-41.0	5.0	95.0	
1504200540684	317006831546	250.0	-41.0	5.0	95.0	
1504200540702	317026973148	250.0	-41.0	5.0	95.0	
1504200540719	317047114749	250.0	-41.0	5.0	95.0	
1504200540756	317067256351	250.0	-41.0	4.9826812744140625	95.0	
1504200540773	317087397952	250.0	-41.0	4.0	95.0	
1504200540790	317107539554	250.0	-41.0	4.0	95.0	
1504200540808	317127681155	250.0	-41.0	4.0	95.0	
1504200540826	317147822757	250.0	-41.0	4.0	95.0	
1504200540843	317167964359	249.26690673828125	-41.0	4.0	95.0	
1504200540862	317188105960	249.0	-41.0	4.0	95.0	
1504200540896	317208247562	249.0	-41.0	4.0	95.0	
1504200540917	317228389163	249.0	-41.0	4.0	95.0	
1504200540931	317248530765	249.0	-41.0	4.0	95.0	
1504200540949	317268672366	249.0	-41.0	4.0	95.0	
1504200540969	317288813968	249.0	-41.0	4.0	95.0	
1504200540985	317308955569	249.0	-41.0	4.0	95.0	
1504200541003	317329097171	249.0	-41.0	4.0	95.0	
1504200541038	317349238773	249.0	-41.0	4.0	95.0	
1504200541054	317369380374	249.0	-41.0	4.0	95.0	
1504200541072	317389521976	249.0	-41.0	4.0	95.0	
1504200541089	317409663577	249.0	-41.0	4.0	95.0	
1504200541107	317429805179	249.0	-41.0	4.0	95.0	
1504200541126	317449946780	249.0	-41.0	4.0	95.0	
1504200541142	317470088382	249.0	-41.0	4.0	95.0	
1504200541179	317490229984	249.0	-41.0	4.0	95.0	
1504200541195	317510371585	249.0	-40.83363342285156	4.0	95.0	
1504200541213	317530513187	249.0	-40.0	4.0	95.0	
1504200541231	317550654788	249.0	-40.0	4.0	95.0	
1504200541248	317570796390	249.0	-40.0	4.0	95.0	
1504200541266	317590937991	249.0	-40.0	4.0	95.0	
1504200541285	317611079593	249.0	-40.0	4.0	95.0	
1504200541319	317631221194	249.0	-40.0	4.0	95.0	
1504200541338	317651362796	249.0	-40.16810607910156	4.0	95.0	
1504200541355	317671504398	249.0	-41.0	4.0	95.0	
1504200541372	317691645999	249.0	-41.0	4.0	95.0	
1504200541392	317711787601	249.0	-41.0	4.0	95.0	
1504200541407	317731929202	249.0	-41.0	4.0	95.0	
1504200541425	317752070804	249.0	-41.0	4.0	95.0	
1504200541460	317772212405	248.0	-41.0	4.0	95.0	
1504200541477	317792354007	248.0	-41.0	4.0	95.0	
1504200541495	317812495609	248.0	-41.0	4.0	95.0	
1504200541513	317832637210	248.0	-41.0	4.0	95.0	
1504200541530	317852778812	248.0	-41.0	4.0	95.0	
1504200541550	317872920413	248.0	-41.0	4.0	95.0	
1504200541565	317893062015	248.0	-41.0	4.0	95.0	
1504200541602	317913203616	248.0	-41.0	4.0	95.0	
1504200541618	317933345218	248.0	-41.0	4.0	95.0	
1504200541637	317953486819	248.0	-41.0	4.0	95.0	
1504200541654	317973628421	248.0	-41.0	3.5424652099609375	95.0	
1504200541671	317993770023	248.0	-41.0	3.0	95.0	
1504200541689	318013911624	248.0	-41.0	3.0	95.0	
1504200541708	318034053226	248.0	-41.0	3.0	95.0	
1504200541743	318054194827	248.0	-41.0	3.0	95.0	
1504200541761	318074336429	248.0	-41.0	3.0	95.0	
1504200541777	318094478030	248.0	-41.0	3.0	95.0	
1504200541794	318114619632	248.0	-41.0	3.0	95.0	
1504200541815	318134761234	248.0	-41.0	3.0	95.0	
1504200541830	318154902835	248.0	-41.0	3.74566650390625	95.0	
1504200541848	318175044437	248.0	-41.0	4.0	95.0	
1504200541883	318195186038	248.0	-41.0	4.0	95.0	
1504200541901	318215327640	248.0	-41.0	4.0	95.0	
1504200541922	318235469241	248.0	-41.0	4.0	95.0	
1504200541935	318255610843	248.0	-41.0	4.0	95.0	
1504200541953	318275752444	248.0	-41.0	4.0	95.0	
1504200541972	318295894046	248.0	-41.0	4.0	95.0	
1504200541988	318316035648	248.0	-41.0	4.0	95.0	
1504200542025	318336177249	248.0	-41.0	4.0	95.0	
1504200542042	318356318851	248.0	-41.0	4.0	95.0	
1504200542059	318376460452	248.0	-41.0	4.0	95.0	
1504200542076	318396602054	248.0	-41.0	4.0	95.0	
1504200542094	318416743655	248.0	-41.0	4.0	95.0	
1504200542112	318436885257	248.0	-41.0	4.0	95.0	
1504200542133	318457026859	248.0	-41.0	4.0	95.0	
1504200542165	318477168460	248.0	-41.0	4.0	95.0	
1504200542185	318497310062	248.0	-41.0	4.0	95.0	
1504200542200	318517451663	248.0	-41.0	4.0	95.0	
1504200542220	318537593265	248.0	-41.0	4.0	95.0	
1504200542238	318557734866	248.0	-41.0	4.0	95.0	
1504200542253	318577876468	248.0	-41.0	4.0	95.0	
1504200542271	318598018069	248.0	-41.0	4.0	95.0	
1504200542306	318618159671	248.0	-41.0	4.0	95.0	
1504200542324	318638301273	248.0	-41.0	4.0	95.0	
1504200542344	318658442874	248.0	-41.0	4.0	95.0	
1504200542359	318678584476	248.0	-41.0	4.0	95.0	
1504200542376	318698726077	248.61004638671875	-41.0	4.0	95.0	
1504200542396	318718867679	249.0	-41.0	4.0	95.0	
1504200542412	318739009280	249.0	-41.0	4.0	95.0	
1504200542448	318759150882	249.0	-41.0	4.0	95.0	
1504200542464	318779292484	249.0	-41.0	4.0	95.0	
1504200542481	318799434085	249.0	-41.0	4.0	95.0	
1504200542499	318819575687	249.0	-41.0	4.0	95.0	
1504200542517	318839717288	249.0	-41.0	4.0	95.0	
1504200542535	318859858890	249.0	-41.0	4.0	95.0	
1504200542554	318880000491	249.0	-41.0	4.0	95.0	
1504200542588	318900142093	249.0	-41.0	4.0415191650390625	95.0	
1504200542607	318920283694	249.0	-41.0	5.0	95.0	
1504200542626	318940425296	249.0	-41.0	5.0	95.0	
1504200542641	318960566898	249.0	-41.0	5.0	95.0	
1504200542660	318980708499	249.0	-41.0	5.0	95.0	
1504200542681	319000850101	249.0	-41.0	5.0	95.0	
1504200542694	319020991702	249.0	-41.0	5.0	95.0	
1504200542729	319041133304	249.0	-42.0	5.0	95.0	
1504200542746	319061274905	249.0	-42.0	5.0	95.0	
1504200542764	319081416507	249.0	-42.0	5.0	95.0	
1504200542782	319101558109	249.0	-42.0	4.5276947021484375	95.0	
1504200542800	319121699710	249.0	-42.0	4.0	95.0	
1504200542819	319141841312	249.0	-42.0	4.0	95.0	
1504200542835	319161982913	249.0	-42.0	4.0	95.0	
1504200542872	319182124515	249.0	-42.0	4.0	95.0	
1504200542888	319202266116	249.0	-42.0	4.0	95.0	
1504200542905	319222407718	249.0	-42.0	4.0	95.0	
1504200542923	319242549319	249.0	-42.0	4.0	95.0	
1504200542941	319262690921	249.0	-42.0	4.0	95.0	
1504200542958	319282832523	249.0	-42.0	4.0	95.0	
1504200542977	319302974124	249.0	-42.0	4.0	95.0	
1504200543011	319323115726	249.0	-42.0	4.0	95.0	
1504200543030	319343257327	249.0	-42.0	4.0	95.0	
1504200543046	319363398929	249.0	-42.0	4.0	95.0	
1504200543064	319383540530	249.0	-42.0	4.0	95.0	
1504200543083	319403682132	249.0	-42.0	4.0	95.0	
1504200543099	319423823734	249.0	-42.0	4.0	95.0	
1504200543117	319443965335	249.0	-42.0	4.0	95.0	
1504200543152	319464106937	249.0	-42.0	5.0	95.0	
1504200543170	319484248538	249.0	-42.0	5.0	95.0	
1504200543187	319504390140	249.0	-41.66551208496094	5.0	95.0	
1504200543205	319524531741	249.0	-41.0	5.0	95.0	
1504200543222	319544673343	249.0	-41.0	5.0	95.0	
1504200543242	319564814944	249.0	-40.23570251464844	5.0	95.0	
1504200543258	319584956546	249.0	-40.0	5.0	95.0	
1504200543294	319605098148	249.0	-40.0	5.0	95.0	
1504200543311	319625239749	249.0	-40.0	5.0	95.0	
1504200543328	319645381351	249.0	-40.0	5.0	95.0	
1504200543346	319665522952	249.0	-40.0	5.0	95.0	
1504200543364	319685664554	249.0	-40.0	5.0	95.0	
1504200543381	319705806155	249.0	-40.0	5.0	95.0	
1504200543400	319725947757	249.0	-40.0	5.0	95.0	
1504200543434	319746089359	249.0	-40.05198669433594	5.0	95.0	
1504200543453	319766230960	249.0	-41.0	5.0	95.0	
1504200543470	319786372562	249.0	-41.0	5.0	95.0	
1504200543487	319806514163	249.0	-41.0	5.0	95.0	
1504200543506	319826655765	249.0	-41.0	5.0	95.0	
1504200543522	319846797366	249.0	-41.0	5.0	95.0	
1504200543540	319866938968	249.0	-41.0	5.0	95.0	
1504200543575	319887080569	249.0	-41.0	5.0	95.0	
1504200543592	319907222171	249.0	-41.0	5.0	95.0	
1504200543610	319927363773	249.0	-41.0	5.0	95.0	
1504200543627	319947501557	249.0	-41.0	5.0	95.0	
1504200543645	319967643159	249.0	-41.0	5.0	95.0	
1504200543664	319987784760	249.0	-41.0	5.0	95.0	
1504200543680	320007926362	249.0	-41.0	5.0	95.0	
1504200543718	320028067963	249.0	-41.0	5.0	95.0	
1504200543734	320048209565	249.0	-41.0	5.0	95.0	
1504200543752	320068351167	249.0	-41.0	5.0	95.0	
1504200543769	320088492768	249.0	-41.0	5.0	95.0	
1504200543786	320108634370	249.0	-41.0	5.0	95.0	
1504200543804	320128775971	249.0	-41.0	5.0	95.0	
1504200543825	320148917573	249.0	-40.086517333984375	5.0	95.0	
1504200543868	320169059174	249.0	-40.0	5.0	95.0	
1504200543880	320189200776	249.0	-40.20068359375	5.0	95.0	
1504200543892	320209342377	249.0	-41.0	5.0	95.0	
1504200543909	320229483979	249.0	-41.0	5.0	95.0	
1504200543928	320249625581	249.0	-41.0	5.0	95.0	
1504200543945	320269767182	249.0	-41.0	5.0	95.0	
1504200543963	320289908784	249.0	-41.0	5.0	95.0	
1504200543998	320310050385	249.0	-41.0	5.0	95.0	
1504200544015	320330191987	249.0	-40.79759216308594	5.0	95.0	
1504200544034	320350333588	249.0	-40.0	5.0	95.0	
1504200544051	320370475190	249.0	-40.0	5.0	95.0	
1504200544068	320390616792	249.0	-40.63148498535156	5.0	95.0	
1504200544089	320410758393	249.0	-41.0	5.0	95.0	
1504200544104	320430899995	249.0	-41.0	5.0	95.0	
1504200544141	320451041596	249.0	-41.0	5.0	95.0	
1504200544157	320471183198	249.0	-41.0	5.0	95.0	
1504200544174	320491324799	249.0	-41.0	5.0	95.0	
1504200544192	320511466401	249.0	-41.0	5.0	95.0	
1504200544209	320531608002	249.0	-41.0	5.0	95.0	
1504200544227	320551749604	249.0	-41.0	5.0	95.0	
1504200544247	320571891206	249.0	-41.0	5.0	95.0	
1504200544280	320592032807	249.0	-41.0	5.0	95.0	
1504200544299	320612174409	249.0	-41.0	5.0	95.0	
1504200544315	320632316010	249.0	-41.0	5.0	95.0	
1504200544334	320652457612	249.0	-41.0	4.5078125	95.0	
1504200544352	320672599213	249.0	-41.0	4.0	95.0	
1504200544368	320692740815	249.0	-41.0	4.0	95.0	
1504200544386	320712882417	249.0	-41.0	4.0	95.0	
1504200544421	320733024018	249.0	-41.0	4.0	95.0	
1504200544439	320753165620	249.0	-41.20796203613281	4.0	95.0	
1504200544457	320773307221	249.0	-42.0	4.0	95.0	
1504200544474	320793448823	249.0	-42.0	4.0	95.0	
1504200544491	320813590424	249.0	-42.0	4.0	95.0	
1504200544511	320833732026	249.0	-42.0	4.0	95.0	
1504200544526	320853873627	249.0	-42.0	4.0	95.0	
1504200544562	320874015229	249.0	-42.0	4.0	95.0	
1504200544579	320894156831	248.79029846191406	-42.20970153808594	4.0	95.0	
1504200544597	320914298432	248.0	-43.0	3.647064208984375	95.0	
1504200544615	320934440034	248.0	-43.0	3.0	95.0	
1504200544632	320954581635	248.0	-43.0	3.0	95.0	
1504200544650	320974723237	248.0	-43.0	3.0	95.0	
1504200544669	320994864838	248.0	-43.0	3.0	95.0	
1504200544703	321015006440	248.0	-43.0	3.0	95.0	
1504200544723	321035148042	248.0	-43.0	3.0	95.0	
1504200544738	321055289643	248.0	-43.0	3.0	95.0	
1504200544756	321075431245	248.0	-43.0	3.0	95.0	
1504200544775	321095572846	248.0	-43.0	3.0	95.0	
1504200544791	321115714448	248.0	-43.0	3.0	95.0	
1504200544809	321135856049	248.0	-43.0	3.0	95.0	
1504200544844	321155997651	248.0	-43.0	3.0	95.0	
1504200544863	321176139252	248.0	-42.786834716796875	3.0	95.0	
1504200544880	321196280854	248.0	-42.0	3.0	95.0	
1504200544896	321216422456	248.0	-42.0	2.5008697509765625	95.0	
1504200544914	321236564057	248.0	-42.0	2.0	95.0	
1504200544933	321256705659	247.21453857421875	-42.0	2.0	95.0	
1504200544950	321276847260	247.0	-42.0	2.0	95.0	
1504200544986	321296988862	247.0	-41.0	2.0	95.0	
1504200545004	321317130463	247.0	-41.0	2.0	95.0	
1504200545019	321337272065	246.64187622070313	-41.0	2.0	95.0	
1504200545037	321357413667	246.0	-41.0	2.0	95.0	
1504200545055	321377555268	246.0	-41.0	2.0	95.0	
1504200545073	321397696870	246.0	-41.78718566894531	2.0	95.0	
1504200545092	321417838471	245.0693359375	-42.0	2.0	95.0	
1504200545126	321437980073	244.92721557617188	-43.0	2.0	95.0	
1504200545144	321458121674	244.0	-43.0	2.0	95.0	
1504200545161	321478263276	244.0	-43.0	2.3598480224609375	95.0	
1504200545179	321498404877	243.49740600585938	-43.502593994140625	3.0	95.0	
1504200545199	321518546479	243.0	-44.0	3.0	95.0	
1504200545214	321538688081	243.0	-44.0	3.0	95.0	
1504200545232	321558829682	243.0	-44.0	3.0	95.0	
1504200545267	321578971284	242.0	-44.0	3.0	95.0	
1504200545285	321599112885	242.0	-44.0	3.0	95.0	
1504200545302	321619254487	242.0	-44.0	3.0	95.0	
1504200545319	321639396088	242.0	-43.49568176269531	3.5043182373046875	95.0	
1504200545338	321659537690	242.0	-43.0	4.0	95.0	
1504200545357	321679679292	242.0	-43.7906494140625	4.0	95.0	
1504200545373	321699820893	242.0	-44.0	4.0	95.0	
1504200545409	321719962495	243.0	-44.0	4.0	95.0	
1504200545425	321740104096	243.0	-44.0	4.0	95.0	
1504200545443	321760245698	243.0	-44.0	4.0	95.0	
1504200545460	321780387299	243.0	-44.0	4.0	95.0	
1504200545478	321800528901	243.0	-44.0	4.0	95.0	
1504200545495	321820670502	243.0	-44.0	4.0	95.0	
1504200545515	321840812104	242.0641326904297	-44.0	4.0	95.0	
1504200545549	321860953706	242.0	-44.0	4.0	95.0	
1504200545569	321881095307	242.0	-44.221832275390625	4.0	95.0	
1504200545585	321901236909	242.0	-45.0	4.0	95.0	
1504200545602	321921378510	242.0	-45.0	4.0	95.0	
1504200545621	321941520112	242.0	-45.0	4.0	95.0	
1504200545637	321961661713	242.0	-45.0	4.0	95.0	
1504200545655	321981803315	242.0	-45.0	4.0	95.0	
1504200545691	322001944917	242.0	-45.0	3.925872802734375	95.0	
1504200545708	322022086518	242.0	-45.0	3.0	95.0	
1504200545725	322042228120	242.0	-45.0	3.0	95.0	
1504200545743	322062369721	242.0	-45.0	3.0	95.0	
1504200545760	322082511323	242.0	-45.622406005859375	3.0	95.0	
1504200545778	322102652924	242.0	-46.0	3.0	95.0	
1504200545795	322122794526	242.0	-46.0	3.0	95.0	
1504200545831	322142936127	242.0	-46.0	3.0	95.0	
1504200545849	322163077729	242.0	-46.0	3.0	95.0	
1504200545867	322183219331	242.0	-46.0	3.0	95.0	
1504200545884	322203360932	242.0	-46.0	3.0	95.0	
1504200545901	322223502534	242.0	-45.41996765136719	3.0	95.0	
1504200545919	322243644135	242.0	-45.0	3.0	95.0	
1504200545939	322263785737	242.0	-45.0	3.0	95.0	
1504200545954	322283927338	242.0	-45.0	3.0	95.0	
1504200545991	322304068940	242.0	-45.0	3.0	95.0	
1504200546008	322324210542	242.0	-45.0	3.0	95.0	
1504200546025	322344352143	242.0	-45.0	3.0	95.0	
1504200546044	322364493745	242.0	-45.0	3.0	95.0	
1504200546064	322384635346	242.0	-45.0	3.0	95.0	
1504200546078	322404776948	242.0	-45.0	3.0	95.0	
1504200546097	322424918549	242.0	-45.0	3.0	95.0	
1504200546131	322445060151	242.0	-46.0	3.0	95.0	
1504200546148	322465201752	242.0	-46.0	3.0	95.0	
1504200546166	322485343354	242.0	-46.0	3.0	95.0	
1504200546183	322505484956	242.0	-46.0	3.0	95.0	
1504200546202	322525626557	242.0	-46.0	3.0	95.0	
1504200546219	322545768159	242.0	-45.231048583984375	3.0	95.0	
1504200546236	322565909760	242.0	-45.0	3.0	95.0	
1504200546271	322586051362	242.0	-45.0	3.0	95.0	
1504200546289	322606192963	242.0	-45.0	3.0	95.0	
1504200546308	322626334565	242.0	-45.0	3.0	95.0	
1504200546325	322646476167	242.0	-45.0	3.0	95.0	
1504200546342	322666617768	242.0	-45.0	3.0	95.0	
1504200546361	322686759370	242.0	-45.0	3.0	95.0	
1504200546378	322706900971	242.0	-45.0	3.0	95.0	
1504200546395	322727042573	242.0	-45.0	3.0	95.0	
1504200546431	322747184174	242.0	-45.0	3.0	95.0	
1504200546448	322767325776	241.72634887695313	-45.0	3.0	95.0	
1504200546466	322787467377	241.0	-45.0	3.0	95.0	
1504200546483	322807608979	241.0	-45.0	3.0	95.0	
1504200546500	322827750581	241.0	-45.684478759765625	3.0	95.0	
1504200546519	322847892182	241.0	-46.0	3.0	95.0	
1504200546536	322868033784	241.0	-46.0	3.0	95.0	
1504200546571	322888175385	241.0	-46.0	3.0	95.0	
1504200546589	322908316987	241.0	-46.0	3.0	95.0	
1504200546606	322928458588	241.0	-46.0	3.0	95.0	
1504200546625	322948600190	241.0	-46.0	3.0	95.0	
1504200546641	322968741792	241.0	-46.0	3.0	95.0	
1504200546659	322988883393	241.0	-46.0	3.0	95.0	
1504200546678	323009024995	241.0	-46.0	3.0	95.0	
1504200546712	323029166596	241.0	-46.0	3.0	95.0	
1504200546729	323049308198	241.0	-46.0	3.0	95.0	
1504200546747	323069449799	241.0	-46.0	3.0	95.0	
1504200546765	323089591401	241.0	-46.0	3.0	95.0	
1504200546784	323109733002	241.0	-46.0	3.0	95.0	
1504200546800	323129874604	241.0	-46.0	3.0	95.0	
1504200546818	323150016206	241.0	-46.0	3.0	95.0	
1504200546853	323170157807	241.0	-46.0	3.0	95.0	
1504200546871	323190299409	241.0	-46.0	3.0	95.0	
1504200546890	323210441010	241.0	-46.0	3.0	95.0	
1504200546906	323230582612	241.0	-46.0	3.0	95.0	
1504200546924	323250724213	241.0	-46.0	3.0	95.0	
1504200546943	323270865815	241.0	-46.0	3.0	95.0	
1504200546959	323291007417	241.0	-45.168975830078125	3.0	95.0	
1504200546977	323311149018	241.0	-45.0	3.0	95.0	
1504200547012	323331290620	241.0	-45.0	3.0	95.0	
1504200547030	323351432221	241.0	-45.0	3.0	95.0	
1504200547050	323371573823	241.0	-45.0	3.0	95.0	
1504200547065	323391715424	241.0	-45.0	3.0	95.0	
1504200547082	323411857026	241.0	-45.0	3.0	95.0	
1504200547102	323431998627	241.0	-45.0	3.0	95.0	
1504200547118	323452140229	241.0	-45.0	3.0	95.0	
1504200547153	323472281831	241.0	-45.0	3.0	95.0	
1504200547171	323492423432	241.0	-45.0	3.0	95.0	
1504200547189	323512565034	241.0	-45.0	3.0	95.0	
1504200547207	323532706635	241.0	-45.0	3.0	95.0	
1504200547223	323552848237	241.0	-45.0	3.0	95.0	
1504200547241	323572989838	241.0	-45.0	3.0	95.0	
1504200547260	323593131440	241.0	-45.0	3.0	95.0	
1504200547294	323613273042	241.0	-45.0	3.0	95.0	
1504200547313	323633414643	241.0	-45.0	3.0	95.0	
1504200547329	323653556245	241.0	-45.0	3.0	95.0	
1504200547350	323673697846	241.0	-45.0	3.0	95.0	
1504200547366	323693839448	241.0	-45.567230224609375	3.0	95.0	
1504200547382	323713981049	241.0	-46.0	3.0	95.0	
1504200547399	323734122651	241.0	-46.0	3.0	95.0	
1504200547417	323754264252	241.0	-46.0	3.0	95.0	
1504200547452	323774405854	241.0	-46.0	3.0	95.0	
1504200547471	323794547456	241.0	-46.0	3.0	95.0	
1504200547487	323814689057	241.0	-46.0	3.0	95.0	
1504200547505	323834830659	241.0	-46.0	3.0	95.0	
1504200547524	323854972260	241.0	-46.0	3.0	95.0	
1504200547540	323875113862	241.0	-46.0	3.0	95.0	
1504200547559	323895255463	241.0	-46.0	3.0	95.0	
1504200547594	323915397065	241.0	-46.0	3.0	95.0	
1504200547612	323935538667	241.0	-46.0	3.0	95.0	
1504200547631	323955680268	241.0	-46.0	3.0	95.0	
1504200547647	323975821870	241.0	-46.0	3.0	95.0	
1504200547664	323995963471	241.0	-46.0	3.0	95.0	
1504200547684	324016105073	241.0	-46.0	3.0	95.0	
1504200547700	324036246674	241.0	-46.0	3.0	95.0	
1504200547740	324056388276	241.0	-46.0	3.0	95.0	
1504200547752	324076529877	241.0	-46.0	3.0	95.0	
1504200547770	324096671479	241.0	-46.0	3.0	95.0	
1504200547789	324116813081	241.0	-46.0	3.0	95.0	
1504200547805	324136954682	240.375	-46.0	3.0	95.0	
1504200547823	324157096284	240.0	-46.0	3.0	95.0	
1504200547841	324177237885	240.0	-46.0	3.0	95.0	
1504200547876	324197379487	240.0	-46.0	3.0	95.0	
1504200547895	324217521088	240.0	-46.0	3.0	95.0	
1504200547911	324237662690	240.0	-46.0	3.0	95.0	
1504200547928	324257804292	240.0	-46.0	3.0	95.0	
1504200547948	324277945893	240.0	-46.0	3.0	95.0	
1504200547964	324298087495	240.0	-46.0	3.0	95.0	
1504200547999	324318229096	240.0	-46.0	3.0	95.0	
1504200548017	324338370698	240.0	-46.0	3.0	95.0	
1504200548035	324358512299	240.0	-46.0	3.0	95.0	
1504200548054	324378653901	240.0	-46.0	3.0	95.0	
1504200548070	324398795502	240.0	-46.0	3.0	95.0	
1504200548087	324418937104	240.0	-46.0	3.0	95.0	
1504200548122	324439078706	240.0	-46.0	3.0	95.0	
1504200548140	324459220307	240.0	-46.0	3.0	95.0	
1504200548159	324479361909	240.0	-46.0	3.0	95.0	
1504200548175	324499503510	240.0	-46.0	3.0	95.0	
1504200548193	324519645112	240.0	-46.0	3.0	95.0	
1504200548212	324539786713	240.0	-46.0	3.0	95.0	
1504200548246	324559928315	240.0	-46.0	3.0	95.0	
1504200548263	324580069917	240.0	-46.0	3.0	95.0	
1504200548280	324600211518	240.0	-46.0	3.0	95.0	
1504200548298	324620353120	240.0	-46.0	3.0	95.0	
1504200548317	324640494721	240.0	-46.0	3.0	95.0	
1504200548334	324660636323	240.0	-46.0	3.0	95.0	
1504200548370	324680777924	240.0	-46.0	3.0	95.0	
1504200548387	324700919526	240.0	-46.0	3.0	95.0	
1504200548404	324721061127	240.0	-46.0	3.0	95.0	
1504200548422	324741202729	240.0	-46.0	3.0	95.0	
1504200548443	324761344331	240.0	-46.0	3.0	95.0	
1504200548457	324781485932	240.0	-46.0	3.0	95.0	
1504200548477	324801627534	240.0	-46.0	3.0	95.0	
1504200548493	324821769135	240.0	-46.0	3.0	95.0	
1504200548513	324841910737	240.0	-46.0	3.0	95.0	
1504200548544	324862052338	240.0	-46.0	3.0	95.0	
1504200548563	324882193940	240.0	-46.0	3.0	95.0	
1504200548582	324902335542	240.0	-46.0	3.0	95.0	
1504200548599	324922477143	240.0	-46.0	3.0	95.0	
1504200548615	324942618745	240.0	-45.63037109375	3.0	95.0	
1504200548634	324962760346	240.0	-45.0	3.0	95.0	
1504200548650	324982901948	240.0	-45.0	3.0	95.0	
1504200548668	325003043549	240.0	-45.0	3.0	95.0	
1504200548686	325023185151	240.0	-45.0	3.0	95.0	
1504200548721	325043326752	240.0	-45.09297180175781	3.0	95.0	
1504200548740	325063468354	240.0	-46.0	3.0	95.0	
1504200548756	325083609956	240.0	-46.0	3.0	95.0	
1504200548775	325103751557	240.0	-46.0	3.0	95.0	
1504200548793	325123893159	240.0	-46.0	3.0	95.0	
1504200548809	325144034760	240.0	-46.0	3.0	95.0	
1504200548845	325164176362	240.0	-46.0	3.0	95.0	
1504200548862	325184317963	240.0	-46.0	3.0	95.0	
1504200548880	325204459565	240.0	-46.0	3.0	95.0	
1504200548901	325224601167	240.0	-46.0	3.0	95.0	
1504200548915	325244742768	240.0	-46.0	3.0	95.0	
1504200548933	325264884370	240.0	-46.0	3.0	95.0	
1504200548952	325285025971	240.0	-46.0	3.0	95.0	
1504200548987	325305167573	240.0	-46.0	3.0	95.0	
1504200549005	325325309174	240.0	-46.0	3.0	95.0	
1504200549023	325345450776	240.0	-46.0	3.0	95.0	
1504200549040	325365592377	240.0	-46.0	3.0	95.0	
1504200549059	325385733979	240.0	-46.0	3.0	95.0	
1504200549073	325405875581	240.0	-46.0	3.0	95.0	
1504200549109	325426017182	240.0	-46.0	3.0	95.0	
1504200549127	325446158784	240.0	-46.0	3.0	95.0	
1504200549144	325466300385	240.0	-46.0	3.0	95.0	
1504200549163	325486441987	240.0	-46.0	3.0	95.0	
1504200549179	325506583588	240.0	-46.0	3.0	95.0	
1504200549198	325526725190	240.0	-46.0	3.0	95.0	
1504200549236	325546866792	240.0	-46.0	3.0	95.0	
1504200549250	325567008393	240.0	-46.0	3.0	95.0	
1504200549267	325587149995	240.35614013671875	-46.0	3.0	95.0	
1504200549285	325607291596	241.0	-46.0	3.0	95.0	
1504200549302	325627433198	240.3280792236328	-46.0	3.0	95.0	
1504200549321	325647574799	240.0	-46.0	3.0	95.0	
1504200549339	325667716401	240.0	-46.0	3.0	95.0	
1504200549375	325687858002	240.0	-46.0	3.0	95.0	
1504200549391	325707999604	240.0	-46.0	3.0	95.0	
1504200549408	325728141206	240.0	-46.0	3.0	95.0	
1504200549428	325748282807	240.0	-46.0	3.0	95.0	
1504200549443	325768424409	240.0	-46.0	3.0	95.0	
1504200549461	325788566010	240.0	-46.0	3.0	95.0	
1504200549497	325808707612	240.0	-46.0	3.0	95.0	
1504200549515	325828849213	240.0	-46.0	3.0	95.0	
1504200549532	325848990815	240.0	-46.0	3.0	95.0	
1504200549550	325869132417	240.0	-46.0	3.0	95.0	
1504200549568	325889274018	240.0	-46.0	3.0	95.0	
1504200549586	325909415620	240.0	-46.0	3.0	95.0	
1504200549602	325929557221	240.0	-46.0	3.0	95.0	
1504200549639	325949698823	240.0	-46.0	3.0	95.0	
1504200549655	325969840424	240.0	-46.0	3.0	95.0	
1504200549673	325989982026	240.0	-46.0	3.0	95.0	
1504200549691	326010123627	240.0	-46.0	3.0	95.0	
1504200549709	326030265229	240.0	-46.0	3.0	95.0	
1504200549726	326050406831	240.0	-46.0	3.0	95.0	
1504200549745	326070548432	240.0	-46.0	3.0	95.0	
1504200549779	326090690034	240.0	-46.0	3.0	95.0	
1504200549798	326110831635	240.0	-46.0	3.0	95.0	
1504200549814	326130973237	240.0	-46.0	3.0	95.0	
1504200549832	326151114838	240.0	-46.0	3.0	95.0	
1504200549851	326171256440	240.0	-46.0	3.0	95.0	
1504200549869	326191398042	240.0	-46.0	3.0	95.0	
1504200549885	326211539643	240.0	-46.0	3.0	95.0	
1504200549920	326231681245	240.0	-46.0	3.0	95.0	
1504200549937	326251822846	240.0	-46.0	3.0	95.0	
1504200549954	326271964448	240.29014587402344	-46.0	3.0	95.0	
1504200549974	326292106049	241.0	-46.0	3.0	95.0	
1504200549991	326312247651	241.0	-46.0	3.0	95.0	
1504200550009	326332389252	241.0	-46.0	3.0	95.0	
1504200550025	326352530854	241.0	-46.0	3.0	95.0	
1504200550043	326372672456	241.0	-46.0	3.0	95.0	
1504200550079	326392814057	241.0	-46.0	3.0	95.0	
1504200550097	326412955659	241.0	-46.0	3.0	95.0	
1504200550114	326433097260	241.0	-46.0	3.0	95.0	
1504200550131	326453238862	241.0	-46.0	3.0	95.0	
1504200550149	326473380463	241.0	-46.0	3.0	95.0	
1504200550168	326493522065	241.0	-46.0	3.0	95.0	
1504200550184	326513663667	241.0	-46.0	3.0	95.0	
1504200550221	326533805268	241.0	-46.0	3.11053466796875	95.0	
1504200550238	326553946870	241.0	-46.0	4.0	95.0	
1504200550255	326574088471	241.0	-46.0	4.0	95.0	
1504200550275	326594230073	241.0	-46.0	4.0	95.0	
1504200550290	326614371674	241.0	-46.0	4.0	95.0	
1504200550308	326634513276	241.0	-46.0	4.0	95.0	
1504200550327	326654654877	241.0	-46.0	4.0	95.0	
1504200550360	326674796479	241.0	-46.0	4.0	95.0	
1504200550378	326694938081	241.0	-46.0	4.0	95.0	
1504200550396	326715079682	241.0	-46.0	4.0	95.0	
1504200550413	326735221284	241.0	-45.48878479003906	4.0	95.0	
1504200550433	326755362885	241.0	-45.0	4.0	95.0	
1504200550449	326775504487	241.0	-45.0	4.0	95.0	
1504200550467	326795646088	241.0	-45.0	4.0	95.0	
1504200550502	326815787690	241.0	-45.0	4.0	95.0	
1504200550519	326835929292	241.0	-45.0	4.0	95.0	
1504200550537	326856070893	241.0	-45.0	4.0	95.0	
1504200550554	326876212495	241.0	-45.0	4.0	95.0	
1504200550572	326896354096	241.0	-45.0	4.0	95.0	
1504200550591	326916495698	241.0	-45.77201843261719	4.0	95.0	
1504200550608	326936637299	241.0	-46.0	4.0	95.0	
1504200550645	326956778901	241.0	-45.94819641113281	4.0	95.0	
1504200550660	326976920502	241.0	-45.0	4.0	95.0	
1504200550678	326997062104	241.0	-45.0	4.0	95.0	
1504200550698	327017203706	241.0	-45.0	4.0	95.0	
1504200550713	327037345307	240.38861083984375	-45.0	4.0	95.0	
1504200550731	327057486909	240.0	-45.0	4.0	95.0	
1504200550750	327077628510	240.0	-45.0	4.0	95.0	
1504200550784	327097770112	240.0	-45.0	4.0	95.0	
1504200550801	327117911713	240.0	-45.0	4.0	95.0	
1504200550819	327138053315	240.0	-45.0	4.0	95.0	
1504200550837	327158194917	240.0	-45.0	4.0	95.0	
1504200550856	327178336518	240.0	-44.40760803222656	4.0	95.0	
1504200550872	327198478120	240.73228454589844	-44.0	4.0	95.0	
1504200550889	327218619721	241.0	-44.0	4.0	95.0	
1504200550925	327238761323	241.0	-44.0	3.0	95.0	
1504200550942	327258902924	241.1519775390625	-43.8480224609375	3.0	95.0	
1504200550959	327279044526	242.0	-43.0	2.7081298828125	95.0	
1504200550978	327299186127	242.43177795410156	-43.0	2.0	95.0	
1504200550995	327319327729	243.0	-43.0	1.427337646484375	95.0	
1504200551015	327339469331	243.71328735351563	-43.0	1.0	95.0	
1504200551030	327359610932	244.0	-43.0	1.0	95.0	
1504200551048	327379752534	244.9930877685547	-43.0	1.0	95.0	
1504200551083	327399894135	245.1329803466797	-43.13298034667969	0.0	95.0	
1504200551101	327420035737	246.0	-44.0	0.2728729248046875	95.0	
1504200551120	327440177338	246.0	-44.0	1.0	95.0	
1504200551136	327460318940	246.55267333984375	-44.55267333984375	1.0	95.0	
1504200551156	327480460542	247.0	-45.0	1.0	95.0	
1504200551172	327500602143	247.0	-45.0	1.83245849609375	95.0	
1504200551189	327520743745	247.0	-45.0	2.0	95.0	
1504200551224	327540885346	247.0	-46.0	2.0	95.0	
1504200551242	327561026948	247.0	-46.0	1.747406005859375	95.0	
1504200551259	327581168549	247.0	-46.393768310546875	1.0	95.0	
1504200551278	327601310151	247.0	-47.0	1.0	95.0	
1504200551295	327621451752	247.67356872558594	-47.67356872558594	1.0	95.0	
1504200551312	327641593354	248.0	-48.0	1.0	95.0	
1504200551332	327661734956	248.0	-48.95335388183594	1.0	95.0	
1504200551365	327681876557	248.0	-49.09326171875	1.0	95.0	
1504200551383	327702018159	248.0	-50.0	1.0	95.0	
1504200551401	327722159760	248.0	-49.626953125	1.0	95.0	
1504200551418	327742301362	248.0	-49.0	1.0	95.0	
1504200551437	327762442963	247.34715270996094	-49.0	1.0	95.0	
1504200551453	327782584565	247.0	-48.20726013183594	1.0	95.0	
1504200551471	327802726167	247.0	-48.0	1.0	95.0	
1504200551506	327822867768	247.0	-47.0	1.0	95.0	
1504200551524	327843009370	247.0	-47.0	1.0	95.0	
1504200551543	327863150971	247.0	-47.0	1.0	95.0	
1504200551559	327883292573	247.0	-47.0	1.0	95.0	
1504200551577	327903434174	247.0	-47.0	1.0	95.0	
1504200551596	327923575776	247.0	-47.0	1.0	95.0	
1504200551612	327943717377	247.0	-47.91363525390625	1.91363525390625	95.0	
1504200551647	327963858979	247.0	-48.0	2.0	95.0	
1504200551665	327984000581	247.0	-48.0	2.0	95.0	
1504200551682	328004142182	247.3333282470703	-48.0	2.0	95.0	
1504200551702	328024283784	248.0	-48.0	2.0	95.0	
1504200551717	328044425385	247.3858184814453	-48.0	2.0	95.0	
1504200551735	328064566987	247.0	-48.0	2.0	95.0	
1504200551754	328084708588	247.89463806152344	-48.0	2.0	95.0	
1504200551789	328104850190	248.0	-48.0	2.0	95.0	
1504200551807	328124991792	248.0	-48.0	2.0	95.0	
1504200551823	328145133393	248.0	-48.0	2.0	95.0	
1504200551841	328165274995	248.0	-48.0	2.0	95.0	
1504200551859	328185416596	248.0	-48.0	2.0	95.0	
1504200551876	328205558198	248.0	-48.0	2.0	95.0	
1504200551894	328225699799	248.0	-48.0	2.0	95.0	
1504200551929	328245841401	248.0	-48.0	2.0	95.0	
1504200551947	328265983002	248.0	-48.0	2.0	95.0	
1504200551966	328286124604	248.0	-48.0	2.0	95.0	
1504200551982	328306266206	248.0	-48.0	2.0	95.0	
1504200552000	328326407807	248.0	-48.0	2.0	95.0	
1504200552018	328346549409	248.0	-48.0	2.0	95.0	
1504200552035	328366691010	248.0	-48.0	2.0	95.0	
1504200552053	328386832612	248.0	-48.0	2.0	95.0	
1504200552088	328406974213	248.0	-48.0	2.0	95.0	
1504200552105	328427115815	248.0	-48.0	2.0	95.0	
1504200552124	328447257417	248.0	-48.41450500488281	2.0	95.0	
1504200552141	328467399018	248.0	-49.0	2.0	95.0	
1504200552158	328487540620	248.0	-49.0	2.0	95.0	
1504200552177	328507682221	248.0	-49.0	2.0	95.0	
1504200552193	328527823823	248.0	-49.0	2.0	95.0	
1504200552229	328547965424	248.0	-49.0	2.0	95.0	
1504200552246	328568107026	248.0	-49.0	2.0	95.0	
1504200552267	328588248627	248.0	-48.6044921875	2.0	95.0	
1504200552288	328608390229	248.0	-48.0	2.0	95.0	
1504200552299	328628531831	248.0	-48.0	2.0	95.0	
1504200552316	328648673432	248.0	-48.0	2.0	95.0	
1504200552339	328668815034	248.0	-48.0	2.0	95.0	
1504200552382	328688956635	247.0	-48.0	2.0	95.0	
1504200552399	328709098237	247.0	-48.0	2.0	95.0	
1504200552410	328729239838	247.0	-48.0	2.0	95.0	
1504200552423	328749381440	247.51556396484375	-48.0	2.0	95.0	
1504200552445	328769523042	248.0	-48.0	2.0	95.0	
1504200552460	328789664643	248.0	-48.0	2.0	95.0	
1504200552484	328809806245	248.0	-48.0	2.0	95.0	
1504200552555	328829947846	247.0	-48.0	2.0	95.0	
1504200552581	328850089448	247.0	-48.0	2.0	95.0	
1504200552592	328870231049	247.0	-48.0	2.0	95.0	
1504200552607	328890372651	247.0	-48.0	2.0	95.0	
1504200552614	328910514252	247.0	-48.0	2.0	95.0	
1504200552629	328930655854	247.0	-47.22453308105469	2.0	95.0	
1504200552639	328950797456	247.0	-47.0	2.0	95.0	
1504200552665	328970939057	247.0	-47.0	2.0	95.0	
1504200552677	328991080659	247.0	-47.0	2.0	95.0	
1504200552697	329011222260	247.0	-47.0	2.0	95.0	
1504200552715	329031363862	247.0	-47.0	2.0	95.0	
1504200552727	329051505463	247.0	-47.0	2.0	95.0	
1504200552741	329071647065	247.0	-47.0	2.0	95.0	
1504200552763	329091788667	247.0	-47.0	2.0	95.0	
1504200552794	329111930268	247.0	-47.0	2.0	95.0	
1504200552818	329132071870	247.0	-47.0	2.0	95.0	
1504200552830	329152213471	247.0	-47.0	2.0	95.0	
1504200552847	329172355073	247.0	-47.0	2.0	95.0	
1504200552868	329192496674	247.0	-47.0	2.0	95.0	
1504200552885	329212638276	247.0	-47.0	2.0	95.0	
1504200552902	329232779877	247.0	-46.12284851074219	2.0	95.0	
1504200552935	329252921479	247.0	-46.0	2.0	95.0	
1504200552956	329273063081	247.0	-46.15716552734375	2.0	95.0	
1504200552975	329293204682	247.0	-47.0	2.0	95.0	
1504200552996	329313346284	247.0	-47.0	2.0	95.0	
1504200553009	329333487885	247.0	-47.0	2.0	95.0	
1504200553034	329353629487	247.0	-47.0	2.0	95.0	
1504200553054	329373771088	247.0	-47.0	2.0	95.0	
1504200553077	329393912690	247.0	-47.0	2.0	95.0	
1504200553108	329414054292	247.0	-46.86357116699219	2.0	95.0	
1504200553119	329434195893	247.0	-46.0	2.0	95.0	
1504200553132	329454337495	247.0	-46.0	2.0	95.0	
1504200553145	329474479096	247.0	-46.0	2.0	95.0	
1504200553163	329494620698	247.0	-46.0	2.0	95.0	
1504200553182	329514762299	247.0	-46.0	2.0	95.0	
1504200553198	329534903901	247.0	-46.0	2.0	95.0	
1504200553236	329555045502	247.0	-46.0	2.0	95.0	
1504200553251	329575187104	247.0	-46.0	2.0	95.0	
1504200553269	329595328706	246.60276794433594	-46.0	2.0	95.0	
1504200553299	329615470307	246.0	-45.46287536621094	2.0	95.0	
1504200553316	329635611909	246.0	-45.0	2.0	95.0	
1504200553339	329655753510	246.0	-45.0	2.0	95.0	
1504200553359	329675895112	246.0	-45.0	2.0	95.0	
1504200553394	329696036713	246.0968780517578	-45.0	2.0	95.0	
1504200553417	329716178315	247.0	-45.0	2.0	95.0	
1504200553456	329736319917	247.0	-45.0	2.0	95.0	
1504200553472	329756461518	247.0	-45.0	2.0	95.0	
1504200553502	329776603120	247.0	-45.0	2.0	95.0	
1504200553522	329796744721	247.0	-45.0	2.0	95.0	
1504200553548	329816886323	247.0	-45.0	2.0	95.0	
1504200553596	329837027924	247.0	-45.0	2.0	95.0	
1504200553626	329857169526	247.0	-45.0	2.0	95.0	
1504200553654	329877311127	247.0	-45.35749816894531	2.0	95.0	
1504200553693	329897452729	247.0	-46.0	2.0	95.0	
1504200553715	329917594331	247.0	-46.0	2.0	95.0	
1504200553744	329937735932	247.0	-46.0	2.0	95.0	
1504200553757	329957885495	247.0	-46.0	2.0	95.0	
1504200553777	329978027096	247.0	-46.0	2.0	95.0	
1504200553788	329998168698	247.0	-46.0	2.0	95.0	
1504200553799	330018310299	247.0	-46.0	2.0	95.0	
1504200553813	330038451901	247.0	-46.0	2.0	95.0	
1504200553821	330058593503	247.0	-46.0	1.3816986083984375	95.0	
1504200553859	330078735104	247.0	-46.0	1.0	95.0	
1504200553883	330098876706	247.0	-46.0	1.0	95.0	
1504200553924	330119018307	247.0	-46.0	1.0	95.0	
1504200553949	330139159909	247.0	-46.0	1.0	95.0	
1504200553977	330159301510	247.0	-46.0	1.0	95.0	
1504200553998	330179443112	247.0	-46.0	1.0	95.0	
1504200554010	330199584713	247.0	-46.0	1.0	95.0	
1504200554030	330219726315	247.0	-46.0	1.0	95.0	
1504200554042	330239867917	247.0	-46.0	1.0	95.0	
1504200554067	330260009518	247.0	-46.02256774902344	1.0	95.0	
1504200554076	330280151120	247.0	-47.0	1.0	95.0	
1504200554085	330300292721	247.0	-47.0	1.0	95.0	
1504200554090	330320434323	247.0	-47.0	1.0	95.0	
1504200554098	330340575924	247.0	-47.0	1.0	95.0	
1504200554108	330360717526	247.0	-47.0	1.0	95.0	
1504200554122	330380859128	247.0	-47.0	1.0	95.0	
1504200554130	330401000729	247.0	-47.0	1.0	95.0	
1504200554141	330421142331	247.0	-47.0	1.0	95.0	
1504200554146	330441283932	247.0	-47.0	1.0	95.0	
1504200554157	330461425534	247.0	-47.0	1.0	95.0	
1504200554166	330481567135	247.0	-47.0	1.0	95.0	
1504200554184	330501708737	247.0	-47.0	1.0	95.0	
1504200554203	330521850338	247.0	-47.0	1.0	95.0	
1504200554219	330541991940	247.0	-47.0	1.0	95.0	
1504200554239	330562133542	247.0	-47.0	1.0	95.0	
1504200554256	330582275143	247.0	-47.0	1.0	95.0	
1504200554295	330602416745	247.0	-47.0	1.0	95.0	
1504200554309	330622558346	247.0	-47.0	1.0	95.0	
1504200554326	330642699948	247.0	-47.0	1.0	95.0	
1504200554344	330662841549	247.0	-46.525054931640625	1.0	95.0	
1504200554361	330682983151	247.0	-46.0	1.0	95.0	
1504200554378	330703124753	247.0	-46.0	1.0	95.0	
1504200554398	330723266354	247.0	-46.0	1.0	95.0	
1504200554432	330743407956	247.0	-47.0	1.0	95.0	
1504200554457	330763549557	247.0	-47.0	1.0	95.0	
1504200554467	330783691159	247.0	-47.0	1.0	95.0	
1504200554484	330803832760	247.0	-47.0	1.0	95.0	
1504200554506	330823974362	247.0	-47.0	1.0	95.0	
1504200554521	330844115963	247.0	-47.0	1.0	95.0	
1504200554537	330864257565	247.0	-47.0	1.0	95.0	
1504200554572	330884399167	247.0	-46.998291015625	1.0	95.0	
1504200554591	330904540768	247.0	-46.0	1.0	95.0	
1504200554608	330924682370	247.0	-46.0	1.0	95.0	
1504200554626	330944823971	247.0	-46.0	1.0	95.0	
1504200554644	330964965573	247.0	-46.0	1.0	95.0	
1504200554665	330985107174	247.0	-46.0	1.0	95.0	
1504200554679	331005248776	247.0	-46.0	1.0	95.0	
1504200554696	331025390378	247.0	-46.0	1.0	95.0	
1504200554731	331045531979	247.0	-46.0	1.0	95.0	
1504200554749	331065673581	247.0	-46.0	1.0	95.0	
1504200554766	331085815182	247.0	-46.0	1.0	95.0	
1504200554784	331105956784	247.0	-46.0	1.0	95.0	
1504200554802	331126098385	247.0	-46.0	1.0	95.0	
1504200554821	331146239987	247.0	-46.0	1.8051605224609375	95.0	
1504200554837	331166381588	247.0	-46.0	2.0	95.0	
1504200554877	331186523190	247.0	-46.0	2.0	95.0	
1504200554890	331206664792	247.0	-46.0	2.0	95.0	
1504200554910	331226806393	247.0	-46.0	2.0	95.0	
1504200554927	331246947995	247.0	-46.0	2.0	95.0	
1504200554943	331267089596	247.0	-46.0	2.0	95.0	
1504200554960	331287231198	247.0	-46.0	2.0	95.0	
1504200554979	331307372799	247.0	-46.0	2.0	95.0	
1504200555013	331327514401	247.0	-46.0	2.0	95.0	
1504200555031	331347656003	247.0	-46.0	2.0	95.0	
1504200555048	331367797604	247.0	-46.0	2.0	95.0	
1504200555066	331387939206	247.0	-46.0	2.0	95.0	
1504200555085	331408080807	247.0	-46.0	2.0	95.0	
1504200555102	331428222409	247.0	-46.0	2.0	95.0	
1504200555120	331448364010	247.0	-46.0	2.0	95.0	
1504200555155	331468505612	247.0	-46.0	2.0	95.0	
1504200555176	331488647213	247.0	-46.0	2.0	95.0	
1504200555189	331508788815	247.0	-46.0	1.696563720703125	95.0	
1504200555208	331528930417	247.0	-46.0	1.0	95.0	
1504200555225	331549072018	247.0	-46.0	1.0	95.0	
1504200555246	331569213620	247.0	-46.0	1.0	95.0	
1504200555260	331589355221	247.0	-46.0	1.0	95.0	
1504200555278	331609496823	247.0	-46.0	1.0	95.0	
1504200555314	331629638424	247.0	-46.0	2.0	95.0	
1504200555332	331649780026	247.0	-46.0	2.0	95.0	
1504200555350	331669921628	247.41378784179688	-46.0	2.0	95.0	
1504200555366	331690063229	248.0	-46.55267333984375	2.0	95.0	
1504200555385	331710204831	248.0	-47.0	2.0	95.0	
1504200555403	331730346432	248.0	-47.0	2.0	95.0	
1504200555419	331750488034	248.0	-47.0	2.0	95.0	
1504200555455	331770629635	248.0	-46.891387939453125	2.0	95.0	
1504200555472	331790771237	248.0	-46.0	2.0	95.0	
1504200555490	331810912838	248.0	-46.0	1.6148681640625	95.0	
1504200555509	331831054440	248.0	-46.0	1.0	95.0	
1504200555525	331851196042	248.0	-46.0	1.0	95.0	
1504200555542	331871337643	248.0	-46.0	1.8017120361328125	95.0	
1504200555565	331891479245	248.0	-46.0	2.0	95.0	
1504200555595	331911620846	248.0	-46.0	1.0	95.0	
1504200555614	331931762448	248.0	-46.0	1.0	95.0	
1504200555632	331951904049	248.0	-46.0	1.3568878173828125	95.0	
1504200555648	331972045651	248.0	-46.0	2.0	95.0	
1504200555667	331992187253	248.0	-46.0	2.0	95.0	
1504200555683	332012328854	248.0	-46.0	2.0	95.0	
1504200555700	332032470456	248.0	-46.0	2.0	95.0	
1504200555736	332052612057	248.0	-46.0	2.0	95.0	
1504200555754	332072753659	248.0	-46.0	2.0	95.0	
1504200555772	332092895260	248.0	-46.0	2.0	95.0	
1504200555789	332113036862	248.0	-46.0	2.0	95.0	
1504200555806	332133178463	248.0	-46.0	2.0	95.0	
1504200555825	332153320065	248.0	-46.0	2.0	95.0	
1504200555842	332173461667	248.0	-46.0	2.0	95.0	
1504200555877	332193603268	248.0	-46.0	2.0	95.0	
1504200555895	332213744870	248.0	-46.160614013671875	2.0	95.0	
1504200555912	332233886471	248.0	-47.0	2.0	95.0	
1504200555932	332254028073	248.0	-47.0	2.0	95.0	
1504200555947	332274169674	248.0	-47.0	1.42242431640625	95.0	
1504200555965	332294311276	248.0	-47.0	1.0	95.0	
1504200555984	332314452878	248.0	-47.0	1.0	95.0	
1504200556000	332334594479	248.0	-47.0	1.0	95.0	
1504200556037	332354736081	248.0	-47.0	1.0	95.0	
1504200556053	332374877682	248.0	-46.728851318359375	1.0	95.0	
1504200556071	332395019284	248.0	-46.41033935546875	1.0	95.0	
1504200556090	332415160885	248.0	-47.0	1.5492095947265625	95.0	
1504200556110	332435302487	248.0	-47.0	2.0	95.0	
1504200556124	332455444088	248.0	-47.0	2.0	95.0	
1504200556142	332475585690	248.0	-47.0	2.0	95.0	
1504200556176	332495727292	248.0	-47.0	2.0	95.0	
1504200556195	332515868893	248.0	-47.0	2.0	95.0	
1504200556211	332536010495	248.0	-47.0	2.0	95.0	
1504200556229	332556152096	248.0	-47.0	2.0	95.0	
1504200556248	332576293698	248.0	-46.34138488769531	2.0	95.0	
1504200556264	332596435299	248.0	-46.0	2.0	95.0	
1504200556282	332616576901	248.0	-46.0	2.0	95.0	
1504200556318	332636718503	248.0	-46.0	2.0	95.0	
1504200556336	332656860104	248.0	-46.0	2.0	95.0	
1504200556357	332677001706	248.0	-46.0	2.0	95.0	
1504200556371	332697143307	248.0	-46.0	2.0	95.0	
1504200556388	332717284909	248.0	-46.0	2.0	95.0	
1504200556408	332737426510	248.0	-46.0	2.0	95.0	
1504200556425	332757568112	248.0	-46.0	2.0	95.0	
1504200556459	332777709713	248.0	-47.0	2.0	95.0	
1504200556476	332797851315	248.0	-47.0	2.0	95.0	
1504200556495	332817992917	248.0	-47.0	2.0	95.0	
1504200556514	332838134518	248.0	-47.0	2.0	95.0	
1504200556529	332858276120	248.0	-47.0	2.0	95.0	
1504200556547	332878417721	248.0	-47.0	2.0	95.0	
1504200556567	332898559323	248.0	-47.0	2.0	95.0	
1504200556600	332918700924	248.0	-47.0	2.0	95.0	
1504200556618	332938842526	248.0	-47.0	2.0	95.0	
1504200556635	332958984128	248.0	-47.0	2.0	95.0	
1504200556652	332979125729	248.0	-47.0	2.0	95.0	
1504200556671	332999267331	248.0	-47.0	2.0	95.0	
1504200556688	333019408932	248.0	-47.0	2.0	95.0	
1504200556705	333039550534	248.0	-47.0	2.0	95.0	
1504200556723	333059692135	248.0	-47.0	2.0	95.0	
1504200556758	333079833737	248.0	-47.0	2.0	95.0	
1504200556777	333099975338	248.0	-47.0	2.0	95.0	
1504200556794	333120116940	248.0	-47.0	2.0	95.0	
1504200556815	333140258542	248.0	-47.0	2.0	95.0	
1504200556831	333160400143	248.0	-47.0	2.0	95.0	
1504200556847	333180541745	248.0	-47.0	2.0	95.0	
1504200556864	333200683346	248.0	-47.0	2.0	95.0	
1504200556899	333220824948	248.0	-47.0	2.0	95.0	
1504200556917	333240966549	248.0	-47.0	2.0	95.0	
1504200556936	333261108151	248.0	-47.0	2.0	95.0	
1504200556952	333281249753	248.0	-47.0	2.0	95.0	
1504200556970	333301391354	248.0	-47.0	2.0	95.0	
1504200556989	333321532956	248.0	-47.0	2.0	95.0	
1504200557005	333341674557	248.0	-47.0	2.0	95.0	
1504200557042	333361816159	248.0	-47.0	2.0	95.0	
1504200557058	333381957760	248.0	-47.0	2.0	95.0	
1504200557078	333402099362	248.0	-47.0	2.0	95.0	
1504200557096	333422240963	248.0	-47.0	2.0	95.0	
1504200557111	333442382565	248.0	-47.0	2.0	95.0	
1504200557128	333462524167	248.0	-47.0	2.0	95.0	
1504200557148	333482665768	248.0	-47.0	2.0	95.0	
1504200557181	333502807370	248.0	-47.0	2.0	95.0	
1504200557199	333522948971	248.0	-47.0	2.0	95.0	
1504200557217	333543090573	248.0	-47.0	2.0	95.0	
1504200557234	333563232174	248.0	-46.54058837890625	2.0	95.0	
1504200557253	333583373776	248.0	-46.0	2.0	95.0	
1504200557269	333603515378	248.0	-46.0	2.0	95.0	
1504200557287	333623656979	248.0	-46.0	2.0	95.0	
1504200557323	333643798581	248.0	-46.0	2.0	95.0	
1504200557340	333663940182	248.0	-46.0	2.0	95.0	
1504200557359	333684081784	248.0	-46.0	2.0	95.0	
1504200557375	333704223385	248.0	-46.0	2.0	95.0	
1504200557393	333724364987	248.0	-46.0	2.0	95.0	
1504200557428	333744506588	248.0	-46.0	2.0	95.0	
1504200557445	333764648190	248.0	-46.0	2.0	95.0	
1504200557464	333784789792	248.0	-46.0	2.0	95.0	
1504200557482	333804931393	248.0	-46.0	2.0	95.0	
1504200557499	333825072995	248.0	-46.0	2.0	95.0	
1504200557533	333845214596	248.0	-46.0	2.0	95.0	
1504200557551	333865356198	248.0	-46.0	2.0	95.0	
1504200557569	333885497799	248.0	-46.0	2.0	95.0	
1504200557587	333905639401	248.0	-46.475128173828125	2.0	95.0	
1504200557604	333925781003	248.0	-47.0	2.0	95.0	
1504200557623	333945922604	248.0	-47.0	2.0	95.0	
1504200557640	333966064206	248.0	-47.0	2.0	95.0	
1504200557676	333986205807	248.0	-47.0	2.0	95.0	
1504200557692	334006347409	248.0	-47.0	2.0	95.0	
1504200557710	334026489010	248.0	-47.0	2.0	95.0	
1504200557727	334046630612	248.0	-47.0	2.0	95.0	
1504200557745	334066772213	248.0	-47.0	2.0	95.0	
1504200557762	334086913815	248.0	-47.0	2.0	95.0	
1504200557781	334107055417	248.0	-47.0	2.0	95.0	
1504200557798	334127197018	248.0	-47.0	2.0	95.0	
1504200557835	334147338620	248.0	-47.0	2.0	95.0	
1504200557851	334167480221	248.0	-47.0	2.0	95.0	
1504200557869	334187621823	248.0	-47.0	2.0	95.0	
1504200557889	334207763424	248.0	-47.0	2.0	95.0	
1504200557905	334227905026	248.0	-47.0	2.0	95.0	
1504200557921	334248046628	248.0	-47.0	2.0	95.0	
1504200557940	334268188229	248.0	-47.0	2.0	95.0	
1504200557956	334288329831	248.0	-47.0	2.0	95.0	
1504200557992	334308471432	248.0	-47.0	2.0	95.0	
1504200558010	334328613034	248.0	-47.0	2.0	95.0	
1504200558027	334348754635	248.0	-47.0	2.0	95.0	
1504200558047	334368896237	248.0	-47.0	2.0	95.0	
1504200558062	334389037838	248.0	-47.0	2.0	95.0	
1504200558080	334409179440	248.0	-47.0	2.0	95.0	
1504200558099	334429321042	248.0	-47.0	2.0	95.0	
1504200558133	334449462643	248.0	-47.0	2.0	95.0	
1504200558150	334469604245	248.0	-47.0	2.0	95.0	
1504200558168	334489745846	248.0	-47.0	2.0	95.0	
1504200558186	334509887448	248.0	-47.0	2.0	95.0	
1504200558204	334530029049	248.0	-47.0	2.0	95.0	
1504200558221	334550170651	248.0	-47.0	2.0	95.0	
1504200558238	334570312253	248.0	-47.0	2.0	95.0	
1504200558257	334590453854	248.0	-47.0	2.0	95.0	
1504200558293	334610595456	248.0	-46.0	2.0	95.0	
1504200558311	334630737057	248.0	-46.0	2.0	95.0	
1504200558327	334650878659	248.0	-46.0	2.0	95.0	
1504200558345	334671020260	248.0	-46.0	2.0	95.0	
1504200558364	334691161862	248.0	-46.0	2.0	95.0	
1504200558380	334711303463	248.0	-46.0	2.0	95.0	
1504200558398	334731445065	248.0	-46.0	2.0	95.0	
1504200558433	334751586667	248.0	-46.0	2.0	95.0	
1504200558450	334771728268	248.0	-46.0	2.0	95.0	
1504200558469	334791869870	248.0	-46.0	2.0	95.0	
1504200558485	334812011471	248.0	-46.0	2.0	95.0	
1504200558503	334832153073	248.0	-46.58146667480469	2.0	95.0	
1504200558522	334852294674	248.0	-47.0	2.0	95.0	
1504200558539	334872436276	248.0	-47.0	2.0	95.0	
1504200558556	334892577878	248.0	-47.0	2.0	95.0	
1504200558591	334912719479	248.0	-47.0	2.0	95.0	
1504200558609	334932861081	248.0	-47.0	2.0	95.0	
1504200558628	334953002682	248.0	-47.0	2.0	95.0	
1504200558644	334973144284	248.0	-47.0	2.0	95.0	
1504200558662	334993285885	248.0	-47.0	2.0	95.0	
1504200558679	335013427487	248.0	-47.0	2.0	95.0	
1504200558697	335033569088	248.0	-47.0	2.0	95.0	
1504200558734	335053710690	248.0	-47.0	2.0	95.0	
1504200558750	335073852292	248.0	-47.0	2.0	95.0	
1504200558768	335093993893	248.0	-47.0	2.0	95.0	
1504200558786	335114135495	248.0	-47.439849853515625	2.0	95.0	
1504200558803	335134277096	248.0	-48.0	2.0	95.0	
1504200558820	335154418698	248.0	-48.0	2.0	95.0	
1504200558839	335174560299	248.0	-48.0	2.0	95.0	
1504200558873	335194701901	248.0	-48.0	1.0	95.0	
1504200558892	335214843503	248.0	-48.0	1.0	95.0	
1504200558908	335234985104	248.0	-48.0	1.0	95.0	
1504200558926	335255126706	248.0	-48.0	1.44964599609375	95.0	
1504200558945	335275268307	248.0	-48.0	2.0	95.0	
1504200558961	335295409909	248.0	-48.0	2.0	95.0	
1504200558979	335315551510	248.0	-48.0	2.0	95.0	
1504200559014	335335693112	248.0	-47.0	2.0	95.0	
1504200559032	335355834713	248.0	-47.0	2.0	95.0	
1504200559056	335375976315	248.0	-47.0	2.0	95.0	
1504200559067	335396117917	248.0	-47.0	2.0	95.0	
1504200559085	335416259518	248.0	-47.61631774902344	2.0	95.0	
1504200559108	335436401120	248.0	-48.0	2.0	95.0	
1504200559120	335456542721	248.0	-48.0	2.0	95.0	
1504200559157	335476684323	248.0	-48.0	2.0	95.0	
1504200559176	335496825924	248.0	-48.0	2.0	95.0	
1504200559192	335516967526	248.0	-48.0	2.0	95.0	
1504200559212	335537109128	248.0	-48.0	2.0	95.0	
1504200559226	335557250729	248.0	-48.0	2.0	95.0	
1504200559248	335577392331	248.0	-48.0	2.0	95.0	
1504200559264	335597533932	248.0	-48.0	1.0711822509765625	95.0	
1504200559323	335617675534	248.0	-48.0	1.0	95.0	
1504200559353	335637817135	248.0	-48.0	1.0	95.0	
1504200559378	335657958737	248.0	-48.0	1.0	95.0	
1504200559385	335678100338	248.0	-48.0	1.0	95.0	
1504200559404	335698241940	248.0	-48.0	1.0	95.0	
1504200559419	335718383542	248.0	-48.0	1.0	95.0	
1504200559431	335738525143	248.0	-48.0	1.0	95.0	
1504200559452	335758666745	248.0	-48.0	1.0	95.0	
1504200559469	335778808346	248.0	-48.0	1.0	95.0	
1504200559478	335798949948	248.0	-48.0	1.0	95.0	
1504200559491	335819091549	248.0	-48.0	1.0	95.0	
1504200559508	335839233151	248.0	-48.67881774902344	1.0	95.0	
1504200559528	335859374753	248.0	-49.0	1.0	95.0	
1504200559573	335879516354	248.0	-49.0	1.0	95.0	
1504200559598	335899657956	248.0	-49.0	1.0	95.0	
1504200559611	335919799557	248.0	-49.0	1.0	95.0	
1504200559621	335939941159	248.0	-49.0	1.0	95.0	
1504200559633	335960082760	248.0	-49.0	1.0	95.0	
1504200559649	335980224362	248.0	-49.0	1.0	95.0	
1504200559667	336000365963	248.0	-49.0	1.0	95.0	
1504200559685	336020507565	248.0	-49.0	1.0	95.0	
1504200559730	336040649167	248.0	-49.0	1.0	95.0	
1504200559758	336060790768	248.0	-49.0	1.0	95.0	
1504200559772	336080932370	247.57118225097656	-49.0	1.0	95.0	
1504200559779	336101073971	247.0	-49.0	1.0	95.0	
1504200559793	336121215573	247.0	-49.72047424316406	1.0	95.0	
1504200559811	336141357174	247.0	-50.0	1.0	95.0	
1504200559843	336161498776	247.0	-50.0	1.0	95.0	
1504200559862	336181640378	247.0	-50.0	1.0	95.0	
1504200559879	336201781979	247.30381774902344	-50.0	1.0	95.0	
1504200559902	336221923581	247.55035400390625	-50.0	1.0	95.0	
1504200559917	336242065182	247.0	-50.0	1.0	95.0	
1504200559948	336262206784	247.0	-50.0	1.0	95.0	
1504200559969	336282348385	247.0	-50.0	1.0	95.0	
1504200559988	336302489987	247.0	-49.96702575683594	0.0	95.0	
1504200560005	336322631588	247.0	-49.0	0.0	95.0	
1504200560020	336342773190	247.0	-49.0	0.32464599609375	95.0	
1504200560037	336362914792	247.0	-49.0	0.5295257568359375	95.0	
1504200560059	336383056393	247.0	-49.0	0.6163177490234375	95.0	
1504200560074	336403197995	247.0	-49.0	1.0	95.0	
1504200560091	336423339596	247.90797424316406	-49.0	1.0	95.0	
1504200560126	336443481198	248.0	-49.0	1.0	95.0	
1504200560144	336463622799	248.0	-49.19964599609375	1.0	95.0	
1504200560171	336483764401	248.0	-49.65452575683594	1.0	95.0	
1504200560190	336503906003	248.0	-49.0	1.0	95.0	
1504200560195	336524047604	248.0	-49.0	1.0	95.0	
1504200560217	336544189206	248.0	-49.0	1.0	95.0	
1504200560242	336564330807	248.0	-49.0	1.0	95.0	
1504200560266	336584472409	248.0	-49.0	1.0	95.0	
1504200560284	336604614010	248.0	-49.0	1.0	95.0	
1504200560306	336624755612	248.0	-49.0	1.0	95.0	
1504200560322	336644897213	248.0	-49.0	1.0	95.0	
1504200560341	336665038815	248.0	-49.0	1.0	95.0	
1504200560357	336685180417	248.0	-49.0	1.0	95.0	
1504200560378	336705322018	248.0	-48.05035400390625	1.0	95.0	
1504200560430	336725463620	248.0	-48.0	1.0	95.0	
1504200560460	336745605221	248.0	-48.0	1.0	95.0	
1504200560478	336765746823	248.0	-48.0	1.0	95.0	
1504200560495	336785888424	248.0	-47.46702575683594	1.5329742431640625	95.0	
1504200560522	336806030026	248.0	-47.0	2.0	95.0	
1504200560549	336826171628	248.0	-47.0	2.0	95.0	
1504200560570	336846313229	248.0	-47.0	2.0	95.0	
1504200560600	336866454831	248.0	-47.0	2.0	95.0	
1504200560619	336886596432	248.0	-47.0	2.0	95.0	
1504200560644	336906738034	247.59202575683594	-47.0	2.0	95.0	
1504200560665	336926879635	247.0	-47.0	2.0	95.0	
1504200560690	336947021237	247.0	-47.0	2.0	95.0	
1504200560716	336967162838	247.0	-47.0	2.0	95.0	
1504200560741	336987304440	247.0	-47.0	2.0	95.0	
1504200560773	337007446042	247.0	-47.0	2.0	95.0	
1504200560789	337027587643	247.0	-47.0	1.7170257568359375	95.0	
1504200560816	337047729245	247.0	-47.0	1.0	95.0	
1504200560839	337067870846	247.0	-47.0	1.0	95.0	
1504200560868	337088012448	247.0	-47.0	1.0	95.0	
1504200560887	337108154049	247.0	-47.0	1.0	95.0	
1504200560931	337128295651	247.0	-47.0	1.0	95.0	
1504200560959	337148437253	247.0	-47.0	1.0	95.0	
1504200560988	337168578854	247.0	-47.0	1.0	95.0	
1504200561010	337188720456	247.0	-47.0	1.0	95.0	
1504200561017	337208862057	247.0	-46.40452575683594	1.0	95.0	
1504200561051	337229003659	247.0	-46.0	1.0	95.0	
1504200561071	337249145260	247.0	-46.0	1.0	95.0	
1504200561130	337269286862	247.0	-46.0	1.0	95.0	
1504200561157	337289428463	247.0	-46.0	1.0	95.0	
1504200561185	337309570065	247.0	-46.0	1.0	95.0	
1504200561227	337329711667	247.0	-46.0	1.0	95.0	
1504200561246	337349853268	247.0	-46.61631774902344	1.0	95.0	
1504200561265	337369994870	247.0	-47.0	1.0	95.0	
1504200561278	337390136471	247.0	-47.0	1.0	95.0	
1504200561297	337410278073	247.0	-47.0	1.0	95.0	
1504200561305	337430419674	247.0	-47.0	1.0	95.0	
1504200561315	337450561276	247.0	-47.0	1.0	95.0	
1504200561324	337470702878	247.0	-47.0	1.0	95.0	
1504200561333	337490844479	247.0	-47.0	1.0	95.0	
1504200561343	337510986081	247.0	-47.0	1.0	95.0	
1504200561350	337531127682	247.0	-47.0	1.0	95.0	
1504200561362	337551269284	247.0	-47.0	1.0	95.0	
1504200561370	337571410885	247.0	-47.0	1.0	95.0	
1504200561378	337591552487	247.0	-47.0	1.0	95.0	
1504200561383	337611694088	247.0	-47.0	1.0	95.0	
1504200561396	337631835690	247.0	-47.0	1.0	95.0	
1504200561422	337651977292	247.0	-47.0	1.0	95.0	
1504200561445	337672118893	247.0	-47.0	1.0	95.0	
1504200561495	337692260495	247.0	-47.0	1.0	95.0	
1504200561531	337712402096	247.0	-47.0	1.0	95.0	
1504200561571	337732543698	247.0	-47.0	1.0	95.0	
1504200561580	337752685299	247.0	-47.0	1.0	95.0	
1504200561598	337772826901	247.0	-47.0	1.0	95.0	
1504200561613	337792968503	247.0	-47.0	1.0	95.0	
1504200561632	337813110104	247.0	-47.0	1.0	95.0	
1504200561660	337833251706	247.0	-47.0	1.0	95.0	
1504200561679	337853393307	247.0	-47.0	1.0	95.0	
1504200561700	337873534909	247.0	-47.40797424316406	1.0	95.0	
1504200561712	337893676510	247.0	-48.0	1.0	95.0	
1504200561738	337913818112	247.69964599609375	-48.0	1.0	95.0	
1504200561762	337933959713	248.0	-48.0	1.0	95.0	
1504200561784	337954101315	248.0	-48.0	1.0	95.0	
1504200561809	337974242917	248.0	-48.0	1.0	95.0	
1504200561820	337994384518	248.0	-48.0	1.0	95.0	
1504200561835	338014526120	247.57118225097656	-47.57118225097656	1.0	95.0	
1504200561841	338034667721	247.0	-47.0	1.0	95.0	
1504200561858	338054809323	247.0	-47.0	1.0	95.0	
1504200561873	338074950924	247.0	-47.0	1.0	95.0	
1504200561911	338095092526	247.0	-47.0	1.0	95.0	
1504200561923	338115234128	247.0	-47.0	1.0	95.0	
1504200561934	338135375729	247.0	-47.0	1.0	95.0	
1504200561945	338155517331	247.0	-47.0	1.0	95.0	
1504200561958	338175658932	247.0	-47.0	1.0	95.0	
1504200562010	338195800534	247.0	-47.0	1.0	95.0	
1504200562020	338215942135	247.0	-47.0	1.0	95.0	
1504200562043	338236083737	247.0	-47.0	1.0	95.0	
1504200562054	338256225338	247.0	-47.0	1.0	95.0	
1504200562066	338276366940	247.0	-47.0	1.0	95.0	
1504200562084	338296508542	247.0	-47.0	1.0	95.0	
1504200562102	338316650143	247.0	-47.0	1.0	95.0	
1504200562113	338336791745	247.0	-47.0	1.0	95.0	
1504200562123	338356933346	247.0	-47.0	1.0	95.0	
1504200562142	338377074948	247.0	-47.0	1.0	95.0	
1504200562150	338397216549	247.19964599609375	-47.0	1.0	95.0	
1504200562161	338417358151	248.0	-47.0	1.0	95.0	
1504200562170	338437499753	248.0	-47.0	1.0	95.0	
1504200562178	338457641354	248.0	-47.0	1.0	95.0	
1504200562186	338477782956	248.0	-47.0	1.0	95.0	
1504200562198	338497924557	248.0	-47.92881774902344	1.0	95.0	
1504200562212	338518066159	248.0	-48.0	1.0	95.0	
1504200562222	338538207760	248.0	-48.0	1.0	95.0	
1504200562240	338558349362	248.0	-48.0	1.3663177490234375	95.0	
1504200562260	338578490963	248.0	-48.0	2.0	95.0	
1504200562289	338598632565	248.0	-48.0	2.0	95.0	
1504200562300	338618774167	248.80381774902344	-48.0	2.0	95.0	
1504200562311	338638915768	249.0	-48.94964599609375	2.0	95.0	
1504200562354	338659057370	249.0	-49.0	2.0	95.0	
1504200562381	338679198971	249.0	-49.0	2.0	95.0	
1504200562418	338699340573	249.0	-49.0	2.0	95.0	
1504200562439	338719482174	249.0	-49.0	2.0	95.0	
1504200562469	338739623776	249.0	-49.0	2.0	95.0	
1504200562497	338759765378	249.0	-49.0	2.0	95.0	
1504200562515	338779906979	249.0	-49.0	2.0	95.0	
1504200562537	338800048581	249.0	-49.0	2.0	95.0	
1504200562548	338820190182	249.0	-49.0	2.0	95.0	
1504200562565	338840331784	249.0	-49.0	2.0	95.0	
1504200562577	338860473385	249.0	-49.0	2.0	95.0	
1504200562595	338880614987	249.0	-49.0	2.0	95.0	
1504200562607	338900756588	249.0	-49.0	2.0	95.0	
1504200562628	338920898190	249.0	-49.0	2.0	95.0	
1504200562671	338941039792	249.0	-49.0	2.0	95.0	
1504200562680	338961181393	249.0	-49.0	2.0	95.0	
1504200562688	338981322995	249.0	-49.0	2.0	95.0	
1504200562692	339001464596	249.0	-49.0	2.0	95.0	
1504200562701	339021606198	249.0	-49.0	2.0	95.0	
1504200562715	339041747799	249.0	-49.0	2.0	95.0	
