1504201678309	1454624614481	291.0	-2.0	33.0	-1.0	
1504201678326	1454644756082	291.0	-2.0	33.0	-1.0	
1504201678345	1454664897684	291.0	-2.0	33.0	-1.0	
1504201678362	1454685039285	291.0	-2.0	33.0	-1.0	
1504201678379	1454705180887	291.0	-2.0	33.0	-1.0	
1504201678398	1454725322488	291.0	-2.0	33.0	-1.0	
1504201678413	1454745464090	291.0	-2.0	33.0	-1.0	
1504201678449	1454765605692	291.0	-2.0	33.0	-1.0	
1504201678470	1454785747293	291.0	-2.0	33.0	-1.0	
1504201678484	1454805888895	291.0	-2.0	33.0	-1.0	
1504201678502	1454826030496	291.0	-2.0	33.0	-1.0	
1504201678519	1454846172098	291.0	-2.0	33.0	-1.0	
1504201678536	1454866313699	291.0	-2.0	33.77642822265625	-1.0	
1504201678554	1454886455301	291.0	-2.0	34.0	-1.0	
1504201678590	1454906596902	291.0	-2.0	33.06585693359375	-1.0	
1504201678607	1454926738504	291.0	-1.7902984619140625	34.0	-1.0	
1504201678625	1454946880106	291.0	-1.0	34.0	-1.0	
1504201678643	1454967021707	291.0	-1.0	34.0	-1.0	
1504201678659	1454987163309	291.0	-1.0	34.0	-1.0	
1504201678681	1455007304910	291.0	-1.0	34.0	-1.0	
1504201678694	1455027446512	291.0	-1.0	34.0	-1.0	
1504201678735	1455047588113	291.0	-0.923614501953125	34.0	-1.0	
1504201678749	1455067729715	291.0	0.0	34.0	-1.0	
1504201678768	1455087871317	291.0	0.0	34.0	-1.0	
1504201678789	1455108012918	291.0	0.0	34.510406494140625	-1.0	
1504201678803	1455128154520	291.0	0.0	35.0	-1.0	
1504201678819	1455148296121	291.0	0.0	35.0	-1.0	
1504201678836	1455168437723	291.0	0.0	34.05555725097656	-1.0	
1504201678871	1455188579324	290.08837890625	0.0	34.0	-1.0	
1504201678889	1455208720926	291.0	0.0	34.0	-1.0	
1504201678908	1455228862527	291.0	0.0	34.0	-1.0	
1504201678923	1455249004129	291.0	0.0	34.0	-1.0	
1504201678942	1455269145731	291.0	0.0	34.0	-1.0	
1504201678959	1455289287332	291.0	0.0	34.0	-1.0	
1504201678977	1455309428934	291.0	0.0	34.0	-1.0	
1504201679013	1455329570535	291.0	0.0	34.0	-1.0	
1504201679030	1455349712137	291.0	0.0	34.0	-1.0	
1504201679049	1455369853738	291.0	0.0	34.0	-1.0	
1504201679066	1455389995340	291.0	0.0	34.0	-1.0	
1504201679084	1455410136942	291.0	0.0	34.0	-1.0	
1504201679100	1455430278543	291.0	0.0	34.0	-1.0	
1504201679119	1455450420145	291.0	0.0	34.0	-1.0	
1504201679154	1455470561746	291.0	0.0	34.0	-1.0	
1504201679171	1455490703348	291.0	0.0	34.0	-1.0	
1504201679189	1455510844949	291.0	0.0	34.0	-1.0	
1504201679206	1455530986551	291.0	0.0	34.0	-1.0	
1504201679224	1455551128152	291.0	0.0	34.0	-1.0	
1504201679241	1455571269754	291.0	0.0	34.0	-1.0	
1504201679263	1455591411356	291.0	0.0	34.0	-1.0	
1504201679295	1455611552957	291.0	0.0	34.0	-1.0	
1504201679312	1455631694559	291.0	0.0	34.0	-1.0	
1504201679330	1455651836160	291.0	0.0	34.0	-1.0	
1504201679346	1455671977762	291.0	0.0	34.0	-1.0	
1504201679365	1455692119363	291.0	0.0	34.0	-1.0	
1504201679382	1455712260965	291.0	0.0	34.0	-1.0	
1504201679400	1455732402567	291.0	0.0	34.0	-1.0	
1504201679437	1455752544168	291.0	0.0	34.0	-1.0	
1504201679453	1455772685770	291.0	0.0	34.0	-1.0	
1504201679470	1455792827371	291.0	0.0	34.0	-1.0	
1504201679488	1455812968973	291.0	0.0	34.0	-1.0	
1504201679507	1455833110574	291.0	0.0	34.0	-1.0	
1504201679526	1455853252176	291.0	0.0	34.0	-1.0	
1504201679542	1455873393777	291.0	0.0	34.0	-1.0	
1504201679576	1455893535379	291.0	0.0	34.0	-1.0	
1504201679594	1455913676981	291.0	0.0	34.0	-1.0	
1504201679612	1455933818582	291.0	0.0	34.0	-1.0	
1504201679629	1455953960184	291.0	0.0	34.0	-1.0	
1504201679647	1455974101785	291.0	0.0	34.0	-1.0	
1504201679664	1455994243387	291.0	0.0	34.0	-1.0	
1504201679700	1456014384988	291.0	0.0	34.0	-1.0	
1504201679717	1456034526590	291.0	0.0	34.0	-1.0	
1504201679735	1456054668192	291.0	0.0	34.0	-1.0	
1504201679752	1456074809793	291.0	0.0	34.0	-1.0	
1504201679769	1456094951395	291.0	0.0	34.0	-1.0	
1504201679791	1456115092996	291.0	0.0	34.0	-1.0	
1504201679805	1456135234598	291.0	0.0	34.0	-1.0	
1504201679841	1456155376199	291.0	0.0	34.02252197265625	-1.0	
1504201679858	1456175517801	291.0	0.0	35.0	-1.0	
1504201679876	1456195659402	291.0	0.0	35.0	-1.0	
1504201679893	1456215801004	291.0	0.0	35.0	-1.0	
1504201679910	1456235942606	291.0	0.0	35.0	-1.0	
1504201679929	1456256084207	291.0	0.0	35.0	-1.0	
1504201679945	1456276225809	291.0	0.0	35.0	-1.0	
1504201679982	1456296367410	291.0	0.0	34.0	-1.0	
1504201679999	1456316509012	291.0	0.0	34.0	-1.0	
1504201680019	1456336650613	291.0	0.322906494140625	34.0	-1.0	
1504201680043	1456356792215	291.0	1.0	34.0	-1.0	
1504201680055	1456376933817	291.0	1.0	34.0	-1.0	
1504201680070	1456397075418	291.0	1.0	34.0	-1.0	
1504201680087	1456417217020	291.0	1.0	34.0	-1.0	
1504201680122	1456437358621	291.0	1.0450592041015625	34.0	-1.0	
1504201680140	1456457500223	291.0	2.0	34.0	-1.0	
1504201680158	1456477641824	291.0	2.0	34.0	-1.0	
1504201680175	1456497783426	291.0	2.0	34.0	-1.0	
1504201680192	1456517925027	291.0	1.376739501953125	34.0	-1.0	
1504201680214	1456538066629	291.0	1.0	34.0	-1.0	
1504201680228	1456558208231	291.0	1.0	34.0	-1.0	
1504201680264	1456578349832	291.0	1.0	34.0	-1.0	
1504201680281	1456598491434	291.0	1.0	34.0	-1.0	
1504201680299	1456618633035	291.0	1.0	34.0	-1.0	
1504201680320	1456638774637	291.0	1.0	34.0	-1.0	
1504201680334	1456658916238	291.0	1.0	34.0	-1.0	
1504201680351	1456679057840	291.0	1.0	34.0	-1.0	
1504201680369	1456699199442	291.0	1.0	34.0	-1.0	
1504201680405	1456719341043	291.0	1.0	34.0	-1.0	
1504201680425	1456739482645	291.0	1.0	34.0	-1.0	
1504201680439	1456759624246	291.0	1.0	34.0	-1.0	
1504201680458	1456779765848	291.0	1.0	34.0	-1.0	
1504201680476	1456799907449	291.0	1.0	34.0	-1.0	
1504201680492	1456820049051	291.0	1.0	34.0	-1.0	
1504201680511	1456840190652	291.0	0.0658721923828125	33.06587219238281	-1.0	
1504201680549	1456860332254	291.0	0.0	33.0	-1.0	
1504201680564	1456880473856	291.0	0.0	33.0	-1.0	
1504201680586	1456900615457	291.0	0.0	33.0	-1.0	
1504201680599	1456920757059	291.0	0.0	33.0	-1.0	
1504201680618	1456940898660	291.0	0.0	33.65684509277344	-1.0	
1504201680633	1456961040262	291.0	0.0	34.0	-1.0	
1504201680653	1456981181863	291.0	0.0	33.05372619628906	-1.0	
1504201680686	1457001323465	291.0	0.0	33.0	-1.0	
1504201680704	1457021465067	291.0	0.0	33.0	-1.0	
1504201680722	1457041606668	291.0	0.0	33.0	-1.0	
1504201680739	1457061748270	291.0	0.0	33.0	-1.0	
1504201680757	1457081889871	291.0	0.0	33.0	-1.0	
1504201680774	1457102031473	291.0	0.0	33.0	-1.0	
1504201680795	1457122173074	291.0	0.0	33.9566650390625	-1.0	
1504201680828	1457142314676	291.0	0.0	33.89775085449219	-1.0	
1504201680850	1457162456277	291.0	0.0	33.24609375	-1.0	
1504201680863	1457182597879	291.0	0.0	34.0	-1.0	
1504201680881	1457202739481	291.0	0.0	33.4644775390625	-1.0	
1504201680898	1457222881082	291.0	0.0	33.0	-1.0	
1504201680915	1457243022684	291.0	0.0	33.0	-1.0	
1504201680934	1457263164285	291.0	0.0	33.0	-1.0	
1504201680972	1457283305887	291.0	0.0	33.0	-1.0	
1504201680989	1457303447488	291.0	0.0	33.0	-1.0	
1504201681005	1457323589090	291.0	0.0	33.0	-1.0	
1504201681023	1457343730692	291.0	0.0	33.0	-1.0	
1504201681040	1457363872293	291.0	0.0	33.0	-1.0	
1504201681056	1457384013895	291.0	0.0	33.0	-1.0	
1504201681074	1457404155496	291.0	0.0	33.0	-1.0	
1504201681113	1457424297098	291.0	0.0	33.0	-1.0	
1504201681127	1457444438699	291.0	0.0	33.0	-1.0	
1504201681146	1457464580301	291.0	0.0	33.0	-1.0	
1504201681162	1457484721902	291.0	0.0	33.0	-1.0	
1504201681180	1457504863504	291.0	0.0	33.0	-1.0	
1504201681197	1457525005106	291.0	0.0	33.0	-1.0	
1504201681215	1457545146707	291.0	0.0	33.0	-1.0	
1504201681251	1457565288309	291.0	0.0	33.0	-1.0	
1504201681269	1457585429910	291.0	0.0	33.0	-1.0	
1504201681285	1457605571512	291.0	0.0	33.0	-1.0	
1504201681303	1457625713113	291.0	0.0	33.0	-1.0	
1504201681322	1457645854715	291.0	0.0	33.71403503417969	-1.0	
1504201681338	1457665996317	291.0	0.0	33.142120361328125	-1.0	
1504201681378	1457686137918	291.0	-1.0	33.0	-1.0	
1504201681392	1457706279520	291.1473083496094	-1.147308349609375	33.0	-1.0	
1504201681411	1457726421121	292.0	-2.0	33.0	-1.0	
1504201681428	1457746562723	292.0	-2.435760498046875	33.0	-1.0	
1504201681445	1457766704324	292.0	-3.0	33.58058166503906	-1.0	
1504201681462	1457786845926	292.0	-3.72442626953125	34.0	-1.0	
1504201681479	1457806987527	292.0	-4.869781494140625	33.130218505859375	-1.0	
1504201681515	1457827129129	293.0	-5.0	33.0	-1.0	
1504201681533	1457847270731	293.0	-5.0	33.0	-1.0	
1504201681550	1457867412332	293.0	-5.0	33.0	-1.0	
1504201681568	1457887553934	293.0	-5.0	33.0	-1.0	
1504201681585	1457907695535	293.0	-5.0	33.592010498046875	-1.0	
1504201681603	1457927837137	293.0	-5.0	34.0	-1.0	
1504201681620	1457947978738	293.0	-5.0	34.0	-1.0	
1504201681656	1457968120340	293.0	-5.0	34.0242919921875	-1.0	
1504201681675	1457988261942	293.0	-5.0	35.0	-1.0	
1504201681692	1458008403543	293.3136901855469	-5.313690185546875	35.313690185546875	-1.0	
1504201681711	1458028545145	294.0	-6.0	36.0	-1.0	
1504201681728	1458048686746	294.0	-6.0	36.603118896484375	-1.0	
1504201681745	1458068828348	294.0	-6.0	37.0	-1.0	
1504201681762	1458088969949	294.0	-6.0	37.0	-1.0	
1504201681798	1458109111551	294.0	-6.0	37.0	-1.0	
1504201681815	1458129253152	294.0	-6.0	37.0	-1.0	
1504201681832	1458149394754	294.0	-6.0	37.0	-1.0	
1504201681850	1458169536356	293.53033447265625	-6.0	37.0	-1.0	
1504201681867	1458189677957	293.0	-6.0	37.0	-1.0	
1504201681884	1458209819559	293.0	-6.0	37.0	-1.0	
1504201681907	1458229961160	293.0	-6.0	36.09706115722656	-1.0	
1504201681938	1458250102762	293.0	-6.0	36.0	-1.0	
1504201681955	1458270244363	293.0	-6.0	36.0	-1.0	
1504201681973	1458290385965	293.0	-6.0	36.0	-1.0	
1504201681991	1458310527567	293.0	-6.0	36.0	-1.0	
1504201682008	1458330669168	293.0	-6.0	36.0	-1.0	
1504201682025	1458350810770	293.0	-6.0	36.0	-1.0	
1504201682045	1458370952371	293.0	-6.0	36.0	-1.0	
1504201682079	1458391093973	293.0	-6.0	35.0	-1.0	
1504201682099	1458411235574	293.0	-6.0	35.0	-1.0	
1504201682115	1458431377176	293.0	-6.0	35.0	-1.0	
1504201682132	1458451518777	293.0	-6.0	35.0	-1.0	
1504201682149	1458471660379	293.0	-6.0	35.0	-1.0	
1504201682170	1458491801981	293.0	-6.0	35.0	-1.0	
1504201682185	1458511943582	293.0	-6.0	35.0	-1.0	
1504201682220	1458532085184	293.0	-6.0	35.0	-1.0	
1504201682237	1458552226785	293.0	-6.0	35.0	-1.0	
1504201682254	1458572368387	293.0	-6.0	35.0	-1.0	
1504201682275	1458592509988	292.49652099609375	-6.0	35.0	-1.0	
1504201682291	1458612651590	292.0	-5.3518218994140625	35.0	-1.0	
1504201682307	1458632793192	292.0	-5.0	35.78656005859375	-1.0	
1504201682325	1458652934793	292.92095947265625	-5.0	37.8419189453125	-1.0	
1504201682361	1458673076395	292.0	-5.0	38.0	-1.0	
1504201682378	1458693217996	292.0	-5.0	37.8089599609375	-1.0	
1504201682398	1458713359598	292.0	-5.0	36.67298889160156	-1.0	
1504201682414	1458733501199	292.0	-5.462188720703125	36.0	-1.0	
1504201682435	1458753642801	292.59722900390625	-6.0	36.0	-1.0	
1504201682448	1458773784402	293.0	-6.7319488525390625	36.0	-1.0	
1504201682479	1458793926004	293.0	-7.0	35.132537841796875	18.0	
1504201682504	1458814067606	292.0	-6.0	35.0	18.0	
1504201682523	1458834209207	292.0	-6.0	35.0	18.0	
1504201682539	1458854350809	292.0	-6.0	35.0	18.0	
1504201682556	1458874492410	292.0	-6.0	35.0	18.0	
1504201682573	1458894634012	292.54296875	-6.0	35.0	18.0	
1504201682592	1458914775613	293.0	-6.0	35.0	18.0	
1504201682610	1458934917215	292.1872863769531	-6.0	35.0	18.0	
1504201682630	1458955058817	292.0	-6.0	35.0	18.0	
1504201682663	1458975200418	292.0	-6.0	35.0	18.0	
1504201682680	1458995342020	292.0	-6.0	35.0	18.0	
1504201682700	1459015483621	292.0	-6.0	35.0	18.0	
1504201682716	1459035625223	292.0	-6.0	35.0	18.0	
1504201682731	1459055766824	292.0	-5.3762969970703125	35.0	18.0	
1504201682751	1459075908426	292.0	-5.0	35.0	18.0	
1504201682769	1459096050027	292.0	-5.0	35.0	18.0	
1504201682804	1459116191629	292.0	-5.0	35.0	18.0	
1504201682822	1459136333231	292.0	-5.0	34.835052490234375	18.0	
1504201682839	1459156474832	292.0	-5.0	34.0	18.0	
1504201682857	1459176616434	292.0	-5.0	34.0	18.0	
1504201682872	1459196758035	292.0	-5.0	34.0	18.0	
1504201682893	1459216899637	292.0	-5.0	34.0	18.0	
1504201682909	1459237041238	292.0	-5.0	34.0	18.0	
1504201682927	1459257182840	292.0	-4.02410888671875	33.02410888671875	18.0	
1504201682965	1459277324442	291.88983154296875	-4.0	33.0	18.0	
1504201682980	1459297466043	291.0	-4.0	33.0	18.0	
1504201682998	1459317607645	291.0	-3.61962890625	33.0	18.0	
1504201683012	1459337749246	291.0	-3.0	33.0	18.0	
1504201683040	1459357890848	291.0	-3.0	33.0	18.0	
1504201683061	1459378032449	291.0	-3.0	33.0	18.0	
1504201683075	1459398174051	291.0	-3.0	32.07904052734375	18.0	
1504201683104	1459418315652	291.0	-3.0	32.0	18.0	
1504201683120	1459438457254	291.0	-3.0	32.0	18.0	
1504201683136	1459458598856	291.0	-3.0	32.0	18.0	
1504201683158	1459478740457	291.0	-3.0	32.0	18.0	
1504201683174	1459498882059	291.0	-3.0	32.0	18.0	
1504201683191	1459519023660	291.0	-3.0	32.0	18.0	
1504201683210	1459539165262	291.0	-3.0	32.0	18.0	
1504201683244	1459559306863	291.0	-3.0	32.0	18.0	
1504201683262	1459579448465	291.0	-3.0	32.0	18.0	
1504201683277	1459599590067	291.0	-3.0	32.0	18.0	
1504201683297	1459619731668	291.0	-3.0	32.0	18.0	
1504201683313	1459639873270	291.0	-3.0	32.0	18.0	
1504201683332	1459660014871	291.0	-2.321868896484375	32.0	18.0	
1504201683350	1459680156473	291.0	-2.0	32.0	18.0	
1504201683367	1459700298074	291.0	-2.0	32.0	18.0	
1504201683403	1459720439676	291.0	-2.0	32.0	18.0	
1504201683420	1459740581277	291.0	-1.7814178466796875	32.0	18.0	
1504201683438	1459760722879	291.0	-1.0	32.0	18.0	
1504201683456	1459780864481	291.0	-1.0	32.0	18.0	
1504201683476	1459801006082	291.0	-1.0	32.0	18.0	
1504201683494	1459821147684	291.0	-1.0	32.0	18.0	
1504201683509	1459841289285	291.0	-1.0	32.0	18.0	
1504201683544	1459861430887	291.0	-1.0	32.0	18.0	
1504201683559	1459881572488	291.0	-1.0	32.0	18.0	
1504201683580	1459901714090	291.0	-1.299468994140625	32.0	18.0	
1504201683598	1459921855692	291.0	-2.0	32.0	18.0	
1504201683612	1459941997293	291.0	-2.0	32.0	18.0	
1504201683632	1459962138895	291.0	-2.0	32.0	18.0	
1504201683653	1459982280496	291.0	-2.0	32.0	18.0	
1504201683668	1460002422098	291.0	-2.0	32.0	18.0	
1504201683700	1460022563699	291.0	-2.0	32.0	18.0	
1504201683719	1460042701027	291.0	-2.0	32.0	18.0	
1504201683738	1460062842628	291.0	-2.0	32.0	18.0	
1504201683758	1460082984230	291.0	-2.0	32.0	18.0	
1504201683772	1460103125832	291.0	-1.3488006591796875	32.65119934082031	18.0	
1504201683793	1460123267433	291.0	-1.0	33.0	18.0	
1504201683808	1460143409035	291.0	-1.0	33.0	18.0	
1504201683841	1460163550636	291.0	-1.0	33.0	18.0	
1504201683862	1460183692238	291.0	-1.0	33.0	18.0	
1504201683878	1460203833839	291.0	-1.0	33.0	18.0	
1504201683896	1460223975441	291.0	-1.0	33.0	18.0	
1504201683913	1460244117043	291.0	-1.0	33.0	18.0	
1504201683932	1460264258644	291.0	-1.0	33.0	18.0	
1504201683949	1460284400246	291.0	-1.0	33.0	18.0	
1504201683982	1460304541847	291.0	-0.88287353515625	33.11712646484375	18.0	
1504201684002	1460324683449	291.0	0.0	34.270965576171875	18.0	
1504201684022	1460344825050	291.0	0.0	35.0	18.0	
1504201684035	1460364966652	291.0	-0.5786590576171875	34.42134094238281	18.0	
1504201684055	1460385108253	291.0	-1.0	33.267486572265625	18.0	
1504201684072	1460405249855	291.0	-1.0	33.0	18.0	
1504201684108	1460425391457	291.0	-0.9597930908203125	32.95979309082031	18.0	
1504201684123	1460445533058	291.0	0.0	32.0	18.0	
1504201684144	1460465674660	291.0	0.0	32.0	18.0	
1504201684161	1460485816261	291.0	0.0	32.0	18.0	
1504201684178	1460505957863	291.0	0.0	32.0	18.0	
1504201684196	1460526099464	291.0	0.0	32.0	18.0	
1504201684213	1460546241066	291.0	0.0	32.0	18.0	
1504201684249	1460566382668	291.0	0.0	32.0	18.0	
1504201684265	1460586524269	291.0	0.0	32.0	18.0	
1504201684287	1460606665871	291.0	0.0	32.0	18.0	
1504201684299	1460626807472	291.0	-0.5786590576171875	32.0	18.0	
1504201684320	1460646949074	291.0	-1.0	32.0	18.0	
1504201684337	1460667090675	291.0	-1.0	32.0	18.0	
1504201684372	1460687232277	291.0	-1.0	32.0	18.0	
1504201684389	1460707373878	291.0	-1.0	32.0	18.0	
1504201684405	1460727515480	291.0	-1.0	32.0	18.0	
1504201684422	1460747657082	291.0	-1.0	32.0	18.0	
1504201684442	1460767798683	291.0	-1.0	32.0	18.0	
1504201684460	1460787940285	291.0	-1.0	32.0	18.0	
1504201684479	1460808081886	291.0	-1.0	32.0	18.0	
1504201684513	1460828223488	291.0	-1.0	32.0	18.0	
1504201684528	1460848365089	291.0	-1.0	32.0	18.0	
1504201684551	1460868506691	291.0	-1.0	32.0	18.0	
1504201684565	1460888648293	291.0	-1.0	32.0	18.0	
1504201684585	1460908789894	291.0	-1.0	32.0	18.0	
1504201684601	1460928931496	291.0	-1.0	32.0	18.0	
1504201684636	1460949073097	291.0	-1.0	32.0	18.0	
1504201684654	1460969214699	291.0	-1.0	32.0	18.0	
1504201684669	1460989356300	291.0	-1.0	32.0	18.0	
1504201684690	1461009497902	291.0	-1.0	32.0	18.0	
1504201684707	1461029639503	291.0	-1.0	32.0	18.0	
1504201684726	1461049781105	291.0	-1.0	32.0	18.0	
1504201684743	1461069922707	291.0	-1.0	32.0	18.0	
1504201684777	1461090064308	291.0	-1.0	32.0	18.0	
1504201684794	1461110205910	291.0	-1.0	32.0	18.0	
1504201684813	1461130347511	291.0	-1.0	32.0	18.0	
1504201684829	1461150489113	291.0	-1.0	32.0	18.0	
1504201684848	1461170630714	291.0	-1.0	32.0	18.0	
1504201684865	1461190772316	291.0	-1.0	32.0	18.0	
1504201684902	1461210913918	291.0	-1.0	32.0	18.0	
1504201684918	1461231055519	291.0	-1.0	32.0	18.0	
1504201684936	1461251197121	291.0	-1.0	32.0	18.0	
1504201684951	1461271338722	291.0	-1.0	32.0	18.0	
1504201684971	1461291480324	291.0	-1.0	32.0	18.0	
1504201684991	1461311621925	291.0	-1.0	32.0	18.0	
1504201685007	1461331763527	291.0	-1.0	32.0	18.0	
1504201685042	1461351905128	291.0	-1.0	32.0	18.0	
1504201685060	1461372046730	291.0	-1.0	32.0	18.0	
1504201685080	1461392188332	291.0	-1.0	32.0	18.0	
1504201685092	1461412329933	291.0	-1.0	32.0	18.0	
1504201685113	1461432471535	291.0	-1.0	32.0	18.0	
1504201685130	1461452613136	291.0	-1.0	32.0	18.0	
1504201685147	1461472754738	291.0	-1.0	32.0	18.0	
1504201685182	1461492896339	291.0	-1.0	32.0	18.0	
1504201685201	1461513037941	291.0	-1.0	32.0	18.0	
1504201685218	1461533179543	291.0	-1.0	32.0	18.0	
1504201685233	1461553321144	291.0	-1.0	32.0	18.0	
1504201685253	1461573462746	291.0	-1.0	32.0	18.0	
1504201685272	1461593604347	291.0	-1.0	32.0	18.0	
1504201685288	1461613745949	291.0	-1.0	32.0	18.0	
1504201685324	1461633887550	291.0	-1.0	32.0	18.0	
1504201685345	1461654029152	291.0	-1.0	32.0	18.0	
1504201685359	1461674170753	291.0	-1.0	32.0	18.0	
1504201685374	1461694312355	291.0	-1.0	32.0	18.0	
1504201685394	1461714453957	291.0	-1.0	32.0	18.0	
1504201685411	1461734595558	291.0	-1.0	32.0	18.0	
1504201685430	1461754737160	291.0	-1.0	32.0	18.0	
1504201685464	1461774878761	291.0	-1.0	32.0	18.0	
1504201685483	1461795020363	291.0	-1.0	32.0	18.0	
1504201685499	1461815161964	291.0	-1.0	32.0	18.0	
1504201685515	1461835303566	291.0	-1.0	32.0	18.0	
1504201685536	1461855445168	291.0	-1.0	32.0	18.0	
1504201685552	1461875586769	291.0	-1.0	32.0	18.0	
1504201685570	1461895728371	291.0	-1.0	32.0	18.0	
1504201685608	1461915869972	291.0	-1.0	32.0	18.0	
1504201685623	1461936011574	291.0	-1.0	32.0	18.0	
1504201685640	1461956153175	291.0	-1.0	32.0	18.0	
1504201685656	1461976294777	291.0	-1.0	32.0	18.0	
1504201685676	1461996436378	291.0	-1.0	32.0	18.0	
1504201685694	1462016577980	291.0	-1.0	32.0	18.0	
1504201685711	1462036719582	291.0	-1.0	32.0	18.0	
1504201685747	1462056861183	291.0	-1.0	32.0	18.0	
1504201685764	1462077002785	291.0	-1.0	32.0	18.0	
1504201685781	1462097144386	291.0	-1.0	32.0	18.0	
1504201685799	1462117285988	291.0	-1.0	32.0	18.0	
1504201685814	1462137427589	291.0	-1.0	32.0	18.0	
1504201685834	1462157569191	291.0	-1.0	32.0	18.0	
1504201685853	1462177710793	291.0	-1.0	32.0	18.0	
1504201685887	1462197852394	291.0	-1.0	32.0	18.0	
1504201685906	1462217993996	291.0	-1.0	32.0	18.0	
1504201685922	1462238135597	291.0	-1.0	32.0	18.0	
1504201685940	1462258277199	291.0	-1.0	32.0	18.0	
1504201685956	1462278418800	291.0	-1.0	32.0	18.0	
1504201685975	1462298560402	291.0	-1.0	32.0	18.0	
1504201685993	1462318702003	291.0	-1.0	32.0	18.0	
1504201686028	1462338843605	291.0	-1.0	32.0	18.0	
1504201686046	1462358985207	291.0	-1.0	32.0	18.0	
1504201686063	1462379126808	291.0	-1.0	32.0	18.0	
1504201686081	1462399268410	291.0	-1.0	32.0	18.0	
1504201686096	1462419410011	291.0	-1.0	32.0	18.0	
1504201686117	1462439551613	291.0	-1.0	32.0	18.0	
1504201686138	1462459693214	291.0	-1.0	32.0	18.0	
1504201686170	1462479834816	291.0	-1.0	32.0	18.0	
1504201686187	1462499976418	291.0	-1.0	32.0	18.0	
1504201686208	1462520118019	291.0	-1.0	32.0	18.0	
1504201686223	1462540259621	291.0	-1.0	32.0	18.0	
1504201686237	1462560401222	291.0	-1.0	32.0	18.0	
1504201686259	1462580542824	291.0	-1.0	32.0	18.0	
1504201686277	1462600684425	291.0	-1.0	32.0	18.0	
1504201686310	1462620826027	291.0	-1.0	32.0	18.0	
1504201686329	1462640967628	291.0	-1.0	32.0	18.0	
1504201686347	1462661109230	291.0	-1.0	32.0	18.0	
1504201686363	1462681250832	291.0	-1.0	32.0	18.0	
1504201686381	1462701392433	291.0	-1.0	32.0	18.0	
1504201686401	1462721534035	291.0	-1.0	32.0	18.0	
1504201686415	1462741675636	291.0	-1.0	32.0	18.0	
1504201686460	1462761817238	291.0	-1.0	32.0	18.0	
1504201686471	1462781958839	291.0	-1.0	32.0	18.0	
1504201686487	1462802100441	291.0	-1.0	32.0	18.0	
1504201686504	1462822242043	291.0	-1.0	32.0	18.0	
1504201686521	1462842383644	291.0	-1.0	32.0	18.0	
1504201686542	1462862525246	291.0	-1.0	32.0	18.0	
1504201686558	1462882666847	291.0	-1.0	32.0	18.0	
1504201686595	1462902808449	291.0	-1.0	32.0	18.0	
1504201686612	1462922950050	291.0	-1.0	32.0	18.0	
1504201686627	1462943091652	291.0	-1.0	32.0	18.0	
1504201686645	1462963233253	291.0	-1.0	32.0	18.0	
1504201686664	1462983374855	291.0	-1.0	32.0	18.0	
1504201686681	1463003516457	291.0	-1.0	32.0	18.0	
1504201686705	1463023658058	291.0	-1.0	32.0	18.0	
1504201686733	1463043799660	291.0	-1.0	32.0	18.0	
1504201686751	1463063941261	291.0	-1.0	32.0	18.0	
1504201686768	1463084082863	291.0	-1.0	32.0	18.0	
1504201686786	1463104224464	291.0	-1.0	32.0	18.0	
1504201686801	1463124366066	291.0	-1.0	32.0	18.0	
1504201686830	1463144507668	291.0	-1.0	32.0	18.0	
1504201686839	1463164649269	291.0	-0.1384124755859375	32.0	18.0	
1504201686874	1463184790871	291.0	-0.003448486328125	32.0	18.0	
1504201686894	1463204932472	291.0	-1.0	32.0	18.0	
1504201686914	1463225074074	291.0	-1.0	32.0	18.0	
1504201686937	1463245215675	291.0	-1.0	32.0	18.0	
1504201686943	1463265357277	291.0	-0.4290771484375	32.0	18.0	
1504201686966	1463285498878	291.0	0.0	32.0	18.0	
1504201686982	1463305640480	291.0	0.0	32.0	18.0	
1504201687003	1463325782082	291.0	-0.9965362548828125	32.0	18.0	
1504201687032	1463345923683	291.0	-1.0	32.0	18.0	
1504201687050	1463366065285	291.0	-1.0	32.0	18.0	
1504201687068	1463386206886	291.0	-1.0	32.0	18.0	
1504201687084	1463406348488	291.0	-1.0	32.0	18.0	
1504201687103	1463426490089	291.0	-0.29412841796875	32.0	18.0	
1504201687122	1463446631691	291.0	0.0	32.0	18.0	
1504201687139	1463466773293	291.0	-0.9896087646484375	32.0	18.0	
1504201687174	1463486914894	291.0	-1.0	32.0	18.0	
1504201687195	1463507056496	291.0	-1.0	32.0	18.0	
1504201687209	1463527198097	291.0	-1.0	32.0	18.0	
1504201687225	1463547339699	291.0	-1.0	32.0	18.0	
1504201687244	1463567481300	291.0	-1.0	32.0	18.0	
1504201687262	1463587622902	291.0	-1.0	32.0	18.0	
1504201687281	1463607764503	291.0	-1.0	32.0	18.0	
1504201687315	1463627906105	291.0	-1.0	32.0	18.0	
1504201687334	1463648047707	291.0	-1.0	32.0	18.0	
1504201687350	1463668189308	291.0	-1.0	32.0	18.0	
1504201687366	1463688330910	291.0	-0.4498291015625	32.0	18.0	
1504201687385	1463708472511	291.0	-0.6920318603515625	32.0	18.0	
1504201687403	1463728614113	291.0	-1.0	32.0	18.0	
1504201687421	1463748755714	291.0	-1.0	32.0	18.0	
1504201687459	1463768897316	291.0	-1.0	32.0	18.0	
1504201687474	1463789038918	291.0	-1.0	32.0	18.0	
1504201687491	1463809180519	291.0	-0.5986175537109375	32.0	18.0	
1504201687511	1463829322121	291.0	-0.543243408203125	32.0	18.0	
1504201687529	1463849463722	291.0	-1.0	32.0	18.0	
1504201687544	1463869605324	291.0	-1.0	32.0	18.0	
1504201687562	1463889746925	291.0	-1.0	32.0	18.0	
1504201687598	1463909888527	291.0	-1.0	32.0	18.0	
1504201687617	1463930030128	291.0	-1.0	32.0	18.0	
1504201687632	1463950171730	291.0	-1.0	32.0	18.0	
1504201687648	1463970313332	291.0	-1.0	32.0	18.0	
1504201687667	1463990454933	291.0	-1.0	32.0	18.0	
1504201687685	1464010596535	291.0	-1.0	32.0	18.0	
1504201687703	1464030738136	291.0	-1.0	32.0	18.0	
1504201687738	1464050879738	291.0	-1.0	32.0	18.0	
1504201687756	1464071021339	291.0	-1.0	32.0	18.0	
1504201687773	1464091162941	291.0	-1.0	32.0	18.0	
1504201687789	1464111304543	291.0	-1.0	32.0	18.0	
1504201687809	1464131446144	291.0	-1.0	32.0	18.0	
1504201687826	1464151587746	291.0	-1.0	32.0	18.0	
1504201687845	1464171729347	291.0	-1.0	32.95674133300781	18.0	
1504201687879	1464191870949	291.0	-1.0	33.0	18.0	
1504201687896	1464212012550	291.0	-1.0	33.0	18.0	
1504201687914	1464232154152	291.0	-1.0	33.0	18.0	
1504201687929	1464252295753	291.0	-1.0	33.0	18.0	
1504201687950	1464272437355	291.0	-1.0	33.0	18.0	
1504201687968	1464292578957	291.0	-1.0	33.0	18.0	
1504201687988	1464312720558	291.0	-1.0	33.0	18.0	
1504201688020	1464332862160	291.0	-1.0	33.0	18.0	
1504201688038	1464353003761	291.0	-1.0	33.0	18.0	
1504201688055	1464373145363	291.0	-1.0	33.0	18.0	
1504201688070	1464393286964	291.0	-1.0	33.0	18.0	
1504201688093	1464413428566	291.0	-1.0	33.0	18.0	
1504201688109	1464433570168	291.0	-1.0	33.0	18.0	
1504201688129	1464453711769	291.0	-1.0	33.0	18.0	
1504201688161	1464473853371	291.0	-1.0	33.0	18.0	
1504201688179	1464493994972	291.0	-1.0	33.0	18.0	
1504201688196	1464514136574	291.0	-1.0	33.0	18.0	
1504201688211	1464534278175	291.0	-1.0	33.0	18.0	
1504201688233	1464554419777	291.0	-1.0	33.0	18.0	
1504201688252	1464574561378	291.0	-1.0	33.0	18.0	
1504201688266	1464594702980	291.0	-1.0	33.0	18.0	
1504201688301	1464614844582	291.0	-1.0	33.0	18.0	
1504201688320	1464634986183	291.0	-1.0	33.0	18.0	
1504201688338	1464655127785	291.0	-1.0	33.0	18.0	
1504201688353	1464675269386	291.0	-1.0	33.0	18.0	
1504201688373	1464695410988	291.0	-1.0	33.0	18.0	
1504201688393	1464715552589	291.0	-1.0	33.0	18.0	
1504201688411	1464735694191	291.0	-1.0	33.0	18.0	
1504201688443	1464755835793	291.0	-1.0	33.0	18.0	
1504201688461	1464775977394	291.0	-1.0	33.0	18.0	
1504201688478	1464796118996	291.0	-1.0	33.0	18.0	
1504201688494	1464816260597	291.0	-1.0	33.0	18.0	
1504201688516	1464836402199	291.0	-1.0	33.0	18.0	
1504201688531	1464856543800	291.0	-1.0	33.0	18.0	
1504201688550	1464876685402	291.0	-1.0	33.0	18.0	
1504201688584	1464896827003	291.0	-1.0	33.0	18.0	
1504201688601	1464916968605	291.0	-1.0	33.0	18.0	
1504201688619	1464937110207	291.0	-1.0	33.0	18.0	
1504201688634	1464957251808	291.0	-1.0	33.0	18.0	
1504201688652	1464977393410	291.0	-1.0	33.0	18.0	
1504201688673	1464997535011	291.0	-1.0	32.226654052734375	18.0	
1504201688690	1465017676613	291.0	-1.0	32.0	18.0	
1504201688725	1465037818214	291.0	-1.0	32.0	18.0	
1504201688744	1465057959816	291.0	-1.0	32.0	18.0	
1504201688760	1465078101418	291.3408203125	-1.0	32.0	18.0	
1504201688779	1465098243019	292.0	-1.0	32.0	18.0	
1504201688793	1465118384621	292.0	-1.0	32.0	18.0	
1504201688813	1465138526222	292.0	-1.0	32.0	18.0	
1504201688831	1465158667824	291.0917053222656	-1.0	32.0	18.0	
1504201688867	1465178809425	291.0	-1.0	32.0	18.0	
1504201688883	1465198951027	291.0	-1.0	32.0	18.0	
1504201688901	1465219092628	291.0	-1.0	32.0	18.0	
1504201688917	1465239234230	291.47576904296875	-1.0	32.0	18.0	
1504201688936	1465259375832	292.0	-1.0	32.0	18.0	
1504201688953	1465279517433	292.0	-1.0	32.0	18.0	
1504201688972	1465299659035	291.0986328125	-1.0	32.0	18.0	
1504201689007	1465319800636	291.0	-1.0	32.0	18.0	
1504201689026	1465339942238	291.0	-1.0	32.0	18.0	
1504201689045	1465360083839	291.0	-1.0	32.0	18.0	
1504201689057	1465380225441	291.0	-1.0	32.0	18.0	
1504201689075	1465400367043	291.0	-1.0	32.0	18.0	
1504201689098	1465420508644	291.0	-1.0	32.0	18.0	
1504201689114	1465440650246	291.0	-1.0	32.0	18.0	
1504201689151	1465460791847	291.0	-1.0	32.0	18.0	
1504201689173	1465480933449	291.0	-1.0	32.0	18.0	
1504201689185	1465501075050	291.0	-1.0	32.0	18.0	
1504201689199	1465521216652	291.0	-1.0	32.0	18.0	
1504201689219	1465541358253	291.0	-1.0	32.0	18.0	
1504201689237	1465561499855	291.0	-1.0	32.0	18.0	
1504201689254	1465581641457	291.0	-1.0	32.0	18.0	
1504201689288	1465601783058	291.0	-1.0	32.0	18.0	
1504201689309	1465621924660	291.0	-1.0	32.0	18.0	
1504201689325	1465642066261	291.0	-1.0	32.0	18.0	
1504201689341	1465662207863	291.0	-1.0	32.0	18.0	
1504201689360	1465682349464	291.0	-1.0	32.0	18.0	
1504201689376	1465702491066	291.0	-1.0	32.0	18.0	
1504201689395	1465722632668	291.0	-1.0	32.0	18.0	
1504201689430	1465742774269	291.0	-1.0	32.0	18.0	
1504201689447	1465762915871	291.0	-1.0	32.0	18.0	
1504201689465	1465783057472	291.0	-1.0	32.0	18.0	
1504201689480	1465803199074	291.0	-1.0	32.0	18.0	
1504201689500	1465823340675	291.0	-1.0	32.0	18.0	
1504201689518	1465843482277	291.0	-1.0	32.0	18.0	
1504201689536	1465863623878	291.0	-1.0	32.0	18.0	
1504201689573	1465883765480	291.0	-1.0	32.0	18.0	
1504201689590	1465903907082	291.0	-1.0	32.0	18.0	
1504201689607	1465924048683	291.0	-1.0	32.0	18.0	
1504201689621	1465944190285	291.0	-1.0	32.0	18.0	
1504201689640	1465964331886	291.0	-1.0	32.0	18.0	
1504201689659	1465984473488	291.0	-1.0	32.0	18.0	
1504201689677	1466004615089	291.0	-1.0	32.0	18.0	
1504201689712	1466024756691	291.0	-1.0	32.0	18.0	
1504201689729	1466044898293	291.0	-1.0	32.0	18.0	
1504201689749	1466065039894	291.0	-1.0	32.0	18.0	
1504201689766	1466085181496	291.0	-1.0	32.0	18.0	
1504201689783	1466105323097	291.0	-1.0	32.0	18.0	
1504201689800	1466125464699	291.0	-1.0	32.0	18.0	
1504201689818	1466145606300	291.0	-1.0	32.0	18.0	
1504201689853	1466165747902	291.0	-1.0	32.0	18.0	
1504201689873	1466185889503	291.0	-1.0	32.0	18.0	
1504201689889	1466206031105	291.0	-1.0	32.0	18.0	
1504201689903	1466226172707	291.0	-1.0	32.0	18.0	
1504201689921	1466246314308	291.0	-1.0	32.0	18.0	
1504201689941	1466266455910	291.0	-1.0	32.0	18.0	
1504201689959	1466286597511	291.0	-1.0	32.0	18.0	
1504201689979	1466306739113	291.0	-1.0	32.0	18.0	
1504201690011	1466326880714	291.0	-1.0	32.0	18.0	
1504201690028	1466347022316	291.0	-1.0	32.2802734375	18.0	
1504201690044	1466367163918	291.0	-1.0	33.0	18.0	
1504201690065	1466387305519	291.0	-1.0	33.0	18.0	
1504201690083	1466407447121	291.0	-1.0	33.0	18.0	
1504201690103	1466427588722	291.0	-1.0	33.0	18.0	
1504201690116	1466447730324	291.0	-1.0	33.0	18.0	
1504201690152	1466467871925	291.0	-1.0	33.0	18.0	
1504201690169	1466488013527	291.0	-1.0	33.0	18.0	
1504201690186	1466508155128	291.0	-1.0	33.0	18.0	
1504201690204	1466528296730	291.0	-1.0	33.0	18.0	
1504201690223	1466548438332	291.0	-1.0	33.0	18.0	
1504201690242	1466568579933	291.0	-1.0	33.0	18.0	
1504201690258	1466588721535	291.0	-1.0	33.0	18.0	
1504201690294	1466608863136	291.0	-1.0	33.0	18.0	
1504201690310	1466629004738	291.0	-1.0	33.0	18.0	
1504201690328	1466649146339	291.0	-1.0	33.0	18.0	
1504201690344	1466669287941	291.0	-1.0	33.0	18.0	
1504201690366	1466689429543	291.0	-1.0	33.0	18.0	
1504201690381	1466709571144	291.0	-1.0	33.0	18.0	
1504201690399	1466729712746	291.0	-1.0	33.0	18.0	
1504201690442	1466749854347	291.0	-1.0	33.0	18.0	
1504201690452	1466769995949	291.0	-1.0	33.0	18.0	
1504201690467	1466790137550	291.0	-1.0	33.0	18.0	
1504201690488	1466810279152	291.0	-1.0	33.0	18.0	
1504201690506	1466830420753	291.0	-1.0	33.0	18.0	
1504201690522	1466850562355	291.0	-1.0	33.0	18.0	
1504201690540	1466870703957	291.0	-1.0	33.0	18.0	
1504201690575	1466890845558	291.0	-1.0	33.0	18.0	
1504201690595	1466910987160	291.0	-1.252593994140625	33.0	18.0	
1504201690609	1466931128761	291.0	-2.0	33.0	18.0	
1504201690631	1466951270363	291.0	-1.4636688232421875	33.0	18.0	
1504201690646	1466971411964	291.0	-1.0	33.0	18.0	
1504201690665	1466991553566	291.0	-1.0	33.0	18.0	
1504201690682	1467011695168	291.0	-1.9619293212890625	33.0	18.0	
1504201690716	1467031836769	291.0	-2.0	33.0	18.0	
1504201690733	1467051978371	291.0	-2.0	33.0	18.0	
1504201690749	1467072119972	291.0	-2.0	33.0	18.0	
1504201690766	1467092261574	291.0	-2.0	33.0	18.0	
1504201690786	1467112403175	291.0	-2.0	33.0	18.0	
1504201690804	1467132544777	291.0	-2.0	33.0	18.0	
1504201690823	1467152686378	291.0	-2.0	33.0	18.0	
1504201690857	1467172827980	291.0	-2.0	33.0	18.0	
1504201690874	1467192969582	291.0	-2.0	33.0	18.0	
1504201690894	1467213111183	291.0	-2.0	33.0	18.0	
1504201690910	1467233252785	291.0	-2.0	33.0	18.0	
1504201690929	1467253394386	291.0	-2.0	33.0	18.0	
1504201690944	1467273535988	291.0	-2.0	33.80621337890625	18.0	
1504201690963	1467293677589	291.0	-2.0	34.0	18.0	
1504201690998	1467313819191	291.0	-1.0	34.0	18.0	
1504201691018	1467333960793	291.0	-1.0	34.0	18.0	
1504201691032	1467354102394	291.0	-1.0	34.0	18.0	
1504201691051	1467374243996	291.0	-1.51556396484375	34.0	18.0	
1504201691069	1467394385597	291.0	-2.0	34.0	18.0	
1504201691088	1467414527199	291.0	-2.0	34.0	18.0	
1504201691103	1467434668800	291.0	-2.0	34.0	18.0	
1504201691139	1467454810402	291.0	-2.0	34.0	18.0	
1504201691159	1467474952003	291.0	-2.0	34.0	18.0	
1504201691172	1467495093605	291.0	-2.0	33.63322448730469	18.0	
1504201691190	1467515235207	291.0	-2.0	33.0	18.0	
1504201691209	1467535376808	291.0	-2.0	33.0	18.0	
1504201691227	1467555518410	291.0	-2.0	33.0	18.0	
1504201691246	1467575660011	291.0	-2.0	33.0	18.0	
1504201691280	1467595801613	291.0	-2.0	33.0	18.0	
1504201691299	1467615943214	291.0	-2.0	33.0	18.0	
1504201691313	1467636084816	291.0	-2.0	33.0	18.0	
1504201691333	1467656226418	291.0	-1.496551513671875	33.0	18.0	
1504201691351	1467676368019	291.0	-1.0	33.0	18.0	
1504201691368	1467696509621	291.0	-1.0	33.0	18.0	
1504201691386	1467716651222	291.0	-1.0	33.0	18.0	
1504201691424	1467736792824	291.0	-1.0709228515625	33.0	18.0	
1504201691438	1467756934425	291.0	-1.787200927734375	33.0	18.0	
1504201691456	1467777076027	291.0	-1.0	33.0	18.0	
1504201691474	1467797217628	291.0	-1.0	33.0	18.0	
1504201691489	1467817359230	291.0	-1.0	33.0	18.0	
1504201691510	1467837500832	291.0	-1.0	33.0	18.0	
1504201691526	1467857642433	291.0	-1.0	33.0	18.0	
1504201691561	1467877784035	291.0	-1.0	33.0	18.0	
1504201691579	1467897925636	291.0	-1.0	33.0	18.0	
1504201691595	1467918067238	291.0	-1.0	33.0	18.0	
1504201691616	1467938208839	291.0	-1.0	33.0	18.0	
1504201691633	1467958350441	291.0	-1.0	33.0	18.0	
1504201691650	1467978492043	291.0	-1.0	33.0	18.0	
1504201691669	1467998633644	291.0	-1.0	33.0	18.0	
1504201691703	1468018775246	291.0	-1.0	33.0	18.0	
1504201691720	1468038916847	291.0	-1.0	33.0	18.0	
1504201691736	1468059058449	291.0	-1.0	33.0	18.0	
1504201691756	1468079200050	291.0	-1.0	33.0	18.0	
1504201691771	1468099341652	291.0	-1.0	33.0	18.0	
1504201691800	1468119483253	291.0	-1.0	33.0	18.0	
1504201691808	1468139624855	291.0	-1.0	33.0	18.0	
1504201691843	1468159766457	291.0	-1.0	33.0	18.0	
1504201691865	1468179908058	291.0	-1.0	33.0	18.0	
1504201691881	1468200049660	291.0	-1.0	33.0	18.0	
1504201691898	1468220191261	291.0	-1.0	33.0	18.0	
1504201691912	1468240332863	291.0	-1.0	33.0	18.0	
1504201691932	1468260474464	291.0	-1.0	33.0	18.0	
1504201691953	1468280616066	291.0	-1.0	33.0	18.0	
1504201691985	1468300757668	291.0	-1.0	33.0	18.0	
1504201692002	1468320899269	291.0	-1.0	33.0	18.0	
1504201692018	1468341040871	291.0	-1.0	33.0	18.0	
1504201692039	1468361182472	291.0	-1.0	33.0	18.0	
1504201692056	1468381324074	291.0	-1.0	33.0	18.0	
1504201692073	1468401465675	291.0	-1.0	33.0	18.0	
1504201692091	1468421607277	291.0	-1.0	33.0	18.0	
1504201692126	1468441748878	291.0	-1.0	33.0	18.0	
1504201692143	1468461890480	291.0	-1.0	32.821807861328125	18.0	
1504201692159	1468482032082	291.0	-1.0	32.0	18.0	
1504201692179	1468502173683	291.0	-1.0	32.0	18.0	
1504201692195	1468522315285	291.0	-1.0	32.60380554199219	18.0	
1504201692217	1468542456886	291.0	-1.0	33.0	18.0	
1504201692231	1468562598488	291.0	-1.0	33.0	18.0	
1504201692266	1468582740089	291.0	-1.0	33.0	18.0	
1504201692286	1468602881691	291.0	-1.0	33.0	18.0	
1504201692300	1468623023293	291.0	-1.0	33.0	18.0	
1504201692321	1468643164894	291.0	-1.0	33.0	18.0	
1504201692335	1468663306496	291.0	-1.0	33.0	18.0	
1504201692356	1468683448097	291.0	-1.0	33.0	18.0	
1504201692373	1468703589699	291.0	-1.0	33.0	18.0	
1504201692408	1468723731300	291.0	-1.0	33.0	18.0	
1504201692426	1468743872902	291.0	-1.0	33.0	18.0	
1504201692441	1468764014503	291.0	-1.0	33.0	18.0	
1504201692462	1468784156105	291.0	-1.0	33.0	18.0	
1504201692482	1468804297707	291.0	-1.0	33.0	18.0	
1504201692496	1468824439308	291.0	-1.0	33.0	18.0	
1504201692516	1468844580910	291.0	-1.0	33.0	18.0	
1504201692548	1468864722511	291.0	-1.0	33.0	18.0	
1504201692566	1468884864113	291.0	-1.0	33.0	18.0	
1504201692582	1468905005714	291.0	-1.0	33.0	18.0	
1504201692604	1468925147316	291.0	-1.0	33.0	18.0	
1504201692618	1468945288918	291.0	-1.0	33.0	18.0	
1504201692638	1468965430519	291.0	-1.0	33.0	18.0	
1504201692656	1468985572121	291.0	-1.0	33.0	18.0	
1504201692691	1469005713722	291.0	-1.0	33.0	18.0	
1504201692709	1469025855324	291.0	-1.0	33.0	18.0	
1504201692723	1469045996925	291.0	-1.0	33.0	18.0	
1504201692746	1469066138527	291.0	-1.0	33.0	18.0	
1504201692759	1469086280128	291.0	-1.0	33.0	18.0	
1504201692783	1469106421730	291.0	-1.0	33.0	18.0	
1504201692796	1469126563332	291.0	-1.0	33.0	18.0	
1504201692834	1469146704933	291.0	-1.0	33.0	18.0	
1504201692848	1469166846535	291.0	-1.0	33.0	18.0	
1504201692866	1469186988136	291.0	-1.0	33.0	18.0	
1504201692883	1469207129738	291.0	-1.0	33.0	18.0	
1504201692901	1469227271339	291.0	-1.5691986083984375	33.0	18.0	
1504201692919	1469247412941	291.0	-2.0	33.0	18.0	
1504201692937	1469267554543	291.0	-2.0	33.0	18.0	
1504201692955	1469287696144	291.0	-2.0	33.0	18.0	
1504201692990	1469307837746	291.0	-2.0	33.0	18.0	
1504201693012	1469327979347	291.0	-2.0	33.0	18.0	
1504201693023	1469348120949	291.0	-2.0	33.0	18.0	
1504201693040	1469368262550	291.0	-2.0	33.0	18.0	
1504201693060	1469388404152	291.0	-2.0	33.0	18.0	
1504201693077	1469408545753	291.0	-2.0	33.0	18.0	
1504201693096	1469428687355	291.0	-2.0	33.0	18.0	
1504201693131	1469448828957	291.0	-2.0	33.0	18.0	
1504201693148	1469468970558	291.0	-2.0	33.0	18.0	
1504201693163	1469489112160	291.0	-2.0	33.0	18.0	
1504201693181	1469509253761	291.0	-2.0	33.0	18.0	
1504201693201	1469529395363	291.0	-2.0	33.0	18.0	
1504201693218	1469549536964	291.0	-2.0	33.0	18.0	
1504201693235	1469569678566	291.0	-2.0	33.0	18.0	
1504201693274	1469589820168	291.0	-2.0	33.0	18.0	
1504201693289	1469609961769	291.0	-2.0	33.0	18.0	
1504201693306	1469630103371	291.0	-2.0	33.0	18.0	
1504201693329	1469650244972	291.0	-2.0	33.0	18.0	
1504201693342	1469670386574	291.0	-1.3079681396484375	33.0	18.0	
1504201693360	1469690528175	291.0	-1.0	33.0	18.0	
1504201693377	1469710669777	291.0	-1.0	33.0	18.0	
1504201693412	1469730811378	291.0	-1.0	33.0	18.0	
1504201693430	1469750952980	291.0	-1.0	33.0	18.0	
1504201693448	1469771094582	291.0	-1.0	33.0	18.0	
1504201693463	1469791236183	291.0	-1.0	33.0	18.0	
1504201693484	1469811377785	291.0	-1.0	33.0	18.0	
1504201693501	1469831519386	291.0	-1.0	33.0	18.0	
1504201693523	1469851660988	291.0	-1.0	33.0	18.0	
1504201693553	1469871802589	291.0	-1.0	33.0	18.0	
1504201693571	1469891944191	291.0	-1.0	33.0	18.0	
1504201693586	1469912085793	291.0	-1.3944549560546875	33.0	18.0	
1504201693607	1469932227394	291.0	-2.0	33.0	18.0	
1504201693625	1469952368996	291.0	-2.0	33.0	18.0	
1504201693642	1469972510597	291.0	-1.179931640625	33.0	18.0	
1504201693660	1469992652199	291.0	-1.0	33.0	18.0	
1504201693695	1470012793800	291.0	-1.0	33.0	18.0	
1504201693713	1470032940320	291.0	-1.0	33.0	18.0	
1504201693729	1470053081921	291.0	-1.0	33.0	18.0	
1504201693747	1470073223523	290.4705810546875	-1.0	33.0	18.0	
1504201693765	1470093365125	290.6712646484375	-1.0	33.0	18.0	
1504201693783	1470113506726	291.0	-1.0	33.0	18.0	
1504201693803	1470133648328	291.0	-1.95501708984375	33.0	18.0	
1504201693835	1470153789929	291.0	-2.0	33.0	18.0	
1504201693853	1470173931531	291.0	-2.0	33.0	18.0	
1504201693869	1470194073132	291.0	-2.0	33.0	18.0	
1504201693886	1470214214734	291.0	-2.0	33.0	18.0	
1504201693906	1470234356336	291.0	-2.0	33.0	18.0	
1504201693924	1470254497937	291.0	-2.0	33.0	18.0	
1504201693943	1470274639539	291.0	-2.0	33.0	18.0	
1504201693976	1470294781140	291.0	-2.0	33.0	18.0	
1504201693994	1470314922742	291.0	-2.0	33.0	18.0	
1504201694010	1470335064343	291.0	-2.0	33.0	18.0	
1504201694030	1470355205945	291.0	-2.0	33.0	18.0	
1504201694049	1470375347546	291.0	-2.0	33.0	18.0	
1504201694069	1470395489148	291.0	-2.0	33.0	18.0	
1504201694083	1470415630750	291.0	-2.0	33.0	18.0	
1504201694115	1470435772351	291.0	-2.0	33.0	-1.0	
1504201694133	1470455913953	291.0	-2.0	33.0	-1.0	
1504201694150	1470476055554	291.0	-2.0	33.0	-1.0	
1504201694168	1470496197156	291.0	-2.0	33.0	-1.0	
1504201694186	1470516338757	291.0	-2.0	33.0	-1.0	
1504201694204	1470536480359	291.0	-2.0	33.79237365722656	-1.0	
1504201694221	1470556621961	291.0	-2.0	34.0	-1.0	
1504201694258	1470576763562	291.0	-2.0	34.0	-1.0	
1504201694274	1470596905164	291.0	-2.217987060546875	34.0	-1.0	
1504201694291	1470617046765	291.0	-3.0	34.35984802246094	-1.0	
1504201694309	1470637188367	291.0	-3.0	35.0	-1.0	
1504201694331	1470657329968	291.0	-3.0	35.0	-1.0	
1504201694345	1470677471570	291.0	-3.0	35.78546142578125	-1.0	
1504201694363	1470697613171	291.0	-3.0	36.0	-1.0	
1504201694397	1470717754773	291.0	-4.0	36.93080139160156	-1.0	
1504201694415	1470737896375	291.0	-4.0	36.0	-1.0	
1504201694432	1470758037976	291.0	-4.0	36.0	-1.0	
1504201694450	1470778179578	291.0	-4.0	36.0	-1.0	
1504201694467	1470798321179	291.0	-4.0	36.0	-1.0	
1504201694486	1470818462781	291.0	-4.0	36.0	-1.0	
1504201694504	1470838604382	290.07958984375	-3.07958984375	36.92041015625	-1.0	
1504201694543	1470858745984	290.062255859375	-3.0	38.0	-1.0	
1504201694555	1470878887586	291.0	-3.0	38.0	-1.0	
1504201694573	1470899029187	291.0	-3.34600830078125	38.0	-1.0	
1504201694603	1470919170789	291.0	-4.0	38.0	-1.0	
1504201694609	1470939312390	291.0	-4.0	37.37025451660156	-1.0	
1504201694632	1470959453992	291.0	-4.0	37.0	-1.0	
1504201694644	1470979595593	290.0865173339844	-4.0	36.086517333984375	-1.0	
1504201694680	1470999737195	290.0	-3.0	35.0	-1.0	
1504201694697	1471019878796	290.0	-2.8027801513671875	34.80278015136719	-1.0	
1504201694714	1471040020398	290.0	-2.0	34.0	-1.0	
1504201694733	1471060162000	290.0	-1.51904296875	34.0	-1.0	
1504201694751	1471080303601	290.0	-1.0	33.377166748046875	-1.0	
1504201694771	1471100445203	290.0	-1.0	33.0	-1.0	
1504201694787	1471120586804	290.0	-1.0	33.0	-1.0	
1504201694821	1471140728406	290.0	-0.951568603515625	33.0	-1.0	
1504201694842	1471160870007	290.0	0.0	32.8096923828125	-1.0	
1504201694859	1471181011609	290.0	0.0	32.0	-1.0	
1504201694876	1471201153211	290.0	0.0	32.0	-1.0	
1504201694891	1471221294812	290.0	0.0	32.0	-1.0	
1504201694909	1471241436414	289.240478515625	0.0	32.0	-1.0	
1504201694927	1471261578015	289.0	0.0	32.0	-1.0	
1504201694961	1471281719617	289.0	0.0	32.0	-1.0	
1504201694978	1471301861218	289.0	0.0	32.0	-1.0	
1504201694996	1471322002820	289.0	0.0	32.0	-1.0	
1504201695014	1471342144421	289.0	0.0	32.0	-1.0	
1504201695031	1471362286023	289.0	0.0	32.0	-1.0	
1504201695049	1471382427625	289.0	0.0	32.0	-1.0	
1504201695067	1471402569226	289.0	0.0	32.0	-1.0	
1504201695102	1471422710828	289.0	0.0	32.0	-1.0	
1504201695124	1471442852429	289.0	0.0	32.0	-1.0	
1504201695137	1471462994031	289.0	0.0	32.320068359375	-1.0	
1504201695155	1471483135632	289.0	0.0	33.0	-1.0	
1504201695174	1471503277234	289.0	0.0	33.0	-1.0	
1504201695191	1471523418836	289.0	0.0	33.0	-1.0	
1504201695210	1471543560437	289.0	0.0	33.0	-1.0	
1504201695247	1471563702039	289.0	1.0	33.0	-1.0	
1504201695263	1471583843640	289.0	1.0	33.0	-1.0	
1504201695278	1471603985242	289.0	1.0	33.0	-1.0	
1504201695296	1471624126843	289.0	1.0	33.45501708984375	-1.0	
1504201695313	1471644268445	289.0	0.4031219482421875	33.40312194824219	-1.0	
1504201695332	1471664410046	289.0	0.0	33.0	-1.0	
1504201695350	1471684551648	289.0	0.0	33.0	-1.0	
1504201695388	1471704693250	289.0	0.0	33.0	-1.0	
1504201695402	1471724834851	289.0	0.0	33.0	-1.0	
1504201695419	1471744976453	289.0	0.0	33.0	-1.0	
1504201695437	1471765118054	289.0	0.0	33.0	-1.0	
1504201695457	1471785259656	289.0	0.0	33.0	-1.0	
1504201695472	1471805401257	289.0	0.0	33.0	-1.0	
1504201695490	1471825542859	289.0	0.0	33.0	-1.0	
1504201695526	1471845684461	289.0	0.0	33.0	-1.0	
1504201695543	1471865826062	289.0	0.0	33.0	-1.0	
1504201695562	1471885967664	289.0	0.0	33.0	-1.0	
1504201695579	1471906109265	289.0	0.0	33.0	-1.0	
1504201695596	1471926250867	289.0	0.0	33.0	-1.0	
1504201695614	1471946392468	289.0	0.0	33.0	-1.0	
1504201695632	1471966534070	289.0	0.0	33.0	-1.0	
1504201695667	1471986675671	289.0	0.0	33.0	-1.0	
1504201695684	1472006817273	289.0	0.0	33.0	-1.0	
1504201695701	1472026958875	289.0	0.0	33.0	-1.0	
1504201695720	1472047100476	289.0	0.0	33.0	-1.0	
1504201695736	1472067242078	289.0	0.0	33.0	-1.0	
1504201695754	1472087383679	289.0	0.0	33.0	-1.0	
1504201695772	1472107525281	289.0	0.0	33.0	-1.0	
1504201695807	1472127666882	289.0	0.0	33.0	-1.0	
1504201695825	1472147808484	289.0	0.0	33.0	-1.0	
1504201695843	1472167950086	289.0	0.0	33.0	-1.0	
1504201695862	1472188091687	289.0	0.0	33.0	-1.0	
1504201695878	1472208233289	289.0	0.0	33.0	-1.0	
1504201695897	1472228374890	289.0	0.0	33.0	-1.0	
1504201695918	1472248516492	289.0	0.0	33.0	-1.0	
1504201695932	1472268658093	289.99481201171875	0.0	33.0	-1.0	
1504201695968	1472288799695	289.0	0.0	33.0	-1.0	
1504201695983	1472308941296	289.0	0.0	33.0	-1.0	
1504201696002	1472329082898	289.0	0.0	33.0	-1.0	
1504201696019	1472349224500	289.0	0.0	33.0	-1.0	
1504201696037	1472369366101	289.0	0.0	33.0	-1.0	
1504201696055	1472389507703	289.0	0.0	33.0	-1.0	
1504201696072	1472409649304	289.0	0.0	33.0	-1.0	
1504201696107	1472429790906	290.0	0.0	33.0	-1.0	
1504201696123	1472449932507	290.0	0.0	33.0	-1.0	
1504201696142	1472470074109	290.0	0.0	33.0	-1.0	
1504201696159	1472490215711	290.0	0.0	33.0	-1.0	
1504201696181	1472510357312	290.0	0.0	33.0	-1.0	
1504201696195	1472530498914	290.0	0.0	33.0	-1.0	
1504201696215	1472550640515	290.0	0.0	33.0	-1.0	
1504201696248	1472570782117	290.0	0.0	33.0	-1.0	
1504201696266	1472590923718	290.0	0.0	33.0	-1.0	
1504201696284	1472611065320	290.0	0.0	33.0	-1.0	
1504201696300	1472631206921	290.0	0.0	33.0	-1.0	
1504201696323	1472651348523	290.0	0.0	33.0	-1.0	
1504201696336	1472671490125	290.0	0.0	33.0	-1.0	
1504201696354	1472691631726	290.0	0.0	33.0	-1.0	
1504201696388	1472711773328	290.0	0.0	33.0	-1.0	
1504201696406	1472731914929	290.0	0.0	33.0	-1.0	
1504201696425	1472752056531	290.0	0.0	33.0	-1.0	
1504201696445	1472772198132	290.0	0.0	33.0	-1.0	
1504201696459	1472792339734	290.0	0.0	33.0	-1.0	
1504201696477	1472812481336	290.0	0.0	33.0	-1.0	
1504201696494	1472832622937	290.0	0.0	33.0	-1.0	
1504201696530	1472852764539	290.0	0.0	33.0	-1.0	
1504201696546	1472872906140	290.0	0.0	33.0	-1.0	
1504201696565	1472893047742	290.0	0.0	33.0	-1.0	
1504201696583	1472913189343	290.0	0.0	33.0	-1.0	
1504201696600	1472933330945	290.0	0.0	33.0	-1.0	
1504201696618	1472953472546	290.0	0.0	33.0	-1.0	
1504201696653	1472973614148	290.0	0.0	33.0	-1.0	
1504201696671	1472993755750	290.0	0.0	33.0	-1.0	
1504201696688	1473013897351	290.0	0.0	33.0	-1.0	
1504201696710	1473034038953	290.0	0.0	33.0	-1.0	
1504201696723	1473054180554	290.0	0.0	33.0	-1.0	
1504201696742	1473074322156	290.0	0.0	33.0	-1.0	
1504201696760	1473094463757	290.0	0.0	33.0	-1.0	
1504201696794	1473114605359	290.0	0.0	33.0	-1.0	
1504201696811	1473134746961	290.0	0.0	33.0	-1.0	
1504201696828	1473154888562	290.0	0.0	33.0	-1.0	
1504201696847	1473175030164	290.0	0.0	33.0	-1.0	
1504201696863	1473195171765	290.0	0.0	33.0	-1.0	
1504201696882	1473215313367	290.0	0.0	33.0	-1.0	
1504201696900	1473235454968	290.0	0.0	33.0	-1.0	
1504201696935	1473255596570	290.0	0.0	33.0	-1.0	
1504201696953	1473275738171	290.0	0.0	33.0	-1.0	
1504201696973	1473295879773	290.0	0.0	33.0	-1.0	
1504201696988	1473316021375	290.0	0.0	33.0	-1.0	
1504201697006	1473336162976	290.0	0.0	33.0	-1.0	
1504201697025	1473356304578	290.0	0.0	33.0	-1.0	
1504201697041	1473376446179	290.0	0.0	33.0	-1.0	
1504201697076	1473396587781	290.0	0.0	33.0	-1.0	
1504201697095	1473416729382	290.0	0.0	33.0	-1.0	
1504201697111	1473436870984	290.0	0.0	33.0	-1.0	
1504201697129	1473457012586	290.0	0.0	33.0	-1.0	
1504201697147	1473477154187	290.0	0.0	33.0	-1.0	
1504201697165	1473497295789	290.0	0.0	33.0	-1.0	
1504201697182	1473517437390	290.0	0.0	33.0	-1.0	
1504201697218	1473537578992	290.0	0.0	33.0	-1.0	
1504201697239	1473557720593	290.0	0.0	33.0	-1.0	
1504201697251	1473577862195	290.0	0.0	33.0	-1.0	
1504201697270	1473598003796	290.0	0.0	33.0	-1.0	
1504201697287	1473618145398	290.0	0.0	33.0	-1.0	
1504201697306	1473638287000	290.0	0.0	33.0	-1.0	
1504201697323	1473658428601	290.0	0.0	33.0	-1.0	
1504201697358	1473678570203	290.0	0.0	33.0	-1.0	
1504201697378	1473698711804	290.0	0.0	33.0	-1.0	
1504201697393	1473718853406	290.0	0.0	33.0	-1.0	
1504201697411	1473738995007	290.0	0.0	33.0	-1.0	
1504201697432	1473759136609	290.0	0.0	33.0	-1.0	
1504201697448	1473779278211	290.0	0.0	33.0	-1.0	
1504201697466	1473799419812	290.0	0.0	33.0	-1.0	
1504201697503	1473819561414	290.0	0.0	33.0	-1.0	
1504201697518	1473839703015	290.0	0.0	33.0	-1.0	
1504201697534	1473859844617	290.0	0.0	33.0	-1.0	
1504201697552	1473879986218	290.0	0.0	33.0	-1.0	
1504201697569	1473900127820	290.0	0.0	33.0	-1.0	
1504201697587	1473920269421	290.0	0.0	33.0	-1.0	
1504201697622	1473940411023	290.0	0.0	33.0	-1.0	
1504201697640	1473960552625	290.0	0.0	33.0	-1.0	
1504201697657	1473980694226	290.0	0.0	33.0	-1.0	
1504201697674	1474000835828	290.0	0.0	33.0	-1.0	
1504201697693	1474020977429	290.0	0.0	33.0	-1.0	
1504201697711	1474041119031	290.0	0.0	33.0	-1.0	
1504201697730	1474061260632	290.0	0.0	33.0	-1.0	
1504201697769	1474081402234	290.0	0.0	33.0	-1.0	
1504201697782	1474101543836	290.0	0.0	33.0	-1.0	
1504201697799	1474121685437	290.0	0.0	33.0	-1.0	
1504201697816	1474141827039	290.0	0.0	33.0	-1.0	
1504201697834	1474161968640	290.0	0.0	33.0	-1.0	
1504201697854	1474182110242	290.0	0.0	33.0	-1.0	
1504201697870	1474202251843	290.0	0.0	33.0	-1.0	
1504201697905	1474222393445	290.0	0.0	33.0	-1.0	
1504201697930	1474242535046	290.0	0.0	33.0	-1.0	
1504201697940	1474262676648	290.0	0.0	33.0	-1.0	
1504201697957	1474282818250	290.0	0.0	33.0	-1.0	
1504201697975	1474302959851	290.0	0.0	33.0	-1.0	
1504201697992	1474323101453	290.0	0.0	33.0	-1.0	
1504201698011	1474343243054	290.0	0.0	33.0	-1.0	
1504201698045	1474363384656	290.0	0.0	33.0	-1.0	
1504201698063	1474383526257	290.0	0.0	33.0	-1.0	
1504201698081	1474403667859	290.0	0.0	33.0	-1.0	
1504201698098	1474423809461	290.0	0.0	33.0	-1.0	
1504201698117	1474443951062	290.0	0.0	33.0	-1.0	
1504201698133	1474464092664	290.0	0.0	33.0	-1.0	
1504201698152	1474484234265	290.0	0.0	33.0	-1.0	
1504201698186	1474504375867	290.0	0.0	33.0	-1.0	
1504201698204	1474524517468	290.0	0.0	33.0	-1.0	
1504201698222	1474544659070	290.0	0.0	33.0	-1.0	
1504201698238	1474564800671	290.5382080078125	0.0	33.0	-1.0	
1504201698257	1474584942273	290.31597900390625	0.0	33.0	-1.0	
1504201698275	1474605083875	290.0	0.0	33.0	-1.0	
1504201698295	1474625225476	290.0	0.0	33.0	-1.0	
1504201698327	1474645367078	290.0	0.0	33.0	-1.0	
1504201698345	1474665508679	290.0	0.0	33.0	-1.0	
1504201698362	1474685650281	290.0	0.0	33.0	-1.0	
1504201698380	1474705791882	290.0	0.0	33.0	-1.0	
1504201698398	1474725933484	290.0	0.7048492431640625	33.0	-1.0	
1504201698416	1474746075086	290.0	1.0	33.0	-1.0	
1504201698434	1474766216687	290.0	1.0	33.0	-1.0	
1504201698468	1474786358289	290.0	1.0	33.14234924316406	-1.0	
1504201698487	1474806499890	290.0	1.0	34.0	-1.0	
1504201698503	1474826641492	290.0	1.43402099609375	34.0	-1.0	
1504201698520	1474846783093	290.0	2.0	34.0	-1.0	
1504201698540	1474866924695	290.0	2.0	33.27430725097656	-1.0	
1504201698560	1474887066296	290.0	2.0	33.0	-1.0	
1504201698592	1474907207898	290.0	2.0	34.01734924316406	-1.0	
1504201698609	1474927349500	290.0	2.0	34.83680725097656	-1.0	
1504201698627	1474947491101	290.0	2.0	33.3819580078125	-1.0	
1504201698645	1474967632703	290.0	2.0	32.0	-1.0	
1504201698662	1474987774304	290.0	2.0	31.399307250976563	-1.0	
1504201698680	1475007915906	290.0	2.0	31.74652099609375	-1.0	
1504201698697	1475028057507	290.0	2.0	32.0	-1.0	
1504201698732	1475048199109	290.0	2.0	33.96180725097656	-1.0	
1504201698750	1475068340711	290.0	2.0	32.81597900390625	-1.0	
1504201698767	1475088482312	290.0	2.0	32.0	-1.0	
1504201698786	1475108623914	290.0	2.0	32.0	-1.0	
1504201698803	1475128765515	290.0	2.0	32.0	-1.0	
1504201698828	1475148907117	290.0	2.0	32.0	-1.0	
1504201698839	1475169048718	290.0	2.0	32.0	-1.0	
1504201698875	1475189190320	290.0	1.94097900390625	32.0	-1.0	
1504201698892	1475209331921	290.0	1.0	32.0	-1.0	
1504201698917	1475229473523	290.0	1.0	32.0	-1.0	
1504201698928	1475249615125	290.0	1.0	32.0	-1.0	
1504201698943	1475269756726	290.0	1.0	32.0	-1.0	
1504201698963	1475289898328	290.0	1.0	32.0	-1.0	
1504201698980	1475310039929	290.0	1.0	32.0	-1.0	
1504201699017	1475330181531	290.0	1.0	32.0	-1.0	
1504201699033	1475350323132	290.0	1.0	32.0	-1.0	
1504201699050	1475370464734	290.0	1.0	32.0	-1.0	
1504201699067	1475390606336	290.0	0.4826507568359375	32.0	-1.0	
1504201699088	1475410747937	290.0	0.0	32.0	-1.0	
1504201699103	1475430889539	290.0	0.0	32.0	-1.0	
1504201699120	1475451031140	290.0	0.0	32.0	-1.0	
1504201699156	1475471172742	290.0	0.0	32.0	-1.0	
1504201699173	1475491314343	290.0	0.0	32.0	-1.0	
1504201699191	1475511455945	290.0	0.0	31.607650756835938	-1.0	
1504201699209	1475531597546	290.0	0.0	31.538192749023438	-1.0	
1504201699226	1475551739148	290.0	0.0	32.0	-1.0	
1504201699245	1475571880750	290.0	0.0	32.0	-1.0	
1504201699262	1475592022351	290.0	0.0	32.0	-1.0	
1504201699297	1475612163953	290.0	0.0	32.0	-1.0	
1504201699314	1475632305554	290.0	0.0	32.0	-1.0	
1504201699332	1475652447156	290.0	0.0	32.0	-1.0	
1504201699353	1475672588757	290.0	0.0	32.0	-1.0	
1504201699366	1475692730359	290.0	0.0	32.0	-1.0	
1504201699385	1475712871961	290.0	0.0	32.0	-1.0	
1504201699402	1475733013562	290.0	0.0	32.0	-1.0	
1504201699437	1475753155164	290.0	0.0	32.0	-1.0	
1504201699455	1475773296765	290.0	0.0	32.0	-1.0	
1504201699472	1475793438367	290.0	0.0	32.0	-1.0	
1504201699489	1475813579968	290.0	0.0	32.57984924316406	-1.0	
1504201699507	1475833721570	290.0	0.0	33.0	-1.0	
1504201699526	1475853863171	290.0	0.0	33.0	-1.0	
1504201699561	1475874004773	290.0	0.0	33.0	-1.0	
1504201699579	1475894146375	290.0	0.0	32.83680725097656	-1.0	
1504201699596	1475914287976	290.0	0.0	32.0	-1.0	
1504201699618	1475934429578	290.0	0.0	32.45484924316406	-1.0	
1504201699632	1475954571179	290.0	0.0	33.0	-1.0	
1504201699649	1475974712781	290.0	0.0	33.0	-1.0	
1504201699667	1475994854382	290.0	0.0	33.0	-1.0	
1504201699704	1476014995984	290.0	0.0	33.0	-1.0	
1504201699720	1476035137586	290.0	0.0	33.0	-1.0	
1504201699739	1476055279187	290.0	0.0	33.0	-1.0	
1504201699756	1476075420789	290.0	0.0	33.0	-1.0	
1504201699773	1476095562390	290.0	0.0	33.0	-1.0	
1504201699790	1476115703992	290.0	0.0	33.0	-1.0	
1504201699807	1476135845593	290.0	0.0	33.0	-1.0	
1504201699843	1476155987195	290.0	0.0	32.0	-1.0	
1504201699861	1476176128796	290.0	0.0	32.0	-1.0	
1504201699882	1476196270398	290.0	0.0	32.0	-1.0	
1504201699896	1476216412000	290.0	0.0	32.0	-1.0	
1504201699913	1476236553601	290.0	-0.6423492431640625	32.0	-1.0	
1504201699931	1476256695203	290.7882080078125	-1.0	32.0	-1.0	
1504201699948	1476276836804	291.0	-1.0	32.0	-1.0	
1504201699984	1476296978406	291.0	-1.0	32.0	-1.0	
1504201700003	1476317120007	291.0	-1.0	32.0	-1.0	
1504201700021	1476337261609	291.0	-1.37152099609375	32.0	-1.0	
1504201700038	1476357403211	290.482666015625	-2.0	32.0	-1.0	
1504201700055	1476377544812	290.0	-2.0	32.0	-1.0	
1504201700073	1476397686414	290.0	-2.0	32.0	-1.0	
1504201700089	1476417828015	290.0	-2.0	32.0	-1.0	
1504201700126	1476437969617	290.0	-2.0	32.0	-1.0	
1504201700146	1476458111218	290.0	-2.0	32.0	-1.0	
1504201700160	1476478252820	290.0	-2.0	32.39234924316406	-1.0	
1504201700178	1476498394421	290.0	-1.4618072509765625	33.0	-1.0	
1504201700195	1476518536023	290.0	-1.0	33.0	-1.0	
1504201700213	1476538677625	290.0	-1.8298492431640625	33.0	-1.0	
1504201700230	1476558819226	290.0	-2.0	33.0	-1.0	
1504201700268	1476578960828	290.0	-2.0	34.0	-1.0	
1504201700284	1476599102429	290.0	-2.0	34.0	-1.0	
1504201700301	1476619244031	290.0	-2.0	34.0	-1.0	
1504201700321	1476639385632	290.0	-2.0	34.0	-1.0	
1504201700339	1476659527234	290.0	-2.0	34.0	-1.0	
1504201700354	1476679668836	290.0	-2.0	34.0	-1.0	
1504201700371	1476699810437	290.0	-2.0	34.0	-1.0	
1504201700411	1476719952039	290.0	-2.0	34.0	-1.0	
1504201700428	1476740093640	290.0	-2.0	34.0	-1.0	
1504201700444	1476760235242	290.0	-1.56597900390625	34.0	-1.0	
1504201700461	1476780376843	290.0	-1.0	34.0	-1.0	
1504201700478	1476800518445	290.0	-1.0	34.0	-1.0	
1504201700495	1476820660046	290.0	-1.0	34.0	-1.0	
1504201700530	1476840801648	289.982666015625	-1.0	33.0	-1.0	
1504201700548	1476860943250	289.0	-1.0	33.0	-1.0	
1504201700566	1476881084851	289.0	-1.0	33.0	-1.0	
1504201700583	1476901226453	289.0	-1.0	33.0	-1.0	
1504201700600	1476921368054	289.0	-1.0	33.0	-1.0	
1504201700618	1476941509656	289.0	-1.0	33.0	-1.0	
1504201700636	1476961651257	289.0	-1.0	33.0	-1.0	
1504201700676	1476981792859	289.0	-1.0	33.0	-1.0	
1504201700689	1477001934461	289.0	-1.0	33.0	-1.0	
1504201700707	1477022076062	289.0	-1.0	33.0	-1.0	
1504201700724	1477042217664	289.0	-1.0	33.0	-1.0	
1504201700742	1477062359265	289.0	-1.0	33.0	-1.0	
1504201700761	1477082500867	289.0	-1.0	33.71675109863281	-1.0	
1504201700778	1477102642468	289.0	-1.0	34.0	-1.0	
1504201700794	1477122784070	289.0	-1.0	34.0	-1.0	
1504201700830	1477142925671	289.13641357421875	-1.0	34.0	-1.0	
1504201700848	1477163067273	290.0	-1.0	34.0	-1.0	
1504201700866	1477183208875	290.0	-1.0	34.0	-1.0	
1504201700883	1477203350476	290.0	-1.0	34.0	-1.0	
1504201700900	1477223492078	290.0	-1.696014404296875	34.0	-1.0	
1504201700919	1477243633679	290.0	-2.0	34.0	-1.0	
1504201700939	1477263775281	290.0	-2.0	34.0	-1.0	
1504201700972	1477283916882	290.0	-2.0	34.0	-1.0	
1504201700988	1477304058484	290.0	-2.0	34.0	-1.0	
1504201701006	1477324200086	290.0	-2.0	34.0	-1.0	
1504201701024	1477344341687	290.0	-2.0	34.0	-1.0	
1504201701042	1477364483289	290.0	-2.0	34.0	-1.0	
1504201701060	1477384624890	290.0	-2.0	34.0	-1.0	
1504201701077	1477404766492	290.0	-2.0	34.0	-1.0	
1504201701112	1477424908093	290.0	-2.0	34.0	-1.0	
1504201701130	1477445049695	290.0	-2.0	34.0	-1.0	
1504201701149	1477465191296	290.0	-2.0	34.0	-1.0	
1504201701165	1477485332898	290.0	-2.0	34.0	-1.0	
1504201701183	1477505474500	290.0	-2.0	34.0	-1.0	
1504201701204	1477525616101	289.20208740234375	-2.0	34.0	-1.0	
1504201701217	1477545757703	289.93780517578125	-2.9378204345703125	34.0	-1.0	
1504201701254	1477565899304	289.92230224609375	-3.0	34.0	-1.0	
1504201701272	1477586040906	289.0	-2.7823944091796875	33.78239440917969	-1.0	
1504201701289	1477606182507	289.0	-2.0	33.35749816894531	-1.0	
1504201701307	1477626324109	289.0	-2.0	34.0	-1.0	
1504201701323	1477646465711	289.0	-2.0	34.0	-1.0	
1504201701342	1477666607312	289.0	-2.0	34.0	-1.0	
1504201701358	1477686748914	289.0	-2.917083740234375	34.0	-1.0	
1504201701395	1477706890515	289.0	-3.0	34.0	-1.0	
1504201701412	1477727032117	289.0	-3.0	34.0	-1.0	
1504201701432	1477747173718	289.0	-3.0	34.0	-1.0	
1504201701448	1477767315320	289.0	-2.5215911865234375	34.0	-1.0	
1504201701469	1477787456921	289.0	-2.0	34.0	-1.0	
1504201701483	1477807598523	289.0	-2.0	34.0	-1.0	
1504201701500	1477827740125	289.8980712890625	-2.0	34.0	-1.0	
1504201701535	1477847881726	290.0	-1.0	33.962005615234375	-1.0	
1504201701553	1477868023328	290.0	-1.0	33.0	-1.0	
1504201701571	1477888164929	290.0	-1.0	33.0	-1.0	
1504201701588	1477908306531	290.0	-1.0	33.0	-1.0	
1504201701605	1477928448132	290.0	-1.0	33.0	-1.0	
1504201701623	1477948589734	290.0	-1.0	33.0	-1.0	
1504201701640	1477968731336	290.0	-1.0	33.0	-1.0	
1504201701676	1477988872937	290.0	-1.0	33.0	-1.0	
1504201701694	1478009014539	290.0	-1.0	33.0	-1.0	
1504201701711	1478029156140	290.0	-1.0	33.0	-1.0	
1504201701733	1478049297742	290.0	-1.0	33.0	-1.0	
1504201701747	1478069439343	290.0	-1.0	33.0	-1.0	
1504201701765	1478089580945	290.0	-1.0	33.0	-1.0	
1504201701781	1478109722546	290.0	-1.0	33.0	-1.0	
1504201701799	1478129864148	290.0	-1.0	33.0	-1.0	
1504201701835	1478150005750	290.0	-1.0	33.0	-1.0	
1504201701853	1478170147351	290.0	-1.0	33.0	-1.0	
1504201701870	1478190288953	290.0	-1.0	33.0	-1.0	
1504201701888	1478210430554	290.0	-1.0	33.0	-1.0	
1504201701906	1478230572156	290.0	-1.0	33.0	-1.0	
1504201701923	1478250713757	290.0	-1.0	33.0	-1.0	
1504201701941	1478270855359	290.0	-1.0	33.0	-1.0	
1504201701978	1478290996961	290.0	-1.0	32.88084411621094	-1.0	
1504201701998	1478311138562	290.0	-1.0	32.0	-1.0	
1504201702012	1478331280164	290.0	-1.0	32.0	-1.0	
1504201702029	1478351421765	290.0	-1.0	32.0	-1.0	
1504201702047	1478371563367	290.0	-1.0	32.0	-1.0	
1504201702063	1478391704968	290.0	-1.0	32.0	-1.0	
1504201702082	1478411846570	290.0	-1.0	32.0	-1.0	
1504201702117	1478431988171	290.0	-1.0	32.0	-1.0	
1504201702134	1478452129773	290.0	-1.0	32.0	-1.0	
1504201702152	1478472271375	290.0	-1.0	32.0	-1.0	
1504201702170	1478492412976	290.0	-1.0	32.0	-1.0	
1504201702187	1478512554578	290.0	-1.0	32.0	-1.0	
1504201702204	1478532696179	290.0	-1.0	32.0	-1.0	
1504201702222	1478552837781	289.0604553222656	-1.0	32.0	-1.0	
1504201702262	1478572979382	289.9205627441406	-1.0	32.0	-1.0	
1504201702275	1478593120984	289.0	-1.0	32.0	-1.0	
1504201702294	1478613262586	289.0	-1.0	32.0	-1.0	
1504201702312	1478633404187	289.4991455078125	-1.0	32.0	-1.0	
1504201702329	1478653545789	289.3609619140625	-1.0	32.0	-1.0	
1504201702347	1478673687390	289.0	-1.0	32.0	-1.0	
1504201702364	1478693828992	289.0	-1.0	32.0	-1.0	
1504201702399	1478713970593	289.0	-1.0	33.0	-1.0	
1504201702416	1478734112195	289.0	-1.0	33.0	-1.0	
1504201702434	1478754253796	289.0	-1.0	33.0	-1.0	
1504201702451	1478774395398	289.0	-1.0	33.0	-1.0	
1504201702469	1478794537000	289.6200256347656	-1.0	33.0	-1.0	
1504201702485	1478814678601	290.0	-1.0	33.0	-1.0	
1504201702505	1478834820203	289.10015869140625	-1.0	33.0	-1.0	
1504201702539	1478854961804	290.0	-1.0	33.0	-1.0	
1504201702558	1478875103406	290.0	-1.0	33.0	-1.0	
1504201702575	1478895245007	290.0	-1.0	33.0	-1.0	
1504201702593	1478915386609	290.0	-1.0	33.0	-1.0	
1504201702610	1478935528211	290.0	-1.0	33.0	-1.0	
1504201702627	1478955669812	290.0	-1.0	33.0	-1.0	
1504201702646	1478975811414	290.0	-1.0	33.0	-1.0	
1504201702680	1478995953015	290.0	-1.0	33.0	-1.0	
1504201702698	1479016094617	290.0	-1.0	33.0	-1.0	
1504201702716	1479036236218	290.0	-1.0	33.0	-1.0	
1504201702733	1479056377820	290.0	-1.0	33.0	-1.0	
1504201702750	1479076519421	290.0	-1.0	33.0	-1.0	
1504201702768	1479096661023	290.0	-1.0	33.0	-1.0	
1504201702790	1479116802625	290.0	-1.0	33.0	-1.0	
1504201702804	1479136944226	290.0	-1.0	33.0	-1.0	
1504201702839	1479157085828	290.0	-1.0	32.0	-1.0	
1504201702857	1479177227429	290.0	-1.0	32.0	-1.0	
1504201702875	1479197369031	290.0	-1.0	32.0	-1.0	
1504201702892	1479217510632	290.0	-1.0	32.0	-1.0	
1504201702909	1479237652234	290.0	-1.0	32.0	-1.0	
1504201702927	1479257793836	290.0	-1.0	32.0	-1.0	
1504201702944	1479277935437	290.0	-1.0	32.0	-1.0	
1504201702982	1479298077039	290.0	-1.0	32.0	-1.0	
1504201702998	1479318218640	290.0	-1.0	32.0	-1.0	
1504201703018	1479338360242	290.0	-1.0	32.0	-1.0	
1504201703032	1479358501843	290.0	-1.0	32.0	-1.0	
1504201703053	1479378643445	290.0	-0.31951904296875	32.0	-1.0	
1504201703068	1479398785046	290.0	0.0	32.0	-1.0	
1504201703087	1479418926648	290.0	0.0	32.0	-1.0	
1504201703121	1479439068250	290.0	0.0	32.0	-1.0	
1504201703140	1479459209851	290.0	0.0	32.0	-1.0	
1504201703157	1479479351453	290.0	0.0	32.0	-1.0	
1504201703173	1479499493054	290.0	0.0	32.0	-1.0	
1504201703192	1479519634656	290.0	0.0	32.0	-1.0	
1504201703209	1479539776257	289.1986083984375	0.0	32.0	-1.0	
1504201703226	1479559917859	289.0	-0.9412689208984375	32.0	-1.0	
1504201703262	1479580059461	289.0	-1.0	33.0	-1.0	
1504201703280	1479600201062	289.0	-1.0	33.0	-1.0	
1504201703297	1479620342664	289.0	-1.0	33.0	-1.0	
1504201703319	1479640484265	289.0	-1.0	33.0	-1.0	
1504201703333	1479660625867	289.0	-1.0	33.0	-1.0	
1504201703351	1479680767468	289.0	-1.782379150390625	33.0	-1.0	
1504201703368	1479700909070	289.9222717285156	-2.0	33.0	-1.0	
1504201703402	1479721050671	290.0	-2.0	33.0	-1.0	
1504201703421	1479741192273	290.0	-2.0	33.0	-1.0	
1504201703438	1479761333875	290.0	-2.0	33.0	-1.0	
1504201703457	1479781475476	290.0	-2.0	33.0	-1.0	
1504201703472	1479801617078	290.0	-2.0	33.0	-1.0	
1504201703491	1479821758679	290.0	-2.0	33.0	-1.0	
1504201703509	1479841900281	290.0	-2.0	33.0	-1.0	
1504201703544	1479862041882	290.0	-2.0	33.0	-1.0	
1504201703561	1479882183484	290.0	-2.0	33.0	-1.0	
1504201703583	1479902325086	290.0	-2.0	33.0	-1.0	
1504201703596	1479922466687	290.0	-2.0	33.0	-1.0	
1504201703617	1479942608289	290.0	-2.0	33.0	-1.0	
1504201703631	1479962749890	289.2573547363281	-2.0	33.0	-1.0	
1504201703649	1479982891492	289.0	-2.0	33.0	-1.0	
1504201703684	1480003033093	289.0	-2.0	33.0	-1.0	
1504201703701	1480023174695	289.0	-2.0	33.0	-1.0	
1504201703725	1480043310367	289.0	-2.0	33.0	-1.0	
1504201703737	1480063451969	289.0	-2.0	33.442138671875	-1.0	
1504201703755	1480083593571	289.0	-1.41796875	34.0	-1.0	
1504201703773	1480103735172	289.0	-1.723175048828125	34.0	-1.0	
1504201703791	1480123876774	289.0	-2.0	34.0	-1.0	
1504201703826	1480144018375	289.0	-1.0	34.0	-1.0	
1504201703846	1480164159977	289.0	-1.0	34.0	-1.0	
1504201703861	1480184301578	289.0	-1.0	34.0	-1.0	
1504201703879	1480204443180	289.0	-1.0	34.0	-1.0	
1504201703896	1480224584782	289.0	-1.0	34.0	-1.0	
1504201703913	1480244726383	289.0	-1.0	34.0	-1.0	
1504201703933	1480264867985	289.0	-1.8428192138671875	34.0	-1.0	
1504201703950	1480285009586	289.0	-2.0	34.0	-1.0	
1504201703988	1480305151188	289.0	-2.0	34.0	-1.0	
1504201704002	1480325292789	289.0	-2.0	34.0	-1.0	
1504201704019	1480345434391	289.0	-2.0	34.0	-1.0	
1504201704037	1480365575992	289.0	-2.0	34.0	-1.0	
1504201704055	1480385717594	289.0	-2.0	34.0	-1.0	
1504201704072	1480405859196	289.0	-2.0	34.0	-1.0	
1504201704091	1480426000797	289.0	-2.0	34.0	-1.0	
1504201704125	1480446142399	289.0	-2.0	34.0	-1.0	
1504201704143	1480466284000	289.0	-2.0	34.0	-1.0	
1504201704161	1480486425602	289.0	-1.6165924072265625	34.0	-1.0	
1504201704177	1480506567203	289.0	-1.0	34.0	-1.0	
1504201704196	1480526708805	289.0	-1.0	34.0	-1.0	
1504201704214	1480546850407	289.0	-1.0	34.0	-1.0	
1504201704235	1480566992008	289.0	-1.0	34.0	-1.0	
1504201704266	1480587133610	289.0	-1.0	34.0	-1.0	
1504201704286	1480607275211	289.0	-1.0	34.0	-1.0	
1504201704302	1480627416813	289.0	-1.0	34.0	-1.0	
1504201704318	1480647558414	289.0	-1.0	34.0	-1.0	
1504201704336	1480667700016	289.0	-1.0	34.0	-1.0	
1504201704354	1480687841617	289.0	-1.0	34.0	-1.0	
1504201704376	1480707983219	289.0	-1.0	34.0	-1.0	
1504201704407	1480728124821	289.06390380859375	-1.0	33.93611145019531	-1.0	
1504201704426	1480748266422	290.0	-1.0	33.0	-1.0	
1504201704442	1480768408024	290.0	-1.0	33.0	-1.0	
1504201704459	1480788549625	290.0	-1.0	33.0	-1.0	
1504201704477	1480808691227	290.0	-1.0	33.0	-1.0	
1504201704499	1480828832828	290.0	-1.0	33.76469421386719	-1.0	
1504201704514	1480848974430	290.0	-1.0	34.0	-1.0	
1504201704548	1480869116032	290.0	-1.0	34.0	-1.0	
1504201704566	1480889257633	290.0	-1.0	33.81520080566406	-1.0	
1504201704583	1480909399235	290.0	-1.0	33.0	-1.0	
1504201704603	1480929540836	290.0	-1.0	33.0	-1.0	
1504201704620	1480949682438	290.0	-1.0	33.0	-1.0	
1504201704641	1480969824039	290.0	-1.0	33.0	-1.0	
1504201704654	1480989965641	290.0	-1.0	33.0	-1.0	
1504201704689	1481010107242	290.0	-1.0	33.0	-1.0	
1504201704709	1481030248844	290.0	-1.0	33.1640625	-1.0	
1504201704730	1481050390446	290.0	-1.0	34.0	-1.0	
1504201704742	1481070532047	290.0	-1.0	34.0	-1.0	
1504201704759	1481090673649	290.0	-1.0	33.414520263671875	-1.0	
1504201704778	1481110815250	290.0	-1.0	33.0	-1.0	
1504201704795	1481130956852	290.0	-1.0	33.0	-1.0	
1504201704830	1481151098453	290.0	-1.0069427490234375	34.0	-1.0	
1504201704850	1481171240055	290.0	-2.0	34.0	-1.0	
1504201704865	1481191381657	290.0	-1.6996612548828125	34.0	-1.0	
1504201704883	1481211523258	290.0	-1.0	33.5538330078125	-1.0	
1504201704904	1481231664860	290.0	-1.0	33.0	-1.0	
1504201704919	1481251806461	290.0	-1.0	33.0	-1.0	
1504201704937	1481271948063	290.0	-1.0	33.0	-1.0	
1504201704971	1481292089664	290.0	-1.0	33.0	-1.0	
1504201704996	1481312231266	290.0	-1.0	33.0	-1.0	
1504201705006	1481332372867	290.0	-1.0	33.0	-1.0	
1504201705023	1481352514469	290.0	-1.0	33.0	-1.0	
1504201705041	1481372656071	290.0	-1.0	33.0	-1.0	
1504201705060	1481392797672	290.0	-1.0	33.0	-1.0	
1504201705077	1481412939274	290.0	-0.0902862548828125	33.0	-1.0	
1504201705112	1481433080875	290.0	0.0	33.0	-1.0	
1504201705130	1481453222477	290.0	0.0	33.203125	-1.0	
1504201705147	1481473364078	290.0	0.0	34.0	-1.0	
1504201705168	1481493505680	290.0	0.0	34.0	-1.0	
1504201705182	1481513647282	290.0	0.0	34.0	-1.0	
1504201705201	1481533788883	290.0	0.0	34.0	-1.0	
1504201705219	1481553930485	290.0	0.0	34.0	-1.0	
1504201705253	1481574072086	290.0	0.0	34.0	-1.0	
1504201705271	1481594213688	290.0	0.0	34.0	-1.0	
1504201705289	1481614355289	290.0	0.0	34.0	-1.0	
1504201705305	1481634496891	290.0	0.0	34.0	-1.0	
1504201705328	1481654638492	290.0	0.66607666015625	34.66607666015625	-1.0	
1504201705341	1481674780094	290.0	1.0	35.8125	-1.0	
1504201705359	1481694921696	290.0	1.0	35.04167175292969	-1.0	
1504201705394	1481715063297	290.0	0.0	33.0	-1.0	
1504201705412	1481735204899	290.0	0.0	33.0	-1.0	
1504201705433	1481755346500	290.0	0.0	33.0	-1.0	
1504201705446	1481775488102	290.0	0.0	34.0867919921875	-1.0	
1504201705465	1481795629703	290.0	0.0	35.6904296875	-1.0	
1504201705482	1481815771305	290.0	0.0	35.1632080078125	-1.0	
1504201705499	1481835912907	290.0	0.0	34.017364501953125	-1.0	
1504201705537	1481856054508	290.0	0.0	34.0	-1.0	
1504201705553	1481876196110	290.0	0.0	34.0	-1.0	
1504201705574	1481896337711	290.0	0.0	33.578125	-1.0	
1504201705587	1481916479313	290.0	0.0	33.56770324707031	-1.0	
1504201705605	1481936620914	290.0	0.0	34.0	-1.0	
1504201705624	1481956762516	290.0	0.0	34.0	-1.0	
1504201705659	1481976904117	290.0	0.0	34.0	-1.0	
1504201705676	1481997045719	290.0	0.0	34.0	-1.0	
1504201705697	1482017187321	290.0	0.0	34.30033874511719	-1.0	
1504201705711	1482037328922	290.0	0.0	35.0	-1.0	
1504201705728	1482057470524	290.0	0.0	35.0	-1.0	
1504201705746	1482077612125	290.0	0.0	35.0	-1.0	
1504201705764	1482097753727	290.0	0.0	35.0	-1.0	
1504201705799	1482117895328	290.0	-1.0	35.0	-1.0	
1504201705818	1482138036930	290.0	-1.0	35.0	-1.0	
1504201705835	1482158178532	290.0	-1.0	35.0	-1.0	
1504201705852	1482178320133	290.0	-1.4704742431640625	35.0	-1.0	
1504201705869	1482198461735	290.0	-2.0	35.0	-1.0	
1504201705888	1482218603336	290.0	-2.0	35.0	-1.0	
1504201705905	1482238744938	290.0	-2.0	34.09028625488281	-1.0	
1504201705940	1482258886539	290.0	-1.0	34.0555419921875	-1.0	
1504201705962	1482279028141	290.0	-1.0	35.0	-1.0	
1504201705976	1482299169742	290.0	-1.3489532470703125	35.0	-1.0	
1504201705994	1482319311344	290.0	-2.0	35.0	-1.0	
1504201706010	1482339452946	290.0	-2.0	35.0	-1.0	
1504201706028	1482359594547	290.0	-2.787811279296875	35.0	-1.0	
1504201706046	1482379736149	290.0	-3.0	35.0	-1.0	
1504201706082	1482399877750	290.0	-3.0	35.0	-1.0	
1504201706099	1482420019352	290.0	-3.0	35.22607421875	-1.0	
1504201706116	1482440160953	290.0	-3.0	36.0	-1.0	
1504201706133	1482460302555	290.0	-3.0	36.0	-1.0	
1504201706151	1482480444157	290.0	-3.6649169921875	36.6649169921875	-1.0	
1504201706169	1482500585758	290.0	-4.0	37.0	-1.0	
1504201706187	1482520727360	290.0	-4.9583282470703125	37.95832824707031	-1.0	
1504201706226	1482540868961	290.0	-5.0	38.0	-1.0	
1504201706240	1482561010563	290.0	-5.0	38.25042724609375	-1.0	
1504201706258	1482581152164	290.0	-5.0	39.0	-1.0	
1504201706275	1482601293766	290.0	-5.54339599609375	39.0	-1.0	
1504201706292	1482621435367	290.0	-6.0	39.0	-1.0	
1504201706311	1482641576969	290.0	-6.0	39.836517333984375	-1.0	
1504201706329	1482661718571	290.0	-6.0	40.982635498046875	-1.0	
1504201706364	1482681860172	290.0	-6.0	40.87153625488281	-1.0	
1504201706381	1482702001774	290.0	-6.0	40.0	-1.0	
1504201706399	1482722143375	290.0	-6.0	40.0	-1.0	
1504201706415	1482742284977	290.0	-6.0	40.0	-1.0	
1504201706433	1482762426578	290.0	-6.0	40.713531494140625	-1.0	
1504201706452	1482782568180	290.0	-6.0	41.0	-1.0	
1504201706491	1482802709782	290.0	-6.0	41.0	-1.0	
1504201706511	1482822851383	290.0	-6.0	41.0	-1.0	
1504201706523	1482842992985	290.0	-6.2991180419921875	40.70088195800781	-1.0	
1504201706540	1482863134586	290.0	-6.5538330078125	39.5538330078125	-1.0	
1504201706558	1482883276188	289.4079895019531	-6.0	39.0	-1.0	
1504201706575	1482903417789	289.0	-5.2621612548828125	38.26216125488281	-1.0	
1504201706593	1482923559391	289.0	-5.0	38.0	-1.0	
1504201706629	1482943700992	289.0	-4.96875	37.96875	-1.0	
1504201706646	1482963842594	289.0	-4.0	37.0	-1.0	
1504201706664	1482983984196	289.0	-4.0	36.67652893066406	-1.0	
1504201706682	1483004125797	289.0	-4.0	36.0	-1.0	
1504201706701	1483024267399	289.0	-4.0	36.0	-1.0	
1504201706715	1483044409000	289.0	-3.23785400390625	35.23785400390625	-1.0	
1504201706735	1483064550602	289.0	-3.0	35.0	-1.0	
1504201706770	1483084692203	289.0	-3.0	35.0	-1.0	
1504201706788	1483104833805	289.0	-3.0	34.798614501953125	-1.0	
1504201706805	1483124975407	289.0	-3.0	34.0	-1.0	
1504201706823	1483145117008	289.0	-3.0	33.505218505859375	-1.0	
1504201706839	1483165258610	289.0	-3.0	33.0	-1.0	
1504201706858	1483185400211	289.0	-3.0	33.0	-1.0	
1504201706874	1483205541813	289.0	-3.0	33.0	-1.0	
1504201706918	1483225683414	289.0	-3.0	33.0	-1.0	
1504201706928	1483245825016	289.0	-3.0	32.77430725097656	-1.0	
1504201706946	1483265966617	289.0	-3.0	32.372161865234375	-1.0	
1504201706963	1483286108219	289.0	-3.0	33.0	-1.0	
1504201706980	1483306249821	289.0	-3.0	33.0	-1.0	
1504201706998	1483326391422	289.0	-3.0	33.0	-1.0	
1504201707018	1483346533024	289.0	-3.0	33.0	-1.0	
1504201707051	1483366674625	289.0	-3.0	33.0	-1.0	
1504201707069	1483386816227	288.75	-3.0	33.0	-1.0	
1504201707086	1483406957828	288.0	-3.0	33.0	-1.0	
1504201707103	1483427099430	288.0	-3.0	33.54339599609375	-1.0	
1504201707121	1483447241032	288.0	-3.0	34.0	-1.0	
1504201707138	1483467382633	288.0	-3.0	34.0	-1.0	
1504201707156	1483487524235	288.98260498046875	-3.0	34.0	-1.0	
1504201707192	1483507665836	289.0	-3.0	34.0	-1.0	
1504201707209	1483527807438	288.7257080078125	-3.0	34.0	-1.0	
1504201707228	1483547949039	288.0	-3.0	34.0	-1.0	
1504201707244	1483568090641	288.0	-3.0	34.0	-1.0	
1504201707263	1483588232242	288.0	-3.0	34.0	-1.0	
1504201707290	1483608373844	288.0	-3.0	34.0	-1.0	
1504201707317	1483628515446	288.0	-3.0	34.0	-1.0	
1504201707333	1483648657047	288.0	-3.0	34.0	-1.0	
1504201707350	1483668798649	288.0	-3.0	34.0	-1.0	
1504201707368	1483688940250	288.0	-3.0	34.0	-1.0	
1504201707386	1483709081852	288.0	-3.0	34.0	-1.0	
1504201707403	1483729223453	288.0	-3.0	34.0	-1.0	
1504201707423	1483749365055	288.0	-3.0	34.0	-1.0	
1504201707456	1483769506657	288.0	-3.0	34.0	-1.0	
1504201707474	1483789648258	288.0	-3.0	34.0	-1.0	
1504201707491	1483809789860	288.0	-3.0	34.0	-1.0	
1504201707509	1483829931461	288.0	-3.0	34.0	-1.0	
1504201707526	1483850073063	288.0	-3.0	34.0	-1.0	
1504201707547	1483870214664	288.0	-3.0	34.0	-1.0	
1504201707562	1483890356266	288.0	-3.0	34.0	-1.0	
1504201707600	1483910497867	288.0	-3.0	33.0	-1.0	
1504201707615	1483930639469	288.0	-3.0	33.0	-1.0	
1504201707633	1483950781071	288.0	-3.0	33.0	-1.0	
1504201707651	1483970922672	288.0	-3.0	33.0	-1.0	
1504201707668	1483991064274	288.0	-3.0	33.63999938964844	-1.0	
1504201707686	1484011205875	288.0	-3.0	34.0	-1.0	
1504201707703	1484031347477	288.0	-3.0	34.0	-1.0	
1504201707740	1484051489078	288.0	-3.0	33.0	-1.0	
1504201707755	1484071630680	288.0	-3.0	33.0	-1.0	
1504201707773	1484091772282	288.0	-3.0	33.0	-1.0	
1504201707791	1484111913883	288.0	-3.0	33.0	-1.0	
1504201707812	1484132055485	288.0	-3.0	33.0	-1.0	
1504201707827	1484152197086	288.0	-3.0	33.0	-1.0	
1504201707844	1484172338688	288.0	-3.0	33.0	-1.0	
1504201707883	1484192480289	288.0	-3.0	33.0	-1.0	
1504201707899	1484212621891	288.0	-3.0	33.0	-1.0	
1504201707917	1484232763492	288.0	-3.0	33.0	-1.0	
1504201707935	1484252905094	288.0	-2.458343505859375	33.0	-1.0	
1504201707951	1484273046696	288.0	-2.0	33.0	-1.0	
1504201707975	1484293188297	288.0	-2.0	33.0	-1.0	
1504201707987	1484313329899	288.0	-2.0	33.0	-1.0	
1504201708020	1484333471500	288.0	-2.0	33.0	-1.0	
1504201708038	1484353613102	288.0	-2.0	33.0	-1.0	
1504201708056	1484373754703	288.4201354980469	-2.0	33.0	-1.0	
1504201708077	1484393896305	289.0	-2.0	33.0	-1.0	
1504201708090	1484414037907	289.0	-2.0	33.0	-1.0	
1504201708109	1484434179508	289.0	-2.0	33.0	-1.0	
1504201708143	1484454321110	289.0	-2.0	33.0	-1.0	
1504201708162	1484474462711	289.0	-2.0	32.84870910644531	-1.0	
1504201708179	1484494604313	289.0	-2.0	32.0	-1.0	
1504201708197	1484514745914	289.0	-2.0	32.0	-1.0	
1504201708215	1484534887516	289.0	-2.0	32.0	-1.0	
1504201708232	1484555029117	289.0	-2.0	32.0	-1.0	
1504201708251	1484575170719	289.0	-2.0	32.0	-1.0	
1504201708286	1484595312321	289.0	-2.0	32.0	-1.0	
1504201708303	1484615453922	289.0	-2.0	32.0	-1.0	
1504201708320	1484635595524	289.0	-2.0	32.0	-1.0	
1504201708341	1484655737125	289.0	-2.0	32.0	-1.0	
1504201708355	1484675878727	289.0	-2.0	32.0	-1.0	
1504201708373	1484696020328	289.0	-2.0	32.0	-1.0	
1504201708390	1484716161930	289.0	-2.0	32.0	-1.0	
1504201708426	1484736303532	289.0	-2.0	32.0	-1.0	
1504201708443	1484756445133	289.0	-2.0	32.0	-1.0	
1504201708461	1484776586735	289.0	-2.0	32.0	-1.0	
1504201708479	1484796728336	289.0	-2.0	32.0	-1.0	
1504201708495	1484816869938	289.0	-2.0	32.0	-1.0	
1504201708514	1484837011539	289.0	-2.0	32.0	-1.0	
1504201708532	1484857153141	289.0	-2.0	32.0	-1.0	
1504201708566	1484877294742	289.0	-2.0	32.0	-1.0	
1504201708585	1484897436344	289.0	-2.0	32.0	-1.0	
1504201708605	1484917577946	289.0	-2.0	32.0	-1.0	
1504201708620	1484937719547	289.0	-2.0	32.0	-1.0	
1504201708638	1484957861149	289.0	-2.0	32.0	-1.0	
1504201708655	1484978002750	289.0	-2.0	32.76429748535156	-1.0	
1504201708672	1484998144352	289.0	-2.0	33.0	-1.0	
1504201708707	1485018285953	289.0	-2.0	33.0	-1.0	
1504201708726	1485038427555	289.0	-2.0	33.0	-1.0	
1504201708743	1485058569157	289.0	-2.0	33.0	-1.0	
1504201708762	1485078710758	289.0	-2.0	33.0	-1.0	
1504201708778	1485098852360	289.0	-2.0	33.0	-1.0	
1504201708797	1485118993961	289.0	-2.0	33.0	-1.0	
1504201708813	1485139135563	289.0	-2.0	33.0	-1.0	
1504201708848	1485159277164	289.0	-2.0	33.0	-1.0	
1504201708869	1485179418766	289.0	-2.0	33.0	-1.0	
1504201708883	1485199560367	289.0	-2.0	33.33795166015625	-1.0	
1504201708901	1485219701969	289.0	-2.0	34.0	-1.0	
1504201708919	1485239843571	289.0	-2.6239166259765625	34.0	-1.0	
1504201708936	1485259985172	289.0	-3.0	34.76643371582031	-1.0	
1504201708957	1485280126774	289.0	-3.0	35.0	-1.0	
1504201708988	1485300268375	289.0	-3.0	34.0	-1.0	
1504201709010	1485320409977	289.0	-3.0	34.0	-1.0	
1504201709026	1485340551578	289.0	-2.6609039306640625	34.0	-1.0	
1504201709042	1485360693180	289.0	-2.0	34.0	-1.0	
1504201709059	1485380834782	289.0	-2.0	33.37544250488281	-1.0	
1504201709080	1485400976383	289.0	-2.0	33.0	18.0	
1504201709097	1485421117985	289.0	-2.0	33.0	18.0	
1504201709136	1485441259586	289.0	-2.0	33.0	18.0	
1504201709152	1485461401188	289.0	-2.0	33.0	18.0	
1504201709167	1485481542789	289.0	-2.0	33.0	18.0	
1504201709185	1485501684391	289.0	-2.0	33.0	18.0	
1504201709202	1485521825992	289.0	-2.0	33.0	18.0	
1504201709221	1485541967594	289.0	-2.0	33.0	18.0	
1504201709238	1485562109196	289.0	-2.0	33.0	18.0	
1504201709272	1485582250797	289.0	-2.0	33.0	18.0	
1504201709293	1485602392399	289.0	-2.0	33.0	18.0	
1504201709309	1485622534000	289.0	-2.0	33.0	18.0	
1504201709328	1485642675602	289.0	-2.0	33.0	18.0	
1504201709344	1485662817203	289.0	-2.0	33.0	18.0	
1504201709362	1485682958805	289.0	-2.0	33.0	18.0	
1504201709381	1485703100407	289.0	-2.0	33.0	18.0	
1504201709412	1485723242008	289.0	-2.0	33.0	18.0	
1504201709433	1485743383610	289.0	-2.0	33.0	18.0	
1504201709450	1485763525211	289.0	-2.0	33.0	18.0	
1504201709468	1485783666813	289.0	-2.0	33.0	18.0	
1504201709483	1485803808414	289.0	-2.0	33.0	18.0	
1504201709504	1485823950016	289.0	-2.0	33.0	18.0	
1504201709522	1485844091617	289.0	-2.0	33.0	18.0	
1504201709554	1485864233219	289.0	-2.0	33.0	18.0	
1504201709574	1485884374821	289.0	-2.0	33.0	18.0	
1504201709596	1485904516422	289.0	-2.0	33.0	18.0	
1504201709610	1485924658024	289.0	-2.0	33.0	18.0	
1504201709627	1485944799625	289.0	-2.0	33.0	18.0	
1504201709646	1485964941227	289.0	-2.0	33.0	18.0	
1504201709667	1485985082828	289.0	-2.0	33.0	18.0	
1504201709696	1486005224430	289.0	-2.0	33.0	18.0	
1504201709717	1486025366032	289.0	-2.0	33.0	18.0	
1504201709735	1486045507633	289.0	-2.0	33.0	18.0	
1504201709754	1486065649235	289.0	-2.0	33.0	18.0	
1504201709770	1486085790836	289.0	-1.38128662109375	33.0	18.0	
1504201709785	1486105932438	289.0	-1.0	33.0	18.0	
1504201709804	1486126074039	289.0	-1.0	33.903106689453125	18.0	
1504201709835	1486146215641	289.0	-1.0	34.0	18.0	
1504201709856	1486166357242	289.0	-1.0	34.0	18.0	
1504201709872	1486186498844	289.0	-1.0	34.0	18.0	
1504201709890	1486206640446	289.0	-1.0	34.0	18.0	
1504201709906	1486226782047	289.0	-1.0	33.38409423828125	18.0	
1504201709930	1486246923649	289.0	-1.0	33.0	18.0	
1504201709943	1486267065250	289.0	-1.0	33.0	18.0	
1504201709977	1486287206852	289.0	-1.0	33.0	18.0	
1504201709997	1486307348453	289.0	-1.0	33.0	18.0	
1504201710016	1486327490055	289.0	-1.0	33.0	18.0	
1504201710033	1486347631657	289.0	-1.0	33.0	18.0	
1504201710050	1486367773258	289.0	-1.0	33.0	18.0	
1504201710069	1486387914860	289.0	-1.0	33.0	18.0	
1504201710086	1486408056461	289.0	-1.0	33.0	18.0	
1504201710120	1486428198063	289.0	-1.0	33.0	18.0	
1504201710148	1486448339664	289.0	-1.0	33.0	18.0	
1504201710158	1486468481266	289.0	-1.0	33.0	18.0	
1504201710171	1486488622867	289.0	-1.0	33.0	18.0	
1504201710195	1486508764469	289.0	-1.0	33.0	18.0	
1504201710209	1486528906071	289.0	-1.0	33.75389099121094	18.0	
1504201710228	1486549047672	289.0	-1.89617919921875	34.0	18.0	
1504201710259	1486569189274	289.0381164550781	-2.0	34.038116455078125	18.0	
1504201710279	1486589330875	290.0	-2.1816558837890625	35.0	18.0	
1504201710298	1486609472477	290.0	-3.0	35.0	18.0	
1504201710314	1486629614078	290.0	-2.5337982177734375	35.46620178222656	18.0	
1504201710329	1486649755680	290.0	-2.0	36.0	18.0	
1504201710350	1486669897282	290.0	-2.0	36.0	18.0	
1504201710367	1486690038883	289.105712890625	-1.1057281494140625	36.0	18.0	
1504201710400	1486710180485	289.0	0.0	35.96366882324219	18.0	
1504201710420	1486730322086	289.1784973144531	0.0	35.0	18.0	
1504201710437	1486750463688	290.0	0.0	34.67820739746094	18.0	
1504201710459	1486770605289	290.0	0.0	34.0	18.0	
1504201710473	1486790746891	290.0	0.0	34.0	18.0	
1504201710492	1486810888492	290.0	0.0	34.0	18.0	
1504201710510	1486831030094	290.0	0.8909912109375	34.0	18.0	
1504201710542	1486851171696	290.0	1.0	34.0	18.0	
1504201710561	1486871313297	290.0	1.1764678955078125	34.0	18.0	
1504201710577	1486891454899	290.0	2.0	34.318328857421875	18.0	
1504201710596	1486911596500	290.0	2.0	35.0	18.0	
1504201710613	1486931738102	289.39617919921875	2.6038055419921875	36.207611083984375	18.0	
1504201710630	1486951879703	289.0	3.0	36.25433349609375	18.0	
1504201710649	1486972021305	289.8890686035156	3.0	35.110931396484375	18.0	
1504201710681	1486992162907	289.0	3.0	35.0	18.0	
1504201710702	1487012304508	289.0	3.0	35.0	18.0	
1504201710723	1487032446110	289.0	3.0	35.0	18.0	
1504201710737	1487052587711	289.0	3.0	35.0	18.0	
1504201710752	1487072729313	289.0	3.0	35.0	18.0	
1504201710772	1487092870914	289.0	3.0	35.0	18.0	
1504201710791	1487113012516	289.0	2.11419677734375	35.0	18.0	
1504201710823	1487133154117	289.0	2.0	35.0	18.0	
1504201710848	1487153295719	289.0	2.0	35.0	18.0	
1504201710861	1487173437321	289.0	2.0	35.0	18.0	
1504201710878	1487193578922	289.455810546875	1.5442047119140625	35.0	18.0	
1504201710897	1487213720524	290.0	1.0	34.401397705078125	18.0	
1504201710915	1487233862125	290.0	1.0	34.0	18.0	
1504201710931	1487254003727	290.0	1.0	34.0	18.0	
1504201710965	1487274145328	290.0	1.0	34.0	18.0	
1504201710987	1487294286930	290.0	0.8318939208984375	34.0	18.0	
1504201711002	1487314428532	290.0	0.0	34.0	18.0	
1504201711017	1487334570133	290.0	0.0	34.0	18.0	
1504201711036	1487354711735	290.0	0.0	34.0	18.0	
1504201711053	1487374853336	290.0	0.0	34.0	18.0	
1504201711072	1487394994938	290.0	0.0	34.0	18.0	
1504201711105	1487415136539	290.0	0.0	34.0	18.0	
1504201711126	1487435278141	290.0	0.0	34.0	18.0	
1504201711142	1487455419742	290.0	0.0	34.0	18.0	
1504201711161	1487475561344	290.0	0.0	34.0	18.0	
1504201711178	1487495702946	290.0	0.0	34.0	18.0	
1504201711195	1487515844547	290.0	0.0	34.0	18.0	
1504201711212	1487535986149	290.0	0.0	34.0	18.0	
1504201711249	1487556127750	290.0	0.0	34.0	18.0	
1504201711266	1487576269352	290.0	0.0	34.0	18.0	
1504201711283	1487596410953	290.0	0.0	34.0	18.0	
1504201711300	1487616552555	290.0	0.0	34.0	18.0	
1504201711318	1487636694157	290.0	0.0	34.0	18.0	
1504201711335	1487656835758	290.0	0.0	34.0	18.0	
1504201711353	1487676977360	290.0	0.0	34.0	18.0	
1504201711388	1487697118961	290.0	0.0	34.0	18.0	
1504201711407	1487717260563	290.0	0.0	34.0	18.0	
1504201711424	1487737402164	290.0	0.0	34.0	18.0	
1504201711443	1487757543766	290.0	0.0	34.0	18.0	
1504201711460	1487777685367	290.0	0.0	34.0	18.0	
1504201711476	1487797826969	290.0	0.0	34.0	18.0	
1504201711495	1487817968571	290.0	0.0	34.0	18.0	
1504201711528	1487838110172	290.0	0.0	34.0	18.0	
1504201711550	1487858251774	290.0	0.0	34.0	18.0	
1504201711568	1487878393375	290.0	0.0	34.0	18.0	
1504201711584	1487898534977	290.0	0.0	34.0	18.0	
1504201711601	1487918676578	290.0	0.0	34.0	18.0	
1504201711618	1487938818180	290.0	0.0	34.0	18.0	
1504201711637	1487958959782	290.0	0.0	34.0	18.0	
1504201711668	1487979101383	290.0	0.0	33.0	18.0	
1504201711690	1487999242985	290.0	0.0	33.0	18.0	
1504201711708	1488019384586	290.0	0.0	33.0	18.0	
1504201711724	1488039526188	290.0	0.0	33.0	18.0	
1504201711742	1488059667789	290.0	0.0	33.0	18.0	
1504201711761	1488079809391	290.0	0.0	33.0	18.0	
1504201711781	1488099950992	290.0	0.0	33.0	18.0	
1504201711810	1488120092594	290.0	0.0	33.0	18.0	
1504201711830	1488140234196	290.0	0.0	33.0	18.0	
1504201711847	1488160375797	290.0	0.0	33.0	18.0	
1504201711865	1488180517399	290.0	0.0	33.0	18.0	
1504201711882	1488200659000	290.0	0.0	33.0	18.0	
1504201711900	1488220800602	290.0	0.0	33.0	18.0	
1504201711920	1488240942203	290.0	0.0	33.0	18.0	
1504201711951	1488261083805	290.0	0.0	33.0	18.0	
1504201711973	1488281225407	290.0	0.0	33.0	18.0	
1504201711989	1488301367008	290.0	0.0	33.0	18.0	
1504201712006	1488321508610	290.0	0.0	33.0	18.0	
1504201712022	1488341650211	290.0	0.0	33.577850341796875	18.0	
1504201712045	1488361791813	290.0	0.0	34.0	18.0	
1504201712059	1488381933414	290.0	0.0	34.0	18.0	
1504201712092	1488402075016	290.0	0.0	34.0	18.0	
1504201712111	1488422216617	290.0	0.0	34.0	18.0	
1504201712129	1488442358219	290.0	0.0	34.0	18.0	
1504201712149	1488462499821	290.0	0.0	34.0	18.0	
1504201712166	1488482641422	290.0	0.0	34.0	18.0	
1504201712184	1488502783024	290.0	0.0	34.0	18.0	
1504201712200	1488522924625	290.0	0.0	34.0	18.0	
1504201712234	1488543066227	290.0	0.0	34.0	18.0	
1504201712254	1488563207828	290.0	0.0	34.0	18.0	
1504201712270	1488583349430	290.0	0.0	34.0	18.0	
1504201712286	1488603491032	290.0	0.0	34.0	18.0	
1504201712308	1488623632633	290.0	0.0	34.0	18.0	
1504201712322	1488643774235	290.0	0.0	34.0	18.0	
1504201712340	1488663915836	290.0	0.0	33.141876220703125	18.0	
1504201712358	1488684057438	290.0	0.0	33.0	18.0	
1504201712393	1488704199039	290.0	0.0	33.0	18.0	
1504201712412	1488724340641	290.0	0.0	33.0	18.0	
1504201712430	1488744482242	290.0	0.0	33.0	18.0	
1504201712444	1488764623844	290.0	0.0	33.0	18.0	
1504201712464	1488784765446	290.0	0.0	33.0	18.0	
1504201712482	1488804907047	290.0	0.0	33.0	18.0	
1504201712501	1488825048649	290.0	0.0	33.0	18.0	
1504201712535	1488845190250	290.0	0.0	33.0	18.0	
1504201712551	1488865331852	290.0	0.0	33.0	18.0	
1504201712572	1488885473453	290.0	0.0	33.0	18.0	
1504201712587	1488905615055	290.0	0.0	33.0	18.0	
1504201712606	1488925756657	290.0	0.0	33.0	18.0	
1504201712621	1488945898258	290.0	0.0	33.0	18.0	
1504201712641	1488966039860	290.0	0.0	33.0	18.0	
1504201712674	1488986181461	290.0	0.0	33.0	18.0	
1504201712691	1489006323063	290.0	0.0	33.0	18.0	
1504201712710	1489026464664	290.0	0.0	33.0	18.0	
1504201712729	1489046606266	290.0	0.0	33.0	18.0	
1504201712746	1489066747867	290.0	0.0	33.0	18.0	
1504201712765	1489086889469	290.0	0.0	33.0	18.0	
1504201712781	1489107031071	290.0	0.0	33.0	18.0	
1504201712817	1489127172672	290.0	0.0	33.0	18.0	
1504201712839	1489147314274	290.0	0.0	33.0	18.0	
1504201712852	1489167455875	290.0	0.0	33.0	18.0	
1504201712867	1489187597477	290.0	0.0	33.0	18.0	
1504201712887	1489207739078	290.0	0.0	33.0	18.0	
1504201712904	1489227880680	290.0	0.0	33.0	18.0	
1504201712924	1489248022282	290.0	0.0	33.98960876464844	18.0	
1504201712958	1489268163883	290.0	0.0	34.0	18.0	
1504201712980	1489288305485	290.0	0.0	34.0	18.0	
1504201712993	1489308447086	290.0	0.0	34.0	18.0	
1504201713011	1489328588688	290.0	0.0	34.0	18.0	
1504201713030	1489348730289	290.0	0.0	34.0	18.0	
1504201713046	1489368871891	290.0	0.0	34.0	18.0	
1504201713065	1489389013492	290.0	0.0	34.0	18.0	
1504201713104	1489409155094	290.0	0.0	34.0	18.0	
1504201713116	1489429296696	290.0	0.0	34.0	18.0	
1504201713135	1489449438297	290.0	0.0	34.0	18.0	
1504201713152	1489469579899	290.0	0.0	34.0	18.0	
1504201713171	1489489721500	290.0	0.0	34.0	18.0	
1504201713189	1489509863102	290.0	0.0	34.0	18.0	
1504201713205	1489530004703	290.0	0.0	34.0	18.0	
1504201713241	1489550146305	289.0	0.0	34.0	18.0	
1504201713257	1489570287907	289.0	0.0	34.0	18.0	
1504201713275	1489590429508	289.0	0.0	34.0	18.0	
1504201713293	1489610571110	289.0	0.0	34.0	18.0	
