1499818490532	85667474622476	46.0	2.0	3.5383453369140625	99.0	
1499818490549	85667494764078	46.0	2.0	3.0	99.0	
1499818490567	85667514905680	46.0	1.28961181640625	3.0	99.0	
1499818490585	85667535047281	46.0	1.0	3.0	99.0	
1499818490603	85667555188883	46.0	1.0	2.0426025390625	99.0	
1499818490638	85667575330484	46.0	1.0	2.0	99.0	
1499818490654	85667595472086	46.0	1.0	2.0	99.0	
1499818490674	85667615613687	46.0	1.0	2.0	99.0	
1499818490694	85667635755289	46.0	1.0	2.4548492431640625	99.0	
1499818490710	85667655896891	46.0	1.0	3.0	99.0	
1499818490727	85667676038492	46.0	1.0	3.0	99.0	
1499818490747	85667696180094	46.0	1.0	3.0	99.0	
1499818490763	85667716321695	46.0	1.0	3.0	99.0	
1499818490799	85667736463297	46.0	1.0	3.0	99.0	
1499818490815	85667756604898	46.0	1.0	3.0	99.0	
1499818490836	85667776746500	46.0	1.0	3.0	99.0	
1499818490853	85667796888101	46.0	1.0	3.0	99.0	
1499818490870	85667817029703	46.0	1.0	3.0	99.0	
1499818490888	85667837171305	46.0	1.6950531005859375	3.0	99.0	
1499818490906	85667857312906	46.0	2.0	3.0	99.0	
1499818490924	85667877454508	46.0	2.0	3.0	99.0	
1499818490960	85667897596109	46.0	2.0	3.0	99.0	
1499818490976	85667917737711	46.0	2.0	3.0	99.0	
1499818490995	85667937879312	46.0	2.0	3.0	99.0	
1499818491014	85667958020914	46.0	2.0	3.0	99.0	
1499818491031	85667978162516	46.0	2.0	3.0	99.0	
1499818491049	85667998304117	46.0	2.0	3.0	99.0	
1499818491068	85668018445719	46.0	2.0	3.0	99.0	
1499818491084	85668038587320	46.0	2.0	3.9369659423828125	99.0	
1499818491119	85668058728922	46.0	2.0	4.0	99.0	
1499818491138	85668078870523	46.0	2.0	4.0	99.0	
1499818491155	85668099012125	46.0	2.0	4.0	99.0	
1499818491174	85668119153726	46.0	2.0	4.0	99.0	
1499818491191	85668139295328	46.0	2.0	4.0	99.0	
1499818491209	85668159436930	46.0	2.0	4.0	99.0	
1499818491229	85668179578531	46.0	2.0	4.0	99.0	
1499818491245	85668199720133	46.0	2.0	4.0	99.0	
1499818491280	85668219861734	46.0	2.0	4.0	99.0	
1499818491299	85668240003336	46.0	2.0	4.0	99.0	
1499818491321	85668260144937	46.0	2.0	4.0	99.0	
1499818491336	85668280286539	46.0	2.0	4.0	99.0	
1499818491352	85668300428141	46.0	2.0	4.0	99.0	
1499818491370	85668320569742	46.0	2.0	4.0	99.0	
1499818491392	85668340711344	46.0	2.0	4.0	99.0	
1499818491406	85668360852945	46.0	2.0	4.0	99.0	
1499818491441	85668380994547	46.047698974609375	2.0	4.0	99.0	
1499818491461	85668401136148	47.0	2.0	4.0	99.0	
1499818491477	85668421277750	47.0	2.0	4.0	99.0	
1499818491496	85668441419351	47.0	2.0	4.4190673828125	99.0	
1499818491513	85668461560953	47.0	2.0	5.0	99.0	
1499818491531	85668481702555	47.0	2.0	5.0	99.0	
1499818491550	85668501844156	47.0	1.2078399658203125	5.0	99.0	
1499818491566	85668521985758	47.0	1.0	5.0	99.0	
1499818491602	85668542127359	47.0	1.040802001953125	4.0	99.0	
1499818491620	85668562268961	47.0	2.0	4.0	99.0	
1499818491638	85668582410562	47.0	2.0	4.0	99.0	
1499818491657	85668602552164	47.0	2.0	4.0	99.0	
1499818491673	85668622693766	47.0	2.0	4.0	99.0	
1499818491692	85668642835367	47.0	2.0	4.0	99.0	
1499818491710	85668662976969	47.0	2.0	4.0	99.0	
1499818491727	85668683118570	47.0	2.0	4.909698486328125	99.0	
1499818491762	85668703260172	47.0	2.0	5.0	99.0	
1499818491781	85668723401773	47.0	2.0	5.0	99.0	
1499818491799	85668743543375	47.0	1.7189178466796875	5.0	99.0	
1499818491819	85668763684976	47.0	1.0	4.5945587158203125	99.0	
1499818491834	85668783826578	47.0	1.0	4.5298004150390625	99.0	
1499818491852	85668803968180	47.0	1.0	5.0	99.0	
1499818491871	85668824109781	47.0	1.0	4.221466064453125	99.0	
1499818491888	85668844251383	47.0	1.0	4.0	99.0	
1499818491924	85668864392984	47.0	1.0	4.025543212890625	99.0	
1499818491942	85668884534586	47.0	1.0	5.0	99.0	
1499818491960	85668904676187	47.0	1.0	5.0	99.0	
1499818491978	85668924817789	47.0	1.0	5.0	99.0	
1499818491995	85668944959391	47.0	1.0	5.0	99.0	
1499818492013	85668965100992	47.0	1.0	5.0	99.0	
1499818492032	85668985242594	47.0	1.0	5.0	99.0	
1499818492049	85669005384195	47.0	1.0	5.0	99.0	
1499818492084	85669025525797	47.0	1.01873779296875	5.0	99.0	
1499818492102	85669045667398	47.0	2.0	5.0	99.0	
1499818492120	85669065809000	47.0	2.0	5.0	99.0	
1499818492139	85669085950601	47.0	1.608184814453125	5.0	99.0	
1499818492157	85669106092203	47.0	1.0	5.0	99.0	
1499818492174	85669126233805	47.0	1.0	5.0	99.0	
1499818492192	85669146375406	47.0	1.0	5.0	99.0	
1499818492209	85669166517008	47.0	1.0	5.0	99.0	
1499818492247	85669186658609	47.0	1.0	5.0	99.0	
1499818492263	85669206800211	47.0	1.0	5.0	99.0	
1499818492282	85669226941812	47.0	1.0	5.0	99.0	
1499818492300	85669247083414	47.0	1.0	5.0	99.0	
1499818492317	85669267225016	47.63397216796875	1.0	5.0	99.0	
1499818492335	85669287366617	48.0	1.0	5.0	99.0	
1499818492356	85669307508219	48.0	1.0	5.0	99.0	
1499818492387	85669327649820	48.0	1.0	5.0	99.0	
1499818492408	85669347791422	48.0	1.0	5.0	99.0	
1499818492424	85669367933023	47.59019470214844	1.0	5.0	99.0	
1499818492442	85669388074625	47.0	1.0	5.0	99.0	
1499818492461	85669408216226	47.0	1.0	5.0	99.0	
1499818492477	85669428357828	47.0	1.0	4.1243438720703125	99.0	
1499818492514	85669448499430	47.0	1.0	4.0	99.0	
1499818492530	85669468641031	47.0	1.0	4.0	99.0	
1499818492549	85669488782633	47.0	1.0	4.0	99.0	
1499818492567	85669508924234	47.0	1.0	4.0	99.0	
1499818492584	85669529065836	47.0	1.0	4.0	99.0	
1499818492603	85669549207437	47.0	0.19232177734375	4.0	99.0	
1499818492621	85669569349039	47.96321105957031	0.0	4.0	99.0	
1499818492656	85669589490641	48.0	0.0	4.0	99.0	
1499818492675	85669609632242	48.0	0.2727203369140625	4.0	99.0	
1499818492691	85669629773844	48.0	1.0	4.0	99.0	
1499818492709	85669649915445	48.0	1.0	4.0	99.0	
1499818492727	85669670057047	48.0	0.3184967041015625	4.0	99.0	
1499818492745	85669690198648	48.0	0.0	4.0	99.0	
1499818492772	85669710340250	48.0	0.0	4.0	99.0	
1499818492799	85669730481851	48.0	0.0	4.0	99.0	
1499818492817	85669750623453	47.81025695800781	0.0	4.0	99.0	
1499818492836	85669770765055	47.0	0.0	4.0	99.0	
1499818492851	85669790906656	47.0	0.0	4.0	99.0	
1499818492870	85669811048258	47.0	0.0	4.0	99.0	
1499818492888	85669831189859	47.0	0.0	4.0	99.0	
1499818492906	85669851331461	47.0	0.0	4.0	99.0	
1499818492924	85669871473062	47.0	0.0	4.0	99.0	
1499818492960	85669891614664	47.07691955566406	0.0	4.0	99.0	
1499818492977	85669911756266	48.0	0.0	4.0	99.0	
1499818492994	85669931897867	48.0	0.0	4.0	99.0	
1499818493014	85669952039469	48.0	0.0	4.0	99.0	
1499818493031	85669972181070	48.0	0.0	4.0	99.0	
1499818493050	85669992322672	48.0	0.0	4.0	99.0	
1499818493066	85670012464273	48.0	0.0	4.0	99.0	
1499818493085	85670032605875	48.0	0.0	4.0	99.0	
1499818493120	85670052747476	48.0	0.0	4.0	99.0	
1499818493138	85670072889078	48.0	0.0	4.0	99.0	
1499818493155	85670093030680	48.0	0.0	4.0	99.0	
1499818493174	85670113172281	48.0	0.0	4.0	99.0	
1499818493196	85670133313883	48.0	0.0	4.0	99.0	
1499818493211	85670153455484	48.0	0.0	4.0	99.0	
1499818493228	85670173597086	48.0	0.0	4.0	99.0	
1499818493245	85670193738687	48.0	0.0	4.0	99.0	
1499818493281	85670213880289	48.0	0.0	4.0	99.0	
1499818493299	85670234021891	48.0	0.0	4.0	99.0	
1499818493316	85670254163492	48.0	0.0	4.0	99.0	
1499818493334	85670274305094	48.0	0.0	4.0	99.0	
1499818493353	85670294446695	48.0	0.0	4.0	99.0	
1499818493375	85670314588297	48.0	0.0	4.0	99.0	
1499818493388	85670334729898	48.0	0.0	4.0	99.0	
1499818493406	85670354871500	48.0	0.0	4.0	99.0	
1499818493442	85670375013101	48.0	0.0	4.0	99.0	
1499818493458	85670395154703	48.0	0.0	4.0	99.0	
1499818493478	85670415296305	48.0	0.0	4.0	99.0	
1499818493495	85670435437906	48.0	0.0	4.0	99.0	
1499818493513	85670455579508	47.37373352050781	0.0	4.0	99.0	
1499818493532	85670475721109	47.0	0.0	4.0	99.0	
1499818493549	85670495862711	47.0	0.0	4.0	99.0	
1499818493586	85670516004312	47.0	0.0	4.0	99.0	
1499818493603	85670536145914	47.0	0.0	4.0	99.0	
1499818493619	85670556287516	47.0	0.0	4.0	99.0	
1499818493638	85670576429117	47.0	0.0	4.0	99.0	
1499818493656	85670596570719	47.0	0.0	4.0	99.0	
1499818493674	85670616712320	47.0	0.0	4.0	99.0	
1499818493695	85670636853922	47.0	0.0	4.0	99.0	
1499818493710	85670656995523	47.0	0.0	4.0	99.0	
1499818493747	85670677137125	47.0	0.0	4.0	99.0	
1499818493763	85670697278726	47.0	0.0	4.0	99.0	
1499818493780	85670717420328	47.0	0.2747344970703125	4.0	99.0	
1499818493799	85670737561930	47.0	0.5989837646484375	4.0	99.0	
1499818493817	85670757703531	47.0	0.0	4.0	99.0	
1499818493836	85670777845133	47.0	0.0	4.0	99.0	
1499818493853	85670797986734	47.0	0.78155517578125	4.0	99.0	
1499818493870	85670818128336	47.0	1.0	4.0	99.0	
1499818493906	85670838269937	47.0	1.0	4.0	99.0	
1499818493924	85670858411539	47.0	1.0	4.0	99.0	
1499818493941	85670878553141	47.0	1.0	4.0	99.0	
1499818493959	85670898694742	47.0	1.0	4.0	99.0	
1499818493977	85670918836344	47.0	1.0	4.0	99.0	
1499818493996	85670938977945	47.0	1.0	4.0	99.0	
1499818494014	85670959119547	47.0	1.0	4.0	99.0	
1499818494032	85670979261148	47.0	1.0	4.9214935302734375	99.0	
1499818494067	85670999402750	47.0	0.9505157470703125	5.0	99.0	
1499818494083	85671019544351	47.0	0.0	5.0	99.0	
1499818494104	85671039685953	47.0	0.0	5.0	99.0	
1499818494120	85671059827555	47.0	0.0	5.0	99.0	
1499818494141	85671079969156	47.0	0.0	5.0	99.0	
1499818494156	85671100110758	47.0	0.0	5.0	99.0	
1499818494174	85671120252359	47.0	0.0	5.0	99.0	
1499818494191	85671140393961	47.0	0.0	5.0	99.0	
1499818494227	85671160535562	47.0	0.0	5.0	99.0	
1499818494244	85671180677164	47.0	0.0	5.0	99.0	
1499818494263	85671200818766	47.0	0.0	5.0	99.0	
1499818494281	85671220960367	47.0	0.0	5.0	99.0	
1499818494299	85671241101969	47.0	0.0	5.0	99.0	
1499818494316	85671261243570	47.0	0.0	5.0	99.0	
1499818494335	85671281385172	47.0	0.0	5.0	99.0	
1499818494352	85671301526773	47.0	0.0	5.0	99.0	
1499818494388	85671321668375	47.0	0.0	4.9232177734375	99.0	
1499818494405	85671341809976	47.0	0.0	4.20306396484375	99.0	
1499818494424	85671361951578	47.0	0.0	4.6700897216796875	99.0	
1499818494441	85671382093180	47.0	0.0	4.0	99.0	
1499818494459	85671402234781	47.0	0.0	3.4163970947265625	99.0	
1499818494478	85671422376383	47.0	0.0	3.0	99.0	
1499818494496	85671442517984	47.0	0.0	3.0	99.0	
1499818494512	85671462659586	47.0	0.0	3.0	99.0	
1499818494549	85671482801187	47.0	0.0904388427734375	4.0	99.0	
1499818494567	85671502942789	47.0	1.0	4.0	99.0	
1499818494587	85671523084391	47.0	1.0	4.344696044921875	99.0	
1499818494603	85671543225992	47.0	0.529022216796875	5.0	99.0	
1499818494620	85671563367594	47.0	0.0	5.0	99.0	
1499818494640	85671583509195	47.0	0.0	4.2752227783203125	99.0	
1499818494656	85671603650797	47.0	0.0	4.0	99.0	
1499818494674	85671623792398	47.0	0.0	4.0	99.0	
1499818494710	85671643934000	47.0	1.0	4.0	99.0	
1499818494728	85671664075601	47.0	1.0	4.0	99.0	
1499818494745	85671684217203	47.0	0.6416473388671875	4.0	99.0	
1499818494764	85671704358805	47.0	0.0	4.0	99.0	
1499818494781	85671724500406	47.0	0.0	4.0	99.0	
1499818494800	85671744642008	47.0	0.0	4.0	99.0	
1499818494822	85671764783609	47.0	0.0	3.13482666015625	99.0	
1499818494837	85671784925211	47.0	0.0	3.0	99.0	
1499818494870	85671805066812	47.0	0.0	2.0	99.0	
1499818494889	85671825208414	46.7542724609375	0.0	2.2457275390625	99.0	
1499818494905	85671845350016	46.0	0.37200927734375	3.37200927734375	99.0	
1499818494930	85671865491617	46.0	1.0	4.0	99.0	
1499818494941	85671885633219	46.0	1.0	4.625640869140625	99.0	
1499818494959	85671905774820	46.0	1.0	5.0	99.0	
1499818494981	85671925916422	46.0	1.0	5.0	99.0	
1499818495012	85671946058023	46.0	0.0	4.0	99.0	
1499818495037	85671966199625	46.0	0.0	4.0	99.0	
1499818495048	85671986341226	46.0	0.0	4.0	99.0	
1499818495066	85672006482828	46.0	0.0	4.0	99.0	
1499818495085	85672026624430	46.5128173828125	0.0	4.0	99.0	
1499818495103	85672046766031	47.0	0.0	4.0	99.0	
1499818495120	85672066907633	47.0	0.0	4.0	99.0	
1499818495139	85672087049234	47.0	0.0	4.0	99.0	
1499818495173	85672107190836	47.0	0.0	4.0	99.0	
1499818495193	85672127332437	47.0	0.0	4.0	99.0	
1499818495211	85672147474039	47.0	0.0	4.0	99.0	
1499818495227	85672167615641	47.0	0.0	4.0	99.0	
1499818495245	85672187757242	47.0	0.0	4.0	99.0	
1499818495263	85672207898844	47.0	0.0	3.3464202880859375	99.0	
1499818495280	85672228040445	46.22013854980469	0.7798614501953125	3.0	99.0	
1499818495300	85672248182047	46.0	1.0	3.0	99.0	
1499818495333	85672268323648	46.0	1.0	4.0	99.0	
1499818495353	85672288465250	46.0	1.0	4.0	99.0	
1499818495370	85672308606851	46.0	1.0	4.0	99.0	
1499818495388	85672328748453	46.0	1.0	4.0	99.0	
1499818495406	85672348890055	46.0	1.0	4.0	99.0	
1499818495423	85672369031656	46.0	1.0	4.0	99.0	
1499818495441	85672389173258	46.0	1.0	4.0	99.0	
1499818495460	85672409314859	46.0	0.0785064697265625	4.0	99.0	
1499818495494	85672429456461	46.0	0.0	3.9522247314453125	99.0	
1499818495513	85672449598062	46.0	0.174346923828125	3.0	99.0	
1499818495531	85672469739664	46.0	1.0	3.0	99.0	
1499818495549	85672489881266	46.0	1.0	3.0	99.0	
1499818495566	85672510022867	46.0	1.0	3.0	99.0	
1499818495584	85672530164469	46.0	1.0	3.0	99.0	
1499818495605	85672550306070	46.0	1.0	3.0	99.0	
1499818495621	85672570447672	46.0	1.0	3.0	99.0	
1499818495656	85672590589273	46.0	1.0	4.0	99.0	
1499818495674	85672610730875	46.0	1.0	4.0	99.0	
1499818495692	85672630872476	46.0	1.0	4.0	99.0	
1499818495709	85672651014078	46.0	1.0	4.0	99.0	
1499818495734	85672671155680	46.0	1.0	4.0	99.0	
1499818495749	85672691297281	46.0	1.0	4.0	99.0	
1499818495763	85672711438883	46.0	0.1774749755859375	4.0	99.0	
1499818495787	85672731580484	46.0	0.0	4.0	99.0	
1499818495816	85672751722086	46.0	0.0	4.0	99.0	
1499818495834	85672771863687	46.0	0.0	4.0	99.0	
1499818495853	85672792005289	46.0	0.0	4.0	99.0	
1499818495870	85672812146891	46.0	0.0	4.0	99.0	
1499818495888	85672832288492	46.0	0.0	4.0	99.0	
1499818495906	85672852430094	46.0	0.7098846435546875	4.0	99.0	
1499818495924	85672872571695	46.0	0.1638336181640625	4.0	99.0	
1499818495942	85672892713297	46.0	0.0	4.0	99.0	
1499818495977	85672912854898	46.0	0.0	4.0	99.0	
1499818495995	85672932996500	46.0	0.0	4.0	99.0	
1499818496013	85672953138101	46.0	0.0	4.0	99.0	
1499818496031	85672973279703	46.0	0.0	4.0	99.0	
1499818496049	85672993421305	46.0	0.0	4.0	99.0	
1499818496066	85673013562906	46.0	0.0	4.0	99.0	
1499818496085	85673033704508	46.0	0.0	4.0	99.0	
1499818496102	85673053846109	46.0	0.0	4.0	99.0	
1499818496138	85673073987711	46.0	0.0	4.0	99.0	
1499818496157	85673094129312	46.0	0.0	4.0	99.0	
1499818496174	85673114270914	46.0	0.0	4.0	99.0	
1499818496192	85673134412516	46.0	0.0	4.0	99.0	
1499818496211	85673154554117	46.0	0.0	4.0	99.0	
1499818496227	85673174695719	46.0	0.0	4.0	99.0	
1499818496246	85673194837320	46.0	0.0	4.0	99.0	
1499818496263	85673214978922	46.0	0.0	4.0	99.0	
1499818496298	85673235120523	46.0	0.0	4.0	99.0	
1499818496316	85673255262125	46.0	0.0	4.0	99.0	
1499818496334	85673275403726	46.0	0.0	4.0	99.0	
1499818496354	85673295545328	46.0	0.0	4.0	99.0	
1499818496371	85673315686930	46.0	0.0	4.0	99.0	
1499818496388	85673335828531	46.0	0.0	4.0	99.0	
1499818496405	85673355970133	46.0	0.0	4.0	99.0	
1499818496441	85673376111734	46.0	0.0	4.0	99.0	
1499818496460	85673396253336	46.0	0.0	4.0	99.0	
1499818496478	85673416394937	46.0	0.0	4.0	99.0	
1499818496495	85673436536539	46.0	0.0	4.0	99.0	
1499818496513	85673456678141	46.0	0.0	4.0	99.0	
1499818496531	85673476819742	46.0	0.0	4.0	99.0	
1499818496548	85673496961344	46.0	0.0	3.23419189453125	99.0	
1499818496566	85673517102945	46.0	0.0	2.107513427734375	99.0	
1499818496603	85673537244547	46.0	0.0	1.0	99.0	
1499818496624	85673557386148	46.0	0.0	1.145294189453125	99.0	
1499818496638	85673577527750	46.0	0.0	2.2730255126953125	99.0	
1499818496657	85673597669351	46.0	0.0	3.3993072509765625	99.0	
1499818496673	85673617810953	46.0	0.0	4.0	99.0	
1499818496692	85673637952555	46.0	0.0	4.0	99.0	
1499818496709	85673658094156	46.0	0.0	4.0	99.0	
1499818496726	85673678235758	46.0	0.0	4.0	99.0	
1499818496763	85673698377359	46.032470703125	0.0	3.967529296875	99.0	
1499818496781	85673718518961	47.0	0.0	3.0	99.0	
1499818496802	85673738660562	47.0	0.0	3.0	99.0	
1499818496817	85673758802164	47.0	0.0	3.0	99.0	
1499818496835	85673778943766	46.4598388671875	0.0	3.0	99.0	
1499818496854	85673799085367	46.0	0.0	3.0	99.0	
1499818496871	85673819226969	46.0	0.0	3.0	99.0	
1499818496891	85673839368570	45.08021545410156	-0.9197845458984375	3.0	99.0	
1499818496926	85673859510172	45.0	0.0	2.0	99.0	
1499818496951	85673879651773	45.0	0.0	2.1740570068359375	99.0	
1499818496964	85673899793375	45.0	0.0	3.0	99.0	
1499818496979	85673919934976	45.0	0.0	3.427337646484375	99.0	
1499818496995	85673940076578	45.0	0.554595947265625	4.554595947265625	99.0	
1499818497014	85673960218180	45.0	1.0	5.0	99.0	
1499818497032	85673980359781	45.0	1.0	5.0	99.0	
1499818497049	85674000501383	45.935028076171875	1.0	5.0	99.0	
1499818497090	85674020643783	46.0	1.0	5.0	99.0	
1499818497103	85674040785385	46.0	0.8123016357421875	4.8123016357421875	99.0	
1499818497124	85674060926986	46.31452941894531	0.0	4.0	99.0	
1499818497139	85674081068588	47.0	0.0	4.0	99.0	
1499818497157	85674101210190	47.0	0.0	3.4317474365234375	99.0	
1499818497177	85674121351791	47.0	0.0	3.0	99.0	
1499818497192	85674141493393	46.17918395996094	0.0	3.0	99.0	
1499818497211	85674161634994	46.0	0.0	3.0	99.0	
1499818497247	85674181776596	45.9249267578125	0.0	3.0750732421875	99.0	
1499818497264	85674201918197	45.0	0.0	4.0	99.0	
1499818497284	85674222059799	45.0	0.0	4.0	99.0	
1499818497300	85674242201400	45.0	0.0	4.0	99.0	
1499818497318	85674262343002	45.0	0.0	4.0	99.0	
1499818497337	85674282484604	45.70819091796875	0.0	4.0	99.0	
1499818497358	85674302626205	46.83589172363281	0.0	4.0	99.0	
1499818497375	85674322767807	47.0	0.0	4.0	99.0	
1499818497413	85674342909408	47.0	0.0	3.0	99.0	
1499818497428	85674363051010	46.78462219238281	0.0	3.0	99.0	
1499818497444	85674383192611	46.0	0.0	2.6569976806640625	99.0	
1499818497461	85674403334213	46.0	0.0	2.0	99.0	
1499818497478	85674423475815	46.0	0.0	2.0	99.0	
1499818497499	85674443617416	46.0	0.7230682373046875	2.0	99.0	
1499818497513	85674463759018	46.0	1.0	2.849822998046875	99.0	
1499818497534	85674483900619	46.0	1.0	3.976104736328125	99.0	
1499818497569	85674504042221	46.0	0.8974456787109375	4.1025543212890625	99.0	
1499818497586	85674524183822	46.0	0.0	4.7696380615234375	99.0	
1499818497604	85674544325424	46.0	0.0	4.0	99.0	
1499818497622	85674564467025	46.0	0.0	4.0	99.0	
1499818497646	85674584608627	46.61024475097656	0.0	3.3897552490234375	99.0	
1499818497661	85674604750229	47.0	0.0	3.0	99.0	
1499818497676	85674624891830	47.0	0.0	2.1365203857421875	99.0	
1499818497696	85674645033432	47.0	0.0	2.0	99.0	
1499818497728	85674665175033	47.0	0.0	2.0	99.0	
1499818497748	85674685316635	46.7559814453125	0.0	2.0	99.0	
1499818497764	85674705458236	46.0	0.0	2.37030029296875	99.0	
1499818497784	85674725599838	46.0	0.0	3.0	99.0	
1499818497803	85674745741440	46.0	0.0	3.0	99.0	
1499818497817	85674765883041	46.0	0.0	3.0	99.0	
1499818497835	85674786024643	46.0	0.0	3.0	99.0	
1499818497871	85674806166244	46.0	0.0	3.0	99.0	
1499818497888	85674826307846	46.0	0.0	3.0	99.0	
1499818497906	85674846449447	46.0	0.0	3.0	99.0	
1499818497925	85674866591049	46.0	0.0	3.0	99.0	
1499818497943	85674886732650	46.0	0.0	3.0	99.0	
1499818497960	85674906874252	46.638214111328125	0.0	3.0	99.0	
1499818497978	85674927015854	47.0	0.0	3.0	99.0	
1499818497996	85674947157455	46.109222412109375	0.0	3.0	99.0	
1499818498032	85674967299057	46.0	0.0	3.0	99.0	
1499818498049	85674987440658	46.0	0.0	3.0	99.0	
1499818498068	85675007582260	46.0	0.0	3.0	99.0	
1499818498087	85675027723861	46.0	0.0	3.0	99.0	
1499818498103	85675047865463	46.0	0.0	3.0	99.0	
1499818498120	85675068007065	46.0	0.0	3.0	99.0	
1499818498151	85675088148666	46.0	0.0	3.7781524658203125	99.0	
1499818498158	85675108290268	46.0	0.0	4.0	99.0	
1499818498198	85675128431869	46.0	0.0	4.0	99.0	
1499818498210	85675148573471	46.0	0.0	4.0	99.0	
1499818498228	85675168715072	46.0	0.0	4.0	99.0	
1499818498246	85675188856674	46.0	0.0	4.0	99.0	
1499818498263	85675208998275	46.0	0.0	4.0	99.0	
1499818498281	85675229139877	46.0	0.0	4.0	99.0	
1499818498301	85675249281479	46.0	0.0	3.20684814453125	99.0	
1499818498317	85675269423080	46.0	0.0	3.0	99.0	
1499818498354	85675289564682	46.0	0.0	3.0460662841796875	99.0	
1499818498371	85675309706283	46.0	0.0	4.0	99.0	
1499818498388	85675329847885	46.30033874511719	0.0	3.6996612548828125	99.0	
1499818498407	85675349989486	47.0	0.0	3.0	99.0	
1499818498424	85675370131088	47.0	-0.552886962890625	3.0	99.0	
1499818498441	85675390272690	47.0	-1.0	3.0	99.0	
1499818498461	85675410414291	47.0	-1.0	3.0	99.0	
1499818498479	85675430555893	47.0	-1.0	3.0	99.0	
1499818498513	85675450697494	47.0	-1.0	3.0	99.0	
1499818498531	85675470839096	47.0	-1.0	2.8123016357421875	99.0	
1499818498549	85675490980697	47.0	-1.0	2.0	99.0	
1499818498568	85675511122299	47.0	-0.5597381591796875	2.0	99.0	
1499818498585	85675531263900	47.0	0.0	2.5675201416015625	99.0	
1499818498603	85675551405502	47.0	0.0	3.0	99.0	
1499818498624	85675571547104	47.0	0.0	3.8208160400390625	99.0	
1499818498639	85675591688705	47.0	0.0	4.0	99.0	
1499818498674	85675611830307	47.0	-0.0750732421875	5.0	99.0	
1499818498692	85675631971908	47.0	-1.0	5.0	99.0	
1499818498710	85675652113510	47.0	-1.0	5.0	99.0	
1499818498729	85675672255111	47.0	-0.54608154296875	5.0	99.0	
1499818498745	85675692396713	47.0	0.0	5.0	99.0	
1499818498764	85675712538315	47.0	0.0	4.29180908203125	99.0	
1499818498784	85675732679916	47.0	0.0	4.8344573974609375	99.0	
1499818498800	85675752821518	47.0	0.0	5.0	99.0	
1499818498838	85675772963119	47.0	0.0	5.0	99.0	
1499818498854	85675793104721	47.0	0.0	5.0	99.0	
1499818498873	85675813246322	47.0	0.0	5.0	99.0	
1499818498890	85675833387924	47.0	0.0	5.0	99.0	
1499818498905	85675853529525	47.0	0.0	5.0	99.0	
1499818498924	85675873671127	47.0	0.0	5.0	99.0	
1499818498950	85675893812729	47.0	0.0	5.0	99.0	
1499818498968	85675913954330	47.0	0.0	5.0	99.0	
1499818498996	85675934095932	47.0	0.0	5.0	99.0	
1499818499014	85675954237533	47.0	0.0	5.0	99.0	
1499818499032	85675974379135	47.0	0.0	5.0	99.0	
1499818499053	85675994520736	47.0	0.0	5.0	99.0	
1499818499070	85676014662338	47.0	0.0	5.0	99.0	
1499818499086	85676034803940	47.0	0.0	5.0	99.0	
1499818499104	85676054945541	47.0	0.0	5.0	99.0	
1499818499121	85676075087143	47.0	0.0	5.0	99.0	
1499818499156	85676095228744	47.0	-0.11602783203125	5.0	99.0	
1499818499174	85676115370346	47.0	-1.0	4.7572784423828125	99.0	
1499818499192	85676135511947	47.0	-1.0	4.0	99.0	
1499818499210	85676155653549	47.0	-1.0	4.0	99.0	
1499818499228	85676175795150	47.0	-1.0	4.0	99.0	
1499818499246	85676195936752	47.0	-1.0	4.0	99.0	
1499818499264	85676216078354	47.0	-1.0	4.0	99.0	
1499818499299	85676236219955	47.0	-1.0	4.0	99.0	
1499818499317	85676256361557	47.0	-1.0	4.0	99.0	
1499818499335	85676276503158	47.0	-1.0	4.0	99.0	
1499818499353	85676296644760	47.0	-1.0	4.0	99.0	
1499818499370	85676316786361	47.0	-1.0	4.0	99.0	
1499818499389	85676336927963	47.0	-1.0	4.0	99.0	
1499818499406	85676357069565	47.0	-1.0	4.0	99.0	
1499818499426	85676377211166	47.0	-1.0	4.0	99.0	
1499818499460	85676397352768	47.0	-1.0	4.0	99.0	
1499818499478	85676417494369	47.143585205078125	-0.856414794921875	4.0	99.0	
1499818499501	85676437635971	48.0	0.0	4.0	99.0	
1499818499514	85676457777572	47.60240173339844	0.0	4.0	99.0	
1499818499531	85676477919174	47.52388000488281	0.0	4.0	99.0	
1499818499550	85676498060775	47.348724365234375	0.0	4.0	99.0	
1499818499568	85676518202377	47.77815246582031	0.0	4.0	99.0	
1499818499587	85676538343979	48.0	0.0	4.0	99.0	
1499818499622	85676558485580	48.0	0.0	4.0	99.0	
1499818499640	85676578627182	48.0	0.0	4.0	99.0	
1499818499657	85676598768783	48.0	0.0	4.28497314453125	99.0	
1499818499673	85676618910385	48.0	0.0	5.0	99.0	
1499818499695	85676639051986	47.4615478515625	0.0	5.0	99.0	
1499818499711	85676659193588	47.0	0.0	5.0	99.0	
1499818499728	85676679335190	47.0	0.0	5.0	99.0	
1499818499748	85676699476791	47.0	0.0	5.0	99.0	
1499818499781	85676719618393	47.0	0.0	5.0	99.0	
1499818499801	85676739759994	47.0	0.0	5.0	99.0	
1499818499820	85676759901596	47.0	0.0	5.0	99.0	
1499818499836	85676780043197	47.0	0.0	5.0	99.0	
1499818499852	85676800184799	47.0	0.0	5.0	99.0	
1499818499871	85676820326400	47.0	0.0	5.0	99.0	
1499818499889	85676840468002	47.0	0.0	5.0	99.0	
1499818499907	85676860609604	47.0	0.0	5.0	99.0	
1499818499942	85676880751205	47.0	0.0	5.0	99.0	
1499818499962	85676900892807	47.0	0.0	5.0	99.0	
1499818499983	85676921034408	47.31282043457031	0.0	5.0	99.0	
1499818499996	85676941176010	48.0	0.4402618408203125	5.0	99.0	
1499818500015	85676961317611	47.43345642089844	1.0	5.5665435791015625	99.0	
1499818500032	85676981459213	47.0	1.0	6.0	99.0	
1499818500055	85677001600815	47.0	1.0	6.0	99.0	
1499818500068	85677021742416	47.0	1.0	6.0	99.0	
1499818500103	85677041884018	47.9266357421875	1.0	6.0	99.0	
1499818500121	85677062025619	47.0	1.0	6.0	99.0	
1499818500139	85677082167221	47.0	1.0	6.0	99.0	
1499818500157	85677102308822	47.0	1.0	6.0	99.0	
1499818500175	85677122450424	47.5802001953125	1.5802001953125	6.0	99.0	
1499818500192	85677142592025	48.0	2.0	6.0	99.0	
1499818500213	85677162733627	48.0	2.0	6.0	99.0	
1499818500229	85677182875229	48.0	2.0	6.0	99.0	
1499818500263	85677203016830	48.0	2.0	6.0	99.0	
1499818500282	85677223158432	48.0	1.7863311767578125	6.0	99.0	
1499818500298	85677243300033	48.0	1.0	6.0	99.0	
1499818500317	85677263441635	48.0	1.0	6.0	99.0	
1499818500336	85677283583236	48.0	1.0	6.0	99.0	
1499818500354	85677303724838	48.0	1.7213592529296875	6.0	99.0	
1499818500373	85677323866440	47.151885986328125	2.0	6.0	99.0	
1499818500390	85677344008041	47.0	2.0	6.0	99.0	
1499818500425	85677364149643	47.0	2.0	6.0	99.0	
1499818500442	85677384291244	47.0	2.0	6.0	99.0	
1499818500461	85677404432846	47.0	2.0	6.0	99.0	
1499818500478	85677424574447	47.0	2.0	6.0	99.0	
1499818500499	85677444716049	47.0	2.0	6.0	99.0	
1499818500514	85677464857650	47.73548889160156	2.0	6.0	99.0	
1499818500532	85677484999252	48.0	2.0	6.0	99.0	
1499818500551	85677505140854	48.0	2.0	6.0	99.0	
1499818500595	85677525282455	48.0	2.0	6.0	99.0	
1499818500608	85677545424057	48.0	2.0	6.0	99.0	
1499818500620	85677565565658	48.0	2.0	6.0	99.0	
1499818500639	85677585707260	48.0	2.0	6.0	99.0	
1499818500658	85677605848861	48.0	2.0	6.0	99.0	
1499818500676	85677625990463	48.0	2.0	6.0	99.0	
1499818500692	85677646132065	48.0	2.8754119873046875	6.0	99.0	
1499818500730	85677666273666	47.0	3.0	6.0	99.0	
1499818500746	85677686415268	47.0	3.0	6.0	99.0	
1499818500765	85677706556869	47.0	3.0	6.0	99.0	
1499818500785	85677726698471	47.0	3.0	6.0	99.0	
1499818500799	85677746840072	47.0	3.0	6.0	99.0	
1499818500819	85677766981674	47.0	3.0	6.0	99.0	
1499818500835	85677787123275	47.0	3.0	6.0	99.0	
1499818500853	85677807264877	47.0	3.0	6.0	99.0	
1499818500889	85677827406479	47.0	3.0	6.0	99.0	
1499818500907	85677847548080	47.0	3.0	6.0	99.0	
1499818500925	85677867689682	47.0	3.0	6.0	99.0	
1499818500943	85677887831283	47.0	3.0	6.0	99.0	
1499818500960	85677907972885	47.0	3.0	6.0	99.0	
1499818500981	85677928114486	47.0	3.0	6.0	99.0	
1499818501004	85677948256088	47.0	3.0	6.0	99.0	
1499818501014	85677968397690	47.0	3.0	6.0	99.0	
1499818501050	85677988539291	47.0	3.0	6.0	99.0	
1499818501068	85678008680893	47.0	3.0	6.0	99.0	
1499818501087	85678028822494	47.0	3.0	6.0	99.0	
1499818501104	85678048964096	47.0	3.0	6.0	99.0	
1499818501122	85678069105697	47.0	3.0	6.0	99.0	
1499818501141	85678089247299	47.0	3.0	6.0	99.0	
1499818501157	85678109388900	47.0	3.0	6.0	99.0	
1499818501175	85678129530502	47.0	3.0	6.0	99.0	
1499818501211	85678149672104	47.0	3.0	6.0	99.0	
1499818501227	85678169813705	47.0	3.0	6.0	99.0	
1499818501252	85678189955307	47.0	3.0	6.0	99.0	
1499818501264	85678210096908	47.0	3.0	6.0	99.0	
1499818501283	85678230238510	47.0	3.0	6.5511932373046875	99.0	
1499818501301	85678250380111	47.0	3.678619384765625	7.0	99.0	
1499818501318	85678270521713	47.0	4.0	7.0	99.0	
1499818501335	85678290663315	47.0	4.0	7.0	99.0	
1499818501371	85678310804916	46.94189453125	4.0	7.0	99.0	
1499818501389	85678330946518	46.0	4.0	7.0	99.0	
1499818501407	85678351088119	46.0	4.0	7.0	99.0	
1499818501425	85678371229721	46.0	3.5614471435546875	6.5614471435546875	99.0	
1499818501443	85678391371322	46.0	2.4341888427734375	5.4341888427734375	99.0	
1499818501462	85678411512924	46.69282531738281	1.3071746826171875	5.0	99.0	
1499818501478	85678431654525	47.0	1.0	5.0	99.0	
1499818501497	85678451796127	47.0	1.0	5.0	99.0	
1499818501533	85678471937729	48.0	1.0	5.0	99.0	
1499818501549	85678492079330	48.0	1.0	5.0	99.0	
1499818501569	85678512220932	48.0	1.0	5.0	99.0	
1499818501586	85678532362533	47.54701232910156	1.0	4.5470123291015625	99.0	
1499818501605	85678552504135	47.0	1.0	4.0	99.0	
1499818501623	85678572645736	47.0	1.0	4.0	99.0	
1499818501640	85678592787338	47.0	1.0	4.0	99.0	
1499818501661	85678612928940	47.0	1.9606781005859375	4.0	99.0	
1499818501693	85678633070541	47.0	2.0	5.0	99.0	
1499818501727	85678653212143	47.0	2.0	5.0	99.0	
1499818501734	85678673353744	47.0	2.0	5.0	99.0	
1499818501751	85678693495346	47.0	1.5333404541015625	5.0	99.0	
1499818501764	85678713636947	47.0	1.0	5.0	99.0	
1499818501785	85678733778549	47.0	1.0	5.0	99.0	
1499818501801	85678753920150	47.0	1.0	4.153594970703125	99.0	
1499818501819	85678774061752	47.0	1.0	4.0	99.0	
1499818501852	85678794203354	47.0	1.0	4.0	99.0	
1499818501873	85678814344955	47.0	1.0	4.0	99.0	
1499818501891	85678834486557	47.0	1.0	4.0	99.0	
1499818501909	85678854628158	47.0	1.0	4.4812164306640625	99.0	
1499818501925	85678874769760	47.0	1.0	5.0	99.0	
1499818501944	85678894911361	47.0	1.0	5.0	99.0	
1499818501961	85678915052963	47.0	1.0	5.0	99.0	
1499818501979	85678935194565	47.0	1.0	5.0	99.0	
1499818502013	85678955336166	47.0	1.0	5.0	99.0	
1499818502032	85678975477768	47.0	1.0	5.0	99.0	
1499818502052	85678995619369	47.0	1.0	5.0	99.0	
1499818502068	85679015760971	47.0	1.0	5.0	99.0	
1499818502086	85679035902572	47.0	1.0	5.0	99.0	
1499818502105	85679056044174	47.0	1.0	5.0	99.0	
1499818502121	85679076185775	47.0	1.0	4.1245880126953125	99.0	
1499818502158	85679096327377	47.0	1.0	4.0	99.0	
1499818502174	85679116468979	47.0	1.0	4.0	99.0	
1499818502197	85679136610580	47.0	1.0	4.2559661865234375	99.0	
1499818502212	85679156752182	47.0	1.0	5.0	99.0	
1499818502229	85679176893783	47.0	1.0	5.0	99.0	
1499818502249	85679197035385	47.0	1.0	5.0	99.0	
1499818502268	85679217176986	47.0	1.0	4.237213134765625	99.0	
1499818502282	85679237318588	47.0	1.0	4.0	99.0	
1499818502319	85679257460190	47.0	1.0	4.0	99.0	
1499818502338	85679277601791	47.0	1.0	4.0	99.0	
1499818502354	85679297743393	47.0	1.0	4.0	99.0	
1499818502373	85679317884994	47.0	1.0	4.0	99.0	
1499818502389	85679338026596	47.0	1.0	4.0	99.0	
1499818502407	85679358168197	47.0	1.0	4.0	99.0	
1499818502427	85679378309799	47.0	1.0	4.0	99.0	
1499818502448	85679398451400	47.0	1.0	4.0	99.0	
1499818502477	85679418593002	47.0	1.0	4.0	99.0	
1499818502496	85679438734604	47.0	1.0	4.0	99.0	
1499818502515	85679458876205	47.0	1.0	4.0	99.0	
1499818502533	85679479017807	47.0	1.0	4.0	99.0	
1499818502550	85679499159408	47.0	1.0	4.0	99.0	
1499818502568	85679519301010	47.0	1.0	4.0	99.0	
1499818502588	85679539442611	47.0	1.0	4.0	99.0	
1499818502604	85679559584213	47.0	1.0	4.0	99.0	
1499818502639	85679579725815	47.0	1.0	4.0	99.0	
1499818502657	85679599867416	47.0	1.0	4.0	99.0	
1499818502686	85679620009018	47.0	1.0	4.0	99.0	
1499818502695	85679640150619	47.0	1.0	4.0	99.0	
1499818502711	85679660292221	47.0	1.0	4.0	99.0	
1499818502729	85679680433822	47.0	1.0	4.0	99.0	
1499818502746	85679700575424	47.0	1.0	4.0	99.0	
1499818502764	85679720717025	47.0	1.0	4.0	99.0	
1499818502799	85679740858627	47.0	1.0	4.0	99.0	
1499818502822	85679761000229	47.0	1.0	4.0	99.0	
1499818502843	85679781141830	47.0	1.0	4.0	99.0	
1499818502861	85679801283432	47.0	1.0	4.0	99.0	
1499818502871	85679821425033	47.0	1.0	4.0	99.0	
1499818502889	85679841566635	47.0	1.0	4.0	99.0	
1499818502907	85679861708236	47.0	1.0	4.0	99.0	
1499818502925	85679881849838	47.0	1.0	4.0	99.0	
1499818502960	85679901991440	47.0	1.0	4.0	99.0	
1499818502978	85679922133041	47.0	1.0	4.0	99.0	
1499818502996	85679942274643	47.0	1.0	4.0	99.0	
1499818503015	85679962416244	47.0	1.0	4.0	99.0	
1499818503033	85679982557846	47.0	1.0	4.0	99.0	
1499818503050	85680002699447	47.0	1.0	4.0	99.0	
1499818503070	85680022841049	47.0	1.0	4.0	99.0	
1499818503087	85680042982650	47.0	1.0	4.0	99.0	
1499818503120	85680063124252	47.0	1.0	4.0	99.0	
1499818503139	85680083265854	47.0	1.0	4.0	99.0	
1499818503158	85680103407455	47.0	1.0	3.6604156494140625	99.0	
1499818503175	85680123549057	47.0	0.5341339111328125	2.5341339111328125	99.0	
1499818503193	85680143690658	47.59315490722656	0.0	1.4068450927734375	99.0	
1499818503214	85680163832260	48.0	0.0	0.279876708984375	99.0	
1499818503235	85680183973861	48.0	0.0	0.0	99.0	
1499818503247	85680204115463	48.0	0.0	0.0	99.0	
1499818503282	85680224257065	47.90086364746094	0.0	1.0991363525390625	99.0	
1499818503299	85680244398666	47.0	0.0	2.0	99.0	
1499818503319	85680264540268	47.0	0.0	2.353240966796875	99.0	
1499818503338	85680284681869	47.0	0.0	3.0	99.0	
1499818503353	85680304823471	47.0	-0.6068267822265625	3.6068267822265625	99.0	
1499818503375	85680324965072	47.0	-1.0	4.0	99.0	
1499818503389	85680345106674	47.0	-1.0	3.1399383544921875	99.0	
1499818503407	85680365248275	47.0	-1.0	3.0	99.0	
1499818503445	85680385389877	47.0	-1.0	3.0	99.0	
1499818503462	85680405531479	47.2406005859375	-0.7593994140625	3.0	99.0	
1499818503479	85680425673080	48.0	0.0	3.0	99.0	
1499818503499	85680445814682	48.0	0.0	3.0	99.0	
1499818503514	85680465956283	48.0	0.0	3.0	99.0	
1499818503532	85680486097885	48.0	0.0	3.0	99.0	
1499818503549	85680506239486	48.0	-0.87371826171875	2.12628173828125	99.0	
1499818503585	85680526381088	48.0	-1.0	1.9983062744140625	99.0	
1499818503614	85680546522690	48.0	-1.0	1.0	99.0	
1499818503624	85680566664291	48.0	-0.7457427978515625	1.0	99.0	
1499818503646	85680586805893	47.618804931640625	0.0	1.381195068359375	99.0	
1499818503658	85680606947494	47.0	0.0	2.0	99.0	
1499818503676	85680627089096	47.0	0.0	2.6348114013671875	99.0	
1499818503695	85680647230697	47.0	0.0	2.238922119140625	99.0	
1499818503713	85680667372299	47.0	0.0	2.0	99.0	
1499818503745	85680687513900	47.0	-0.984649658203125	2.0	99.0	
1499818503765	85680707655502	47.0	0.0	2.0	99.0	
1499818503782	85680727797104	47.0	0.0	2.0	99.0	
1499818503799	85680747938705	47.0	0.0	2.0	99.0	
1499818503819	85680768080307	47.0	0.0	2.0	99.0	
1499818503836	85680788221908	47.0	0.0	2.0	99.0	
1499818503855	85680808363510	47.0	0.0	2.0	99.0	
1499818503875	85680828505111	47.0	0.0	2.0	99.0	
1499818503908	85680848646713	47.0	0.0	2.0	99.0	
1499818503929	85680868788315	47.0	0.0	2.0	99.0	
1499818503942	85680888929916	47.0	0.0	2.0	99.0	
1499818503960	85680909071518	47.0	0.0	2.0	99.0	
1499818503979	85680929213119	47.0	0.0	2.0	99.0	
1499818503996	85680949354721	47.0	0.0	2.0	99.0	
1499818504019	85680969496322	47.0	0.0	1.21026611328125	99.0	
1499818504032	85680989637924	47.0	0.0	1.0	99.0	
1499818504067	85681009779525	47.0	0.0	1.0	99.0	
1499818504092	85681029921127	47.0	0.0	1.0	99.0	
1499818504103	85681050062729	47.0	0.0	1.2969207763671875	99.0	
1499818504123	85681070204330	47.0	0.0	2.0	99.0	
1499818504142	85681090345932	47.0	0.0	2.0	99.0	
1499818504160	85681110487533	47.0	0.0	2.0	99.0	
1499818504180	85681130629135	47.0	0.0	2.0	99.0	
1499818504195	85681150770736	47.0	0.0	2.0	99.0	
1499818504228	85681170912338	47.0	0.0	1.0	99.0	
1499818504246	85681191053940	47.0	0.0	1.0	99.0	
1499818504265	85681211195541	47.0	0.0	1.0	99.0	
1499818504282	85681231337143	47.0	0.0	1.0	99.0	
1499818504301	85681251478744	47.0	0.0	1.7142791748046875	99.0	
1499818504318	85681271620346	47.0	0.0	2.0	99.0	
1499818504361	85681291761947	47.0	0.0	2.0	99.0	
1499818504372	85681311903549	47.0	0.0	1.8397216796875	99.0	
1499818504393	85681332045150	47.0	0.0	1.0	99.0	
1499818504407	85681352186752	47.0	0.0	1.0	99.0	
1499818504425	85681372328354	46.391998291015625	0.0	1.608001708984375	99.0	
1499818504443	85681392469955	46.0	0.0	2.0	99.0	
1499818504462	85681412611557	46.0	0.0	2.0	99.0	
1499818504496	85681432753158	46.0	0.0	2.0	99.0	
1499818504514	85681452894760	46.0	0.0	2.0	99.0	
1499818504531	85681473036361	46.0	0.0	2.0	99.0	
1499818504552	85681493177963	46.0	0.0	2.0	99.0	
1499818504578	85681513319565	46.0	0.0	2.0	99.0	
1499818504593	85681533461166	46.0	0.0	2.0	99.0	
1499818504604	85681553602768	46.0	0.0	2.0	99.0	
1499818504639	85681573744369	46.0	0.0	2.0	99.0	
1499818504658	85681593885971	46.0	0.0	2.0	99.0	
1499818504678	85681614027572	46.0	0.0	2.0	99.0	
1499818504692	85681634169174	46.0	0.0	2.0	99.0	
1499818504712	85681654310775	46.0	0.0	2.0	99.0	
1499818504729	85681674452377	46.0	0.0	2.0	99.0	
1499818504746	85681694593979	46.0	0.0	2.0	99.0	
1499818504792	85681714735580	46.0	0.0	2.0	99.0	
1499818504802	85681734877182	46.0	0.0	2.0	99.0	
1499818504820	85681755018783	46.0	0.0	2.0	99.0	
1499818504837	85681775160385	46.0	0.0	2.0	99.0	
1499818504852	85681795301986	46.0	0.0	2.0	99.0	
1499818504871	85681815443588	46.0	0.0	2.0	99.0	
1499818504890	85681835585190	46.0	0.0	2.0	99.0	
1499818504907	85681855726791	46.0	0.0	2.0	99.0	
1499818504943	85681875868393	46.0	0.0	2.0	99.0	
1499818504961	85681896009994	46.0	0.0	2.0	99.0	
1499818504978	85681916151596	46.0	0.0	2.0	99.0	
1499818504998	85681936293197	46.0	0.0	2.0	99.0	
1499818505013	85681956434799	46.0	0.0	2.0	99.0	
1499818505032	85681976576400	46.0	0.0	2.0	99.0	
1499818505051	85681996718002	46.0	0.0	2.0	99.0	
1499818505068	85682016859604	46.0	0.0	2.0	99.0	
1499818505104	85682037001205	46.0	0.0	1.983062744140625	99.0	
1499818505121	85682057142807	46.0	0.0	1.0	99.0	
1499818505140	85682077284408	46.0	0.0	1.0	99.0	
1499818505157	85682097426010	46.0	0.0	1.0	99.0	
1499818505175	85682117567611	46.0	0.0	1.0	99.0	
1499818505193	85682137709213	46.0	0.0	1.0	99.0	
1499818505211	85682157850815	46.0	0.0	1.0	99.0	
1499818505228	85682177992416	46.0	0.0	1.0	99.0	
1499818505246	85682198134018	46.0	0.0	1.0	99.0	
1499818505283	85682218275619	46.0	0.0	1.0	99.0	
1499818505300	85682238417221	46.0	0.0	1.0	99.0	
1499818505317	85682258558822	46.0	0.0	1.0	99.0	
1499818505337	85682278700424	46.0	0.0	1.0	99.0	
1499818505360	85682298842025	46.0	0.0	1.0	99.0	
1499818505372	85682318983627	46.0	0.0	1.0	99.0	
1499818505389	85682339125229	46.0	0.0	1.0	99.0	
1499818505407	85682359266830	46.0	0.0	1.0	99.0	
1499818505442	85682379408432	46.0	0.0	1.0	99.0	
1499818505462	85682399550033	46.0	0.0	1.0	99.0	
1499818505478	85682419691635	46.0	0.0	1.0	99.0	
1499818505496	85682439833236	46.0	0.0	1.0	99.0	
1499818505521	85682459974838	46.0	0.0	1.0	99.0	
1499818505537	85682480116440	46.0	0.0	1.0	99.0	
1499818505550	85682500258041	46.0	0.0	1.0	99.0	
1499818505570	85682520399643	46.0	0.0	1.0	99.0	
1499818505586	85682540541244	46.0	0.0	1.0	99.0	
1499818505628	85682560682846	46.0	0.0	1.0	99.0	
1499818505638	85682580824447	46.0	0.0	1.0	99.0	
1499818505658	85682600966049	46.0	0.0	1.0	99.0	
1499818505675	85682621107650	46.0	0.0	1.0	99.0	
1499818505694	85682641249252	46.0	0.0	1.0	99.0	
1499818505712	85682661390854	46.0	0.0	1.0	99.0	
1499818505729	85682681532455	46.0	0.0	1.0	99.0	
1499818505749	85682701674057	46.0	0.0	1.0	99.0	
1499818505783	85682721815658	46.0	0.0	1.0	99.0	
1499818505802	85682741957260	46.0	0.0	1.0	99.0	
1499818505820	85682762098861	46.0	0.0	1.0	99.0	
1499818505836	85682782240463	46.0	0.0	1.0	99.0	
1499818505854	85682802382065	46.0	0.0	1.0	99.0	
1499818505874	85682822523666	46.0	0.0	1.66552734375	99.0	
1499818505895	85682842665268	46.0	0.0	2.0	99.0	
1499818505909	85682862806869	46.0	0.0	2.0	99.0	
1499818505943	85682882948471	46.0	0.0	2.0	99.0	
1499818505961	85682903090072	46.0	0.0	2.0	99.0	
1499818505980	85682923231674	46.0	0.0	1.7385406494140625	99.0	
1499818506009	85682943373275	46.0	0.0	1.0	99.0	
1499818506051	85682963514877	46.0	0.0	1.0	99.0	
1499818506059	85682983656479	46.0	0.0	1.0	99.0	
1499818506068	85683003798080	46.0	0.0	1.738525390625	99.0	
1499818506079	85683023939682	46.0	0.0	2.0	99.0	
1499818506086	85683044081283	46.0	0.0	2.0	99.0	
1499818506121	85683064222885	46.0	0.0	2.0	99.0	
1499818506140	85683084364486	46.0	0.0	1.784759521484375	99.0	
1499818506159	85683104506088	46.0	0.0	1.0	99.0	
1499818506180	85683124647690	46.0	0.0	1.0	99.0	
1499818506193	85683144789291	46.0	0.0	1.0	99.0	
1499818506212	85683164930893	46.0	0.0	1.0	99.0	
1499818506232	85683185072494	46.0	0.0	1.8571319580078125	99.0	
1499818506263	85683205214096	45.0	0.0	2.0	99.0	
1499818506283	85683225355697	45.0	0.2142791748046875	2.0	99.0	
1499818506300	85683245497299	45.0	1.0	2.0	99.0	
1499818506320	85683265638900	45.0	1.0	2.0	99.0	
1499818506337	85683285780502	45.0	1.0	2.0	99.0	
1499818506354	85683305922104	45.0	1.0	1.071441650390625	99.0	
1499818506389	85683326063705	45.0	1.0	1.0	99.0	
1499818506409	85683346205307	45.0	0.71429443359375	1.0	99.0	
1499818506425	85683366346908	45.0	0.0	1.0	99.0	
1499818506445	85683386488510	45.0	0.0	1.0	99.0	
1499818506461	85683406630111	45.80842590332031	0.0	1.0	99.0	
1499818506479	85683426771713	46.0	0.0	1.0	99.0	
1499818506514	85683446913315	45.0	0.0	1.0	99.0	
1499818506533	85683467054916	45.0	0.0	1.0	99.0	
1499818506550	85683487196518	45.0	0.0	0.7404327392578125	99.0	
1499818506568	85683507338119	45.0	0.0	0.0	99.0	
1499818506585	85683527479721	45.0	0.0	0.0	99.0	
1499818506606	85683547621322	45.0	0.0	0.0	99.0	
1499818506626	85683567762924	45.0	0.0	0.0	99.0	
1499818506639	85683587904525	45.0	0.0	0.0	99.0	
1499818506658	85683608046127	45.0	0.0	0.0	99.0	
1499818506675	85683628187729	45.0	0.0	0.0	99.0	
1499818506712	85683648329330	45.0	-0.034881591796875	0.0	99.0	
1499818506730	85683668470932	44.868560791015625	-1.0	0.0	99.0	
1499818506746	85683688612533	44.0	-1.0	0.0	99.0	
1499818506765	85683708754135	44.0	-1.0	0.0	99.0	
1499818506784	85683728895736	44.0	-1.0	0.0	99.0	
1499818506800	85683749037338	44.0	-1.0	0.0	99.0	
1499818506820	85683769178940	44.0	-1.0	0.0	99.0	
1499818506839	85683789320541	44.0	-1.0	0.0	99.0	
1499818506854	85683809462143	44.0	-1.0	0.0	99.0	
1499818506873	85683829603744	44.0	-1.0	0.0	99.0	
1499818506907	85683849745346	43.0	-2.0	0.0	99.0	
1499818506925	85683869886947	42.83561706542969	-2.0	0.1643829345703125	99.0	
1499818506943	85683890028549	42.0	-2.0	1.0	99.0	
1499818506962	85683910170150	42.0	-2.0	1.0	99.0	
1499818506986	85683930311752	42.55479431152344	-2.0	1.0	99.0	
1499818506997	85683950453354	43.0	-2.0	1.6849212646484375	99.0	
1499818507015	85683970594955	43.8150634765625	-2.0	2.0	99.0	
1499818507035	85683990736557	44.0	-2.0	2.0	99.0	
1499818507071	85684010881986	45.07533264160156	-2.0	3.0	99.0	
1499818507095	85684031023588	46.0	-2.205474853515625	2.794525146484375	99.0	
1499818507107	85684051165189	46.335601806640625	-3.0	2.0	99.0	
1499818507122	85684071306791	47.46574401855469	-3.4657440185546875	1.5342559814453125	99.0	
1499818507141	85684091448393	48.59588623046875	-4.0	1.0	99.0	
1499818507157	85684111589994	49.0	-4.72601318359375	0.27398681640625	99.0	
1499818507177	85684131731596	49.0	-5.0	0.0	99.0	
1499818507193	85684151873197	49.0	-5.0	0.0	99.0	
1499818507228	85684172014799	49.0	-4.0	0.0	99.0	
1499818507248	85684192156400	48.75343322753906	-4.0	0.0	99.0	
1499818507264	85684212298002	48.0	-4.0	0.0	99.0	
1499818507283	85684232439603	48.0	-4.0	0.0	99.0	
1499818507301	85684252581205	48.0	-4.0	0.0	99.0	
1499818507318	85684272722807	48.0	-4.0	0.0	99.0	
1499818507336	85684292864408	48.0	-4.0	0.0	99.0	
1499818507372	85684313006010	48.0	-4.9726104736328125	0.0	99.0	
1499818507389	85684333147611	48.0	-4.0	0.0	99.0	
1499818507408	85684353289213	48.0	-4.0	0.0	99.0	
1499818507426	85684373430814	48.0	-4.0	0.0	99.0	
1499818507444	85684393572416	47.452056884765625	-3.452056884765625	0.0	99.0	
1499818507462	85684413714018	47.0	-3.0	0.0	99.0	
1499818507482	85684433855619	47.0	-2.1917877197265625	-0.8082122802734375	99.0	
1499818507503	85684453997221	47.0	-2.0	-1.9383544921875	99.0	
1499818507532	85684474138822	47.0	-2.0	-2.0	99.0	
1499818507552	85684494280424	47.0	-2.0	-1.8013763427734375	99.0	
1499818507573	85684514422025	47.0	-2.0	-0.671234130859375	99.0	
1499818507588	85684534563627	47.0	-2.0	0.0	99.0	
1499818507608	85684554705228	47.0	-2.5890350341796875	0.0	99.0	
1499818507623	85684574846830	47.0	-3.0	0.0	99.0	
1499818507643	85684594988432	47.0	-2.15069580078125	0.0	99.0	
1499818507659	85684615130033	47.0	-2.0	0.9794464111328125	99.0	
1499818507694	85684635271635	47.0	-0.890411376953125	0.890411376953125	99.0	
1499818507711	85684655413236	47.0	0.0	0.0	99.0	
1499818507733	85684675554838	47.0	0.0	0.0	99.0	
1499818507747	85684695696439	47.0	-0.5	0.0	99.0	
1499818507766	85684715838041	47.0	-1.0	0.0	99.0	
1499818507785	85684735979643	47.76026916503906	-1.7602691650390625	0.0	99.0	
1499818507801	85684756121244	47.10960388183594	-2.0	0.0	99.0	
1499818507837	85684776262846	47.0	-2.0	0.0	99.0	
1499818507853	85684796404447	46.84931945800781	-1.8493194580078125	0.0	99.0	
1499818507872	85684816546049	46.0	-1.0	0.0	99.0	
1499818507892	85684836687650	46.0	-0.58905029296875	0.0	99.0	
1499818507910	85684856829252	46.0	0.0	0.0	99.0	
1499818507927	85684876970853	46.0	0.0	0.0	99.0	
1499818507950	85684897112455	46.0	0.0	0.0	99.0	
1499818507962	85684917254057	46.0	0.0	0.0	99.0	
1499818507998	85684937395658	46.0	0.0	1.0	99.0	
1499818508014	85684957537260	46.0	0.0	1.0	99.0	
1499818508033	85684977678861	46.0	-0.3219146728515625	1.0	99.0	
1499818508051	85684997820463	46.0	-1.0	1.0	99.0	
1499818508068	85685017962064	46.0	-1.0	1.0	99.0	
1499818508087	85685038103666	46.0	-0.2876739501953125	1.0	99.0	
1499818508106	85685058245268	46.0	0.0	1.0	99.0	
1499818508123	85685078386869	46.0	0.0	1.0	99.0	
1499818508159	85685098528471	46.0	0.0	1.1027374267578125	99.0	
1499818508175	85685118670072	46.0	0.0	2.0	99.0	
1499818508193	85685138811674	46.0	0.0	2.0	99.0	
1499818508212	85685158953275	46.0	0.0	2.0	99.0	
1499818508229	85685179094877	46.0	0.0	2.0	99.0	
1499818508247	85685199236478	46.0	0.0	2.0	99.0	
1499818508265	85685219378080	46.0	0.0	2.0	99.0	
1499818508307	85685239519682	47.0	0.0	2.0	99.0	
1499818508318	85685259661283	47.0	0.0	2.0	99.0	
1499818508336	85685279802885	47.0	0.0	1.7260284423828125	99.0	
1499818508354	85685299944486	47.0	0.0	1.0	99.0	
1499818508372	85685320086088	47.0	0.0	1.0	99.0	
1499818508390	85685340227689	47.0	0.0	1.0	99.0	
1499818508408	85685360369291	47.0	0.0	1.0	99.0	
1499818508427	85685380510893	47.0	0.0	1.0	99.0	
1499818508462	85685400652494	47.0	0.0	1.0	99.0	
1499818508478	85685420794096	47.0	0.0	1.0	99.0	
1499818508499	85685440935697	47.0	0.0	1.0	99.0	
1499818508516	85685461077299	46.5548095703125	0.0	1.0	99.0	
1499818508539	85685481218900	46.0	0.0	1.0	99.0	
1499818508550	85685501360502	46.0	0.0	1.0	99.0	
1499818508570	85685521502103	46.0	0.0	1.0	99.0	
1499818508588	85685541643705	46.0	0.0	1.0	99.0	
1499818508622	85685561785307	46.0	0.0	1.0	99.0	
1499818508640	85685581926908	46.0	0.0	1.0	99.0	
1499818508660	85685602068510	46.0	0.0	1.0	99.0	
1499818508675	85685622210111	46.0	0.0	1.0	99.0	
1499818508694	85685642351713	46.0	0.0	1.0	99.0	
1499818508714	85685662493314	46.0	0.0	0.2534332275390625	99.0	
1499818508729	85685682634916	46.0	0.0	0.0	99.0	
1499818508766	85685702776518	46.0	0.0	0.0	99.0	
1499818508783	85685722918119	46.0	0.0	0.0	99.0	
1499818508804	85685743059721	46.0	0.0	0.0	99.0	
1499818508818	85685763201322	46.0	0.0	0.0	99.0	
1499818508837	85685783342924	46.0	0.0	0.0	99.0	
1499818508857	85685803484525	46.0	0.0	0.0	99.0	
1499818508872	85685823626127	45.21234130859375	0.0	0.78765869140625	99.0	
1499818508890	85685843767728	45.0	0.0	1.0	99.0	
1499818508925	85685863909330	45.0	0.0	1.0	99.0	
1499818508943	85685884050932	45.0	0.0	1.0	99.0	
1499818508963	85685904192533	45.0	0.0	1.0	99.0	
1499818508979	85685924334135	45.4383544921875	0.0	1.0	99.0	
1499818508996	85685944475736	46.0	-0.5684814453125	0.4315185546875	99.0	
1499818509017	85685964617338	46.0	-1.0	0.0	99.0	
1499818509033	85685984758939	46.0	-1.0	0.0	99.0	
1499818509050	85686004900541	46.0	-1.0	0.0	99.0	
1499818509092	85686025042143	46.0	-1.0	0.0	99.0	
1499818509104	85686045183744	46.0	-1.0	0.0	99.0	
1499818509122	85686065325346	46.0	-1.0	0.0	99.0	
1499818509142	85686085466947	46.0	-1.0	0.0	99.0	
1499818509159	85686105608549	45.390411376953125	-1.0	0.0	99.0	
1499818509177	85686125750150	45.0	-1.0	0.0	99.0	
1499818509194	85686145891752	45.0	-1.0	0.0	99.0	
1499818509212	85686166033353	45.0	-1.0	0.0	99.0	
1499818509250	85686186174955	45.0	-1.0	0.0	99.0	
1499818509269	85686206316557	45.0	-1.0	0.0	99.0	
1499818509282	85686226458158	45.39039611816406	-1.0	0.0	99.0	
1499818509301	85686246599760	46.0	-1.0	0.0	99.0	
1499818509319	85686266741361	46.0	-1.0	0.0	99.0	
1499818509338	85686286882963	46.0	-1.0	0.0	99.0	
1499818509355	85686307024564	46.0	-1.0	0.0	99.0	
1499818509394	85686327166166	46.0	-1.0	0.0	99.0	
1499818509410	85686347307768	45.82878112792969	-1.0	0.0	99.0	
1499818509426	85686367449369	45.0	-1.301361083984375	0.0	99.0	
1499818509443	85686387590971	45.43150329589844	-2.0	0.0	99.0	
1499818509462	85686407732572	46.0	-2.0	0.0	99.0	
1499818509479	85686427874174	46.0	-2.6917724609375	-0.6917724609375	99.0	
1499818509498	85686448015775	46.0	-3.0	-1.8219146728515625	99.0	
1499818509515	85686468157377	45.04795837402344	-3.9520416259765625	-3.904083251953125	99.0	
1499818509553	85686488298978	45.0	-2.917816162109375	-2.917816162109375	99.0	
1499818509569	85686508440580	45.0	-2.0	-1.7876739501953125	99.0	
1499818509587	85686528582182	45.0	-1.6575469970703125	-0.6575469970703125	99.0	
1499818509610	85686548723783	45.47259521484375	-1.47259521484375	0.0	99.0	
1499818509625	85686568865385	46.0	-2.0	0.0	99.0	
1499818509640	85686589006986	46.0	-2.7328643798828125	0.0	99.0	
1499818509659	85686609148588	46.0	-3.0	0.0	99.0	
1499818509676	85686629290189	46.0	-3.0	0.0	99.0	
1499818509711	85686649431791	46.0	-2.8767242431640625	0.0	99.0	
1499818509729	85686669573393	45.74658203125	-2.0	0.0	99.0	
1499818509746	85686689714994	45.0	-2.0	0.0	99.0	
1499818509766	85686709856596	45.0	-2.0	0.0	99.0	
1499818509783	85686729998197	45.0	-2.0	0.0	99.0	
1499818509801	85686750139799	45.0	-2.0	-0.7739715576171875	99.0	
1499818509820	85686770281400	45.0	-2.9040985107421875	-1.0	99.0	
1499818509855	85686790423002	45.0	-3.0	-2.0	99.0	
1499818509871	85686810564603	45.0	-3.0	-1.8356170654296875	99.0	
1499818509891	85686830706205	45.0	-2.7054901123046875	-1.0	99.0	
1499818509909	85686850847807	45.0	-2.0	-1.0	99.0	
1499818509929	85686870989408	45.0	-2.5547943115234375	-1.0	99.0	
1499818509944	85686891131010	45.0	-3.0	-1.0	99.0	
1499818509962	85686911272611	45.0	-3.0	-1.0	99.0	
1499818509981	85686931414213	45.0	-3.0	-1.0	99.0	
1499818510015	85686951555814	45.0	-2.9246673583984375	-0.9246673583984375	99.0	
1499818510032	85686971697416	44.794525146484375	-2.0	0.0	99.0	
1499818510052	85686991839018	44.0	-2.0	0.0	99.0	
1499818510068	85687011980619	44.46574401855469	-2.0	0.0	99.0	
1499818510087	85687032122221	45.0	-2.0	0.0	99.0	
1499818510104	85687052263822	45.0	-2.0	0.0	99.0	
1499818510122	85687072405424	45.0	-2.0	0.0	99.0	
1499818510143	85687092547025	45.0	-2.0	0.0	99.0	
1499818510177	85687112688627	45.116424560546875	-2.0	0.0	99.0	
1499818510194	85687132830228	46.0	-2.0	0.0	99.0	
1499818510212	85687152971830	46.0	-2.0	0.0	99.0	
1499818510231	85687173113432	46.0	-2.0	-0.5068359375	99.0	
1499818510248	85687193255033	46.0	-2.0	-1.0	99.0	
1499818510265	85687213396635	46.0	-2.0	-1.0	99.0	
1499818510284	85687233538236	46.0	-2.0	-1.0	99.0	
1499818510319	85687253679838	45.97261047363281	-2.0	-1.0	99.0	
1499818510337	85687273821439	45.0	-2.0	-1.0	99.0	
1499818510356	85687293963041	45.0	-1.71234130859375	-1.0	99.0	
1499818510372	85687314104643	45.0	-1.0	-1.0	99.0	
1499818510391	85687334246244	45.0	-1.0	-0.452056884765625	99.0	
1499818510410	85687354387846	45.0	-1.0	0.0	99.0	
1499818510429	85687374529447	45.0	-1.0	0.0	99.0	
1499818510444	85687394671049	45.0	-1.0	0.0	99.0	
1499818510479	85687414812650	45.0	-1.0684814453125	0.0	99.0	
1499818510497	85687434954252	45.0	-2.0	0.0	99.0	
1499818510515	85687455095853	45.0	-2.0	0.0	99.0	
1499818510532	85687475237455	45.0	-1.541107177734375	-0.458892822265625	99.0	
1499818510551	85687495379057	45.0	-1.0	-1.0	99.0	
1499818510570	85687515520658	45.0	-1.0	-1.0	99.0	
1499818510587	85687535662260	45.0	-1.0	-1.0	99.0	
1499818510606	85687555803861	45.0	-1.0	-1.0	99.0	
1499818510644	85687575945463	45.0	-1.109588623046875	0.0	99.0	
1499818510658	85687596087064	44.760284423828125	-2.0	-0.239715576171875	99.0	
1499818510675	85687616228666	44.0	-2.0	-1.3698577880859375	99.0	
1499818510695	85687636370268	44.0	-2.0	-2.5	99.0	
1499818510714	85687656511869	44.0	-2.0	-3.630126953125	99.0	
1499818510732	85687676653471	44.0	-1.2397308349609375	-4.0	99.0	
1499818510752	85687696795072	44.89039611816406	-1.0	-4.0	99.0	
1499818510788	85687716936674	44.979461669921875	-1.020538330078125	-2.979461669921875	99.0	
1499818510801	85687737078275	44.0	-2.0	-2.0	99.0	
1499818510819	85687757219877	44.0	-2.2808074951171875	-1.7191925048828125	99.0	
1499818510839	85687777361478	43.58905029296875	-3.0	-1.0	99.0	
1499818510853	85687797503080	43.0	-2.4589080810546875	-0.4589080810546875	99.0	
1499818510875	85687817644682	43.0	-2.0	0.0	99.0	
1499818510892	85687837786283	43.0	-1.198638916015625	0.0	99.0	
1499818510909	85687857927885	43.0	-1.0	0.0	99.0	
1499818510949	85687878069486	43.0	-1.0	0.0	99.0	
1499818510962	85687898211088	43.0	-1.0	0.0	99.0	
1499818510984	85687918352689	43.0	-1.0	0.0	99.0	
1499818510998	85687938494291	43.0	-1.4520416259765625	0.0	99.0	
1499818511017	85687958635893	43.0	-2.0	0.0	99.0	
1499818511033	85687978777494	43.0	-2.0	0.0	99.0	
1499818511053	85687998919096	43.0	-2.0	0.0	99.0	
1499818511072	85688019060697	43.0	-2.0	0.0	99.0	
1499818511106	85688039202299	43.0	-1.8972625732421875	0.0	99.0	
1499818511122	85688059343900	43.0	-1.0	0.0	99.0	
1499818511140	85688079485502	43.0	-1.0	0.0	99.0	
1499818511159	85688099627103	43.49314880371094	-1.0	0.0	99.0	
1499818511175	85688119768705	44.0	-1.0	0.0	99.0	
1499818511194	85688139910307	44.0	-1.75341796875	0.0	99.0	
1499818511213	85688160051908	44.0	-2.0	0.0	99.0	
1499818511248	85688180193510	44.0	-2.0	0.0	99.0	
1499818511267	85688200335111	43.856170654296875	-2.0	0.0	99.0	
1499818511285	85688220476713	43.0	-2.0	0.0	99.0	
1499818511301	85688240618314	43.0	-2.0	0.0	99.0	
1499818511319	85688260759916	43.0	-2.0	0.0	99.0	
1499818511336	85688280901518	43.0	-2.0	0.0	99.0	
1499818511358	85688301043119	43.0	-2.0	0.0	99.0	
1499818511373	85688321184721	43.924652099609375	-2.0	0.0	99.0	
1499818511408	85688341326322	44.0	-2.0	0.0	99.0	
1499818511426	85688361467924	44.0	-2.0	0.0	99.0	
1499818511444	85688381609525	44.0	-2.0	0.0	99.0	
1499818511463	85688401751127	44.0	-2.0	0.0	99.0	
1499818511480	85688421892728	44.0	-2.0	0.0	99.0	
1499818511503	85688442034330	44.0	-2.0	0.0	99.0	
1499818511516	85688462175932	44.0	-2.0	0.0	99.0	
1499818511538	85688482317533	44.0	-2.0	0.0	99.0	
1499818511569	85688502459135	44.0	-2.0	0.0	99.0	
1499818511588	85688522600736	44.0	-2.0	0.0	99.0	
1499818511607	85688542742338	44.0	-2.0	0.0	99.0	
1499818511623	85688562883939	44.0	-2.0	0.0	99.0	
1499818511639	85688583025541	44.0	-2.0	0.0	99.0	
1499818511658	85688603167143	44.0	-2.0	0.0	99.0	
1499818511676	85688623308744	44.0	-2.0	0.0	99.0	
1499818511712	85688643450346	45.0	-2.0	0.0	99.0	
1499818511733	85688663591947	45.0	-2.0	0.0	99.0	
1499818511748	85688683733549	45.0	-2.0	0.0	99.0	
1499818511765	85688703875150	45.0	-2.0	0.0	99.0	
1499818511783	85688724016752	45.0	-2.5273895263671875	0.0	99.0	
1499818511800	85688744158353	45.0	-3.0	0.0	99.0	
1499818511819	85688764299955	45.0	-3.0	0.0	99.0	
1499818511837	85688784441557	45.0	-3.0	0.0	99.0	
1499818511872	85688804583158	45.0	-2.0	0.0	99.0	
1499818511891	85688824724760	45.0	-2.0	0.0	99.0	
1499818511911	85688844866361	45.0	-2.0	0.0	99.0	
1499818511927	85688865007963	45.0	-2.4383544921875	0.0	99.0	
1499818511945	85688885149564	45.0	-3.0	0.0	99.0	
1499818511961	85688905291166	45.0	-3.0	0.0	99.0	
1499818511982	85688925432768	45.0	-3.0	0.0	99.0	
1499818511998	85688945574369	45.0	-3.0	0.0	99.0	
1499818512034	85688965715971	45.0	-3.0	0.0	99.0	
1499818512051	85688985857572	45.0	-3.0	0.0	99.0	
1499818512069	85689005999174	45.0	-3.0	0.0	99.0	
1499818512087	85689026140775	45.0	-3.0	0.0	99.0	
1499818512105	85689046282377	45.0	-3.0	0.0	99.0	
1499818512122	85689066423978	45.0	-3.0	0.0	99.0	
1499818512141	85689086565580	45.0	-3.0	0.0	99.0	
1499818512158	85689106707182	45.0	-3.0	0.0	99.0	
1499818512194	85689126848783	45.0	-3.0	-1.0	99.0	
1499818512213	85689146990385	45.0	-3.0	-1.2278900146484375	99.0	
1499818512230	85689167131986	45.0	-3.0	-2.0	99.0	
1499818512248	85689187273588	45.0	-3.0	-1.5289154052734375	99.0	
1499818512271	85689207415189	45.0	-3.0	-1.0	99.0	
1499818512283	85689227556791	45.0	-3.0	-1.0	99.0	
1499818512302	85689247698393	45.0	-3.0	-1.0	99.0	
1499818512319	85689267839994	45.0	-3.0	-0.0425262451171875	99.0	
1499818512355	85689287981596	45.0	-3.0	0.0	99.0	
1499818512374	85689308123197	45.0	-3.0	-0.2006683349609375	99.0	
1499818512395	85689328264799	45.0	-3.0	-1.0	99.0	
1499818512409	85689348406400	45.0	-3.0	-1.0	99.0	
1499818512425	85689368548002	45.0	-3.0	-1.0	99.0	
1499818512445	85689388689603	45.0	-3.0	-1.0	99.0	
1499818512462	85689408831205	44.191864013671875	-3.0	-1.0	99.0	
1499818512480	85689428972807	44.0	-3.0	-1.0	99.0	
1499818512515	85689449114408	44.0	-3.0	-0.9473724365234375	99.0	
1499818512533	85689469256010	44.0	-3.0	0.0	99.0	
1499818512551	85689489397611	44.0	-3.0	0.0	99.0	
1499818512569	85689509539213	44.0	-3.0	0.0	99.0	
1499818512586	85689529680814	44.0	-3.0	0.0	99.0	
1499818512608	85689549822416	44.0	-3.0	0.0	99.0	
1499818512623	85689569964018	44.0	-3.0	0.0	99.0	
1499818512642	85689590105619	44.90306091308594	-3.0	0.0	99.0	
1499818512676	85689610247221	45.0	-3.0	0.0	99.0	
1499818512695	85689630388822	45.0	-3.0	0.0	99.0	
1499818512714	85689650530424	45.0	-3.0	0.0	99.0	
1499818512730	85689670672025	45.0	-3.0	0.0	99.0	
1499818512747	85689690813627	45.0	-3.0	0.0	99.0	
1499818512765	85689710955228	45.0	-3.0	-0.6326446533203125	99.0	
1499818512783	85689731096830	45.0	-3.0	-1.0	99.0	
1499818512801	85689751238432	45.0	-3.0	-1.0	99.0	
1499818512819	85689771380033	45.0	-3.0	-1.0	99.0	
1499818512854	85689791521635	45.0	-3.0	-1.0	99.0	
1499818512873	85689811663236	45.0	-3.0	-1.0	99.0	
1499818512894	85689831804838	45.0	-3.0	-1.0	99.0	
1499818512907	85689851946439	45.0	-3.0	-1.0	99.0	
1499818512927	85689872088041	45.0	-2.394561767578125	-1.0	99.0	
1499818512944	85689892229643	45.0	-2.0	-1.0	99.0	
1499818512962	85689912371244	45.0	-2.0	-1.0	99.0	
1499818512981	85689932512846	45.0	-2.0	-1.0	99.0	
1499818513015	85689952654447	45.0	-3.0	-1.0	99.0	
1499818513033	85689972796049	45.0	-3.0	-1.0	99.0	
1499818513051	85689992937650	45.0	-3.0	-1.0	99.0	
1499818513069	85690013079252	45.0	-3.0	-1.0	99.0	
1499818513093	85690033220853	45.0	-3.0	-1.0	99.0	
1499818513105	85690053362455	45.0	-3.0	-1.0	99.0	
1499818513123	85690073504057	45.0	-3.0	-1.0	99.0	
1499818513141	85690093645658	45.0	-3.0	-1.0	99.0	
1499818513176	85690113787260	45.0	-3.0	-1.0	99.0	
1499818513194	85690133928861	45.0	-3.0	-1.0	99.0	
1499818513212	85690154070463	45.0	-3.0	-1.0	99.0	
1499818513229	85690174212064	45.0	-3.0	-1.0	99.0	
1499818513248	85690194353666	45.0	-3.0	-1.0	99.0	
1499818513265	85690214495268	45.0	-2.3276824951171875	-1.0	99.0	
1499818513283	85690234636869	45.0	-2.0	-1.0	99.0	
1499818513303	85690254778471	45.0	-2.0	-1.0	99.0	
1499818513336	85690274920072	45.0	-2.0	-1.0	99.0	
1499818513355	85690295061674	45.0	-2.0	-1.0	99.0	
1499818513371	85690315203275	45.0	-2.0	-1.0	99.0	
1499818513390	85690335344877	45.0	-2.0	-1.0	99.0	
1499818513409	85690355486478	45.0	-2.0	-1.0	99.0	
1499818513426	85690375628080	45.0	-2.0	-1.0	99.0	
1499818513449	85690395769682	45.0	-2.766998291015625	-1.0	99.0	
1499818513471	85690415911283	45.0	-3.0	-1.0	99.0	
1499818513499	85690436052885	45.0	-3.0	-1.0	99.0	
1499818513516	85690456194486	45.0	-3.0	-1.0	99.0	
1499818513533	85690476336088	45.0	-3.0	-1.0	99.0	
1499818513552	85690496477689	45.0	-3.0	-1.0	99.0	
1499818513572	85690516619291	45.0	-3.0	-1.0	99.0	
1499818513587	85690536760893	45.0	-3.0	-1.0	99.0	
1499818513606	85690556902494	45.0	-3.0	-1.0	99.0	
1499818513625	85690577044096	45.0	-3.0	-1.0	99.0	
1499818513642	85690597185697	45.0	-3.0	-1.0	99.0	
1499818513682	85690617327299	45.0	-3.0	-1.0	99.0	
1499818513693	85690637468900	45.0	-3.0	-1.2261810302734375	99.0	
1499818513712	85690657610502	45.0	-3.0	-2.0	99.0	
1499818513731	85690677752103	45.0	-3.0	-2.0	99.0	
1499818513750	85690697893705	45.0	-3.0	-1.4091796875	99.0	
1499818513766	85690718035307	45.0	-3.0	-1.0	99.0	
1499818513791	85690738176908	45.0	-3.0	-1.0	99.0	
1499818513801	85690758318510	45.0	-3.0	-1.0	99.0	
1499818513838	85690778460111	44.0	-3.0	-1.0	99.0	
1499818513854	85690798601713	44.0	-3.0	-1.0	99.0	
1499818513873	85690818743314	44.0	-3.0	-1.0	99.0	
1499818513891	85690838884916	44.442169189453125	-3.0	-1.0	99.0	
1499818513908	85690859026518	45.0	-3.0	-1.0	99.0	
1499818513926	85690879168119	45.0	-3.0	-1.0	99.0	
1499818513951	85690899309721	45.0	-3.0	-1.0	99.0	
1499818513962	85690919451322	45.0	-3.0	-1.0	99.0	
1499818513999	85690939592924	45.0	-3.0	-1.0	99.0	
1499818514016	85690959734525	45.0	-3.0	-1.0	99.0	
1499818514034	85690979876127	45.0	-3.0	-1.0	99.0	
1499818514052	85691000017728	45.0	-3.0	-1.0	99.0	
1499818514069	85691020159330	45.0	-3.0	-1.0	99.0	
1499818514087	85691040300932	45.0	-3.0	-1.0	99.0	
1499818514106	85691060442533	45.0	-3.0	-1.0	99.0	
1499818514124	85691080584135	45.0	-3.0	-1.0	99.0	
1499818514161	85691100725736	45.0	-3.0	-1.0	99.0	
1499818514176	85691120867338	45.0	-3.0	-1.0	99.0	
1499818514195	85691141008939	45.0	-3.0	-1.314971923828125	99.0	
1499818514216	85691161150541	45.0	-3.0	-2.0	99.0	
1499818514230	85691181292143	45.0	-3.0	-2.0	99.0	
1499818514249	85691201433744	45.0	-3.0	-2.0	99.0	
1499818514266	85691221575346	45.0	-3.0	-2.0	99.0	
1499818514284	85691241716947	45.0	-3.0	-2.0	99.0	
1499818514322	85691261858549	45.0	-3.0	-2.0	99.0	
1499818514336	85691282000150	45.0	-3.0	-2.0	99.0	
1499818514356	85691302141752	45.0	-3.0	-2.0	99.0	
1499818514377	85691322283353	45.0	-3.0	-2.0	99.0	
1499818514391	85691342424955	45.0	-3.0	-2.0	99.0	
1499818514409	85691362566557	45.0	-3.0	-2.0	99.0	
1499818514427	85691382708158	45.0	-3.0	-2.0	99.0	
1499818514464	85691402849760	45.0	-4.0	-2.0	99.0	
1499818514483	85691422991361	45.0	-4.0	-2.0	99.0	
1499818514499	85691443132963	45.0	-4.0	-2.0	99.0	
1499818514517	85691463274564	45.0	-4.0	-2.0	99.0	
1499818514537	85691483416166	45.0	-4.0	-2.0	99.0	
1499818514552	85691503557768	45.0	-4.0	-2.0	99.0	
1499818514569	85691523699369	45.0	-4.0	-2.0	99.0	
1499818514607	85691543840971	45.0	-4.0	-1.0	99.0	
1499818514623	85691563982572	45.0	-4.0	-1.0	99.0	
1499818514644	85691584124174	45.0	-4.0	-1.0	99.0	
1499818514663	85691604265775	45.0	-4.0	-1.0	99.0	
1499818514679	85691624407377	45.0	-4.0	-1.0	99.0	
1499818514696	85691644548978	45.0	-4.7314910888671875	-1.0	99.0	
1499818514713	85691664690580	44.132537841796875	-5.0	-0.132537841796875	99.0	
1499818514749	85691684832182	44.0	-5.0	0.0	99.0	
1499818514767	85691704973783	44.0	-5.0	0.0	99.0	
1499818514785	85691725115385	44.0	-5.0	0.0	99.0	
1499818514802	85691745256986	44.0	-5.0	0.0	99.0	
1499818514819	85691765398588	44.0	-5.0	0.0	99.0	
1499818514837	85691785540189	44.0	-5.68792724609375	0.0	99.0	
1499818514857	85691805681791	44.0	-6.0	0.0	99.0	
1499818514875	85691825823393	44.0	-6.0	0.962066650390625	99.0	
1499818514911	85691845964994	44.09809875488281	-6.0	1.0980987548828125	99.0	
1499818514927	85691866106596	45.0	-6.2344818115234375	2.0	99.0	
1499818514949	85691886248197	45.0	-7.0	2.37176513671875	99.0	
1499818514964	85691906389799	45.0	-7.0	3.5077362060546875	99.0	
1499818514980	85691926531400	45.64482116699219	-7.6448211669921875	4.0	99.0	
1499818515000	85691946673002	46.0	-8.0	4.0	99.0	
1499818515019	85691966814603	46.0	-8.0	4.0	99.0	
1499818515053	85691986956205	46.05506896972656	-9.0	2.9449310302734375	99.0	
1499818515069	85692007097807	47.0	-9.0	1.8089599609375	99.0	
1499818515089	85692027239408	46.67242431640625	-9.0	0.67242431640625	99.0	
1499818515106	85692047381010	45.53529357910156	-9.0	0.0	99.0	
1499818515126	85692067522611	45.0	-8.399322509765625	0.0	99.0	
1499818515142	85692087664213	44.26206970214844	-7.2620697021484375	0.0	99.0	
1499818515160	85692107805814	44.87434387207031	-6.1256561279296875	0.0	99.0	
1499818515195	85692127947416	46.01033020019531	-6.0	0.0	99.0	
1499818515213	85692148089018	47.0	-6.14801025390625	0.0	99.0	
1499818515230	85692168230619	47.0	-7.2844696044921875	0.0	99.0	
1499818515248	85692188372221	47.42167663574219	-8.421676635742188	0.0	99.0	
1499818515266	85692208513822	48.0	-9.0	0.0	99.0	
1499818515284	85692228655424	48.0	-9.69482421875	0.0	99.0	
1499818515302	85692248797025	48.83131408691406	-10.0	0.0	99.0	
1499818515320	85692268938627	49.0	-10.0	0.0	99.0	
1499818515357	85692289080228	49.0	-9.89501953125	0.0	99.0	
1499818515379	85692309221830	49.24095153808594	-9.0	0.0	99.0	
1499818515394	85692329363432	50.0	-9.0	0.0	99.0	
1499818515409	85692349505033	50.0	-9.0	0.0	99.0	
1499818515427	85692369646635	50.0	-9.0	0.0	99.0	
1499818515447	85692389788236	49.21208190917969	-9.0	0.0	99.0	
1499818515465	85692409929838	49.0	-9.92425537109375	0.0	99.0	
1499818515505	85692430071439	49.0	-9.939666748046875	0.0	99.0	
1499818515516	85692450213041	49.0	-9.0	0.0	99.0	
1499818515535	85692470354643	49.0	-9.0	0.0	99.0	
1499818515552	85692490496244	49.0	-9.0	0.0	99.0	
1499818515570	85692510637846	48.42079162597656	-8.420791625976563	0.0	99.0	
1499818515586	85692530779447	48.70356750488281	-8.0	0.0	99.0	
1499818515608	85692550921049	49.0	-7.1720733642578125	0.0	99.0	
1499818515623	85692571062650	49.0	-7.0	0.0	99.0	
1499818515659	85692591204252	49.0	-7.0	0.0	99.0	
1499818515677	85692611345853	49.0	-7.0	0.0	99.0	
1499818515695	85692631487455	49.0	-7.0	0.0	99.0	
1499818515712	85692651629057	49.45050048828125	-7.0	0.0	99.0	
1499818515730	85692671770658	50.0	-7.0	0.0	99.0	
1499818515749	85692691912260	50.0	-7.0	0.0	99.0	
1499818515766	85692712053861	50.0	-7.0	0.0	99.0	
1499818515783	85692732195463	50.0	-7.0	0.948883056640625	99.0	
1499818515824	85692752337064	50.0	-6.0	1.0	99.0	
1499818515838	85692772478666	50.197601318359375	-6.0	1.0	99.0	
1499818515856	85692792620268	51.0	-5.6780242919921875	1.0	99.0	
1499818515873	85692812761869	51.0	-5.0	1.0	99.0	
1499818515891	85692832903471	51.0	-5.0	1.0	99.0	
1499818515908	85692853045072	51.0	-4.3032379150390625	1.0	99.0	
1499818515929	85692873186674	51.0	-4.0	1.0	99.0	
1499818515944	85692893328275	51.0	-3.0545196533203125	1.9454803466796875	99.0	
1499818515980	85692913469877	51.0	-3.0	2.0	99.0	
1499818515998	85692933611478	51.0	-3.0	2.0	99.0	
1499818516016	85692953753080	51.0	-3.0	2.0	99.0	
1499818516034	85692973894682	51.0	-3.0	2.0	99.0	
1499818516051	85692994036283	51.0	-3.0	2.0	99.0	
1499818516069	85693014177885	51.0	-3.6928253173828125	2.0	99.0	
1499818516088	85693034319486	51.0	-4.0	2.0	99.0	
1499818516105	85693054461088	51.0	-4.0	2.0	99.0	
1499818516142	85693074602689	51.0	-4.0	2.0	99.0	
1499818516159	85693094744291	51.0	-4.1907958984375	2.1907958984375	99.0	
1499818516178	85693114885893	51.315155029296875	-5.0	3.0	99.0	
1499818516195	85693135027494	52.0	-5.0	3.0	99.0	
1499818516213	85693155169096	52.0	-5.563873291015625	3.563873291015625	99.0	
1499818516229	85693175310697	52.0	-6.0	4.0	99.0	
1499818516249	85693195452299	52.0	-6.0	4.0	99.0	
1499818516266	85693215593900	52.0	-6.0	4.0	99.0	
1499818516303	85693235735502	52.0	-6.0	4.0	99.0	
1499818516320	85693255877103	52.18739318847656	-6.0	4.0	99.0	
1499818516338	85693276018705	53.0	-6.3117523193359375	4.0	99.0	
1499818516359	85693296160307	53.0	-7.0	4.0	99.0	
1499818516374	85693316301908	53.0	-7.0	4.0	99.0	
1499818516390	85693336443510	53.0	-7.0	4.0	99.0	
1499818516410	85693356585111	53.0	-7.0	4.0	99.0	
1499818516426	85693376726713	53.0	-7.0	4.0	99.0	
1499818516463	85693396868314	54.0	-7.0	4.0	99.0	
1499818516480	85693417009916	54.0	-7.0	4.0	99.0	
1499818516498	85693437151518	54.0	-7.0	4.0	99.0	
1499818516516	85693457293119	54.0	-7.0	4.0	99.0	
1499818516533	85693477434721	54.0	-7.0	4.0	99.0	
1499818516552	85693497576322	54.0	-7.0	4.0	99.0	
1499818516571	85693517717924	54.0	-7.0	4.0	99.0	
1499818516588	85693537859525	54.0	-7.0	4.0	99.0	
1499818516624	85693558001127	55.0	-7.0	4.0	99.0	
1499818516642	85693578142728	55.0	-7.0	4.0	99.0	
1499818516659	85693598284330	55.0	-7.0	3.695068359375	99.0	
1499818516678	85693618425932	55.0	-7.0	3.0	99.0	
1499818516694	85693638567533	55.0	-7.0	3.0	99.0	
1499818516713	85693658709135	55.0	-6.321990966796875	3.0	99.0	
1499818516732	85693678850736	55.0	-6.0	3.0	99.0	
1499818516749	85693698992338	55.92674255371094	-6.0	3.0	99.0	
1499818516788	85693719133939	56.0	-6.0	3.0	99.0	
1499818516803	85693739275541	56.0	-5.8228302001953125	3.0	99.0	
1499818516824	85693759417143	56.0	-5.0	3.0	99.0	
1499818516839	85693779558744	56.0	-5.4258880615234375	3.0	99.0	
1499818516855	85693799700346	56.0	-6.0	3.0	99.0	
1499818516877	85693819841947	56.0	-6.0	3.0	99.0	
1499818516901	85693839983549	56.0	-6.0	3.0	99.0	
1499818516918	85693860125150	56.0	-6.0	3.0	99.0	
1499818516946	85693880266752	56.047698974609375	-6.0	3.0	99.0	
1499818516963	85693900408353	57.0	-6.1723480224609375	3.1723480224609375	99.0	
1499818516981	85693920549955	57.0	-7.0	4.0	99.0	
1499818516998	85693940691557	57.0	-7.0	4.0	99.0	
1499818517015	85693960833158	57.0	-7.0	4.0	99.0	
1499818517034	85693980974760	57.0	-7.0	4.0	99.0	
1499818517053	85694001116361	57.0	-7.0	4.0	99.0	
1499818517070	85694021239701	57.0	-7.0	4.0	99.0	
1499818517107	85694041381302	57.0	-7.0	4.0	99.0	
1499818517124	85694061522904	57.0	-7.0	4.0	99.0	
1499818517145	85694081664506	57.0	-7.0	4.0	99.0	
1499818517161	85694101806107	57.0	-7.0	4.0	99.0	
1499818517177	85694121947709	57.0	-7.0	4.0	99.0	
1499818517196	85694142089310	57.0	-6.3321990966796875	4.0	99.0	
1499818517216	85694162230912	57.0	-6.0	4.0	99.0	
1499818517232	85694182372513	57.0	-6.0	4.0	99.0	
1499818517271	85694202514115	57.0	-5.0	4.0	99.0	
1499818517288	85694222655716	57.0	-5.0	4.0	99.0	
1499818517304	85694242797318	57.0	-5.0	4.0	99.0	
1499818517321	85694262938920	57.0	-5.0	4.0	99.0	
1499818517337	85694283080521	57.0	-5.0	4.0	99.0	
1499818517357	85694303222123	57.0	-5.0	4.0	99.0	
1499818517376	85694323363724	57.0	-5.0	4.0	99.0	
1499818517392	85694343505326	57.0	-5.913116455078125	4.0	99.0	
1499818517430	85694363646927	57.0	-6.0	4.0	99.0	
1499818517445	85694383788529	57.0	-6.0	4.0	99.0	
1499818517463	85694403930131	57.0	-6.0	4.0	99.0	
1499818517481	85694424071732	57.0	-6.0	4.0	99.0	
1499818517499	85694444213334	57.0	-6.0	4.0	99.0	
1499818517516	85694464354935	57.0	-6.0	4.0	99.0	
1499818517535	85694484496537	57.0	-6.0	4.0	99.0	
1499818517552	85694504638138	57.0	-6.0	4.0	99.0	
1499818517588	85694524779740	57.0	-6.0	4.0	99.0	
1499818517606	85694544921341	57.0	-6.0	4.0	99.0	
1499818517624	85694565062943	57.0	-6.0	4.0	99.0	
1499818517642	85694585204545	57.0	-6.0	4.0	99.0	
1499818517660	85694605346146	57.0	-6.0	4.0	99.0	
1499818517678	85694625487748	57.0	-6.0	4.0	99.0	
1499818517700	85694645629349	57.0	-6.0	4.0	99.0	
1499818517714	85694665770951	57.0	-6.0	4.0	99.0	
1499818517750	85694685912552	57.0	-6.0	4.0	99.0	
1499818517767	85694706054154	57.0	-6.0	4.0	99.0	
1499818517786	85694726195756	57.0	-6.0	4.0	99.0	
1499818517803	85694746337357	57.0	-6.0	4.0	99.0	
1499818517823	85694766478959	57.0	-6.0	4.0	99.0	
1499818517842	85694786620560	57.0	-6.0	4.0	99.0	
1499818517861	85694806762162	57.0	-6.0	4.0	99.0	
1499818517876	85694826903763	57.0	-6.0	4.0	99.0	
1499818517913	85694847045365	57.0	-6.0	4.0	99.0	
1499818517927	85694867186966	57.0	-6.0	4.0	99.0	
1499818517946	85694887328568	57.0	-6.0	4.0	99.0	
1499818517963	85694907470170	57.0	-6.0	4.0	99.0	
1499818517981	85694927611771	57.0	-6.0	4.0	99.0	
1499818518000	85694947753373	57.0	-6.0	4.0	99.0	
1499818518017	85694967894974	57.0	-6.0	4.0	99.0	
1499818518038	85694988036576	57.0	-6.0	4.0	99.0	
1499818518070	85695008178177	57.0	-6.0	4.0	99.0	
1499818518088	85695028319779	57.0	-6.0	4.0	99.0	
1499818518105	85695048461381	57.0	-6.0	4.0	99.0	
1499818518123	85695068602982	57.0	-6.0	4.0	99.0	
1499818518141	85695088744584	57.0	-6.0	4.0	99.0	
1499818518159	85695108886185	57.0	-6.0	4.0	99.0	
1499818518179	85695129027787	57.0	-6.0	4.0	99.0	
1499818518195	85695149169388	57.0	-6.0	3.1056365966796875	99.0	
1499818518232	85695169310990	57.0	-6.0	3.0	99.0	
1499818518250	85695189452591	57.0	-6.0	3.0	99.0	
1499818518268	85695209594193	57.0	-6.0	3.0	99.0	
1499818518286	85695229735795	57.0	-6.0	3.0	99.0	
1499818518304	85695249877396	57.0	-6.0	3.0	99.0	
1499818518323	85695270018998	57.0	-6.0	3.0	99.0	
1499818518342	85695290160599	57.0	-6.0	3.0	99.0	
1499818518358	85695310302201	57.0	-6.0	3.0	99.0	
1499818518395	85695330443802	57.0	-6.0	3.0	99.0	
1499818518410	85695350585404	57.0	-6.0	3.0	99.0	
1499818518428	85695370727006	57.0	-6.0	3.0	99.0	
1499818518446	85695390868607	57.0	-6.0	3.0	99.0	
1499818518465	85695411010209	57.0	-6.0	3.0	99.0	
1499818518483	85695431151810	57.0	-6.0	3.0	99.0	
1499818518500	85695451293412	57.0	-6.0	3.0	99.0	
1499818518517	85695471435013	57.0	-6.0	3.0	99.0	
1499818518552	85695491576615	57.0	-6.0	3.0119171142578125	99.0	
1499818518570	85695511718216	57.0	-6.0	4.0	99.0	
1499818518587	85695531859818	57.0	-6.0	4.0	99.0	
1499818518607	85695552001420	57.0	-6.0	4.0	99.0	
1499818518623	85695572143021	57.0	-6.0	4.0	99.0	
1499818518642	85695592284623	57.0	-6.0	4.0	99.0	
1499818518662	85695612426224	57.0	-6.0	4.0	99.0	
1499818518678	85695632567826	57.0	-6.0	4.0	99.0	
1499818518715	85695652709427	57.0	-6.0	4.0	99.0	
1499818518732	85695672851029	57.0	-6.0	4.0	99.0	
1499818518749	85695692992631	57.0	-6.0	4.0	99.0	
1499818518769	85695713134232	57.0	-6.0	4.0	99.0	
1499818518786	85695733275834	57.0	-6.0	4.0	99.0	
1499818518804	85695753417435	57.0	-6.0	4.0	99.0	
1499818518823	85695773559037	57.0	-6.0	4.0	99.0	
1499818518840	85695793700638	57.0	-6.0	4.0	99.0	
1499818518875	85695813842240	57.0	-6.0	5.0	99.0	
1499818518893	85695833983841	57.0	-6.0	5.0	99.0	
1499818518909	85695854125443	57.0	-6.0	5.0	99.0	
1499818518930	85695874267045	57.0	-6.0	5.0	99.0	
1499818518946	85695894408646	57.0	-6.0	5.0	99.0	
1499818518965	85695914550248	57.0	-6.0	5.0	99.0	
1499818518984	85695934691849	57.0	-6.0	5.0	99.0	
1499818519005	85695954833451	57.0	-6.0	5.0	99.0	
1499818519034	85695974975052	57.0	-6.0016937255859375	5.0	99.0	
1499818519052	85695995116654	57.0	-7.0	5.0	99.0	
1499818519069	85696015258256	57.0	-7.0	5.0	99.0	
1499818519090	85696035399857	57.0	-7.0	4.625213623046875	99.0	
1499818519106	85696055541459	57.0	-7.0	4.4991455078125	99.0	
1499818519123	85696075683060	57.0	-7.0	5.0	99.0	
1499818519143	85696095824662	57.0	-7.0	5.0	99.0	
1499818519159	85696115966263	57.0	-7.0	5.0	99.0	
1499818519177	85696136107865	57.998291015625	-7.998291015625	5.0	99.0	
1499818519213	85696156249466	58.0	-8.0	4.0	99.0	
1499818519230	85696176391068	58.0	-8.0	4.0	99.0	
1499818519250	85696196532670	58.0	-8.0	4.3844757080078125	99.0	
1499818519267	85696216674271	58.0	-7.451507568359375	5.0	99.0	
1499818519284	85696236815873	58.0	-7.0	5.0	99.0	
1499818519305	85696256957474	58.0	-7.0	5.0	99.0	
1499818519338	85696277099076	58.0	-7.0	5.038726806640625	99.0	
1499818519356	85696297240677	58.0	-7.0	6.0	99.0	
1499818519374	85696317382279	58.0	-7.0	6.0	99.0	
1499818519391	85696337523881	58.0	-7.0	6.0	99.0	
1499818519412	85696357665482	58.0	-7.0	6.0	99.0	
1499818519432	85696377807084	58.0	-7.0	6.0	99.0	
1499818519464	85696397948685	58.0	-7.0	6.0	99.0	
1499818519481	85696418090287	58.0	-7.0	6.0	99.0	
1499818519501	85696438231888	58.0	-7.0	5.654937744140625	99.0	
1499818519518	85696458373490	58.5079345703125	-7.0	5.0	99.0	
1499818519534	85696478515091	59.0	-7.0	5.0	99.0	
1499818519561	85696498656693	59.0	-7.834503173828125	5.0	99.0	
1499818519578	85696518798295	59.0	-8.0	5.0	99.0	
1499818519606	85696538939896	59.0	-8.0	4.0	99.0	
1499818519624	85696559081498	59.0	-8.0	4.0	99.0	
1499818519642	85696579223099	59.0	-8.0	4.389739990234375	99.0	
1499818519662	85696599364701	59.0	-8.0	5.0	99.0	
1499818519680	85696619506302	59.0	-8.0	5.0	99.0	
1499818519694	85696639647904	59.0	-8.0	5.0	99.0	
1499818519713	85696659789506	59.0	-8.0	5.0	99.0	
1499818519750	85696679931107	59.0	-8.0	5.0	99.0	
1499818519766	85696700072709	59.15357971191406	-8.0	5.0	99.0	
1499818519784	85696720214310	60.0	-8.0	5.0	99.0	
1499818519803	85696740355912	60.0	-8.0	5.0	99.0	
1499818519820	85696760497513	60.0	-8.0	5.0	99.0	
1499818519841	85696780639115	60.0	-8.0	5.0	99.0	
1499818519856	85696800780716	60.0	-8.0	5.0	99.0	
1499818519878	85696820922318	60.0	-8.0	5.0	99.0	
1499818519912	85696841063920	60.0	-7.0	5.0	99.0	
1499818519929	85696861205521	59.830780029296875	-7.0	5.0	99.0	
1499818519946	85696881347123	59.0	-7.0	5.0	99.0	
1499818519966	85696901488724	59.0	-7.0	5.0	99.0	
1499818519982	85696921630326	59.0	-7.0	5.0	99.0	
1499818520000	85696941771927	59.0	-7.0	5.0	99.0	
1499818520016	85696961913529	59.0	-7.0	5.0	99.0	
1499818520035	85696982055131	59.0	-7.0	5.0	99.0	
1499818520070	85697002196732	59.0	-7.0	5.0	99.0	
1499818520088	85697022338334	59.0	-7.0	5.0	99.0	
1499818520106	85697042479935	59.0	-7.0	5.0	99.0	
1499818520124	85697062621537	59.0	-7.0	5.0	99.0	
1499818520142	85697082763138	59.0	-7.0	5.0	99.0	
1499818520162	85697102904740	59.0	-7.0	5.0	99.0	
1499818520178	85697123046341	59.0	-7.0	5.0	99.0	
1499818520196	85697143187943	59.0	-7.0	5.0	99.0	
1499818520232	85697163329545	59.0	-7.0	5.0	99.0	
1499818520250	85697183471146	59.0	-6.79693603515625	5.0	99.0	
1499818520268	85697203612748	59.0	-6.0	5.0	99.0	
1499818520285	85697223754349	59.0	-6.0	5.0	99.0	
1499818520302	85697243895951	59.0	-6.0	5.0	99.0	
1499818520325	85697264037552	59.0	-6.0	5.7111053466796875	99.0	
1499818520337	85697284179154	59.0	-6.0	6.0	99.0	
1499818520357	85697304320756	59.0	-6.0	5.0358428955078125	99.0	
1499818520392	85697324462357	59.0	-6.0	5.0	99.0	
1499818520412	85697344603959	59.0	-6.0	5.0	99.0	
1499818520429	85697364745560	59.0	-6.0	5.0	99.0	
1499818520446	85697384887162	59.0	-6.0	5.0	99.0	
1499818520464	85697405028763	59.0	-6.0	5.0	99.0	
1499818520482	85697425170365	59.0	-6.0	5.0	99.0	
1499818520498	85697445311966	59.0	-6.0	5.0	99.0	
1499818520516	85697465453568	59.0	-6.0	5.0	99.0	
1499818520552	85697485595170	59.0	-6.0	5.0	99.0	
1499818520571	85697505736771	59.0	-6.0	5.0	99.0	
1499818520588	85697525878373	59.0	-6.0	5.0	99.0	
1499818520607	85697546019974	59.0	-6.0	5.0	99.0	
1499818520624	85697566161576	59.0	-6.0	5.0	99.0	
1499818520642	85697586303177	59.0	-6.0	5.0	99.0	
1499818520660	85697606444779	59.0	-6.0	5.0	99.0	
1499818520678	85697626586381	59.0	-6.0	5.0	99.0	
1499818520713	85697646727982	59.0	-6.0	5.0	99.0	
1499818520731	85697666869584	59.0	-6.0	5.0	99.0	
1499818520749	85697687011185	59.0	-6.0	5.0	99.0	
1499818520767	85697707152787	59.0	-6.0	5.0	99.0	
1499818520785	85697727294388	59.0	-6.0	5.0	99.0	
1499818520803	85697747435990	59.0	-6.0	5.0	99.0	
1499818520824	85697767577591	59.0	-6.0	5.0	99.0	
1499818520856	85697787719193	59.0	-6.0	5.0	99.0	
1499818520874	85697807860795	59.0	-6.0	5.0	99.0	
1499818520891	85697828002396	59.0	-6.0	5.0	99.0	
1499818520910	85697848143998	59.0	-6.0	5.0	99.0	
1499818520927	85697868285599	59.0	-6.0	5.0	99.0	
1499818520945	85697888427201	59.0	-6.0	5.0	99.0	
1499818520963	85697908568802	59.0	-6.0	5.0	99.0	
1499818520981	85697928710404	59.0	-6.0	5.0	99.0	
1499818521018	85697948852006	59.0	-6.0	5.0	99.0	
1499818521035	85697968993607	59.0	-6.0	5.0	99.0	
1499818521052	85697989135209	59.0	-6.0	5.0	99.0	
1499818521071	85698009276810	59.0	-6.0	5.0	99.0	
1499818521089	85698029418412	59.0	-6.0	5.0	99.0	
1499818521106	85698049560013	59.0	-6.0	5.0	99.0	
1499818521124	85698069701615	59.0	-6.0	5.0	99.0	
1499818521142	85698089843216	59.0	-6.0	5.0	99.0	
1499818521179	85698109984818	59.0	-6.0	5.0	99.0	
1499818521195	85698130126420	59.0	-6.0	5.0	99.0	
1499818521214	85698150268021	59.0	-6.0	5.0	99.0	
1499818521231	85698170409623	59.0	-6.0	5.0	99.0	
1499818521249	85698190551224	59.0	-6.0	5.0	99.0	
1499818521267	85698210692826	59.0	-6.0	5.0	99.0	
1499818521285	85698230834427	59.0	-6.0	5.0	99.0	
1499818521306	85698250976029	59.0	-6.0	5.0	99.0	
1499818521339	85698271117631	59.0	-6.0	5.0	99.0	
1499818521360	85698291259232	59.0	-6.0	5.0	99.0	
1499818521374	85698311400834	59.0	-6.0	5.0	99.0	
1499818521392	85698331542435	59.0	-6.0	5.0	99.0	
1499818521414	85698351684037	59.0	-6.0	5.0	99.0	
1499818521427	85698371825638	59.0	-6.0	5.0	99.0	
1499818521445	85698391967240	59.0	-6.0	5.0	99.0	
1499818521463	85698412108841	59.0	-6.0	5.0	99.0	
1499818521499	85698432250443	59.0	-6.0	5.0	99.0	
1499818521516	85698452392045	59.0	-6.0	5.0	99.0	
1499818521535	85698472533646	59.0	-6.0	5.0	99.0	
1499818521552	85698492675248	59.0	-6.0	5.0	99.0	
1499818521571	85698512816849	59.0	-6.0	5.0	99.0	
1499818521588	85698532958451	59.0	-6.0	5.0	99.0	
1499818521608	85698553100052	59.0	-6.0	5.0	99.0	
1499818521624	85698573241654	59.0	-6.0	5.0	99.0	
1499818521661	85698593383256	59.0	-6.0	5.0	99.0	
1499818521678	85698613524857	59.0	-6.0	5.0	99.0	
1499818521696	85698633666459	59.0	-6.0	5.0	99.0	
1499818521714	85698653808060	59.0	-6.0	5.0	99.0	
1499818521732	85698673949662	59.0	-6.0	5.0	99.0	
1499818521748	85698694091263	59.0	-6.0	5.0	99.0	
1499818521768	85698714232865	59.0	-6.0	5.0	99.0	
1499818521785	85698734374466	59.0	-6.0	5.0	99.0	
1499818521822	85698754516068	59.0	-6.0	5.0	99.0	
1499818521839	85698774657670	59.0	-6.0	5.0	99.0	
1499818521857	85698794799271	59.0	-6.0	5.0	99.0	
1499818521874	85698814940873	59.0	-6.0	5.0	99.0	
1499818521893	85698835082474	59.0	-6.0	5.0	99.0	
1499818521909	85698855224076	59.0	-6.0	5.0	99.0	
1499818521928	85698875365677	59.0	-6.0	5.0	99.0	
1499818521963	85698895507279	59.0	-6.0	5.0	99.0	
1499818521982	85698915648881	59.0	-6.0	5.0	99.0	
1499818521999	85698935790482	59.0	-6.0	5.0	99.0	
1499818522016	85698955932084	59.0	-6.0	5.0	99.0	
1499818522034	85698976073685	59.0	-6.0	5.0	99.0	
1499818522052	85698996215287	59.0	-6.0	5.0	99.0	
1499818522070	85699016356888	59.0	-6.0	5.0	99.0	
1499818522089	85699036498490	58.107513427734375	-6.0	5.0	99.0	
1499818522124	85699056640091	58.0	-6.0	5.0	99.0	
1499818522143	85699076781693	58.0	-6.0	5.0	99.0	
1499818522160	85699096923295	58.0	-5.72650146484375	5.0	99.0	
1499818522178	85699117064896	58.0	-5.0	5.0	99.0	
1499818522202	85699137206498	58.0	-5.0	5.0	99.0	
1499818522214	85699157348099	58.0	-5.0	5.0	99.0	
1499818522230	85699177489701	58.0	-5.0	5.0	99.0	
1499818522250	85699197631302	58.0	-5.0	5.0	99.0	
1499818522285	85699217772904	58.0	-5.0	5.0	99.0	
1499818522304	85699237914506	58.0	-5.0	5.0	99.0	
1499818522322	85699258056107	58.0	-5.0	5.0	99.0	
1499818522339	85699278197709	58.0	-5.0	5.0	99.0	
1499818522356	85699298339310	58.0	-5.0	5.0	99.0	
1499818522375	85699318480912	58.0	-5.0	5.0	99.0	
1499818522392	85699338622513	58.0	-5.0	5.0	99.0	
1499818522411	85699358764115	58.0	-5.0	5.0	99.0	
1499818522445	85699378905716	58.0	-5.0	5.0	99.0	
1499818522463	85699399047318	58.0	-5.0	5.0	99.0	
1499818522481	85699419188920	58.0	-5.0	5.0	99.0	
1499818522499	85699439330521	58.0	-5.0	5.0	99.0	
1499818522517	85699459472123	58.0	-5.0	5.0	99.0	
1499818522534	85699479613724	58.0	-5.0	5.0	99.0	
1499818522553	85699499755326	58.0	-5.0	5.0	99.0	
1499818522572	85699519896927	58.0	-5.0	5.0	99.0	
1499818522609	85699540038529	58.0	-5.0	5.0	99.0	
1499818522626	85699560180131	58.0	-5.0	5.0	99.0	
1499818522643	85699580321732	58.0	-5.0	5.0	99.0	
1499818522663	85699600463334	58.0	-5.0	5.0	99.0	
1499818522681	85699620604935	58.0	-5.0	5.0	99.0	
1499818522696	85699640746537	58.0	-5.0	5.0	99.0	
1499818522716	85699660888138	58.0	-5.0	5.0	99.0	
1499818522735	85699681029740	58.0	-5.0	5.0	99.0	
1499818522767	85699701171341	58.0	-5.0	5.0	99.0	
1499818522784	85699721312943	58.0	-5.0	5.0	99.0	
1499818522803	85699741454545	58.0	-5.0	5.0	99.0	
1499818522821	85699761596146	58.0	-5.0	5.0	99.0	
1499818522840	85699781737748	58.0	-5.0	5.0	99.0	
1499818522856	85699801879349	58.0	-5.0	5.0	99.0	
1499818522875	85699822020951	58.0	-5.0	5.0	99.0	
1499818522896	85699842162552	58.0	-5.0	5.0	99.0	
1499818522933	85699862304154	58.0	-5.0	5.0	99.0	
1499818522961	85699882445756	58.0	-5.0	5.0	99.0	
1499818522967	85699902587357	58.0	-5.0	5.0	99.0	
1499818522982	85699922728959	58.0	-5.0	5.0	99.0	
1499818523000	85699942870560	58.0	-5.0	5.0	99.0	
1499818523016	85699963012162	58.0	-5.0	5.0	99.0	
1499818523034	85699983153763	58.0	-5.0	5.0	99.0	
1499818523053	85700003295365	58.0	-5.0	5.0	99.0	
1499818523088	85700023436966	58.0	-5.0	5.0	99.0	
1499818523106	85700043578568	58.0	-5.0	5.0	99.0	
1499818523124	85700063720170	58.0	-5.0	5.0	99.0	
1499818523142	85700083861771	58.0	-5.0	5.0	99.0	
1499818523163	85700104003373	58.0	-5.0	5.0	99.0	
1499818523178	85700124144974	58.0	-5.0	5.0	99.0	
1499818523199	85700144286576	58.0	-5.0	5.0	99.0	
1499818523234	85700164428177	58.0	-5.0	5.0	99.0	
1499818523249	85700184569779	58.0	-5.135040283203125	5.0	99.0	
1499818523268	85700204711381	58.0	-6.0	4.737213134765625	99.0	
1499818523285	85700224852982	58.0	-6.0	4.0	99.0	
1499818523303	85700244994584	58.0	-6.0	4.0	99.0	
1499818523323	85700265136185	58.0	-6.0	4.0	99.0	
1499818523338	85700285277787	58.0	-6.0	4.0	99.0	
1499818523357	85700305419388	58.0	-6.0	4.0	99.0	
1499818523394	85700325560990	58.0	-6.0	4.0	99.0	
1499818523414	85700345702591	58.0	-6.0	4.0	99.0	
1499818523429	85700365844193	58.0	-6.0	4.0	99.0	
1499818523446	85700385985795	58.0	-6.0	4.0	99.0	
1499818523467	85700406127396	58.0	-6.0	4.0	99.0	
1499818523488	85700426268998	58.0	-6.0	4.0	99.0	
1499818523502	85700446410599	58.0	-6.0	4.0	99.0	
1499818523518	85700466552201	58.0	-5.0853271484375	4.0	99.0	
1499818523553	85700486693802	58.0	-5.0	4.0	99.0	
1499818523571	85700506835404	58.0	-5.0	4.0	99.0	
1499818523589	85700526977006	58.0	-5.0	4.0	99.0	
1499818523607	85700547118607	58.0	-5.0	4.0	99.0	
1499818523624	85700567260209	58.0	-5.0	4.0	99.0	
1499818523643	85700587401810	58.0	-5.0	4.0	99.0	
1499818523660	85700607543412	58.0	-5.0	4.0	99.0	
1499818523678	85700627685013	58.0	-5.0	4.0	99.0	
1499818523714	85700647826615	58.0	-5.0	4.0	99.0	
1499818523733	85700667968216	58.0	-5.0	4.0	99.0	
1499818523750	85700688109818	57.687713623046875	-5.0	4.0	99.0	
1499818523769	85700708251420	57.0	-5.0	4.0	99.0	
1499818523787	85700728393021	57.0	-5.0	4.0	99.0	
1499818523805	85700748534623	57.0	-5.0	4.0	99.0	
1499818523822	85700768676224	57.0	-5.0	4.0	99.0	
1499818523840	85700788817826	57.0	-5.0	4.9470977783203125	99.0	
1499818523874	85700808959427	57.0	-6.0	5.0	99.0	
1499818523892	85700829101029	57.0	-6.0	5.0	99.0	
1499818523910	85700849242631	57.0	-6.0	5.0	99.0	
1499818523928	85700869384232	57.0	-6.0	5.0	99.0	
1499818523946	85700889525834	57.0	-6.0	5.0	99.0	
1499818523967	85700909667435	57.0	-6.0	5.0	99.0	
1499818523982	85700929809037	57.0	-6.0	5.0	99.0	
1499818524001	85700949950638	57.0	-6.0	5.0	99.0	
1499818524038	85700970092240	57.0	-6.0	5.0	99.0	
1499818524053	85700990233841	57.0	-6.0	5.0	99.0	
1499818524070	85701010375443	57.0	-6.0	5.0	99.0	
1499818524090	85701030517045	57.0	-6.0	5.0	99.0	
1499818524106	85701050658646	57.0	-6.0	5.0	99.0	
1499818524126	85701070800248	57.0	-6.0	5.0	99.0	
1499818524143	85701090941849	57.0	-6.0	5.0	99.0	
1499818524161	85701111083451	57.0	-6.0	4.0188140869140625	99.0	
1499818524196	85701131225052	57.0	-6.0	4.0	99.0	
1499818524214	85701151366654	57.0	-6.0	4.2354888916015625	99.0	
1499818524232	85701171508256	57.0	-6.0	5.0	99.0	
1499818524251	85701191649857	57.0	-6.0	5.0	99.0	
1499818524268	85701211791459	57.0	-6.0	5.0	99.0	
1499818524285	85701231933060	57.0	-6.0	5.0	99.0	
1499818524303	85701252074662	57.0	-5.12969970703125	5.0	99.0	
1499818524321	85701272216263	57.0	-5.0	5.0	99.0	
1499818524357	85701292357865	57.0	-5.0	5.0	99.0	
1499818524375	85701312499466	57.0	-5.0	5.0	99.0	
1499818524394	85701332641068	57.0	-5.0	5.0	99.0	
1499818524413	85701352782670	57.0	-5.0	5.0	99.0	
1499818524429	85701372924271	57.0	-5.0	5.0	99.0	
1499818524448	85701393065873	57.0	-5.0	5.0	99.0	
1499818524466	85701413207474	57.0	-5.0	5.0	99.0	
1499818524501	85701433349076	57.0	-5.0	5.0	99.0	
1499818524518	85701453490677	57.0	-5.0	5.0	99.0	
1499818524539	85701473632279	57.0	-5.0	5.0	99.0	
1499818524553	85701493773881	57.0	-5.0	5.0	99.0	
1499818524571	85701513915482	57.0	-5.0	5.0	99.0	
1499818524588	85701534057084	57.0	-5.0	5.0	99.0	
1499818524609	85701554198685	57.0	-5.7764434814453125	5.0	99.0	
1499818524626	85701574340287	57.0	-6.0	5.0	99.0	
1499818524661	85701594481888	57.0	-6.0	5.0	99.0	
1499818524681	85701614623490	57.0	-6.0	5.0	99.0	
1499818524697	85701634765091	57.0	-6.0	5.0	99.0	
1499818524718	85701654906693	57.0	-6.0	5.0	99.0	
1499818524736	85701675048295	57.0	-6.5384521484375	5.0	99.0	
1499818524749	85701695189896	57.0	-7.0	5.0	99.0	
1499818524768	85701715331498	57.0	-7.0	4.20684814453125	99.0	
1499818524785	85701735473099	57.0	-7.0	4.0	99.0	
1499818524821	85701755614701	57.0	-8.0	4.0	99.0	
1499818524839	85701775756302	57.0	-8.0	4.0	99.0	
1499818524857	85701795897904	57.0	-8.0	4.0	99.0	
1499818524875	85701816039506	57.0	-8.0	4.0	99.0	
1499818524892	85701836181107	57.5555419921875	-7.4444580078125	3.4444580078125	99.0	
1499818524910	85701856322709	58.0	-7.0	3.0	99.0	
1499818524929	85701876464310	57.191131591796875	-7.0	2.191131591796875	99.0	
1499818524946	85701896605912	57.0	-7.0	2.0	99.0	
1499818524982	85701916747513	57.06324768066406	-7.0	2.0632476806640625	99.0	
1499818525000	85701936889115	58.0	-7.0	3.0	99.0	
1499818525018	85701957030716	58.0	-7.0	3.0	99.0	
1499818525040	85701977172318	58.0	-7.0	3.0	99.0	
1499818525054	85701997313920	58.0	-7.0	3.0	99.0	
1499818525070	85702017455521	58.0	-7.0	3.0	99.0	
1499818525089	85702037597123	58.0	-7.0	3.0	99.0	
1499818525106	85702057738724	58.0	-7.0	3.0	99.0	
1499818525143	85702077880326	58.0	-7.0	3.0	99.0	
1499818525163	85702098021927	58.0	-7.2068328857421875	3.0	99.0	
1499818525178	85702118163529	57.66554260253906	-8.0	3.0	99.0	
1499818525198	85702138305131	57.0	-8.0	3.0	99.0	
1499818525214	85702158446732	57.0	-8.0	2.4119720458984375	99.0	
1499818525231	85702178588334	57.0	-8.0	2.0	99.0	
1499818525252	85702198729935	57.0	-8.842727661132813	2.0	99.0	
1499818525268	85702218871537	57.969268798828125	-9.0	2.0	99.0	
1499818525303	85702239013138	58.0	-9.0	3.0	99.0	
1499818525321	85702259154740	58.0	-9.0	3.0	99.0	
1499818525339	85702279296341	58.0	-9.0	2.6495819091796875	99.0	
1499818525358	85702299437943	58.0	-9.0	2.0	99.0	
1499818525375	85702319579545	58.0	-9.0	2.0	99.0	
1499818525391	85702339721146	58.0	-9.732070922851563	2.0	99.0	
1499818525412	85702359862748	58.0	-10.0	2.0	99.0	
1499818525428	85702380004349	58.0	-10.0	2.0	99.0	
1499818525464	85702400145951	58.0	-9.887191772460938	2.0	99.0	
1499818525482	85702420287552	58.2406005859375	-9.0	2.0	99.0	
1499818525500	85702440429154	59.0	-9.0	2.0	99.0	
1499818525519	85702460570756	59.0	-9.0	2.0	99.0	
