1504202448452	2223973401896	0.5444793701171875	-0.0238494873046875	-0.0548248291015625	2.0	
1504202448504	2223993543498	0.618438720703125	0.2098388671875	-0.0505523681640625	2.0	
1504202448541	2224013685100	0.66400146484375	0.1677093505859375	0.03094482421875	2.0	
1504202448567	2224033826701	0.61480712890625	0.0796356201171875	0.075897216796875	2.0	
1504202448631	2224053968303	0.4250640869140625	-0.03729248046875	0.079620361328125	2.0	
1504202448660	2224074109904	0.243927001953125	-0.3779144287109375	0.06005859375	2.0	
1504202448684	2224094251506	0.128082275390625	-1.0280914306640625	0.09271240234375	2.0	
1504202448726	2224114393107	0.0182952880859375	-1.667022705078125	0.1082000732421875	2.0	
1504202448765	2224134534709	-0.136749267578125	-1.7949981689453125	0.0306549072265625	2.0	
1504202448786	2224154676310	-0.1805419921875	-2.2393798828125	-0.0111236572265625	2.0	
1504202448815	2224174817912	0.125457763671875	-2.7570037841796875	0.7205963134765625	2.0	
1504202448842	2224194959514	0.4105682373046875	-2.4553985595703125	1.5548248291015625	2.0	
1504202448871	2224215101115	0.482879638671875	-0.887603759765625	1.42388916015625	2.0	
1504202448902	2224235242717	0.56451416015625	-0.62078857421875	0.8556671142578125	2.0	
1504202448923	2224255384318	0.800018310546875	-0.8032379150390625	0.4138031005859375	2.0	
1504202448976	2224275525920	0.8639984130859375	-0.264678955078125	0.5761260986328125	2.0	
1504202449002	2224295667521	0.913665771484375	0.4328155517578125	0.720458984375	2.0	
1504202449028	2224315809123	0.797607421875	0.5687103271484375	0.7825164794921875	2.0	
1504202449062	2224335950725	0.5362091064453125	0.9614410400390625	0.8351898193359375	2.0	
1504202449079	2224356092326	0.3289947509765625	1.658355712890625	0.9719085693359375	2.0	
1504202449106	2224376233928	0.26995849609375	1.478607177734375	0.834686279296875	2.0	
1504202449120	2224396375529	0.3589324951171875	0.7762451171875	0.5812225341796875	2.0	
1504202449150	2224416517131	0.549163818359375	0.668670654296875	0.413543701171875	2.0	
1504202449187	2224436658732	0.809356689453125	1.1094818115234375	0.3103485107421875	2.0	
1504202449201	2224456800334	0.8676300048828125	1.3342742919921875	0.420745849609375	2.0	
1504202449248	2224476941935	0.7652587890625	0.9108734130859375	0.9845123291015625	2.0	
1504202449266	2224497083537	0.665618896484375	0.3998260498046875	1.00445556640625	2.0	
1504202449294	2224517225139	0.461029052734375	1.88848876953125	0.5956878662109375	2.0	
1504202449315	2224537366740	0.28662109375	0.933380126953125	0.584808349609375	2.0	
1504202449339	2224557508342	0.2420501708984375	-1.386016845703125	0.5399017333984375	2.0	
1504202449362	2224577649943	0.0591583251953125	-1.3688812255859375	0.7556915283203125	2.0	
1504202449382	2224597791545	-0.0927734375	-1.1737213134765625	1.09442138671875	2.0	
1504202449412	2224617933146	-0.13055419921875	-1.682708740234375	1.5305633544921875	2.0	
1504202449444	2224638074748	-0.0403594970703125	-1.2898406982421875	1.843902587890625	2.0	
1504202449461	2224658216350	0.065093994140625	-1.1413726806640625	1.8592681884765625	2.0	
1504202449472	2224678357951	0.1095123291015625	-0.395538330078125	1.7412261962890625	2.0	
1504202449488	2224698499553	-0.0703277587890625	0.1768646240234375	1.473968505859375	2.0	
1504202449507	2224718641154	-0.3296051025390625	0.10321044921875	1.1086273193359375	2.0	
1504202449533	2224738782756	-0.4114532470703125	-0.01708984375	0.8657684326171875	2.0	
1504202449562	2224758924357	-0.4056854248046875	-0.169586181640625	0.594818115234375	2.0	
1504202449625	2224779065959	-0.28924560546875	-0.3037261962890625	0.4607696533203125	2.0	
1504202449670	2224799207560	-0.307861328125	-0.126312255859375	0.4406890869140625	2.0	
1504202449697	2224819349162	-0.2968597412109375	0.1424407958984375	0.4083251953125	2.0	
1504202449754	2224839490764	-0.15582275390625	0.289459228515625	0.6879425048828125	2.0	
1504202449780	2224859632365	-0.0103759765625	0.1405487060546875	1.0669097900390625	2.0	
1504202449841	2224879773967	-0.01019287109375	-0.27935791015625	1.4220733642578125	2.0	
1504202449909	2224899915568	-0.13653564453125	-0.536041259765625	1.7570648193359375	2.0	
1504202449945	2224920057170	-0.2194671630859375	-0.3475189208984375	2.119720458984375	2.0	
1504202449981	2224940198771	-0.13433837890625	0.119232177734375	2.4518280029296875	2.0	
1504202450016	2224960340373	-9.307861328125E-4	0.5239715576171875	2.91015625	2.0	
1504202450069	2224980481975	0.116912841796875	0.843902587890625	3.4182586669921875	2.0	
1504202450107	2225000623576	0.036285400390625	0.9522247314453125	3.7723846435546875	2.0	
1504202450141	2225020765178	-0.116241455078125	0.51556396484375	3.7196044921875	2.0	
1504202450172	2225040906779	-0.27252197265625	0.2953338623046875	3.00457763671875	2.0	
1504202450209	2225061048381	-0.865142822265625	0.1412811279296875	3.0507965087890625	2.0	
1504202450230	2225081189982	-1.459564208984375	0.4516143798828125	3.1025390625	2.0	
1504202450250	2225101331584	-1.51904296875	0.47552490234375	2.76312255859375	2.0	
1504202450284	2225121473185	-1.340972900390625	0.343231201171875	2.2999725341796875	2.0	
1504202450317	2225141614787	-1.0806121826171875	0.7586669921875	2.090576171875	2.0	
1504202450345	2225161756389	-0.9032745361328125	1.7938232421875	1.9687652587890625	2.0	
1504202450406	2225181897990	-0.877288818359375	2.334442138671875	1.7126007080078125	2.0	
1504202450432	2225202039592	-0.537872314453125	2.549041748046875	1.1500701904296875	2.0	
1504202450461	2225222181193	0.2982025146484375	1.146820068359375	0.793487548828125	2.0	
1504202450472	2225242322795	1.0774383544921875	0.0019989013671875	1.00079345703125	2.0	
1504202450500	2225262464396	1.097625732421875	-0.1039581298828125	1.145477294921875	2.0	
1504202450573	2225282605998	0.4664306640625	-0.7442169189453125	0.8839569091796875	125.0	
1504202450582	2225302747600	0.0092315673828125	-1.46185302734375	0.8187255859375	125.0	
1504202450608	2225322889201	-0.1181640625	-1.5576934814453125	0.56524658203125	125.0	
1504202450632	2225343030803	-0.1243438720703125	-1.3620452880859375	0.1905517578125	125.0	
1504202450648	2225363172404	-0.3703460693359375	-0.1612701416015625	0.0379638671875	125.0	
1504202450665	2225383314006	-1.1018829345703125	1.4008636474609375	0.095947265625	125.0	
1504202450682	2225403455607	-1.6353607177734375	1.115997314453125	0.065887451171875	125.0	
1504202450723	2225423597209	-1.518463134765625	-0.4139251708984375	-0.0289154052734375	125.0	
1504202450752	2225443738810	-1.1614227294921875	-1.2884063720703125	-0.2273712158203125	125.0	
1504202450790	2225463880412	-1.0686187744140625	-1.976776123046875	-0.6356353759765625	125.0	
1504202450817	2225484022014	-1.09722900390625	-2.390380859375	-0.856353759765625	125.0	
1504202450832	2225504163615	-1.05328369140625	-1.2343292236328125	-0.650238037109375	125.0	
1504202450846	2225524305217	-0.5696563720703125	-0.174896240234375	-0.7640228271484375	125.0	
1504202450868	2225544446818	0.107757568359375	0.452728271484375	-0.66412353515625	125.0	
1504202450892	2225564588420	0.6739501953125	1.58221435546875	-0.434356689453125	125.0	
1504202450919	2225584730021	1.5072174072265625	3.1509857177734375	0.025665283203125	125.0	
1504202450951	2225604871623	1.328094482421875	1.2486572265625	0.5524444580078125	125.0	
1504202450998	2225625013225	0.5084991455078125	-1.0838623046875	0.2823333740234375	125.0	
1504202451020	2225645154826	0.33331298828125	-0.9628753662109375	0.1446685791015625	125.0	
1504202451031	2225665296428	0.4250335693359375	-1.113067626953125	-0.078643798828125	125.0	
1504202451057	2225685438029	0.4372100830078125	-1.101531982421875	-0.31097412109375	125.0	
1504202451071	2225705579631	0.42828369140625	-0.50146484375	-0.594085693359375	125.0	
1504202451085	2225725721232	0.4169769287109375	0.55029296875	-0.5244293212890625	125.0	
1504202451106	2225745862834	0.324005126953125	0.9210357666015625	-0.05401611328125	125.0	
1504202451138	2225766004435	-0.049224853515625	0.6014556884765625	0.4213104248046875	125.0	
1504202451159	2225786146037	-0.5247955322265625	-0.0593109130859375	0.5624847412109375	125.0	
1504202451195	2225806287639	-0.4116058349609375	-0.8260955810546875	0.520050048828125	125.0	
1504202451213	2225826429240	0.3574981689453125	-0.31494140625	0.51934814453125	125.0	
1504202451245	2225846570842	0.856781005859375	0.013031005859375	0.51348876953125	125.0	
1504202451268	2225866712443	0.9272918701171875	0.273651123046875	0.6469573974609375	125.0	
1504202451283	2225886854045	0.68133544921875	0.0994720458984375	0.7039031982421875	125.0	
1504202451314	2225906995646	0.3842010498046875	0.0297393798828125	0.4793548583984375	125.0	
1504202451332	2225927137248	0.345306396484375	0.28802490234375	0.1654205322265625	125.0	
1504202451341	2225947278850	0.580780029296875	0.52801513671875	0.066650390625	125.0	
1504202451378	2225967420451	0.719573974609375	0.512176513671875	0.111907958984375	125.0	
1504202451401	2225987562053	0.6444549560546875	0.4147796630859375	0.1939849853515625	125.0	
1504202451414	2226007703654	0.435638427734375	0.211090087890625	0.0677032470703125	125.0	
1504202451436	2226027845256	0.3014984130859375	-0.1014404296875	-0.208282470703125	125.0	
1504202451469	2226047986857	0.2016754150390625	-0.261322021484375	-0.4486236572265625	125.0	
1504202451493	2226068128459	0.117034912109375	-0.1025543212890625	-0.471038818359375	125.0	
1504202451526	2226088270060	0.008331298828125	-0.07568359375	-0.3441009521484375	125.0	
1504202451567	2226108411662	-0.080230712890625	-0.0274505615234375	-0.2313385009765625	125.0	
1504202451588	2226128553264	-0.2319183349609375	0.0631103515625	-0.1165771484375	125.0	
1504202451598	2226148694865	-0.29046630859375	0.0043792724609375	-0.1253662109375	125.0	
1504202451619	2226168836467	-0.1072845458984375	-0.0316619873046875	-0.2002410888671875	125.0	
1504202451670	2226188978068	0.0342864990234375	0.0281524658203125	-0.2158966064453125	125.0	
1504202451694	2226209119670	0.1093597412109375	-0.043670654296875	-0.254913330078125	125.0	
1504202451723	2226229261271	0.1369781494140625	-0.2173919677734375	-0.201507568359375	125.0	
1504202451741	2226249402873	-0.07562255859375	-0.273345947265625	-0.095062255859375	125.0	
1504202451756	2226269544475	-0.3042144775390625	-0.1312103271484375	-0.0780792236328125	125.0	
1504202451770	2226289686076	-0.3798675537109375	-0.0315399169921875	-0.09234619140625	125.0	
1504202451789	2226309827678	-0.2696075439453125	-0.0254974365234375	-0.057159423828125	125.0	
1504202451824	2226329969279	-0.0865936279296875	-0.2087554931640625	-0.0680999755859375	125.0	
1504202451837	2226350110881	-0.0175628662109375	-0.30047607421875	-0.1116790771484375	125.0	
1504202451854	2226370252482	-0.0421295166015625	-0.1182708740234375	-0.171295166015625	125.0	
1504202451873	2226390394084	-0.1123199462890625	-0.0049591064453125	-0.1959228515625	125.0	
1504202451894	2226410535685	-0.2199249267578125	-0.002716064453125	-0.1731719970703125	125.0	
1504202451909	2226430677287	-0.333465576171875	0.00958251953125	-0.080718994140625	125.0	
1504202451926	2226450818889	-0.4627227783203125	-0.1067962646484375	-0.0951385498046875	125.0	
1504202451953	2226470960490	-0.57183837890625	0.3128509521484375	-0.0496673583984375	125.0	
1504202451962	2226491102092	-0.316680908203125	1.19879150390625	0.0468292236328125	125.0	
1504202451974	2226511243693	0.14263916015625	0.2306365966796875	-0.13836669921875	125.0	
1504202451986	2226531385295	0.1764068603515625	-0.6720428466796875	-0.1229400634765625	125.0	
1504202452009	2226551526896	0.3046417236328125	-0.6060638427734375	0.020782470703125	125.0	
1504202452018	2226571668498	0.3739166259765625	-0.361663818359375	0.146514892578125	125.0	
1504202452031	2226591810100	0.10687255859375	-0.26995849609375	0.1785736083984375	125.0	
1504202452074	2226611951701	-0.0199127197265625	-0.1208038330078125	0.046630859375	125.0	
1504202452093	2226632093303	-0.0591888427734375	-0.525482177734375	0.028900146484375	125.0	
1504202452118	2226652234904	0.0316162109375	-0.588623046875	0.1131744384765625	125.0	
1504202452151	2226672376506	0.1773529052734375	-0.348114013671875	0.1513214111328125	125.0	
1504202452183	2226692518107	0.13555908203125	-0.061981201171875	0.085723876953125	125.0	
1504202452204	2226712659709	-0.083770751953125	0.149078369140625	0.003570556640625	125.0	
1504202452239	2226732801310	-0.268798828125	0.26849365234375	-0.010589599609375	125.0	
1504202452262	2226752942912	-0.3726959228515625	0.095062255859375	0.0325469970703125	125.0	
1504202452292	2226773084514	-0.2839202880859375	-0.25531005859375	0.038360595703125	125.0	
1504202452308	2226793226115	-0.0960235595703125	-0.379852294921875	0.0541534423828125	125.0	
1504202452332	2226813367717	0.065826416015625	-0.3828887939453125	0.0597991943359375	125.0	
1504202452365	2226833509318	0.1866455078125	-0.2679290771484375	0.0370941162109375	125.0	
1504202452389	2226853650920	0.2427520751953125	-0.180023193359375	0.0258331298828125	125.0	
1504202452417	2226873792521	0.20623779296875	-0.232879638671875	0.0111846923828125	125.0	
1504202452433	2226893934123	0.0955047607421875	-0.284698486328125	-0.0077362060546875	125.0	
1504202452446	2226914075725	0.0031890869140625	-0.156585693359375	-0.0204925537109375	125.0	
1504202452456	2226934217326	0.0200653076171875	0.0302581787109375	-0.02740478515625	125.0	
1504202452467	2226954358928	0.0743560791015625	0.0594635009765625	-0.04156494140625	125.0	
1504202452478	2226974500529	0.142822265625	0.0351409912109375	-0.04071044921875	125.0	
1504202452493	2226994642131	0.1793060302734375	-0.0855865478515625	-0.04229736328125	125.0	
1504202452506	2227014783732	0.1689300537109375	-0.2078857421875	-0.01611328125	125.0	
1504202452525	2227034925334	0.145294189453125	-0.18182373046875	0.025482177734375	125.0	
1504202452538	2227055066935	0.1501312255859375	-0.1186065673828125	0.0535125732421875	125.0	
1504202452547	2227075208537	0.1983795166015625	-0.124481201171875	0.053924560546875	125.0	
1504202452560	2227095350139	0.1973419189453125	-0.1655120849609375	0.053253173828125	125.0	
1504202452574	2227115491740	0.1147918701171875	-0.2132110595703125	0.0397186279296875	125.0	
1504202452588	2227135633342	-0.00726318359375	-0.11407470703125	0.0209197998046875	125.0	
1504202452602	2227155774943	-0.07647705078125	0.0629119873046875	0.013031005859375	125.0	
1504202452640	2227175916545	-0.0749359130859375	0.052703857421875	0.0093231201171875	125.0	
1504202452654	2227196058146	-7.781982421875E-4	-0.0935211181640625	-3.96728515625E-4	125.0	
1504202452668	2227216199748	0.1240997314453125	-0.2070465087890625	0.0048675537109375	125.0	
1504202452684	2227236341350	0.128173828125	-0.2335662841796875	-0.014984130859375	5.0	
1504202452716	2227256482951	-0.0442962646484375	-0.0948028564453125	-0.0467987060546875	5.0	
1504202452743	2227276624553	-0.219207763671875	0.0378265380859375	-0.033233642578125	5.0	
1504202452757	2227296766154	-0.2511138916015625	0.1343841552734375	-0.017578125	5.0	
1504202452814	2227316907756	-0.1737060546875	0.2151947021484375	0.00927734375	5.0	
1504202452859	2227337049357	-0.1332855224609375	0.2542724609375	-0.0196380615234375	5.0	
1504202452877	2227357190959	-0.1282958984375	0.2224273681640625	-0.0423431396484375	5.0	
1504202452903	2227377332560	-0.1908416748046875	0.2167205810546875	-0.0371856689453125	5.0	
1504202452921	2227397474162	-0.175689697265625	0.2696075439453125	0.0146026611328125	5.0	
1504202452954	2227417615764	-0.085174560546875	0.228607177734375	0.0535430908203125	5.0	
1504202452967	2227437757365	0.0626983642578125	0.155792236328125	0.0726776123046875	5.0	
1504202452998	2227457898967	0.190155029296875	-0.063079833984375	0.0389251708984375	5.0	
1504202453015	2227478040568	0.2299652099609375	-0.15484619140625	-0.0248260498046875	5.0	
1504202453033	2227498182170	0.160186767578125	-0.1707611083984375	-0.014007568359375	5.0	
1504202453045	2227518323771	0.0639190673828125	-0.122711181640625	0.0427398681640625	5.0	
1504202453059	2227538465373	0.0238494873046875	-0.1121978759765625	0.0946807861328125	5.0	
1504202453079	2227558606975	0.070037841796875	-0.125701904296875	0.1173858642578125	5.0	
1504202453091	2227578748576	0.1582183837890625	-0.0386810302734375	0.141357421875	5.0	
1504202453113	2227598890178	0.1680755615234375	0.118927001953125	0.20220947265625	5.0	
1504202453145	2227619031779	0.0722808837890625	0.0998992919921875	0.2437896728515625	5.0	
1504202453183	2227639173381	-0.0252532958984375	-0.00701904296875	0.2126922607421875	5.0	
1504202453213	2227659314982	-0.0618133544921875	-0.0504302978515625	0.1474761962890625	5.0	
1504202453225	2227679456584	-0.0465240478515625	-0.034149169921875	0.0754852294921875	5.0	
1504202453241	2227699598185	-0.0406494140625	0.04913330078125	0.0769500732421875	5.0	
1504202453266	2227719739787	-0.0305633544921875	0.1866607666015625	0.142913818359375	5.0	
1504202453282	2227739881389	-0.092315673828125	0.5554656982421875	0.149383544921875	5.0	
1504202453295	2227760022990	0.0440826416015625	1.5391387939453125	0.1485595703125	5.0	
1504202453317	2227780164592	0.1587982177734375	2.0144195556640625	0.197601318359375	5.0	
1504202453335	2227800306193	0.0547943115234375	1.1435699462890625	0.1873321533203125	5.0	
1504202453347	2227820447795	0.1204376220703125	0.0489959716796875	-0.18817138671875	5.0	
1504202453358	2227840589396	-0.4395294189453125	-0.386199951171875	-0.2121429443359375	5.0	
1504202453369	2227860730998	-1.29254150390625	-0.280426025390625	0.1973876953125	5.0	
1504202453385	2227880872600	-1.5087432861328125	-0.5972137451171875	0.136688232421875	5.0	
1504202453397	2227901014201	-1.260406494140625	-0.7895050048828125	-0.124114990234375	5.0	
1504202453408	2227921155803	-0.6822357177734375	-0.8961029052734375	-0.3671875	5.0	
1504202453416	2227941297404	0.1103515625	-0.7284698486328125	-0.468719482421875	5.0	
1504202453426	2227961439006	0.8281097412109375	-0.4376220703125	-0.3771209716796875	5.0	
1504202453443	2227981580607	1.2933807373046875	-0.16009521484375	-0.243865966796875	5.0	
1504202453453	2228001722209	1.382537841796875	-0.264984130859375	-0.186065673828125	5.0	
1504202453470	2228021863810	0.6550140380859375	-0.8187713623046875	-0.06500244140625	5.0	
1504202453480	2228042005412	0.15863037109375	-0.3938751220703125	0.004608154296875	5.0	
1504202453511	2228062147014	-0.067901611328125	-0.1219940185546875	-0.0638275146484375	5.0	
1504202453522	2228082288615	-0.13897705078125	0.150054931640625	-0.07037353515625	5.0	
1504202453532	2228102430217	-0.1699371337890625	0.24945068359375	-0.0160369873046875	5.0	
1504202453547	2228122571818	-0.1479339599609375	0.2804718017578125	0.0340576171875	5.0	
1504202453560	2228142713420	-0.143310546875	0.310302734375	2.13623046875E-4	5.0	
1504202453577	2228162855021	-0.179595947265625	0.3702850341796875	-0.063812255859375	5.0	
1504202453593	2228182996623	-0.2501373291015625	0.4176177978515625	-0.0695648193359375	5.0	
1504202453604	2228203138225	-0.2337799072265625	0.416900634765625	-0.0275421142578125	5.0	
1504202453623	2228223279826	-0.1661224365234375	0.2494354248046875	-0.0315704345703125	5.0	
1504202453631	2228243421428	-0.17547607421875	0.0546722412109375	-0.128143310546875	5.0	
1504202453643	2228263563029	-0.25628662109375	0.1411285400390625	-0.1354217529296875	5.0	
1504202453669	2228283704631	-0.48016357421875	0.8414764404296875	0.0631866455078125	5.0	
1504202453692	2228303846232	-0.7727508544921875	2.234527587890625	0.4525299072265625	5.0	
1504202453710	2228323987834	0.31439208984375	2.317230224609375	0.4341278076171875	5.0	
1504202453729	2228344129435	0.7093963623046875	-0.183837890625	-0.0137786865234375	5.0	
1504202453741	2228364271037	0.25048828125	-0.5184326171875	0.009124755859375	5.0	
1504202453749	2228384412639	-0.1516571044921875	-0.31768798828125	0.010650634765625	5.0	
1504202453764	2228404554240	-0.4098968505859375	-0.3976287841796875	-0.011505126953125	5.0	
1504202453777	2228424695842	-0.2070770263671875	-0.508453369140625	-0.0782623291015625	5.0	
1504202453796	2228444837443	0.1647186279296875	-0.6243743896484375	-0.176544189453125	5.0	
1504202453806	2228464979045	0.3816375732421875	-0.6632080078125	-0.15020751953125	5.0	
1504202453819	2228485120646	0.5253143310546875	-0.46630859375	-0.1164398193359375	5.0	
1504202453831	2228505262248	0.517425537109375	-0.3457183837890625	-0.085174560546875	5.0	
1504202453840	2228525403850	0.372344970703125	-0.2431793212890625	-0.068267822265625	5.0	
1504202453856	2228545545451	0.2465057373046875	-0.06597900390625	-0.0067901611328125	5.0	
1504202453869	2228565687053	0.233489990234375	0.011749267578125	0.0608673095703125	5.0	
1504202453889	2228585828654	0.2840118408203125	-0.058197021484375	0.0618438720703125	5.0	
1504202453900	2228605970256	0.3014678955078125	-0.166900634765625	0.0711212158203125	5.0	
1504202453911	2228626111857	0.2090911865234375	-0.1907501220703125	0.1378021240234375	5.0	
1504202453924	2228646253459	0.0645599365234375	-0.045379638671875	0.17529296875	5.0	
1504202453936	2228666395060	-0.0313262939453125	-0.3194580078125	0.114593505859375	5.0	
1504202453955	2228686536662	-0.015838623046875	-0.8748931884765625	0.161468505859375	5.0	
1504202453970	2228706678264	0.01654052734375	-0.92388916015625	0.1387939453125	5.0	
1504202453992	2228726819865	0.0185089111328125	-0.5823516845703125	-0.0111236572265625	5.0	
1504202454006	2228746961467	0.0110015869140625	-0.479766845703125	-0.104156494140625	5.0	
1504202454025	2228767103068	0.067352294921875	-0.2570343017578125	-0.2253570556640625	5.0	
1504202454037	2228787244670	0.191680908203125	-0.0763092041015625	-0.31341552734375	5.0	
1504202454050	2228807386271	0.29656982421875	-0.0503692626953125	-0.3724212646484375	5.0	
1504202454066	2228827527873	0.3424835205078125	0.1782379150390625	-0.3450775146484375	5.0	
1504202454080	2228847669475	0.4223785400390625	0.3624420166015625	-0.217864990234375	5.0	
1504202454107	2228867811076	0.5368194580078125	0.102691650390625	0.0147552490234375	5.0	
1504202454138	2228887952678	0.64556884765625	-0.08038330078125	0.03192138671875	5.0	
1504202454178	2228908094279	0.629364013671875	-0.030487060546875	-0.1482391357421875	5.0	
1504202454192	2228928235881	0.2777862548828125	0.18212890625	-0.300506591796875	5.0	
1504202454204	2228948377482	-0.0808258056640625	0.2164154052734375	-0.384429931640625	5.0	
1504202454212	2228968519084	-0.2145538330078125	0.1606597900390625	-0.3813934326171875	5.0	
1504202454239	2228988660685	-0.0481414794921875	0.1244964599609375	-0.233001708984375	5.0	
1504202454281	2229008802287	0.2570343017578125	-0.1043243408203125	-0.0697784423828125	5.0	
1504202454293	2229028943889	0.462799072265625	-0.44683837890625	-0.041839599609375	5.0	
1504202454304	2229049085490	0.59783935546875	-0.979736328125	0.021514892578125	5.0	
1504202454324	2229069227092	0.7646942138671875	-0.8736572265625	-0.099700927734375	5.0	
1504202454336	2229089368693	0.7578582763671875	-0.629486083984375	-0.2779388427734375	5.0	
1504202454347	2229109510295	0.409515380859375	-0.554443359375	-0.1502685546875	5.0	
1504202454369	2229129651896	0.116943359375	-0.678466796875	-0.028350830078125	5.0	
1504202454395	2229149793498	0.1369171142578125	-0.617584228515625	-0.0487060546875	5.0	
1504202454410	2229169935100	0.1733245849609375	-0.5089569091796875	-0.27069091796875	5.0	
1504202454432	2229190076701	0.10015869140625	-0.5467681884765625	-0.3044586181640625	5.0	
1504202454446	2229210218303	0.0285186767578125	-0.3053741455078125	-0.0881805419921875	5.0	
1504202454461	2229230359904	0.05859375	-0.095611572265625	0.014373779296875	5.0	
1504202454470	2229250501506	0.1024017333984375	-0.1531829833984375	-0.035064697265625	5.0	
1504202454483	2229270643107	0.0047760009765625	-0.254974365234375	-0.1395263671875	5.0	
1504202454511	2229290784709	-0.1100006103515625	-0.340667724609375	-0.2664642333984375	5.0	
1504202454519	2229310926310	-0.119476318359375	-0.198272705078125	-0.2921142578125	5.0	
1504202454536	2229331067912	-0.14215087890625	0.11798095703125	-0.2204742431640625	5.0	
1504202454550	2229351209514	-0.2421417236328125	0.0673675537109375	-0.2299652099609375	5.0	
1504202454567	2229371351115	-0.3046417236328125	0.123992919921875	-0.220611572265625	5.0	
1504202454588	2229391492717	-0.447662353515625	-0.0323028564453125	-0.2638397216796875	5.0	
1504202454615	2229411634318	-0.727264404296875	-0.443572998046875	-0.319061279296875	5.0	
1504202454640	2229431775920	-0.9520416259765625	-0.6237030029296875	-0.316741943359375	5.0	
1504202454650	2229451917521	-0.919708251953125	-0.604034423828125	-0.3638916015625	5.0	
1504202454661	2229472059123	-0.8126678466796875	-0.5980987548828125	-0.3156890869140625	5.0	
1504202454671	2229492200725	-0.864715576171875	-0.560089111328125	-0.2505035400390625	5.0	
1504202454682	2229512342326	-1.0885009765625	-0.6045989990234375	-0.2178802490234375	5.0	
1504202454695	2229532483928	-1.316070556640625	-0.9454803466796875	-0.1974945068359375	5.0	
1504202454703	2229552625529	-1.3528289794921875	-1.172332763671875	-0.20819091796875	5.0	
1504202454728	2229572767131	-1.01568603515625	-0.9876251220703125	-0.2685394287109375	5.0	
1504202454737	2229592908732	-0.4188995361328125	-0.417388916015625	-0.269378662109375	5.0	
1504202454746	2229613050334	-0.0528411865234375	-0.370941162109375	-0.2663726806640625	5.0	
1504202454757	2229633191935	-0.0386199951171875	-0.619110107421875	-0.3018646240234375	5.0	
1504202454774	2229653333537	-0.1003570556640625	-0.60845947265625	-0.267974853515625	5.0	
1504202454785	2229673475139	-0.1623992919921875	-0.362884521484375	-0.1998443603515625	5.0	
1504202454793	2229693616740	-0.2335662841796875	-0.1289520263671875	-0.096221923828125	5.0	
1504202454813	2229713758342	-0.215972900390625	0.06732177734375	0.0426025390625	5.0	
1504202454821	2229733899943	-0.0651397705078125	0.1269073486328125	0.0989227294921875	5.0	
1504202454830	2229754041545	0.0140533447265625	0.0316619873046875	0.0688934326171875	5.0	
1504202454841	2229774183146	0.0094757080078125	-0.036895751953125	0.0428619384765625	5.0	
1504202454862	2229794324748	0.0087432861328125	-0.0162353515625	0.013580322265625	5.0	
1504202454870	2229814466350	0.0475006103515625	0.1413421630859375	0.02618408203125	5.0	
1504202454882	2229834607951	0.080047607421875	0.08892822265625	0.0333099365234375	5.0	
1504202454900	2229854749553	0.1208953857421875	-0.159637451171875	-0.0863800048828125	5.0	
1504202454913	2229874891154	0.1708526611328125	-0.2281646728515625	-0.095703125	5.0	
1504202454931	2229895032756	0.1934661865234375	-0.1654052734375	-0.0878143310546875	5.0	
1504202454945	2229915174357	0.11016845703125	-0.011962890625	-0.054046630859375	5.0	
1504202454966	2229935315959	0.0208587646484375	0.1190643310546875	0.0120086669921875	5.0	
1504202454975	2229955457560	0.0121612548828125	0.1194915771484375	0.02362060546875	5.0	
1504202454985	2229975599162	0.0316619873046875	0.0726165771484375	-0.0265045166015625	5.0	
1504202455005	2229995740764	0.0694427490234375	0.056671142578125	-0.024383544921875	5.0	
1504202455018	2230015882365	0.09326171875	0.0734405517578125	-0.00689697265625	5.0	
1504202455028	2230036023967	0.0818328857421875	0.0197601318359375	0.026153564453125	5.0	
1504202455039	2230056131590	0.0523834228515625	0.048614501953125	0.03399658203125	5.0	
1504202455050	2230076273192	0.0360107421875	0.056427001953125	0.0206451416015625	5.0	
1504202455058	2230096414793	0.028900146484375	0.0063018798828125	0.032379150390625	5.0	
1504202455069	2230116556395	0.021270751953125	0.0561370849609375	0.07781982421875	5.0	
1504202455086	2230136697997	0.0512237548828125	0.0402679443359375	0.0041351318359375	5.0	
1504202455095	2230156839598	0.0825958251953125	-0.01605224609375	-0.0345916748046875	5.0	
1504202455109	2230176981200	0.10870361328125	-0.0244598388671875	-0.0430450439453125	5.0	
1504202455119	2230197122801	0.12298583984375	-0.012939453125	-0.043365478515625	5.0	
1504202455140	2230217264403	0.112579345703125	0.016937255859375	-0.0439605712890625	5.0	
1504202455148	2230237406004	0.09967041015625	0.05126953125	-0.0296630859375	5.0	
1504202455160	2230257547606	0.06341552734375	0.0345001220703125	-0.00531005859375	5.0	
1504202455173	2230277689207	0.172576904296875	0.0883941650390625	0.0351409912109375	5.0	
1504202455201	2230297830809	0.2989654541015625	0.09002685546875	0.0344085693359375	5.0	
1504202455226	2230317972411	0.191986083984375	-0.0159454345703125	0.0085906982421875	5.0	
1504202455270	2230338114012	0.070648193359375	-0.00335693359375	-0.02276611328125	5.0	
1504202455303	2230358255614	-0.0158233642578125	0.0320892333984375	-0.0446929931640625	100.0	
1504202455317	2230378397215	-0.0901641845703125	-0.016387939453125	-0.0458221435546875	100.0	
1504202455331	2230398538817	-0.1586151123046875	-0.056976318359375	-0.0264129638671875	100.0	
1504202455350	2230418680418	-0.0972900390625	0.007080078125	-0.004364013671875	100.0	
1504202455381	2230438822020	0.0108795166015625	0.1078643798828125	-0.0211639404296875	100.0	
1504202455399	2230458963622	0.0419158935546875	0.09088134765625	-0.0145721435546875	100.0	
1504202455419	2230479105223	0.02386474609375	-5.79833984375E-4	-0.0058441162109375	100.0	
1504202455442	2230499246825	0.010986328125	-0.04705810546875	-0.030670166015625	100.0	
1504202455463	2230519388426	0.04718017578125	-0.016998291015625	-0.018096923828125	100.0	
1504202455478	2230539530028	0.05108642578125	0.0303497314453125	-0.0011138916015625	100.0	
1504202455491	2230559671629	0.0141448974609375	0.0478057861328125	-0.003173828125	100.0	
1504202455526	2230579813231	0.02301025390625	0.0249786376953125	0.02655029296875	100.0	
1504202455554	2230599954832	0.0599517822265625	-0.01702880859375	0.031341552734375	100.0	
1504202455572	2230620096434	0.07562255859375	-0.0018768310546875	-0.0015869140625	100.0	
1504202455585	2230640238036	0.0467071533203125	0.047393798828125	0.016754150390625	100.0	
1504202455596	2230660379637	0.04229736328125	0.0750579833984375	0.025360107421875	100.0	
1504202455615	2230680521239	0.05340576171875	0.036590576171875	0.0311279296875	100.0	
1504202455625	2230700662840	0.0343780517578125	4.119873046875E-4	0.0151519775390625	100.0	
1504202455650	2230720804442	0.02862548828125	-0.023468017578125	0.003173828125	100.0	
1504202455664	2230740946043	0.0271148681640625	0.00762939453125	-5.035400390625E-4	100.0	
1504202455688	2230761087645	0.033935546875	0.0230712890625	0.0113525390625	100.0	
1504202455696	2230781229247	0.0452117919921875	0.0385589599609375	0.0132598876953125	100.0	
1504202455717	2230801370848	0.029144287109375	0.0664520263671875	0.024658203125	100.0	
1504202455731	2230821512450	-8.697509765625E-4	0.04913330078125	0.0182037353515625	100.0	
1504202455749	2230841654051	-0.0084686279296875	0.0331878662109375	0.01806640625	100.0	
1504202455769	2230861795653	0.0590972900390625	0.0947418212890625	0.00958251953125	100.0	
1504202455783	2230881937254	0.115264892578125	0.17681884765625	0.025634765625	100.0	
1504202455798	2230902078856	0.1524505615234375	0.1694183349609375	0.0235443115234375	100.0	
1504202455808	2230922220457	0.1710662841796875	0.183349609375	0.02655029296875	100.0	
1504202455820	2230942362059	0.156158447265625	0.2278289794921875	0.0307159423828125	100.0	
1504202455837	2230962503661	0.1174468994140625	0.265289306640625	0.04656982421875	100.0	
1504202455856	2230982645262	0.062896728515625	0.3288726806640625	0.0646514892578125	100.0	
1504202455877	2231002786864	0.1071014404296875	0.3876495361328125	0.0876312255859375	100.0	
1504202455892	2231022928465	0.1483154296875	0.317474365234375	0.06158447265625	100.0	
1504202455907	2231043070067	0.2158050537109375	0.36114501953125	0.05633544921875	100.0	
1504202455916	2231063211668	0.344879150390625	0.4329833984375	0.057220458984375	100.0	
1504202455928	2231083353270	0.3778228759765625	0.3426361083984375	0.0072021484375	100.0	
1504202455946	2231103494872	0.3321533203125	0.25384521484375	0.0148162841796875	100.0	
1504202455965	2231123636473	0.3425140380859375	0.452484130859375	0.0773162841796875	100.0	
1504202455992	2231143778075	0.4078369140625	0.6031341552734375	0.13543701171875	100.0	
1504202456015	2231163919676	0.509033203125	0.5354461669921875	0.089569091796875	100.0	
1504202456035	2231184061278	0.6150360107421875	0.487640380859375	0.053924560546875	100.0	
1504202456047	2231204202879	0.7354278564453125	0.46734619140625	0.04156494140625	100.0	
1504202456066	2231224344481	0.735260009765625	0.24444580078125	0.067138671875	100.0	
1504202456079	2231244486082	0.545654296875	0.1177978515625	0.10345458984375	100.0	
1504202456104	2231264627684	0.34100341796875	0.13446044921875	0.099395751953125	100.0	
1504202456127	2231284769286	0.1403045654296875	0.163818359375	0.1007232666015625	100.0	
1504202456143	2231304910887	-0.003448486328125	0.08660888671875	0.1030426025390625	100.0	
1504202456157	2231325052489	-0.0628814697265625	0.0193634033203125	0.097991943359375	100.0	
1504202456173	2231345194090	-0.0255126953125	-0.021392822265625	0.0863037109375	100.0	
1504202456195	2231365335692	0.0235137939453125	0.036407470703125	0.04742431640625	100.0	
1504202456215	2231385477293	0.05859375	0.05133056640625	0.0141448974609375	100.0	
1504202456228	2231405618895	-0.2527923583984375	-0.313018798828125	0.00238037109375	100.0	
1504202456256	2231425760497	-0.4465484619140625	-0.2567901611328125	0.0224456787109375	100.0	
1504202456271	2231445902098	-0.35211181640625	0.0391693115234375	0.044525146484375	100.0	
1504202456291	2231466043700	-0.25628662109375	-0.02362060546875	-0.0103607177734375	100.0	
1504202456309	2231486185301	-0.071319580078125	-0.0031890869140625	-0.02471923828125	100.0	
1504202456335	2231506326903	0.17962646484375	0.167144775390625	-0.013763427734375	100.0	
1504202456356	2231526468504	0.40240478515625	0.26348876953125	-0.0489959716796875	100.0	
1504202456375	2231546610106	0.396820068359375	0.1560211181640625	-0.0626220703125	100.0	
1504202456408	2231566751707	0.1790008544921875	0.0345611572265625	-0.044708251953125	100.0	
1504202456418	2231586893309	-0.020050048828125	0.021514892578125	0.0135345458984375	100.0	
1504202456428	2231607034911	-0.1269989013671875	0.0486602783203125	0.0245361328125	100.0	
1504202456443	2231627176512	-0.123931884765625	0.077301025390625	0.03753662109375	100.0	
1504202456457	2231647318114	-0.045745849609375	0.04095458984375	0.034393310546875	100.0	
1504202456467	2231667459715	0.033203125	0.0370025634765625	0.015289306640625	100.0	
1504202456482	2231687601317	0.071197509765625	0.051605224609375	0.006622314453125	100.0	
1504202456509	2231707742918	0.0523681640625	0.0497894287109375	-0.0083465576171875	100.0	
1504202456525	2231727884520	-0.00567626953125	0.019775390625	0.0061187744140625	100.0	
1504202456536	2231748026122	-0.038421630859375	0.0521087646484375	-0.0145111083984375	100.0	
1504202456551	2231768167723	-0.006103515625	0.017242431640625	-0.008819580078125	100.0	
1504202456576	2231788309325	-0.0017852783203125	0.0358734130859375	-0.0213165283203125	100.0	
1504202456588	2231808450926	0.0139617919921875	0.0154571533203125	-0.0306854248046875	100.0	
1504202456597	2231828592528	0.046600341796875	-0.0200347900390625	-0.009613037109375	100.0	
1504202456618	2231848734129	0.07147216796875	-0.0313568115234375	0.0111846923828125	100.0	
1504202456640	2231868875731	0.03778076171875	0.0638885498046875	-0.0090179443359375	100.0	
1504202456648	2231889017332	0.0122833251953125	0.116058349609375	-0.02972412109375	100.0	
1504202456678	2231909158934	-0.0273284912109375	0.0819091796875	-0.0255889892578125	100.0	
1504202456692	2231929300536	-0.0359039306640625	0.00738525390625	0.003082275390625	100.0	
1504202456702	2231949442137	0.0160369873046875	0.024078369140625	-0.00543212890625	100.0	
1504202456716	2231969583739	0.071044921875	0.0391082763671875	-0.012603759765625	100.0	
1504202456743	2231989725340	0.0655670166015625	-0.0142669677734375	0.0118255615234375	100.0	
1504202456753	2232009866942	0.0555419921875	0.01922607421875	0.0018768310546875	100.0	
1504202456764	2232030008543	0.0164642333984375	0.0517120361328125	0.00384521484375	100.0	
1504202456779	2232050150145	-0.0345001220703125	0.01263427734375	0.020599365234375	100.0	
1504202456794	2232070291747	-0.026214599609375	-0.0286102294921875	0.0410614013671875	100.0	
1504202456803	2232090433348	0.0345611572265625	-0.0112762451171875	0.0381317138671875	100.0	
1504202456817	2232110574950	0.07098388671875	0.0520782470703125	0.0352020263671875	100.0	
1504202456840	2232130716551	0.0534820556640625	-0.035308837890625	0.0133209228515625	100.0	
1504202456855	2232150858153	0.003692626953125	-0.001556396484375	0.0186920166015625	100.0	
1504202456864	2232170999754	-0.0599822998046875	0.02984619140625	0.0170440673828125	100.0	
1504202456879	2232191141356	-0.0534820556640625	0.006256103515625	0.0355987548828125	100.0	
1504202456896	2232211282957	-0.0185394287109375	0.05816650390625	0.051177978515625	100.0	
1504202456914	2232231424559	0.02581787109375	0.0985565185546875	0.0271759033203125	100.0	
1504202456936	2232251566161	0.027099609375	0.0582122802734375	0.01031494140625	100.0	
1504202456961	2232271707762	0.027801513671875	-0.006378173828125	0.0093231201171875	100.0	
1504202456971	2232291849364	0.018463134765625	0.03021240234375	0.006622314453125	100.0	
1504202456988	2232311990965	0.0296478271484375	0.08563232421875	0.0074462890625	100.0	
1504202457013	2232332132567	0.0366973876953125	0.084869384765625	0.0101470947265625	100.0	
1504202457030	2232352274168	0.0198974609375	0.0583038330078125	0.0127716064453125	100.0	
1504202457039	2232372415770	0.016143798828125	0.0749969482421875	0.01025390625	100.0	
1504202457054	2232392557372	0.04193115234375	0.0639495849609375	0.004608154296875	100.0	
1504202457083	2232412698973	0.022705078125	0.0643157958984375	-0.0054168701171875	100.0	
1504202457089	2232432840575	0.0189666748046875	0.0441131591796875	0.006622314453125	100.0	
1504202457117	2232452982176	-0.013885498046875	0.0457916259765625	0.0120697021484375	100.0	
1504202457135	2232473123778	-0.02984619140625	0.046844482421875	0.0159454345703125	100.0	
1504202457155	2232493265379	-0.034149169921875	0.049285888671875	0.0089569091796875	100.0	
1504202457169	2232513406981	-0.0128936767578125	0.0651397705078125	0.009979248046875	100.0	
1504202457187	2232533548582	0.020263671875	0.0840606689453125	0.0086669921875	100.0	
1504202457222	2232553690184	0.0319671630859375	0.099578857421875	0.035003662109375	100.0	
1504202457246	2232573831786	0.0260162353515625	0.073089599609375	0.019866943359375	100.0	
1504202457258	2232593973387	-0.003326416015625	0.039276123046875	0.02655029296875	100.0	
1504202457271	2232614114989	-0.032958984375	0.0287017822265625	0.032501220703125	100.0	
1504202457288	2232634256590	-0.0380706787109375	0.0633392333984375	0.008392333984375	100.0	
1504202457315	2232654398192	-0.00775146484375	0.0756072998046875	0.0124359130859375	100.0	
1504202457340	2232674539793	0.0216064453125	0.099273681640625	0.0101470947265625	100.0	
1504202457366	2232694681395	0.0412139892578125	0.0753326416015625	0.01470947265625	100.0	
1504202457375	2232714822997	0.0662689208984375	0.0885009765625	0.0255126953125	100.0	
1504202457391	2232734964598	0.069366455078125	0.1025238037109375	0.02130126953125	100.0	
1504202457404	2232755106200	0.0619354248046875	0.1223602294921875	0.0149993896484375	100.0	
1504202457413	2232775247801	0.0432891845703125	0.118499755859375	0.02886962890625	100.0	
1504202457425	2232795389403	0.0203399658203125	0.135650634765625	0.049591064453125	100.0	
1504202457446	2232815531004	0.031585693359375	0.114288330078125	0.05218505859375	100.0	
1504202457467	2232835672606	0.0486602783203125	0.0938568115234375	0.057586669921875	100.0	
1504202457474	2232855814207	0.0710296630859375	0.0164031982421875	0.0559539794921875	100.0	
1504202457486	2232875955809	0.042144775390625	0.024749755859375	0.0446929931640625	100.0	
1504202457499	2232896097411	0.0046234130859375	0.0461273193359375	0.0436553955078125	100.0	
1504202457508	2232916239012	-0.0121002197265625	0.068817138671875	0.0534820556640625	100.0	
1504202457518	2232936380614	-0.001007080078125	0.102203369140625	0.0709381103515625	100.0	
1504202457531	2232956522215	-0.02032470703125	0.1116485595703125	0.0452728271484375	100.0	
1504202457550	2232976663817	-0.018280029296875	0.117584228515625	0.0236358642578125	100.0	
1504202457559	2232996805418	-0.0200042724609375	0.112060546875	0.03961181640625	100.0	
1504202457571	2233016947020	0.00115966796875	0.1573028564453125	0.0281829833984375	100.0	
1504202457583	2233037088622	0.0469512939453125	0.242401123046875	0.0372772216796875	100.0	
1504202457596	2233057230223	0.048797607421875	0.267578125	0.0299224853515625	100.0	
1504202457605	2233077371825	0.042938232421875	0.257110595703125	0.0132598876953125	100.0	
1504202457616	2233097513426	0.0543670654296875	0.3459625244140625	0.0241546630859375	100.0	
1504202457642	2233117655028	0.10418701171875	0.3792724609375	0.09930419921875	100.0	
1504202457651	2233137796629	0.118682861328125	0.3050384521484375	0.1612396240234375	100.0	
1504202457668	2233157938231	0.117919921875	0.205902099609375	0.1466522216796875	100.0	
1504202457686	2233178079832	0.12451171875	0.1609039306640625	0.09832763671875	100.0	
1504202457704	2233198221434	0.122528076171875	0.162017822265625	0.08416748046875	100.0	
1504202457718	2233218363036	0.093231201171875	0.1591339111328125	0.083404541015625	100.0	
1504202457741	2233238504637	0.0465240478515625	0.1382904052734375	0.067718505859375	100.0	
1504202457760	2233258646239	0.0373382568359375	0.0664825439453125	0.0479888916015625	100.0	
1504202457768	2233278787840	0.014007568359375	-0.022308349609375	-6.103515625E-5	100.0	
1504202457778	2233298929442	-0.0074615478515625	0.0156402587890625	-0.0347900390625	100.0	
1504202457791	2233319071043	-0.0068359375	0.066925048828125	-0.02435302734375	100.0	
1504202457802	2233339212645	0.005828857421875	0.059722900390625	0.01171875	100.0	
1504202457810	2233359354247	0.017181396484375	0.0548553466796875	0.021453857421875	100.0	
1504202457825	2233379495848	0.01446533203125	0.0409393310546875	0.02398681640625	100.0	
1504202457843	2233399637450	0.029296875	0.009033203125	-0.010986328125	100.0	
1504202457851	2233419779051	0.01910400390625	0.0225982666015625	-0.017303466796875	100.0	
1504202457861	2233439920653	0.0304718017578125	0.03228759765625	-0.0152587890625	100.0	
1504202457873	2233460062254	0.027130126953125	0.04193115234375	-0.0110626220703125	100.0	
1504202457884	2233480203856	0.0126953125	0.0431671142578125	0.0013885498046875	100.0	
1504202457891	2233500345457	6.7138671875E-4	-3.0517578125E-5	0.007476806640625	100.0	
1504202457903	2233520487059	-0.0281982421875	0.0064697265625	0.0056610107421875	100.0	
1504202457921	2233540628661	-0.0883941650390625	0.0107269287109375	-5.79833984375E-4	100.0	
1504202457929	2233560770262	-0.0821533203125	0.011199951171875	0.0369110107421875	100.0	
1504202457942	2233580911864	-0.0491180419921875	0.00494384765625	0.0457763671875	100.0	
1504202457954	2233601053465	-0.0433197021484375	-0.013519287109375	0.054412841796875	100.0	
1504202457965	2233621195067	-0.0314483642578125	-0.0225830078125	0.06439208984375	100.0	
1504202457973	2233641336668	-0.007415771484375	0.0182037353515625	0.068450927734375	100.0	
1504202458000	2233661478270	-0.0051116943359375	0.0211029052734375	0.076873779296875	100.0	
1504202458029	2233681619872	-0.0096893310546875	0.03338623046875	0.04754638671875	100.0	
1504202458046	2233701761473	-0.041595458984375	0.039276123046875	0.0369110107421875	100.0	
1504202458058	2233721903075	-0.0485687255859375	0.00543212890625	0.03411865234375	100.0	
1504202458082	2233742044676	-0.0487213134765625	-0.0343170166015625	0.033935546875	100.0	
1504202458095	2233762186278	-0.0447235107421875	-0.0630035400390625	0.0478363037109375	100.0	
1504202458104	2233782327879	-0.0670166015625	-0.06634521484375	0.0561981201171875	100.0	
1504202458116	2233802469481	-0.0404510498046875	-0.0336151123046875	0.0422515869140625	100.0	
1504202458142	2233822611082	0.0110626220703125	0.03448486328125	0.008026123046875	100.0	
1504202458156	2233842752684	0.05731201171875	0.1094970703125	-0.008056640625	100.0	
1504202458171	2233862894286	0.073394775390625	0.0941314697265625	-0.0095672607421875	100.0	
1504202458192	2233883035887	0.0675048828125	0.0569610595703125	0.0023193359375	100.0	
1504202458202	2233903177489	0.0336151123046875	0.0378570556640625	0.00128173828125	100.0	
1504202458211	2233923319090	0.017578125	0.0345458984375	-2.44140625E-4	100.0	
1504202458221	2233943460692	0.01043701171875	0.0135650634765625	-0.0057830810546875	100.0	
1504202458239	2233963602293	0.0063629150390625	-0.0018768310546875	0.0395355224609375	100.0	
1504202458253	2233983743895	0.0033416748046875	0.0011138916015625	0.006378173828125	100.0	
1504202458262	2234003885497	-0.0053863525390625	-0.031829833984375	0.006378173828125	100.0	
1504202458277	2234024027098	-0.0153045654296875	-0.037689208984375	0.0126953125	100.0	
1504202458295	2234044168700	-0.02154541015625	-0.03497314453125	0.0151519775390625	100.0	
1504202458302	2234064310301	-0.0120391845703125	-0.041412353515625	0.0140838623046875	100.0	
1504202458315	2234084451903	5.950927734375E-4	-0.0194244384765625	0.01397705078125	100.0	
1504202458338	2234104593504	-0.007476806640625	-0.015716552734375	0.0077667236328125	100.0	
1504202458351	2234124735106	-2.13623046875E-4	-0.0072784423828125	0.01953125	100.0	
1504202458369	2234144876707	0.0402374267578125	-0.01220703125	0.011383056640625	100.0	
1504202458382	2234165018309	0.019561767578125	0.0034637451171875	-0.00421142578125	100.0	
1504202458404	2234185159911	-0.01031494140625	-0.001556396484375	-0.0112762451171875	100.0	
1504202458416	2234205301512	-0.0198822021484375	0.0034027099609375	-0.0109405517578125	100.0	
1504202458434	2234225443114	-0.0035400390625	-0.0060272216796875	0.0127105712890625	100.0	
1504202458457	2234245584715	0.018310546875	-0.0020294189453125	-0.0053558349609375	100.0	
