1504203232754	8099509073757	0.16001357836638364	-0.1656447274859385	-0.09142747049742361	4.0	
1504203232769	8099529215359	0.007783811911856953	0.05646126879249991	0.10405528922706075	4.0	
1504203232799	8099549356961	-0.018626466095514438	0.04674372206524957	0.1743086845066486	4.0	
1504203232814	8099569498562	-0.022164356470161573	-0.05651371375405034	0.07893669369906853	4.0	
1504203232829	8099589640164	-0.07735062580112917	-0.09157327569073992	0.030043886209254467	4.0	
1504203232853	8099609781765	0.024935905609096642	-0.05361750727134229	-0.026245652751347492	4.0	
1504203232858	8099629923367	-0.024338384887722664	0.026258826214176523	-0.1214848034510787	4.0	
1504203232873	8099650064968	0.005077631933571913	0.10253782269009104	-0.09208530369836332	4.0	
1504203232922	8099670206570	-0.04642617570314245	0.19262596127707265	-0.01159548905244101	4.0	
1504203232934	8099690348171	0.010893727406236065	0.0989982299591583	0.0346445071955479	4.0	
1504203232948	8099710489773	0.03954994286248881	-0.06872622072017354	-0.14221847627481132	4.0	
1504203232966	8099730631375	0.11896905585249107	-0.12324269532613918	-0.016142945082348703	4.0	
1504203232981	8099750772976	0.05038764702574294	-0.07305704688591153	0.08059150330912068	4.0	
1504203232992	8099770914578	-0.06056878862940562	-0.01071614532122922	0.2448076753035462	4.0	
1504203233010	8099791056179	-0.0610160660597745	0.006954427493016446	0.04853168711783695	4.0	
1504203233028	8099811197781	0.029275526058430423	0.03720416699441298	-0.005986662024481504	4.0	
1504203233063	8099831339382	-0.009697254934505684	0.030532376564280206	0.11848947897416551	4.0	
1504203233081	8099851480984	-0.006769034416354569	0.08237267859517416	-0.0032308777581668835	4.0	
1504203233099	8099871622586	0.0311326240294163	-0.00962675946761049	-0.10179124517528315	4.0	
1504203233128	8099891764187	0.04651254453603304	-0.06114379038658857	-0.07121571098397617	4.0	
1504203233150	8099911905789	0.05311579734757643	-0.06305077449677121	0.024753505431569067	4.0	
1504203233156	8099932047390	0.1452392199093111	0.18686406790258303	-0.4764252229984951	4.0	
1504203233179	8099952188992	0.09655026264619893	-0.032613237865433575	-0.45933842058629537	4.0	
1504203233219	8099972330593	-0.04485451644554095	0.0667438823639035	0.03653316978096299	4.0	
1504203233260	8099992472195	-0.3777049022189328	0.15180819182862315	0.0908964576997704	4.0	
1504203233289	8100012613796	-0.4091341366188963	0.18735231518164852	0.274767947409817	4.0	
1504203233307	8100032755398	-0.24401873507636707	0.07601710605156864	0.2775780298028536	4.0	
1504203233329	8100052897000	0.11016831272015626	-0.21794608078374456	0.15261662306103219	4.0	
1504203233347	8100073038601	0.2678831853323751	-0.3038124310332453	0.17827005626132575	4.0	
1504203233362	8100093180203	0.2662718802971501	-0.3675006284203457	0.32462288094656166	4.0	
1504203233381	8100113321804	0.27863029720647015	-0.16946436992377656	0.014153871163498977	4.0	
1504203233419	8100133463406	0.09639056589017603	-0.06975118343902142	-0.14102065306919975	4.0	
1504203233430	8100153605007	0.10098940583714078	0.17315413137378322	-0.3552359560491105	4.0	
1504203233447	8100173746609	-0.1191962682990374	0.2560037738490273	-0.19736015155803877	4.0	
1504203233458	8100193888211	-0.26145808885797994	0.269243937047972	-0.11712884390268208	4.0	
1504203233476	8100214029812	-0.17891744764888395	0.21106165354462725	-0.04615668840339637	4.0	
1504203233488	8100234171414	-0.06503337218160721	0.11699385408570162	0.004126895371033612	4.0	
1504203233499	8100254313015	0.0733028920984643	-0.0010948581376890587	0.024505129578075824	4.0	
1504203233511	8100274454617	0.8142697550850215	0.10068661348984875	0.5247676778812114	4.0	
1504203233532	8100294596218	-0.0353639810882328	0.06070065797937918	-0.06795441238253197	4.0	
1504203233548	8100314737820	-0.07504411455808624	-0.07243556736649648	-0.006829350218525931	4.0	
1504203233563	8100334879421	-0.12681995961521897	-0.020240934361947183	0.06497109013767854	4.0	
1504203233581	8100355021023	-0.1829867294109252	-0.12561657561455775	0.04097833695389319	4.0	
1504203233599	8100375162625	-0.12124289915374009	-0.14115488158539602	-0.024187545280636158	4.0	
1504203233617	8100395304226	0.013406071302007883	-0.07245759667456664	-0.048817809662008216	4.0	
1504203233635	8100415445828	0.03341772813535626	-0.027704846870903133	-0.04985747038585586	4.0	
1504203233652	8100435587429	0.12868730750828505	-0.03925372124672233	-0.07387035130868469	4.0	
1504203233689	8100455729031	0.12073549053787802	-0.06489907074737822	-0.013417570109448107	4.0	
1504203233706	8100475870632	0.021637220555302372	-0.047890936285401864	0.13109944000619222	4.0	
1504203233724	8100496012234	0.0338136826942419	-0.037726811528321136	-0.06819173705754622	4.0	
1504203233743	8100516153836	0.003772137561643518	0.10526776952734274	-0.27801530370853733	4.0	
1504203233760	8100536295437	-0.15492906729443523	0.12704868827812454	-0.3371339226543295	4.0	
1504203233780	8100556437039	-0.12384559758554825	0.19483963421624928	-0.1461475678109636	4.0	
1504203233796	8100576578640	-0.16547052103718862	0.11599133627924996	-0.08411776128002124	4.0	
1504203233813	8100596720242	-0.11351655354850088	0.11166513933589961	0.14908762691348265	4.0	
1504203233850	8100616861843	0.1133981829424493	-0.12431534946878031	0.2550244960620365	4.0	
1504203233876	8100637003445	0.1292073158852094	-5.042410627442706E-5	0.19381451872462918	4.0	
1504203233889	8100657145046	0.06869788395816745	-0.02252569084751954	-0.1278341272077963	4.0	
1504203233903	8100677286648	0.14493633451028398	-0.041201705021765456	-0.16985763379748775	4.0	
1504203233922	8100697428250	0.06801205588947723	-0.05859612964241201	-0.09727526719423985	4.0	
1504203233940	8100717569851	0.003530738461581806	0.03228569394232039	0.10644492296335883	4.0	
1504203233957	8100737711453	0.020012090769265356	0.06168060593510649	0.16147429774568778	4.0	
1504203233992	8100757853054	-0.032024995353337804	-0.05310912853316463	0.18054662569655022	4.0	
1504203234009	8100777994656	0.21267346074857973	-0.0566230450140317	-0.4553185588177602	4.0	
1504203234031	8100798136257	-0.04703652436988626	-0.005320408667475185	-0.2464814095542085	4.0	
1504203234045	8100818277859	-0.02112531324590894	0.029142110566019674	-0.06438483467461609	4.0	
1504203234064	8100838419461	-0.14478110997172722	0.1405866376715661	-0.00534087555219287	4.0	
1504203234082	8100858561062	-0.18497772000863177	0.15491315779350323	0.05053686987074535	4.0	
1504203234110	8100878702664	-0.02835326975690544	-0.07094252064019724	0.015380667771596634	4.0	
1504203234132	8100898844265	0.009934571694475647	-0.12473497354340779	-0.0041993720327226924	4.0	
1504203234157	8100918985867	0.07739345813683052	-0.08476112336597641	0.2610692133113215	4.0	
1504203234188	8100939127468	0.046887911040714436	-0.024693664317781305	0.2862479487740579	4.0	
1504203234227	8100959269070	-0.0811542219486785	0.0482260255770246	0.1405950387067474	4.0	
1504203234241	8100979410671	-0.019439979121442796	-0.05610912094462961	-0.06618607840960244	4.0	
1504203234255	8100999552273	-0.028515850484654215	-0.060011808474453865	-0.1458687846026816	4.0	
1504203234261	8101019693875	-0.05709002413772335	0.05089192040793655	-0.16099434408839564	4.0	
1504203234273	8101039835476	-0.0370294411851787	0.12754214960759924	0.13443694660428385	4.0	
1504203234285	8101059977078	-0.06253370919814305	-0.02506588968892043	-0.04409839193532328	4.0	
1504203234316	8101080118679	0.06145984904773549	0.01373635074886348	0.02167929426424209	4.0	
1504203234332	8101100260281	-0.025087491855561694	-0.036154474088409216	0.06960173619264332	4.0	
1504203234351	8101120401882	0.07481526042180064	-0.011528559739477195	0.10106713114161536	4.0	
1504203234368	8101140543484	0.05335806771244056	-0.0457706993540814	0.03624921272579229	4.0	
1504203234390	8101160685086	0.10408782135745243	-0.05714878604576512	-0.04878383294436617	4.0	
1504203234403	8101180826687	0.013336175054711852	-0.006424595242862097	-0.08106808198049364	4.0	
1504203234423	8101200968289	0.03659667441876946	0.0099848355244605	-0.01839450464689385	4.0	
1504203234443	8101221109890	-0.06697510187123445	0.0329390402945684	-0.09113161934251401	4.0	
1504203234477	8101241251492	-0.02943457368448754	-0.004691248233095635	0.03916745843223879	4.0	
1504203234493	8101261393093	0.005541696521159878	0.014130302194773847	0.056077619089540676	4.0	
1504203234510	8101281534695	-0.006369865439322053	-0.03546089496293092	-0.044517787540867104	4.0	
1504203234528	8101301676296	0.03517510374229238	-0.08808551284534438	0.03324563324855667	4.0	
1504203234546	8101321817898	0.08353559080633388	-0.032358058713775506	-0.07634538793240431	4.0	
1504203234570	8101341959500	-0.05084730860493292	-0.002009493846020227	-0.03347621268967238	4.0	
1504203234585	8101362101101	-0.05344640157144631	0.018814768204434174	0.1034680532857628	4.0	
1504203234600	8101382242703	-0.053157511882157005	0.0031743731572975165	0.05103616137860989	4.0	
1504203234636	8101402384304	0.010208365494274396	0.06519818993208837	-0.03430534824086173	4.0	
1504203234667	8101422525906	0.022314641614169517	0.054123883976920695	-0.04394818484268903	4.0	
1504203234684	8101442667507	-0.04933578670866434	0.07973709546278673	-0.08407212209290194	4.0	
1504203234694	8101462809109	-0.13927331686693156	0.10032532090147939	-0.008712775799320838	4.0	
1504203234707	8101482950711	-0.1398976573997952	0.1344838895336835	0.00363768951679333	4.0	
1504203234725	8101503092312	-0.008390293888586142	0.05631758037694645	-0.08097656713656498	4.0	
1504203234743	8101523233914	0.019130050045381042	-0.03784388491719248	-1.4502324050269522E-4	4.0	
1504203234781	8101543375515	-0.0013097294949451221	-0.03451094777750363	-0.06897588187365322	4.0	
1504203234800	8101563517117	0.11349079062279399	-0.034469109784502905	0.1461742749698267	4.0	
1504203234815	8101583658718	0.043246245779485104	-0.027575287827602324	0.12882906841336172	4.0	
1504203234835	8101603800320	0.03185041459233817	-0.05703337479333204	0.052379660980689025	4.0	
1504203234851	8101623941921	0.02685972620512045	-0.0840300201471651	0.044162029565802285	4.0	
1504203234869	8101644083523	0.03425633565159636	-0.04423817627398208	-0.021042446659858882	4.0	
1504203234886	8101664225125	-0.05245332991622287	0.0978980331995647	-0.10798385967163604	4.0	
1504203234903	8101684366726	-0.05178932408922832	-0.07058294062784753	-0.008994509612309187	4.0	
1504203234940	8101704508328	-0.009803041302632653	0.13064302249772197	0.012250193091402295	4.0	
1504203234965	8101724649929	-0.03986147601085621	0.0255349258106774	0.01382847478562077	4.0	
1504203234975	8101744791531	0.08283249887881494	-0.0019597546639582575	0.003201451703496616	4.0	
1504203234993	8101764933132	0.06735242488430193	-0.09174114357491625	0.005515262925296582	4.0	
1504203235011	8101785074734	0.09493418600119163	-0.045304535953683	0.026018655652737976	4.0	
1504203235028	8101805216336	0.05089852067595335	-0.009229468606696045	0.06639597920969109	4.0	
1504203235046	8101825357937	0.2595664727907626	0.005580292302143519	0.21027010368025323	4.0	
1504203235064	8101845499539	-0.07081361864238989	-0.004861938033284829	-0.14060960064954742	4.0	
1504203235100	8101865641140	-0.24101368788266198	0.017521582385872314	0.3344361476053628	4.0	
1504203235118	8101885782742	-0.1055917120248796	0.008524101846197674	0.13828866417803987	4.0	
1504203235151	8101905924343	0.016503192880096273	0.01604779710195814	-0.17332902959506846	102.0	
1504203235177	8101926065945	0.1473822418040771	-0.09403432091218367	-0.3032872471135537	102.0	
1504203235193	8101946207546	0.10895803953701166	-0.059700112979746756	-0.21140421175334367	102.0	
1504203235204	8101966349148	-0.05583893946414065	0.1533995775849526	0.0670094430973247	102.0	
1504203235215	8101986490750	-0.14732007735256258	0.14973382222421172	0.11952552322786048	102.0	
1504203235225	8102006632351	-0.05931114000705007	-0.07961479768938062	0.07440459826978874	102.0	
1504203235276	8102026773953	0.017370423931859946	-0.18214886940150432	-0.004038333102919012	102.0	
1504203235289	8102046915554	0.04347397586423796	-0.09130015020870363	0.07388114992391515	102.0	
1504203235298	8102067057156	-0.020225702121109634	0.04601505561428709	-0.001991271467117528	102.0	
1504203235316	8102087198757	-0.04122938982188773	0.04652884136643021	0.0016540531388056223	102.0	
1504203235334	8102107340359	-0.00863048451376014	0.04076311215564399	-0.03954589811395515	102.0	
1504203235351	8102127481961	0.024333405357741866	-0.05648863136923499	-0.11640234349116518	102.0	
1504203235370	8102147623562	0.12004045475494352	-0.014343737126638167	-0.04656425760543215	102.0	
1504203235389	8102167765164	0.026989395053954812	0.10364952201743982	-0.025569277178096428	102.0	
1504203235423	8102187906765	-0.05532498786308615	0.040280457457702035	7.603985700228577E-4	102.0	
1504203235441	8102208048367	0.024502216740781124	0.014157959716161628	-0.07874959130023207	102.0	
1504203235461	8102228189968	0.07372774995512488	-0.06234306582082105	-0.05377115741518601	102.0	
1504203235482	8102248331570	0.03736354762034988	-0.05616107375040702	-0.0037224923383991637	102.0	
1504203235495	8102268473171	-0.002909454872470074	0.008403660530924562	0.013916537379280669	102.0	
1504203235512	8102288614773	0.005521557195773963	0.022433377643489294	-0.03090778572157582	102.0	
1504203235529	8102308756375	-0.03241136752463092	0.1306053935210416	-0.024823884827261722	102.0	
1504203235564	8102328897976	0.09350449973029529	0.021195740598082935	-0.010825904736810443	102.0	
1504203235582	8102349039578	-0.008680286934513726	-0.0038563958027832967	0.015704510585552	102.0	
1504203235600	8102369181179	0.0016983485773889306	-0.10573404242347628	-0.059824086844058044	102.0	
1504203235618	8102389322781	-0.0065026492630888555	-0.07358869878253049	0.016960066462253565	102.0	
1504203235636	8102409464382	0.00345266574577896	0.013321423786475606	0.06327508441980356	102.0	
1504203235654	8102429605984	0.02416105837787319	0.03698770543543084	0.04825190347334285	102.0	
1504203235672	8102449747586	0.022185292014798463	0.026050125285844494	-0.03357865300257501	102.0	
1504203235689	8102469889187	0.012645694549338837	-0.009006091177574227	0.06979235103544035	102.0	
1504203235731	8102490030789	-0.038223288110528886	-0.012807900285809026	0.018602435515852278	102.0	
1504203235744	8102510172390	-0.02535402111342311	0.010273699302603134	0.05869298356893182	102.0	
1504203235762	8102530313992	-0.1413037247032385	0.06518917428583304	0.027703898573895103	102.0	
1504203235778	8102550455593	-0.10243506960634075	0.04792770661616608	-0.024211392859633918	102.0	
1504203235797	8102570597195	-0.05169903224757266	0.042663454355432506	-0.12525290335020678	102.0	
1504203235814	8102590738796	-0.033888522673058086	0.012524318171846183	-0.061408377367666134	102.0	
1504203235832	8102610880398	0.01296486545530351	0.024948653756227124	-0.012591057362882907	102.0	
1504203235850	8102631022000	0.02068683377049274	0.036157653473731344	0.004477935359693319	102.0	
1504203235886	8102651163601	-0.017935396264855852	-0.040507470971014925	0.010259594381505366	102.0	
1504203235904	8102671305203	0.08466291345686527	0.10392214822318824	0.03610074191145429	102.0	
1504203235921	8102691446804	0.09386558467174222	-0.09316843376519923	-0.03938112522083692	102.0	
1504203235943	8102711588406	0.05485320992489384	-0.10380720794965903	-0.16233986111416954	102.0	
1504203235958	8102731730007	-0.046779053153835015	0.016746714109022953	-0.22131475998508598	102.0	
1504203235982	8102751871609	-0.12464248080431806	0.07744766425596872	0.16122944201193157	102.0	
1504203236024	8102772013211	-0.19263390651845447	0.10409680327977533	0.5168619715782956	102.0	
1504203236047	8102792154812	0.029572074003986426	-0.03774306518868009	0.14005207726263613	102.0	
1504203236078	8102812296414	0.14632611623443914	-0.23184240136969425	-0.0996526741273911	102.0	
1504203236092	8102832438015	0.20911411564380133	-0.11770048359575558	-0.09994919008316394	102.0	
1504203236105	8102852579617	0.1279968589212911	0.018986585779645182	-0.08507409816028044	102.0	
1504203236114	8102872721218	-0.02460446598796706	0.06686163190496597	-0.0014577160282236434	102.0	
1504203236127	8102892862820	-0.13833591654037358	0.07313041880522242	0.008660487333671085	102.0	
1504203236138	8102913004421	-0.06667459260729891	0.13709320223167865	0.029023116429437223	102.0	
1504203236160	8102933146023	0.01816911497666085	-0.05278881712090655	-0.14709400685645058	102.0	
1504203236178	8102953287625	0.08172279198132859	-0.13485800682172489	0.025818446858588473	102.0	
1504203236213	8102973429226	-0.009670594539937127	-0.09061345623863026	-0.11478225423187993	102.0	
1504203236231	8102993570828	-0.09632290141319977	0.07309028969659614	0.06787878645824641	102.0	
1504203236243	8103013712429	-0.025984102380559815	0.06711480988227692	0.03388066588534677	102.0	
