1500220141672	9925722170305	265.0	15.0	3.0	-1.0	
1500220141690	9925742311907	265.0	15.0	3.0	-1.0	
1500220141707	9925762453508	265.0	15.0	3.0	-1.0	
1500220141724	9925782595110	265.0	15.0	3.0	-1.0	
1500220141742	9925802736711	265.0	15.0	3.0	-1.0	
1500220141777	9925822878313	265.0	15.0	3.0	-1.0	
1500220141795	9925843019915	265.0	15.0	3.0	-1.0	
1500220141812	9925863161516	265.0	15.0	3.0	-1.0	
1500220141830	9925883303118	265.0	15.0	3.0	-1.0	
1500220141848	9925903444719	265.0	15.0	3.0	-1.0	
1500220141865	9925923586321	265.0	15.0	3.0	-1.0	
1500220141883	9925943727922	265.0	15.0	3.0	-1.0	
1500220141918	9925963869524	265.0	15.0	3.0	-1.0	
1500220141936	9925984011126	265.0	15.0	3.0	-1.0	
1500220141955	9926004152727	265.0	15.0	3.0	-1.0	
1500220141971	9926024294329	265.0	15.0	3.0	-1.0	
1500220141989	9926044435930	265.0	15.0	3.0	-1.0	
1500220142008	9926064577532	265.0	15.0	3.0	-1.0	
1500220142024	9926084719133	265.0	15.0	3.0	-1.0	
1500220142042	9926104860735	265.0	15.0	3.0	-1.0	
1500220142077	9926125002336	265.0	15.0	3.0	-1.0	
1500220142096	9926145143938	265.0	15.0	3.0	-1.0	
1500220142112	9926165285540	265.0	15.0	3.0	-1.0	
1500220142130	9926185427141	265.0	15.0	3.0	-1.0	
1500220142147	9926205568743	265.0	15.0	3.0	-1.0	
1500220142165	9926225710344	265.0	15.0	3.0	-1.0	
1500220142183	9926245851946	265.0	15.0	3.0	-1.0	
1500220142218	9926265993547	265.0	15.0	3.0	-1.0	
1500220142235	9926286135149	265.0	15.0	3.0	-1.0	
1500220142253	9926306276751	265.0	15.0	3.0	-1.0	
1500220142276	9926326418352	265.0	15.0	3.0	-1.0	
1500220142288	9926346559954	265.0	15.0	3.0	-1.0	
1500220142306	9926366701555	265.0	15.0	3.0	-1.0	
1500220142324	9926386843157	265.0	15.0	3.0	-1.0	
1500220142359	9926406984758	265.0	15.0	3.0	-1.0	
1500220142377	9926427126360	265.0	15.0	3.0	-1.0	
1500220142394	9926447267961	265.0	15.0	3.0	-1.0	
1500220142412	9926467409563	265.0	15.0	3.0	-1.0	
1500220142431	9926487551165	265.0	15.0	3.0	-1.0	
1500220142447	9926507692766	265.0	15.0	3.0	-1.0	
1500220142465	9926527834368	265.0	15.0	3.0	-1.0	
1500220142500	9926547975969	265.0	15.0	3.0	-1.0	
1500220142517	9926568117571	265.0	15.0	3.0	-1.0	
1500220142536	9926588259172	265.0	15.0	3.0	-1.0	
1500220142553	9926608400774	265.0	15.0	3.0	-1.0	
1500220142571	9926628542376	265.0	15.0	3.0	-1.0	
1500220142588	9926648683977	265.0	15.0	3.0	-1.0	
1500220142606	9926668825579	265.0	15.0	3.0	-1.0	
1500220142642	9926688967180	265.0	15.0	3.0	-1.0	
1500220142659	9926709108782	265.0	15.0	3.0	-1.0	
1500220142676	9926729250383	265.0	15.0	3.0	-1.0	
1500220142694	9926749391985	265.0	15.0	3.0	-1.0	
1500220142711	9926769533586	265.0	15.0	3.0	-1.0	
1500220142731	9926789675188	265.0	15.0	3.0	-1.0	
1500220142746	9926809816790	264.11053466796875	15.0	3.0	-1.0	
1500220142782	9926829958391	264.0	15.0	3.0	-1.0	
1500220142800	9926850099993	264.0	15.0	3.0	-1.0	
1500220142821	9926870241594	264.0	15.0	3.0	-1.0	
1500220142835	9926890383196	264.0	15.0	3.0	-1.0	
1500220142853	9926910524797	264.0	15.0	3.0	-1.0	
1500220142870	9926930666399	264.0	15.0	3.0	-1.0	
1500220142888	9926950808001	264.0	15.0	3.0	-1.0	
1500220142923	9926970949602	265.0	15.0	3.0	-1.0	
1500220142943	9926991091204	265.0	15.0	3.0	-1.0	
1500220142959	9927011232805	265.0	15.0	3.0	-1.0	
1500220142980	9927031374407	265.0	15.0	3.0	-1.0	
1500220142993	9927051516008	265.0	15.0	3.0	-1.0	
1500220143011	9927071657610	265.0	15.0	3.0	-1.0	
1500220143030	9927091799211	265.0	15.0	3.0	-1.0	
1500220143064	9927111940813	265.0	15.0	3.0	-1.0	
1500220143082	9927132082415	265.0	15.0	3.0	-1.0	
1500220143099	9927152224016	265.0	15.0	3.0	-1.0	
1500220143117	9927172365618	265.0	15.0	3.0	-1.0	
1500220143134	9927192507219	265.0	15.0	3.0	-1.0	
1500220143152	9927212648821	265.0	15.0	3.0	-1.0	
1500220143170	9927232790422	265.0	15.0	3.0	-1.0	
1500220143206	9927252932024	265.0	15.0	3.0	-1.0	
1500220143223	9927273073626	265.0	15.0	3.0	-1.0	
1500220143240	9927293215227	265.0	15.0	3.0	-1.0	
1500220143258	9927313356829	265.0	15.0	3.0	-1.0	
1500220143276	9927333498430	265.0	15.0	3.0	-1.0	
1500220143293	9927353640032	265.0	15.0	3.0	-1.0	
1500220143311	9927373781633	265.0	15.0	3.0	-1.0	
1500220143346	9927393923235	265.0	15.0	3.0	-1.0	
1500220143364	9927414064836	265.0	15.0	3.0	-1.0	
1500220143381	9927434206438	265.0	15.0	3.0	-1.0	
1500220143401	9927454348040	265.0	15.0	3.0	-1.0	
1500220143417	9927474489641	265.0	15.0	3.0	-1.0	
1500220143442	9927494631243	264.18231201171875	15.0	3.0	-1.0	
1500220143451	9927514772844	264.0	15.0	3.0	-1.0	
1500220143487	9927534914446	264.0	15.0	3.0	-1.0	
1500220143504	9927555056047	264.0	15.0	3.0	-1.0	
1500220143531	9927575197649	264.0	15.0	3.0	-1.0	
1500220143539	9927595339251	264.0	15.0	3.0	-1.0	
1500220143558	9927615480852	264.68804931640625	15.0	3.0	-1.0	
1500220143575	9927635622454	265.0	15.0	3.0	-1.0	
1500220143593	9927655764055	265.0	15.0	3.0	-1.0	
1500220143628	9927675905657	264.0	15.0	3.0	-1.0	
1500220143646	9927696047258	264.0	15.0	3.0	-1.0	
1500220143663	9927716188860	264.0	15.0	3.0	-1.0	
1500220143681	9927736330461	264.0	15.0	3.0	-1.0	
1500220143699	9927756472063	264.0	15.0	3.0	-1.0	
1500220143716	9927776613665	264.0	15.0	3.0	-1.0	
1500220143734	9927796755266	264.0	15.0	3.0	-1.0	
1500220143769	9927816896868	264.0	15.0	3.0	-1.0	
1500220143787	9927837038469	264.0	15.0	3.0	-1.0	
1500220143806	9927857180071	264.0	15.0	3.0	-1.0	
1500220143823	9927877321672	264.0	15.0	3.0	-1.0	
1500220143840	9927897463274	264.0	15.0	3.0	-1.0	
1500220143861	9927917604876	264.0	15.0	3.0	-1.0	
1500220143892	9927937746477	265.0	16.0	3.0	-1.0	
1500220143911	9927957888079	265.0	16.0	3.0	-1.0	
1500220143928	9927978029680	265.0	16.0	3.0	-1.0	
1500220143945	9927998171282	265.0	16.0	3.0	-1.0	
1500220143963	9928018312883	265.0	16.0	3.0	-1.0	
1500220143982	9928038454485	265.0	16.0	3.0	-1.0	
1500220143998	9928058596086	265.0	15.118057250976563	3.0	-1.0	
1500220144034	9928078737688	265.0	15.0	3.0	-1.0	
1500220144061	9928098879290	265.0	15.0	3.0	-1.0	
1500220144069	9928119020891	264.68402099609375	15.0	3.0	-1.0	
1500220144086	9928139162493	264.0	15.0	3.0	-1.0	
1500220144104	9928159304094	264.0	15.0	3.0	-1.0	
1500220144123	9928179445696	264.0	15.0	3.0	-1.0	
1500220144139	9928199587297	264.0	15.0	3.0	-1.0	
1500220144175	9928219728899	264.0	15.0	3.0	-1.0	
1500220144193	9928239870501	264.0	15.0	3.0	-1.0	
1500220144210	9928260012102	264.0	15.0	3.0	-1.0	
1500220144228	9928280153704	264.4774169921875	15.0	3.0	-1.0	
1500220144246	9928300295305	265.0	15.0	3.0	-1.0	
1500220144263	9928320436907	265.0	15.0	3.0	-1.0	
1500220144280	9928340578508	265.0	15.0	3.0	-1.0	
1500220144315	9928360720110	265.0	15.0	3.0	-1.0	
1500220144334	9928380861711	265.0	15.0	3.0	-1.0	
1500220144351	9928401003313	265.0	15.0	3.0	-1.0	
1500220144368	9928421144915	265.0	15.0	3.0	-1.0	
1500220144389	9928441286516	265.0	15.0	3.0	-1.0	
1500220144404	9928461428118	265.0	15.0	3.0	-1.0	
1500220144421	9928481569719	265.0	15.0	3.0	-1.0	
1500220144457	9928501711321	265.0	15.0	3.0	-1.0	
1500220144477	9928521852922	265.0	15.0	3.0	-1.0	
1500220144492	9928541994524	265.0	15.0	3.0	-1.0	
1500220144510	9928562136126	265.0	15.0	3.0	-1.0	
1500220144527	9928582277727	265.0	15.0	3.0	-1.0	
1500220144546	9928602419329	265.0	15.0	3.0	-1.0	
1500220144569	9928622560930	265.94451904296875	15.0	3.0	-1.0	
1500220144597	9928642702532	266.0	15.0	3.0	-1.0	
1500220144615	9928662844133	266.0	15.0	3.0	-1.0	
1500220144632	9928682985735	266.0	15.0	3.0	-1.0	
1500220144650	9928703127336	266.0	15.0	3.0	-1.0	
1500220144668	9928723268938	266.0	15.0	3.0	-1.0	
1500220144686	9928743410540	266.0	15.0	3.0	-1.0	
1500220144703	9928763552141	266.0	15.0	3.0	-1.0	
1500220144739	9928783693743	266.0	15.0	3.0	-1.0	
1500220144757	9928803835344	266.0	15.0	3.0	-1.0	
1500220144778	9928823976946	266.0	15.0	3.0	-1.0	
1500220144791	9928844118547	266.0	15.0	3.0	-1.0	
1500220144810	9928864260149	266.0	15.0	3.0	-1.0	
1500220144827	9928884401751	266.0	15.0	3.0	-1.0	
1500220144847	9928904543352	266.0	15.0	3.0	-1.0	
1500220144879	9928924684954	266.0	15.0	3.0	-1.0	
1500220144897	9928944826555	266.0	15.0	3.0	-1.0	
1500220144922	9928964968157	266.0	15.0	3.0	-1.0	
1500220144940	9928985109758	266.0	15.0	3.0	-1.0	
1500220144953	9929005251360	266.0	15.0	3.0	-1.0	
1500220144968	9929025392961	266.0	15.0	3.0	-1.0	
1500220144986	9929045534563	266.9930419921875	15.0	3.0	-1.0	
1500220145021	9929065676165	267.0	15.0	3.0	-1.0	
1500220145042	9929085817766	267.0	15.0	3.0	-1.0	
1500220145061	9929105959368	267.0	15.0	3.0	-1.0	
1500220145080	9929126100969	267.0	15.0	3.0	-1.0	
1500220145091	9929146242571	267.0	15.0	3.0	-1.0	
1500220145108	9929166384172	267.0	15.0	2.1354217529296875	-1.0	
1500220145151	9929186525774	267.0	15.0	2.0	-1.0	
1500220145162	9929206667376	267.0	15.0	2.0	-1.0	
1500220145179	9929226808977	267.0	15.0	2.0	-1.0	
1500220145197	9929246950579	267.0	15.0	2.0	-1.0	
1500220145214	9929267092180	267.0	15.0	2.0	-1.0	
1500220145232	9929287233782	267.0	15.0	2.0	-1.0	
1500220145249	9929307375383	267.0	15.0	2.0	-1.0	
1500220145286	9929327516985	267.0	15.0	2.0	-1.0	
1500220145302	9929347658586	267.0	15.0	2.0	-1.0	
1500220145320	9929367800188	267.0	15.0	2.0	-1.0	
1500220145338	9929387941790	267.0	15.0	2.0	-1.0	
1500220145356	9929408083391	266.39410400390625	15.0	2.0	-1.0	
1500220145376	9929428224993	266.0	15.0	2.0	-1.0	
1500220145391	9929448366594	266.0	15.0	2.0	-1.0	
1500220145426	9929468508196	266.0	15.0	2.0	-1.0	
1500220145443	9929488649797	266.0	15.0	2.0	-1.0	
1500220145461	9929508791399	266.0	15.0	2.0	-1.0	
1500220145482	9929528933001	266.0	15.0	2.476593017578125	-1.0	
1500220145496	9929549074602	266.0	15.0	3.0	-1.0	
1500220145514	9929569216204	266.0	15.0	3.0	-1.0	
1500220145532	9929589357805	266.0	15.0	3.0	-1.0	
1500220145567	9929609499407	266.0	15.0	3.0	-1.0	
1500220145584	9929629641008	266.0	15.0	3.0	-1.0	
1500220145602	9929649782610	266.0	15.0	3.0	-1.0	
1500220145620	9929669924211	266.0	15.0	3.0	-1.0	
1500220145638	9929690065813	266.0	15.0	3.0	-1.0	
1500220145659	9929710207415	266.0	15.0	3.0	-1.0	
1500220145679	9929730349016	266.0	15.0	2.0727996826171875	-1.0	
1500220145720	9929750490618	266.0	15.0	2.0	-1.0	
1500220145727	9929770632219	265.7816162109375	15.0	2.0	-1.0	
1500220145743	9929790773821	265.0	15.0	2.0	-1.0	
1500220145765	9929810915422	265.0	15.0	2.5086669921875	-1.0	
1500220145778	9929831057024	265.0	15.0	3.0	-1.0	
1500220145796	9929851198626	265.0	15.0	3.0	-1.0	
1500220145817	9929871340227	265.0	15.0	3.0	-1.0	
1500220145849	9929891481829	265.0	15.0	3.0	-1.0	
1500220145867	9929911623430	264.765625	15.0	3.0	-1.0	
1500220145885	9929931765032	264.0	15.0	3.0	-1.0	
1500220145902	9929951906633	264.0	15.0	3.0	-1.0	
1500220145921	9929972048235	264.0	15.0	3.0	-1.0	
1500220145937	9929992189836	264.8145446777344	15.0	3.0	-1.0	
1500220145955	9930012331438	265.0	15.0	3.0	-1.0	
1500220145990	9930032473040	265.0	15.0	3.0	-1.0	
1500220146008	9930052614641	265.0	15.25	3.0	-1.0	
1500220146026	9930072756243	265.0	16.0	3.0	-1.0	
1500220146042	9930092897844	265.0	16.0	3.0	-1.0	
1500220146061	9930113039446	265.0	16.0	3.0	-1.0	
1500220146078	9930133181047	265.0	16.0	3.0	-1.0	
1500220146096	9930153322649	265.0	16.0	3.0	-1.0	
1500220146131	9930173464251	265.0	15.878692626953125	3.0	-1.0	
1500220146148	9930193605852	265.0	15.0	3.0	-1.0	
1500220146168	9930213747454	265.0	15.0	3.0	-1.0	
1500220146186	9930233889055	265.0	15.0	3.0	-1.0	
1500220146204	9930254030657	265.0	15.0	3.0	-1.0	
1500220146221	9930274172258	265.0	15.0	3.0	-1.0	
1500220146241	9930294313860	265.0	15.0	3.0	-1.0	
1500220146273	9930314455461	265.0	15.0	3.0	-1.0	
1500220146292	9930334597063	265.0	15.0	3.0	-1.0	
1500220146307	9930354738665	265.0	15.0	3.0	-1.0	
1500220146324	9930374880266	265.0	15.0	3.0	-1.0	
1500220146343	9930395021868	265.0	15.0	3.0	-1.0	
1500220146365	9930415163469	265.0	15.0	3.0	-1.0	
1500220146395	9930435305071	265.0	15.0	3.0	-1.0	
1500220146413	9930455446672	265.0	15.0	3.0	-1.0	
1500220146434	9930475588274	265.0	15.0	3.0	-1.0	
1500220146449	9930495729876	265.0	15.0	3.0	-1.0	
1500220146466	9930515871477	265.0	15.0	3.0	-1.0	
1500220146483	9930536013079	265.0	15.0	3.0	-1.0	
1500220146501	9930556154680	265.0	15.0	3.0	-1.0	
1500220146536	9930576296282	265.0	15.0	3.0	-1.0	
1500220146554	9930596437883	265.0	15.0	3.0	-1.0	
1500220146572	9930616579485	265.0	15.0	3.0	-1.0	
1500220146589	9930636721086	264.5407409667969	15.0	3.0	-1.0	
1500220146607	9930656862688	264.0	15.0	3.0	-1.0	
1500220146625	9930677004290	264.0	15.0	3.0	-1.0	
1500220146642	9930697145891	264.0	15.0	3.0	-1.0	
1500220146677	9930717287493	264.0	16.0	3.0	-1.0	
1500220146695	9930737429094	264.0	16.0	3.0	-1.0	
1500220146712	9930757570696	264.0	16.0	3.0	-1.0	
1500220146730	9930777712297	264.0	16.0	3.0	-1.0	
1500220146748	9930797853899	264.0	16.0	3.0	-1.0	
1500220146765	9930817995501	264.0	16.0	3.0	-1.0	
1500220146783	9930838137102	264.0	16.0	3.0	-1.0	
1500220146819	9930858278704	264.0	16.0	3.0	-1.0	
1500220146836	9930878420305	264.0	16.0	3.0	-1.0	
1500220146853	9930898561907	264.0	16.0	3.0	-1.0	
1500220146877	9930918703508	264.0	16.0	3.0	-1.0	
1500220146889	9930938845110	264.0	16.0	3.0	-1.0	
1500220146906	9930958986711	264.0	16.0	3.0	-1.0	
1500220146924	9930979128313	264.0	16.0	3.0	-1.0	
1500220146959	9930999269915	264.0	16.0	3.0	-1.0	
1500220146977	9931019411516	264.0	16.0	3.0	-1.0	
1500220146995	9931039553118	264.0	16.0	3.0	-1.0	
1500220147012	9931059694719	264.0	16.0	3.0	-1.0	
1500220147030	9931079836321	264.0	16.0	3.0	-1.0	
1500220147048	9931099977922	264.0	16.0	3.0	-1.0	
1500220147066	9931120119524	264.0	16.0	3.0	-1.0	
1500220147100	9931140261126	264.0	15.91162109375	3.0	-1.0	
1500220147118	9931160402727	264.0	15.0	3.0	-1.0	
1500220147135	9931180544329	264.0	15.0	3.0	-1.0	
1500220147153	9931200685930	264.0	15.0	3.0	-1.0	
1500220147171	9931220827532	263.33160400390625	15.0	2.33160400390625	-1.0	
1500220147191	9931240969133	263.0	15.0	2.0	-1.0	
1500220147206	9931261110735	263.0	15.0	2.0	-1.0	
1500220147245	9931281252336	263.0	14.0	2.0	-1.0	
1500220147259	9931301393938	263.0	14.0	2.0	-1.0	
1500220147277	9931321535540	263.0	14.0	2.0	-1.0	
1500220147295	9931341677141	263.0	14.0	2.0	-1.0	
1500220147312	9931361818743	263.0	14.68402099609375	2.0	-1.0	
1500220147331	9931381960344	263.0	15.0	2.8298492431640625	-1.0	
1500220147347	9931402101946	263.0	15.0	3.0	-1.0	
1500220147383	9931422243547	263.0	15.0	3.0	-1.0	
1500220147400	9931442385149	263.26513671875	15.0	3.0	-1.0	
1500220147418	9931462526751	264.0	14.590286254882813	3.0	-1.0	
1500220147435	9931482668352	264.0	14.0	3.0	-1.0	
1500220147457	9931502809954	264.0	14.0	3.0	-1.0	
1500220147470	9931522951555	264.845458984375	14.845474243164063	3.0	-1.0	
1500220147488	9931543093157	265.0	15.0	3.0	-1.0	
1500220147523	9931563234758	265.1354064941406	15.0	3.0	-1.0	
1500220147541	9931583376360	266.0	15.0	3.0	-1.0	
1500220147558	9931603517961	266.0	15.0	2.57366943359375	-1.0	
1500220147576	9931623659563	266.0	15.0	2.0	-1.0	
1500220147595	9931643801165	266.7170104980469	14.282989501953125	2.0	-1.0	
1500220147613	9931663942766	267.0	14.0	2.0	-1.0	
1500220147646	9931684084368	267.0	14.0	2.0	-1.0	
1500220147666	9931704225969	267.0	14.0	2.0	-1.0	
1500220147682	9931724367571	267.0	14.0	2.0	-1.0	
1500220147700	9931744509172	267.0	14.0	2.0	-1.0	
1500220147717	9931764650774	267.0	14.0	2.0	-1.0	
1500220147735	9931784792376	267.0	14.0	2.0	-1.0	
1500220147753	9931804933977	267.0	14.0	2.0	-1.0	
1500220147788	9931825075579	267.0	14.0	2.0	-1.0	
1500220147805	9931845217180	266.8319091796875	14.0	2.0	-1.0	
1500220147824	9931865358782	266.0	14.0	2.0	-1.0	
1500220147840	9931885500383	266.0	14.0	2.0	-1.0	
1500220147858	9931905641985	266.0	14.0	2.0	-1.0	
1500220147877	9931925783586	265.2911376953125	14.0	2.0	-1.0	
1500220147901	9931945925188	265.0	14.0	2.0	-1.0	
1500220147912	9931966066790	265.0	14.0	2.0	-1.0	
1500220147929	9931986208391	265.0	14.0	2.0	-1.0	
1500220147965	9932006349993	264.95068359375	14.0	2.0	-1.0	
1500220147982	9932026491594	264.0	14.0	2.0	-1.0	
1500220147999	9932046633196	264.0	14.0	2.0	-1.0	
1500220148016	9932066774797	264.0	14.0	2.0	-1.0	
1500220148035	9932086916399	264.0	14.0	2.0	-1.0	
1500220148053	9932107058001	263.52545166015625	14.0	2.0	-1.0	
1500220148071	9932127199602	263.0	14.0	2.0	-1.0	
1500220148088	9932147341204	263.0	14.0	2.0	-1.0	
1500220148105	9932167482805	263.0	14.0	2.0	-1.0	
1500220148140	9932187624407	263.0	14.0	2.0	-1.0	
1500220148158	9932207766008	263.0	14.0	2.0	-1.0	
1500220148176	9932227907610	263.0	14.0	2.0	-1.0	
1500220148200	9932248049211	263.0	14.0	2.0	-1.0	
1500220148211	9932268190813	263.0	14.0	2.0	-1.0	
1500220148256	9932288332415	263.0	14.08013916015625	2.08013916015625	-1.0	
1500220148264	9932308474016	263.0	15.0	3.0	-1.0	
1500220148282	9932328615618	263.0	15.0	3.0	-1.0	
1500220148300	9932348757219	263.0	15.0	3.0	-1.0	
1500220148320	9932368898821	263.0	15.0	3.0	-1.0	
1500220148334	9932389040422	263.0	15.0	2.0	-1.0	
1500220148369	9932409182024	263.0	15.0	2.0	-1.0	
1500220148391	9932429323626	263.0	15.0	2.0	-1.0	
1500220148418	9932449465227	263.4298095703125	15.0	2.0	-1.0	
1500220148422	9932469606829	264.0	15.0	2.0	-1.0	
1500220148440	9932489748430	264.0	15.0	2.0	-1.0	
1500220148460	9932509890032	264.0	15.0	2.0	-1.0	
1500220148476	9932530031633	264.0	15.0	2.0	-1.0	
1500220148511	9932550173235	264.0	15.0	2.0	-1.0	
1500220148528	9932570314836	264.0	15.0	2.0	-1.0	
1500220148546	9932590456438	264.0	15.0	2.0	-1.0	
1500220148571	9932610598040	264.0	15.0	2.5448150634765625	-1.0	
1500220148591	9932630739641	264.0	15.0	3.0	-1.0	
1500220148599	9932650881243	264.0	15.0	3.0	-1.0	
1500220148617	9932671022844	264.0	15.0	3.0	-1.0	
1500220148652	9932691164446	264.0	15.0	3.0	-1.0	
1500220148671	9932711306047	264.0	15.0	3.0	-1.0	
1500220148687	9932731447649	264.0	15.0	3.0	-1.0	
1500220148705	9932751589251	264.0	15.0	3.0	-1.0	
1500220148722	9932771730852	264.0	15.0	3.0	-1.0	
1500220148740	9932791872454	264.0	15.0	3.0	-1.0	
1500220148758	9932812014055	264.0	15.0	3.0	-1.0	
1500220148792	9932832155657	264.07080078125	15.0	3.0	-1.0	
1500220148811	9932852297258	265.0	15.0	3.0	-1.0	
1500220148828	9932872438860	265.0	15.0	3.0	-1.0	
1500220148845	9932892580461	265.0	15.0	3.0	-1.0	
1500220148863	9932912722063	265.0	15.0	3.0	-1.0	
1500220148884	9932932863665	265.0	15.0	3.0	-1.0	
1500220148899	9932953005266	265.0	15.0	3.0	-1.0	
1500220148934	9932973146868	265.0	15.0	3.0	-1.0	
1500220148951	9932993288469	265.0	15.0	3.0	-1.0	
1500220148969	9933013430071	265.0	15.0	3.0	-1.0	
1500220148987	9933033571672	265.0	15.0	3.0	-1.0	
1500220149004	9933053713274	265.0	15.0	3.0	-1.0	
1500220149022	9933073854876	265.0	15.0	3.0	-1.0	
1500220149040	9933093996477	265.0	15.0	3.0	-1.0	
1500220149075	9933114138079	265.0	15.0	3.0	-1.0	
1500220149096	9933134279680	265.0	15.0	3.0	-1.0	
1500220149111	9933154421282	265.0	15.0	3.0	-1.0	
1500220149127	9933174562883	265.0	15.0	3.0	-1.0	
1500220149145	9933194704485	265.0	15.0	3.0	-1.0	
1500220149163	9933214846086	265.0	15.0	3.0	-1.0	
1500220149180	9933234987688	264.1519775390625	15.0	3.0	-1.0	
1500220149198	9933255129290	264.0	15.0	3.0	-1.0	
1500220149235	9933275270891	264.0	15.0	3.0	-1.0	
1500220149252	9933295412493	264.0	15.0	3.0	-1.0	
1500220149268	9933315554094	264.0	15.0	3.0	-1.0	
1500220149286	9933335695696	264.0	15.0	3.0	-1.0	
1500220149304	9933355837297	264.0	15.0	3.0	-1.0	
1500220149322	9933375978899	264.0	15.0	3.0	-1.0	
1500220149339	9933396120501	264.0	15.0	3.0	-1.0	
1500220149374	9933416262102	264.0	15.0	3.0	-1.0	
1500220149392	9933436403704	264.0	15.0	3.0	-1.0	
1500220149411	9933456545305	264.0	15.0	3.3741302490234375	-1.0	
1500220149427	9933476686907	264.0	15.0	4.0	-1.0	
1500220149445	9933496828508	264.0	15.0	3.3482818603515625	-1.0	
1500220149463	9933516970110	264.0	15.0	3.0	-1.0	
1500220149483	9933537111711	264.0	15.0	3.0	-1.0	
1500220149515	9933557253313	264.0	15.0	3.0	-1.0	
1500220149533	9933577394915	264.0	15.0	3.0	-1.0	
1500220149550	9933597536516	264.0	15.0	3.0	-1.0	
1500220149570	9933617678118	264.0	15.0	3.0	-1.0	
1500220149586	9933637819719	264.0	15.0	3.0	-1.0	
1500220149603	9933657961321	264.0	15.0	3.0	-1.0	
1500220149621	9933678102922	264.0	15.0	3.0	-1.0	
1500220149656	9933698244524	264.0	15.0	3.0	-1.0	
1500220149674	9933718386126	264.0	15.0	3.0	-1.0	
1500220149693	9933738527727	264.0	15.0	3.0	-1.0	
1500220149712	9933758669329	264.0	15.0	3.0	-1.0	
1500220149727	9933778810930	264.0	15.0	3.0	-1.0	
1500220149744	9933798952532	264.0	15.0	3.0	-1.0	
1500220149762	9933819094133	264.8724060058594	15.872406005859375	3.0	-1.0	
1500220149797	9933839235735	265.0	16.0	3.0	-1.0	
1500220149815	9933859377336	265.0	16.0	3.0	-1.0	
1500220149833	9933879518938	265.0	16.0	3.0	-1.0	
1500220149850	9933899660540	265.0	16.427581787109375	3.0	-1.0	
1500220149873	9933919802141	265.0	16.433517456054688	3.0	-1.0	
1500220149888	9933939943743	265.0	16.0	2.294830322265625	-1.0	
1500220149903	9933960085344	265.0	16.0	2.0	-1.0	
1500220149922	9933980226946	265.0	15.017242431640625	2.0	-1.0	
1500220149956	9934000368547	265.8775939941406	15.0	2.122406005859375	-1.0	
1500220149976	9934020510149	265.0	15.0	3.0	-1.0	
1500220149992	9934040651751	265.0	15.0	3.0	-1.0	
1500220150009	9934060793352	265.0	15.0	3.0	-1.0	
1500220150027	9934080934954	265.0	15.0	3.0	-1.0	
1500220150047	9934101076555	265.0	15.0	2.1844940185546875	-1.0	
1500220150062	9934121218157	265.0	15.0	2.0	-1.0	
1500220150102	9934141359758	264.0	15.0	2.0	-1.0	
1500220150114	9934161501360	264.0	15.0	2.0	-1.0	
1500220150133	9934181642961	264.0	15.0	2.0	-1.0	
1500220150154	9934201784563	263.4905090332031	15.0	2.0	-1.0	
1500220150168	9934221926165	263.0	15.0	2.6482696533203125	-1.0	
1500220150185	9934242067766	263.0	15.0	3.0	-1.0	
1500220150203	9934262209368	263.0	15.925857543945313	3.0	-1.0	
1500220150238	9934282350969	262.93450927734375	16.0	3.0	-1.0	
1500220150257	9934302492571	262.0	16.0	3.0	-1.0	
1500220150273	9934322634172	262.0	16.0	3.0	-1.0	
1500220150292	9934342775774	262.0	16.0	3.0	-1.0	
1500220150309	9934362917376	262.0	16.0	3.0	-1.0	
1500220150331	9934383058977	262.0	16.0	3.0	-1.0	
1500220150347	9934403200579	262.0	16.0	3.0	-1.0	
1500220150379	9934423357690	262.0	16.0	3.0	-1.0	
1500220150397	9934443499292	262.0	16.0	3.0	-1.0	
1500220150414	9934463640893	262.0	16.0	3.0	-1.0	
1500220150432	9934483782495	262.4525146484375	16.0	3.0	-1.0	
1500220150449	9934503924096	263.0	16.0	3.0	-1.0	
1500220150469	9934524065698	263.0	16.0	2.269439697265625	-1.0	
1500220150485	9934544207300	263.0	16.0	2.0	-1.0	
1500220150525	9934564348901	263.0	16.0	2.0	-1.0	
1500220150538	9934584490503	263.0	16.0	2.0	-1.0	
1500220150556	9934604632104	263.0	16.0	2.0	-1.0	
1500220150577	9934624773706	263.0	16.0	2.0	-1.0	
1500220150590	9934644915307	263.0	16.0	2.0	-1.0	
1500220150608	9934665056909	263.0	16.0	2.0	-1.0	
1500220150628	9934685198511	263.0	16.0	2.0	-1.0	
1500220150643	9934705340112	263.0	16.0	2.0	-1.0	
1500220150680	9934725481714	263.11895751953125	16.0	2.0	-1.0	
1500220150696	9934745623315	264.0	16.0	2.0	-1.0	
1500220150715	9934765764917	264.0	16.0	2.0	-1.0	
1500220150732	9934785906518	264.0	16.0	2.0	-1.0	
1500220150749	9934806048120	264.0	16.0	2.0	-1.0	
1500220150767	9934826189721	264.0	16.0	2.0	-1.0	
1500220150785	9934846331323	264.0	16.0	2.0	-1.0	
1500220150819	9934866472925	264.0	16.0	2.0	-1.0	
1500220150841	9934886614526	264.0	16.0	2.0	-1.0	
1500220150855	9934906756128	264.0	16.0	2.0	-1.0	
1500220150872	9934926897729	264.0	15.493118286132813	2.0	-1.0	
1500220150891	9934947039331	264.0	15.0	2.0	-1.0	
1500220150910	9934967180932	264.0	15.0	2.0	-1.0	
1500220150926	9934987322534	264.0	15.0	2.0	-1.0	
1500220150961	9935007464136	264.0	15.0	2.0	-1.0	
1500220150982	9935027605737	264.0	15.0	2.0	-1.0	
1500220150996	9935047747339	264.0	15.0	2.0	-1.0	
1500220151013	9935067888940	264.0	15.0	2.0	-1.0	
1500220151031	9935088030542	264.0	15.0	2.0	-1.0	
1500220151049	9935108172143	264.0	15.0	2.0	-1.0	
1500220151066	9935128313745	264.0	15.0	2.0	-1.0	
1500220151101	9935148455346	264.0	15.0	2.0	-1.0	
1500220151119	9935168596948	264.0	15.0	2.0	-1.0	
1500220151137	9935188738550	264.0	15.0	2.0	-1.0	
1500220151156	9935208880151	264.0	15.0	2.0	-1.0	
1500220151175	9935229021753	264.0	15.0	2.0	-1.0	
1500220151190	9935249163354	264.0	15.0	2.0	-1.0	
1500220151208	9935269304956	264.0	15.0	2.0	-1.0	
1500220151243	9935289446557	264.0	15.0	2.0	-1.0	
1500220151262	9935309588159	264.0	15.0	2.0	-1.0	
1500220151289	9935329729761	264.0	15.0	2.0	-1.0	
1500220151296	9935349871362	264.0	15.0	2.0	-1.0	
1500220151314	9935370012964	264.0	15.0	2.0	-1.0	
1500220151331	9935390154565	264.0	15.0	2.0	-1.0	
1500220151351	9935410296167	264.0	15.0	2.0	-1.0	
1500220151366	9935430437768	264.0	15.0	2.0	-1.0	
1500220151401	9935450579370	264.0	15.0	2.0	-1.0	
1500220151420	9935470720971	264.0	15.0	2.0	-1.0	
1500220151436	9935490862573	264.0	15.0	2.0	-1.0	
1500220151454	9935511004175	264.0	15.0	2.0	-1.0	
1500220151473	9935531145776	264.0	15.0	2.0	-1.0	
1500220151490	9935551287378	264.0	15.0	2.0	-1.0	
1500220151507	9935571428979	264.0	15.0	2.0	-1.0	
1500220151542	9935591570581	264.0	15.0	2.0	-1.0	
1500220151560	9935611712182	264.0	15.225860595703125	2.0	-1.0	
1500220151578	9935631853784	264.0	16.0	2.0	-1.0	
1500220151596	9935651995386	263.41925048828125	16.0	2.0	-1.0	
1500220151613	9935672136987	263.77716064453125	16.0	2.0	-1.0	
1500220151631	9935692278589	264.0	16.0	2.0	-1.0	
1500220151666	9935712420190	264.0	15.0	2.0	-1.0	
1500220151683	9935732561792	264.0	15.0	2.0	-1.0	
1500220151701	9935752703393	264.0	15.566238403320313	2.0	-1.0	
1500220151719	9935772844995	264.0	16.0	2.0	-1.0	
1500220151741	9935792986596	264.0	15.039932250976563	2.0	-1.0	
1500220151771	9935813128198	264.0	15.157608032226563	2.0	-1.0	
1500220151789	9935833269800	264.0	16.0	2.0	-1.0	
1500220151807	9935853411401	264.0	16.0	2.0	-1.0	
1500220151824	9935873553003	264.0	16.0	2.0	-1.0	
1500220151843	9935893694604	264.0	15.198287963867188	2.0	-1.0	
1500220151860	9935913836206	264.0	15.941268920898438	2.0	-1.0	
1500220151895	9935933977807	264.0	16.0	2.0	-1.0	
1500220151912	9935954119409	264.0	16.0	2.0	-1.0	
1500220151930	9935974261011	264.0	16.0	2.0	-1.0	
1500220151948	9935994402612	264.0	16.0	2.0	-1.0	
1500220151977	9936014544214	264.0	16.0	2.0	-1.0	
1500220151984	9936034685815	264.0	16.774124145507813	2.0	-1.0	
1500220152001	9936054827417	264.0	17.0	2.0	-1.0	
1500220152036	9936074969018	264.0	16.0	1.9481964111328125	-1.0	
1500220152053	9936095110620	264.0	16.0	1.0	-1.0	
1500220152073	9936115252221	263.6701354980469	16.0	1.0	-1.0	
1500220152090	9936135393823	263.0	16.0	1.0	-1.0	
1500220152107	9936155535425	263.0	16.0	1.0	-1.0	
1500220152130	9936175677026	263.0	16.0	1.0	-1.0	
1500220152146	9936195818628	262.114013671875	15.113998413085938	1.8860015869140625	-1.0	
1500220152177	9936215960229	262.0	15.0	2.0	-1.0	
1500220152195	9936236101831	262.0	15.0	2.0	-1.0	
1500220152212	9936256243432	262.0	15.0	2.0	-1.0	
1500220152230	9936276385034	261.5586242675781	15.441375732421875	2.441375732421875	-1.0	
1500220152248	9936296526636	261.0	16.0	3.0	-1.0	
1500220152266	9936316668237	261.0	16.0	3.0	-1.0	
1500220152283	9936336809839	261.0	16.0	3.858367919921875	-1.0	
1500220152305	9936356951440	261.0	16.0	4.0	-1.0	
1500220152335	9936377093042	261.0	16.0	4.0	-1.0	
1500220152353	9936397234643	261.0	16.27459716796875	4.0	-1.0	
1500220152371	9936417376245	261.4137878417969	17.0	4.0	-1.0	
1500220152388	9936437517846	262.0	17.0	4.0	-1.0	
1500220152406	9936457659448	262.0	17.0	4.0	-1.0	
1500220152427	9936477801050	262.83074951171875	17.0	3.1692657470703125	-1.0	
1500220152441	9936497942651	263.0	16.031036376953125	3.0	-1.0	
1500220152477	9936518084253	264.0	16.0	3.0	-1.0	
1500220152494	9936538225854	264.2469482421875	16.0	2.7530364990234375	-1.0	
1500220152513	9936558367456	265.0	16.0	2.0	-1.0	
1500220152532	9936578509057	265.0	16.0	2.0	-1.0	
1500220152547	9936598650659	265.6637878417969	15.336212158203125	2.0	-1.0	
1500220152564	9936618792261	266.0	15.0	2.0	-1.0	
1500220152583	9936638933862	266.0	15.0	2.0	-1.0	
1500220152619	9936659075464	266.0	15.0	1.918975830078125	-1.0	
1500220152635	9936679217065	266.0	15.0	1.0	-1.0	
1500220152652	9936699358667	266.0	14.641387939453125	1.0	-1.0	
1500220152671	9936719500268	266.0	14.0	1.0	-1.0	
1500220152695	9936739641870	266.0	14.0	1.0	-1.0	
1500220152712	9936759783471	266.0	14.0	1.7754669189453125	-1.0	
1500220152723	9936779925073	266.0	14.0	2.0	-1.0	
1500220152759	9936800066675	266.0	14.0	2.0	-1.0	
1500220152778	9936820208276	266.0	14.0	2.0	-1.0	
1500220152794	9936840349878	266.0	14.0	2.0	-1.0	
1500220152831	9936860491479	265.529296875	14.0	2.0	-1.0	
1500220152832	9936880633081	265.0	14.0	2.0	-1.0	
1500220152849	9936900774682	265.0	14.748275756835938	2.0	-1.0	
1500220152864	9936920916284	265.0	15.0	2.0	-1.0	
1500220152900	9936941057886	265.0	15.0	1.0	-1.0	
1500220152917	9936961199487	264.83447265625	15.0	1.0	-1.0	
1500220152935	9936981341089	264.0	15.0	1.0	-1.0	
1500220152953	9937001482690	264.0	15.0	1.4430999755859375	-1.0	
1500220152970	9937021624292	264.0	15.0	2.0	-1.0	
1500220152988	9937041765893	264.0	15.0	2.0	-1.0	
1500220153008	9937061907495	264.0	15.0	2.0	-1.0	
1500220153023	9937082049096	264.0	15.0	2.0	-1.0	
1500220153058	9937102190698	264.0	15.0	2.0	-1.0	
1500220153082	9937122332300	264.0	15.0	2.0	-1.0	
1500220153093	9937142473901	264.0	15.0	2.0	-1.0	
1500220153112	9937162615503	264.0	15.0	2.0	-1.0	
1500220153128	9937182757104	264.0	15.0	2.0	-1.0	
1500220153150	9937202898706	264.0	15.0	1.16754150390625	-1.0	
1500220153164	9937223040307	264.0	15.0	1.0	-1.0	
1500220153199	9937243181909	263.8896484375	15.0	1.1103363037109375	-1.0	
1500220153219	9937263323511	263.0	15.0	2.0	-1.0	
1500220153241	9937283465112	263.0	15.0	2.0	-1.0	
1500220153251	9937303606714	263.0	15.0	2.0	-1.0	
1500220153270	9937323748315	263.0	15.0	2.0	-1.0	
1500220153292	9937343889917	263.0	15.0	2.0	-1.0	
1500220153306	9937364031518	263.0	15.0	2.0	-1.0	
1500220153340	9937384173120	263.0	15.0	2.0	-1.0	
1500220153358	9937404314721	263.0	15.0	2.0	-1.0	
1500220153376	9937424456323	263.3603515625	15.0	2.0	-1.0	
1500220153393	9937444597925	264.0	15.0	2.0	-1.0	
1500220153411	9937464739526	264.0	15.0	2.0	-1.0	
1500220153429	9937484881128	264.0	15.0	2.0	-1.0	
1500220153446	9937505022729	264.0	15.0	2.0	-1.0	
1500220153482	9937525164331	264.0	15.0	2.0	-1.0	
1500220153501	9937545305932	264.0	15.0	1.8065643310546875	-1.0	
1500220153518	9937565447534	264.0	15.0	1.0	-1.0	
1500220153536	9937585589136	264.0	15.0	1.47149658203125	-1.0	
1500220153552	9937605730737	264.0	15.0	2.0	-1.0	
1500220153571	9937625872339	264.0	15.0	2.0	-1.0	
1500220153595	9937646013940	264.0	15.0	2.0	-1.0	
1500220153624	9937666155542	264.0	15.0	1.0	-1.0	
1500220153640	9937686297143	264.0	15.0	1.0	-1.0	
1500220153657	9937706438745	264.0	15.0	1.0	-1.0	
1500220153675	9937726580346	264.0	15.0	1.0	-1.0	
1500220153701	9937746721948	264.0	14.417251586914063	0.4172515869140625	-1.0	
1500220153712	9937766863550	264.0	14.0	0.0	-1.0	
1500220153728	9937787005151	264.0	14.0	0.0	-1.0	
1500220153747	9937807146753	264.0	14.0	0.0	-1.0	
1500220153781	9937827288354	264.0	14.0	0.0	-1.0	
1500220153799	9937847429956	264.0	14.0	0.0	-1.0	
1500220153816	9937867571557	264.0	14.0	0.0	-1.0	
1500220153834	9937887713159	264.0	14.0	0.0	-1.0	
1500220153853	9937907854761	264.0	14.0	0.0	-1.0	
1500220153869	9937927996362	264.0	14.832748413085938	0.8327484130859375	-1.0	
1500220153892	9937948137964	264.0	15.0	0.02764892578125	-1.0	
1500220153922	9937968279565	264.0	15.0	0.0	-1.0	
1500220153939	9937988421167	264.0	15.0	0.0	-1.0	
1500220153957	9938008562768	264.0	15.0	0.0	-1.0	
1500220153974	9938028704370	264.0	15.0	0.0	-1.0	
1500220153997	9938048845971	264.0	15.0	0.0	-1.0	
1500220154010	9938068987573	264.0	15.0	0.0	-1.0	
1500220154027	9938089129175	264.0	15.0	0.0	-1.0	
1500220154063	9938109270776	264.0	15.0	0.0	-1.0	
1500220154081	9938129412378	264.0	15.0	0.0	-1.0	
1500220154098	9938149553979	264.0	15.0	0.0	-1.0	
1500220154116	9938169695581	264.0	15.0	0.0	-1.0	
1500220154133	9938189837182	264.0	15.0	0.0	-1.0	
1500220154151	9938209978784	264.0	15.0	0.0	-1.0	
1500220154169	9938230120386	263.0829162597656	15.0	0.0	-1.0	
1500220154204	9938250261987	263.0	15.0	0.0	-1.0	
1500220154231	9938270403589	263.0	15.0	0.0	-1.0	
1500220154239	9938290545190	263.0	15.0	0.0	-1.0	
1500220154257	9938310686792	263.0	15.0	0.0	-1.0	
1500220154275	9938330828393	263.0	15.0	0.61138916015625	-1.0	
1500220154292	9938350969995	263.0	15.0	1.0	-1.0	
1500220154309	9938371111596	263.0	15.0	1.0	-1.0	
1500220154344	9938391253198	263.0	15.0	1.0	-1.0	
1500220154363	9938411394800	263.0	15.0	1.0	-1.0	
1500220154380	9938431536401	263.0	15.0	1.0	-1.0	
1500220154398	9938451678003	263.0	15.0	1.0	-1.0	
1500220154415	9938471819604	263.0	15.0	1.0	-1.0	
1500220154433	9938491961206	263.0	15.0	1.0	-1.0	
1500220154451	9938512102807	263.0	15.0	1.0	-1.0	
1500220154487	9938532244409	263.0	15.0	1.0	-1.0	
1500220154503	9938552386011	263.0	15.0	1.0	-1.0	
1500220154524	9938572527612	263.0	15.0	1.0	-1.0	
1500220154539	9938592669214	263.0	15.0	1.0	-1.0	
1500220154557	9938612810815	263.0	15.0	1.0	-1.0	
1500220154574	9938632952417	263.0	15.0	1.0	-1.0	
1500220154591	9938653094018	263.0	15.0	1.0	-1.0	
1500220154609	9938673235620	263.0	15.0	1.0	-1.0	
1500220154646	9938693377221	263.0	15.0	1.0	-1.0	
1500220154662	9938713518823	263.0	15.0	1.0	-1.0	
1500220154680	9938733660425	262.60968017578125	15.0	1.0	-1.0	
1500220154698	9938753802026	262.0	15.0	1.0	-1.0	
1500220154716	9938773943628	262.0	15.0	1.6683807373046875	-1.0	
1500220154733	9938794085229	262.0	15.806884765625	2.0	-1.0	
1500220154759	9938814226831	262.0	15.053543090820313	1.0535430908203125	-1.0	
1500220154785	9938834368432	262.0	15.0	1.0	-1.0	
1500220154804	9938854510034	262.0	15.0	1.0	-1.0	
1500220154821	9938874651636	262.0	15.0	1.0	-1.0	
1500220154839	9938894793237	262.0	15.0	1.0	-1.0	
1500220154856	9938914934839	262.0	15.0	0.3592529296875	-1.0	
1500220154874	9938935076440	262.0	15.0	0.0	-1.0	
1500220154891	9938955218042	262.0	15.0	0.0	-1.0	
1500220154926	9938975359643	263.0	15.0	0.0	-1.0	
1500220154948	9938995501245	263.0	15.0	0.0	-1.0	
1500220154963	9939015642846	263.0	15.0	0.0	-1.0	
1500220154981	9939035784448	263.0	15.0	0.486053466796875	-1.0	
1500220154997	9939055926050	263.0	15.0	1.0	-1.0	
1500220155015	9939076067651	263.0	15.0	1.0	-1.0	
1500220155032	9939096209253	263.0	15.0	1.0	-1.0	
1500220155069	9939116350854	264.0	15.0	1.0	-1.0	
1500220155086	9939136492456	264.0	15.0	1.35662841796875	-1.0	
1500220155103	9939156634057	264.0	15.0	2.0	-1.0	
1500220155121	9939176775659	264.0	15.0	1.2777862548828125	-1.0	
1500220155138	9939196917261	264.905029296875	15.0	1.0	-1.0	
1500220155183	9939217058862	265.0	15.0	1.0	-1.0	
1500220155191	9939237200464	265.0	15.0	1.0	-1.0	
1500220155209	9939257342065	265.0	15.0	1.0	-1.0	
1500220155227	9939277483667	265.0	15.0	1.0	-1.0	
1500220155252	9939297625268	265.0	15.0	0.1810150146484375	-1.0	
1500220155282	9939317766870	265.0	15.0	0.0	-1.0	
1500220155298	9939337908471	264.8154296875	15.0	0.1845855712890625	-1.0	
1500220155314	9939358050073	264.0	15.0	1.0	-1.0	
1500220155332	9939378191675	264.0	15.0	1.0	-1.0	
1500220155351	9939398333276	264.0	15.0	1.0	-1.0	
1500220155367	9939418474878	263.20001220703125	15.0	1.0	-1.0	
1500220155385	9939438616479	263.0	15.0	1.0	-1.0	
1500220155420	9939458758081	263.0	15.0	1.0	-1.0	
1500220155438	9939478899682	262.78240966796875	15.0	1.0	-1.0	
1500220155455	9939499041284	262.0	15.0	1.0	-1.0	
1500220155476	9939519182886	262.0	15.0	1.0	-1.0	
1500220155491	9939539324487	262.0	15.0	1.6344757080078125	-1.0	
1500220155509	9939559466089	262.0	15.0	2.0	-1.0	
1500220155528	9939579607690	262.0	15.0	2.0	-1.0	
1500220155571	9939599749292	262.0	15.0	2.0	-1.0	
1500220155579	9939619890893	262.0	15.0	1.808624267578125	-1.0	
1500220155602	9939640032495	262.0	15.0	1.0	-1.0	
1500220155614	9939660174096	262.0	15.0	1.0	-1.0	
1500220155633	9939680315698	262.0	15.0	1.0	-1.0	
1500220155649	9939700457300	262.0	15.0	1.0	-1.0	
1500220155668	9939720598901	262.0	15.0	1.0	-1.0	
1500220155703	9939740740503	262.0	15.0	1.0	-1.0	
1500220155722	9939760882104	262.0	15.0	1.0	-1.0	
1500220155738	9939781023706	262.0	15.0	1.0	-1.0	
1500220155754	9939801165307	262.0	15.0	1.0	-1.0	
1500220155772	9939821306909	262.0	15.0	1.0	-1.0	
1500220155790	9939841448511	262.0	15.0	1.0	-1.0	
1500220155808	9939861590112	262.0	15.0	1.0	-1.0	
1500220155826	9939881731714	262.0	15.0	1.0	-1.0	
1500220155861	9939901873315	262.0	15.0	1.0	-1.0	
1500220155879	9939922014917	262.0	15.0	1.0	-1.0	
1500220155896	9939942156518	262.0	15.0	1.0	-1.0	
1500220155915	9939962298120	262.0	15.0	1.0	-1.0	
1500220155931	9939982439721	262.0	15.0	1.0	-1.0	
1500220155949	9940002581323	262.0	15.0	1.0	-1.0	
1500220155971	9940022722925	262.0	15.0	1.0	-1.0	
1500220156009	9940042864526	262.0	15.0	1.0	-1.0	
1500220156019	9940063006128	262.0	15.0	1.0	-1.0	
1500220156037	9940083147729	262.0	15.0	1.0	-1.0	
1500220156055	9940103289331	262.0	15.0	1.0	-1.0	
1500220156073	9940123430932	262.0	15.0	1.6683807373046875	-1.0	
1500220156090	9940143572534	262.0	15.0	2.0	-1.0	
1500220156107	9940163714136	262.0	15.0	2.0	-1.0	
1500220156143	9940183855737	262.0	15.0	2.0	-1.0	
1500220156169	9940203997339	262.0	15.0	2.0	-1.0	
1500220156181	9940224138940	262.3644104003906	15.0	2.0	-1.0	
1500220156196	9940244280542	263.0	15.0	2.0	-1.0	
1500220156213	9940264422143	263.0	15.0	2.0	-1.0	
1500220156231	9940284563745	263.0	15.0	2.0	-1.0	
1500220156248	9940304705346	263.0	15.0	2.0	-1.0	
1500220156284	9940324846948	263.0	15.0	1.0	-1.0	
1500220156302	9940344988550	263.0	15.0	1.0	-1.0	
1500220156319	9940365130151	263.0	15.0	1.0	-1.0	
1500220156342	9940385271753	263.0	14.523330688476563	1.0	-1.0	
1500220156354	9940405413354	263.0	14.0	1.0	-1.0	
1500220156372	9940425554956	263.0	14.0	1.0	-1.0	
1500220156390	9940445696557	263.8946533203125	14.0	1.0	-1.0	
1500220156425	9940465838159	264.0	14.0	1.0	-1.0	
1500220156443	9940485979761	264.0	14.0	1.0	-1.0	
1500220156460	9940506121362	264.0	14.0	1.0	-1.0	
1500220156479	9940526262964	264.0	14.0	1.0	-1.0	
1500220156500	9940546404565	264.0	14.0	1.0	-1.0	
1500220156513	9940566546167	264.0	14.0	1.0	-1.0	
1500220156532	9940586687768	263.13128662109375	14.0	1.0	-1.0	
1500220156566	9940606829370	263.0	14.0	1.0	-1.0	
1500220156584	9940626970971	263.0	14.0	1.0	-1.0	
1500220156601	9940647112573	263.0	14.0	1.0	-1.0	
1500220156619	9940667254175	263.0	14.0	1.0	-1.0	
1500220156636	9940687395776	263.0	14.0	1.0	-1.0	
1500220156654	9940707537378	263.0	14.0	1.0	-1.0	
1500220156674	9940727678979	263.0	14.0	1.0	-1.0	
1500220156693	9940747820581	263.0	14.980987548828125	1.0	-1.0	
1500220156724	9940767962182	263.0	15.0	1.0	-1.0	
1500220156744	9940788103784	263.0	15.0	1.0	-1.0	
1500220156762	9940808245386	263.0	15.0	1.0	-1.0	
1500220156781	9940828386987	263.0	15.0	1.0	-1.0	
1500220156795	9940848528589	263.0	15.0	1.0	-1.0	
1500220156813	9940868670190	263.0	15.0	1.0	-1.0	
1500220156830	9940888811792	263.0	15.0	1.0	-1.0	
1500220156866	9940908953393	263.0	15.0	1.0	-1.0	
1500220156883	9940929094995	263.0	15.0	1.0	-1.0	
1500220156901	9940949236596	263.0	15.0	1.0	-1.0	
1500220156919	9940969378198	263.0	15.0	1.0	-1.0	
1500220156936	9940989519800	263.0	15.0	1.0	-1.0	
1500220156954	9941009661401	263.0	15.0	1.0	-1.0	
1500220156972	9941029803003	263.0	15.0	1.0	-1.0	
1500220157007	9941049944604	263.0	15.0	1.0	-1.0	
1500220157024	9941070086206	263.0	15.0	1.0	-1.0	
1500220157042	9941090227807	263.0	15.0	1.0	-1.0	
1500220157059	9941110369409	263.0	15.0	1.0	-1.0	
1500220157077	9941130511011	263.0	15.0	1.0	-1.0	
1500220157095	9941150652612	263.0	15.0	1.0	-1.0	
1500220157122	9941170794214	263.0	15.0	1.0	-1.0	
1500220157152	9941190935815	263.0	15.0	1.0	-1.0	
1500220157165	9941211077417	263.0	15.0	1.0	-1.0	
1500220157183	9941231219018	263.0	15.0	1.0	-1.0	
1500220157201	9941251360620	263.0	15.0	1.0	-1.0	
1500220157218	9941271502221	263.0	15.0	1.0	-1.0	
1500220157236	9941291643823	263.0	15.0	1.0	-1.0	
1500220157253	9941311785425	263.0	15.0	1.0	-1.0	
1500220157289	9941331927026	263.0	15.0	1.0	-1.0	
1500220157306	9941352068628	263.0	15.0	1.0	-1.0	
1500220157324	9941372210229	263.0	15.0	1.0	-1.0	
1500220157342	9941392351831	263.0	14.568222045898438	1.0	-1.0	
1500220157359	9941412493432	263.0	14.0	1.0	-1.0	
1500220157378	9941432635034	263.0	14.0	1.0	-1.0	
1500220157395	9941452776636	263.0	14.0	1.0	-1.0	
1500220157412	9941472918237	263.0	14.987930297851563	1.0	-1.0	
1500220157448	9941493059839	263.0	15.0	1.0	-1.0	
1500220157465	9941513201440	263.2672119140625	15.0	1.0	-1.0	
1500220157484	9941533343042	264.0	15.0	1.0	-1.0	
1500220157500	9941553484643	264.0	14.455184936523438	1.0	-1.0	
1500220157518	9941573626245	264.0	14.0	1.0	-1.0	
1500220157535	9941593767846	264.0	14.0	1.0	-1.0	
1500220157553	9941613909448	264.0	14.0	1.0	-1.0	
1500220157591	9941634051050	263.8982849121094	14.101715087890625	1.0	-1.0	
1500220157606	9941654192651	263.0	15.0	1.0	-1.0	
1500220157624	9941674334253	263.0	15.0	1.0	-1.0	
1500220157641	9941694475854	263.0	15.0	1.0	-1.0	
1500220157659	9941714617456	263.0	15.0	1.0	-1.0	
1500220157676	9941734759057	263.0	15.0	1.0	-1.0	
1500220157694	9941754900659	263.0	15.0	1.93609619140625	-1.0	
1500220157729	9941775042261	263.0	15.0	2.0	-1.0	
1500220157747	9941795183862	263.0	15.0	2.0	-1.0	
1500220157765	9941815325464	263.0	15.0	2.0	-1.0	
1500220157782	9941835467065	263.0	15.0	1.507781982421875	-1.0	
1500220157800	9941855608667	263.0	15.0	1.0	-1.0	
1500220157819	9941875750268	263.0	15.0	1.7702789306640625	-1.0	
1500220157835	9941895891870	263.0	15.0	2.0	-1.0	
1500220157870	9941916033471	263.0	16.0	2.0	-1.0	
1500220157888	9941936175073	263.0	16.0	2.0	-1.0	
1500220157910	9941956316675	263.0	16.0	2.0	-1.0	
1500220157924	9941976458276	263.0	16.0	2.0	-1.0	
1500220157941	9941996599878	263.0	16.60516357421875	2.0	-1.0	
1500220157958	9942016741479	262.255615234375	17.0	2.0	-1.0	
1500220157977	9942036883081	262.0	17.0	2.0	-1.0	
1500220158011	9942057024682	261.0	17.0	2.0	-1.0	
1500220158031	9942077166284	260.83795166015625	17.0	1.8379364013671875	-1.0	
1500220158047	9942097307886	259.6994934082031	17.0	1.0	-1.0	
1500220158071	9942117449487	259.0	16.560348510742188	1.0	-1.0	
1500220158092	9942137591089	258.4214172363281	16.0	1.0	-1.0	
1500220158100	9942157732690	258.0	16.0	1.718475341796875	-1.0	
1500220158120	9942177874292	257.14312744140625	16.0	2.0	-1.0	
1500220158135	9942198015893	257.0	16.996536254882813	2.9965362548828125	-1.0	
1500220158173	9942218157495	257.0	17.0	3.13470458984375	-1.0	
1500220158191	9942238299096	257.0	17.0	4.0	-1.0	
1500220158205	9942258440698	257.0	17.0	4.0	-1.0	
1500220158222	9942278582300	257.55267333984375	17.0	4.0	-1.0	
1500220158241	9942298723901	258.0	17.0	4.0	-1.0	
1500220158258	9942318865503	258.0	17.0	4.0	-1.0	
1500220158283	9942339007104	258.97064208984375	17.0	4.0	-1.0	
1500220158312	9942359148706	259.1087951660156	17.0	3.891204833984375	-1.0	
1500220158328	9942379290307	260.0	17.0	3.0	-1.0	
1500220158346	9942399431909	260.3868713378906	17.0	3.0	-1.0	
1500220158368	9942419573511	261.0	17.0	2.473236083984375	-1.0	
1500220158381	9942439715112	261.66552734375	17.0	2.0	-1.0	
1500220158399	9942459856714	262.8048095703125	17.0	2.0	-1.0	
1500220158424	9942479998315	263.0	17.0	2.0	-1.0	
1500220158452	9942500139917	263.0828857421875	16.0	1.9170989990234375	-1.0	
1500220158469	9942520281518	264.0	16.0	1.0	-1.0	
1500220158487	9942540423120	264.0	16.0	1.0	-1.0	
1500220158506	9942560564721	264.5	16.0	1.0	-1.0	
1500220158522	9942580706323	265.0	16.0	1.0	-1.0	
1500220158540	9942600847925	265.0	16.0	1.0	-1.0	
1500220158558	9942620989526	265.0	16.0	1.0	-1.0	
1500220158593	9942641131128	265.0	16.0	1.0	-1.0	
1500220158611	9942661272729	265.0	16.0	1.0	-1.0	
1500220158628	9942681414331	264.66552734375	16.0	1.0	-1.0	
1500220158646	9942701555932	264.0	16.0	1.0	-1.0	
1500220158664	9942721697534	264.0	16.0	1.0	-1.0	
1500220158683	9942741839136	264.0	16.0	1.0	-1.0	
1500220158700	9942761980737	264.0	16.0	1.0	-1.0	
1500220158734	9942782122339	263.9544677734375	16.0	1.0	-1.0	
1500220158752	9942802263940	263.0	16.0	1.0	-1.0	
1500220158770	9942822405542	263.0	16.0	1.0	-1.0	
1500220158787	9942842547143	263.0	16.0	1.0	-1.0	
1500220158804	9942862688745	263.0	16.0	1.0	-1.0	
1500220158822	9942882830346	263.0	16.0	1.0	-1.0	
1500220158841	9942902971948	262.0157470703125	16.0	1.0	-1.0	
1500220158875	9942923113550	262.0	16.0	1.0	-1.0	
1500220158893	9942943255151	262.0	16.0	1.0	-1.0	
1500220158910	9942963396753	262.0	16.0	1.0	-1.0	
1500220158928	9942983538354	262.0	16.0	1.0	-1.0	
1500220158945	9943003679956	262.0	16.0	1.0	-1.0	
1500220158963	9943023821557	262.0	16.0	1.0	-1.0	
1500220158998	9943043963159	261.92108154296875	16.0	1.0	-1.0	
1500220159017	9943064104761	261.0	16.0	1.0	-1.0	
1500220159034	9943084246362	261.0	16.0	1.0	-1.0	
1500220159051	9943104387964	261.0	16.0	1.0	-1.0	
1500220159069	9943124529565	261.0	16.0	1.0	-1.0	
1500220159087	9943144671167	261.0	16.0	1.0	-1.0	
1500220159122	9943164812768	261.0	16.0	1.0	-1.0	
1500220159140	9943184954370	261.0	16.0	1.0	-1.0	
1500220159157	9943205095971	261.0	16.0	1.0	-1.0	
1500220159175	9943225237573	261.0	16.0	1.0	-1.0	
1500220159193	9943245379175	261.0	16.0	1.0	-1.0	
1500220159210	9943265520776	261.0	16.0	1.8003387451171875	-1.0	
1500220159228	9943285662378	261.0	16.0	2.0	-1.0	
1500220159264	9943305803979	261.0	16.0	2.0	-1.0	
1500220159280	9943325945581	261.0	16.0	2.0	-1.0	
1500220159298	9943346087182	261.4255676269531	16.0	2.0	-1.0	
1500220159316	9943366228784	262.0	16.0	1.4185791015625	-1.0	
1500220159333	9943386370386	262.0	16.0	1.0	-1.0	
1500220159353	9943406511987	262.0	16.0	1.0	-1.0	
1500220159386	9943426653589	262.0	16.0	1.0	-1.0	
1500220159404	9943446795190	262.0	16.0	1.0	-1.0	
1500220159424	9943466936792	262.0	16.0	1.0	-1.0	
1500220159439	9943487078393	262.0	16.0	1.0	-1.0	
1500220159457	9943507219995	262.67718505859375	15.32281494140625	1.0	-1.0	
1500220159475	9943527361596	263.0	15.0	1.8336181640625	-1.0	
1500220159492	9943547503198	263.0	15.0	2.0	-1.0	
1500220159528	9943567644800	264.0	15.0	1.0	-1.0	
1500220159545	9943587786401	264.302978515625	15.0	1.0	-1.0	
1500220159563	9943607928003	265.0	14.541168212890625	1.0	-1.0	
1500220159580	9943628069604	265.61578369140625	14.0	1.0	-1.0	
1500220159598	9943648211206	266.0	14.0	1.0	-1.0	
1500220159616	9943668352807	266.9082946777344	14.0	1.0	-1.0	
1500220159651	9943688494409	267.0	14.0	1.0	-1.0	
1500220159668	9943708636011	267.0	14.0	1.0	-1.0	
1500220159686	9943728777612	267.0	14.0	0.6695556640625	-1.0	
1500220159704	9943748919214	267.0	14.0	0.0	-1.0	
1500220159721	9943769060815	267.0	14.0	0.0	-1.0	
1500220159739	9943789202417	267.0	14.0	0.7543182373046875	-1.0	
1500220159756	9943809344018	266.1053466796875	14.0	1.0	-1.0	
1500220159792	9943829485620	266.0	14.0	1.0	-1.0	
1500220159809	9943849627221	266.0	14.0	1.0	-1.0	
1500220159827	9943869768823	266.0	14.0	1.0	-1.0	
1500220159845	9943889910425	266.0	14.0	1.0	-1.0	
1500220159862	9943910052026	266.0	14.0	1.0	-1.0	
1500220159881	9943930193628	266.0	14.0	1.0	-1.0	
1500220159898	9943950335229	266.0	14.0	1.0	-1.0	
1500220159937	9943970476831	266.0	14.0	1.0	-1.0	
1500220159951	9943990618432	266.0	14.0	1.0	-1.0	
1500220159968	9944010760034	266.0	14.0	1.0	-1.0	
1500220159986	9944030901636	266.0	14.0	1.0	-1.0	
1500220160004	9944051043237	265.41351318359375	14.0	1.0	-1.0	
1500220160021	9944071184839	265.0	14.0	1.0	-1.0	
1500220160039	9944091326440	265.0	14.0	1.0	-1.0	
1500220160074	9944111468042	265.0	14.0	1.0	-1.0	
1500220160092	9944131609643	265.0	14.0	1.0	-1.0	
1500220160121	9944151751245	265.0	14.0	1.0	-1.0	
1500220160127	9944171892846	265.0	14.0	1.0	-1.0	
1500220160145	9944192034448	264.4266052246094	14.0	1.0	-1.0	
1500220160162	9944212176050	264.0	14.0	1.0	-1.0	
1500220160181	9944232317651	264.0	14.85491943359375	1.0	-1.0	
1500220160198	9944252459253	264.0	15.0	1.0	-1.0	
1500220160232	9944272600854	264.0	15.0	1.0	-1.0	
1500220160250	9944292742456	264.0	15.0	1.278533935546875	-1.0	
1500220160268	9944312884057	264.0	15.0	2.0	-1.0	
1500220160286	9944333025659	264.0	15.0	2.0	-1.0	
1500220160304	9944353167261	264.0	15.0	2.0	-1.0	
1500220160321	9944373308862	264.0	15.0	2.0	-1.0	
1500220160339	9944393450464	264.0	15.0	2.0	-1.0	
1500220160373	9944413577254	264.0	15.0	2.0	-1.0	
1500220160393	9944433718856	264.0	15.0	2.0	18.0	
1500220160409	9944453860457	264.0	15.0	2.0	18.0	
1500220160429	9944474002059	264.0	15.0	2.0	18.0	
1500220160448	9944494143660	264.0	15.0	2.0	18.0	
1500220160471	9944514285262	264.0	15.0	2.0	18.0	
1500220160483	9944534426864	264.0	15.0	2.0	18.0	
1500220160517	9944554568465	264.0	15.0	2.0	18.0	
1500220160542	9944574710067	264.0	15.0	2.0	18.0	
1500220160551	9944594851668	264.0	15.0	2.0	18.0	
1500220160568	9944614993270	264.0	15.0	2.0	18.0	
1500220160585	9944635134871	264.0	15.0	2.0	18.0	
1500220160605	9944655276473	264.0	15.0	2.0	18.0	
1500220160622	9944675418075	264.0	15.0	1.043182373046875	18.0	
1500220160656	9944695559676	264.0	15.0	1.0	18.0	
1500220160675	9944715701278	264.0	15.0	1.0	18.0	
1500220160691	9944735842879	264.0	15.0	1.0	18.0	
1500220160709	9944755984481	264.0	15.0	1.0	18.0	
1500220160727	9944776126082	264.0	15.0	1.0	18.0	
1500220160744	9944796267684	264.0	15.0	1.0	18.0	
1500220160762	9944816409285	264.0	15.0	1.0	18.0	
1500220160797	9944836550887	264.0	15.0	1.0	18.0	
1500220160816	9944856692489	264.0	15.0	1.0	18.0	
1500220160833	9944876834090	264.0	15.0	1.0	18.0	
1500220160851	9944896975692	264.0	15.0	1.0	18.0	
1500220160868	9944917117293	264.0	15.0	1.0	18.0	
1500220160887	9944937258895	264.0	15.0	1.0	18.0	
1500220160903	9944957400496	264.0	15.0	1.0	18.0	
1500220160938	9944977542098	264.0	15.0	1.0	18.0	
1500220160962	9944997683700	264.0	15.0	1.0	18.0	
1500220160973	9945017825301	264.0	15.0	1.0	18.0	
1500220160994	9945037966903	264.0	15.0	1.0	18.0	
1500220161009	9945058108504	264.0	15.0	1.0	18.0	
1500220161026	9945078250106	264.0	15.0	1.0	18.0	
1500220161044	9945098391707	264.0	15.0	1.0	18.0	
1500220161079	9945118533309	264.0	15.0	1.0	18.0	
1500220161097	9945138674910	264.0	15.0	1.0	18.0	
1500220161114	9945158816512	264.0	15.0	1.0	18.0	
1500220161132	9945178958114	264.0	15.0	1.0	18.0	
1500220161151	9945199099715	264.0	15.0	1.0	18.0	
1500220161167	9945219241317	264.0	15.0	1.0	18.0	
1500220161185	9945239382918	264.0	15.0	1.0	18.0	
1500220161220	9945259524520	264.0	15.0	1.0	18.0	
1500220161238	9945279666121	264.0	15.0	1.0	18.0	
1500220161256	9945299807723	264.0	15.0	1.0	18.0	
1500220161273	9945319949325	264.0	15.0	1.0	18.0	
1500220161291	9945340090926	264.0	15.0	1.0	18.0	
1500220161309	9945360232528	264.0	15.0	1.0	18.0	
1500220161329	9945380374129	264.0	15.0	1.0	18.0	
1500220161363	9945400515731	264.0	15.0	1.0	18.0	
1500220161379	9945420657332	264.0	15.0	1.0	18.0	
1500220161396	9945440798934	264.0	15.0	1.0	18.0	
1500220161414	9945460940535	264.0	15.0	1.0	18.0	
1500220161432	9945481082137	264.0	15.0	1.0	18.0	
1500220161449	9945501223739	264.0	15.0	1.0	18.0	
1500220161469	9945521365340	264.0	15.0	1.0	18.0	
1500220161502	9945541506942	264.0	14.980972290039063	1.0	18.0	
1500220161520	9945561648543	264.0	14.0	1.0	18.0	
1500220161538	9945581790145	264.0	14.0	1.0	18.0	
1500220161555	9945601931746	264.0	14.0	1.0	18.0	
1500220161574	9945622073348	264.0	14.0	1.0	18.0	
1500220161591	9945642214950	264.0	14.0	1.0	18.0	
1500220161608	9945662356551	264.0	14.0	1.0	18.0	
1500220161643	9945682498153	265.0	14.0	1.0	18.0	
1500220161661	9945702639754	265.0	14.0	1.0	18.0	
1500220161679	9945722781356	265.0	14.0	1.0	18.0	
1500220161696	9945742922957	265.0	14.0	1.0	18.0	
1500220161715	9945763064559	265.0	14.0	1.0	18.0	
1500220161736	9945783206160	265.0	14.0	1.0	18.0	
1500220161749	9945803347762	265.0	14.0	1.0	18.0	
1500220161767	9945823489364	265.0	14.0	1.0	18.0	
1500220161802	9945843630965	265.0	14.0	1.0	18.0	
1500220161819	9945863772567	265.0	14.0	1.0	18.0	
1500220161837	9945883914168	265.0	14.0	1.0	18.0	
1500220161855	9945904055770	265.0	14.0	1.0	18.0	
1500220161872	9945924197371	265.0	14.0	1.0	18.0	
1500220161891	9945944338973	265.0	14.0	1.0	18.0	
1500220161908	9945964480575	265.0	14.0	1.0	18.0	
1500220161943	9945984622176	265.0	14.0	1.0	18.0	
1500220161961	9946004763778	265.0	14.0	1.0	18.0	
1500220161978	9946024905379	265.0	14.0	1.0	18.0	
1500220161997	9946045046981	265.0	14.0	1.0	18.0	
1500220162014	9946065188582	265.0	14.0	1.0	18.0	
1500220162031	9946085330184	265.0	14.0	1.0	18.0	
1500220162050	9946105471785	265.0	14.0	1.0	18.0	
1500220162084	9946125613387	265.0	14.0	1.0	18.0	
1500220162103	9946145754989	265.0	14.0	1.0	18.0	
1500220162119	9946165896590	265.0	14.0	1.0	18.0	
1500220162137	9946186038192	265.0	14.0	1.0	18.0	
1500220162156	9946206179793	265.0	14.0	1.0	18.0	
1500220162172	9946226321395	265.0	14.0	1.0	18.0	
1500220162190	9946246462996	265.953369140625	14.0	1.0	18.0	
1500220162225	9946266604598	266.0	14.0	1.0	18.0	
1500220162243	9946286746200	266.0	14.0	1.0	18.0	
1500220162262	9946306887801	266.0	14.0	1.0	18.0	
1500220162278	9946327029403	266.0	14.0	1.0	18.0	
1500220162296	9946347171004	265.34197998046875	14.0	1.0	18.0	
1500220162315	9946367312606	265.0	14.0	1.0	18.0	
1500220162331	9946387454207	265.0	14.0	1.0	18.0	
1500220162366	9946407595809	265.0	14.0	1.0	18.0	
1500220162384	9946427737410	265.0	14.0	1.0	18.0	
1500220162402	9946447879012	265.0	14.0	1.0	18.0	
1500220162420	9946468020614	265.0	14.0	1.0	18.0	
1500220162437	9946488162215	265.0	14.0	1.0	18.0	
1500220162454	9946508303817	265.0	14.0	1.0	18.0	
1500220162473	9946528445418	265.0	14.0	1.0	18.0	
1500220162507	9946548587020	265.0	14.0	1.0	18.0	
1500220162525	9946568728621	265.0	14.0	1.0	18.0	
1500220162543	9946588870223	265.0	14.0	1.0	18.0	
1500220162560	9946609011825	265.0	14.0	1.0	18.0	
1500220162579	9946629153426	265.6321105957031	14.0	1.0	18.0	
1500220162596	9946649295028	266.0	14.0	1.0	18.0	
1500220162614	9946669436629	266.0	14.0	1.0	18.0	
1500220162648	9946689578231	266.0	14.0	1.0	18.0	
1500220162666	9946709719832	266.0	14.0	1.0	18.0	
1500220162684	9946729861434	266.0	14.0	1.0	18.0	
1500220162701	9946750003035	266.0	14.0	1.0	18.0	
1500220162719	9946770144637	266.0	14.0	1.0	18.0	
1500220162738	9946790286239	266.0	14.0	1.0	18.0	
1500220162755	9946810427840	266.0	14.0	1.0	18.0	
1500220162790	9946830569442	266.0	14.0	1.0	18.0	
1500220162807	9946850711043	266.0	14.0	1.0	18.0	
1500220162824	9946870852645	266.0	14.0	1.0	18.0	
1500220162843	9946890994246	266.0	14.0	1.0	18.0	
1500220162860	9946911135848	266.0	14.0	1.0	18.0	
1500220162877	9946931277450	266.0	14.0	1.0	18.0	
1500220162897	9946951419051	266.0	14.0	1.0	18.0	
1500220162930	9946971560653	266.0	14.0	1.0	18.0	
1500220162948	9946991702254	266.0	14.0	1.0	18.0	
1500220162966	9947011843856	266.0	14.0	1.0	18.0	
1500220162984	9947031985457	266.0	14.0	1.0	18.0	
1500220163004	9947052127059	266.0	14.0	1.0	18.0	
1500220163019	9947072268660	266.0	14.0	1.0	18.0	
1500220163037	9947092410262	266.0	14.0	1.0	18.0	
1500220163071	9947112551864	266.0	14.0	1.0	18.0	
1500220163089	9947132693465	266.0	14.0	1.0	18.0	
1500220163106	9947152835067	266.0	14.0	1.0	18.0	
1500220163124	9947172976668	266.0	14.0	1.0	18.0	
1500220163141	9947193118270	266.0	14.0	1.0	18.0	
1500220163160	9947213259871	266.0	14.0	1.0	18.0	
1500220163176	9947233401473	266.0	14.0	1.0	18.0	
1500220163213	9947253543075	266.0	14.0	1.0	18.0	
1500220163230	9947273684676	266.0	14.0	1.0	18.0	
1500220163248	9947293826278	266.0	14.0	1.0	18.0	
1500220163267	9947313967879	266.0	14.0	1.0	18.0	
1500220163283	9947334109481	266.0	14.0	1.0	18.0	
1500220163300	9947354251082	266.0	14.0	1.0	18.0	
1500220163319	9947374392684	266.0	14.0	1.0	18.0	
1500220163336	9947394534285	266.0	14.0	1.0	18.0	
1500220163371	9947414675887	266.0	14.0	1.0	18.0	
1500220163388	9947434817489	266.0	14.0	1.0	18.0	
1500220163406	9947454959090	266.0	14.0	1.0	18.0	
1500220163426	9947475100692	266.0	14.0	1.0	18.0	
1500220163444	9947495242293	266.0	14.0	1.0	18.0	
1500220163459	9947515383895	266.0	14.0	1.0	18.0	
1500220163477	9947535525496	266.0	14.0	1.0	18.0	
1500220163513	9947555667098	266.0	14.0	1.0	18.0	
1500220163532	9947575808700	266.0	14.0	1.0	18.0	
1500220163548	9947595950301	266.0	14.0	1.0	18.0	
1500220163566	9947616091903	265.45941162109375	14.0	1.0	18.0	
1500220163584	9947636233504	265.681640625	14.0	1.0	18.0	
1500220163600	9947656375106	266.0	14.0	1.0	18.0	
1500220163618	9947676516707	265.0363464355469	14.0	1.0	18.0	
1500220163659	9947696658309	265.0	14.0	1.0	18.0	
1500220163671	9947716799910	265.0	14.0	1.0	18.0	
1500220163690	9947736941512	265.0	14.0	1.0	18.0	
1500220163708	9947757083114	265.0	14.0	1.0	18.0	
1500220163725	9947777224715	265.0	14.0	1.0	18.0	
1500220163746	9947797366317	265.0	14.0	1.0	18.0	
1500220163761	9947817507918	265.0	14.0	1.0	18.0	
1500220163796	9947837649520	265.0	14.0	1.0	18.0	
1500220163813	9947857791121	265.0	14.0	1.0	18.0	
1500220163834	9947877932723	265.0	14.0	1.0	18.0	
1500220163850	9947898074325	265.0	14.0	1.0	18.0	
1500220163867	9947918215926	265.0	14.0	1.0	18.0	
1500220163882	9947938357528	265.0	14.0	1.0	18.0	
1500220163902	9947958499129	265.0	14.0	1.0	18.0	
1500220163936	9947978640731	265.0	14.0	1.0	18.0	
1500220163954	9947998782332	265.0	14.0	1.0	18.0	
1500220163971	9948018923934	265.0	14.0	1.0	18.0	
1500220163989	9948039065535	265.0	14.0	1.0	18.0	
1500220164009	9948059207137	265.0	14.0	1.0	18.0	
1500220164024	9948079348739	265.0	14.0	1.0	18.0	
1500220164041	9948099490340	265.0	14.0	1.0	18.0	
1500220164076	9948119631942	265.0	14.0	1.0	18.0	
1500220164100	9948139773543	265.0	14.0	1.0	18.0	
1500220164112	9948159915145	265.0	14.0	1.0	18.0	
1500220164130	9948180056746	265.0	14.0	1.0	18.0	
1500220164146	9948200198348	265.0	14.0	1.0	18.0	
1500220164166	9948220339950	265.0	14.0	1.0	18.0	
1500220164182	9948240481551	265.0	14.0	1.0	18.0	
1500220164217	9948260623153	264.0	14.0	1.0	18.0	
1500220164237	9948280764754	264.0	14.193435668945313	1.0	18.0	
1500220164253	9948300906356	264.0	15.0	1.0	18.0	
1500220164275	9948321047957	264.0	15.0	1.0	18.0	
1500220164287	9948341189559	263.38409423828125	15.0	1.0	18.0	
1500220164305	9948361331160	263.0	15.0	1.0	18.0	
1500220164328	9948381472762	263.0	15.0	1.897918701171875	18.0	
1500220164359	9948401614364	263.0	15.0	2.0	18.0	
1500220164376	9948421755965	263.0	15.0	2.0	18.0	
1500220164397	9948441897567	263.0	15.0	2.0	18.0	
1500220164414	9948462039168	263.0	15.461929321289063	2.0	18.0	
1500220164433	9948482180770	263.6027526855469	16.0	1.397247314453125	18.0	
1500220164447	9948502322371	264.0	16.0	1.0	18.0	
1500220164465	9948522463973	264.0	16.0	1.0	18.0	
1500220164501	9948542605575	264.0	16.0	1.0	18.0	
1500220164517	9948562747176	264.0	16.0	1.0	18.0	
1500220164539	9948582888778	264.0	16.0	1.0	18.0	
1500220164559	9948603030379	264.0	16.0	1.0	18.0	
1500220164573	9948623171981	264.0	16.0	1.0	18.0	
1500220164593	9948643313582	264.0	16.0	1.0	18.0	
1500220164611	9948663455184	264.0	16.0	1.0	18.0	
1500220164642	9948683596785	264.0	16.0	1.0	18.0	
1500220164661	9948703738387	264.0	16.0	1.0	18.0	
1500220164679	9948723879989	264.0	16.0	1.0	18.0	
1500220164711	9948744021590	264.0	16.0	1.0	18.0	
1500220164720	9948764163192	263.42388916015625	16.0	1.0	18.0	
1500220164734	9948784304793	263.7179870605469	16.0	1.0	18.0	
1500220164757	9948804446395	264.0	16.0	1.0	18.0	
1500220164777	9948824587996	263.0	16.0	1.0	18.0	
1500220164800	9948844729598	264.0	16.0	1.0	18.0	
1500220164817	9948864871200	264.0	16.0	1.0	18.0	
1500220164835	9948885012801	264.0	16.0	1.4221343994140625	18.0	
1500220164857	9948905154403	264.0	16.0	2.0	18.0	
1500220164872	9948925296004	264.0	16.0	1.2958526611328125	18.0	
1500220164888	9948945437606	264.0	16.0	1.0	18.0	
1500220164917	9948965579207	264.0	16.0	1.0	18.0	
1500220164944	9948985720809	264.0	16.0	1.1277923583984375	18.0	
1500220164975	9949005862410	264.0	16.0	2.0	18.0	
1500220165004	9949026004012	264.0	16.0	2.0	18.0	
1500220165017	9949046145614	264.0	16.5501708984375	2.0	18.0	
1500220165031	9949066287215	264.0	17.0	2.0	18.0	
1500220165042	9949086428817	264.0	17.0	2.0	18.0	
1500220165052	9949106570418	264.0	16.02764892578125	2.0	18.0	
1500220165081	9949126712020	263.88580322265625	16.0	1.8858184814453125	18.0	
1500220165099	9949146853621	263.0	16.0	1.0	18.0	
1500220165118	9949166995223	263.0	16.0	1.0	18.0	
1500220165133	9949187136825	263.0	16.0	1.0	18.0	
1500220165152	9949207278426	263.0	16.0	1.0	18.0	
1500220165171	9949227420028	263.0	16.818649291992188	1.0	18.0	
1500220165187	9949247561629	263.960205078125	17.0	1.960205078125	18.0	
1500220165222	9949267703231	264.0	16.899658203125	2.0	18.0	
1500220165243	9949287844832	264.0	16.0	1.758209228515625	18.0	
1500220165257	9949307986434	264.0	16.0	1.0	18.0	
1500220165284	9949328128035	264.0	16.0	1.0	5.0	
1500220165301	9949348269637	264.0	16.0	1.6649322509765625	5.0	
1500220165322	9949368411239	264.0	16.0	1.19378662109375	5.0	
1500220165339	9949388552840	264.0	16.0	1.0	5.0	
1500220165362	9949408694442	264.0	16.0	1.0	5.0	
1500220165383	9949428836043	264.0	16.0	1.0	5.0	
1500220165422	9949448977645	264.0	16.0	1.0	5.0	
1500220165431	9949469119246	264.0	16.0	1.0	5.0	
1500220165442	9949489260848	264.0	16.0	1.0	5.0	
1500220165455	9949509402450	264.792724609375	16.0	1.0	5.0	
1500220165469	9949529544051	265.0	16.0	1.0	5.0	
1500220165504	9949549685653	265.0	16.0	1.0	5.0	
1500220165521	9949569827254	265.0	16.0	1.0	5.0	
1500220165544	9949589968856	265.0	16.0	1.0	5.0	
1500220165563	9949610110457	265.0	16.0	1.0	5.0	
1500220165577	9949630252059	265.0	16.0	1.0	5.0	
1500220165597	9949650393660	265.0	16.0	1.0	5.0	
1500220165608	9949670535262	265.0	16.0	1.0	5.0	
1500220165645	9949690676864	264.0	16.0	1.0	5.0	
1500220165667	9949710818465	264.0	16.0	1.0	5.0	
1500220165679	9949730960067	264.0	16.0	1.0	5.0	
1500220165698	9949751101668	264.0	16.0	1.0	5.0	
1500220165715	9949771243270	264.0	16.0	1.0	5.0	
1500220165732	9949791384871	264.0	16.0	1.0	5.0	
1500220165749	9949811526473	264.0	16.0	1.0	5.0	
1500220165785	9949831668075	264.0	16.0	1.0	5.0	
1500220165803	9949851809676	264.0	16.0	1.0	5.0	
1500220165821	9949871951278	264.0	16.0	1.0	5.0	
1500220165837	9949892092879	263.52850341796875	16.0	1.0	5.0	
1500220165856	9949912234481	263.0	16.0	1.0	5.0	
1500220165873	9949932376082	263.0	16.0	1.0	5.0	
1500220165890	9949952517684	263.0	16.0	1.0	5.0	
1500220165926	9949972659285	263.0	16.0	1.0	5.0	
1500220165943	9949992800887	263.0	16.0	1.0	5.0	
1500220165962	9950012942489	263.0	16.0	1.0	5.0	
1500220165979	9950033084090	263.0	16.0	1.0	5.0	
1500220165996	9950053225692	263.0	16.0	1.0	5.0	
1500220166017	9950073367293	263.0	16.0	1.0	5.0	
1500220166032	9950093508895	263.0	16.0	1.0	5.0	
1500220166068	9950113650496	263.0	16.0	1.0	5.0	
1500220166084	9950133792098	263.0	16.0	1.0	5.0	
1500220166102	9950153933700	263.0	16.0	1.0	5.0	
1500220166121	9950174075301	263.44464111328125	16.0	1.0	5.0	
1500220166137	9950194216903	264.0	16.0	1.0	5.0	
1500220166154	9950214358504	264.0	16.0	1.0	5.0	
1500220166173	9950234500106	264.0	16.0	1.0	5.0	
1500220166207	9950254641707	264.0	16.0	1.0	5.0	
1500220166231	9950274783309	264.0	16.0	1.0	5.0	
1500220166249	9950294924910	264.0	16.0	1.0	5.0	
1500220166261	9950315066512	264.0	15.55035400390625	1.0	5.0	
1500220166280	9950335208114	264.0	15.0	1.0	5.0	
1500220166296	9950355349715	264.0	15.0	1.0	5.0	
1500220166313	9950375491317	264.0	15.0	1.0	5.0	
1500220166351	9950395632918	264.0	15.0	1.0	5.0	
1500220166366	9950415774520	264.0	15.0	1.0	5.0	
1500220166386	9950435916121	264.0	15.0	1.0	5.0	
1500220166401	9950456057723	264.0	15.0	1.0	5.0	
1500220166419	9950476199325	264.0	15.0	1.0	5.0	
1500220166438	9950496340926	264.0	15.0	1.0	5.0	
1500220166455	9950516482528	264.0	15.0	1.0	5.0	
1500220166490	9950536624129	264.0	15.0	1.0	5.0	
1500220166508	9950556765731	264.0	15.0	1.0	5.0	
1500220166525	9950576907332	264.0	15.0	1.0	5.0	
1500220166545	9950597048934	264.0	15.0	1.0	5.0	
1500220166561	9950617190535	264.0	15.0	1.0	5.0	
1500220166578	9950637332137	264.0	15.0	1.0	5.0	
1500220166598	9950657473739	264.0	15.0	1.0	5.0	
1500220166631	9950677615340	264.0	15.0	1.0	5.0	
1500220166649	9950697756942	264.0	15.0	1.0	5.0	
1500220166666	9950717898543	264.0	15.0	1.0	5.0	
1500220166684	9950738040145	264.0	15.0	1.0	5.0	
1500220166703	9950758181746	264.0	15.0	1.0	5.0	
1500220166719	9950778323348	264.0	15.0	1.0	5.0	
1500220166737	9950798464950	264.0	15.0	1.0	5.0	
1500220166772	9950818606551	264.0	15.0	1.0	5.0	
1500220166790	9950838748153	264.0	15.0	1.0	5.0	
1500220166808	9950858889754	264.0	15.0	1.0	5.0	
1500220166825	9950879031356	264.0	15.0	1.0	5.0	
1500220166842	9950899172957	264.0	15.0	1.0	5.0	
1500220166862	9950919314559	264.82464599609375	15.0	1.0	5.0	
1500220166878	9950939456160	265.0	15.0	1.0	5.0	
1500220166913	9950959597762	265.0	15.0	1.0	5.0	
1500220166931	9950979739364	265.0	14.73785400390625	1.0	5.0	
1500220166949	9950999880965	265.0	14.0	1.0	5.0	
1500220166967	9951020022567	265.0	14.0	1.0	5.0	
1500220166984	9951040164168	265.0	14.0	1.0	5.0	
1500220167001	9951060305770	265.0	14.0	1.0	5.0	
1500220167020	9951080447371	265.9913330078125	14.0	1.9913177490234375	5.0	
1500220167054	9951100588973	266.0	13.0	2.0	5.0	
1500220167073	9951120730575	266.282958984375	12.717025756835938	2.0	5.0	
1500220167089	9951140872176	267.0	12.0	2.4288177490234375	5.0	
1500220167107	9951161013778	267.57464599609375	12.0	3.0	5.0	
1500220167127	9951181155379	268.0	11.279525756835938	3.0	5.0	
1500220167142	9951201296981	268.8663330078125	10.133682250976563	3.0	5.0	
1500220167178	9951221438582	269.01214599609375	9.98785400390625	3.0	5.0	
1500220167196	9951241580184	270.0	9.0	3.0	5.0	
1500220167213	9951261721785	270.3038330078125	8.696182250976563	3.0	5.0	
1500220167233	9951281863387	271.44964599609375	8.0	3.44964599609375	5.0	
1500220167248	9951302004989	272.595458984375	7.4045257568359375	4.0	5.0	
1500220167265	9951322146590	273.7413330078125	7.0	4.7413177490234375	5.0	
1500220167285	9951342288192	274.88714599609375	7.0	5.0	5.0	
1500220167318	9951362429793	277.0659484863281	6.0	6.0	5.0	
1500220167336	9951382571395	279.53643798828125	6.0	5.8211822509765625	5.0	
1500220167354	9951402712996	282.97393798828125	6.0	5.0	5.0	
1500220167371	9951422854598	285.9409484863281	6.0	5.0	5.0	
1500220167391	9951442996200	288.84893798828125	5.3836822509765625	5.6163177490234375	5.0	
1500220167407	9951463137801	292.28643798828125	5.0	6.0	5.0	
1500220167425	9951483279403	295.72393798828125	4.0920257568359375	6.9079742431640625	5.0	
1500220167459	9951503421004	299.16143798828125	1.892364501953125	8.053817749023438	5.0	
1500220167477	9951523562606	302.59893798828125	0.0	9.0	5.0	
1500220167496	9951543704207	306.03643798828125	-0.690948486328125	9.0	5.0	
1500220167512	9951563845809	308.9826354980469	-2.982635498046875	9.0	5.0	
1500220167530	9951583987410	311.2742919921875	-5.2742919921875	8.36285400390625	5.0	
1500220167549	9951604129012	313.5659484863281	-7.565948486328125	7.2170257568359375	5.0	
1500220167566	9951624270614	315.8576354980469	-9.857635498046875	7.0	5.0	
1500220167601	9951644412215	318.1492919921875	-12.07464599609375	8.0	5.0	
1500220167618	9951664553817	320.220458984375	-13.220474243164063	8.0	5.0	
1500220167636	9951684695418	321.3663330078125	-14.366317749023438	8.0	5.0	
1500220167655	9951704837020	322.51214599609375	-15.51214599609375	8.51214599609375	5.0	
1500220167671	9951724978621	323.657958984375	-16.0	9.0	5.0	
1500220167689	9951745120223	325.6076354980469	-16.0	9.0	5.0	
1500220167708	9951765261825	326.94964599609375	-16.0	9.94964599609375	5.0	
1500220167742	9951785403426	328.1909484863281	-16.095474243164063	10.0	5.0	
1500220167761	9951805545028	330.4826354980469	-17.241317749023438	10.0	5.0	
1500220167777	9951825686629	332.7742919921875	-18.0	10.0	5.0	
1500220167795	9951845828231	335.0659484863281	-18.0	9.467025756835938	5.0	
1500220167817	9951865969832	337.3576354980469	-17.321182250976563	8.321182250976563	5.0	
1500220167830	9951886111434	339.6492919921875	-16.17535400390625	6.3507080078125	5.0	
1500220167848	9951906253035	341.9409484863281	-15.029525756835938	5.0295257568359375	5.0	
1500220167882	9951926394637	344.34893798828125	-13.883682250976563	3.0	5.0	
1500220167900	9951946536239	347.5242919921875	-13.0	3.0	5.0	
1500220167919	9951966677840	349.8159484863281	-13.407974243164063	3.0	5.0	
1500220167935	9951986819442	352.1076354980469	-15.661453247070313	3.0	5.0	
1500220167953	9952006961043	354.3992919921875	-19.09893798828125	3.69964599609375	5.0	
1500220167972	9952027102645	355.845458984375	-22.536422729492188	4.8454742431640625	5.0	
1500220167989	9952047244246	356.9913330078125	-24.982635498046875	5.9913177490234375	5.0	
1500220168024	9952067385848	358.13714599609375	-24.86285400390625	7.13714599609375	5.0	
1500220168041	9952087527450	358.717041015625	-23.434051513671875	7.7170257568359375	5.0	
1500220168059	9952107669051	357.5711669921875	-20.713546752929688	7.0	5.0	
1500220168080	9952127810653	357.0	-17.27606201171875	6.42535400390625	5.0	
1500220168094	9952147952254	356.279541015625	-14.559051513671875	6.0	5.0	
1500220168112	9952168093856	356.0	-12.267364501953125	6.0	5.0	
1500220168147	9952188235457	356.0	-12.0	6.01214599609375	5.0	
1500220168165	9952208377059	356.157958984375	-12.0	7.1579742431640625	5.0	
1500220168184	9952228518660	357.0	-12.0	8.303817749023438	5.0	
1500220168199	9952248660262	357.0	-12.0	9.44964599609375	5.0	
1500220168219	9952268801864	356.404541015625	-12.0	10.0	5.0	
1500220168236	9952288943465	356.0	-12.0	10.741317749023438	5.0	
1500220168252	9952309085067	355.11285400390625	-11.11285400390625	11.0	5.0	
1500220168287	9952329226668	354.967041015625	-10.967025756835938	11.0	5.0	
1500220168307	9952349368270	354.0	-10.0	10.821182250976563	5.0	
1500220168324	9952369509871	353.67535400390625	-10.0	10.0	5.0	
1500220168344	9952389651473	352.529541015625	-10.0	10.0	5.0	
1500220168361	9952409793075	352.0	-10.0	10.0	5.0	
1500220168377	9952429934676	351.23785400390625	-10.0	10.0	5.0	
1500220168395	9952450076278	350.092041015625	-10.0	10.0	5.0	
1500220168429	9952470217879	350.0	-10.0	10.0	5.0	
1500220168447	9952490359481	349.80035400390625	-10.0	10.0	5.0	
1500220168465	9952510501082	348.654541015625	-10.0	10.0	5.0	
1500220168483	9952530642684	348.0	-10.0	10.0	5.0	
1500220168501	9952550784285	347.36285400390625	-10.0	10.0	5.0	
1500220168517	9952570925887	347.0	-10.0	10.0	5.0	
1500220168535	9952591067489	346.0711669921875	-10.0	10.0	5.0	
1500220168571	9952611209090	345.92535400390625	-10.0	10.0	5.0	
1500220168589	9952631350692	345.0	-10.0	10.0	5.0	
1500220168609	9952651492293	344.6336669921875	-10.0	10.366317749023438	5.0	
1500220168626	9952671633895	344.0	-10.0	11.0	5.0	
1500220168642	9952691775496	344.0	-10.0	11.0	5.0	
1500220168671	9952711917098	344.0	-10.0	11.0	5.0	
1500220168693	9952732058700	343.05035400390625	-10.0	11.0	5.0	
1500220168734	9952752200301	343.0	-10.0	11.0	5.0	
1500220168772	9952772341903	343.0	-10.0	11.0	5.0	
1500220168803	9952792483504	342.61285400390625	-10.0	11.0	5.0	
1500220168819	9952812625106	342.0	-10.0	11.0	5.0	
1500220168833	9952832766707	342.0	-10.0	11.0	5.0	
1500220168842	9952852908309	342.0	-10.0	11.0	5.0	
1500220168854	9952873049910	342.0	-10.0	11.0	5.0	
1500220168868	9952893191512	341.0	-10.116317749023438	11.0	5.0	
1500220168878	9952913333114	341.0	-11.0	11.0	5.0	
1500220168888	9952933474715	341.0	-11.407974243164063	11.0	5.0	
1500220168904	9952953616317	341.0	-12.0	11.0	5.0	
1500220168924	9952973757918	340.30035400390625	-12.0	11.0	5.0	
1500220168940	9952993899520	340.0	-12.0	11.0	5.0	
1500220168958	9953014041121	340.0	-12.0	11.0	5.0	
1500220168994	9953034182723	339.86285400390625	-11.0	11.0	5.0	
1500220169012	9953054324325	339.0	-10.717025756835938	11.0	5.0	
1500220169030	9953074465926	339.0	-10.0	10.571182250976563	5.0	
1500220169048	9953094607528	339.0	-9.42535400390625	10.0	5.0	
1500220169063	9953114749129	338.279541015625	-9.0	10.0	5.0	
1500220169082	9953134890731	338.0	-9.0	10.0	5.0	
1500220169116	9953155032332	338.0	-8.0	10.0	5.0	
1500220169135	9953175173934	337.842041015625	-8.0	10.0	5.0	
1500220169152	9953195315535	337.0	-8.0	10.0	5.0	
1500220169169	9953215457137	337.0	-8.0	10.0	5.0	
1500220169188	9953235598739	337.0	-8.0	10.0	5.0	
1500220169204	9953255740340	337.0	-8.0	10.0	5.0	
1500220169222	9953275881942	336.11285400390625	-8.0	10.0	5.0	
1500220169257	9953296023543	336.0	-8.0	10.0	5.0	
1500220169290	9953316165145	336.0	-8.178817749023438	10.0	5.0	
1500220169302	9953336306746	335.67535400390625	-9.0	10.0	5.0	
1500220169311	9953356448348	335.0	-9.0	9.529525756835938	5.0	
1500220169328	9953376589950	335.0	-9.0	9.0	5.0	
1500220169346	9953396731551	334.23785400390625	-9.0	9.0	5.0	
1500220169363	9953416873153	334.0	-9.0	9.0	5.0	
1500220169401	9953437014754	334.0	-9.0	9.0	5.0	
1500220169418	9953457156356	334.0	-9.0	9.0	5.0	
1500220169435	9953477297957	333.654541015625	-9.0	8.654525756835938	5.0	
1500220169454	9953497439559	333.0	-9.491317749023438	8.0	5.0	
1500220169469	9953517581160	333.0	-10.0	8.0	5.0	
1500220169487	9953537722762	333.0	-10.0	8.0	5.0	
1500220169505	9953557864364	333.0	-10.0	8.0	5.0	
1500220169539	9953578005965	332.92535400390625	-10.0	8.0	5.0	
1500220169557	9953598147567	332.0	-10.0	8.0	5.0	
1500220169575	9953618289168	332.0	-10.366317749023438	8.0	5.0	
1500220169592	9953638430770	332.0	-11.0	8.0	5.0	
1500220169611	9953658572371	332.0	-11.0	7.3420257568359375	5.0	
1500220169628	9953678713973	332.0	-11.0	7.0	5.0	
1500220169645	9953698855575	331.05035400390625	-11.0	7.0	5.0	
1500220169680	9953718997176	331.0	-11.0	7.0	5.0	
1500220169698	9953739138778	331.0	-11.0	7.0	5.0	
1500220169716	9953759280379	331.0	-11.0	7.0	5.0	
1500220169734	9953779421981	331.0	-11.0	7.0	5.0	
1500220169751	9953799563582	331.0	-11.0	7.0	5.0	
1500220169770	9953819705184	331.0	-11.0	7.0	5.0	
1500220169786	9953839846785	331.0	-11.970474243164063	7.0	5.0	
1500220169823	9953859988387	331.0	-12.0	7.0	5.0	
1500220169839	9953880129989	330.73785400390625	-12.0	7.0	5.0	
1500220169857	9953900271590	330.0	-12.0	7.0	5.0	
1500220169874	9953920413192	330.0	-11.446182250976563	7.0	5.0	
1500220169892	9953940554793	330.0	-11.0	7.0	5.0	
1500220169909	9953960696395	330.0	-11.0	7.0	5.0	
1500220169929	9953980837996	330.0	-11.0	7.0	5.0	
1500220169962	9954000979598	330.0	-12.0	7.0	5.0	
1500220169982	9954021121200	330.0	-12.0	7.0	5.0	
1500220169998	9954041262801	330.0	-12.0	7.0	5.0	
1500220170015	9954061404403	330.0	-12.0	7.0	5.0	
1500220170035	9954081546004	330.0	-12.0	7.0	5.0	
1500220170056	9954101687606	330.0	-12.0	7.0	5.0	
1500220170087	9954121829207	330.0	-12.0	7.0	5.0	
1500220170104	9954141970809	329.8515625	-12.0	7.0	5.0	
1500220170122	9954162112410	329.0	-12.0	7.0	5.0	
1500220170139	9954182254012	329.0	-12.0	7.0	5.0	
1500220170157	9954202395614	329.0	-12.0	7.0	5.0	
1500220170175	9954222537215	329.0	-12.0	7.0	5.0	
1500220170194	9954242678817	329.0	-12.0	7.0	5.0	
1500220170210	9954262820418	329.0	-12.0	7.0	5.0	
1500220170228	9954282962020	329.0	-12.0	7.0	5.0	
1500220170248	9954303103621	329.0	-12.0	7.0	5.0	
1500220170263	9954323245223	329.0	-12.0	7.0	5.0	
1500220170281	9954343386825	329.0	-12.0	7.0	5.0	
1500220170316	9954363528426	329.0	-12.0	7.0	5.0	
1500220170334	9954383670028	329.0	-12.0	7.0	5.0	
1500220170353	9954403811629	329.0	-11.6162109375	7.0	5.0	
1500220170369	9954423977767	328.4542236328125	-11.0	7.0	5.0	
1500220170392	9954444119368	328.0	-11.0	7.0	5.0	
1500220170405	9954464260970	328.0	-11.0	7.0	5.0	
1500220170439	9954484402571	328.0	-11.0	7.0	5.0	
1500220170457	9954504544173	328.0	-11.0	7.0	5.0	
1500220170474	9954524685775	328.0	-11.0	7.0	5.0	
1500220170492	9954544827376	328.0	-11.0	7.0	5.0	
1500220170511	9954564968978	328.0	-11.0	7.0	5.0	
1500220170528	9954585110579	328.0	-11.0	7.0	5.0	
1500220170562	9954605252181	328.0	-11.0	7.0	5.0	
1500220170580	9954625393782	328.0	-10.834518432617188	7.0	5.0	
1500220170598	9954645535384	328.0	-10.0	7.0	5.0	
1500220170618	9954665676986	328.0	-10.0	7.0	5.0	
1500220170633	9954685818587	328.0	-10.0	7.0	5.0	
1500220170651	9954705960189	328.0	-10.0	7.0	5.0	
1500220170670	9954726101790	328.0	-10.0	7.0	5.0	
1500220170704	9954746243392	328.0	-9.0	7.1373138427734375	5.0	
1500220170721	9954766384993	328.0	-9.0	8.0	5.0	
1500220170739	9954786526595	328.0	-9.0	8.0	5.0	
1500220170757	9954806668196	328.0	-9.0	8.0	5.0	
1500220170777	9954826809798	328.0	-9.0	8.0	5.0	
1500220170792	9954846951400	328.0	-9.0	8.0	5.0	
1500220170829	9954867093001	328.0	-9.0	8.0	5.0	
1500220170845	9954887234603	328.0	-9.0	8.0	5.0	
1500220170863	9954907376204	328.0	-9.0	8.0	5.0	
1500220170880	9954927517806	328.0	-8.404937744140625	8.0	5.0	
1500220170897	9954947659407	327.24298095703125	-8.0	8.0	5.0	
1500220170915	9954967801009	327.0	-8.0	8.0	5.0	
1500220170949	9954987942611	327.0	-8.0	8.0	5.0	
1500220170968	9955008084212	327.0	-8.0	8.0	5.0	
1500220170988	9955028225814	327.0	-8.0	8.0	5.0	
1500220171003	9955048367415	327.0	-8.0	8.0	5.0	
1500220171020	9955068509017	327.0	-8.0	8.0	5.0	
1500220171040	9955088650618	327.0	-8.0	8.0	5.0	
1500220171056	9955108792220	327.0	-8.0	8.0	5.0	
1500220171074	9955128933821	327.0	-8.0	8.0	5.0	
1500220171095	9955149075423	327.0	-8.0	8.0	5.0	
1500220171126	9955169217025	327.0	-8.0	8.0	5.0	
1500220171144	9955189358626	327.0	-8.0	8.0	5.0	
1500220171162	9955209500228	327.0	-8.0	8.0	5.0	
1500220171180	9955229641829	327.0	-8.0	8.0	5.0	
1500220171199	9955249783431	327.0	-8.0	8.0	5.0	
1500220171216	9955269925032	327.0	-8.0	8.0	5.0	
1500220171233	9955290066634	327.0	-8.0	8.0	5.0	
1500220171251	9955310208236	327.0	-8.0	8.0	5.0	
1500220171268	9955330349837	327.0	-8.0	8.0	5.0	
1500220171304	9955350491439	327.0	-8.0	8.0	5.0	
1500220171321	9955370633040	327.0	-8.0	8.0	5.0	
1500220171338	9955390774642	327.0	-8.0	8.0	5.0	
1500220171357	9955410916243	326.3943786621094	-8.0	8.0	5.0	
1500220171375	9955431057845	326.0	-8.0	8.0	5.0	
1500220171391	9955451199446	326.0	-8.0	8.0	5.0	
1500220171426	9955471341048	326.0	-8.0	8.0	5.0	
1500220171444	9955491482650	325.7464904785156	-8.0	8.0	5.0	
1500220171464	9955511624251	325.0	-8.0	8.0	5.0	
1500220171480	9955531765853	325.0	-8.0	8.0	5.0	
1500220171497	9955551907454	325.0	-8.0	8.0	5.0	
1500220171516	9955572049056	324.0986022949219	-8.0	8.901397705078125	5.0	
1500220171550	9955592190657	324.0	-8.0	9.0	5.0	
1500220171567	9955612332259	324.0	-8.0	9.0	5.0	
1500220171585	9955632473861	324.0	-8.0	9.0	5.0	
1500220171603	9955652615462	323.4507141113281	-8.0	9.0	5.0	
1500220171622	9955672757064	323.0	-8.0	9.0	5.0	
1500220171637	9955692898665	323.0	-8.0	9.0	5.0	
1500220171673	9955713040267	323.0	-8.0	9.0	5.0	
1500220171691	9955733181868	323.0	-8.0	9.0	5.0	
1500220171708	9955753323470	323.0	-8.0	9.0	5.0	
1500220171726	9955773465071	323.0	-8.0	9.0	5.0	
1500220171744	9955793606673	322.31689453125	-8.0	9.683090209960938	5.0	
1500220171761	9955813748275	322.0	-8.0	10.0	5.0	
1500220171797	9955833889876	322.0	-8.007034301757813	10.0	5.0	
1500220171813	9955854031478	322.0	-9.0	10.0	5.0	
1500220171831	9955874173079	322.0	-8.669021606445313	10.0	5.0	
1500220171850	9955894314681	322.0	-8.0	10.0	5.0	
1500220171867	9955914456282	322.0	-8.0	10.0	5.0	
1500220171886	9955934597884	322.0	-8.0	10.0	5.0	
1500220171901	9955954739486	322.0	-8.0	10.0	5.0	
1500220171941	9955974881087	322.0	-9.0	10.0	5.0	
1500220171955	9955995022689	322.0	-9.0	10.0	5.0	
1500220171972	9956015164290	322.0	-9.0	10.0	5.0	
1500220171992	9956035305892	322.0	-9.0	10.0	5.0	
1500220172011	9956055447493	322.0	-8.358505249023438	10.0	5.0	
1500220172028	9956075589095	322.0	-8.0	9.227752685546875	5.0	
1500220172045	9956095730696	322.9039306640625	-8.0	9.0	2.0	
1500220172079	9956115872298	323.0	-8.0	9.0	2.0	
1500220172098	9956136013900	323.0	-8.0	9.0	2.0	
1500220172114	9956156155501	323.0	-8.0	9.0	2.0	
1500220172131	9956176297103	323.0	-8.0	9.0	2.0	
1500220172150	9956196438704	323.0	-8.0	9.0	2.0	
1500220172166	9956216580306	323.0	-8.0	9.0	2.0	
1500220172185	9956236721907	322.17840576171875	-8.0	9.0	2.0	
1500220172202	9956256863509	322.0	-8.0	9.0	2.0	
1500220172239	9956277005111	322.0	-8.0	9.0	2.0	
1500220172259	9956297146712	322.0	-8.0	9.0	2.0	
1500220172274	9956317288314	322.0	-8.0	9.0	2.0	
1500220172290	9956337429915	322.0	-8.0	9.0	2.0	
1500220172308	9956357571517	322.0	-8.0	9.0	2.0	
1500220172325	9956377713118	322.0	-8.0	9.0	2.0	
1500220172342	9956397854720	322.0	-8.0	9.0	2.0	
1500220172361	9956417996321	322.0	-8.0	9.0	2.0	
1500220172395	9956438137923	322.0	-8.0	9.0	2.0	
1500220172415	9956458279525	322.0	-8.0	9.0	2.0	
1500220172431	9956478421126	322.0	-8.0	9.0	2.0	
1500220172448	9956498562728	322.0	-8.0	9.0	2.0	
1500220172468	9956518704329	322.0	-8.0	9.0	2.0	
1500220172483	9956538845931	322.0	-8.0	9.0	2.0	
1500220172500	9956558987532	322.0	-8.0	9.0	2.0	
1500220172536	9956579129134	322.0	-8.0	9.0	2.0	
1500220172554	9956599270736	322.0	-8.0	9.0	2.0	
1500220172572	9956619412337	322.0	-8.0	9.0	2.0	
1500220172589	9956639553939	322.4425354003906	-8.0	9.0	2.0	
1500220172607	9956659695540	323.0	-8.0	9.0	2.0	
1500220172629	9956679837142	323.0	-8.0	9.0	2.0	
1500220172642	9956699978743	323.0	-8.0	9.0	2.0	
1500220172659	9956720120345	323.0	-8.0	9.0	2.0	
1500220172695	9956740261946	323.0	-8.0	9.0	2.0	
1500220172713	9956760403548	323.0	-8.0	9.0	2.0	
1500220172731	9956780545150	323.0	-8.0	9.0	2.0	
1500220172748	9956800686751	323.0	-8.0	9.0	2.0	
1500220172768	9956820828353	323.0	-8.0	9.0	2.0	
1500220172787	9956840969954	323.0	-8.0	9.0	2.0	
1500220172800	9956861111556	323.0	-8.0	9.0	2.0	
1500220172837	9956881253157	323.0	-8.0	9.0	2.0	
1500220172856	9956901394759	323.0	-8.0	9.0	2.0	
1500220172871	9956921536361	323.0	-8.0	9.0	2.0	
1500220172889	9956941677962	323.0	-8.0	9.0	2.0	
1500220172910	9956961819564	323.53936767578125	-8.0	9.0	2.0	
1500220172923	9956981961165	324.0	-8.0	9.0	2.0	
1500220172941	9957002102767	324.0	-8.0	9.0	2.0	
1500220172959	9957022244368	324.0	-8.0	9.0	2.0	
1500220172995	9957042385970	324.0	-8.0	9.0	2.0	
1500220173012	9957062527571	324.0	-7.721832275390625	9.0	2.0	
1500220173029	9957082669173	324.0	-7.0	9.0	2.0	
1500220173048	9957102810775	324.0	-7.0	9.0	2.0	
1500220173064	9957122952376	324.0	-7.0	9.0	2.0	
1500220173100	9957143093978	324.0	-7.0	9.0	2.0	
1500220173118	9957163235579	324.0	-7.0	9.0	2.0	
1500220173135	9957183377181	324.0	-7.0	9.0	2.0	
1500220173154	9957203518782	324.0	-7.0	9.0	2.0	
1500220173171	9957223660384	324.0	-7.0	9.0	2.0	
1500220173207	9957243801986	324.0	-7.0	9.0	2.0	
1500220173224	9957263943587	324.0	-7.0	9.0	2.0	
1500220173242	9957284085189	324.0	-7.0	9.363937377929688	2.0	
1500220173259	9957304226790	324.0	-7.0	10.0	2.0	
1500220173276	9957324368392	324.0	-7.0	10.0	2.0	
1500220173294	9957344509993	324.0	-7.0	10.0	2.0	
1500220173312	9957364651595	324.0	-7.0	10.0	2.0	
1500220173347	9957384793196	324.0	-7.0	10.0	2.0	
1500220173365	9957404934798	324.0	-7.0	10.0	2.0	
1500220173382	9957425076400	323.6291198730469	-7.0	10.0	2.0	
1500220173400	9957445218001	323.0	-7.0	10.0	2.0	
1500220173419	9957465359603	323.0	-7.0	10.0	2.0	
1500220173435	9957485501204	323.0	-7.0	10.0	2.0	
1500220173453	9957505642806	323.0	-7.0	10.0	2.0	
1500220173488	9957525784407	323.09185791015625	-7.0	10.0	2.0	
1500220173506	9957545926009	324.0	-7.0	10.0	2.0	
1500220173524	9957566067611	324.0	-7.0	10.0	2.0	
1500220173542	9957586209212	324.0	-7.0	10.0	2.0	
1500220173559	9957606350814	324.0	-7.0	10.0	2.0	
1500220173578	9957626492415	324.0	-7.0	10.0	2.0	
1500220173594	9957646634017	324.0	-7.0	10.0	2.0	
1500220173630	9957666775618	324.0	-7.0	10.0	2.0	
1500220173647	9957686917220	324.0	-7.0	10.0	2.0	
1500220173665	9957707058821	324.0	-7.0	10.0	2.0	
1500220173682	9957727200423	324.0	-7.0	10.0	2.0	
1500220173703	9957747342025	324.0	-7.0	10.0	2.0	
1500220173717	9957767483626	324.0	-7.0	10.0	2.0	
1500220173736	9957787625228	324.0	-7.0	10.0	2.0	
1500220173769	9957807766829	324.0	-7.0	10.0	2.0	
1500220173789	9957827908431	324.0	-7.0	10.0	2.0	
1500220173805	9957848050032	324.0	-7.0	10.0	2.0	
1500220173823	9957868191634	324.0	-7.0	10.0	2.0	
1500220173840	9957888333236	324.0	-7.0	10.0	2.0	
1500220173858	9957908474837	324.0	-7.0	10.0	2.0	
1500220173876	9957928616439	324.0	-7.0	10.0	2.0	
1500220173896	9957948758040	324.0	-7.0	10.0	2.0	
1500220173930	9957968899642	324.0	-7.0	10.0	2.0	
1500220173947	9957989041243	324.0	-7.0	10.0	2.0	
1500220173965	9958009182845	324.0	-7.0	10.0	2.0	
1500220173981	9958029324446	324.0	-7.0	10.0	2.0	
1500220174000	9958049466048	324.0	-7.0	10.0	2.0	
1500220174017	9958069607650	324.0	-7.0	10.0	2.0	
1500220174035	9958089749251	324.0	-7.0	10.0	2.0	
1500220174055	9958109890853	324.0	-7.0	10.0	2.0	
1500220174069	9958130032454	324.0	-7.0	10.0	2.0	
1500220174088	9958150174056	324.0	-7.0	10.0	2.0	
1500220174122	9958170315657	324.0	-7.0	10.0	2.0	
1500220174141	9958190457259	324.0	-7.0	10.0	2.0	
1500220174159	9958210598861	324.0	-7.0	10.0	2.0	
1500220174176	9958230740462	324.0	-7.0	10.0	2.0	
1500220174197	9958250882064	324.0	-7.0	10.0	2.0	
1500220174212	9958271023665	324.0	-7.0	10.0	2.0	
1500220174230	9958291165267	324.0	-7.0	10.0	2.0	
1500220174268	9958311306868	324.0	-7.0	10.0	2.0	
1500220174283	9958331448470	324.0	-7.0	10.0	2.0	
1500220174299	9958351590071	324.0	-7.0	10.0	2.0	
1500220174318	9958371731673	324.0	-7.0	10.0	2.0	
1500220174334	9958391873275	324.0	-7.0	10.0	2.0	
1500220174352	9958412014876	324.0	-7.0	10.0	2.0	
1500220174370	9958432156478	324.0	-7.0	10.0	2.0	
1500220174405	9958452298079	324.0	-7.0	10.0	2.0	
1500220174426	9958472439681	324.0	-7.0	10.0	2.0	
1500220174440	9958492581282	324.0	-7.0	10.0	2.0	
1500220174458	9958512722884	324.0	-7.0	10.0	2.0	
1500220174476	9958532864486	324.0	-7.0	10.0	2.0	
1500220174494	9958553006087	324.0	-7.0	10.0	2.0	
1500220174511	9958573147689	324.0	-7.0	10.0	2.0	
1500220174546	9958593289290	324.0	-7.0	10.0	2.0	
1500220174563	9958613430892	324.0	-7.0	10.0	2.0	
1500220174582	9958633572493	324.0	-7.0	10.0	2.0	
1500220174598	9958653714095	324.0	-7.0	10.0	2.0	
1500220174622	9958673855696	324.0	-7.0	10.0	2.0	
1500220174634	9958693997298	324.0	-7.0	10.0	2.0	
1500220174669	9958714138900	324.0	-7.0	10.0	2.0	
1500220174691	9958734280501	324.0	-7.0	10.0	2.0	
1500220174705	9958754422103	324.0	-7.0	10.0	2.0	
1500220174722	9958774563704	324.0	-7.0	10.0	2.0	
1500220174742	9958794705306	324.0	-7.0	10.0	2.0	
1500220174757	9958814846907	324.0	-7.0	10.0	2.0	
1500220174775	9958834988509	324.0	-7.0	9.1163330078125	2.0	
1500220174810	9958855130111	324.0	-7.0	9.0	2.0	
1500220174828	9958875271712	324.0	-7.0	9.0	2.0	
1500220174847	9958895413314	324.0	-7.0	9.0	2.0	
1500220174863	9958915554915	324.0	-7.0	9.0	2.0	
1500220174881	9958935696517	324.61285400390625	-7.0	9.0	2.0	
1500220174900	9958955838118	324.2413330078125	-7.0	9.0	2.0	
1500220174916	9958975979720	324.0	-7.0	9.0	2.0	
1500220174951	9958996121321	324.05035400390625	-7.0	9.0	2.0	
1500220174969	9959016262923	325.0	-7.0	9.0	2.0	
1500220174987	9959036404525	325.0	-7.0	9.0	2.0	
1500220175017	9959056546126	325.0	-7.0	9.0	2.0	
1500220175034	9959076687728	324.3663330078125	-7.0	9.0	2.0	
1500220175048	9959096829329	324.0	-7.0	9.0	2.0	
1500220175060	9959116970931	324.0	-7.0	9.0	2.0	
1500220175094	9959137112532	325.0	-7.0	9.0	2.0	
1500220175110	9959157254134	324.7829895019531	-7.0	9.0	2.0	
1500220175127	9959177395736	324.36285400390625	-7.0	9.0	2.0	
1500220175146	9959197537337	325.0	-7.0	9.0	2.0	
1500220175165	9959217678939	325.0	-7.0	9.0	2.0	
1500220175183	9959237820540	325.0	-7.0	9.0	2.0	
1500220175215	9959257962142	325.0	-7.0	9.0	2.0	
1500220175276	9959278103743	325.0	-7.0	9.0	2.0	
1500220175296	9959298245345	325.0	-7.0	9.0	2.0	
1500220175323	9959318386946	325.0	-7.0	9.0	2.0	
1500220175337	9959338528548	325.0	-7.0	9.0	2.0	
1500220175346	9959358670150	325.0	-7.0	9.0	2.0	
1500220175359	9959378811751	325.0	-7.0	9.0	2.0	
1500220175364	9959398953353	325.0	-7.0	9.0	2.0	
1500220175391	9959419094954	325.0	-7.0	9.0	2.0	
1500220175403	9959439236556	325.0	-7.0	9.0	2.0	
1500220175422	9959459378157	325.0	-7.0	9.0	2.0	
1500220175430	9959479519759	325.0	-7.0	9.0	2.0	
1500220175447	9959499661361	325.0	-7.0	9.0	2.0	
1500220175467	9959519802962	325.0	-7.0	9.0	2.0	
1500220175484	9959539944564	325.0	-7.0	9.0	2.0	
1500220175517	9959560086165	325.0	-7.0	9.0	2.0	
1500220175533	9959580227767	325.0	-7.0	9.0	2.0	
1500220175559	9959600369368	325.0	-7.0	9.0	2.0	
1500220175570	9959620510970	325.0	-7.0	9.0	2.0	
1500220175589	9959640652571	325.0	-7.0	9.0	2.0	
1500220175604	9959660794173	325.0	-7.0	9.0	2.0	
1500220175642	9959680935775	324.0	-7.0	9.0	2.0	
1500220175656	9959701077376	324.0	-7.0	9.0	2.0	
1500220175675	9959721218978	324.30035400390625	-7.0	9.0	2.0	
1500220175692	9959741360579	325.0	-7.0	9.0	2.0	
1500220175710	9959761502181	325.0	-7.0	9.0	2.0	
1500220175730	9959781643782	324.26214599609375	-7.0	9.0	2.0	
1500220175756	9959801785384	324.0	-7.0	9.0	2.0	
1500220175794	9959821926986	325.0	-7.0	9.0	2.0	
1500220175825	9959842068587	325.0	-7.0	9.0	2.0	
1500220175838	9959862210189	325.0	-7.0	9.0	2.0	
1500220175853	9959882351790	325.0	-7.0	9.0	2.0	
1500220175868	9959902493392	325.0	-7.0	9.0	2.0	
1500220175900	9959922634993	325.0	-7.0	9.0	2.0	
1500220175919	9959942776595	324.0954895019531	-7.0	9.0	2.0	
1500220175941	9959962918196	324.0	-7.0	9.0	2.0	
1500220175955	9959983059798	324.0	-7.0	9.0	2.0	
1500220175977	9960003201400	324.0	-7.0	9.0	2.0	
1500220175999	9960023343001	324.0	-7.0	9.0	2.0	
1500220176015	9960043484603	324.0	-7.0	9.0	2.0	
1500220176027	9960063626204	324.0	-7.0	9.0	2.0	
1500220176034	9960083767806	324.0	-7.0	9.0	2.0	
1500220176064	9960103909407	324.0	-7.0	9.0	2.0	
1500220176080	9960124051009	324.0	-7.0	9.0	2.0	
1500220176097	9960144192611	324.0	-7.0	9.0	2.0	
1500220176118	9960164334212	324.0	-7.0	9.0	2.0	
1500220176136	9960184475814	324.0	-7.0	9.0	2.0	
1500220176150	9960204617415	324.0	-7.0	9.800338745117188	2.0	
1500220176172	9960224759017	324.0	-7.0	10.0	2.0	
1500220176202	9960244900618	324.0	-7.0	10.0	2.0	
1500220176220	9960265042220	324.0	-7.0	10.0	2.0	
1500220176238	9960285183821	324.0	-7.0	10.0	2.0	
1500220176256	9960305325423	324.0	-7.0	10.0	2.0	
1500220176277	9960325467025	324.0	-7.0	10.0	2.0	
1500220176306	9960345608626	324.0	-7.0	10.0	2.0	
1500220176334	9960365750228	324.0	-7.0	10.0	2.0	
1500220176393	9960385891829	324.0	-7.0	10.0	2.0	
1500220176405	9960406033431	324.0	-7.0	10.0	2.0	
1500220176415	9960426175032	324.0	-7.0	10.0	2.0	
1500220176423	9960446316634	324.0	-7.0	10.0	2.0	
1500220176431	9960466458236	324.0	-7.0	10.0	2.0	
1500220176443	9960486599837	324.0	-7.0	10.0	2.0	
1500220176452	9960506741439	324.0	-7.0	10.0	2.0	
1500220176485	9960526883040	324.0	-7.0	10.0	2.0	
1500220176502	9960547024642	324.0	-7.0	10.0	2.0	
1500220176520	9960567166243	324.0	-7.0	10.0	2.0	
1500220176541	9960587307845	324.0	-7.0	10.0	2.0	
1500220176555	9960607449446	324.0	-7.0	10.0	2.0	
1500220176574	9960627591048	324.0	-7.0	10.0	2.0	
1500220176608	9960647732650	324.0	-7.0	10.0	2.0	
1500220176626	9960667874251	324.0	-7.0	10.0	2.0	
1500220176644	9960688015853	324.0	-7.0	10.0	2.0	
