1500219791598	9575641003782	323.0	-22.0	0.0	95.0	
1500219791613	9575661145384	323.0	-22.0	0.0	95.0	
1500219791631	9575681286986	323.0	-22.0	0.0	95.0	
1500219791653	9575701428587	323.0	-22.0	0.0	95.0	
1500219791671	9575721570189	323.0	-21.17022705078125	0.0	95.0	
1500219791694	9575741711790	323.0	-21.0	0.0	95.0	
1500219791719	9575761853392	323.1684265136719	-21.0	0.0	95.0	
1500219791736	9575781994993	324.0	-21.0	0.0	95.0	
1500219791760	9575802136595	324.0	-21.0	0.0	95.0	
1500219791771	9575822278196	324.0	-21.0	0.0	95.0	
1500219791790	9575842419798	324.0	-21.0	0.0	95.0	
1500219791824	9575862561400	324.0	-21.0	0.0	95.0	
1500219791841	9575882703001	324.0	-21.0	0.0	95.0	
1500219791858	9575902844603	324.0	-21.0	0.0	95.0	
1500219791876	9575922986204	324.0	-21.0	0.0	95.0	
1500219791894	9575943127806	324.0	-21.0	0.0	95.0	
1500219791918	9575963269407	324.0	-21.0	0.0	95.0	
1500219791947	9575983411009	324.0	-21.0	0.0	95.0	
1500219791966	9576003552611	324.0	-21.0	0.0	95.0	
1500219791983	9576023694212	324.0	-21.0	0.0	95.0	
1500219792001	9576043835814	324.0	-21.0	-0.445770263671875	95.0	
1500219792020	9576063977415	324.0	-21.0	-1.0	95.0	
1500219792035	9576084119017	324.0	-21.0	-1.0	95.0	
1500219792053	9576104260618	324.0	-21.0	-1.0	95.0	
1500219792072	9576124402220	324.0	-21.0	-1.0	95.0	
1500219792106	9576144543821	324.0	-21.0	-1.0	95.0	
1500219792124	9576164685423	324.0	-21.0	-1.0	95.0	
1500219792141	9576184827025	324.0	-21.0	-1.0	95.0	
1500219792158	9576204968626	324.0	-21.0	-1.0	95.0	
1500219792176	9576225110228	324.0	-21.0	-1.0	95.0	
1500219792194	9576245251829	324.0	-21.0	-1.0	95.0	
1500219792212	9576265393431	324.0	-21.0	-1.0	95.0	
1500219792247	9576285535032	324.0	-21.0	-1.0	95.0	
1500219792265	9576305676634	324.0	-21.0	-1.0	95.0	
1500219792282	9576325818236	324.0	-21.0	-1.0	95.0	
1500219792300	9576345959837	324.0	-21.0	-1.0	95.0	
1500219792318	9576366101439	324.0	-21.0	-1.0	95.0	
1500219792336	9576386243040	324.0	-21.0	-1.0	95.0	
1500219792353	9576406384642	324.0	-21.0	-1.0	95.0	
1500219792390	9576426526243	324.0	-21.0	-1.0	95.0	
1500219792406	9576446667845	324.0	-21.0	-1.0	95.0	
1500219792423	9576466809446	324.0	-21.0	-1.0	95.0	
1500219792441	9576486951048	324.0	-21.0	-1.0	95.0	
1500219792459	9576507092650	324.0	-21.0	-1.566253662109375	95.0	
1500219792476	9576527234251	323.29779052734375	-21.0	-2.0	95.0	
1500219792496	9576547375853	323.0	-21.836761474609375	-2.0	95.0	
1500219792518	9576567517454	323.0	-21.027542114257813	-2.0	95.0	
1500219792546	9576587659056	323.0	-21.0	-2.0	95.0	
1500219792563	9576607800657	323.0	-21.244400024414063	-2.0	95.0	
1500219792582	9576627942259	323.0	-21.61962890625	-1.61962890625	95.0	
1500219792600	9576648083861	323.0	-21.515457153320313	-1.0	95.0	
1500219792616	9576668225462	323.0	-22.0	-0.3494110107421875	95.0	
1500219792634	9576688367064	323.0	-22.0	0.0	95.0	
1500219792654	9576708508665	323.0	-22.0	0.0	95.0	
1500219792687	9576728650267	323.0	-22.0	0.0	95.0	
1500219792705	9576748791868	323.0	-22.0	0.0	95.0	
1500219792723	9576768933470	323.0	-22.0	0.0	95.0	
1500219792741	9576789075071	323.0	-22.0	0.0	95.0	
1500219792758	9576809216673	323.0	-22.0	0.0	95.0	
1500219792775	9576829358275	323.0	-22.0	0.0	95.0	
1500219792793	9576849499876	323.0	-22.0	0.0	95.0	
1500219792829	9576869641478	323.0	-21.0	0.0	95.0	
1500219792846	9576889783079	323.0	-21.0	-0.142852783203125	95.0	
1500219792865	9576909924681	322.72119140625	-21.0	-1.0	95.0	
1500219792882	9576930066282	322.0	-21.0	-1.0	95.0	
1500219792899	9576950207884	322.0	-21.0	-0.4492340087890625	95.0	
1500219792917	9576970349486	322.0	-21.0	0.0	95.0	
1500219792933	9576990491087	322.0	-21.0	0.0	95.0	
1500219792951	9577010632689	322.0	-21.95703125	0.0	95.0	
1500219792987	9577030774290	322.0	-22.0	1.0	95.0	
1500219793004	9577050915892	322.2289123535156	-22.0	1.0	95.0	
1500219793023	9577071057493	323.0	-22.364883422851563	1.0	95.0	
1500219793040	9577091199095	323.0	-23.0	1.0	95.0	
1500219793059	9577111340696	323.0	-22.364273071289063	1.0	95.0	
1500219793077	9577131482298	323.0	-22.0	1.0	95.0	
1500219793093	9577151623900	323.0	-22.0	1.0	95.0	
1500219793129	9577171765501	323.0	-22.0	1.0	95.0	
1500219793147	9577191907103	323.0	-22.0	0.8209991455078125	95.0	
1500219793163	9577212048704	323.0	-21.685028076171875	0.0	95.0	
1500219793183	9577232190306	323.0	-21.0	0.0	95.0	
1500219793199	9577252331907	323.0	-21.0	0.0	95.0	
1500219793216	9577272473509	323.0	-21.0	0.0	95.0	
1500219793234	9577292615111	323.0	-21.0	0.0	95.0	
1500219793251	9577312756712	323.0	-21.99310302734375	0.0	95.0	
1500219793287	9577332898314	323.0	-22.0	0.0	95.0	
1500219793314	9577353039915	323.0	-22.0	0.0	95.0	
1500219793325	9577373181517	323.0	-22.0	0.0	95.0	
1500219793342	9577393323118	323.0	-22.0	0.0	95.0	
1500219793357	9577413464720	323.0	-22.0	0.0	95.0	
1500219793375	9577433606321	323.0	-22.0	0.0	95.0	
1500219793392	9577453747923	323.0	-22.0	0.0	95.0	
1500219793428	9577473889525	323.0	-22.0	0.0	95.0	
1500219793447	9577494031126	323.0	-22.0	0.0	95.0	
1500219793465	9577514172728	323.0	-22.0	0.0	95.0	
1500219793481	9577534314329	323.0	-22.0	0.0	95.0	
1500219793499	9577554455931	323.0	-21.378662109375	0.0	95.0	
1500219793516	9577574597532	323.0	-21.0	0.0	95.0	
1500219793535	9577594739134	323.0	-21.0	0.0	95.0	
1500219793570	9577614880736	323.0	-21.0	-1.02752685546875	95.0	
1500219793587	9577635022337	323.0	-21.163497924804688	-2.1634979248046875	95.0	
1500219793606	9577655163939	322.693115234375	-22.0	-3.0	95.0	
1500219793622	9577675305540	322.0	-22.0	-3.47088623046875	95.0	
1500219793640	9577695447142	322.0	-22.0	-4.634918212890625	95.0	
1500219793658	9577715588743	322.0	-22.800338745117188	-6.600677490234375	95.0	
1500219793675	9577735730345	321.0352783203125	-23.9647216796875	-7.9647216796875	95.0	
1500219793711	9577755871946	320.87127685546875	-24.128738403320313	-8.128738403320313	95.0	
1500219793727	9577776013548	320.0	-25.0	-9.0	95.0	
1500219793744	9577796155150	320.0	-25.0	-9.0	95.0	
1500219793764	9577816296751	320.0	-25.0	-8.379196166992188	95.0	
1500219793780	9577836438353	320.0	-25.0	-8.0	95.0	
1500219793798	9577856579954	320.0	-25.0	-8.0	95.0	
1500219793839	9577876721556	320.0	-25.0	-8.0	95.0	
1500219793851	9577896863157	320.0	-25.0	-8.0	95.0	
1500219793872	9577917004759	320.0	-25.0	-8.0	95.0	
1500219793888	9577937146361	320.0	-24.393310546875	-8.0	95.0	
1500219793904	9577957287962	320.0	-24.0	-8.0	95.0	
1500219793922	9577977429564	320.0	-24.0	-8.0	95.0	
1500219793956	9577997571165	321.0	-24.0	-7.0	95.0	
1500219793974	9578017712767	321.0	-23.735458374023438	-6.7354583740234375	95.0	
1500219793991	9578037854368	321.4285583496094	-23.0	-5.571441650390625	95.0	
1500219794009	9578057995970	322.0	-22.4063720703125	-4.4063720703125	95.0	
1500219794029	9578078137571	322.0	-22.0	-3.2416229248046875	95.0	
1500219794045	9578098279173	322.9223937988281	-21.077606201171875	-2.077606201171875	95.0	
1500219794083	9578118420775	323.0	-20.913589477539063	-1.9135894775390625	95.0	
1500219794098	9578138562376	323.0	-20.0	-0.74957275390625	95.0	
1500219794115	9578158703978	323.4144592285156	-19.585540771484375	0.0	95.0	
1500219794133	9578178845579	324.0	-19.0	0.579498291015625	95.0	
1500219794151	9578198987181	324.0	-18.278640747070313	1.0	95.0	
1500219794168	9578219128782	324.0	-18.0	1.0	95.0	
1500219794188	9578239270384	324.0	-18.0	1.0	95.0	
1500219794221	9578259411986	324.0	-18.0	1.0	95.0	
1500219794243	9578279553587	324.0	-18.0	1.0	95.0	
1500219794256	9578299695189	324.0	-18.0	1.0	95.0	
1500219794273	9578319836790	324.0	-18.0	1.0	95.0	
1500219794292	9578339978392	324.0	-18.0	1.0	95.0	
1500219794309	9578360119993	324.0	-18.0	1.0	95.0	
1500219794327	9578380261595	324.0	-18.0	1.0	95.0	
1500219794361	9578400403196	324.0	-18.981201171875	1.0	95.0	
1500219794379	9578420544798	324.0	-18.0	1.0	95.0	
1500219794403	9578440686400	324.0	-18.0	1.0	95.0	
1500219794414	9578460828001	324.0	-18.40753173828125	1.0	95.0	
1500219794431	9578480969603	324.0	-19.0	1.0	95.0	
1500219794450	9578501111204	324.0	-19.0	1.0	95.0	
1500219794472	9578521252806	324.0	-19.0	1.0	95.0	
1500219794484	9578541394407	324.0	-19.0	1.0	95.0	
1500219794520	9578561536009	324.0	-19.0	0.9452056884765625	95.0	
1500219794537	9578581677611	324.0	-19.0	0.0	95.0	
1500219794555	9578601819212	324.0	-19.0	0.0	95.0	
1500219794573	9578621960814	324.0	-19.0	0.0	95.0	
1500219794590	9578642102415	324.0	-19.0	0.0	95.0	
1500219794608	9578662244017	324.0	-19.0	0.0	95.0	
1500219794626	9578682385618	324.0	-19.0	0.0	95.0	
1500219794643	9578702527220	324.0	-19.0	0.0	95.0	
1500219794679	9578722668821	324.0	-20.0	0.0	95.0	
1500219794696	9578742810423	324.0	-20.0	0.0	95.0	
1500219794715	9578762952025	324.0	-20.0	0.0	95.0	
1500219794731	9578783093626	324.0	-20.0	0.0	95.0	
1500219794749	9578803235228	324.0	-20.0	0.0	95.0	
1500219794768	9578823376829	324.0	-20.0	0.0	95.0	
1500219794784	9578843518431	324.0	-20.0	0.0	95.0	
1500219794803	9578863660032	324.0	-20.0	0.0	95.0	
1500219794837	9578883801634	324.0	-20.0	0.0	95.0	
1500219794854	9578903943236	324.0	-20.0	0.0	95.0	
1500219794874	9578924084837	324.0	-20.0	0.0	95.0	
1500219794890	9578944226439	324.0	-20.0	0.0	95.0	
1500219794907	9578964368040	324.0	-20.0	-0.6489715576171875	95.0	
1500219794926	9578984509642	323.22088623046875	-20.0	-1.0	95.0	
1500219794942	9579004651243	323.0	-20.0	-1.0	95.0	
1500219794978	9579024792845	323.0	-20.0	-1.0	95.0	
1500219794996	9579044934446	323.0	-20.0	-1.0	95.0	
1500219795013	9579065076048	323.0	-20.0	-1.0	95.0	
1500219795033	9579085217650	323.4263610839844	-20.0	-1.0	95.0	
1500219795049	9579105359251	324.0	-20.0	-1.0	95.0	
1500219795066	9579125500853	324.0	-20.0	-1.0	95.0	
1500219795085	9579145642454	324.0	-20.0	-1.0	95.0	
1500219795102	9579165784056	324.0	-20.0	-1.0	95.0	
1500219795136	9579185925657	324.0	-20.0	-1.0	95.0	
1500219795154	9579206067259	324.0	-20.0	-1.0	95.0	
1500219795173	9579226208861	324.0	-20.0	-1.0	95.0	
1500219795193	9579246350462	324.0	-20.0	-1.0	95.0	
1500219795208	9579266492064	324.0	-20.0	-1.0	95.0	
1500219795225	9579286633665	323.0848083496094	-20.0	-1.0	95.0	
1500219795260	9579306775267	324.0	-20.0	-1.0	95.0	
1500219795277	9579326916868	324.0	-20.0	-1.0	95.0	
1500219795296	9579347058470	324.0	-20.0	-1.0	95.0	
1500219795312	9579367200071	324.0	-20.0	-1.0	95.0	
1500219795330	9579387341673	324.0	-20.0	-1.0	95.0	
1500219795349	9579407483275	324.0	-20.0	-1.0	95.0	
1500219795384	9579427624876	324.0	-20.0	-1.0	95.0	
1500219795401	9579447766478	324.0	-20.0	-1.0	95.0	
1500219795418	9579467908079	324.0	-20.0	-1.0	95.0	
1500219795437	9579488049681	324.0	-20.0	-1.0	95.0	
1500219795455	9579508191282	324.0	-20.0	-1.0	95.0	
1500219795471	9579528332884	324.0	-20.0	-1.0	95.0	
1500219795508	9579548474486	324.0	-20.0	-1.0	95.0	
1500219795526	9579568616087	324.0	-20.0	-1.0	95.0	
1500219795542	9579588757689	324.0	-20.0	-1.0	95.0	
1500219795559	9579608899290	324.0	-20.0	-1.0	95.0	
1500219795577	9579629040892	324.0	-20.0	-1.0	95.0	
1500219795594	9579649182493	324.0	-20.0	-1.0	95.0	
1500219795630	9579669324095	324.0	-20.0	-1.0	95.0	
1500219795651	9579689465696	324.0	-20.0	-1.0	95.0	
1500219795666	9579709607298	324.0	-20.0	-1.0	95.0	
1500219795683	9579729748900	323.43109130859375	-20.0	-1.0	95.0	
1500219795701	9579749890501	323.0	-20.0	-1.0	95.0	
1500219795720	9579770032103	323.0	-20.0	-1.0	95.0	
1500219795753	9579790173704	323.0	-20.0	-1.0	95.0	
1500219795772	9579810315306	323.0	-20.0	-1.0	95.0	
1500219795789	9579830456907	323.0	-20.0	-1.0	95.0	
1500219795807	9579850598509	323.0	-20.0	-1.0	95.0	
1500219795824	9579870740111	323.0	-20.0	-1.0	95.0	
1500219795841	9579890881712	323.0	-20.0	-0.2746124267578125	95.0	
1500219795859	9579911023314	323.0	-20.0	0.0	95.0	
1500219795894	9579931164915	323.0	-20.0	0.0	95.0	
1500219795912	9579951306517	323.0	-20.0	0.0	95.0	
1500219795930	9579971448118	323.0	-20.0	0.0	95.0	
1500219795947	9579991589720	323.0	-20.0	0.0	95.0	
1500219795965	9580011731321	323.0	-20.0	0.0	95.0	
1500219795983	9580031872923	323.0	-20.0	0.0	95.0	
1500219796000	9580052014525	323.0	-20.0	0.0	95.0	
1500219796018	9580072156126	323.0	-20.0	0.0	95.0	
1500219796053	9580092297728	323.0	-20.0	0.0	95.0	
1500219796071	9580112439329	323.0	-20.0	0.0	95.0	
1500219796089	9580132580931	323.0	-20.0	-0.398956298828125	95.0	
1500219796106	9580152722532	323.0	-20.0	-1.0	95.0	
1500219796129	9580172864134	323.0	-20.0	-1.0	95.0	
1500219796145	9580193005736	323.0	-20.0	-0.1813507080078125	95.0	
1500219796161	9580213147337	323.0	-20.0	0.0	95.0	
1500219796198	9580233288939	323.0	-20.0	-1.0	95.0	
1500219796212	9580253430540	323.0	-20.0	-1.0	95.0	
1500219796229	9580273572142	323.0	-20.0	-1.0	95.0	
1500219796248	9580293713743	323.0	-20.0	-0.4835968017578125	95.0	
1500219796272	9580313855345	323.0	-20.0	0.0	95.0	
1500219796290	9580333996946	323.0	-20.0	0.0	95.0	
1500219796302	9580354138548	323.0	-20.0	0.0	95.0	
1500219796335	9580374280150	323.0	-20.0	0.0	95.0	
1500219796354	9580394421751	323.0	-20.0	0.0	95.0	
1500219796370	9580414563353	323.0	-20.0	0.0	95.0	
1500219796389	9580434704954	323.0	-20.0	0.0	95.0	
1500219796406	9580454846556	323.0	-20.0	0.0	95.0	
1500219796423	9580474988157	323.0	-20.0	0.0	95.0	
1500219796441	9580495129759	323.0	-20.0	0.0	95.0	
1500219796476	9580515271361	323.0500793457031	-20.0	0.0	95.0	
1500219796494	9580535412962	324.0	-20.0	0.0	95.0	
1500219796511	9580555554564	324.0	-20.0	0.0	95.0	
1500219796530	9580575696165	324.0	-19.530227661132813	0.0	95.0	
1500219796547	9580595837767	324.0	-19.0	-0.608612060546875	95.0	
1500219796565	9580615979368	324.0	-19.0	-1.0	95.0	
1500219796586	9580636120970	324.0	-19.887725830078125	-1.0	95.0	
1500219796618	9580656262571	324.0	-20.0	-1.0	95.0	
1500219796634	9580676404173	324.0	-20.0	-1.0	95.0	
1500219796663	9580696545775	324.0	-20.0	-0.694305419921875	95.0	
1500219796672	9580716687376	324.0	-20.0	0.0	95.0	
1500219796693	9580736828978	323.4145202636719	-20.0	0.0	95.0	
1500219796706	9580756970579	323.0	-20.725387573242188	0.0	95.0	
1500219796724	9580777112181	323.0	-21.0	0.0	95.0	
1500219796758	9580797253782	323.0	-21.0	0.0	95.0	
1500219796777	9580817395384	323.0	-21.0	0.0	95.0	
1500219796794	9580837536986	323.0	-21.0	0.0	95.0	
1500219796811	9580857678587	323.0	-21.422409057617188	0.0	95.0	
1500219796829	9580877820189	323.0	-22.0	0.0	95.0	
1500219796847	9580897961790	323.0	-22.0	0.0	95.0	
1500219796864	9580918103392	323.0	-22.0	0.0	95.0	
1500219796883	9580938244993	323.0	-22.0	0.0	95.0	
1500219796917	9580958386595	323.0	-21.0	-1.0	95.0	
1500219796934	9580978528196	323.0	-21.0	-1.0	95.0	
1500219796953	9580998669798	323.0	-20.601043701171875	-1.0	95.0	
1500219796972	9581018811400	323.0	-20.0	-1.0	95.0	
1500219796989	9581038953001	323.0	-20.678741455078125	-1.0	95.0	
1500219797005	9581059094603	323.0	-21.0	-1.0	95.0	
1500219797026	9581079236204	323.0	-21.0	-1.0	95.0	
1500219797064	9581099377806	323.0	-21.0	-1.0	95.0	
1500219797085	9581119519407	323.0	-21.0	-1.0	95.0	
1500219797097	9581139661009	323.0	-21.0	-1.0	95.0	
1500219797111	9581159802611	323.0	-21.514678955078125	-1.0	95.0	
1500219797128	9581179944212	323.0	-22.0	-1.0	95.0	
1500219797149	9581200085814	323.0	-21.205535888671875	-1.0	95.0	
1500219797165	9581220227415	323.0	-21.0	-1.0	95.0	
1500219797199	9581240369017	323.0	-21.0	-1.0	95.0	
1500219797217	9581260510618	323.0	-21.0	-1.0	95.0	
1500219797235	9581280652220	323.0	-21.0	-1.0	95.0	
1500219797262	9581300793821	323.0	-21.0	-1.0	95.0	
1500219797270	9581320935423	323.0	-21.0	-1.0	95.0	
1500219797286	9581341077025	323.0	-21.0	-1.0	95.0	
1500219797305	9581361218626	323.0	-21.0	-1.0	95.0	
1500219797342	9581381360228	323.0500793457031	-21.0	-1.0	95.0	
1500219797357	9581401501829	324.0	-21.0	-1.0	95.0	
1500219797376	9581421643431	324.0	-21.0	-1.0	95.0	
1500219797392	9581441785032	324.0	-21.0	-1.0	95.0	
1500219797410	9581461926634	324.0	-21.0	-1.0	95.0	
1500219797428	9581482068236	324.0	-21.0	-1.0	95.0	
1500219797447	9581502209837	324.0	-21.0	-1.0	95.0	
1500219797481	9581522351439	324.0	-21.0	-1.0	95.0	
1500219797498	9581542493040	324.0	-21.0	-1.0	95.0	
1500219797518	9581562634642	324.0	-21.0	-1.0	95.0	
1500219797534	9581582776243	324.0	-21.0	-1.0	95.0	
1500219797551	9581602917845	323.41552734375	-21.0	-1.0	95.0	
1500219797570	9581623059446	323.0	-21.0	-1.0	95.0	
1500219797590	9581643201048	323.0	-21.0	-1.0	95.0	
1500219797622	9581663342650	324.0	-21.0	-1.0	95.0	
1500219797640	9581683484251	324.0	-21.0	-1.0	95.0	
1500219797657	9581703625853	324.0	-21.0	-1.0	95.0	
1500219797675	9581723767454	324.0	-21.0	-1.0	95.0	
1500219797692	9581743909056	324.0	-21.0	-1.0	95.0	
1500219797710	9581764050657	324.0	-21.0	-1.0	95.0	
1500219797729	9581784192259	324.0	-21.0	-1.0	95.0	
1500219797746	9581804333861	324.0	-21.0	-1.0	95.0	
1500219797784	9581824475462	324.0	-21.0	-1.0	95.0	
1500219797802	9581844617064	324.0	-21.0	-1.0	95.0	
1500219797816	9581864758665	324.0	-21.0	-0.601043701171875	95.0	
1500219797833	9581884900267	324.0	-21.0	0.0	95.0	
1500219797850	9581905041868	324.0	-21.0	0.0	95.0	
1500219797868	9581925183470	324.0	-21.0	0.0	95.0	
1500219797887	9581945325071	324.0	-20.043182373046875	0.0	95.0	
1500219797921	9581965466673	324.0	-20.0	0.0	95.0	
1500219797939	9581985608275	324.0	-19.765121459960938	0.2348785400390625	95.0	
1500219797960	9582005749876	324.0	-19.0	1.0	95.0	
1500219797974	9582025891478	324.5146789550781	-19.0	1.514678955078125	95.0	
1500219797992	9582046033079	325.0	-18.345428466796875	2.0	95.0	
1500219798009	9582066174681	325.0	-18.0	2.0	95.0	
1500219798027	9582086316282	325.0	-17.067367553710938	2.9326324462890625	95.0	
1500219798063	9582106457884	325.0	-16.927474975585938	3.0	95.0	
1500219798080	9582126599486	325.0	-16.0	3.0	95.0	
1500219798097	9582146741087	325.0	-16.0	3.0	95.0	
1500219798115	9582166882689	325.0	-16.0	3.0	95.0	
1500219798133	9582187024290	325.0	-16.0	3.0	95.0	
1500219798152	9582207165892	325.0	-16.0	3.0	95.0	
1500219798168	9582227307493	325.0	-16.0	3.0	95.0	
1500219798203	9582247449095	325.0	-16.0	3.0	95.0	
1500219798221	9582267590696	325.0	-16.0	3.0	95.0	
1500219798238	9582287732298	325.0	-16.0	3.0	95.0	
1500219798257	9582307873900	325.0	-16.0	3.0	95.0	
1500219798274	9582328015501	325.0	-16.0	3.0	95.0	
1500219798292	9582348157103	325.0	-16.0	3.0	95.0	
1500219798310	9582368298704	325.0	-16.0	3.0	95.0	
1500219798344	9582388440306	325.0	-16.0	3.0	95.0	
1500219798363	9582408581907	325.0	-16.0	3.0	95.0	
1500219798380	9582428723509	325.0	-16.0	3.0	95.0	
1500219798397	9582448865111	325.0	-16.0	3.0	95.0	
1500219798416	9582469006712	325.0	-16.0	3.0	95.0	
1500219798434	9582489148314	325.0	-16.0	3.0	95.0	
1500219798450	9582509289915	325.0	-16.0	3.0	95.0	
1500219798488	9582529431517	325.0	-16.0	2.0	95.0	
1500219798503	9582549573118	325.0	-16.0	2.0	95.0	
1500219798520	9582569714720	325.0	-16.0	2.0	95.0	
1500219798538	9582589856321	325.0	-16.0	2.0	95.0	
1500219798556	9582609997923	325.0	-16.0	2.0	95.0	
1500219798577	9582630139525	325.0	-16.0	2.0	95.0	
1500219798591	9582650281126	325.0	-16.0	2.0	95.0	
1500219798608	9582670422728	325.0	-16.0	2.0	95.0	
1500219798645	9582690564329	324.0	-17.0	2.0	95.0	
1500219798662	9582710705931	324.0	-16.74139404296875	2.0	95.0	
1500219798680	9582730847532	324.0	-16.0	2.0	95.0	
1500219798696	9582750989134	324.0	-16.0	2.0	95.0	
1500219798715	9582771130736	324.0	-16.0	2.0	95.0	
1500219798733	9582791272337	324.0	-16.816925048828125	2.0	95.0	
1500219798750	9582811413939	324.0	-17.0	2.0	95.0	
1500219798789	9582831555540	324.0	-17.0	2.0	95.0	
1500219798803	9582851697142	324.0	-17.0	2.0	95.0	
1500219798820	9582871838743	324.0	-17.0	2.0	95.0	
1500219798839	9582891980345	324.0	-17.0	2.0	95.0	
1500219798855	9582912121946	324.0	-17.0	2.0	95.0	
1500219798883	9582932263548	324.0	-17.0	2.0	95.0	
1500219798892	9582952405150	324.0	-17.0	2.0	95.0	
1500219798926	9582972546751	324.0	-17.0	2.0	95.0	
1500219798948	9582992688353	324.0	-17.0	2.0	95.0	
1500219798962	9583012829954	324.0	-17.0	2.0	95.0	
1500219798980	9583032971556	324.0	-17.0	2.0	95.0	
1500219798999	9583053113157	324.0	-17.0	2.0	95.0	
1500219799014	9583073254759	324.0	-17.0	2.0	95.0	
1500219799042	9583093396361	324.0	-17.0	2.0	95.0	
1500219799067	9583113537962	324.0	-17.048355102539063	1.9516448974609375	95.0	
1500219799085	9583133679564	324.0	-18.0	1.0	95.0	
1500219799104	9583153821165	324.0	-18.0	1.0	95.0	
1500219799120	9583173962767	324.0	-18.0	1.0	95.0	
1500219799137	9583194104368	324.0	-18.0	1.0	95.0	
1500219799155	9583214245970	324.0	-18.0	1.0	95.0	
1500219799181	9583234387571	324.0	-18.0	1.0	95.0	
1500219799208	9583254529173	324.0	-18.0	1.0	95.0	
1500219799226	9583274670775	324.0	-18.0	1.0	95.0	
1500219799243	9583294812376	324.0	-18.0	1.0	95.0	
1500219799262	9583314953978	324.0	-18.0	1.0	95.0	
1500219799279	9583335095579	324.0	-18.0	1.0	95.0	
1500219799296	9583355237181	324.0	-18.722412109375	0.277587890625	95.0	
1500219799314	9583375378782	324.0	-19.0	0.0	95.0	
1500219799349	9583395520384	323.998291015625	-19.0	0.0	95.0	
1500219799366	9583415661986	323.0	-19.141616821289063	0.0	95.0	
1500219799389	9583435803587	323.0	-20.0	-0.2810211181640625	95.0	
1500219799402	9583455945189	323.0	-20.442611694335938	-1.0	95.0	
1500219799422	9583476086790	323.0	-21.0	-1.6436309814453125	95.0	
1500219799437	9583496228392	323.0	-21.8436279296875	-2.0	95.0	
1500219799472	9583516369993	323.0	-22.043624877929688	-2.0436248779296875	95.0	
1500219799490	9583536511595	323.0	-23.0	-3.0	95.0	
1500219799508	9583556653196	323.0	-23.443634033203125	-3.443634033203125	95.0	
1500219799526	9583576794798	323.0	-24.0	-4.0	95.0	
1500219799543	9583596936400	323.0	-24.0	-4.0	95.0	
1500219799579	9583617078001	323.0	-24.0	-5.0	95.0	
1500219799595	9583637219603	323.0	-24.0	-5.0	95.0	
1500219799613	9583657361204	323.0	-24.0	-5.0	95.0	
1500219799631	9583677502806	323.0	-24.0	-5.0	95.0	
1500219799648	9583697644407	323.0	-24.0	-5.0	95.0	
1500219799666	9583717786009	323.0	-24.0	-5.0	95.0	
1500219799685	9583737927611	323.0	-24.0	-5.0	95.0	
1500219799726	9583758069212	323.0	-24.0	-5.0	95.0	
1500219799737	9583778210814	323.0	-24.0	-5.0	95.0	
1500219799760	9583798352415	323.0	-24.0	-5.0	95.0	
1500219799772	9583818494017	323.0	-24.0	-5.0	95.0	
1500219799792	9583838635618	323.0	-24.0	-5.0	95.0	
1500219799807	9583858777220	323.0	-24.0	-5.0	95.0	
1500219799825	9583878918821	323.0	-24.0	-4.0328216552734375	95.0	
1500219799860	9583899060423	323.0	-24.0	-4.0	95.0	
1500219799877	9583919202025	323.24737548828125	-24.0	-4.0	95.0	
1500219799895	9583939343626	324.0	-24.0	-3.6114044189453125	95.0	
1500219799913	9583959485228	324.0	-23.471511840820313	-3.0	95.0	
1500219799930	9583979626829	324.0	-23.0	-3.0	95.0	
1500219799949	9583999768431	324.0	-23.0	-2.1899871826171875	95.0	
1500219799966	9584019910032	324.0	-23.0	-2.0	95.0	
1500219800002	9584040051634	324.0	-22.910049438476563	-1.9100494384765625	95.0	
1500219800019	9584060193236	324.0	-22.0	-1.0	95.0	
1500219800038	9584080334837	324.0	-22.0	-1.0	95.0	
1500219800054	9584100476439	324.0	-22.0	-1.0	95.0	
1500219800092	9584120618040	324.0	-22.0	-0.3471527099609375	95.0	
1500219800132	9584140759642	324.0	-21.207260131835938	0.0	95.0	
1500219800185	9584160901243	324.0	-21.0	0.0	95.0	
1500219800203	9584181042845	325.0	-21.0	0.0	95.0	
1500219800213	9584201184446	325.0	-21.0	0.0	95.0	
1500219800222	9584221326048	325.0	-21.0	0.0	95.0	
1500219800232	9584241467650	325.0	-20.504318237304688	0.4956817626953125	95.0	
1500219800238	9584261609251	325.0	-20.0	1.0	95.0	
1500219800246	9584281750853	325.0	-19.223190307617188	1.7768096923828125	95.0	
1500219800254	9584301892454	325.0	-19.0	2.0	95.0	
1500219800283	9584322034056	325.0	-19.0	3.0	95.0	
1500219800302	9584342175657	325.0	-18.802780151367188	3.0	95.0	
1500219800318	9584362317259	325.0	-18.0	3.0	95.0	
1500219800342	9584382458861	325.0	-18.0	3.0	95.0	
1500219800354	9584402616673	325.0	-18.0	3.0	95.0	
1500219800373	9584422758275	325.0	-18.0	3.0	95.0	
1500219800389	9584442899876	325.0	-18.0	3.0	95.0	
1500219800424	9584463041478	325.0	-19.0	3.0	95.0	
1500219800442	9584483183079	325.0	-18.81866455078125	3.0	95.0	
1500219800459	9584503324681	325.0	-18.0	3.3212432861328125	95.0	
1500219800478	9584523466282	325.0	-18.461929321289063	4.0	95.0	
1500219800494	9584543607884	325.0	-19.0	4.0	95.0	
1500219800520	9584563749486	325.0	-19.0	4.0	95.0	
1500219800535	9584583891087	325.0	-19.0	4.0	95.0	
1500219800567	9584604032689	325.0	-19.0	4.0	95.0	
1500219800583	9584624174290	325.0	-19.0	4.0	95.0	
1500219800600	9584644315892	325.0	-19.0	4.0	95.0	
1500219800618	9584664457493	325.0	-19.0	4.0	95.0	
1500219800636	9584684599095	325.0	-19.0	4.0	95.0	
1500219800653	9584704740697	325.0	-19.0	4.0	95.0	
1500219800671	9584724882298	325.0	-19.0	4.0	95.0	
1500219800707	9584745023900	325.0	-19.0	4.0	95.0	
1500219800723	9584765165501	325.0	-19.0	4.0	95.0	
1500219800742	9584785307103	325.0	-19.0	4.0	95.0	
1500219800759	9584805448704	325.0	-19.0	4.0	95.0	
1500219800777	9584825590306	325.0	-19.0	4.0	95.0	
1500219800795	9584845731907	325.0	-19.0	4.0	95.0	
1500219800812	9584865873509	325.0	-19.0	4.0	95.0	
1500219800829	9584886015111	325.0	-19.0	4.0	95.0	
1500219800865	9584906156712	325.0	-19.0	4.0	95.0	
1500219800882	9584926298314	325.0	-19.0	4.0	95.0	
1500219800900	9584946439915	325.0	-19.0	4.0	95.0	
1500219800918	9584966581517	325.0	-19.0	4.0	95.0	
1500219800939	9584986723118	325.0	-19.0	4.0	95.0	
1500219800954	9585006864720	325.0	-19.0	4.0	95.0	
1500219800971	9585027006322	325.0	-19.0	4.0	95.0	
1500219801010	9585047147923	325.0	-19.0	4.0	95.0	
1500219801023	9585067289525	325.0	-19.0	4.0	95.0	
1500219801041	9585087431126	325.0	-19.0	4.0	95.0	
1500219801059	9585107572728	325.0	-19.0	4.0	95.0	
1500219801076	9585127714329	325.0	-19.0	4.0	95.0	
1500219801094	9585147855931	325.0	-19.0	4.0	95.0	
1500219801113	9585167997532	325.0	-19.0	4.0	95.0	
1500219801147	9585188139134	325.0	-19.0	4.0	95.0	
1500219801164	9585208280736	325.0	-19.0	4.0	95.0	
1500219801182	9585228422337	325.0	-19.0	4.0	95.0	
1500219801199	9585248563939	325.0	-19.0	4.0	95.0	
1500219801218	9585268705540	325.0	-19.0	4.0	95.0	
1500219801242	9585288847142	325.0	-19.0	4.0	95.0	
1500219801262	9585308988743	325.0	-19.0	4.0	95.0	
1500219801288	9585329130345	325.0	-19.0	4.0	95.0	
1500219801305	9585349271947	325.0	-19.0	4.0	95.0	
1500219801323	9585369413548	325.0	-19.0	4.0	95.0	
1500219801341	9585389555150	325.0	-19.0	4.0	95.0	
1500219801358	9585409696751	325.0	-19.0	4.0	95.0	
1500219801377	9585429838353	325.0	-19.0	4.0	95.0	
1500219801393	9585449979954	324.07598876953125	-19.0	4.0	95.0	
1500219801430	9585470121556	324.0	-19.0	4.0	95.0	
1500219801446	9585490263157	324.0	-19.0	4.0	95.0	
1500219801464	9585510404759	324.0	-19.0	4.0	95.0	
1500219801482	9585530546361	324.0	-19.0	4.0	95.0	
1500219801499	9585550687962	324.0	-19.0	4.0	95.0	
1500219801516	9585570829564	324.0	-19.0	4.0	95.0	
1500219801543	9585590971165	324.0	-19.0	4.0	95.0	
1500219801570	9585611112767	324.0	-18.0	4.0	95.0	
1500219801587	9585631254368	323.811767578125	-18.0	4.1882476806640625	95.0	
1500219801604	9585651395970	323.0	-18.328140258789063	5.0	95.0	
1500219801623	9585671537572	323.0	-19.0	5.0	95.0	
1500219801644	9585691679173	323.0	-19.0	5.0	95.0	
1500219801658	9585711820775	323.0	-19.0	5.0	95.0	
1500219801675	9585731962376	323.0	-19.0	5.0	95.0	
1500219801712	9585752103978	322.96893310546875	-19.0	5.0	95.0	
1500219801728	9585772245579	322.0	-19.0	5.0	95.0	
1500219801745	9585792387181	322.0	-19.0	5.0	95.0	
1500219801763	9585812528782	322.0	-19.0	5.0	95.0	
1500219801781	9585832670384	321.4075927734375	-19.0	5.0	95.0	
1500219801802	9585852811986	321.0	-19.0	5.0	95.0	
1500219801817	9585872953587	321.0	-19.0	5.0	95.0	
1500219801852	9585893095189	321.0	-19.0	6.0	95.0	
1500219801869	9585913236790	320.84600830078125	-19.0	6.0	95.0	
1500219801887	9585933378392	320.0	-18.704666137695313	6.0	95.0	
1500219801906	9585953519993	320.0	-18.0	6.0	95.0	
1500219801923	9585973661595	320.0	-18.0	6.0	95.0	
1500219801944	9585993803197	319.28326416015625	-18.0	6.0	95.0	
1500219801958	9586013944798	319.0	-18.0	6.0	95.0	
1500219801975	9586034086400	319.0	-18.0	6.0	95.0	
1500219802011	9586054228001	319.0	-18.0	6.0	95.0	
1500219802032	9586074369603	319.0	-18.0	5.7219390869140625	95.0	
1500219802045	9586094511204	319.0	-18.0	5.0	95.0	
1500219802066	9586114652806	318.4404296875	-18.0	5.0	95.0	
1500219802082	9586134794407	318.0	-17.300521850585938	5.0	95.0	
1500219802099	9586154936009	318.0	-17.0	4.1591796875	95.0	
1500219802117	9586175077611	318.0	-17.0	4.0	95.0	
1500219802151	9586195219212	318.0	-16.0	4.0	95.0	
1500219802169	9586215360814	318.0	-15.73876953125	4.0	95.0	
1500219802186	9586235502415	318.0	-15.0	3.59759521484375	95.0	
1500219802205	9586255644017	317.45770263671875	-15.0	3.0	95.0	
1500219802224	9586275785618	317.0	-15.0	3.0	95.0	
1500219802240	9586295927220	317.0	-15.0	3.0	95.0	
1500219802257	9586316068822	316.0362548828125	-15.0	2.0362701416015625	95.0	
1500219802293	9586336210423	316.0	-15.0	2.0	95.0	
1500219802311	9586356352025	316.0	-14.7547607421875	2.0	95.0	
1500219802329	9586376493626	316.0	-14.0	2.0	95.0	
1500219802346	9586396635228	315.47406005859375	-14.0	2.0	95.0	
1500219802362	9586416776829	315.0	-14.0	2.0	95.0	
1500219802384	9586436918431	315.0	-14.0	2.806549072265625	95.0	
1500219802398	9586457060032	315.0	-14.0	3.0	95.0	
1500219802433	9586477201634	315.0	-14.0	2.91192626953125	95.0	
1500219802451	9586497343236	315.0	-14.0	2.0	95.0	
1500219802469	9586517484837	315.0	-14.0	2.0	95.0	
1500219802492	9586537626439	315.0	-14.0	2.0	95.0	
1500219802504	9586557768040	315.0	-14.0	2.0	95.0	
1500219802521	9586577909642	315.0	-14.7906494140625	2.0	95.0	
1500219802542	9586598051243	315.0	-15.0	2.0	95.0	
1500219802574	9586618192845	315.0	-15.0	2.0	95.0	
1500219802592	9586638334447	315.0	-15.0	2.0	95.0	
1500219802609	9586658476048	315.3523254394531	-15.0	2.0	95.0	
1500219802627	9586678617650	316.0	-15.492218017578125	2.0	95.0	
1500219802646	9586698759251	316.0	-16.0	2.0	95.0	
1500219802662	9586718900853	316.0	-16.0	2.0	95.0	
1500219802680	9586739042454	316.0	-16.0	2.0	95.0	
1500219802719	9586759184056	316.0	-16.0	2.055267333984375	95.0	
1500219802734	9586779325657	316.1951599121094	-16.0	3.0	95.0	
1500219802751	9586799467259	317.0	-16.0	3.0	95.0	
1500219802770	9586819608861	317.0	-16.0	3.0	95.0	
1500219802786	9586839750462	317.0	-16.0	3.0	95.0	
1500219802805	9586859892064	317.0	-16.0	3.0	95.0	
1500219802824	9586880033665	317.0	-16.0	3.0	95.0	
1500219802857	9586900175267	317.0	-16.0	3.0	95.0	
1500219802874	9586920316868	317.0	-16.0	3.0	95.0	
1500219802893	9586940458470	317.0	-16.0	3.0	95.0	
1500219802911	9586960600072	317.0	-16.0	3.0	95.0	
1500219802927	9586980741673	317.0	-16.0	3.0	95.0	
1500219802944	9587000883275	317.0	-16.0	3.0	95.0	
1500219802964	9587021024876	317.0	-16.0	3.0	95.0	
1500219802997	9587041166478	317.0	-16.0	2.979278564453125	95.0	
1500219803016	9587061308079	317.0	-16.0	2.0	95.0	
1500219803104	9587081449681	317.0	-16.0	2.0	95.0	
1500219803121	9587101591282	317.0	-16.0	2.0	95.0	
1500219803125	9587121732884	317.0	-16.0	2.583038330078125	95.0	
1500219803132	9587141874486	317.0	-16.0	3.0	95.0	
1500219803142	9587162016087	317.0	-16.863555908203125	3.0	95.0	
1500219803155	9587182157689	317.0	-17.0	3.0	95.0	
1500219803164	9587202299290	317.0	-17.0	3.0	95.0	
1500219803173	9587222440892	317.0	-17.0	3.0	95.0	
1500219803192	9587242582493	317.0	-17.0	3.0	95.0	
1500219803210	9587262724095	317.56646728515625	-17.0	3.0	95.0	
1500219803227	9587282865697	318.0	-17.706375122070313	3.0	95.0	
1500219803244	9587303007298	318.0	-18.0	3.0	95.0	
1500219803266	9587323148900	318.0	-18.0	3.0	95.0	
1500219803299	9587343290501	318.0	-18.0	3.0	95.0	
1500219803314	9587363432103	318.0	-18.0	3.0	95.0	
1500219803334	9587383573704	318.0	-18.0	3.0	95.0	
1500219803350	9587403715306	318.0	-18.0	3.0	95.0	
1500219803368	9587423856907	318.0	-18.0	3.0	95.0	
1500219803391	9587443998509	318.0	-18.0	3.0	95.0	
1500219803403	9587464140111	318.0	-18.0	3.0	95.0	
1500219803438	9587484281712	318.0	-18.0	3.0	95.0	
1500219803456	9587504423314	318.0	-18.0	3.0	95.0	
1500219803473	9587524564915	318.39202880859375	-18.0	3.0	95.0	
1500219803493	9587544706517	319.0	-18.0	3.0	95.0	
1500219803508	9587564848118	319.0	-18.0	3.0	95.0	
1500219803526	9587584989720	319.0	-18.0	3.0	95.0	
1500219803545	9587605131322	319.0	-18.0	3.0	95.0	
1500219803579	9587625272923	318.905029296875	-18.0	2.9050140380859375	95.0	
1500219803596	9587645414525	318.0	-18.0	2.0	95.0	
1500219803614	9587665556126	318.0	-18.37542724609375	1.62457275390625	95.0	
1500219803631	9587685697728	318.0	-19.0	0.4835968017578125	95.0	
1500219803650	9587705839329	318.0	-19.0	0.0	95.0	
1500219803667	9587725980931	318.0	-19.0	0.0	95.0	
1500219803687	9587746122532	317.06219482421875	-19.0	0.0	95.0	
1500219803721	9587766264134	317.07769775390625	-19.0	0.0777130126953125	95.0	
1500219803738	9587786405736	318.0	-19.0	1.0	95.0	
1500219803755	9587806547337	318.0	-19.0	1.0	95.0	
1500219803774	9587826688939	318.0	-19.0	1.4991302490234375	95.0	
1500219803790	9587846830540	318.0	-19.0	2.0	95.0	
1500219803809	9587866972142	318.0	-19.0	2.0	95.0	
1500219803826	9587887113743	318.0	-19.0	2.0	95.0	
1500219803863	9587907255345	318.0	-19.0	2.0	95.0	
1500219803878	9587927396947	318.0	-19.0	2.0	95.0	
1500219803896	9587947538548	318.0	-19.0	2.0	95.0	
1500219803915	9587967680150	318.0	-19.0	2.0	95.0	
1500219803932	9587987821751	318.0	-19.0	2.0	95.0	
1500219803949	9588007963353	318.0	-19.0	2.0	95.0	
1500219803967	9588028104954	318.0	-19.0	2.0	95.0	
1500219804002	9588048246556	318.0	-19.0	2.0	95.0	
1500219804019	9588068388157	318.0	-19.0	2.0	95.0	
1500219804037	9588088529759	318.0	-19.0	2.0	95.0	
1500219804057	9588108671361	318.0	-19.0	2.0	95.0	
1500219804073	9588128812962	318.606201171875	-19.0	2.0	95.0	
1500219804090	9588148954564	319.0	-19.0	2.0	95.0	
1500219804108	9588169096165	319.0	-19.0	2.0	95.0	
1500219804145	9588189237767	319.0	-19.0	2.0	95.0	
1500219804161	9588209379368	319.0	-19.0	2.0	95.0	
1500219804181	9588229520970	319.0	-19.0	2.0	95.0	
1500219804196	9588249662572	319.0	-19.0	2.0	95.0	
1500219804214	9588269804173	319.0	-19.0	2.0	95.0	
1500219804236	9588289945775	319.0	-19.0	2.0	95.0	
1500219804249	9588310087376	319.0	-19.0	2.0	95.0	
1500219804284	9588330228978	319.0	-19.0	2.0	95.0	
1500219804302	9588350370579	319.0	-19.0	2.0	95.0	
1500219804319	9588370512181	319.0	-19.0	2.0	95.0	
1500219804339	9588390653782	319.0	-19.0	2.0	95.0	
1500219804354	9588410795384	319.0	-19.0	2.0	95.0	
1500219804373	9588430936986	319.0	-19.0	2.0	95.0	
1500219804390	9588451078587	319.0	-19.0	2.0	95.0	
1500219804408	9588471220189	319.0	-19.0	2.0	95.0	
1500219804443	9588491361790	319.0	-19.0	2.0	95.0	
1500219804460	9588511503392	319.0	-19.0	2.0	95.0	
1500219804478	9588531644993	319.0	-19.0	2.0	95.0	
1500219804497	9588551786595	319.0	-19.0	2.0	95.0	
1500219804513	9588571928197	319.0	-19.0	2.0	95.0	
1500219804531	9588592069798	319.0	-19.0	2.0	95.0	
1500219804549	9588612211400	319.0	-19.0	2.0	95.0	
1500219804583	9588632353001	319.0	-19.0	2.0	95.0	
1500219804604	9588652494603	319.0	-19.0	2.0	95.0	
1500219804620	9588672636204	319.0	-19.0	2.0	95.0	
1500219804636	9588692777806	319.0	-19.0	2.0	95.0	
1500219804655	9588712919407	319.0	-19.0	2.0	95.0	
1500219804672	9588733061009	319.0	-19.0	2.0	95.0	
1500219804692	9588753202611	319.0	-19.0	2.0	95.0	
1500219804724	9588773344212	319.0	-19.0	1.0	95.0	
1500219804742	9588793485814	319.0	-19.0	1.0	95.0	
1500219804763	9588813627415	319.0	-19.0	1.0	95.0	
1500219804777	9588833769017	319.0	-19.0	1.0	95.0	
1500219804795	9588853910618	319.0	-19.0	1.0	95.0	
1500219804813	9588874052220	319.0	-19.0	1.0	95.0	
1500219804830	9588894193822	319.0	-19.958328247070313	1.0	95.0	
1500219804865	9588914335423	319.0	-20.0	1.0	95.0	
1500219804883	9588934477025	319.0	-20.0	1.0	95.0	
1500219804901	9588954618626	319.0	-20.0	1.0	95.0	
1500219804919	9588974760228	319.0	-20.0	1.0	95.0	
1500219804936	9588994901829	319.0	-20.0	1.0	95.0	
1500219804954	9589015043431	319.0	-20.0	1.0	95.0	
1500219804971	9589035185032	319.0	-20.0	1.0	95.0	
1500219805006	9589055326634	319.0	-20.0	1.0	95.0	
1500219805025	9589075468236	319.0	-19.734375	1.0	95.0	
1500219805042	9589095609837	319.0	-19.410736083984375	1.0	95.0	
1500219805066	9589115751439	319.0	-20.0	1.0	95.0	
1500219805085	9589135893040	319.0	-20.0	1.0	95.0	
1500219805099	9589156034642	319.0	-20.0	1.0	95.0	
1500219805112	9589176176243	319.0	-20.0	1.0	95.0	
1500219805151	9589196317845	319.0	-20.0	1.0	95.0	
1500219805165	9589216459447	319.0	-20.0	1.0	95.0	
1500219805184	9589236601048	319.0	-20.0	1.0	95.0	
1500219805203	9589256742650	319.0	-20.0	1.0	95.0	
1500219805218	9589276884251	319.0	-20.0	1.0	95.0	
1500219805237	9589297025853	319.0	-20.0	1.0	95.0	
1500219805271	9589317167454	319.0	-20.0	1.0	95.0	
1500219805290	9589337309056	319.0	-20.0	1.0	95.0	
1500219805306	9589357450657	319.0	-20.0	1.0	95.0	
1500219805324	9589377592259	319.0	-20.0	1.0	95.0	
1500219805343	9589397733861	319.0	-20.0	1.0	95.0	
1500219805360	9589417875462	319.0	-20.0	1.0	95.0	
1500219805377	9589438017064	319.0	-20.0	1.0	95.0	
1500219805412	9589458158665	319.0	-20.0	1.0	95.0	
1500219805430	9589478300267	319.1701354980469	-20.0	1.0	95.0	
1500219805449	9589498441868	320.0	-20.0	1.0	95.0	
1500219805465	9589518583470	320.0	-20.0	1.0	95.0	
1500219805483	9589538725072	320.0	-20.0	1.0	95.0	
1500219805501	9589558866673	320.0	-20.0	1.0	95.0	
1500219805517	9589579008275	320.0	-20.0	1.0	95.0	
1500219805553	9589599149876	320.0	-20.0	1.0	95.0	
1500219805570	9589619291478	320.0	-20.0	1.0	95.0	
1500219805589	9589639433079	320.0	-20.0	1.0	95.0	
1500219805607	9589659574681	320.0	-20.0	0.5225830078125	95.0	
1500219805624	9589679716282	320.0	-20.0	0.0	95.0	
1500219805641	9589699857884	320.0	-20.0	0.0	95.0	
1500219805659	9589719999486	320.0	-20.0	0.0	95.0	
1500219805694	9589740141087	320.0	-20.0	0.0	95.0	
1500219805715	9589760282689	320.0	-20.0	0.0	95.0	
1500219805729	9589780424290	320.0	-20.0	0.0	95.0	
1500219805747	9589800565892	320.0	-20.0	0.0	95.0	
1500219805766	9589820707493	320.0	-20.0	0.0	95.0	
1500219805783	9589840849095	320.0	-20.0	0.0	95.0	
1500219805800	9589860990697	320.0	-20.0	0.0	95.0	
1500219805835	9589881132298	320.0	-20.0	0.0	95.0	
1500219805853	9589901273900	320.0	-20.0	0.0	95.0	
1500219805872	9589921415501	320.0	-20.0	0.0	95.0	
1500219805891	9589941557103	320.0	-20.0	0.0	95.0	
1500219805905	9589961698704	320.0	-20.0	0.0	95.0	
1500219805924	9589981840306	320.0	-20.0	0.0	95.0	
1500219805941	9590001981907	320.0	-20.0	0.0	95.0	
1500219805977	9590022123509	320.0	-20.0	0.0	95.0	
1500219805994	9590042265111	320.0	-20.0	0.0	95.0	
1500219806011	9590062406712	320.0	-20.0	0.0	95.0	
1500219806030	9590082548314	320.0	-20.0	0.0	95.0	
1500219806046	9590102689915	320.0	-20.0	0.0	95.0	
1500219806064	9590122831517	320.0	-20.0	0.0	95.0	
1500219806082	9590142973118	320.0	-19.036468505859375	0.0	95.0	
1500219806117	9590163114720	319.8923645019531	-19.0	0.0	95.0	
1500219806136	9590183256322	319.0	-19.0	0.0	95.0	
1500219806153	9590203397923	319.0	-19.0	0.0	95.0	
1500219806171	9590223539525	319.0	-19.0	0.0	95.0	
1500219806189	9590243681126	319.0	-19.0	0.0	95.0	
1500219806205	9590263822728	319.0	-19.0	0.0	95.0	
1500219806223	9590283964329	319.0	-19.0	0.0	95.0	
1500219806258	9590304105931	319.0	-19.0	0.0	95.0	
1500219806276	9590324247532	319.0	-19.0	0.0	95.0	
1500219806294	9590344389134	319.0	-19.0	0.0	95.0	
1500219806311	9590364530736	319.0	-19.0	0.0	95.0	
1500219806328	9590384672337	319.0	-19.0	0.0	95.0	
1500219806348	9590404813939	319.0	-19.0	0.0	95.0	
1500219806364	9590424955540	319.0	-19.0	0.99652099609375	95.0	
1500219806399	9590445097142	319.0	-19.0	1.0	95.0	
1500219806416	9590465238743	319.0	-19.0	1.0	95.0	
1500219806436	9590485380345	319.4322814941406	-19.0	1.0	95.0	
1500219806453	9590505521947	320.0	-19.0	1.0	95.0	
1500219806470	9590525663548	319.27728271484375	-19.0	1.0	95.0	
1500219806487	9590545805150	319.0	-19.0	1.0	95.0	
1500219806523	9590565946751	319.0	-19.0	1.0	95.0	
1500219806540	9590586088353	319.0	-18.842025756835938	1.0	95.0	
1500219806559	9590606229954	319.0	-18.0	0.6961822509765625	95.0	
1500219806575	9590626371556	319.0	-18.0	0.0	95.0	
1500219806593	9590646513157	319.59375	-18.0	0.0	95.0	
1500219806611	9590666654759	320.0	-17.260421752929688	0.0	95.0	
1500219806628	9590686796361	320.0	-17.0	0.0	95.0	
1500219806663	9590706937962	320.0	-17.0	0.0	95.0	
1500219806681	9590727079564	320.0	-17.0	0.0	95.0	
1500219806703	9590747221165	320.0	-17.0	0.0	95.0	
1500219806717	9590767362767	319.53472900390625	-17.46527099609375	0.0	95.0	
1500219806734	9590787504368	319.0	-18.0	0.6110992431640625	95.0	
1500219806751	9590807645970	319.0	-18.0	1.0	95.0	
1500219806770	9590827787572	319.0	-18.0	1.0	95.0	
1500219806804	9590847929173	319.0	-18.046875	1.0	95.0	
1500219806822	9590868070775	319.0	-19.0	1.0	95.0	
1500219806839	9590888212376	319.3367919921875	-19.0	1.0	95.0	
1500219806857	9590908353978	320.0	-19.0	1.0	95.0	
1500219806877	9590928495579	320.0	-19.0	1.0	95.0	
1500219806893	9590948637181	320.0	-19.0	1.0	95.0	
1500219806910	9590968778782	320.0	-18.08160400390625	1.0	95.0	
1500219806945	9590988920384	320.0	-18.0	0.0	95.0	
1500219806963	9591009061986	320.0	-18.0	0.0	95.0	
1500219806987	9591029203587	320.0	-17.645843505859375	0.0	95.0	
1500219807002	9591049345189	320.0	-17.0	0.0	95.0	
1500219807023	9591069486790	320.0	-17.0	0.0	95.0	
1500219807036	9591089628392	319.2100830078125	-17.0	0.0	95.0	
1500219807051	9591109769993	319.0	-17.0	0.0	95.0	
1500219807086	9591129911595	319.0	-17.0	0.0	95.0	
1500219807104	9591150053197	319.0	-17.0	0.2252960205078125	95.0	
1500219807121	9591170194798	319.0	-17.0	1.0	95.0	
1500219807140	9591190336400	319.0	-17.515625	1.0	95.0	
1500219807157	9591210478001	319.0	-18.0	1.0	95.0	
1500219807182	9591230619603	319.0	-18.0	1.0	95.0	
1500219807194	9591250761204	319.0	-18.0	1.0	95.0	
1500219807227	9591270902806	319.0	-18.0	1.0970458984375	95.0	
1500219807245	9591291044407	319.0	-18.0	2.0	95.0	
1500219807265	9591311186009	319.0	-18.0	2.0	95.0	
1500219807280	9591331327611	319.0	-18.0	2.0	95.0	
1500219807298	9591351469212	319.0	-18.0	1.322357177734375	95.0	
1500219807315	9591371610814	319.0	-18.0	1.0	95.0	
1500219807333	9591391752415	319.0	-18.0	1.0	95.0	
1500219807372	9591411894017	319.0	-18.0	1.0	95.0	
1500219807386	9591432035618	319.0	-18.0	1.0	95.0	
1500219807403	9591452177220	319.0	-18.0	1.0	95.0	
1500219807421	9591472318822	318.451416015625	-18.0	1.0	95.0	
1500219807439	9591492460423	318.0	-18.0	0.3055572509765625	95.0	
1500219807457	9591512602025	318.0	-18.84027099609375	0.0	95.0	
1500219807480	9591532743626	318.0	-19.0	0.0	95.0	
1500219807510	9591552885228	318.0	-19.0	0.0	95.0	
1500219807527	9591573026829	318.0	-19.0	0.0	95.0	
1500219807545	9591593168431	318.0	-19.0	0.0	95.0	
1500219807563	9591613310032	318.0	-19.0	0.0	95.0	
1500219807581	9591633451634	317.2894287109375	-19.0	0.0	95.0	
1500219807598	9591653593236	317.0	-19.0	0.0	95.0	
1500219807632	9591673734837	317.0	-19.0	0.0	95.0	
1500219807651	9591693876439	317.1473083496094	-19.147308349609375	0.0	95.0	
1500219807668	9591714018040	318.0	-20.0	0.291656494140625	95.0	
1500219807685	9591734159642	318.0	-20.0	1.0	95.0	
1500219807703	9591754301243	318.0	-20.0	1.0	95.0	
1500219807722	9591774442845	318.0	-20.0	1.0	95.0	
1500219807738	9591794584447	318.0	-20.0	1.0	95.0	
1500219807774	9591814726048	318.0	-19.982650756835938	0.0	95.0	
1500219807791	9591834867650	318.0	-19.0	0.0	95.0	
1500219807811	9591855009251	318.0	-19.0	0.0	95.0	
1500219807826	9591875150853	318.0	-19.0	0.0	95.0	
1500219807844	9591895292454	318.0	-19.0	0.0	95.0	
1500219807862	9591915434056	318.0	-19.0	0.0	95.0	
1500219807880	9591935575657	318.0	-19.0	0.0	95.0	
1500219807915	9591955717259	317.96527099609375	-19.0	0.0	95.0	
1500219807932	9591975858861	317.0	-19.0	0.0	95.0	
1500219807951	9591996000462	317.0	-19.0	0.0	95.0	
1500219807967	9592016142064	317.0	-19.0	0.0	95.0	
1500219807986	9592036283665	317.0	-19.0	0.0	95.0	
1500219808004	9592056425267	317.0	-19.0	0.0	95.0	
1500219808020	9592076566868	317.0	-19.0	0.0	95.0	
1500219808056	9592096708470	317.052001953125	-19.0	0.0	95.0	
1500219808074	9592116850072	318.0	-19.0	0.0	95.0	
1500219808092	9592136991673	318.0	-18.657989501953125	0.0	95.0	
1500219808108	9592157133275	317.51214599609375	-18.0	0.0	95.0	
1500219808126	9592177274876	317.0	-18.0	0.0	95.0	
1500219808145	9592197416478	317.0	-18.0	0.0	95.0	
1500219808161	9592217558079	317.0	-18.0	0.0	95.0	
1500219808197	9592237699681	317.06768798828125	-18.0	0.0	95.0	
1500219808215	9592257841282	318.0	-18.0	0.0	95.0	
1500219808232	9592277982884	318.0	-18.0	0.0	95.0	
1500219808253	9592298124486	318.0	-18.0	0.0	95.0	
1500219808268	9592318266087	318.0	-18.0	0.0	95.0	
1500219808286	9592338407689	318.0	-18.0	0.0	95.0	
1500219808304	9592358549290	318.0	-18.0	0.0	95.0	
1500219808339	9592378690892	318.0	-18.0	0.0	95.0	
1500219808357	9592398832493	318.0	-18.0	0.0	95.0	
1500219808375	9592418974095	318.0	-18.0	0.0	95.0	
1500219808392	9592439115697	318.0	-18.0	0.0	95.0	
1500219808416	9592459257298	318.0	-18.0	0.0	95.0	
1500219808432	9592479398900	318.0	-18.0	0.810760498046875	95.0	
1500219808444	9592499540501	318.0	-17.043411254882813	1.0	95.0	
1500219808479	9592519682103	319.0	-17.0	1.0	95.0	
1500219808496	9592539823704	319.0	-17.0	1.0	95.0	
1500219808514	9592559965306	319.0	-17.0	1.0	95.0	
1500219808532	9592580106907	319.0	-17.0	1.0	95.0	
1500219808549	9592600248509	319.0	-17.0	1.0	95.0	
1500219808569	9592620390111	319.0	-17.0	1.0	95.0	
1500219808585	9592640531712	319.0	-17.0	1.0	95.0	
1500219808622	9592660673314	319.0	-17.0	1.0	95.0	
1500219808642	9592680814915	319.0	-17.0	1.0	95.0	
1500219808658	9592700956517	319.0	-17.0	1.0	95.0	
1500219808675	9592721098118	319.0	-17.0	1.0	95.0	
1500219808691	9592741239720	319.0	-17.0	1.0	95.0	
1500219808709	9592761381322	319.0	-17.0	1.0	95.0	
1500219808727	9592781522923	319.0	-17.0	1.0	95.0	
1500219808761	9592801664525	319.0	-17.0	1.0	95.0	
1500219808778	9592821806126	319.0	-17.0	1.0	95.0	
1500219808796	9592841947728	319.0	-17.0	1.0	95.0	
1500219808814	9592862089329	319.0	-17.0	1.0	95.0	
1500219808832	9592882230931	319.0	-17.0	1.0	95.0	
1500219808849	9592902372532	319.0	-17.0	1.0	95.0	
1500219808886	9592922514134	319.0069274902344	-17.0	1.0	95.0	
1500219808902	9592942655736	320.0	-17.0	1.0	95.0	
1500219808919	9592962797337	320.0	-17.0	1.0	95.0	
1500219808937	9592982938939	320.0	-17.0	1.0	95.0	
1500219808955	9593003080540	320.0	-17.0	1.0	95.0	
1500219808973	9593023222142	320.0	-17.0	1.0	95.0	
1500219808991	9593043363743	320.0	-17.0	1.0	95.0	
1500219809026	9593063505345	320.0	-17.022567749023438	1.0	95.0	
1500219809043	9593083646947	320.0	-18.0	1.0	95.0	
1500219809060	9593103788548	320.0	-18.0	1.0	95.0	
1500219809078	9593123930150	320.0	-18.0	1.0	95.0	
1500219809096	9593144071751	320.0	-18.0	1.0	95.0	
1500219809114	9593164213353	320.0	-18.0	1.0	95.0	
1500219809131	9593184354954	320.0	-18.0	1.0	95.0	
1500219809167	9593204496556	320.0	-18.0	1.0	95.0	
1500219809184	9593224638157	320.0	-17.814559936523438	1.0	95.0	
1500219809202	9593244779759	320.0	-17.0	1.0	95.0	
1500219809219	9593264921361	320.0	-17.0	0.5243072509765625	95.0	
1500219809238	9593285062962	320.0	-17.0	0.0	95.0	
1500219809256	9593305204564	320.0	-17.0	0.0	95.0	
1500219809274	9593325346165	320.0	-17.0	0.0	95.0	
1500219809309	9593345487767	320.0	-17.0	0.0	95.0	
1500219809332	9593365629368	320.0	-17.0	0.201385498046875	95.0	
1500219809344	9593385770970	320.0	-17.0	1.0	95.0	
1500219809360	9593405912572	320.0	-17.0	1.0	95.0	
1500219809379	9593426054173	320.0	-17.0	1.0	95.0	
1500219809395	9593446195775	320.0	-17.0	1.0	95.0	
1500219809414	9593466337376	320.0	-17.0	1.0	95.0	
1500219809448	9593486478978	320.0	-17.0	1.0	95.0	
1500219809468	9593506620579	320.0	-17.0	1.0	95.0	
1500219809484	9593526762181	320.0	-17.0	1.0	95.0	
1500219809501	9593546903782	320.0	-17.0	1.0	95.0	
1500219809520	9593567045384	320.0	-17.0	1.0	95.0	
1500219809536	9593587186986	320.0	-17.0	1.0	95.0	
1500219809554	9593607328587	320.0	-17.0	1.0	95.0	
1500219809589	9593627470189	320.0	-17.0	0.0	95.0	
1500219809607	9593647611790	320.0	-17.0	0.0	95.0	
1500219809625	9593667753392	320.0	-17.0	0.0	95.0	
1500219809642	9593687894993	320.0	-17.0	0.0	95.0	
1500219809660	9593708036595	320.0	-17.0	0.0	95.0	
1500219809679	9593728178197	320.0	-17.0	0.0	95.0	
1500219809701	9593748319798	320.0	-17.0	0.0	95.0	
1500219809733	9593768461400	320.0	-17.0	0.0	95.0	
1500219809749	9593788603001	320.0	-17.0	0.0	95.0	
1500219809767	9593808744603	320.0	-17.0	0.0	95.0	
1500219809785	9593828886204	320.0	-17.0	0.0	95.0	
1500219809801	9593849027806	320.0	-17.0	0.0	95.0	
1500219809818	9593869169407	320.0	-17.0	0.0	95.0	
1500219809838	9593889311009	320.0	-17.0	0.0	95.0	
1500219809872	9593909452611	320.0	-17.0	0.0	95.0	
1500219809891	9593929594212	320.0	-17.0	0.0	95.0	
1500219809907	9593949735814	320.0	-17.0	0.0	95.0	
1500219809924	9593969877415	320.0	-17.0	0.0	95.0	
1500219809942	9593990019017	320.0	-17.0	0.0	95.0	
1500219809959	9594010160618	320.0	-17.0	0.0	95.0	
1500219809977	9594030302220	319.13916015625	-17.0	0.0	95.0	
1500219809996	9594050443822	319.0	-17.0	0.994842529296875	95.0	
1500219810030	9594070585423	319.0	-17.0	1.0	95.0	
1500219810048	9594090727025	319.0	-17.0	1.0	95.0	
1500219810065	9594110868626	319.0	-17.0	1.0	95.0	
1500219810083	9594131010228	319.0	-17.0	1.0	95.0	
1500219810102	9594151151829	319.0	-17.0	1.0	95.0	
1500219810118	9594171293431	319.0	-17.0	1.0	95.0	
1500219810136	9594191435032	319.0	-17.0	1.0	95.0	
1500219810172	9594211576634	319.0	-17.0	1.0	95.0	
1500219810190	9594231718236	319.0	-17.0	1.0	95.0	
1500219810209	9594251859837	319.3385009765625	-17.0	1.0	95.0	
1500219810224	9594272001439	320.0	-17.0	1.0	95.0	
1500219810242	9594292143040	320.0	-17.0	1.0	95.0	
1500219810260	9594312284642	320.0	-17.0	1.0	95.0	
1500219810277	9594332426243	320.0	-17.0	1.0	95.0	
1500219810313	9594352567845	320.0	-17.0	1.0	95.0	
1500219810330	9594372709447	320.0	-17.0	1.0	95.0	
1500219810347	9594392851048	320.0	-17.0	1.0	95.0	
1500219810365	9594412968410	320.0	-17.0	1.0	95.0	
1500219810383	9594433110011	320.0	-17.0	1.0	95.0	
1500219810400	9594453251613	320.0	-17.0	1.0	95.0	
1500219810420	9594473393214	319.1841735839844	-17.0	1.0	95.0	
1500219810436	9594493534816	319.0	-17.0	1.0	95.0	
1500219810472	9594513676417	319.0	-17.0	1.0	95.0	
1500219810488	9594533818019	319.0	-17.0	1.0	95.0	
1500219810506	9594553959621	319.0	-17.0	1.0	95.0	
1500219810524	9594574101222	319.0	-17.0	1.0	95.0	
1500219810543	9594594242824	319.0	-17.0	1.0	95.0	
1500219810559	9594614384425	319.0	-17.0	1.0	95.0	
1500219810578	9594634526027	319.0	-17.0	1.0	95.0	
1500219810611	9594654667628	319.0	-17.0	1.0	95.0	
1500219810629	9594674809230	319.0	-17.0	1.0	95.0	
1500219810647	9594694950832	319.0	-17.0	1.0	95.0	
1500219810664	9594715092433	319.0	-17.0	1.0	95.0	
1500219810684	9594735234035	319.0	-17.0	1.0	95.0	
1500219810700	9594755375636	319.0	-17.0	1.0	95.0	
1500219810717	9594775517238	319.0	-17.0	1.0	95.0	
1500219810737	9594795658839	319.0	-17.0	1.0	95.0	
1500219810771	9594815800441	319.0	-17.0	1.0	95.0	
1500219810788	9594835942042	319.0	-17.0	1.0	95.0	
1500219810806	9594856083644	319.36767578125	-17.0	1.0	95.0	
1500219810824	9594876225246	320.0	-17.0	1.0	95.0	
1500219810843	9594896366847	320.0	-17.0	1.0	95.0	
1500219810863	9594916508449	320.0	-17.0	1.0	95.0	
1500219810877	9594936650050	320.0	-17.0	1.0	95.0	
1500219810912	9594956791652	320.0	-17.0	1.0	95.0	
1500219810930	9594976933253	320.0	-17.0	1.0	95.0	
1500219810949	9594997074855	320.0	-17.0	1.0	95.0	
1500219810965	9595017216457	320.0	-17.0	1.0	95.0	
1500219810982	9595037358058	320.0	-17.0	1.0	95.0	
1500219811002	9595057499660	320.0	-17.0	1.0	95.0	
1500219811018	9595077641261	320.0	-17.0	1.0	95.0	
1500219811036	9595097782863	320.0	-17.0	1.0	95.0	
1500219811071	9595117924464	320.0	-17.0	1.0	95.0	
1500219811089	9595138066066	320.0	-17.0	1.0	95.0	
1500219811108	9595158207667	320.0	-17.0	1.0	95.0	
1500219811124	9595178349269	320.0	-17.515457153320313	1.0	95.0	
1500219811142	9595198490871	320.0	-18.0	1.0	95.0	
1500219811159	9595218632472	320.0	-18.0	1.0	95.0	
1500219811177	9595238774074	320.0	-18.0	1.0	95.0	
1500219811213	9595258915675	320.0	-18.0	1.0	95.0	
1500219811229	9595279057277	320.0	-18.0	1.0	95.0	
1500219811247	9595299198878	320.0	-18.0	1.0	95.0	
1500219811266	9595319340480	320.0	-18.0	1.0	95.0	
1500219811282	9595339482082	320.0	-18.0	1.0	95.0	
1500219811300	9595359623683	320.0	-18.0	1.0	95.0	
1500219811318	9595379765285	320.0	-18.0	1.0	95.0	
1500219811353	9595399906886	320.0	-18.0	1.0	95.0	
1500219811372	9595420048488	320.0	-18.0	1.0	95.0	
1500219811388	9595440190089	320.0	-18.0	1.0	95.0	
1500219811406	9595460331691	320.0	-18.0	1.0	95.0	
1500219811425	9595480473292	320.0	-18.0	1.0	95.0	
1500219811441	9595500614894	320.0	-18.0	1.0	95.0	
1500219811477	9595520756496	320.0	-18.0	1.0	95.0	
1500219811494	9595540898097	320.0	-18.0	1.0	95.0	
1500219811512	9595561039699	320.0	-18.0	1.0	95.0	
1500219811530	9595581181300	320.0	-18.0	1.0	95.0	
1500219811547	9595601322902	320.0	-18.0	1.0	95.0	
1500219811565	9595621464503	320.0	-18.0	1.0	95.0	
1500219811582	9595641606105	320.0	-18.0	1.0	95.0	
1500219811618	9595661747707	320.0	-18.0	1.0	95.0	
1500219811636	9595681889308	320.0	-18.0	1.0	95.0	
1500219811652	9595702030910	320.0	-18.0	1.0	95.0	
1500219811670	9595722172511	320.0	-18.0	1.0	95.0	
1500219811689	9595742314113	320.0	-18.0	1.0	95.0	
1500219811706	9595762455714	320.0	-18.0	1.0	95.0	
1500219811723	9595782597316	320.0	-18.0	1.0	95.0	
1500219811758	9595802738917	320.0	-18.0	1.0	95.0	
1500219811776	9595822880519	320.0	-18.0	1.0	95.0	
1500219811795	9595843022121	320.0	-18.0	1.0	95.0	
1500219811812	9595863163722	320.0	-18.0	1.0	95.0	
1500219811828	9595883305324	320.0	-18.0	1.0	95.0	
1500219811847	9595903446925	320.0	-18.0	1.0	95.0	
1500219811881	9595923588527	320.0	-18.0	1.0	95.0	
1500219811899	9595943730128	320.0	-18.0	1.0	95.0	
1500219811917	9595963871730	320.0	-18.0	1.0	95.0	
1500219811934	9595984013332	320.0	-18.0	1.0	95.0	
1500219811954	9596004154933	320.0	-18.0	1.0	95.0	
1500219811969	9596024296535	320.0	-17.245651245117188	1.0	95.0	
1500219811987	9596044438136	320.0	-17.0	1.0	95.0	
1500219812022	9596064579738	320.0	-17.0	1.0	95.0	
1500219812040	9596084721339	320.0	-17.0	1.0	95.0	
1500219812057	9596104862941	320.0	-17.0	1.0	95.0	
1500219812075	9596125004542	320.0	-17.0	1.0	95.0	
1500219812092	9596145146144	320.0	-17.0	1.0	95.0	
1500219812111	9596165287746	320.0	-17.0	1.0	95.0	
1500219812127	9596185429347	320.0	-17.0	1.0	95.0	
1500219812164	9596205570949	320.0	-17.0	2.0	95.0	
1500219812180	9596225712550	320.0	-17.0	2.0	95.0	
1500219812198	9596245854152	320.0	-17.0	2.0	95.0	
1500219812218	9596265995753	320.0	-17.0	2.0	95.0	
1500219812234	9596286137355	320.0	-17.0	2.0	95.0	
1500219812252	9596306278957	320.0	-17.0	2.0	95.0	
1500219812287	9596326420558	320.0	-17.0	2.0	95.0	
1500219812304	9596346562160	320.15155029296875	-16.848434448242188	2.1515655517578125	95.0	
1500219812322	9596366703761	321.0	-16.0	3.0	95.0	
1500219812340	9596386845363	321.0	-15.548782348632813	3.4512176513671875	95.0	
1500219812358	9596406986964	321.6010437011719	-14.398956298828125	4.601043701171875	95.0	
1500219812380	9596427128566	322.0	-14.0	5.0	95.0	
1500219812398	9596447270167	322.0	-13.09930419921875	5.0	95.0	
1500219812437	9596467411769	322.0	-13.0	5.0	95.0	
1500219812474	9596487553371	322.0	-13.0	5.0	95.0	
1500219812508	9596507694972	322.0	-13.0	5.0	95.0	
1500219812543	9596527836574	322.0	-13.0	5.0	95.0	
1500219812565	9596547978175	322.0	-13.0	5.0	95.0	
1500219812592	9596568119777	322.79962158203125	-13.0	5.0	95.0	
1500219812622	9596588261378	323.0	-13.0	5.0	95.0	
1500219812676	9596608402980	323.0	-13.0	5.0	95.0	
1500219812713	9596628544582	323.0	-13.0	5.0	95.0	
1500219812735	9596648686183	323.0	-13.0	5.0	95.0	
1500219812743	9596668827785	323.0	-13.0	5.0	95.0	
1500219812752	9596688969386	323.0	-13.0	5.0	95.0	
1500219812761	9596709110988	323.0	-13.0	5.0	95.0	
1500219812767	9596729252589	323.0	-13.0	5.0	95.0	
1500219812782	9596749394191	323.0	-13.0	5.0	95.0	
1500219812794	9596769535792	323.29791259765625	-13.0	5.0	95.0	
1500219812804	9596789677394	324.0	-13.0	5.0	95.0	
1500219812811	9596809818996	324.0	-13.0	5.0	95.0	
1500219812820	9596829960597	324.0	-13.0	5.0	95.0	
1500219812829	9596850102199	324.0	-13.0	5.0	95.0	
1500219812842	9596870243800	324.0	-13.0	5.0	95.0	
1500219812851	9596890385402	324.0	-12.803146362304688	5.0	95.0	
1500219812869	9596910527003	324.0	-12.0	5.0	95.0	
1500219812886	9596930668605	324.49652099609375	-12.496505737304688	5.0	95.0	
1500219812905	9596950810207	325.0	-13.0	5.0	95.0	
1500219812926	9596970951808	325.0	-13.0	5.0	95.0	
1500219812939	9596991093410	325.0	-13.0	5.0	95.0	
1500219812974	9597011235011	325.095458984375	-13.0	5.0	95.0	
1500219812991	9597031376613	326.0	-13.0	5.0	95.0	
1500219813009	9597051518214	326.0	-13.0	5.0	95.0	
1500219813027	9597071659816	326.0	-13.0	4.4793243408203125	95.0	
1500219813044	9597091801417	326.65972900390625	-13.0	4.0	95.0	
1500219813064	9597111943019	327.0	-13.0	4.0	95.0	
1500219813080	9597132084621	327.0	-13.0	4.0	95.0	
1500219813117	9597152226222	327.07586669921875	-12.0	4.0	95.0	
1500219813133	9597172367824	328.0	-12.0	4.0	95.0	
1500219813151	9597192509425	328.0	-12.0	4.0	95.0	
1500219813168	9597212651027	328.0	-12.0	3.5086212158203125	95.0	
1500219813186	9597232792628	328.0	-12.0	3.0	95.0	
1500219813203	9597252934230	328.0	-12.0	3.0	95.0	
1500219813222	9597273075832	328.9068908691406	-12.0	3.0	95.0	
1500219813256	9597293217433	329.0	-12.0	3.0	95.0	
1500219813276	9597313359035	329.0	-12.0	3.184478759765625	95.0	
1500219813291	9597333500636	329.0	-12.0	4.0	95.0	
1500219813309	9597353642238	329.0	-12.0	4.0	95.0	
1500219813327	9597373783839	329.0	-12.0	4.0	95.0	
1500219813345	9597393925441	329.7379150390625	-12.0	4.0	95.0	
1500219813361	9597414067042	330.0	-12.0	4.0	95.0	
1500219813396	9597434208644	330.0	-12.0	5.0	95.0	
1500219813415	9597454350246	330.0	-12.0	5.0	95.0	
1500219813432	9597474491847	330.0	-12.0	5.0	95.0	
1500219813449	9597494633449	330.0	-12.4310302734375	5.0	95.0	
1500219813468	9597514775050	330.0	-13.0	5.0	95.0	
1500219813487	9597534916652	330.0	-13.0	5.0	95.0	
1500219813503	9597555058253	330.8465576171875	-13.0	5.0	95.0	
1500219813521	9597575199855	331.0	-13.0	5.0	95.0	
1500219813556	9597595341457	331.0	-13.0	6.0	95.0	
1500219813573	9597615483058	331.0	-13.0	6.0	95.0	
1500219813591	9597635624660	331.4017333984375	-13.0	6.0	95.0	
1500219813612	9597655766261	332.0	-13.0	6.0	95.0	
1500219813628	9597675907863	332.0	-13.0	6.0	95.0	
1500219813645	9597696049464	332.0	-13.0	6.0	95.0	
1500219813661	9597716191066	332.0	-13.0	6.0	95.0	
1500219813697	9597736332667	333.0	-13.0	6.0	95.0	
1500219813714	9597756474269	333.0	-13.232757568359375	6.0	95.0	
1500219813732	9597776615871	333.0	-14.0	6.0	95.0	
1500219813749	9597796757472	333.0	-14.0	6.0	95.0	
1500219813767	9597816899074	333.0	-14.0	6.0	95.0	
1500219813785	9597837040675	333.0	-14.0	6.0	95.0	
1500219813803	9597857182277	333.0	-14.0	6.0	95.0	
1500219813838	9597877323878	333.0	-14.06378173828125	6.0	95.0	
1500219813857	9597897465480	333.0	-15.0	6.0	95.0	
1500219813874	9597917607082	333.0	-15.0	6.34136962890625	95.0	
1500219813890	9597937748683	333.0	-15.0	7.0	95.0	
1500219813914	9597957890285	333.0	-15.0	7.0	95.0	
1500219813926	9597978031886	333.0	-15.0	7.0	95.0	
1500219813943	9597998173488	333.0	-15.0	7.0	95.0	
1500219813980	9598018315089	333.0	-14.0	7.0	95.0	
1500219813996	9598038456691	333.0	-14.0	7.0	95.0	
1500219814015	9598058598292	333.0	-14.0	7.0	95.0	
1500219814031	9598078739894	333.0	-14.0	7.0	95.0	
1500219814049	9598098881496	333.0	-14.0	7.0	95.0	
1500219814068	9598119023097	333.0	-14.0	7.0	95.0	
1500219814085	9598139164699	333.0	-14.0	6.134490966796875	95.0	
1500219814120	9598159306300	333.0	-14.0	6.0	95.0	
1500219814138	9598179447902	333.0	-13.856903076171875	6.0	95.0	
1500219814155	9598199589503	333.0	-13.0	6.0	95.0	
1500219814174	9598219731105	333.0	-13.0	6.0	95.0	
1500219814192	9598239872707	333.0	-13.0	6.0	95.0	
1500219814208	9598260014308	333.0	-13.0	6.0	95.0	
1500219814227	9598280155910	332.1640625	-13.0	6.0	95.0	
1500219814243	9598300297511	332.0	-13.0	6.0	95.0	
1500219814279	9598320439113	332.0	-13.0	6.0	95.0	
1500219814297	9598340580714	332.0	-13.0	6.0	95.0	
1500219814314	9598360722316	332.0	-13.0	6.0	95.0	
1500219814334	9598380863917	332.0	-13.0	5.4715118408203125	95.0	
1500219814349	9598401005519	331.332763671875	-13.667236328125	4.332763671875	95.0	
1500219814367	9598421147121	331.0	-14.0	3.1948394775390625	95.0	
1500219814386	9598441288722	331.0	-14.0	2.0552825927734375	95.0	
1500219814420	9598461430324	331.0	-14.0	0.9172515869140625	95.0	
1500219814437	9598481571925	330.7789306640625	-14.0	0.0	95.0	
1500219814455	9598501713527	330.0	-14.0	0.0	95.0	
1500219814473	9598521855128	330.0	-14.0	-0.4982757568359375	95.0	
1500219814491	9598541996730	330.0	-14.637298583984375	-1.637298583984375	95.0	
1500219814507	9598562138332	329.2241516113281	-15.0	-2.0	95.0	
1500219814525	9598582279933	329.0	-15.0	-2.0	95.0	
1500219814560	9598602421535	329.0	-15.0	-2.0	95.0	
1500219814581	9598622563136	329.0	-15.0	-2.0	95.0	
1500219814598	9598642704738	329.0	-15.0	-2.0	95.0	
1500219814613	9598662846339	329.0	-15.0	-2.0	95.0	
1500219814631	9598682987941	329.0	-15.0	-2.0	95.0	
1500219814652	9598703129542	329.0	-15.0	-2.0	95.0	
1500219814667	9598723271144	329.0	-15.0	-2.0	95.0	
1500219814702	9598743412746	330.0	-16.0	-1.0	95.0	
1500219814720	9598763554347	330.0	-16.0	-0.8379364013671875	95.0	
1500219814737	9598783695949	330.0	-16.0	0.0	95.0	
1500219814757	9598803837550	330.0	-16.0	0.0	95.0	
1500219814773	9598823979152	330.0	-16.0	0.57757568359375	95.0	
1500219814790	9598844120753	330.0	-15.28448486328125	1.71551513671875	95.0	
1500219814809	9598864262355	330.0	-15.0	2.0	95.0	
1500219814824	9598884403957	330.0	-15.0	2.0	95.0	
1500219814859	9598904545558	330.0	-15.0	1.868743896484375	95.0	
1500219814877	9598924687160	329.72930908203125	-15.0	1.0	95.0	
1500219814895	9598944828761	329.0	-15.0	0.5913848876953125	95.0	
1500219814914	9598964970363	329.0	-15.0	0.0	95.0	
1500219814930	9598985111964	329.0	-15.0	0.0	95.0	
1500219814948	9599005253566	329.0	-15.0	0.0	95.0	
1500219814966	9599025395167	329.0	-15.0	0.0	95.0	
1500219815002	9599045536769	329.0	-14.101715087890625	-0.101715087890625	95.0	
1500219815021	9599065678371	329.0	-15.0	-1.0	95.0	
1500219815036	9599085819972	329.0	-15.0	-1.0	95.0	
1500219815054	9599105961574	329.0	-15.0	-1.0	95.0	
1500219815074	9599126103175	329.0	-15.0	-1.6562957763671875	95.0	
1500219815089	9599146244777	328.2052001953125	-15.0	-2.0	95.0	
1500219815107	9599166386378	328.0	-15.0	-2.0	95.0	
1500219815142	9599186527980	328.0723876953125	-15.0	-2.0	95.0	
1500219815160	9599206669582	329.0	-15.0	-2.0	95.0	
1500219815180	9599226811183	329.0	-15.0	-2.0	95.0	
1500219815195	9599246952785	329.0	-15.0	-2.0	95.0	
1500219815213	9599267094386	329.0	-15.0	-2.0	95.0	
1500219815231	9599287235988	328.2362060546875	-15.0	-2.0	95.0	
1500219815248	9599307377589	328.90325927734375	-15.0	-2.0	95.0	
1500219815283	9599327519191	329.0	-15.0	-2.0	95.0	
1500219815301	9599347660792	329.0	-15.0	-2.0	95.0	
1500219815318	9599367802394	329.0	-15.0	-2.0	95.0	
1500219815338	9599387943996	329.0	-15.0	-2.0	95.0	
1500219815354	9599408085597	329.0	-15.0	-2.0	95.0	
1500219815371	9599428227199	329.0	-15.0	-2.0	95.0	
1500219815395	9599448368800	328.1275939941406	-15.0	-2.0	95.0	
1500219815424	9599468510402	328.0	-15.0	-2.0	95.0	
1500219815444	9599488652003	328.0	-15.0	-2.0	95.0	
1500219815459	9599508793605	328.0	-15.0	-2.0	95.0	
1500219815477	9599528935207	328.0	-15.0	-2.427581787109375	95.0	
1500219815495	9599549076808	328.0	-15.0	-3.0	95.0	
1500219815512	9599569218410	328.0	-15.0	-3.0	95.0	
1500219815530	9599589360011	328.0	-15.0	-3.0	95.0	
1500219815547	9599609501613	328.0	-15.0	-3.0	95.0	
1500219815583	9599629643214	328.0	-15.0	-3.0	95.0	
1500219815602	9599649784816	328.0	-15.0	-3.0	95.0	
1500219815619	9599669926417	328.0	-15.0	-3.0	95.0	
1500219815635	9599690068019	328.0	-15.53619384765625	-3.0	95.0	
1500219815656	9599710209621	328.0	-16.0	-2.32586669921875	95.0	
1500219815670	9599730351222	328.0	-16.0	-2.0	95.0	
1500219815688	9599750492824	328.0	-16.0	-2.0	95.0	
1500219815723	9599770634425	328.0	-16.0	-2.0	95.0	
1500219815742	9599790776027	328.0	-16.0	-2.0	95.0	
1500219815761	9599810917628	328.0	-16.0	-2.0	95.0	
1500219815778	9599831059230	328.0	-16.0	-2.0	95.0	
1500219815796	9599851200832	328.0	-16.0	-2.0	95.0	
1500219815813	9599871342433	328.0	-15.215896606445313	-2.0	95.0	
1500219815829	9599891484035	328.0	-15.0	-2.0	95.0	
1500219815867	9599911625636	328.0	-15.0	-1.9361114501953125	95.0	
1500219815883	9599931767238	327.79620361328125	-15.0	-1.0	95.0	
1500219815900	9599951908839	327.0	-15.0	-1.0	95.0	
1500219815919	9599972050441	327.0	-15.0	-1.0	95.0	
1500219815935	9599992192042	327.0	-15.0	-1.0	95.0	
1500219815953	9600012333644	327.0	-15.0	-1.0	95.0	
1500219815971	9600032475246	327.0	-15.0	-1.0	95.0	
1500219816006	9600052616847	327.0	-15.0	-1.0	95.0	
1500219816025	9600072758449	327.0	-15.0	-1.0	95.0	
1500219816042	9600092900050	327.0	-15.0	-1.0	95.0	
1500219816059	9600113041652	327.0	-15.484375	-1.0	95.0	
1500219816081	9600133183253	327.0	-16.0	-1.0	95.0	
1500219816095	9600153324855	327.0	-16.0	-1.0	95.0	
1500219816129	9600173466457	327.0	-16.0	-1.0	95.0	
1500219816147	9600193608058	327.0	-16.0	-1.0	95.0	
1500219816165	9600213749660	327.37030029296875	-16.0	-0.62969970703125	95.0	
1500219816184	9600233891261	328.0	-16.0	0.0	95.0	
1500219816207	9600254032863	328.0	-15.2696533203125	0.0	95.0	
1500219816217	9600274174464	328.0	-15.0	0.0	95.0	
1500219816252	9600294316066	328.0	-15.0	0.0	95.0	
1500219816270	9600314457667	328.0	-15.0	0.0	95.0	
1500219816289	9600334599269	328.0	-15.0	0.0	95.0	
1500219816306	9600354740871	328.0	-15.0	0.0	95.0	
1500219816323	9600374882472	328.0	-15.0	0.0	95.0	
1500219816342	9600395024074	328.0	-15.0	0.0	95.0	
1500219816376	9600415165675	328.0	-15.0	0.0	95.0	
1500219816393	9600435307277	328.0	-15.0	0.0	95.0	
1500219816411	9600455448878	328.0	-15.0	0.0	95.0	
1500219816428	9600475590480	328.0	-15.0	0.0	95.0	
1500219816448	9600495732082	328.0	-15.0	0.0	95.0	
1500219816464	9600515873683	328.0	-15.0	0.860260009765625	95.0	
1500219816481	9600536015285	328.9730224609375	-15.0	1.0	95.0	
1500219816517	9600556156886	329.0	-14.0	1.08599853515625	95.0	
1500219816534	9600576298488	329.0	-14.0	2.0	95.0	
1500219816553	9600596440089	329.0	-14.0	2.0	95.0	
1500219816570	9600616581691	329.0	-14.0	2.4232635498046875	95.0	
1500219816590	9600636723292	329.0	-13.4637451171875	3.0	95.0	
1500219816607	9600656864894	329.0	-13.0	3.0	95.0	
1500219816623	9600677006496	329.0	-13.0	3.0	95.0	
1500219816641	9600697148097	328.12646484375	-13.0	3.8735198974609375	95.0	
1500219816659	9600717289699	328.0	-13.0	4.0	95.0	
1500219816694	9600737431300	328.0	-13.0	4.0	95.0	
1500219816711	9600757572902	328.0	-13.0	4.0	95.0	
1500219816729	9600777714503	328.0	-13.0	4.0	95.0	
1500219816746	9600797856105	328.0	-13.0	4.0	95.0	
1500219816765	9600817997707	328.0	-13.0	4.0	95.0	
1500219816781	9600838139308	328.0	-13.0	4.0	95.0	
1500219816799	9600858280910	328.0	-13.0	4.0	95.0	
1500219816817	9600878422511	328.0	-13.0	4.899139404296875	95.0	
1500219816852	9600898564113	328.0	-13.0	5.0	95.0	
1500219816871	9600918705714	328.0	-13.0	5.0	95.0	
1500219816887	9600938847316	328.0	-13.0	5.0	95.0	
1500219816905	9600958988917	328.0	-13.0	4.4929962158203125	95.0	
1500219816924	9600979130519	328.0	-13.0	4.0	95.0	
1500219816941	9600999272121	328.0	-13.0	4.0	95.0	
1500219816958	9601019413722	328.0	-13.0	4.0	95.0	
1500219816993	9601039555324	328.0	-13.0	5.0	95.0	
1500219817011	9601059696925	328.0	-13.0	5.0	95.0	
1500219817031	9601079838527	327.5456237792969	-13.0	5.0	95.0	
1500219817046	9601099980128	327.0	-13.0	5.0	95.0	
1500219817064	9601120121730	327.0	-13.0	5.0	95.0	
1500219817083	9601140263332	327.0	-13.0	5.0	95.0	
1500219817117	9601160404933	327.0	-13.0	5.0	95.0	
1500219817135	9601180546535	327.0	-13.0	5.0	95.0	
1500219817152	9601200688136	327.0	-13.0	5.0	95.0	
1500219817169	9601220829738	327.0	-13.0	5.0	95.0	
1500219817188	9601240971339	327.0	-13.0	5.0	95.0	
1500219817204	9601261112941	327.0	-13.0	5.0	95.0	
1500219817240	9601281254542	327.0	-13.0	5.0	95.0	
1500219817257	9601301396144	327.0	-13.0	5.0	95.0	
1500219817274	9601321537746	327.0	-13.0	5.0	95.0	
1500219817293	9601341679347	327.0	-13.0	5.0	95.0	
1500219817310	9601361820949	327.0	-13.0	5.0	95.0	
1500219817327	9601381962550	327.0	-13.0	5.0	95.0	
1500219817347	9601402104152	327.0	-13.0	5.0	95.0	
1500219817380	9601422245753	327.0	-13.0	5.1385955810546875	95.0	
1500219817398	9601442387355	327.0	-12.703521728515625	6.0	95.0	
1500219817416	9601462528957	327.0	-12.0	6.0	95.0	
1500219817433	9601482670558	327.0	-12.0	6.612274169921875	95.0	
1500219817453	9601502812160	327.0	-12.0	7.0	95.0	
1500219817468	9601522953761	327.0	-12.0	7.0	95.0	
1500219817505	9601543095363	327.0	-12.0	7.0	95.0	
1500219817522	9601563236964	327.24383544921875	-12.0	7.0	95.0	
1500219817539	9601583378566	328.0	-12.0	7.0	95.0	
1500219817557	9601603520167	328.0	-12.0	7.0	95.0	
1500219817574	9601623661769	328.0	-12.0	7.0	95.0	
1500219817592	9601643803371	328.0	-12.0	7.0	95.0	
1500219817628	9601663944972	328.0	-12.0	7.0	95.0	
1500219817645	9601684086574	328.0	-12.0	7.0	95.0	
1500219817663	9601704228175	328.0	-12.0	7.0	95.0	
1500219817680	9601724369777	328.0	-12.0	7.0	95.0	
1500219817698	9601744511378	328.0	-12.0	7.0	95.0	
1500219817718	9601764652980	328.0	-12.0	7.0	95.0	
1500219817733	9601784794582	328.0	-12.0	7.0	95.0	
1500219817770	9601804936183	328.0	-12.0	7.0	95.0	
1500219817786	9601825077785	328.0	-12.0	7.0	95.0	
1500219817804	9601845219386	328.0	-12.0	7.0	95.0	
1500219817822	9601865360988	328.4013671875	-12.0	7.0	95.0	
1500219817839	9601885502589	329.0	-12.0	7.0	95.0	
1500219817856	9601905644191	329.0	-12.0	7.0	95.0	
1500219817876	9601925785792	329.0	-12.0	7.0	95.0	
1500219817892	9601945927394	329.0	-12.0	7.0	95.0	
1500219817929	9601966068996	329.0	-12.0	7.0	95.0	
1500219817944	9601986210597	329.0	-12.0	7.0	95.0	
1500219817962	9602006352199	329.0	-12.0	7.0	95.0	
1500219817980	9602026493800	329.0	-12.0	7.0	95.0	
1500219817997	9602046635402	329.0	-12.0	7.0	95.0	
1500219818015	9602066777003	329.0	-12.0	7.0	95.0	
1500219818034	9602086918605	329.0	-12.0	7.0	95.0	
1500219818050	9602107060207	329.0	-12.0	7.0	95.0	
1500219818068	9602127201808	329.0	-12.0	7.0	95.0	
1500219818103	9602147343410	329.0	-12.0	7.0	95.0	
1500219818120	9602167485011	329.0	-12.0	7.0	95.0	
1500219818140	9602187626613	329.0	-12.0	7.0	95.0	
1500219818156	9602207768214	329.0	-12.0	7.0	95.0	
1500219818173	9602227909816	329.0	-12.0	7.0	95.0	
1500219818192	9602248051417	329.0	-12.0	7.0	95.0	
1500219818209	9602268193019	329.0	-12.0	7.0	95.0	
1500219818226	9602288334621	329.0	-12.0	7.0	95.0	
1500219818262	9602308476222	329.0	-12.076522827148438	7.0	95.0	
1500219818280	9602328617824	329.0	-13.0	7.0	95.0	
1500219818299	9602348759425	329.0	-13.0	7.0	95.0	
1500219818315	9602368901027	328.5329895019531	-12.532989501953125	7.0	95.0	
1500219818332	9602389042628	328.0	-12.0	7.0	95.0	
1500219818352	9602409184230	328.0	-12.0	7.0	95.0	
1500219818367	9602429325832	328.0	-12.0	7.0	95.0	
1500219818403	9602449467433	328.0	-12.051406860351563	7.0	95.0	
1500219818421	9602469609035	328.0	-13.0	7.0	95.0	
1500219818438	9602489750636	328.0	-13.0	6.6081695556640625	95.0	
1500219818457	9602509892238	328.0	-13.0	6.0	95.0	
1500219818473	9602530033839	328.0	-13.0	6.0	95.0	
1500219818491	9602550175441	328.0	-13.0	6.0	95.0	
1500219818526	9602570317042	328.0	-13.0	6.0	95.0	
1500219818544	9602590458644	328.0	-13.0	6.0	95.0	
1500219818563	9602610600246	328.0	-13.0	6.0	95.0	
1500219818579	9602630741847	328.0	-13.0	6.0	95.0	
1500219818597	9602650883449	328.0	-13.0	6.0	95.0	
1500219818616	9602671025050	328.0	-13.0	6.0	95.0	
1500219818655	9602691166652	328.0	-13.0	6.0	95.0	
1500219818668	9602711308253	328.0	-13.0	6.0	95.0	
1500219818686	9602731449855	328.0	-13.0	6.0	95.0	
1500219818706	9602751591457	328.0	-13.0	6.0	95.0	
1500219818727	9602771733058	328.0	-13.0	6.0	95.0	
1500219818741	9602791874660	328.0	-13.0	6.0	95.0	
1500219818781	9602812016261	328.0	-13.0	6.0	95.0	
1500219818801	9602832157863	328.0	-13.0	6.0	95.0	
1500219818818	9602852299464	328.0	-13.0	6.0	95.0	
1500219818848	9602872441066	328.0	-13.0	6.0	95.0	
1500219818868	9602892582667	328.0	-13.0	6.0	95.0	
1500219818885	9602912724269	328.0	-13.0	6.0	95.0	
1500219818900	9602932865871	328.0	-13.0	6.0	95.0	
1500219818914	9602953007472	328.0	-13.0	6.0	95.0	
1500219818934	9602973149074	328.0	-13.0	6.0	95.0	
1500219818951	9602993290675	328.0	-13.0	6.0	95.0	
1500219818969	9603013432277	328.0	-13.0	6.0	95.0	
1500219818993	9603033573878	328.0	-13.659271240234375	6.0	95.0	
1500219819014	9603053715480	328.0	-14.0	6.0	95.0	
1500219819022	9603073857082	328.0	-14.0	6.0	95.0	
1500219819054	9603093998683	328.0	-14.0	5.0	95.0	
1500219819076	9603114140285	328.0	-14.0	5.0	95.0	
1500219819093	9603134281886	328.0	-14.0	4.7172088623046875	95.0	
1500219819109	9603154423488	328.0	-13.592849731445313	4.0	95.0	
1500219819125	9603174565089	328.0	-13.0	4.0	95.0	
1500219819144	9603194706691	328.0	-13.0	4.0	95.0	
1500219819161	9603214848292	328.0	-13.0	4.0	95.0	
1500219819178	9603234989894	328.0	-13.0	4.0	95.0	
1500219819213	9603255131496	328.0	-13.0	3.0	95.0	
1500219819230	9603275273097	328.0	-13.0	3.0	95.0	
1500219819248	9603295414699	328.0	-13.0	3.2810821533203125	95.0	
1500219819266	9603315556300	328.0	-13.0	4.0	95.0	
1500219819283	9603335697902	328.0	-13.530715942382813	4.0	95.0	
1500219819303	9603355839503	328.0	-14.0	4.0	95.0	
1500219819319	9603375981105	328.0	-14.0	4.0	95.0	
1500219819337	9603396122707	328.0	-14.0	4.0	95.0	
1500219819372	9603416264308	328.0	-14.0	4.0	95.0	
1500219819390	9603436405910	328.0	-14.0	4.0	95.0	
1500219819408	9603456547511	328.0	-14.0	4.0	95.0	
1500219819427	9603476689113	328.0	-14.0	4.0	95.0	
1500219819443	9603496830714	328.52899169921875	-14.0	4.0	95.0	
1500219819462	9603516972316	329.0	-14.0	4.0	95.0	
1500219819479	9603537113917	329.0	-14.0	4.0	95.0	
1500219819495	9603557255519	329.0	-14.0	4.0	95.0	
1500219819531	9603577397121	329.0	-14.0	4.0	95.0	
1500219819548	9603597538722	329.0	-14.0	4.0	95.0	
1500219819567	9603617680324	329.0	-14.322906494140625	4.0	95.0	
1500219819583	9603637821925	329.0	-15.0	4.0	95.0	
1500219819601	9603657963527	329.0	-15.0	4.0	95.0	
1500219819621	9603678105128	329.0	-14.236526489257813	4.0	95.0	
1500219819636	9603698246730	329.0	-14.0	3.0902862548828125	95.0	
1500219819672	9603718388332	329.0	-14.0	3.0	95.0	
1500219819689	9603738529933	329.0	-14.0	3.0	95.0	
1500219819707	9603758671535	329.0	-14.0	3.0	95.0	
1500219819727	9603778813136	329.0	-14.0	3.0	95.0	
1500219819742	9603798954738	329.0	-14.0	3.0	95.0	
1500219819759	9603819096339	329.0	-14.0	3.0	95.0	
1500219819779	9603839237941	329.0	-14.0	3.0	95.0	
1500219819813	9603859379542	329.0	-14.0	3.0	95.0	
1500219819832	9603879521144	329.0	-14.232635498046875	3.0	95.0	
1500219819848	9603899662746	329.0	-15.0	3.0	95.0	
1500219819866	9603919804347	329.0	-15.0	3.0	95.0	
1500219819885	9603939945949	329.0	-15.0	3.0	95.0	
1500219819901	9603960087550	329.0	-15.0	3.0	95.0	
1500219819923	9603980229152	329.0	-15.0	3.0	95.0	
1500219819953	9604000370753	329.0	-15.0	3.0	95.0	
1500219819971	9604020512355	329.0	-15.0	3.0	95.0	
1500219819991	9604040653957	329.0	-15.0	3.0	95.0	
1500219820006	9604060795558	329.0	-15.0	3.0	95.0	
1500219820024	9604080937160	329.0	-15.0	3.0	95.0	
1500219820041	9604101078761	329.0	-15.0	3.0	95.0	
1500219820059	9604121220363	329.0	-15.0	3.0	95.0	
1500219820095	9604141361964	329.0	-15.0	3.1423492431640625	95.0	
1500219820112	9604161503566	329.0	-15.0	4.0	95.0	
1500219820129	9604181645167	329.0	-15.0	4.0	95.0	
1500219820148	9604201786769	329.0	-15.0	4.0	95.0	
1500219820165	9604221928371	329.0	-15.0	4.0	95.0	
1500219820183	9604242069972	329.0	-15.876724243164063	4.0	95.0	
1500219820217	9604262211574	329.0	-16.0	3.9757080078125	95.0	
1500219820235	9604282353175	329.0	-16.0	3.0	95.0	
1500219820258	9604302494777	329.0	-15.682296752929688	3.0	95.0	
1500219820276	9604322636378	329.0	-15.0	3.0	95.0	
1500219820288	9604342777980	329.0	-14.388900756835938	3.0	95.0	
1500219820307	9604362919582	329.0	-14.0	3.0	95.0	
1500219820324	9604383061183	328.0954895019531	-14.0	2.095489501953125	95.0	
1500219820362	9604403213356	328.0	-15.0	2.0	95.0	
1500219820376	9604423354957	328.0	-15.0	2.0	95.0	
1500219820393	9604443496559	328.0	-15.0	2.3460845947265625	95.0	
1500219820411	9604463638160	328.0	-15.0	3.0	95.0	
1500219820428	9604483779762	328.0	-15.0	3.0	95.0	
1500219820446	9604503921363	328.0	-15.0	3.0	95.0	
1500219820465	9604524062965	328.0	-15.0	3.0	95.0	
1500219820500	9604544204567	328.0	-15.0	3.0	95.0	
1500219820517	9604564346168	328.0	-15.0	3.0	95.0	
1500219820535	9604584487770	328.0	-15.0	3.0	95.0	
1500219820553	9604604629371	328.0	-15.0	3.0	95.0	
1500219820572	9604624770973	328.0	-15.0	3.0	95.0	
1500219820589	9604644912574	328.0	-15.0	3.0	95.0	
1500219820606	9604665054176	328.0	-15.0	3.0	95.0	
1500219820641	9604685195778	328.0	-15.0	3.0	95.0	
1500219820659	9604705337379	328.0	-15.0	3.0	95.0	
1500219820677	9604725478981	328.0	-15.0	3.0	95.0	
1500219820694	9604745620582	328.0	-15.0	3.0	95.0	
1500219820711	9604765762184	328.0	-15.0	3.0	95.0	
1500219820730	9604785903785	328.0	-15.0	3.0	95.0	
1500219820747	9604806045387	328.0	-15.0	3.0	95.0	
1500219820781	9604826186988	328.0	-15.0	3.0	95.0	
1500219820799	9604846328590	328.0	-15.0	3.0	95.0	
1500219820817	9604866470192	328.0	-15.0	3.0	95.0	
1500219820837	9604886611793	328.0	-15.0	3.0	95.0	
1500219820853	9604906753395	328.0	-15.0	3.0	95.0	
1500219820871	9604926894996	328.0	-15.0	3.0	95.0	
1500219820906	9604947036598	328.0	-15.0	3.0	95.0	
1500219820923	9604967178199	328.0	-15.0	3.0	95.0	
1500219820951	9604987319801	328.0	-15.0	3.0	95.0	
1500219820959	9605007461403	328.0	-15.0	3.0	95.0	
1500219820976	9605027603004	328.0	-15.0	3.0	95.0	
1500219820994	9605047744606	328.0	-15.0	3.0	95.0	
1500219821011	9605067886207	328.0	-15.0	3.0	95.0	
1500219821046	9605088027809	329.0	-15.0	3.0	95.0	
1500219821064	9605108169410	329.0	-15.0	3.0	95.0	
1500219821081	9605128311012	329.0	-15.0	3.0	95.0	
1500219821101	9605148452613	328.51214599609375	-15.0	2.5121612548828125	95.0	
1500219821117	9605168594215	328.0	-15.0	2.0	95.0	
1500219821135	9605188735817	328.0	-15.0	1.21875	95.0	
1500219821154	9605208877418	327.0713195800781	-15.928680419921875	0.071319580078125	95.0	
1500219821188	9605229019020	326.0	-17.0	-1.07476806640625	95.0	
1500219821204	9605249160621	326.0	-17.0	-2.2222137451171875	95.0	
1500219821223	9605269302223	325.6313171386719	-17.368682861328125	-3.368682861328125	95.0	
1500219821240	9605289443824	325.0	-18.0	-4.516510009765625	95.0	
1500219821262	9605309585426	325.0	-18.0	-5.0	95.0	
1500219821275	9605329727028	325.0	-18.0	-5.8104248046875	95.0	
1500219821293	9605349868629	324.04339599609375	-18.0	-6.0	95.0	
1500219821328	9605370010231	324.0	-18.0	-7.104156494140625	95.0	
1500219821347	9605390151832	324.0	-18.25042724609375	-8.0	95.0	
1500219821365	9605410293434	324.0	-19.0	-8.0	95.0	
1500219821382	9605430435035	324.0	-18.455657958984375	-8.0	95.0	
1500219821403	9605450576637	324.0	-18.0	-8.0	95.0	
1500219821420	9605470718238	324.0	-18.0	-8.0	95.0	
1500219821435	9605490859840	324.0	-18.0	-8.984375	95.0	
1500219821470	9605511001442	324.0	-18.0	-9.0	95.0	
1500219821487	9605531143043	324.0	-18.0	-9.0	95.0	
1500219821504	9605551284645	324.0	-18.0	-9.0	95.0	
1500219821525	9605571426246	324.0	-18.0	-9.0	95.0	
1500219821540	9605591567848	324.0	-18.0	-9.0	95.0	
1500219821557	9605611709449	324.0	-18.0	-9.0	95.0	
1500219821592	9605631851051	325.0	-18.0	-9.0	95.0	
1500219821610	9605651992653	325.0	-18.0	-9.0	95.0	
1500219821628	9605672134254	325.0	-18.0	-9.0	95.0	
1500219821645	9605692275856	325.0	-18.0	-9.0	95.0	
1500219821663	9605712417457	325.0	-18.0	-8.399307250976563	95.0	
1500219821684	9605732559059	325.0	-18.0	-8.0	95.0	
1500219821700	9605752700660	325.0	-17.104354858398438	-8.0	95.0	
1500219821736	9605772842262	326.0	-17.0	-7.9582672119140625	95.0	
1500219821753	9605792983863	326.0	-17.0	-7.0	95.0	
1500219821769	9605813125465	326.0	-17.0	-7.0	95.0	
1500219821786	9605833267067	326.0	-17.0	-7.0	95.0	
1500219821804	9605853408668	326.0	-17.0	-7.0	95.0	
1500219821822	9605873550270	326.0	-17.0	-7.0	95.0	
1500219821842	9605893691871	326.0	-17.0	-7.0	95.0	
1500219821875	9605913833473	326.0	-17.0	-7.0	95.0	
1500219821892	9605933975074	326.0	-17.0	-7.0	95.0	
1500219821910	9605954116676	326.0	-17.0	-7.0	95.0	
1500219821928	9605974258278	326.0	-17.0	-7.0	95.0	
1500219821947	9605994399879	326.0	-17.0	-6.3420257568359375	95.0	
1500219821963	9606014541481	326.0	-17.0	-6.0	95.0	
1500219821980	9606034683082	326.0	-17.0	-6.0	95.0	
1500219822017	9606054824684	326.0	-17.0	-6.0	95.0	
1500219822033	9606074966285	326.0	-17.0	-6.0	95.0	
1500219822051	9606095107887	326.0	-17.0	-6.0	95.0	
1500219822069	9606115249488	326.53912353515625	-17.0	-6.0	95.0	
1500219822087	9606135391090	327.0	-17.0	-6.0	95.0	
1500219822105	9606155532692	327.0	-17.0	-6.0	95.0	
1500219822122	9606175674293	327.0	-17.0	-6.0	95.0	
1500219822158	9606195815895	327.0	-17.0	-5.0	95.0	
1500219822178	9606215957496	327.2742919921875	-17.0	-4.7257080078125	95.0	
1500219822193	9606236099098	328.0	-17.0	-4.0	95.0	
1500219822210	9606256240699	328.0	-16.432296752929688	-4.0	95.0	
1500219822228	9606276382301	328.0	-16.0	-3.2852325439453125	95.0	
1500219822245	9606296523903	328.0	-16.0	-3.0	95.0	
1500219822280	9606316665504	328.0	-17.0	-3.0	95.0	
1500219822298	9606336807106	328.0	-17.0	-3.0	95.0	
1500219822318	9606356948707	328.0	-17.0	-3.0	95.0	
1500219822333	9606377090309	328.44866943359375	-16.551315307617188	-2.5513153076171875	95.0	
1500219822351	9606397231910	329.0	-16.0	-1.4034881591796875	95.0	
1500219822368	9606417373512	329.0	-16.0	-1.0	95.0	
1500219822386	9606437515113	329.0	-16.0	-0.1095733642578125	95.0	
1500219822424	9606457656715	330.0	-15.0	0.0365142822265625	95.0	
1500219822439	9606477798317	330.0	-15.0	1.0	95.0	
1500219822456	9606497939918	330.0	-15.0	1.3304290771484375	95.0	
1500219822477	9606518081520	330.0	-15.0	2.0	95.0	
1500219822491	9606538223121	330.0	-15.0	2.0	95.0	
1500219822509	9606558364723	330.0	-15.0	2.7708282470703125	95.0	
1500219822529	9606578506324	330.0	-15.0	3.0	95.0	
1500219822562	9606598647926	330.0	-15.0	3.0	95.0	
1500219822580	9606618789528	330.0	-15.0	3.0	95.0	
1500219822597	9606638931129	330.0	-15.0	3.0	95.0	
1500219822615	9606659072731	330.0	-15.0	3.0	95.0	
1500219822635	9606679214332	330.0	-15.0	3.0	95.0	
1500219822650	9606699355934	330.0	-15.0	3.7672271728515625	95.0	
1500219822668	9606719497535	330.0	-15.0	4.0	95.0	
1500219822703	9606739639137	330.0	-15.0	4.0	95.0	
1500219822721	9606759780738	330.0	-15.0	4.0	95.0	
1500219822739	9606779922340	330.0	-15.0	4.0	95.0	
1500219822756	9606800063942	330.0	-15.0	4.0	95.0	
1500219822773	9606820205543	330.0	-15.0	4.0	95.0	
1500219822792	9606840347145	330.0	-15.0	4.0	95.0	
1500219822809	9606860488746	330.0	-15.0	4.0	95.0	
1500219822845	9606880630348	330.0	-15.0	4.0	95.0	
1500219822862	9606900771949	330.0	-15.0	4.0	95.0	
1500219822880	9606920913551	330.0	-15.0	4.0	95.0	
1500219822897	9606941055153	330.0	-15.42413330078125	4.0	95.0	
1500219822915	9606961196754	330.0	-16.0	4.0	95.0	
1500219822933	9606981338356	330.0	-16.0	4.0	95.0	
1500219822951	9607001479957	330.0	-16.0	4.0	95.0	
1500219822968	9607021621559	330.0	-16.0	4.0	95.0	
1500219823005	9607041763160	330.0	-16.0	4.0	95.0	
1500219823020	9607061904762	330.0	-16.0	4.2534332275390625	95.0	
1500219823038	9607082046363	330.0	-16.0	5.0	95.0	
1500219823055	9607102187965	330.0	-15.470703125	5.0	95.0	
1500219823072	9607122329567	330.0	-15.0	5.667236328125	95.0	
1500219823090	9607142471168	330.0	-15.0	6.0	95.0	
1500219823110	9607162612770	330.0	-15.0	6.0	95.0	
1500219823144	9607182754371	330.0	-15.0	6.0	95.0	
1500219823163	9607202895973	330.0	-15.0	6.0	95.0	
1500219823179	9607223037574	330.0	-15.0	6.0	95.0	
1500219823197	9607243179176	330.0	-15.0	6.0	95.0	
1500219823214	9607263320778	330.0	-15.0	6.0	95.0	
1500219823232	9607283462379	330.0	-15.0	6.0	95.0	
1500219823250	9607303603981	330.0	-15.0	6.0	95.0	
1500219823285	9607323745582	330.0	-15.0	6.0	95.0	
1500219823302	9607343887184	330.0	-15.0	6.0	95.0	
1500219823320	9607364028785	330.0	-15.0	6.0	95.0	
1500219823337	9607384170387	330.0	-15.0	6.0	95.0	
1500219823355	9607404311988	330.0	-15.0	6.0	95.0	
1500219823375	9607424453590	330.0	-15.0	6.0	95.0	
1500219823391	9607444595192	330.0	-15.0	6.0	95.0	
1500219823427	9607464736793	330.0	-15.0	6.0	95.0	
1500219823443	9607484878395	330.0	-15.0	6.0	95.0	
1500219823461	9607505019996	330.0	-15.0	6.0	95.0	
1500219823479	9607525161598	330.0	-15.0	6.0	95.0	
1500219823496	9607545303199	330.0	-15.0	6.0	95.0	
1500219823513	9607565444801	330.0	-15.0	6.0	95.0	
1500219823533	9607585586403	329.15692138671875	-15.0	6.0	95.0	
1500219823549	9607605728004	329.0	-15.0	6.0	95.0	
1500219823584	9607625869606	329.0	-15.0	6.0	95.0	
1500219823602	9607646011207	329.0	-15.0	6.0	95.0	
1500219823619	9607666152809	329.0	-15.0	6.0	95.0	
1500219823638	9607686294410	329.0	-15.0	6.0	95.0	
1500219823655	9607706436012	329.0	-15.0	6.0	95.0	
1500219823672	9607726577613	329.0	-15.0	6.0	95.0	
1500219823691	9607746719215	329.0	-15.0	6.0	95.0	
1500219823725	9607766860817	329.0	-15.0	6.0	95.0	
1500219823743	9607787002418	329.0	-15.0	6.0	95.0	
1500219823760	9607807144020	329.0	-15.0	6.0	95.0	
1500219823778	9607827285621	329.0	-15.0	6.0	95.0	
1500219823797	9607847427223	328.362060546875	-15.0	6.0	95.0	
1500219823813	9607867568824	328.0	-15.0	6.0	95.0	
1500219823831	9607887710426	328.0	-15.0	6.0	95.0	
1500219823866	9607907852028	328.0	-15.0	6.0	95.0	
1500219823891	9607927993629	328.0	-15.0	6.0	95.0	
1500219823909	9607948135231	328.0	-15.0	6.0	95.0	
1500219823919	9607968276832	328.0	-15.0	6.0	95.0	
1500219823937	9607988418434	328.0	-15.0	6.0	95.0	
1500219823956	9608008560035	328.0	-15.0	6.0	95.0	
1500219823972	9608028701637	328.0	-15.0	6.0	95.0	
1500219824007	9608048843238	328.0	-15.0	6.0	95.0	
1500219824025	9608068984840	328.15716552734375	-15.0	6.0	95.0	
1500219824042	9608089126442	329.0	-15.0	6.0	95.0	
1500219824062	9608109268043	329.0	-15.0	6.0	95.0	
1500219824077	9608129409645	329.0	-15.0	6.0	95.0	
1500219824095	9608149551246	329.0	-15.0	6.0	95.0	
1500219824115	9608169692848	329.0	-15.0	6.0	95.0	
1500219824130	9608189834449	329.0	-15.0	6.0	95.0	
1500219824166	9608209976051	329.0	-15.0	6.0	95.0	
1500219824183	9608230117653	329.0	-15.0	6.0	95.0	
1500219824201	9608250259254	329.0	-15.0	6.0	95.0	
1500219824220	9608270400856	329.0	-15.0	6.0	95.0	
1500219824237	9608290542457	329.0	-15.0	6.0	95.0	
1500219824255	9608310684059	329.0	-15.0	6.0	95.0	
1500219824274	9608330825660	329.0	-15.0	6.0	95.0	
1500219824307	9608350967262	329.0	-15.0	6.0	95.0	
1500219824325	9608371108863	329.0	-15.0	6.0	95.0	
1500219824342	9608391250465	329.0	-15.0	6.0	95.0	
1500219824360	9608411392067	329.5051574707031	-15.0	6.0	95.0	
1500219824379	9608431533668	330.0	-15.0	6.0	95.0	
1500219824396	9608451675270	330.0	-15.0	6.0	95.0	
1500219824413	9608471816871	330.0	-15.0	6.0	95.0	
1500219824449	9608491958473	330.0	-14.941390991210938	5.9413909912109375	95.0	
1500219824466	9608512100074	330.0	-14.0	5.0	95.0	
1500219824485	9608532241676	330.0	-14.0	5.0	95.0	
1500219824501	9608552383278	330.0	-14.0	5.0	95.0	
1500219824518	9608572524879	330.0	-14.0	5.0	95.0	
1500219824538	9608592666481	330.0	-14.0	5.0	95.0	
1500219824557	9608612808082	330.0	-14.0	5.0	95.0	
1500219824592	9608632949684	329.0	-14.0	5.0	95.0	
1500219824611	9608653091285	329.0	-14.0	5.0	95.0	
1500219824634	9608673232887	329.0	-14.0	5.0	95.0	
1500219824646	9608693374488	329.0	-14.0	5.0	95.0	
1500219824660	9608713516090	329.0	-14.0	5.0	95.0	
1500219824680	9608733657692	329.0	-14.0	5.0	95.0	
1500219824699	9608753799293	329.0	-14.0	5.0	95.0	
1500219824714	9608773940895	329.0	-14.0	5.0	95.0	
1500219824750	9608794082496	329.0	-14.0	5.0	95.0	
1500219824767	9608814224098	329.0	-14.0	5.0	95.0	
1500219824783	9608834365699	329.0	-14.0	5.0	95.0	
1500219824806	9608854507301	329.0	-14.0	5.0	95.0	
1500219824821	9608874648903	329.0	-14.0	5.0	95.0	
1500219824838	9608894790504	329.0	-14.0	5.0	95.0	
1500219824856	9608914932106	329.0	-14.0	5.0	95.0	
1500219824891	9608935073707	329.0	-14.0	5.0	95.0	
1500219824910	9608955215309	329.0	-14.0	5.0	95.0	
1500219824924	9608975356910	329.0	-14.0	5.0	95.0	
1500219824942	9608995498512	329.0	-14.0	5.0	95.0	
1500219824960	9609015640113	329.0	-14.648269653320313	5.0	95.0	
1500219824977	9609035781715	329.0	-15.0	5.0	95.0	
1500219824994	9609055923317	329.0	-15.0	5.0	95.0	
1500219825036	9609076064918	329.0	-15.0	5.0	95.0	
1500219825048	9609096206520	329.0	-15.0	5.0	95.0	
1500219825067	9609116348121	329.0	-15.0	5.0	95.0	
1500219825082	9609136489723	329.0	-15.0	5.0	95.0	
1500219825099	9609156631324	329.0	-15.0	5.0	95.0	
1500219825119	9609176772926	329.0	-15.0	5.0	95.0	
1500219825135	9609196914528	329.9929504394531	-15.0	5.0	95.0	
1500219825171	9609217056129	330.0	-15.0	5.0	95.0	
1500219825188	9609237197731	330.0	-15.0	5.0	95.0	
1500219825206	9609257339332	330.0	-15.0	4.52288818359375	95.0	
1500219825225	9609277480934	330.0	-14.360916137695313	4.0	95.0	
1500219825241	9609297622535	330.0	-14.0	4.0	95.0	
1500219825258	9609317764137	330.0	-14.0	4.0	95.0	
1500219825294	9609337905738	330.0	-13.87677001953125	4.0	95.0	
1500219825311	9609358047340	330.0	-13.285202026367188	4.0	95.0	
1500219825330	9609378188942	330.0	-14.0	4.0	95.0	
1500219825346	9609398330543	330.0	-14.0	4.0	95.0	
1500219825364	9609418472145	330.0	-14.0	4.0	95.0	
1500219825383	9609438613746	330.0	-14.0	4.0	95.0	
1500219825418	9609458755348	330.0	-14.0	5.0	95.0	
1500219825436	9609478896949	330.0	-14.0	5.0	95.0	
1500219825452	9609499038551	330.0	-14.417251586914063	5.0	95.0	
1500219825469	9609519180153	330.0	-15.0	5.0	95.0	
1500219825489	9609539321754	330.0	-15.0	5.0	95.0	
1500219825505	9609559463356	330.9013977050781	-15.0	5.0	95.0	
1500219825541	9609579604957	331.0	-15.0	5.0	95.0	
1500219825558	9609599746559	331.0	-15.0	5.0	95.0	
1500219825575	9609619888160	331.0	-15.0	5.0	95.0	
1500219825593	9609640029762	331.0	-15.0	5.0	95.0	
1500219825611	9609660171363	331.0	-15.0	5.0	95.0	
1500219825628	9609680312965	331.0	-15.0	5.0	95.0	
1500219825663	9609700454567	331.0	-15.0	5.0	95.0	
1500219825681	9609720596168	331.0	-15.0	5.0	95.0	
1500219825701	9609740737770	331.0	-15.0	4.6672515869140625	95.0	
1500219825717	9609760879371	331.0	-15.0	4.0	95.0	
1500219825734	9609781020973	331.0	-15.0	4.0	95.0	
1500219825752	9609801162574	331.0	-15.0	4.0	95.0	
1500219825770	9609821304176	331.0	-15.0	4.0	95.0	
1500219825787	9609841445778	331.0	-15.0	4.0	95.0	
1500219825823	9609861587379	331.0	-15.0	4.1217803955078125	95.0	
1500219825843	9609881728981	331.0	-15.0	5.0	95.0	
1500219825860	9609901870582	331.0	-15.0	5.0	95.0	
1500219825876	9609922012184	331.0	-15.0	5.0	95.0	
1500219825893	9609942153785	330.3527526855469	-15.0	5.0	95.0	
1500219825912	9609962295387	330.0	-15.0	5.0	95.0	
1500219825928	9609982436988	330.0	-15.0	5.0	95.0	
1500219825964	9610002578590	330.0	-15.0	4.9588470458984375	95.0	
1500219825981	9610022720192	330.0	-14.826766967773438	4.0	95.0	
1500219825998	9610042861793	330.0	-14.0	4.0	95.0	
1500219826016	9610063003395	330.0	-14.0	4.0	95.0	
1500219826033	9610083144996	330.0	-14.0	4.0	95.0	
1500219826051	9610103286598	330.0	-14.0	4.0	95.0	
1500219826072	9610123428199	330.0	-14.0	4.0	95.0	
1500219826087	9610143569801	330.0	-14.0	4.0	95.0	
1500219826122	9610163711403	330.0	-14.0	4.0	95.0	
1500219826140	9610183853004	330.0	-14.0	4.0	95.0	
1500219826158	9610203994606	330.0	-14.0	4.0	95.0	
1500219826177	9610224136207	330.0	-14.0	4.0	95.0	
1500219826196	9610244277809	330.0	-14.0	4.0	95.0	
1500219826212	9610264419410	330.0	-14.0	4.0	95.0	
1500219826230	9610284561012	330.0	-14.0	4.0	95.0	
1500219826265	9610304702613	330.0	-14.0	4.0	95.0	
1500219826280	9610324844215	330.0	-14.0	4.0	95.0	
1500219826298	9610344985817	330.0	-14.0	4.0	95.0	
1500219826316	9610365127418	329.59246826171875	-14.0	4.0	95.0	
1500219826335	9610385269020	329.0	-14.0	4.0	95.0	
1500219826351	9610405410621	329.0	-14.0	4.0	95.0	
1500219826369	9610425552223	329.0	-14.0	4.0	95.0	
1500219826387	9610445693824	329.0	-14.0	4.0	95.0	
1500219826422	9610465835426	329.0	-14.0	4.0	95.0	
1500219826440	9610485977028	329.0	-14.0	4.195526123046875	95.0	
1500219826457	9610506118629	329.0	-14.0	5.0	95.0	
1500219826474	9610526260231	329.0	-14.0	5.0	95.0	
1500219826494	9610546401832	329.0	-14.0	5.0	95.0	
1500219826511	9610566543434	329.0	-14.0	5.0	95.0	
1500219826528	9610586685035	328.14752197265625	-14.0	5.0	95.0	
1500219826548	9610606826637	328.0	-14.0	5.0	95.0	
1500219826582	9610626968238	328.0	-14.0	5.0	95.0	
