1504796832285	2662366242875	40.0	-6.0	-2.0	2.0	
1504796832330	2662386384476	40.0	-6.0	-2.0	2.0	
1504796832352	2662406526078	40.0	-6.0	-2.0	2.0	
1504796832361	2662426667679	40.0	-6.0	-2.0	2.0	
1504796832370	2662446809281	40.0	-6.0	-2.0	2.0	
1504796832389	2662466950882	40.0	-6.0	-2.0	2.0	
1504796832406	2662487092484	40.0	-6.0	-2.0	2.0	
1504796832426	2662507234086	40.0	-6.0	-2.0	2.0	
1504796832459	2662527375687	40.0	-6.0	-2.0	2.0	
1504796832479	2662547517289	40.0	-6.0	-2.0	2.0	
1504796832494	2662567658890	40.0	-6.0	-2.0	2.0	
1504796832517	2662587800492	40.0	-6.0	-2.0	2.0	
1504796832530	2662607942093	40.0	-6.0	-2.0	2.0	
1504796832553	2662628083695	40.0	-6.0	-2.0	2.0	
1504796832564	2662648225297	40.0	-6.0	-2.0	2.0	
1504796832599	2662668366898	40.0	-6.0	-2.0	2.0	
1504796832617	2662688508500	40.0	-6.0	-2.0	2.0	
1504796832643	2662708650101	40.0	-6.0	-2.0	2.0	
1504796832654	2662728791703	40.0	-6.0	-2.0	2.0	
1504796832669	2662748933304	40.0	-6.0	-2.0	2.0	
1504796832688	2662769074906	40.0	-6.0	-2.0	2.0	
1504796832705	2662789216507	40.0	-6.0	-2.0	2.0	
1504796832723	2662809358109	40.0	-6.0	-2.0	2.0	
1504796832758	2662829499711	40.0	-6.0	-2.0	2.0	
1504796832775	2662849641312	40.0	-6.0	-2.0	2.0	
1504796832796	2662869782914	40.0	-6.0	-2.0	2.0	
1504796832811	2662889924515	40.0	-6.0	-2.0	2.0	
1504796832829	2662910066117	40.0	-6.0	-2.0	2.0	
1504796832848	2662930207718	40.0	-6.0	-2.0	2.0	
1504796832864	2662950349320	40.0	-6.0	-2.0	2.0	
1504796832900	2662970490922	40.0	-6.0	-2.0	2.0	
1504796832916	2662990632523	40.0	-6.0	-2.0	2.0	
1504796832937	2663010774125	40.0	-6.0	-2.0	2.0	
1504796832952	2663030915726	40.0	-6.0	-2.0	2.0	
1504796832973	2663051057328	40.0	-6.0	-2.0	2.0	
1504796832991	2663071198929	40.0	-6.0	-2.0	2.0	
1504796833013	2663091340531	40.0	-6.0	-2.0	2.0	
1504796833026	2663111482132	40.0	-6.0	-2.0	2.0	
1504796833059	2663131623734	40.0	-6.0	-2.0	2.0	
1504796833077	2663151765336	40.0	-6.0	-2.0	2.0	
1504796833093	2663171906937	40.0	-6.0	-2.0	2.0	
1504796833113	2663192048539	40.0	-6.0	-2.0	2.0	
1504796833128	2663212190140	40.0	-6.0	-2.0	2.0	
1504796833149	2663232331742	40.0	-6.0	-2.0	2.0	
1504796833164	2663252473343	40.0	-6.0	-2.0	2.0	
1504796833199	2663272614945	40.0	-6.0	-2.0	2.0	
1504796833216	2663292756547	40.0	-6.0	-2.0	2.0	
1504796833234	2663312898148	40.0	-6.0	-2.0	2.0	
1504796833251	2663333039750	40.0	-6.0	-2.0	2.0	
1504796833270	2663353181351	40.0	-6.0	-2.0	2.0	
1504796833287	2663373322953	40.0	-6.0	-2.0	2.0	
1504796833308	2663393464554	40.0	-6.0	-2.0	2.0	
1504796833343	2663413606156	40.0	-6.0	-2.0	2.0	
1504796833360	2663433747757	40.0	-6.0	-2.0	2.0	
1504796833382	2663453889359	40.0	-6.0	-2.0	2.0	
1504796833398	2663474030961	40.0	-6.0	-2.0	2.0	
1504796833423	2663494172562	40.0	-6.0	-2.0	2.0	
1504796833432	2663514314164	40.0	-6.0	-2.0	2.0	
1504796833447	2663534455765	40.0	-6.0	-2.0	2.0	
1504796833464	2663554597367	40.0	-6.0	-2.0	2.0	
1504796833501	2663574738968	40.0	-6.0	-2.0	2.0	
1504796833517	2663594880570	40.0	-6.0	-2.0	2.0	
1504796833537	2663615022172	40.0	-6.0	-2.0	2.0	
1504796833555	2663635163773	40.0	-6.0	-2.0	2.0	
1504796833571	2663655305375	40.0	-6.0	-2.0	2.0	
1504796833588	2663675446976	40.0	-6.0	-2.0	2.0	
1504796833606	2663695588578	40.0	-6.0	-2.0	2.0	
1504796833643	2663715730179	40.0	-6.0	-2.0	2.0	
1504796833659	2663735871781	40.0	-6.0	-2.0	2.0	
1504796833675	2663756013382	40.0	-6.0	-2.0	2.0	
1504796833693	2663776154984	40.0	-6.0	-2.0	2.0	
1504796833711	2663796296586	40.0	-6.0	-2.0	2.0	
1504796833727	2663816438187	40.0	-6.0	-2.0	2.0	
1504796833745	2663836579789	40.0	-6.0	-2.0	2.0	
1504796833782	2663856721390	40.0	-6.0	-2.0	2.0	
1504796833800	2663876862992	40.0	-6.0	-2.0	2.0	
1504796833818	2663897004593	40.0	-6.0	-2.0	2.0	
1504796833834	2663917146195	40.0	-6.0	-2.0	2.0	
1504796833851	2663937287797	40.0	-6.0	-2.0	2.0	
1504796833868	2663957429398	40.0	-6.0	-2.0	2.0	
1504796833885	2663977571000	40.0	-6.0	-2.0	-1.0	
1504796833903	2663997712601	40.0	-6.0	-2.0	-1.0	
1504796833938	2664017854203	40.0	-6.0	-2.0	-1.0	
1504796833956	2664037995804	40.0	-6.0	-2.0	-1.0	
1504796833974	2664058137406	40.0	-6.0	-2.0	-1.0	
1504796833991	2664078279007	40.0	-6.0	-2.0	-1.0	
1504796834010	2664098420609	40.0	-6.0	-2.0	-1.0	
1504796834026	2664118562211	40.0	-6.0	-2.0	-1.0	
1504796834044	2664138703812	40.0	-6.0	-2.0	-1.0	
1504796834079	2664158845414	40.0	-6.0	-2.0	-1.0	
1504796834098	2664178987015	40.0	-6.0	-2.0	-1.0	
1504796834115	2664199128617	40.0	-6.0	-2.0	-1.0	
1504796834132	2664219270218	40.0	-6.0	-2.0	-1.0	
1504796834149	2664239411820	40.0	-6.0	-2.0	-1.0	
1504796834168	2664259553422	40.0	-6.0	-2.0	-1.0	
1504796834185	2664279695023	40.0	-6.0	-2.0	-1.0	
1504796834222	2664299836625	40.0	-6.0	-2.0	-1.0	
1504796834238	2664319978226	40.0	-6.0	-2.0	-1.0	
1504796834256	2664340119828	40.0	-6.0	-2.0	-1.0	
1504796834276	2664360261429	40.0	-6.0	-2.0	-1.0	
1504796834291	2664380403031	40.0	-6.0	-2.0	-1.0	
1504796834310	2664400544632	40.0	-6.0	-2.0	-1.0	
1504796834326	2664420686234	40.0	-6.0	-2.0	-1.0	
1504796834362	2664440827836	40.0	-6.0	-2.0	-1.0	
1504796834379	2664460969437	40.0	-6.0	-2.0	-1.0	
1504796834396	2664481111039	40.0	-6.0	-2.0	-1.0	
1504796834415	2664501252640	40.0	-6.0	-2.0	-1.0	
1504796834434	2664521394242	40.0	-6.0	-2.0	-1.0	
1504796834449	2664541535843	40.0	-6.0	-2.0	-1.0	
1504796834470	2664561677445	40.0	-6.0	-2.0	-1.0	
1504796834504	2664581819047	40.0	-6.0	-2.0	-1.0	
1504796834521	2664601960648	40.0	-6.0	-2.0	-1.0	
1504796834539	2664622102250	40.0	-6.0	-2.0	-1.0	
1504796834555	2664642243851	40.0	-6.0	-2.0	-1.0	
1504796834573	2664662385453	40.0	-6.0	-2.0	-1.0	
1504796834591	2664682527054	40.0	-6.0	-2.0	-1.0	
1504796834608	2664702668656	40.0	-6.0	-2.0	-1.0	
1504796834643	2664722810257	40.0	-6.0	-2.0	-1.0	
1504796834661	2664742951859	40.0	-6.0	-2.0	-1.0	
1504796834679	2664763093461	40.0	-6.0	-2.0	-1.0	
1504796834697	2664783235062	40.0	-6.0	-2.0	-1.0	
1504796834714	2664803376664	40.0	-6.0	-2.0	-1.0	
1504796834732	2664823518265	40.0	-6.0	-2.0	-1.0	
1504796834753	2664843659867	40.0	-6.0	-2.0	-1.0	
1504796834784	2664863801468	40.0	-6.0	-2.0	-1.0	
1504796834802	2664883943070	40.0	-6.0	-2.0	-1.0	
1504796834819	2664904084672	40.0	-6.0	-2.0	-1.0	
1504796834836	2664924226273	40.0	-6.0	-2.0	-1.0	
1504796834855	2664944367875	40.667236328125	-6.0	-2.0	-1.0	
1504796834872	2664964509476	40.19032287597656	-6.0	-2.0	-1.0	
1504796834890	2664984651078	40.0	-6.0	-2.0	-1.0	
1504796834925	2665004792679	40.0	-6.0	-2.0	-1.0	
1504796834942	2665024934281	40.0	-6.0	-2.0	-1.0	
1504796834962	2665045075882	40.0	-6.0	-2.0	-1.0	
1504796834978	2665065217484	40.0	-6.0	-2.0	-1.0	
1504796834996	2665085359086	40.0	-6.0	-2.0	-1.0	
1504796835014	2665105500687	40.0	-6.0	-2.0	-1.0	
1504796835031	2665125642289	40.95320129394531	-6.0	-2.0	-1.0	
1504796835066	2665145783890	41.0	-6.0	-2.0	-1.0	
1504796835085	2665165925492	41.0	-6.0	-2.0	-1.0	
1504796835102	2665186067093	41.0	-6.0	-2.0	-1.0	
1504796835120	2665206208695	41.0	-6.0	-2.0	-1.0	
1504796835137	2665226350297	41.0	-6.0	-2.0	-1.0	
1504796835155	2665246491898	41.0	-6.0	-2.0	-1.0	
1504796835172	2665266633500	41.0	-6.0	-2.0	-1.0	
1504796835208	2665286775101	41.0	-6.0	-2.0	-1.0	
1504796835227	2665306916703	41.0	-6.0	-2.0	-1.0	
1504796835244	2665327058304	41.0	-6.0	-2.0	-1.0	
1504796835261	2665347199906	41.0	-6.0	-2.0	-1.0	
1504796835282	2665367341507	41.0	-6.0	-2.0	-1.0	
1504796835297	2665387483109	41.0	-6.0	-2.0	-1.0	
1504796835320	2665407624711	41.0	-6.0	-2.0	-1.0	
1504796835352	2665427766312	40.0	-6.0	-2.0	-1.0	
1504796835366	2665447907914	40.0	-6.0	-2.0	-1.0	
1504796835392	2665468049515	40.0	-6.0	-2.0	-1.0	
1504796835402	2665488191117	40.0	-6.0	-2.0	-1.0	
1504796835419	2665508332718	40.0	-6.0	-2.0	-1.0	
1504796835438	2665528474320	40.0	-6.0	-2.0	-1.0	
1504796835455	2665548615922	40.0	-6.0	-2.0	-1.0	
1504796835491	2665568757523	40.0	-6.0	-2.0	-1.0	
1504796835508	2665588899125	40.0	-6.0	-2.0	-1.0	
1504796835525	2665609040726	40.0	-6.0	-2.0	-1.0	
1504796835543	2665629182328	40.0	-6.0	-2.0	-1.0	
1504796835560	2665649323929	40.0	-6.0	-2.0	-1.0	
1504796835578	2665669465531	40.0	-6.0	-2.0	-1.0	
1504796835595	2665689607132	40.0	-6.0	-2.0	-1.0	
1504796835634	2665709748734	40.0	-6.0	-2.0	-1.0	
1504796835649	2665729890336	40.0	-6.0	-2.0	-1.0	
1504796835665	2665750031937	40.0	-6.0	-2.0	-1.0	
1504796835683	2665770173539	40.0	-6.0	-2.0	-1.0	
1504796835704	2665790315140	40.0	-6.0	-2.0	-1.0	
1504796835720	2665810456742	40.0	-6.0	-2.0	-1.0	
1504796835740	2665830598343	40.0	-6.0	-2.0	-1.0	
1504796835771	2665850739945	40.0	-6.0	-2.0	-1.0	
1504796835791	2665870881547	40.0	-6.0	-2.0	-1.0	
1504796835808	2665891023148	40.0	-6.0	-2.0	-1.0	
1504796835824	2665911164750	40.0	-6.0	-2.0	-1.0	
1504796835841	2665931306351	40.0	-6.0	-2.0	-1.0	
1504796835859	2665951447953	40.0	-6.0	-2.0	-1.0	
1504796835877	2665971589554	40.0	-6.0	-2.0	-1.0	
1504796835913	2665991731156	40.0	-6.0	-2.0	-1.0	
1504796835930	2666011872757	40.0	-6.0	-2.0	-1.0	
1504796835947	2666032014359	40.0	-6.0	-2.0	-1.0	
1504796835966	2666052155961	40.0	-6.0	-2.0	-1.0	
1504796835983	2666072297562	40.0	-6.0	-2.0	-1.0	
1504796836002	2666092439164	40.0	-6.0	-2.0	-1.0	
1504796836018	2666112580765	40.0	-6.0	-2.0	-1.0	
1504796836058	2666132722367	40.0	-6.0	-2.0	-1.0	
1504796836073	2666152863968	40.0	-6.0	-2.0	-1.0	
1504796836089	2666173005570	40.0	-6.0	-2.0	-1.0	
1504796836106	2666193147172	40.0	-6.0	-2.0	-1.0	
1504796836125	2666213288773	40.0	-6.0	-2.0	-1.0	
1504796836141	2666233430375	40.0	-6.0	-2.0	-1.0	
1504796836159	2666253571976	40.0	-6.0	-2.0	-1.0	
1504796836195	2666273713578	40.0	-6.0	-2.0	-1.0	
1504796836212	2666293855179	40.0	-6.0	-2.0	-1.0	
1504796836230	2666313996781	40.0	-6.0	-2.0	-1.0	
1504796836248	2666334138382	40.0	-6.0	-2.0	-1.0	
1504796836265	2666354279984	40.0	-6.0	-2.0	-1.0	
1504796836283	2666374421586	40.0	-6.0	-2.0	-1.0	
1504796836300	2666394563187	40.0	-6.0	-2.0	-1.0	
1504796836336	2666414704789	40.0	-6.0	-2.0	-1.0	
1504796836353	2666434846390	40.0	-6.0	-2.0	-1.0	
1504796836372	2666454987992	40.0	-6.0	-2.0	-1.0	
1504796836389	2666475129593	40.0	-6.0	-2.0	-1.0	
1504796836407	2666495271195	40.0	-6.0	-2.0	-1.0	
1504796836423	2666515412797	40.0	-6.0	-2.0	-1.0	
1504796836441	2666535554398	40.0	-6.0	-2.0	-1.0	
1504796836477	2666555696000	40.0	-6.0	-2.0	-1.0	
1504796836495	2666575837601	40.0	-6.0	-2.0	-1.0	
1504796836512	2666595979203	40.0	-6.0	-2.0	-1.0	
1504796836531	2666616120804	40.0	-6.0	-2.0	-1.0	
1504796836549	2666636262406	40.0	-6.0	-2.0	-1.0	
1504796836566	2666656404007	40.0	-6.0	-2.0	-1.0	
1504796836583	2666676545609	40.0	-6.0	-2.0	-1.0	
1504796836620	2666696687211	40.0	-6.0	-2.0	-1.0	
1504796836635	2666716828812	40.0	-6.0	-2.0	-1.0	
1504796836654	2666736970414	40.0	-6.0	-2.0	-1.0	
1504796836671	2666757112015	40.0	-6.0	-2.0	-1.0	
1504796836688	2666777253617	40.0	-6.0	-2.0	-1.0	
1504796836705	2666797395218	40.0	-6.0	-2.0	-1.0	
1504796836723	2666817536820	40.0	-6.0	-2.0	-1.0	
1504796836759	2666837678422	40.0	-6.0	-2.0	-1.0	
1504796836776	2666857820023	40.0	-6.0	-2.0	-1.0	
1504796836793	2666877961625	40.0	-6.0	-2.0	-1.0	
1504796836812	2666898103226	40.0	-6.0	-2.0	-1.0	
1504796836829	2666918244828	40.0	-6.0	-2.0	-1.0	
1504796836848	2666938386429	40.0	-6.0	-2.0	-1.0	
1504796836864	2666958528031	40.0	-6.0	-2.0	-1.0	
1504796836899	2666978669632	40.0	-6.0	-2.0	-1.0	
1504796836918	2666998811234	40.0	-6.0	-2.0	-1.0	
1504796836935	2667018952836	40.0	-6.0	-2.0	-1.0	
1504796836952	2667039094437	40.0	-6.0	-2.0	-1.0	
1504796836970	2667059236039	40.0	-6.0	-2.0	-1.0	
1504796836987	2667079377640	40.0	-6.0	-2.0	-1.0	
1504796837005	2667099519242	40.0	-6.0	-2.0	-1.0	
1504796837040	2667119660843	40.0	-6.0	-2.0	-1.0	
1504796837058	2667139802445	40.0	-6.0	-2.0	-1.0	
1504796837076	2667159944047	40.0	-6.0	-2.0	-1.0	
1504796837093	2667180085648	40.0	-6.0	-2.0	-1.0	
1504796837110	2667200227250	40.0	-6.0	-2.0	-1.0	
1504796837129	2667220368851	40.0	-6.0	-2.0	-1.0	
1504796837148	2667240510453	40.0	-6.0	-2.0	-1.0	
1504796837182	2667260652054	40.0	-6.0	-2.0	-1.0	
1504796837199	2667280793656	40.0	-6.0	-2.0	-1.0	
1504796837217	2667300935257	40.0	-6.0	-2.0	-1.0	
1504796837234	2667321076859	40.0	-6.0	-2.0	-1.0	
1504796837253	2667341218461	40.0	-6.0	-2.0	-1.0	
1504796837269	2667361360062	40.0	-6.0	-2.0	-1.0	
1504796837287	2667381501664	40.0	-6.0	-2.0	-1.0	
1504796837322	2667401643265	40.0	-6.0	-2.0	-1.0	
1504796837340	2667421784867	40.0	-6.0	-2.0	-1.0	
1504796837357	2667441926468	40.0	-6.0	-2.0	-1.0	
1504796837375	2667462068070	40.0	-6.0	-2.0	-1.0	
1504796837393	2667482209672	40.0	-6.0	-2.0	-1.0	
1504796837410	2667502351273	40.0	-6.0	-2.0	-1.0	
1504796837428	2667522492875	40.0	-6.0	-2.0	-1.0	
1504796837463	2667542634476	40.0	-6.0	-2.0	-1.0	
1504796837481	2667562776078	40.0	-6.0	-2.0	-1.0	
1504796837500	2667582917679	40.0	-6.0	-2.0	-1.0	
1504796837516	2667603059281	40.0	-6.0	-2.0	-1.0	
1504796837534	2667623200882	40.0	-6.0	-2.0	-1.0	
1504796837552	2667643342484	40.0	-6.0	-2.0	-1.0	
1504796837569	2667663484086	40.0	-6.0	-2.0	-1.0	
1504796837604	2667683625687	40.0	-6.0	-2.0	-1.0	
1504796837623	2667703767289	40.0	-6.0	-2.0	-1.0	
1504796837639	2667723908890	40.0	-6.0	-2.0	-1.0	
1504796837657	2667744050492	40.0	-6.0	-2.0	-1.0	
1504796837675	2667764192093	40.0	-6.0	-2.0	-1.0	
1504796837692	2667784333695	40.0	-6.0	-2.0	-1.0	
1504796837710	2667804475297	40.0	-6.0	-2.0	-1.0	
1504796837745	2667824616898	40.0	-6.0	-2.0	-1.0	
1504796837766	2667844758500	40.0	-6.0	-2.0	-1.0	
1504796837780	2667864900101	40.0	-6.0	-2.0	-1.0	
1504796837798	2667885041703	40.0	-6.0	-2.0	-1.0	
1504796837816	2667905183304	40.0	-6.0	-2.0	-1.0	
1504796837833	2667925324906	40.0	-6.0	-2.0	-1.0	
1504796837851	2667945466507	40.0	-6.0	-2.0	-1.0	
1504796837886	2667965608109	40.0	-6.0	-2.0	-1.0	
1504796837904	2667985749711	40.0	-6.0	-2.0	-1.0	
1504796837922	2668005891312	40.0	-6.0	-2.0	-1.0	
1504796837939	2668026032914	40.0	-6.0	-2.0	-1.0	
1504796837956	2668046174515	40.0	-6.0	-2.0	-1.0	
1504796837977	2668066316117	40.0	-6.0	-2.0	-1.0	
1504796837993	2668086457718	40.0	-6.0	-2.0	-1.0	
1504796838028	2668106599320	40.0	-6.0	-2.0	-1.0	
1504796838044	2668126740922	40.0	-6.0	-2.0	-1.0	
1504796838062	2668146882523	40.0	-6.0	-2.0	-1.0	
1504796838080	2668167024125	40.0	-6.0	-2.0	-1.0	
1504796838097	2668187165726	40.0	-6.0	-2.0	-1.0	
1504796838115	2668207307328	40.0	-6.0	-2.0	-1.0	
1504796838133	2668227448929	40.0	-6.0	-2.0	-1.0	
1504796838173	2668247590531	40.0	-6.0	-2.0	-1.0	
1504796838186	2668267732132	40.0	-6.0	-2.0	-1.0	
1504796838204	2668287873734	40.0	-6.0	-2.0	-1.0	
1504796838221	2668308015336	40.0	-6.0	-2.0	-1.0	
1504796838239	2668328156937	40.0	-6.0	-2.0	-1.0	
1504796838256	2668348298539	40.0	-6.0	-2.0	-1.0	
1504796838274	2668368440140	40.0	-6.0	-2.0	-1.0	
1504796838310	2668388581742	40.0	-6.0	-2.0	-1.0	
1504796838327	2668408723343	40.0	-6.0	-2.0	-1.0	
1504796838344	2668428864945	40.0	-6.0	-2.0	-1.0	
1504796838363	2668449006547	40.0	-6.0	-2.0	-1.0	
1504796838379	2668469148148	40.0	-6.0	-2.0	-1.0	
1504796838399	2668489289750	40.0	-6.0	-2.0	-1.0	
1504796838414	2668509431351	40.0	-6.0	-2.0	-1.0	
1504796838450	2668529572953	40.0	-6.0	-2.0	-1.0	
1504796838467	2668549714554	40.0	-6.0	-2.0	-1.0	
1504796838485	2668569856156	40.0	-6.0	-2.0	-1.0	
1504796838513	2668589997757	40.0	-6.0	-2.0	-1.0	
1504796838521	2668610139359	40.0	-6.0	-2.0	-1.0	
1504796838538	2668630280961	40.0	-6.0	-2.0	-1.0	
1504796838556	2668650422562	40.0	-6.0	-2.0	-1.0	
1504796838591	2668670564164	40.0	-6.0	-2.0	-1.0	
1504796838609	2668690705765	40.0	-6.0	-2.0	-1.0	
1504796838626	2668710847367	40.0	-6.0	-2.0	-1.0	
1504796838644	2668730988968	40.0	-6.0	-2.0	-1.0	
1504796838662	2668751130570	40.0	-6.0	-2.0	-1.0	
1504796838679	2668771272172	40.0	-6.0	-2.0	-1.0	
1504796838697	2668791413773	40.0	-6.0	-2.0	-1.0	
1504796838732	2668811555375	40.0	-6.0	-2.0	-1.0	
1504796838751	2668831696976	40.0	-6.0	-2.0	-1.0	
1504796838768	2668851838578	40.0	-6.0	-2.0	-1.0	
1504796838786	2668871980179	40.0	-6.0	-2.0	-1.0	
1504796838802	2668892121781	40.0	-6.0	-2.0	-1.0	
1504796838821	2668912263382	40.0	-6.0	-2.0	-1.0	
1504796838838	2668932404984	40.0	-6.0	-2.0	-1.0	
1504796838873	2668952546586	40.0	-6.0	-2.0	-1.0	
1504796838891	2668972688187	40.0	-6.0	-2.0	-1.0	
1504796838909	2668992829789	40.0	-6.0	-2.0	-1.0	
1504796838927	2669012971390	40.0	-6.0	-2.0	-1.0	
1504796838944	2669033112992	40.0	-6.0	-2.0	-1.0	
1504796838961	2669053254593	40.0	-6.0	-2.0	-1.0	
1504796838978	2669073396195	40.0	-6.0	-2.0	-1.0	
1504796839014	2669093537797	40.0	-6.0	-2.0	-1.0	
1504796839033	2669113679398	40.0	-6.0	-2.0	-1.0	
1504796839049	2669133821000	40.0	-6.0	-2.0	-1.0	
1504796839067	2669153962601	40.0	-6.0	-2.0	-1.0	
1504796839085	2669174104203	40.0	-6.0	-2.0	-1.0	
1504796839102	2669194245804	40.0	-6.0	-2.0	-1.0	
1504796839120	2669214387406	40.0	-6.0	-2.0	-1.0	
1504796839155	2669234529007	40.0	-6.0	-2.0	-1.0	
1504796839173	2669254670609	40.0	-6.0	-2.0	-1.0	
1504796839191	2669274812211	40.0	-6.0	-2.0	-1.0	
1504796839208	2669294953812	40.0	-6.0	-2.0	-1.0	
1504796839225	2669315095414	40.0	-6.0	-2.0	-1.0	
1504796839243	2669335237015	40.0	-6.0	-2.0	-1.0	
1504796839261	2669355378617	40.0	-6.0	-2.0	-1.0	
1504796839296	2669375520218	40.0	-6.0	-2.0	-1.0	
1504796839314	2669395661820	40.0	-6.0	-2.0	-1.0	
1504796839331	2669415801406	40.0	-6.0	-2.0	-1.0	
1504796839349	2669435943007	40.0	-6.0	-2.0	-1.0	
1504796839367	2669456084609	40.0	-6.0	-2.0	-1.0	
1504796839384	2669476226210	40.0	-6.0	-2.0	-1.0	
1504796839403	2669496367812	40.0	-6.0	-2.0	-1.0	
1504796839437	2669516509413	40.0	-6.0	-2.0	-1.0	
1504796839455	2669536651015	40.0	-6.0	-2.0	-1.0	
1504796839472	2669556792616	40.0	-6.0	-2.0	-1.0	
1504796839490	2669576934218	40.0	-6.0	-2.0	-1.0	
1504796839508	2669597075820	40.0	-6.0	-2.0	-1.0	
1504796839527	2669617217421	40.0	-6.0	-2.0	-1.0	
1504796839543	2669637359023	40.0	-6.0	-2.0	-1.0	
1504796839578	2669657500624	40.0	-6.0	-2.0	-1.0	
1504796839596	2669677642226	40.0	-6.0	-2.0	-1.0	
1504796839614	2669697783827	40.0	-6.0	-2.0	-1.0	
1504796839631	2669717925429	40.0	-6.0	-2.0	-1.0	
1504796839648	2669738067031	40.0	-6.0	-2.0	-1.0	
1504796839666	2669758208632	40.0	-6.0	-2.0	-1.0	
1504796839684	2669778350234	40.0	-6.0	-2.0	-1.0	
1504796839719	2669798491835	40.0	-6.0	-2.0	-1.0	
1504796839737	2669818633437	40.0	-6.0	-2.0	-1.0	
1504796839754	2669838775038	40.0	-6.0	-2.0	-1.0	
1504796839773	2669858916640	40.0	-6.0	-2.0	-1.0	
1504796839789	2669879058241	40.0	-6.0	-2.0	-1.0	
1504796839807	2669899199843	40.0	-6.0	-2.0	-1.0	
1504796839825	2669919341445	40.0	-6.0	-2.0	-1.0	
1504796839861	2669939483046	40.0	-6.0	-2.0	-1.0	
1504796839878	2669959624648	40.0	-6.0	-2.0	-1.0	
1504796839895	2669979766249	40.0	-6.0	-2.0	-1.0	
1504796839913	2669999907851	40.0	-6.0	-2.0	-1.0	
1504796839932	2670020049452	40.0	-6.0	-2.0	-1.0	
1504796839948	2670040191054	40.0	-6.0	-2.0	-1.0	
1504796839966	2670060332656	40.0	-6.0	-2.0	-1.0	
1504796840001	2670080474257	40.0	-6.0	-2.0	-1.0	
1504796840019	2670100615859	40.0	-6.0	-2.0	-1.0	
1504796840037	2670120757460	40.0	-6.0	-2.0	-1.0	
1504796840054	2670140899062	40.0	-6.0	-2.0	-1.0	
1504796840071	2670161040663	40.0	-6.0	-2.0	-1.0	
1504796840090	2670181182265	40.0	-6.0	-2.0	-1.0	
1504796840107	2670201323866	40.0	-6.0	-2.0	-1.0	
1504796840142	2670221465468	40.0	-6.0	-2.0	-1.0	
1504796840161	2670241607070	40.0	-6.0	-2.0	-1.0	
1504796840178	2670261748671	40.0	-6.0	-2.0	-1.0	
1504796840196	2670281890273	40.0	-6.0	-2.0	-1.0	
1504796840214	2670302031874	40.0	-6.0	-2.0	-1.0	
1504796840230	2670322173476	40.0	-6.0	-2.0	-1.0	
1504796840251	2670342315077	40.0	-6.0	-2.0	-1.0	
1504796840286	2670362456679	40.0	-6.0	-2.0	-1.0	
1504796840301	2670382598281	40.0	-6.0	-2.0	-1.0	
1504796840320	2670402739882	40.0	-6.0	-2.0	-1.0	
1504796840336	2670422881484	40.0	-6.0	-2.0	-1.0	
1504796840354	2670443023085	40.0	-6.0	-2.0	-1.0	
1504796840371	2670463164687	40.0	-6.0	-2.0	-1.0	
1504796840389	2670483306288	40.0	-6.0	-2.0	-1.0	
1504796840424	2670503447890	40.0	-5.0	-2.0	-1.0	
1504796840442	2670523589491	40.0	-5.0	-2.0	-1.0	
1504796840460	2670543731093	40.0	-5.0	-2.0	-1.0	
1504796840477	2670563872695	40.0	-5.0	-2.0	-1.0	
1504796840495	2670584014296	40.0	-5.0	-2.0	-1.0	
1504796840512	2670604155898	40.0	-5.0	-2.0	-1.0	
1504796840530	2670624297499	40.0	-5.0	-1.0432586669921875	-1.0	
1504796840565	2670644439101	40.0	-5.0	-1.0	-1.0	
1504796840583	2670664580702	40.0	-5.0	-1.0	-1.0	
1504796840601	2670684722304	40.0	-5.0	-1.0	-1.0	
1504796840619	2670704863906	40.0	-5.0	-1.0	-1.0	
1504796840635	2670725005507	40.0	-5.0	-1.0	-1.0	
1504796840655	2670745147109	40.0	-5.0	-1.0	-1.0	
1504796840671	2670765288710	40.0	-5.0	-1.9567413330078125	-1.0	
1504796840708	2670785430312	40.0	-5.0	-2.0	-1.0	
1504796840725	2670805571913	40.0	-5.2426300048828125	-2.0	-1.0	
1504796840742	2670825713515	40.0	-6.0	-2.0	-1.0	
1504796840759	2670845855116	40.0	-6.0	-2.0	-1.0	
1504796840777	2670865996718	40.0	-6.0	-2.0	-1.0	
1504796840794	2670886138320	40.0	-6.0	-2.0	-1.0	
1504796840812	2670906279921	40.0	-6.0	-2.0	-1.0	
1504796840847	2670926421523	40.0	-6.0	-2.0	-1.0	
1504796840864	2670946563124	40.0	-6.0	-2.0	-1.0	
1504796840882	2670966704726	40.0	-6.0	-2.0	-1.0	
1504796840900	2670986846327	40.0	-6.0	-2.0	-1.0	
1504796840918	2671006987929	40.0	-6.0	-2.0	-1.0	
1504796840936	2671027129531	40.0	-6.0	-2.0	-1.0	
1504796840953	2671047271132	40.0	-6.0	-2.0	-1.0	
1504796840988	2671067412734	40.0	-6.0	-2.0	-1.0	
1504796841006	2671087554335	40.0	-6.0	-2.0	-1.0	
1504796841024	2671107695937	40.0	-6.0	-2.0	-1.0	
1504796841042	2671127837538	40.0	-6.0	-2.0	-1.0	
1504796841059	2671147979140	40.0	-6.0	-2.0	-1.0	
1504796841076	2671168120741	40.0	-6.0	-2.0	-1.0	
1504796841094	2671188262343	40.0	-6.0	-2.0	-1.0	
1504796841129	2671208403945	40.0	-6.0	-2.0	-1.0	
1504796841147	2671228545546	40.0	-6.0	-2.0	-1.0	
1504796841164	2671248687148	40.0	-6.0	-2.0	-1.0	
1504796841182	2671268828749	40.0	-6.0	-2.0	-1.0	
1504796841200	2671288970351	40.0	-6.0	-2.0	-1.0	
1504796841217	2671309111952	40.0	-6.0	-2.0	-1.0	
1504796841235	2671329253554	40.0	-6.0	-2.0	-1.0	
1504796841270	2671349395156	40.0	-6.0	-2.0	-1.0	
1504796841289	2671369536757	40.0	-6.0	-2.0	-1.0	
1504796841306	2671389678359	40.0	-6.0	-2.0	-1.0	
1504796841323	2671409819960	40.0	-6.0	-2.0	-1.0	
1504796841341	2671429961562	40.0	-6.0	-2.0	-1.0	
1504796841359	2671450103163	40.0	-6.0	-2.0	-1.0	
1504796841376	2671470244765	40.0	-6.0	-2.0	-1.0	
1504796841412	2671490386366	40.0	-6.0	-2.0	-1.0	
1504796841430	2671510527968	40.0	-6.0	-2.0	-1.0	
1504796841446	2671530669570	40.0	-6.0	-2.0	-1.0	
1504796841465	2671550811171	40.0	-6.0	-2.0	-1.0	
1504796841482	2671570952773	40.0	-6.0	-2.0	-1.0	
1504796841499	2671591094374	40.0	-6.0	-2.0	-1.0	
1504796841517	2671611235976	40.0	-6.0	-2.0	-1.0	
1504796841552	2671631377577	40.0	-6.0	-2.0	-1.0	
1504796841571	2671651519179	40.0	-6.0	-2.0	-1.0	
1504796841587	2671671660781	40.0	-6.0	-2.0	-1.0	
1504796841605	2671691802382	40.0	-5.4705963134765625	-2.0	-1.0	
1504796841623	2671711943984	40.0	-5.0	-2.0	-1.0	
1504796841640	2671732085585	40.0	-5.0	-2.0	-1.0	
1504796841658	2671752227187	40.0	-5.0	-2.0	-1.0	
1504796841694	2671772368788	40.0	-5.0	-2.0	-1.0	
1504796841711	2671792510390	40.0	-5.0	-2.0	-1.0	
1504796841729	2671812651991	40.0	-5.0	-2.0	-1.0	
1504796841746	2671832793593	40.0	-5.0	-2.0	-1.0	
1504796841764	2671852935195	40.0	-5.0	-2.0	-1.0	
1504796841781	2671873076796	40.0	-5.0	-2.0	-1.0	
1504796841800	2671893218398	40.0	-5.0	-2.0	-1.0	
1504796841835	2671913359999	40.0	-5.0	-2.0	-1.0	
1504796841852	2671933501601	40.0	-5.0	-2.0	-1.0	
1504796841869	2671953643202	40.0	-5.0	-2.0	-1.0	
1504796841889	2671973784804	40.0	-5.0	-2.0	-1.0	
1504796841905	2671993926406	40.0	-5.0	-2.0	-1.0	
1504796841922	2672014068007	40.0	-5.0	-2.0	-1.0	
1504796841940	2672034209609	40.0	-5.0	-2.0	-1.0	
1504796841975	2672054351210	40.0	-5.0	-2.0	-1.0	
1504796841993	2672074492812	40.0	-5.0	-2.0	-1.0	
1504796842010	2672094634413	40.0	-5.0	-2.0	-1.0	
1504796842028	2672114776015	40.0	-5.0	-2.0	-1.0	
1504796842047	2672134917616	40.0	-5.0	-2.0	-1.0	
1504796842064	2672155059218	40.0	-5.0	-2.0	-1.0	
1504796842081	2672175200820	40.0	-5.958465576171875	-2.0	-1.0	
1504796842118	2672195342421	40.0	-6.0	-2.0	-1.0	
1504796842134	2672215484023	40.0	-6.0	-2.0	-1.0	
1504796842154	2672235625624	40.0	-6.0	-2.0	-1.0	
1504796842169	2672255767226	40.0	-6.0	-2.0	-1.0	
1504796842187	2672275908827	40.0	-6.0	-2.0	-1.0	
1504796842205	2672296050429	40.0	-6.0	-2.0	-1.0	
1504796842224	2672316192031	40.0	-6.0	-2.0	-1.0	
1504796842257	2672336333632	40.0	-6.0	-2.0	-1.0	
1504796842275	2672356475234	40.0	-6.0	-2.0	-1.0	
1504796842293	2672376616835	40.0	-6.0	-2.0	-1.0	
1504796842310	2672396758437	40.0	-6.0	-2.0	-1.0	
1504796842327	2672416900038	40.0	-6.0	-2.0	-1.0	
1504796842345	2672437041640	40.0	-6.0	-2.0	-1.0	
1504796842366	2672457183241	40.0	-6.0	-2.0	-1.0	
1504796842398	2672477324843	40.0	-6.0	-2.0	-1.0	
1504796842416	2672497466445	40.0	-6.0	-2.0	-1.0	
1504796842433	2672517608046	40.0	-6.0	-2.0	-1.0	
1504796842451	2672537749648	40.0	-6.0	-2.0	-1.0	
1504796842469	2672557891249	40.0	-6.0	-2.0	-1.0	
1504796842486	2672578032851	40.0	-6.0	-2.0	-1.0	
1504796842504	2672598174452	40.0	-6.0	-2.0	-1.0	
1504796842539	2672618316054	40.0	-6.0	-2.0	-1.0	
1504796842557	2672638457656	40.0	-6.0	-2.0	-1.0	
1504796842575	2672658599257	40.0	-6.0	-2.0	-1.0	
1504796842592	2672678740859	40.0	-6.0	-2.0	-1.0	
1504796842610	2672698882460	40.0	-6.0	-2.0	-1.0	
1504796842628	2672719024062	40.0	-6.0	-2.0	-1.0	
1504796842645	2672739165663	40.0	-6.0	-2.0	-1.0	
1504796842680	2672759307265	40.0	-6.0	-2.0	-1.0	
1504796842698	2672779448866	40.0	-6.0	-2.0	-1.0	
1504796842716	2672799590468	40.0	-6.0	-2.0	-1.0	
1504796842734	2672819732070	40.0	-6.0	-2.0	-1.0	
1504796842751	2672839873671	40.0	-6.0	-2.0	-1.0	
1504796842768	2672860015273	40.0	-6.0	-2.0	-1.0	
1504796842786	2672880156874	40.0	-6.0	-2.0	-1.0	
1504796842822	2672900298476	40.0	-6.0	-2.0	-1.0	
1504796842840	2672920440077	40.0	-6.0	-2.0	-1.0	
1504796842856	2672940581679	40.0	-6.0	-2.0	-1.0	
1504796842874	2672960723281	40.0	-6.0	-2.0	-1.0	
1504796842895	2672980864882	40.0	-6.0	-2.0	-1.0	
1504796842909	2673001006484	40.0	-6.0	-2.0	-1.0	
1504796842930	2673021148085	40.0	-6.0	-2.0	-1.0	
1504796842963	2673041289687	40.0	-6.0	-2.0	-1.0	
1504796842980	2673061431288	40.0	-6.0	-2.0	-1.0	
1504796842998	2673081572890	40.0	-6.0	-2.0	-1.0	
1504796843018	2673101714491	40.0	-6.0	-2.0	-1.0	
1504796843033	2673121856093	40.0	-6.0	-2.0	-1.0	
1504796843051	2673141997695	40.0	-6.0	-2.0	-1.0	
1504796843068	2673162139296	40.0	-6.0	-2.0	-1.0	
1504796843103	2673182280898	40.0	-6.0	-2.0	-1.0	
1504796843121	2673202422499	40.0	-6.0	-2.0	-1.0	
1504796843139	2673222564101	40.0	-6.0	-2.0	-1.0	
1504796843157	2673242705702	40.0	-6.0	-2.0	-1.0	
1504796843174	2673262847304	40.0	-6.0	-2.0	-1.0	
1504796843192	2673282988906	40.0	-6.0	-2.0	-1.0	
1504796843209	2673303130507	40.0	-6.0	-2.0	-1.0	
1504796843244	2673323272109	40.0	-6.0	-2.0	-1.0	
1504796843264	2673343413710	40.0	-6.0	-2.0	-1.0	
1504796843280	2673363555312	40.0	-6.0	-2.0	-1.0	
1504796843298	2673383696913	40.0	-6.0	-2.0	-1.0	
1504796843315	2673403838515	40.0	-6.0	-2.0	-1.0	
1504796843334	2673423980116	40.0	-6.0	-2.0	-1.0	
1504796843350	2673444121718	40.0	-6.0	-2.0	-1.0	
1504796843386	2673464263320	40.0	-6.0	-2.0	-1.0	
1504796843403	2673484404921	40.0	-6.0	-2.0	-1.0	
1504796843421	2673504546523	40.0	-6.0	-2.0	-1.0	
1504796843438	2673524688124	40.0	-6.0	-2.0	-1.0	
1504796843456	2673544829726	40.0	-6.0	-2.0	-1.0	
1504796843473	2673564971327	40.0	-6.0	-2.0	-1.0	
1504796843491	2673585112929	40.0	-6.0	-2.0	-1.0	
1504796843527	2673605254531	40.0	-6.0	-2.0	-1.0	
1504796843544	2673625396132	40.0	-6.0	-2.0	-1.0	
1504796843567	2673645537734	40.0	-6.0	-2.0	-1.0	
1504796843581	2673665679335	40.0	-6.0	-2.0	-1.0	
1504796843597	2673685820937	40.0	-6.0	-2.0	-1.0	
1504796843614	2673705962538	40.0	-6.0	-2.0	-1.0	
1504796843633	2673726104140	40.0	-6.0	-2.0	-1.0	
1504796843667	2673746245741	40.0	-6.0	-2.0	-1.0	
1504796843686	2673766387343	40.0	-6.0	-2.0	-1.0	
1504796843702	2673786528945	40.0	-6.0	-2.0	-1.0	
1504796843721	2673806670546	40.0	-6.0	-2.0	-1.0	
1504796843739	2673826812148	40.0	-6.0	-2.0	-1.0	
1504796843755	2673846953749	40.0	-6.0	-2.0	-1.0	
1504796843773	2673867095351	40.0	-6.0	-2.0	-1.0	
1504796843809	2673887236952	40.0	-6.0	-2.0	-1.0	
1504796843826	2673907378554	40.0	-6.0	-2.0	-1.0	
1504796843844	2673927520156	40.0	-6.0	-2.0	-1.0	
1504796843861	2673947661757	40.0	-6.0	-2.0	-1.0	
1504796843879	2673967803359	40.0	-6.0	-2.0	-1.0	
1504796843897	2673987944960	40.0	-6.0	-2.0	-1.0	
1504796843914	2674008086562	40.0	-6.0	-2.0	-1.0	
1504796843949	2674028228163	40.0	-6.0	-2.0	-1.0	
1504796843967	2674048369765	40.0	-6.0	-2.0	-1.0	
1504796843985	2674068511366	40.0	-6.0	-2.0	-1.0	
1504796844003	2674088652968	40.0	-6.0	-2.0	-1.0	
1504796844024	2674108794570	40.0	-6.0	-2.0	-1.0	
1504796844038	2674128936171	40.0	-6.0	-2.0	-1.0	
1504796844057	2674149077773	40.0	-6.0	-2.0	-1.0	
1504796844091	2674169219374	40.0	-6.0	-2.0	-1.0	
1504796844108	2674189360976	40.0	-6.0	-2.0	-1.0	
1504796844127	2674209502577	40.0	-6.0	-2.0	-1.0	
1504796844143	2674229644179	40.0	-6.0	-2.0	-1.0	
1504796844161	2674249785781	40.0	-6.0	-2.0	-1.0	
1504796844178	2674269927382	40.0	-6.0	-2.0	-1.0	
1504796844196	2674290068984	40.0	-6.0	-2.0	-1.0	
1504796844231	2674310210585	40.0	-6.0	-2.0	-1.0	
1504796844249	2674330352187	40.0	-6.0	-2.0	-1.0	
1504796844267	2674350493788	40.0	-6.0	-2.0	-1.0	
1504796844284	2674370635390	40.0	-6.0	-2.0	-1.0	
1504796844302	2674390776991	40.0	-6.0	-2.0	-1.0	
1504796844320	2674410918593	40.0	-6.0	-2.0	-1.0	
1504796844338	2674431060195	40.0	-6.0	-2.0	-1.0	
1504796844373	2674451201796	40.0	-6.0	-2.0	-1.0	
1504796844391	2674471343398	40.0	-6.0	-2.0	-1.0	
1504796844407	2674491484999	40.0	-6.0	-2.0	-1.0	
1504796844427	2674511626601	40.0	-6.0	-2.0	-1.0	
1504796844443	2674531768202	40.0	-6.0	-2.0	-1.0	
1504796844463	2674551909804	40.0	-6.0	-2.0	-1.0	
1504796844478	2674572051406	40.0	-6.0	-2.0	-1.0	
1504796844513	2674592193007	40.0	-6.0	-2.0	-1.0	
1504796844532	2674612334609	40.0	-6.0	-2.0	-1.0	
1504796844549	2674632476210	40.0	-6.0	-2.0	-1.0	
1504796844566	2674652617812	40.0	-6.0	-2.0	-1.0	
1504796844584	2674672759413	40.0	-6.0	-2.0	-1.0	
1504796844601	2674692901015	40.0	-6.0	-2.0	-1.0	
1504796844620	2674713042616	40.0	-6.0	-2.0	-1.0	
1504796844654	2674733184218	40.0	-6.0	-2.0	-1.0	
1504796844672	2674753325820	40.0	-6.0	-2.0	-1.0	
1504796844690	2674773467421	40.0	-6.0	-2.0	-1.0	
1504796844707	2674793609023	40.0	-6.0	-2.0	-1.0	
1504796844725	2674813750624	40.0	-6.0	-2.0	-1.0	
1504796844743	2674833892226	40.0	-6.0	-2.0	-1.0	
1504796844760	2674854033827	40.0	-6.0	-2.0	-1.0	
1504796844797	2674874175429	40.0	-6.0	-2.0	-1.0	
1504796844813	2674894317031	40.0	-6.0	-2.0	-1.0	
1504796844831	2674914458632	40.0	-6.0	-2.0	-1.0	
1504796844849	2674934600234	40.0	-6.0	-2.0	-1.0	
1504796844867	2674954741835	40.0	-6.0	-2.0	-1.0	
1504796844883	2674974883437	40.0	-6.0	-2.0	-1.0	
1504796844901	2674995025038	40.0	-6.0	-2.0	-1.0	
1504796844936	2675015166640	40.0	-6.0	-2.0	-1.0	
1504796844954	2675035308241	40.0	-6.0	-2.0	-1.0	
1504796844972	2675055449843	40.0	-6.0	-2.0	-1.0	
1504796844989	2675075591445	40.0	-6.0	-2.0	-1.0	
1504796845008	2675095733046	40.0	-6.0	-2.0	-1.0	
1504796845025	2675115874648	40.0	-6.0	-2.0	-1.0	
1504796845042	2675136016249	40.0	-6.0	-2.0	-1.0	
1504796845077	2675156157851	40.0	-6.0	-2.0	-1.0	
1504796845095	2675176299452	40.0	-6.0	-2.0	-1.0	
1504796845113	2675196441054	40.0	-6.0	-2.0	-1.0	
1504796845131	2675216582656	40.0	-6.0	-2.0	-1.0	
1504796845148	2675236724257	40.0	-6.0	-2.0	-1.0	
1504796845169	2675256865859	40.0	-6.0	-2.0	-1.0	
1504796845183	2675277007460	40.0	-6.0	-2.0	-1.0	
1504796845219	2675297149062	40.0	-6.0	-2.0	-1.0	
1504796845236	2675317290663	40.0	-6.0	-2.0	-1.0	
1504796845255	2675337432265	40.0	-6.0	-2.0	-1.0	
1504796845272	2675357573866	40.0	-6.0	-2.0	-1.0	
1504796845289	2675377715468	40.0	-6.0	-2.0	-1.0	
1504796845307	2675397857070	40.0	-6.0	-2.0	-1.0	
1504796845324	2675417998671	40.0	-6.0	-2.0	-1.0	
1504796845359	2675438140273	40.0	-6.0	-2.0	-1.0	
1504796845377	2675458281874	40.0	-6.0	-2.0	-1.0	
1504796845395	2675478423476	40.0	-6.0	-2.0	-1.0	
1504796845412	2675498565077	40.0	-6.0	-2.0	-1.0	
1504796845430	2675518706679	40.0	-6.0	-2.0	-1.0	
1504796845450	2675538848281	40.0	-6.0	-2.0	-1.0	
1504796845465	2675558989882	40.0	-6.0	-2.0	-1.0	
1504796845501	2675579131484	40.0	-6.0	-2.0	-1.0	
1504796845519	2675599273085	40.0	-6.0	-2.0	-1.0	
1504796845540	2675619414687	40.0	-6.0	-2.0	-1.0	
1504796845553	2675639556288	40.0	-6.0	-2.0	-1.0	
1504796845572	2675659697890	40.0	-6.0	-2.0	-1.0	
1504796845589	2675679839491	40.0	-6.0	-2.0	-1.0	
1504796845607	2675699981093	40.0	-6.0	-2.0	-1.0	
1504796845641	2675720122695	40.0	-6.0	-2.0	-1.0	
1504796845659	2675740264296	40.0	-6.0	-2.0	-1.0	
1504796845677	2675760405898	40.0	-6.0	-2.0	-1.0	
1504796845694	2675780547499	40.0	-6.0	-2.0	-1.0	
1504796845712	2675800689101	40.0	-6.0	-2.0	-1.0	
1504796845730	2675820830702	40.0	-6.0	-2.0	-1.0	
1504796845750	2675840972304	40.0	-6.0	-2.0	-1.0	
1504796845782	2675861113906	40.0	-6.0	-2.0	-1.0	
1504796845800	2675881255507	40.0	-6.0	-2.0	-1.0	
1504796845818	2675901397109	40.0	-6.0	-2.0	-1.0	
1504796845836	2675921538710	40.0	-6.0	-2.0	-1.0	
1504796845854	2675941680312	40.0	-6.0	-2.0	-1.0	
1504796845871	2675961821913	40.0	-6.0	-2.0	-1.0	
1504796845888	2675981963515	40.0	-6.0	-2.0	-1.0	
1504796845929	2676002105116	40.0	-6.0	-2.0	-1.0	
1504796845941	2676022246718	40.0	-6.0	-2.0	-1.0	
1504796845960	2676042388320	40.0	-6.0	-2.0	-1.0	
1504796845976	2676062529921	40.0	-6.0	-2.0	-1.0	
1504796845994	2676082671523	40.0	-6.0	-2.0	-1.0	
1504796846013	2676102813124	40.0	-6.0	-2.0	-1.0	
1504796846029	2676122954726	40.0	-6.0	-2.0	-1.0	
1504796846064	2676143096327	40.0	-6.0	-2.0	-1.0	
1504796846082	2676163237929	40.0	-6.0	-2.0	-1.0	
1504796846100	2676183379531	40.0	-6.0	-2.0	-1.0	
1504796846118	2676203521132	40.0	-6.0	-2.0	-1.0	
1504796846135	2676223662734	40.0	-6.0	-2.0	-1.0	
1504796846153	2676243804335	40.0	-6.0	-2.0	-1.0	
1504796846170	2676263945937	40.0	-6.0	-2.0	-1.0	
1504796846206	2676284087538	40.0	-6.0	-2.0	-1.0	
1504796846223	2676304229140	40.0	-6.0	-2.0	-1.0	
1504796846241	2676324370741	40.0	-6.0	-2.0	-1.0	
1504796846259	2676344512343	40.0	-6.0	-2.0	-1.0	
1504796846277	2676364653945	40.0	-6.0	-2.0	-1.0	
1504796846294	2676384795546	40.0	-6.0	-2.0	-1.0	
1504796846311	2676404937148	40.0	-6.0	-2.0	-1.0	
1504796846347	2676425078749	40.0	-6.0	-2.0	-1.0	
1504796846364	2676445220351	40.0	-6.0	-2.0	-1.0	
1504796846383	2676465361952	40.0	-6.0	-2.0	-1.0	
1504796846400	2676485503554	40.0	-6.0	-2.0	-1.0	
1504796846417	2676505645156	40.0	-6.0	-2.0	-1.0	
1504796846435	2676525786757	40.0	-6.0	-2.0	-1.0	
1504796846452	2676545928359	40.0	-6.0	-2.0	-1.0	
1504796846488	2676566069960	40.0	-6.0	-2.0	-1.0	
1504796846505	2676586211562	40.0	-6.0	-2.0	-1.0	
1504796846523	2676606353163	40.0	-6.0	-2.0	-1.0	
1504796846541	2676626494765	40.0	-6.0	-2.0	-1.0	
1504796846558	2676646636366	40.0	-6.0	-2.0	-1.0	
1504796846575	2676666777968	40.0	-6.0	-2.0	-1.0	
1504796846595	2676686919570	40.0	-6.0	-2.0	-1.0	
1504796846632	2676707061171	40.0	-6.0	-2.0	-1.0	
1504796846647	2676727202773	40.0	-6.0	-2.0	-1.0	
1504796846665	2676747344374	40.0	-6.0	-2.0	-1.0	
1504796846681	2676767485976	40.0	-6.0	-2.0	-1.0	
1504796846701	2676787627577	40.0	-6.0	-2.0	-1.0	
1504796846716	2676807769179	40.0	-6.0	-2.0	-1.0	
1504796846735	2676827910781	40.0	-6.0	-2.0	-1.0	
1504796846770	2676848052382	40.0	-6.0	-2.0	-1.0	
1504796846788	2676868193984	40.0	-6.0	-2.0	-1.0	
1504796846806	2676888335585	40.0	-6.0	-2.0	-1.0	
1504796846822	2676908477187	40.0	-6.0	-2.0	-1.0	
1504796846840	2676928618788	40.0	-6.0	-2.0	-1.0	
1504796846858	2676948760390	40.0	-6.0	-2.0	-1.0	
1504796846875	2676968901991	40.0	-6.0	-2.0	-1.0	
1504796846911	2676989043593	40.0	-6.0	-2.0	-1.0	
1504796846928	2677009185195	40.0	-6.0	-2.0	-1.0	
1504796846946	2677029326796	40.0	-6.0	-2.0	-1.0	
1504796846967	2677049468398	40.0	-6.0	-2.0	-1.0	
1504796846981	2677069609999	40.0	-6.0	-2.0	-1.0	
1504796847000	2677089751601	40.0	-6.0	-2.0	-1.0	
1504796847017	2677109893202	40.0	-6.0	-2.0	-1.0	
1504796847052	2677130034804	40.0	-6.0	-2.0	-1.0	
1504796847071	2677150176406	40.0	-6.0	-2.0	-1.0	
1504796847087	2677170318007	40.0	-6.0	-2.0	-1.0	
1504796847105	2677190459609	40.0	-6.0	-2.0	-1.0	
1504796847123	2677210601210	40.0	-6.0	-2.0	-1.0	
1504796847140	2677230742812	40.0	-6.0	-2.0	-1.0	
1504796847158	2677250884413	40.0	-6.0	-2.0	-1.0	
1504796847193	2677271026015	40.0	-6.0	-2.0	-1.0	
1504796847211	2677291167616	40.0	-6.0	-2.0	-1.0	
1504796847228	2677311309218	40.0	-6.0	-2.0	-1.0	
1504796847246	2677331450820	40.0	-6.0	-2.0	-1.0	
1504796847263	2677351592421	40.0	-6.0	-2.0	-1.0	
1504796847281	2677371734023	40.0	-6.0	-2.0	-1.0	
1504796847298	2677391875624	40.0	-6.0	-2.0	-1.0	
1504796847334	2677412017226	40.0	-6.0	-2.0	-1.0	
1504796847352	2677432158827	40.0	-6.0	-2.0	-1.0	
1504796847369	2677452300429	40.0	-6.0	-2.0	-1.0	
1504796847387	2677472442031	40.0	-6.0	-2.0	-1.0	
1504796847404	2677492583632	40.0	-6.0	-2.0	-1.0	
1504796847422	2677512725234	40.0	-6.0	-2.0	-1.0	
1504796847440	2677532866835	40.0	-6.0	-2.0	-1.0	
1504796847475	2677553008437	40.0	-6.0	-2.0	-1.0	
1504796847493	2677573150038	40.0	-6.0	-2.0	-1.0	
1504796847511	2677593291640	40.0	-6.0	-2.0	-1.0	
1504796847528	2677613433241	40.0	-6.0	-2.0	-1.0	
1504796847547	2677633574843	40.0	-6.0	-2.0	-1.0	
1504796847563	2677653716445	40.0	-6.0	-2.0	-1.0	
1504796847581	2677673858046	40.0	-6.0	-2.0	-1.0	
1504796847616	2677693999648	40.0	-6.0	-2.0	-1.0	
1504796847634	2677714141249	40.0	-6.0	-2.0	-1.0	
1504796847652	2677734282851	40.0	-6.0	-2.0	-1.0	
1504796847670	2677754424452	40.0	-6.0	-2.0	-1.0	
1504796847687	2677774566054	40.0	-6.0	-2.0	-1.0	
1504796847704	2677794707656	40.0	-6.0	-2.0	-1.0	
1504796847722	2677814849257	40.0	-6.0	-2.0	-1.0	
1504796847757	2677834990859	40.0	-6.0	-2.0	-1.0	
1504796847774	2677855132460	40.0	-6.0	-2.0	-1.0	
1504796847792	2677875274062	40.0	-6.0	-2.0	-1.0	
1504796847810	2677895415663	40.0	-6.0	-2.0	-1.0	
1504796847827	2677915557265	40.0	-6.0	-2.0	-1.0	
1504796847845	2677935698866	40.0	-6.0	-2.0	-1.0	
1504796847865	2677955840468	40.0	-6.0	-2.0	-1.0	
1504796847898	2677975982070	40.0	-6.0	-2.0	-1.0	
1504796847916	2677996123671	40.0	-6.0	-2.0	-1.0	
1504796847933	2678016265273	40.0	-6.0	-2.0	-1.0	
1504796847951	2678036406874	40.0	-6.0	-2.0	-1.0	
1504796847969	2678056548476	40.0	-6.0	-2.0	-1.0	
1504796847986	2678076690077	40.0	-6.0	-2.0	-1.0	
1504796848004	2678096831679	40.0	-6.0	-2.0	-1.0	
1504796848039	2678116973281	40.0	-6.0	-2.0	-1.0	
1504796848057	2678137114882	40.0	-6.0	-2.0	-1.0	
1504796848075	2678157256484	40.0	-6.0	-2.0	-1.0	
1504796848092	2678177398085	40.0	-6.0	-2.0	-1.0	
1504796848110	2678197539687	40.0	-6.0	-2.0	-1.0	
1504796848127	2678217681288	40.0	-6.0	-2.0	-1.0	
1504796848145	2678237822890	40.0	-6.0	-2.0	-1.0	
1504796848180	2678257964491	40.0	-6.0	-2.0	-1.0	
1504796848198	2678278106093	40.0	-6.0	-2.0	-1.0	
1504796848215	2678298247695	40.0	-6.0	-2.0	-1.0	
1504796848234	2678318389296	40.0	-6.0	-2.0	-1.0	
1504796848250	2678338530898	40.0	-6.0	-2.0	-1.0	
1504796848269	2678358672499	40.0	-6.0	-2.0	-1.0	
1504796848287	2678378814101	40.0	-6.0	-2.0	-1.0	
1504796848322	2678398955702	40.0	-6.0	-2.0	-1.0	
1504796848339	2678419097304	40.0	-6.0	-2.0	-1.0	
1504796848357	2678439238906	40.0	-6.0	-2.0	-1.0	
1504796848373	2678459380507	40.0	-6.0	-2.0	-1.0	
1504796848392	2678479522109	40.0	-6.0	-2.0	-1.0	
1504796848409	2678499663710	40.0	-6.0	-2.0	-1.0	
1504796848427	2678519805312	40.0	-6.0	-2.0	-1.0	
1504796848462	2678539946913	40.0	-6.0	-2.0	-1.0	
1504796848479	2678560088515	40.0	-6.0	-2.0	-1.0	
1504796848497	2678580230116	40.0	-6.0	-2.0	-1.0	
1504796848515	2678600371718	40.0	-6.0	-2.0	-1.0	
1504796848533	2678620513320	40.0	-6.0	-2.0	-1.0	
1504796848550	2678640654921	40.0	-6.0	-2.0	-1.0	
1504796848568	2678660796523	40.0	-6.0	-2.0	-1.0	
1504796848612	2678680938124	40.0	-6.0	-2.0	-1.0	
1504796848620	2678701079726	40.0	-6.0	-2.0	-1.0	
1504796848640	2678721221327	40.0	-6.0	-2.0	-1.0	
1504796848656	2678741362929	40.0	-6.0	-2.0	-1.0	
1504796848674	2678761504531	40.0	-6.0	-2.0	-1.0	
1504796848691	2678781646132	40.0	-6.0	-2.0	-1.0	
1504796848709	2678801787734	40.0	-6.0	-2.0	-1.0	
1504796848744	2678821929335	40.0	-6.0	-2.0	-1.0	
1504796848762	2678842070937	40.0	-6.0	-2.0	-1.0	
1504796848779	2678862212538	40.0	-6.0	-2.0	-1.0	
1504796848798	2678882354140	40.0	-6.0	-2.0	-1.0	
1504796848815	2678902495741	40.0	-6.0	-2.0	-1.0	
1504796848832	2678922637343	40.0	-6.0	-2.0	-1.0	
1504796848850	2678942778945	40.0	-6.0	-2.0	-1.0	
1504796848886	2678962920546	40.0	-6.0	-2.0	-1.0	
1504796848902	2678983062148	40.0	-6.0	-2.0	-1.0	
1504796848921	2679003203749	40.0	-6.0	-2.0	-1.0	
1504796848938	2679023345351	40.0	-6.0	-2.0	-1.0	
1504796848956	2679043486952	40.0	-6.0	-2.0	-1.0	
1504796848974	2679063628554	40.0	-6.0	-2.0	-1.0	
1504796848990	2679083770156	40.0	-6.0	-2.0	-1.0	
1504796849026	2679103911757	40.0	-6.0	-2.0	-1.0	
1504796849046	2679124053359	40.0	-6.0	-2.0	-1.0	
1504796849062	2679144194960	40.0	-6.0	-2.0	-1.0	
1504796849079	2679164336562	40.0	-6.0	-2.0	-1.0	
1504796849096	2679184478163	40.0	-6.0	-2.0	-1.0	
1504796849114	2679204619765	40.0	-6.0	-2.0	-1.0	
1504796849132	2679224761366	40.0	-6.0	-2.0	-1.0	
1504796849167	2679244902968	40.0	-6.0	-2.0	-1.0	
1504796849185	2679265044570	40.0	-6.0	-2.0	-1.0	
1504796849202	2679285186171	40.0	-6.0	-2.0	-1.0	
1504796849219	2679305327773	40.0	-6.0	-2.0	-1.0	
1504796849238	2679325469374	40.0	-6.0	-2.0	-1.0	
1504796849255	2679345610976	40.0	-6.0	-2.0	-1.0	
1504796849273	2679365752577	40.0	-6.0	-2.0	-1.0	
1504796849308	2679385894179	40.0	-6.0	-2.0	-1.0	
1504796849327	2679406035781	40.0	-6.0	-2.0	-1.0	
1504796849344	2679426194935	40.0	-6.0	-2.0	-1.0	
1504796849362	2679446336537	40.0	-6.0	-2.0	-1.0	
1504796849378	2679466478138	40.0	-6.0	-2.0	-1.0	
1504796849398	2679486619740	40.0	-6.0	-2.0	-1.0	
1504796849414	2679506761341	40.0	-6.0	-2.0	-1.0	
1504796849449	2679526902943	40.0	-6.0	-2.0	-1.0	
1504796849467	2679547044544	40.0	-6.0	-2.0	-1.0	
1504796849485	2679567186146	40.0	-6.0	-2.0	-1.0	
1504796849504	2679587327748	40.0	-6.0	-2.0	-1.0	
1504796849520	2679607469349	40.0	-6.0	-2.0	-1.0	
1504796849537	2679627610951	40.0	-6.0	-2.0	-1.0	
1504796849556	2679647752552	40.0	-6.0	-2.0	-1.0	
1504796849590	2679667894154	40.0	-6.0	-2.0	-1.0	
1504796849610	2679688035755	40.0	-6.0	-2.0	-1.0	
1504796849628	2679708177357	40.0	-6.0	-2.0	-1.0	
1504796849644	2679728318959	40.0	-6.0	-2.0	-1.0	
1504796849662	2679748460560	40.0	-6.0	-2.0	-1.0	
1504796849678	2679768602162	40.0	-6.0	-2.0	-1.0	
1504796849697	2679788743763	40.0	-6.0	-2.0	-1.0	
1504796849736	2679808885365	40.0	-6.0	-2.0	-1.0	
1504796849749	2679829026966	40.0	-6.0	-2.0	-1.0	
1504796849767	2679849168568	40.0	-6.0	-2.0	-1.0	
1504796849784	2679869310169	40.0	-6.0	-2.0	-1.0	
1504796849802	2679889451771	40.0	-6.0	-2.0	-1.0	
1504796849820	2679909593373	40.0	-6.0	-2.0	-1.0	
1504796849838	2679929734974	40.0	-6.0	-2.0	-1.0	
1504796849873	2679949876576	40.0	-6.0	-2.0	-1.0	
1504796849890	2679970018177	40.0	-6.0	-2.0	-1.0	
1504796849908	2679990159779	40.0	-6.0	-2.0	-1.0	
1504796849925	2680010301380	40.0	-6.0	-2.0	-1.0	
1504796849943	2680030442982	40.0	-6.0	-2.0	-1.0	
1504796849960	2680050584584	40.0	-6.0	-2.0	-1.0	
1504796849978	2680070726185	40.0	-6.0	-2.0	-1.0	
1504796850014	2680090867787	40.0	-6.0	-2.0	-1.0	
1504796850031	2680111009388	40.0	-6.0	-2.0	-1.0	
1504796850050	2680131150990	40.0	-6.0	-2.0	-1.0	
1504796850066	2680151292591	40.0	-6.0	-2.0	-1.0	
1504796850085	2680171434193	40.0	-6.0	-2.0	-1.0	
1504796850102	2680191575794	40.0	-6.0	-2.0	-1.0	
1504796850119	2680211717396	40.0	-6.0	-2.0	-1.0	
1504796850155	2680231858998	40.0	-6.0	-2.0	-1.0	
1504796850173	2680252000599	40.0	-6.0	-2.0	-1.0	
1504796850190	2680272142201	40.0	-6.0	-2.0	-1.0	
1504796850208	2680292283802	40.0	-6.0	-2.0	-1.0	
1504796850225	2680312425404	40.0	-6.0	-2.0	-1.0	
1504796850243	2680332567005	40.0	-6.0	-2.0	-1.0	
1504796850261	2680352708607	40.0	-6.0	-2.0	-1.0	
1504796850297	2680372850209	40.0	-6.0	-2.0	-1.0	
1504796850312	2680392991810	40.0	-6.0	-2.0	-1.0	
1504796850331	2680413133412	40.0	-6.0	-2.0	-1.0	
1504796850349	2680433275013	40.0	-6.0	-2.0	-1.0	
1504796850365	2680453416615	40.0	-6.0	-2.0	-1.0	
1504796850383	2680473558216	40.0	-6.0	-2.0	-1.0	
1504796850401	2680493699818	40.0	-6.0	-2.0	-1.0	
1504796850436	2680513841419	40.0	-6.0	-2.0	-1.0	
1504796850455	2680533983021	40.0	-6.0	-2.0	-1.0	
1504796850472	2680554124623	40.0	-6.0	-2.0	-1.0	
1504796850489	2680574266224	40.0	-6.0	-2.0	-1.0	
1504796850509	2680594407826	40.0	-6.0	-2.0	-1.0	
1504796850524	2680614549427	40.0	-6.0	-2.0	-1.0	
1504796850544	2680634691029	40.0	-6.0	-2.0	-1.0	
1504796850579	2680654832630	40.0	-6.0	-2.0	-1.0	
1504796850595	2680674974232	40.0	-6.0	-2.0	-1.0	
1504796850616	2680695115834	40.0	-6.0	-2.0	-1.0	
1504796850631	2680715257435	40.0	-6.0	-2.0	-1.0	
1504796850647	2680735399037	40.0	-6.0	-2.0	-1.0	
1504796850666	2680755540638	40.0	-6.0	-2.0	-1.0	
1504796850684	2680775682240	40.0	-6.0	-2.0	-1.0	
1504796850718	2680795823841	40.0	-6.0	-2.0	-1.0	
1504796850736	2680815965443	40.0	-6.0	-2.0	-1.0	
1504796850753	2680836107044	40.0	-6.0	-2.0	-1.0	
1504796850773	2680856248646	40.0	-6.0	-2.0	-1.0	
1504796850789	2680876390248	40.0	-6.0	-2.0	-1.0	
1504796850807	2680896531849	40.0	-6.0	-2.0	-1.0	
1504796850824	2680916673451	40.0	-6.0	-2.0	-1.0	
1504796850859	2680936815052	40.0	-6.0	-2.0	-1.0	
1504796850877	2680956956654	40.0	-6.0	-2.0	-1.0	
1504796850895	2680977098255	40.0	-6.0	-2.0	-1.0	
1504796850912	2680997239857	40.0	-6.0	-2.0	-1.0	
1504796850930	2681017381459	40.0	-6.0	-2.0	-1.0	
1504796850947	2681037523060	40.0	-6.0	-2.0	-1.0	
1504796850965	2681057664662	40.0	-6.0	-2.0	-1.0	
1504796851000	2681077806263	40.0	-6.0	-2.0	-1.0	
1504796851018	2681097947865	40.0	-6.0	-2.0	-1.0	
1504796851038	2681118089466	40.0	-6.0	-2.0	-1.0	
1504796851054	2681138231068	40.0	-6.0	-2.0	-1.0	
1504796851072	2681158372669	40.0	-6.0	-2.0	-1.0	
1504796851089	2681178514271	40.0	-6.0	-2.0	-1.0	
1504796851106	2681198655873	40.0	-6.0	-2.0	-1.0	
1504796851142	2681218797474	40.0	-6.0	-2.0	-1.0	
1504796851158	2681238939076	40.0	-6.0	-2.0	-1.0	
1504796851176	2681259080677	40.0	-6.0	-2.0	-1.0	
1504796851196	2681279222279	40.0	-6.0	-2.0	-1.0	
1504796851213	2681299363880	40.0	-6.0	-2.0	-1.0	
1504796851229	2681319505482	40.0	-6.0	-2.0	-1.0	
1504796851249	2681339647084	40.0	-6.0	-2.0	-1.0	
1504796851283	2681359788685	40.0	-6.0	-2.0	-1.0	
1504796851300	2681379930287	40.0	-6.0	-2.0	-1.0	
1504796851317	2681400071888	40.0	-6.0	-2.0	-1.0	
1504796851337	2681420213490	40.0	-6.0	-2.0	-1.0	
1504796851354	2681440355091	40.0	-6.0	-2.0	-1.0	
1504796851371	2681460496693	40.0	-6.0	-2.0	-1.0	
1504796851388	2681480638294	40.0	-6.0	-2.0	-1.0	
1504796851424	2681500779896	40.0	-6.0	-2.0	-1.0	
1504796851441	2681520921498	40.0	-6.0	-2.0	-1.0	
1504796851460	2681541063099	40.0	-6.0	-2.0	-1.0	
1504796851476	2681561204701	40.0	-6.0	-2.0	-1.0	
1504796851495	2681581346302	40.0	-6.0	-2.0	-1.0	
1504796851514	2681601487904	40.0	-6.0	-2.0	-1.0	
1504796851529	2681621629505	40.0	-6.0	-2.0	-1.0	
1504796851564	2681641771107	40.0	-6.0	-2.0	-1.0	
1504796851582	2681661912709	40.0	-6.0	-2.0	-1.0	
1504796851600	2681682054310	40.0	-6.0	-2.0	-1.0	
1504796851618	2681702195912	40.0	-6.0	-2.0	-1.0	
1504796851635	2681722337513	40.0	-6.0	-2.0	-1.0	
1504796851653	2681742479115	40.0	-6.0	-2.0	-1.0	
1504796851673	2681762620716	40.0	-6.0	-2.0	-1.0	
1504796851706	2681782762318	40.0	-6.0	-2.0	-1.0	
1504796851724	2681802903919	40.0	-6.0	-2.0	-1.0	
1504796851741	2681823045521	40.0	-6.0	-2.0	-1.0	
1504796851758	2681843187123	40.0	-6.0	-2.0	-1.0	
1504796851776	2681863328724	40.0	-6.0	-2.0	-1.0	
1504796851794	2681883470326	40.0	-6.0	-2.0	-1.0	
1504796851811	2681903611927	40.0	-6.0	-2.0	-1.0	
1504796851846	2681923753529	40.0	-6.0	-2.0	-1.0	
1504796851864	2681943895130	40.0	-6.0	-2.0	-1.0	
1504796851882	2681964036732	40.0	-6.0	-2.0	-1.0	
1504796851899	2681984178334	40.0	-6.0	-2.0	-1.0	
1504796851917	2682004319935	40.0	-6.0	-2.0	-1.0	
1504796851934	2682024461537	40.0	-6.0	-2.0	-1.0	
1504796851952	2682044603138	40.0	-6.0	-2.0	-1.0	
1504796851987	2682064744740	40.0	-6.0	-2.0	-1.0	
1504796852005	2682084886341	40.0	-6.0	-2.0	-1.0	
1504796852022	2682105027943	40.0	-6.0	-2.0	-1.0	
1504796852040	2682125169544	40.0	-6.0	-2.0	-1.0	
1504796852057	2682145311146	40.0	-6.0	-2.0	-1.0	
1504796852077	2682165452748	40.0	-6.0	-2.0	-1.0	
1504796852093	2682185594349	40.0	-6.0	-2.0	-1.0	
1504796852128	2682205735951	40.0	-6.0	-2.0	-1.0	
1504796852146	2682225877552	40.0	-6.0	-2.0	-1.0	
1504796852164	2682246019154	40.0	-6.0	-2.0	-1.0	
1504796852181	2682266160755	40.0	-6.0	-2.0	-1.0	
1504796852199	2682286302357	40.0	-6.0	-2.0	-1.0	
1504796852216	2682306443959	40.0	-6.0	-2.0	-1.0	
1504796852235	2682326585560	40.0	-6.0	-2.0	-1.0	
1504796852269	2682346727162	40.0	-6.0	-2.0	-1.0	
1504796852287	2682366868763	40.0	-6.0	-2.0	-1.0	
1504796852307	2682387010365	40.0	-6.0	-2.0	-1.0	
1504796852322	2682407151966	40.0	-6.0	-2.0	-1.0	
1504796852340	2682427293568	40.0	-6.0	-2.0	-1.0	
1504796852358	2682447435169	40.0	-6.0	-2.0	-1.0	
1504796852375	2682467576771	40.0	-6.0	-2.0	-1.0	
1504796852410	2682487718373	40.0	-6.0	-2.0	-1.0	
1504796852430	2682507859974	40.0	-6.0	-2.0	-1.0	
1504796852446	2682528001576	40.0	-6.0	-2.0	-1.0	
1504796852466	2682548143177	40.0	-6.0	-2.0	-1.0	
1504796852481	2682568284779	40.0	-6.0	-2.0	-1.0	
1504796852501	2682588426380	40.0	-6.0	-2.0	-1.0	
1504796852516	2682608567982	40.0	-6.0	-2.0	-1.0	
1504796852552	2682628709584	40.0	-6.0	-2.0	-1.0	
1504796852570	2682648851185	40.0	-6.0	-2.0	-1.0	
1504796852587	2682668992787	40.0	-6.0	-2.0	-1.0	
1504796852607	2682689134388	40.0	-6.0	-2.0	-1.0	
1504796852622	2682709275990	40.0	-6.0	-2.0	-1.0	
1504796852640	2682729417591	40.0	-6.0	-2.0	-1.0	
1504796852662	2682749559193	40.0	-6.0	-2.0	-1.0	
1504796852692	2682769700794	40.0	-6.0	-2.0	-1.0	
1504796852710	2682789842396	40.0	-6.0	-2.0	-1.0	
1504796852728	2682809983998	40.0	-6.0	-2.0	-1.0	
1504796852746	2682830125599	40.0	-6.0	-2.0	-1.0	
1504796852763	2682850267201	40.0	-6.0	-2.0	-1.0	
1504796852781	2682870408802	40.0	-6.0	-2.0	-1.0	
1504796852798	2682890550404	40.0	-6.0	-2.0	-1.0	
1504796852838	2682910692005	40.0	-6.0	-2.0	-1.0	
1504796852851	2682930833607	40.0	-6.0	-2.0	-1.0	
1504796852870	2682950975209	40.0	-6.0	-2.0	-1.0	
1504796852887	2682971116810	40.0	-6.0	-2.0	-1.0	
1504796852904	2682991258412	40.0	-6.0	-2.0	-1.0	
1504796852922	2683011400013	40.0	-6.0	-2.0	-1.0	
1504796852940	2683031541615	40.0	-6.0	-2.0	-1.0	
1504796852975	2683051683216	40.0	-6.0	-2.0	-1.0	
1504796852993	2683071824818	40.0	-6.0	-2.0	-1.0	
1504796853010	2683091966419	40.0	-6.0	-2.0	-1.0	
1504796853028	2683112108021	40.0	-6.0	-2.0	-1.0	
1504796853049	2683132249623	40.0	-6.0	-2.0	-1.0	
1504796853063	2683152391224	40.0	-6.0	-2.0	-1.0	
1504796853081	2683172532826	40.0	-6.0	-2.0	-1.0	
1504796853117	2683192674427	40.0	-6.0	-2.0	-1.0	
1504796853134	2683212816029	40.0	-6.0	-2.0	-1.0	
1504796853152	2683232957630	40.0	-6.0	-2.0	-1.0	
1504796853168	2683253099232	40.0	-6.0	-2.0	-1.0	
1504796853186	2683273240834	40.0	-6.0	-2.0	-1.0	
1504796853203	2683293382435	40.0	-6.0	-2.0	-1.0	
1504796853223	2683313524037	40.0	-6.0	-2.0	-1.0	
1504796853259	2683333665638	40.0	-6.0	-2.0	-1.0	
1504796853276	2683353807240	40.0	-6.0	-2.0	-1.0	
1504796853296	2683373948841	40.0	-6.0	-2.0	-1.0	
1504796853313	2683394090443	40.0	-6.0	-2.0	-1.0	
1504796853328	2683414232044	40.0	-6.0	-2.0	-1.0	
1504796853346	2683434373646	40.0	-6.0	-2.0	-1.0	
1504796853364	2683454515248	40.0	-6.0	-2.0	-1.0	
1504796853398	2683474656849	40.0	-6.0	-2.0	-1.0	
1504796853418	2683494798451	40.0	-6.0	-2.0	-1.0	
1504796853433	2683514940052	40.0	-6.0	-2.0	-1.0	
1504796853455	2683535081654	40.0	-6.0	-2.0	-1.0	
1504796853469	2683555223255	40.0	-6.0	-2.0	-1.0	
1504796853486	2683575364857	40.0	-6.0	-2.0	-1.0	
1504796853503	2683595506459	40.0	-6.0	-2.0	-1.0	
1504796853539	2683615648060	40.0	-6.0	-2.0	-1.0	
1504796853559	2683635789662	40.0	-6.0	-2.0	-1.0	
1504796853580	2683655931263	40.0	-6.0	-2.0	-1.0	
1504796853592	2683676072865	40.0	-6.0	-2.0	-1.0	
1504796853609	2683696214466	40.0	-6.0	-2.0	-1.0	
1504796853627	2683716356068	40.0	-6.0	-2.0	-1.0	
1504796853645	2683736497669	40.0	-6.0	-2.0	-1.0	
1504796853681	2683756639271	40.0	-6.0	-2.0	-1.0	
1504796853704	2683776780873	40.0	-6.0	-2.0	-1.0	
1504796853716	2683796922474	40.0	-6.0	-2.0	-1.0	
1504796853735	2683817064076	40.0	-6.0	-2.0	-1.0	
1504796853750	2683837205677	40.0	-6.0	-2.0	-1.0	
1504796853768	2683857347279	40.0	-6.0	-2.0	-1.0	
1504796853789	2683877488880	40.0	-6.0	-2.0	-1.0	
1504796853825	2683897630482	40.0	-6.0	-2.0	-1.0	
1504796853839	2683917772084	40.0	-6.0	-2.0	-1.0	
1504796853858	2683937913685	40.0	-6.0	-2.0	-1.0	
1504796853874	2683958055287	40.0	-6.0	-2.0	-1.0	
1504796853893	2683978196888	40.0	-6.0	-2.0	-1.0	
1504796853910	2683998338490	40.0	-6.0	-2.0	-1.0	
1504796853927	2684018480091	40.0	-6.0	-2.0	-1.0	
1504796853963	2684038621693	40.0	-6.0	-2.0	-1.0	
1504796853981	2684058763294	40.0	-6.0	-2.0	-1.0	
1504796853998	2684078904896	40.0	-6.0	-2.0	-1.0	
1504796854017	2684099046498	40.0	-6.0	-2.0	-1.0	
1504796854034	2684119188099	40.0	-6.0	-2.0	-1.0	
1504796854054	2684139329701	40.0	-6.0	-2.0	-1.0	
1504796854071	2684159471302	40.0	-6.0	-2.0	-1.0	
1504796854104	2684179612904	40.0	-6.0	-2.0	-1.0	
1504796854121	2684199754505	40.0	-6.0	-2.0	-1.0	
1504796854139	2684219896107	40.0	-6.0	-2.0	-1.0	
1504796854159	2684240037709	40.0	-6.0	-2.0	-1.0	
1504796854174	2684260179310	40.0	-6.0	-2.0	-1.0	
1504796854191	2684280320912	40.0	-6.0	-2.0	-1.0	
1504796854209	2684300462513	40.0	-6.0	-2.0	-1.0	
1504796854246	2684320604115	40.0	-6.0	-2.0	-1.0	
1504796854263	2684340745716	40.0	-6.0	-2.0	-1.0	
1504796854280	2684360887318	40.0	-6.0	-2.0	-1.0	
1504796854298	2684381028919	40.0	-6.0	-2.0	-1.0	
1504796854317	2684401170521	40.0	-6.0	-2.0	-1.0	
1504796854335	2684421312123	40.0	-6.0	-2.0	-1.0	
1504796854352	2684441453724	40.0	-6.0	-2.0	-1.0	
1504796854386	2684461595326	40.0	-6.0	-2.0	-1.0	
1504796854408	2684481736927	40.0	-6.0	-2.0	-1.0	
1504796854431	2684501878529	40.0	-6.0	-2.0	-1.0	
1504796854441	2684522020130	40.0	-6.0	-2.0	-1.0	
1504796854456	2684542161732	40.0	-6.0	-2.0	-1.0	
1504796854477	2684562303334	40.0	-6.0	-2.0	-1.0	
1504796854491	2684582444935	40.0	-6.0	-2.0	-1.0	
1504796854526	2684602586537	40.0	-6.0	-2.0	-1.0	
1504796854544	2684622728138	40.0	-6.0	-2.0	-1.0	
1504796854561	2684642869740	40.0	-6.0	-2.0	-1.0	
1504796854579	2684663011341	40.0	-6.0	-2.0	-1.0	
1504796854596	2684683152943	40.0	-6.0	-2.0	-1.0	
1504796854614	2684703294544	40.0	-6.0	-2.0	-1.0	
1504796854634	2684723436146	40.0	-6.0	-2.0	-1.0	
1504796854667	2684743577748	40.0	-6.0	-2.0	-1.0	
1504796854686	2684763719349	40.0	-6.0	-2.0	-1.0	
1504796854702	2684783860951	40.0	-6.0	-2.0	-1.0	
1504796854720	2684804002552	40.0	-6.0	-2.0	-1.0	
1504796854741	2684824144154	40.0	-6.0	-2.0	-1.0	
1504796854762	2684844285755	40.0	-6.0	-2.0	-1.0	
1504796854775	2684864427357	40.0	-6.0	-2.0	-1.0	
1504796854808	2684884568959	40.0	-6.0	-2.0	-1.0	
1504796854827	2684904710560	40.0	-6.0	-2.0	-1.0	
1504796854843	2684924852162	40.0	-6.0	-2.0	-1.0	
1504796854862	2684944993763	40.0	-6.0	-2.0	-1.0	
1504796854879	2684965135365	40.0	-6.0	-2.0	-1.0	
1504796854897	2684985276966	40.0	-6.0	-2.0	-1.0	
1504796854913	2685005418568	40.0	-6.0	-2.0	-1.0	
1504796854952	2685025560169	40.0	-6.0	-2.0	-1.0	
1504796854968	2685045701771	40.0	-6.0	-2.0	-1.0	
1504796854986	2685065843373	40.0	-6.0	-2.0	-1.0	
1504796855003	2685085984974	40.0	-6.0	-2.0	-1.0	
1504796855022	2685106126576	40.0	-6.0	-2.0	-1.0	
1504796855037	2685126268177	40.0	-6.0	-2.0	-1.0	
1504796855055	2685146409779	40.0	-6.0	-2.0	-1.0	
1504796855091	2685166551380	40.0	-6.0	-2.0	-1.0	
1504796855108	2685186692982	40.0	-6.0	-2.0	-1.0	
1504796855125	2685206834584	40.0	-6.0	-2.0	-1.0	
1504796855145	2685226976185	40.0	-6.0	-2.0	-1.0	
1504796855162	2685247117787	40.0	-6.0	-2.0	-1.0	
1504796855177	2685267259388	40.0	-6.0	-2.0	-1.0	
1504796855196	2685287400990	40.0	-6.0	-2.0	-1.0	
1504796855231	2685307542591	40.0	-6.0	-2.0	-1.0	
1504796855248	2685327684193	40.0	-6.0	-2.0	-1.0	
1504796855267	2685347825794	40.0	-6.0	-2.0	-1.0	
1504796855284	2685367967396	40.0	-6.0	-2.0	-1.0	
1504796855302	2685388108998	40.0	-6.0	-2.0	-1.0	
1504796855321	2685408250599	40.0	-6.0	-2.0	-1.0	
1504796855338	2685428392201	40.0	-6.0	-2.0	-1.0	
1504796855374	2685448533802	40.0	-6.0	-2.0	-1.0	
1504796855393	2685468675404	40.0	-6.0	-2.0	-1.0	
1504796855413	2685488817005	40.0	-6.0	-2.0	-1.0	
1504796855425	2685508958607	40.0	-6.0	-2.0	-1.0	
1504796855443	2685529100209	40.0	-6.0	-2.0	-1.0	
1504796855461	2685549241810	40.0	-6.0	-2.0	-1.0	
1504796855484	2685569383412	40.0	-6.0	-2.0	-1.0	
1504796855514	2685589525013	40.0	-6.0	-2.0	-1.0	
1504796855532	2685609666615	40.0	-6.0	-2.0	-1.0	
1504796855549	2685629808216	40.0	-6.0	-2.0	-1.0	
1504796855566	2685649949818	40.0	-6.0	-2.0	-1.0	
1504796855585	2685670091419	40.0	-6.0	-2.0	-1.0	
1504796855602	2685690233021	40.0	-6.0	-2.0	-1.0	
1504796855619	2685710374623	40.0	-6.0	-2.0	-1.0	
1504796855655	2685730516224	40.0	-6.0	-2.0	-1.0	
1504796855673	2685750657826	40.0	-6.0	-2.0	-1.0	
1504796855691	2685770799427	40.0	-6.0	-2.0	-1.0	
1504796855708	2685790941029	40.0	-6.0	-2.0	-1.0	
1504796855725	2685811082630	40.0	-6.0	-2.0	-1.0	
1504796855743	2685831224232	40.0	-6.0	-2.0	-1.0	
1504796855760	2685851365834	40.0	-6.0	-2.0	-1.0	
1504796855795	2685871507435	40.0	-6.0	-2.0	-1.0	
1504796855815	2685891649037	40.0	-6.0	-2.0	-1.0	
1504796855834	2685911790638	40.0	-6.0	-2.0	-1.0	
1504796855849	2685931932240	40.0	-6.0	-2.0	-1.0	
1504796855870	2685952073841	40.0	-6.0	-2.0	-1.0	
1504796855889	2685972215443	40.0	-6.0	-2.0	-1.0	
1504796855909	2685992357044	40.0	-6.0	-2.0	-1.0	
1504796855938	2686012498646	40.0	-6.0	-2.0	-1.0	
1504796855954	2686032640248	40.0	-6.0	-2.0	-1.0	
1504796855973	2686052781849	40.0	-6.0	-2.0	-1.0	
1504796855989	2686072923451	40.0	-6.0	-2.0	-1.0	
1504796856008	2686093065052	40.0	-6.0	-2.0	-1.0	
1504796856026	2686113206654	40.0	-6.0	-2.0	-1.0	
1504796856043	2686133348255	40.0	-6.0	-2.0	-1.0	
1504796856078	2686153489857	40.0	-6.0	-2.0	-1.0	
1504796856095	2686173631459	40.0	-6.0	-2.0	-1.0	
1504796856116	2686193773060	40.0	-6.0	-2.0	-1.0	
1504796856130	2686213914662	40.0	-6.0	-2.0	-1.0	
1504796856148	2686234056263	40.0	-6.0	-2.0	-1.0	
1504796856167	2686254197865	40.0	-6.0	-2.0	-1.0	
1504796856183	2686274339466	40.0	-6.0	-2.0	-1.0	
1504796856223	2686294481068	40.0	-6.0	-2.0	-1.0	
1504796856238	2686314622669	40.0	-6.0	-2.0	-1.0	
1504796856254	2686334764271	40.0	-6.0	-2.0	-1.0	
1504796856274	2686354905873	40.0	-6.0	-2.0	-1.0	
1504796856289	2686375047474	40.0	-6.0	-2.0	-1.0	
1504796856307	2686395189076	40.0	-6.0	-2.0	-1.0	
1504796856324	2686415330677	40.0	-6.0	-2.0	-1.0	
1504796856359	2686435472279	40.0	-6.0	-2.0	-1.0	
1504796856379	2686455613880	40.0	-6.0	-2.0	-1.0	
1504796856395	2686475755482	40.0	-6.0	-2.0	-1.0	
1504796856412	2686495897084	40.0	-6.0	-2.0	-1.0	
1504796856432	2686516038685	40.0	-6.0	-2.0	-1.0	
1504796856449	2686536180287	40.0	-6.0	-2.0	-1.0	
1504796856466	2686556321888	40.0	-6.0	-2.0	-1.0	
1504796856501	2686576463490	40.0	-6.0	-2.0	-1.0	
1504796856520	2686596605091	40.0	-6.0	-2.0	-1.0	
1504796856539	2686616746693	40.0	-6.0	-2.0	-1.0	
1504796856554	2686636888294	40.0	-6.0	-2.0	-1.0	
1504796856571	2686657029896	40.0	-6.0	-2.0	-1.0	
1504796856589	2686677171498	40.0	-6.0	-2.0	-1.0	
1504796856608	2686697313099	40.0	-6.0	-2.0	-1.0	
1504796856644	2686717454701	40.0	-6.0	-2.0	-1.0	
1504796856659	2686737596302	40.0	-6.0	-2.0	-1.0	
1504796856679	2686757737904	40.0	-6.0	-2.0	-1.0	
1504796856695	2686777879505	40.0	-6.0	-2.0	-1.0	
1504796856713	2686798021107	40.0	-6.0	-2.0	-1.0	
1504796856730	2686818162709	40.0	-6.0	-2.0	-1.0	
1504796856754	2686838304310	40.0	-6.0	-2.0	-1.0	
1504796856783	2686858445912	40.0	-6.0	-2.0	-1.0	
1504796856804	2686878587513	40.0	-6.0	-2.0	-1.0	
1504796856819	2686898729115	40.0	-6.0	-2.0	-1.0	
1504796856840	2686918870716	40.0	-6.0	-2.0	-1.0	
1504796856855	2686939012318	40.0	-6.0	-2.0	-1.0	
1504796856871	2686959153919	40.0	-6.0	-2.0	-1.0	
1504796856891	2686979295521	40.0	-6.0	-2.0	-1.0	
1504796856923	2686999437123	40.0	-6.0	-2.0	-1.0	
1504796856940	2687019578724	40.0	-6.0	-2.0	-1.0	
1504796856960	2687039720326	40.0	-6.0	-2.0	-1.0	
1504796856976	2687059861927	40.0	-6.0	-2.0	-1.0	
1504796856994	2687080003529	40.0	-6.0	-2.0	-1.0	
1504796857012	2687100145130	40.0	-6.0	-2.0	-1.0	
1504796857030	2687120286732	40.0	-6.0	-2.0	-1.0	
1504796857064	2687140428334	40.0	-6.0	-2.0	-1.0	
1504796857084	2687160569935	40.0	-6.0	-2.0	-1.0	
1504796857099	2687180711537	40.0	-6.0	-2.0	-1.0	
1504796857119	2687200853138	40.0	-6.0	-2.0	-1.0	
1504796857136	2687220994740	40.0	-6.0	-2.0	-1.0	
1504796857153	2687241136341	40.0	-6.0	-2.0	-1.0	
1504796857170	2687261277943	40.0	-6.0	-2.0	-1.0	
1504796857206	2687281419544	40.0	-6.0	-2.0	-1.0	
1504796857224	2687301561146	40.0	-6.0	-2.0	-1.0	
1504796857240	2687321702748	40.0	-6.0	-2.0	-1.0	
1504796857258	2687341844349	40.0	-6.0	-2.0	-1.0	
1504796857279	2687361985951	40.0	-6.0	-2.0	-1.0	
1504796857304	2687382127552	40.0	-6.0	-2.0	-1.0	
1504796857313	2687402269154	40.0	-6.0	-2.0	-1.0	
1504796857347	2687422410755	40.0	-6.0	-2.0	-1.0	
1504796857365	2687442552357	40.0	-6.0	-2.0	-1.0	
1504796857383	2687462693959	40.0	-6.0	-2.0	-1.0	
1504796857399	2687482835560	40.0	-6.0	-2.0	-1.0	
1504796857418	2687502977162	40.0	-6.0	-2.0	-1.0	
1504796857441	2687523118763	40.0	-6.0	-2.0	-1.0	
1504796857453	2687543260365	40.0	-6.0	-2.0	-1.0	
1504796857487	2687563401966	40.0	-6.0	-2.0	-1.0	
1504796857505	2687583543568	40.0	-6.0	-2.0	-1.0	
1504796857523	2687603685169	40.0	-6.0	-2.0	-1.0	
1504796857547	2687623826771	40.0	-6.0	-2.0	-1.0	
1504796857558	2687643968373	40.0	-6.0	-2.0	-1.0	
1504796857576	2687664109974	40.0	-6.0	-2.0	-1.0	
1504796857594	2687684251576	40.0	-6.0	-2.0	-1.0	
1504796857628	2687704393177	40.0	-6.0	-2.0	-1.0	
1504796857650	2687724534779	40.0	-6.0	-2.0	-1.0	
1504796857664	2687744676380	40.0	-6.0	-2.0	-1.0	
1504796857682	2687764817982	40.0	-6.0	-2.0	-1.0	
1504796857702	2687784959584	40.0	-6.0	-2.0	-1.0	
1504796857716	2687805101185	40.0	-6.0	-2.0	-1.0	
1504796857733	2687825242787	40.0	-6.0	-2.0	-1.0	
1504796857770	2687845384388	40.0	-6.0	-2.0	-1.0	
1504796857787	2687865525990	40.0	-6.0	-2.0	-1.0	
1504796857808	2687885667591	40.0	-6.0	-2.0	-1.0	
1504796857822	2687905809193	40.0	-6.0	-2.0	-1.0	
1504796857841	2687925950794	40.0	-6.0	-2.0	-1.0	
1504796857858	2687946092396	40.0	-6.0	-2.0	-1.0	
1504796857876	2687966233998	40.0	-6.0	-2.0	-1.0	
1504796857911	2687986375599	40.0	-6.0	-2.0	-1.0	
1504796857932	2688006517201	40.0	-6.0	-2.0	-1.0	
1504796857947	2688026658802	40.0	-6.0	-2.0	-1.0	
1504796857965	2688046800404	40.0	-6.0	-2.0	-1.0	
1504796857984	2688066942005	40.0	-6.0	-2.0	-1.0	
1504796857999	2688087083607	40.0	-6.0	-2.0	-1.0	
1504796858020	2688107225209	40.0	-6.0	-2.0	-1.0	
1504796858052	2688127366810	40.0	-6.0	-2.0	-1.0	
1504796858072	2688147508412	40.0	-6.0	-2.0	-1.0	
1504796858086	2688167650013	40.0	-6.0	-2.0	-1.0	
1504796858105	2688187791615	40.0	-6.0	-2.0	-1.0	
1504796858125	2688207933216	40.0	-6.0	-2.0	-1.0	
1504796858141	2688228074818	40.0	-6.0	-2.0	-1.0	
1504796858157	2688248216419	40.0	-6.0	-2.0	-1.0	
1504796858206	2688268358021	40.0	-6.0	-2.0	-1.0	
1504796858210	2688288499623	40.0	-6.0	-2.0	-1.0	
1504796858229	2688308641224	40.0	-6.0	-2.0	-1.0	
1504796858245	2688328782826	40.0	-6.0	-2.0	-1.0	
1504796858263	2688348924427	40.0	-6.0	-2.0	-1.0	
1504796858281	2688369066029	40.0	-6.0	-2.0	-1.0	
1504796858297	2688389207630	40.0	-6.0	-2.0	-1.0	
1504796858333	2688409349232	40.0	-6.0	-2.0	-1.0	
1504796858351	2688429490834	40.0	-6.0	-2.0	-1.0	
1504796858368	2688449632435	40.0	-6.0	-2.0	-1.0	
1504796858387	2688469774037	40.0	-6.0	-2.0	-1.0	
1504796858404	2688489915638	40.0	-6.0	-2.0	-1.0	
1504796858424	2688510057240	40.0	-6.0	-2.0	-1.0	
1504796858440	2688530198841	40.0	-6.0	-2.0	-1.0	
1504796858474	2688550340443	40.0	-6.0	-2.0	-1.0	
1504796858493	2688570482044	40.0	-6.0	-2.0	-1.0	
1504796858510	2688590623646	40.0	-6.0	-2.0	-1.0	
1504796858528	2688610765248	40.0	-6.0	-2.0	-1.0	
1504796858546	2688630906849	40.0	-6.0	-2.0	-1.0	
1504796858563	2688651048451	40.0	-6.0	-2.0	-1.0	
1504796858581	2688671190052	40.0	-6.0	-2.0	-1.0	
1504796858616	2688691331654	40.0	-6.0	-2.0	-1.0	
1504796858633	2688711473255	40.0	-6.0	-2.0	-1.0	
1504796858652	2688731614857	40.0	-6.0	-2.0	-1.0	
1504796858668	2688751756459	40.0	-6.0	-2.0	-1.0	
1504796858686	2688771898060	40.0	-6.0	-2.0	-1.0	
1504796858703	2688792039662	40.0	-6.0	-2.0	-1.0	
1504796858721	2688812181263	40.0	-6.0	-2.0	-1.0	
1504796858756	2688832322865	40.0	-6.0	-2.0	-1.0	
1504796858774	2688852464466	40.0	-6.0	-2.0	-1.0	
1504796858792	2688872606068	40.0	-6.0	-2.0	-1.0	
1504796858810	2688892747669	40.0	-6.0	-2.0	-1.0	
1504796858830	2688912889271	40.0	-6.0	-2.0	-1.0	
1504796858846	2688933030873	40.0	-6.0	-2.0	-1.0	
1504796858865	2688953172474	40.0	-6.0	-2.0	-1.0	
1504796858899	2688973314076	40.0	-6.0	-2.0	-1.0	
1504796858914	2688993455677	40.0	-6.0	-2.0	-1.0	
1504796858931	2689013597279	40.0	-6.0	-2.0	-1.0	
1504796858950	2689033738880	40.0	-6.0	-2.0	-1.0	
1504796858968	2689053880482	40.0	-6.0	-2.0	-1.0	
1504796858985	2689074022084	40.0	-6.0	-2.0	-1.0	
1504796859003	2689094163685	40.0	-6.0	-2.0	-1.0	
1504796859041	2689114305287	40.0	-6.0	-2.0	-1.0	
1504796859068	2689134446888	40.0	-6.0	-2.0	-1.0	
1504796859076	2689154588490	40.0	-6.0	-2.0	-1.0	
1504796859091	2689174730091	40.0	-6.0	-2.0	-1.0	
1504796859109	2689194871693	40.0	-6.0	-2.0	-1.0	
1504796859127	2689215013294	40.0	-6.0	-2.0	-1.0	
1504796859145	2689235154896	40.0	-6.0	-2.0	-1.0	
1504796859180	2689255296498	40.0	-6.0	-2.0	-1.0	
1504796859199	2689275438099	40.0	-6.0	-2.0	-1.0	
1504796859214	2689295579701	40.0	-6.0	-2.0	-1.0	
1504796859235	2689315721302	40.0	-6.0	-2.0	-1.0	
1504796859249	2689335862904	40.0	-6.0	-2.0	-1.0	
1504796859268	2689356004505	40.0	-6.0	-2.0	-1.0	
1504796859285	2689376146107	40.0	-6.0	-2.0	-1.0	
1504796859321	2689396287709	40.0	-6.0	-2.0	-1.0	
1504796859341	2689416430427	40.0	-6.0	-2.0	-1.0	
1504796859359	2689436572029	40.0	-6.0	-2.0	-1.0	
1504796859374	2689456713630	40.0	-6.0	-2.0	-1.0	
1504796859393	2689476855232	40.0	-6.0	-2.0	-1.0	
1504796859409	2689496996833	40.0	-6.0	-2.0	-1.0	
1504796859429	2689517138435	40.0	-6.0	-2.0	-1.0	
1504796859461	2689537280036	40.0	-6.0	-2.0	-1.0	
1504796859480	2689557421638	40.0	-6.0	-2.0	-1.0	
1504796859499	2689577563240	40.0	-6.0	-2.0	-1.0	
1504796859515	2689597704841	40.0	-6.0	-2.0	-1.0	
1504796859533	2689617846443	40.0	-6.0	-2.0	-1.0	
1504796859550	2689637988044	40.0	-6.0	-2.0	-1.0	
1504796859567	2689658129646	40.0	-6.0	-2.0	-1.0	
1504796859605	2689678271247	40.0	-6.0	-2.0	-1.0	
1504796859621	2689698412849	40.0	-6.0	-2.0	-1.0	
1504796859638	2689718554451	40.0	-6.0	-2.0	-1.0	
1504796859656	2689738696052	40.0	-6.0	-2.0	-1.0	
1504796859673	2689758837654	40.0	-6.0	-2.0	-1.0	
1504796859695	2689778979255	40.0	-6.0	-2.0	-1.0	
1504796859709	2689799120857	40.0	-6.0	-2.0	-1.0	
1504796859746	2689819262458	40.0	-6.0	-2.0	-1.0	
1504796859762	2689839404060	40.0	-6.0	-2.0	-1.0	
1504796859781	2689859545661	40.0	-6.0	-2.0	-1.0	
1504796859799	2689879687263	40.0	-6.0	-2.0	-1.0	
1504796859816	2689899828865	40.0	-6.0	-2.0	-1.0	
1504796859832	2689919970466	40.0	-6.0	-2.0	-1.0	
1504796859850	2689940112068	40.0	-6.0	-2.0	-1.0	
1504796859886	2689960253669	40.0	-6.0	-2.0	-1.0	
1504796859902	2689980395271	40.0	-6.0	-2.0	-1.0	
1504796859920	2690000536872	40.0	-6.0	-2.0	-1.0	
1504796859937	2690020678474	40.0	-6.0	-2.0	-1.0	
1504796859954	2690040820076	40.0	-6.0	-2.0	-1.0	
1504796859975	2690060961677	40.0	-6.0	-2.0	-1.0	
1504796859990	2690081103279	40.0	-6.0	-2.0	-1.0	
1504796860025	2690101244880	40.0	-6.0	-2.0	-1.0	
1504796860043	2690121386482	40.0	-6.0	-2.0	-1.0	
1504796860064	2690141528083	40.0	-6.0	-2.0	-1.0	
1504796860080	2690161669685	40.0	-6.0	-2.0	-1.0	
1504796860100	2690181811286	40.0	-6.0	-2.0	-1.0	
1504796860122	2690201952888	40.0	-6.0	-2.0	-1.0	
1504796860132	2690222094490	40.0	-6.0	-2.0	-1.0	
1504796860165	2690242236091	40.0	-6.0	-2.0	-1.0	
1504796860184	2690262377693	40.0	-6.0	-2.0	-1.0	
1504796860202	2690282519294	40.0	-6.0	-2.0	-1.0	
1504796860220	2690302660896	40.0	-6.0	-2.0	-1.0	
1504796860237	2690322802497	40.0	-6.0	-2.0	-1.0	
1504796860253	2690342944099	40.0	-6.0	-2.0	-1.0	
1504796860272	2690363085701	40.0	-6.0	-2.0	-1.0	
1504796860307	2690383227302	40.0	-6.0	-2.0	-1.0	
1504796860325	2690403368904	40.0	-6.0	-2.0	-1.0	
1504796860342	2690423510505	40.0	-6.0	-2.0	-1.0	
1504796860360	2690443652107	40.0	-6.0	-2.0	-1.0	
1504796860379	2690463793708	40.0	-6.0	-2.0	-1.0	
1504796860395	2690483935310	40.0	-6.0	-2.0	-1.0	
1504796860413	2690504076911	40.0	-6.0	-2.0	-1.0	
1504796860448	2690524218513	40.0	-6.0	-2.0	-1.0	
1504796860465	2690544360115	40.0	-6.0	-2.0	-1.0	
1504796860485	2690564501716	40.0	-6.0	-2.0	-1.0	
1504796860505	2690584643318	40.0	-6.0	-2.0	-1.0	
1504796860521	2690604784919	40.0	-6.0	-2.0	-1.0	
1504796860536	2690624926521	40.0	-6.0	-2.0	-1.0	
1504796860554	2690645068122	40.0	-6.0	-2.0	-1.0	
1504796860594	2690665209724	40.0	-6.0	-2.0	-1.0	
1504796860607	2690685351326	40.0	-6.0	-2.0	-1.0	
1504796860624	2690705492927	40.0	-6.0	-2.0	-1.0	
1504796860641	2690725634529	40.0	-6.0	-2.0	-1.0	
1504796860662	2690745776130	40.0	-6.0	-2.0	-1.0	
1504796860677	2690765917732	40.0	-6.0	-2.0	-1.0	
1504796860694	2690786059333	40.0	-6.0	-2.0	-1.0	
1504796860730	2690806200935	40.0	-6.0	-2.0	-1.0	
1504796860749	2690826342536	40.0	-6.0	-2.0	-1.0	
1504796860766	2690846484138	40.0	-6.0	-2.0	-1.0	
1504796860786	2690866625740	40.0	-6.0	-2.0	-1.0	
1504796860802	2690886767341	40.0	-6.0	-2.0	-1.0	
1504796860822	2690906908943	40.0	-6.0	-2.0	-1.0	
1504796860838	2690927050544	40.0	-6.0	-2.0	-1.0	
1504796860872	2690947192146	40.0	-6.0	-2.0	-1.0	
1504796860891	2690967333747	40.0	-6.0	-2.0	-1.0	
1504796860906	2690987475349	40.0	-6.0	-2.0	-1.0	
1504796860927	2691007616951	40.0	-6.0	-2.0	-1.0	
1504796860942	2691027758552	40.0	-6.0	-2.0	-1.0	
1504796860960	2691047900154	40.0	-6.0	-2.0	-1.0	
1504796860978	2691068041755	40.0	-6.0	-2.0	-1.0	
1504796861013	2691088183357	40.0	-6.0	-2.0	-1.0	
1504796861030	2691108324958	40.0	-6.0	-2.0	-1.0	
1504796861051	2691128466560	40.0	-6.0	-2.0	-1.0	
1504796861066	2691148608161	40.0	-6.0	-2.0	-1.0	
1504796861088	2691168749763	40.0	-6.0	-2.0	-1.0	
1504796861102	2691188891365	40.0	-6.0	-2.0	-1.0	
1504796861121	2691209032966	40.0	-6.0	-2.0	-1.0	
1504796861154	2691229174568	40.0	-6.0	-2.0	-1.0	
1504796861171	2691249316169	40.0	-6.0	-2.0	-1.0	
1504796861189	2691269457771	40.0	-6.0	-2.0	-1.0	
1504796861207	2691289599372	40.0	-6.0	-2.0	-1.0	
1504796861224	2691309740974	40.0	-6.0	-2.0	-1.0	
1504796861242	2691329882576	40.0	-6.0	-2.0	-1.0	
1504796861259	2691350024177	40.0	-6.0	-2.0	-1.0	
1504796861294	2691370165779	40.0	-6.0	-2.0	-1.0	
1504796861313	2691390307380	40.0	-6.0	-2.0	-1.0	
1504796861330	2691410448982	40.0	-6.0	-2.0	-1.0	
1504796861358	2691430590583	40.0	-6.0	-2.0	-1.0	
1504796861367	2691450732185	40.0	-6.0	-2.0	-1.0	
1504796861391	2691470873786	40.0	-6.0	-2.0	-1.0	
1504796861404	2691491015388	40.0	-6.0	-2.0	-1.0	
1504796861435	2691511156990	40.0	-6.0	-2.0	-1.0	
1504796861457	2691531298591	40.0	-6.0	-2.0	-1.0	
1504796861471	2691551440193	40.0	-6.0	-2.0	-1.0	
1504796861488	2691571581794	40.0	-6.0	-2.0	-1.0	
1504796861507	2691591723396	40.0	-6.0	-2.0	-1.0	
1504796861524	2691611864997	40.0	-6.0	-2.0	-1.0	
1504796861543	2691632006599	40.0	-6.0	-2.0	-1.0	
1504796861582	2691652148201	40.0	-6.0	-2.0	-1.0	
1504796861598	2691672289802	40.0	-6.0	-2.0	-1.0	
1504796861617	2691692431404	40.0	-6.0	-2.0	-1.0	
1504796861629	2691712573005	40.0	-6.0	-2.0	-1.0	
1504796861647	2691732714607	40.0	-6.0	-2.0	-1.0	
1504796861668	2691752856208	40.0	-6.0	-2.0	-1.0	
1504796861684	2691772997810	40.0	-6.0	-2.0	-1.0	
1504796861719	2691793139411	40.0	-6.0	-2.0	-1.0	
1504796861738	2691813281013	40.0	-6.0	-2.0	-1.0	
1504796861754	2691833422615	40.0	-6.0	-2.0	-1.0	
1504796861771	2691853564216	40.0	-6.0	-2.0	-1.0	
1504796861788	2691873705818	40.0	-6.0	-2.0	-1.0	
1504796861809	2691893847419	40.0	-6.0	-2.0	-1.0	
1504796861829	2691913989021	40.0	-6.0	-2.0	-1.0	
1504796861859	2691934130622	40.0	-6.0	-2.0	-1.0	
1504796861878	2691954272224	40.0	-6.0	-2.0	-1.0	
1504796861894	2691974413826	40.0	-6.0	-2.0	-1.0	
1504796861912	2691994555427	40.0	-6.0	-2.0	-1.0	
1504796861932	2692014697029	40.0	-6.0	-2.0	-1.0	
1504796861948	2692034838630	40.0	-6.0	-2.0	-1.0	
1504796861971	2692054980232	40.0	-6.0	-2.0	-1.0	
1504796861999	2692075121833	40.0	-6.0	-2.0	-1.0	
1504796862017	2692095263435	40.0	-6.0	-2.0	-1.0	
1504796862035	2692115405036	40.0	-6.0	-2.0	-1.0	
1504796862059	2692135546638	40.0	-6.0	-2.0	-1.0	
1504796862069	2692155688240	40.0	-6.0	-2.0	-1.0	
1504796862089	2692175829841	40.0	-6.0	-2.0	-1.0	
1504796862105	2692195971443	40.0	-6.0	-2.0	-1.0	
1504796862140	2692216113044	40.0	-6.0	-2.0	-1.0	
1504796862158	2692236254646	40.0	-6.0	-2.0	-1.0	
1504796862179	2692256396247	40.0	-6.0	-2.0	-1.0	
1504796862198	2692276537849	40.0	-6.0	-2.0	-1.0	
1504796862210	2692296679451	40.0	-6.0	-2.0	-1.0	
1504796862228	2692316821052	40.0	-6.0	-2.0	-1.0	
1504796862248	2692336962654	40.0	-6.0	-2.0	-1.0	
1504796862287	2692357104255	40.0	-6.0	-2.0	-1.0	
1504796862308	2692377245857	40.0	-6.0	-2.0	-1.0	
1504796862317	2692397387458	40.0	-6.0	-2.0	-1.0	
1504796862334	2692417529060	40.0	-6.0	-2.0	-1.0	
1504796862353	2692437670661	40.0	-6.0	-2.0	-1.0	
1504796862369	2692457812263	40.0	-6.0	-2.0	-1.0	
1504796862388	2692477953865	40.0	-6.0	-2.0	-1.0	
1504796862423	2692498095466	40.0	-6.0	-2.0	-1.0	
1504796862441	2692518237068	40.0	-6.0	-2.0	-1.0	
1504796862458	2692538378669	40.0	-6.0	-2.0	-1.0	
1504796862475	2692558520271	40.0	-6.0	-2.0	-1.0	
1504796862493	2692578661872	40.0	-6.0	-2.0	-1.0	
1504796862512	2692598803474	40.0	-6.0	-2.0	-1.0	
1504796862528	2692618945076	40.0	-6.0	-2.0	-1.0	
1504796862563	2692639086677	40.0	-6.0	-2.0	-1.0	
1504796862582	2692659228279	40.0	-6.0	-2.0	-1.0	
1504796862601	2692679369880	40.0	-6.0	-2.0	-1.0	
1504796862617	2692699511482	40.0	-6.0	-2.0	-1.0	
1504796862633	2692719653083	40.0	-6.0	-2.0	-1.0	
1504796862651	2692739794685	40.0	-6.0	-2.0	-1.0	
1504796862669	2692759936286	40.0	-6.0	-2.0	-1.0	
1504796862704	2692780077888	40.0	-6.0	-2.0	-1.0	
1504796862724	2692800219490	40.0	-6.0	-2.0	-1.0	
1504796862742	2692820361091	40.0	-6.0	-2.0	-1.0	
1504796862759	2692840502693	40.0	-6.0	-2.0	-1.0	
1504796862777	2692860644294	40.0	-6.0	-2.0	-1.0	
1504796862794	2692880785896	40.0	-6.0	-2.0	-1.0	
1504796862810	2692900927497	40.0	-6.0	-2.0	-1.0	
1504796862846	2692921069099	40.0	-6.0	-2.0	-1.0	
1504796862865	2692941210701	40.0	-6.0	-2.0	-1.0	
1504796862882	2692961352302	40.0	-6.0	-2.0	-1.0	
1504796862898	2692981493904	40.0	-6.0	-2.0	-1.0	
1504796862915	2693001635505	40.0	-6.0	-2.0	-1.0	
1504796862934	2693021777107	40.0	-6.0	-2.0	-1.0	
1504796862951	2693041918708	40.0	-6.0	-2.0	-1.0	
1504796862989	2693062060310	40.0	-6.0	-2.0	-1.0	
1504796863008	2693082201911	40.0	-6.0	-2.0	-1.0	
1504796863023	2693102343513	40.0	-6.0	-2.0	-1.0	
1504796863043	2693122485115	40.0	-6.0	-2.0	-1.0	
1504796863057	2693142626716	40.0	-6.0	-2.0	-1.0	
1504796863075	2693162768318	40.0	-6.0	-2.0	-1.0	
1504796863092	2693182909919	40.0	-6.0	-2.0	-1.0	
1504796863128	2693203051521	40.0	-6.0	-2.0	-1.0	
1504796863151	2693223193122	40.0	-6.0	-2.0	-1.0	
1504796863163	2693243334724	40.0	-6.0	-2.0	-1.0	
1504796863184	2693263476326	40.0	-6.0	-2.0	-1.0	
1504796863199	2693283617927	40.0	-6.0	-2.0	-1.0	
1504796863220	2693303759529	40.0	-6.0	-2.0	-1.0	
1504796863234	2693323901130	40.0	-6.0	-2.0	-1.0	
1504796863268	2693344042732	40.0	-6.0	-2.0	-1.0	
1504796863287	2693364184333	40.0	-6.0	-2.0	-1.0	
1504796863306	2693384325935	40.0	-6.0	-2.0	-1.0	
1504796863321	2693404467536	40.0	-6.0	-2.0	-1.0	
1504796863339	2693424609138	40.0	-6.0	-2.0	-1.0	
1504796863357	2693444750740	40.0	-6.0	-2.0	-1.0	
1504796863380	2693464892341	40.0	-6.0	-2.0	-1.0	
1504796863410	2693485033943	40.0	-6.0	-2.0	-1.0	
1504796863431	2693505175544	40.0	-6.0	-2.0	-1.0	
1504796863450	2693525317146	40.0	-6.0	-2.0	-1.0	
1504796863464	2693545458747	40.0	-6.0	-2.0	-1.0	
1504796863480	2693565600349	40.0	-6.0	-2.0	-1.0	
1504796863498	2693585741951	40.0	-6.0	-2.0	-1.0	
1504796863516	2693605883552	40.0	-6.0	-2.0	-1.0	
1504796863551	2693626025154	40.0	-6.0	-2.0	-1.0	
1504796863569	2693646166755	40.0	-6.0	-2.0	-1.0	
1504796863591	2693666308357	40.0	-6.0	-2.0	-1.0	
1504796863603	2693686449958	40.0	-6.0	-2.0	-1.0	
1504796863624	2693706591560	40.0	-6.0	-2.0	-1.0	
1504796863640	2693726733161	40.0	-6.0	-2.0	-1.0	
1504796863658	2693746874763	40.0	-6.0	-2.0	-1.0	
1504796863691	2693767016365	40.0	-6.0	-2.0	-1.0	
1504796863710	2693787157966	40.0	-6.0	-2.0	-1.0	
1504796863732	2693807299568	40.0	-6.0	-2.0	-1.0	
1504796863744	2693827441169	40.0	-6.0	-2.0	-1.0	
1504796863773	2693847582771	40.0	-6.0	-2.0	-1.0	
1504796863783	2693867724372	40.0	-6.0	-2.0	-1.0	
1504796863798	2693887865974	40.0	-6.0	-2.0	-1.0	
1504796863833	2693908007576	40.0	-6.0	-2.0	-1.0	
1504796863850	2693928149177	40.0	-6.0	-2.0	-1.0	
1504796863867	2693948290779	40.0	-6.0	-2.0	-1.0	
1504796863886	2693968432380	40.0	-6.0	-2.0	-1.0	
1504796863904	2693988573982	40.0	-6.0	-2.0	-1.0	
1504796863920	2694008715583	40.0	-6.0	-2.0	-1.0	
1504796863939	2694028857185	40.0	-6.0	-2.0	-1.0	
1504796863974	2694048998786	40.0	-6.0	-2.0	-1.0	
1504796863992	2694069140388	40.0	-6.0	-2.0	-1.0	
1504796864009	2694089281990	40.0	-6.0	-2.0	-1.0	
1504796864027	2694109423591	40.0	-6.0	-2.0	-1.0	
1504796864047	2694129565193	40.0	-6.0	-2.0	-1.0	
1504796864063	2694149706794	40.0	-6.0	-2.0	-1.0	
1504796864085	2694169848396	40.0	-6.0	-2.0	-1.0	
1504796864115	2694189989997	40.0	-6.0	-2.0	-1.0	
1504796864137	2694210131599	40.0	-6.0	-2.0	-1.0	
1504796864152	2694230273201	40.0	-6.0	-2.0	-1.0	
1504796864174	2694250414802	40.0	-6.0	-2.0	-1.0	
1504796864186	2694270556404	40.0	-6.0	-2.0	-1.0	
1504796864206	2694290698005	40.0	-6.0	-2.0	-1.0	
1504796864221	2694310839607	40.0	-6.0	-2.0	-1.0	
1504796864257	2694330981208	40.0	-6.0	-2.0	-1.0	
1504796864273	2694351122810	40.0	-6.0	-2.0	-1.0	
1504796864290	2694371264411	40.0	-6.0	-2.0	-1.0	
1504796864309	2694391406013	40.0	-6.0	-2.0	-1.0	
1504796864326	2694411547615	40.0	-6.0	-2.0	-1.0	
1504796864344	2694431689216	40.0	-6.0	-2.0	-1.0	
1504796864366	2694451830818	40.0	-6.0	-2.0	-1.0	
1504796864397	2694471972419	40.0	-6.0	-2.0	-1.0	
1504796864415	2694492114021	40.0	-6.0	-2.0	-1.0	
1504796864434	2694512255622	40.0	-6.0	-2.0	-1.0	
1504796864450	2694532397224	40.0	-6.0	-2.0	-1.0	
1504796864468	2694552538826	40.0	-6.0	-2.0	-1.0	
1504796864487	2694572680427	40.0	-6.0	-2.0	-1.0	
1504796864503	2694592822029	40.0	-6.0	-2.0	-1.0	
1504796864538	2694612963630	40.0	-6.0	-2.0	-1.0	
1504796864556	2694633105232	40.0	-6.0	-2.0	-1.0	
1504796864575	2694653246833	40.0	-6.0	-2.0	-1.0	
1504796864590	2694673388435	40.0	-6.0	-2.0	-1.0	
1504796864608	2694693530036	40.0	-6.0	-2.0	-1.0	
1504796864626	2694713671638	40.0	-6.0	-2.0	-1.0	
1504796864644	2694733813240	40.0	-6.0	-2.0	-1.0	
1504796864678	2694753954841	40.0	-6.0	-2.0	-1.0	
1504796864697	2694774096443	40.0	-6.0	-2.0	-1.0	
1504796864715	2694794238044	40.0	-6.0	-2.0	-1.0	
1504796864731	2694814379646	40.0	-6.0	-2.0	-1.0	
1504796864749	2694834521247	40.0	-6.0	-2.0	-1.0	
1504796864768	2694854662849	40.0	-6.0	-2.0	-1.0	
1504796864784	2694874804451	40.0	-6.0	-2.0	-1.0	
1504796864819	2694894946052	40.0	-6.0	-2.0	-1.0	
1504796864839	2694915087654	40.0	-6.0	-2.0	-1.0	
1504796864854	2694935229255	40.0	-6.0	-2.0	-1.0	
1504796864873	2694955370857	40.0	-6.0	-2.0	-1.0	
1504796864891	2694975512458	40.0	-6.0	-2.0	-1.0	
1504796864907	2694995654060	40.0	-6.0	-2.0	-1.0	
1504796864925	2695015795661	40.0	-6.0	-2.0	-1.0	
1504796864960	2695035937263	40.0	-6.0	-2.0	-1.0	
1504796864978	2695056078865	40.0	-6.0	-2.0	-1.0	
1504796864996	2695076220466	40.0	-6.0	-2.0	-1.0	
1504796865014	2695096362068	40.0	-6.0	-2.0	-1.0	
1504796865031	2695116503669	40.0	-6.0	-2.0	-1.0	
1504796865051	2695136645271	40.0	-6.0	-2.0	-1.0	
1504796865067	2695156786872	40.0	-6.0	-2.0	-1.0	
1504796865102	2695176928474	40.0	-6.0	-2.0	-1.0	
1504796865121	2695197070076	40.0	-6.0	-2.0	-1.0	
1504796865137	2695217211677	40.0	-6.0	-2.0	-1.0	
1504796865156	2695237353279	40.0	-6.0	-2.0	-1.0	
1504796865174	2695257494880	40.0	-6.0	-2.0	-1.0	
1504796865193	2695277636482	40.0	-6.0	-2.0	-1.0	
1504796865206	2695297778083	39.022491455078125	-6.0	-2.0	-1.0	
1504796865243	2695317919685	39.0	-6.0	-2.0	-1.0	
1504796865263	2695338061286	39.0	-6.0	-2.0	-1.0	
1504796865280	2695358202888	39.0	-6.0	-2.0	-1.0	
1504796865296	2695378344490	39.0	-6.0	-2.0	-1.0	
1504796865315	2695398486091	39.0	-6.0	-2.0	-1.0	
1504796865330	2695418627693	39.0	-6.0	-2.0	-1.0	
1504796865349	2695438769294	39.0	-6.0	-2.0	-1.0	
1504796865385	2695458910896	39.0	-6.0	-2.0	-1.0	
1504796865402	2695479052497	39.0	-6.0	-2.0	-1.0	
1504796865420	2695499194099	39.0	-6.0	-2.0	-1.0	
1504796865436	2695519335701	39.0	-6.0	-2.0	-1.0	
1504796865454	2695539477302	39.0	-6.0	-2.0	-1.0	
1504796865472	2695559618904	39.0	-6.0	-2.0	-1.0	
1504796865490	2695579760505	39.0	-6.0	-2.0	-1.0	
1504796865524	2695599902107	39.0	-6.0	-2.0	-1.0	
1504796865543	2695620043708	39.0	-6.0	-2.0	-1.0	
1504796865561	2695640185310	39.0	-6.0	-2.0	-1.0	
1504796865578	2695660326911	39.0	-6.0	-2.0	-1.0	
1504796865595	2695680468513	39.0	-6.0	-2.0	-1.0	
1504796865613	2695700610115	39.0	-6.0	-2.0	-1.0	
1504796865631	2695720751716	39.0	-6.0	-2.0	-1.0	
1504796865665	2695740893318	39.0	-6.0	-2.0	-1.0	
1504796865684	2695761034919	39.0	-6.0	-2.0	-1.0	
1504796865702	2695781176521	39.0	-6.0	-2.0	-1.0	
1504796865718	2695801318122	39.0	-6.0	-2.0	-1.0	
1504796865736	2695821459724	39.0	-6.0	-2.0	-1.0	
1504796865754	2695841601326	39.0	-6.0	-2.0	-1.0	
1504796865772	2695861742927	39.0	-6.0	-2.0	-1.0	
1504796865807	2695881884529	39.0	-6.0	-2.0	-1.0	
1504796865825	2695902026130	39.0	-6.0	-2.0	-1.0	
1504796865842	2695922167732	39.0	-6.0	-2.0	-1.0	
1504796865860	2695942309333	39.0	-6.0	-2.0	-1.0	
1504796865877	2695962450935	39.0	-6.0	-2.0	-1.0	
1504796865897	2695982592536	39.0	-6.0	-2.0	-1.0	
1504796865913	2696002734138	39.0	-6.0	-2.0	-1.0	
1504796865948	2696022875740	39.0	-6.0	-2.0	-1.0	
1504796865966	2696043017341	39.0	-6.0	-2.0	-1.0	
1504796865983	2696063158943	39.0	-6.0	-2.0	-1.0	
1504796866005	2696083300544	39.0	-6.0	-2.0	-1.0	
1504796866020	2696103442146	39.0	-6.0	-2.0	-1.0	
1504796866037	2696123583747	39.0	-6.0	-2.0	-1.0	
1504796866055	2696143725349	39.0	-6.0	-2.0	-1.0	
1504796866088	2696163866951	39.0	-6.0	-2.0	-1.0	
1504796866106	2696184008552	39.0	-6.0	-2.0	-1.0	
1504796866124	2696204150154	39.0	-6.0	-2.0	-1.0	
1504796866142	2696224291755	39.0	-6.0	-2.0	-1.0	
1504796866162	2696244433357	39.0	-6.0	-2.0	-1.0	
1504796866179	2696264574958	39.0	-6.0	-2.0	-1.0	
1504796866193	2696284716560	39.0	-6.0	-2.0	-1.0	
1504796866231	2696304858161	39.0	-6.0	-2.0	-1.0	
1504796866249	2696324999763	39.0	-6.0	-2.0	-1.0	
1504796866277	2696345141365	39.0	-6.0	-2.0	-1.0	
1504796866283	2696365282966	39.0	-6.0	-2.0	-1.0	
1504796866300	2696385424568	39.0	-6.0	-2.0	-1.0	
1504796866319	2696405566169	39.0	-6.0	-2.0	-1.0	
1504796866335	2696425707771	39.0	-6.0	-2.0	-1.0	
1504796866373	2696445849372	40.0	-6.0	-2.0	-1.0	
1504796866389	2696465990974	40.0	-6.0	-2.0	-1.0	
1504796866409	2696486132576	40.0	-6.0	-2.0	-1.0	
1504796866426	2696506274177	40.0	-6.0	-2.0	-1.0	
1504796866441	2696526415779	40.0	-6.0	-2.0	-1.0	
1504796866459	2696546557380	40.0	-6.0	-2.0	-1.0	
1504796866477	2696566698982	39.02079772949219	-6.0	-2.0	-1.0	
1504796866511	2696586840583	39.0	-6.0	-2.0	-1.0	
1504796866529	2696606982185	39.0	-6.0	-2.0	-1.0	
1504796866546	2696627123786	39.40727233886719	-6.0	-2.0	-1.0	
1504796866565	2696647265388	40.0	-6.0	-2.0	-1.0	
1504796866583	2696667406990	40.0	-6.0	-2.0	-1.0	
1504796866600	2696687548591	40.0	-6.0	-2.0	-1.0	
1504796866617	2696707690193	40.0	-6.0	-2.0	-1.0	
1504796866652	2696727831794	40.0	-6.0	-2.0	-1.0	
1504796866670	2696747973396	40.0	-6.0	-2.0	-1.0	
1504796866705	2696768114997	40.0	-6.0	-2.0	-1.0	
1504796866711	2696788256599	40.0	-6.0	-2.0	-1.0	
1504796866723	2696808398201	40.0	-6.0	-2.0	-1.0	
1504796866741	2696828539802	39.16436767578125	-6.0	-2.0	-1.0	
1504796866760	2696848681404	39.0	-6.0	-2.0	-1.0	
1504796866796	2696868823005	40.0	-6.0	-2.0	-1.0	
1504796866811	2696888964607	40.0	-6.0	-2.0	-1.0	
1504796866831	2696909106208	40.0	-6.0	-2.0	-1.0	
1504796866847	2696929247810	40.0	-6.0	-2.0	-1.0	
1504796866864	2696949389411	40.0	-6.0	-2.0	-1.0	
1504796866888	2696969531013	40.0	-6.0	-2.0	-1.0	
1504796866901	2696989672615	40.0	-6.0	-2.0	-1.0	
1504796866934	2697009814216	40.0	-6.0	-2.0	-1.0	
1504796866954	2697029955818	40.0	-6.0	-2.0	-1.0	
1504796866970	2697050097419	40.0	-6.0	-2.0	-1.0	
1504796866988	2697070239021	40.0	-6.0	-2.0	-1.0	
1504796867005	2697090380622	40.0	-6.0	-2.0	-1.0	
1504796867022	2697110522224	40.0	-6.0	-2.0	-1.0	
1504796867041	2697130663826	40.0	-6.0	-2.0	-1.0	
1504796867075	2697150805427	40.0	-6.0	-2.0	-1.0	
1504796867107	2697170947029	40.0	-6.0	-2.0	-1.0	
1504796867111	2697191088630	40.0	-6.0	-2.0	-1.0	
1504796867130	2697211230232	40.0	-6.0	-2.0	-1.0	
1504796867145	2697231371833	40.0	-6.0	-2.0	-1.0	
1504796867166	2697251513435	40.0	-6.0	-2.0	-1.0	
1504796867183	2697271655036	40.0	-6.0	-2.0	-1.0	
1504796867217	2697291796638	40.0	-6.0	-2.0	-1.0	
1504796867234	2697311938240	40.0	-6.0	-2.0	-1.0	
1504796867252	2697332079841	40.0	-6.0	-2.0	-1.0	
1504796867270	2697352221443	40.0	-6.0	-2.0	-1.0	
