1504208843338	820465233254	4.7223052978515625	1.835235595703125	8.396392822265625	1.0	
1504208843357	820485374855	4.725128173828125	1.8335113525390625	8.395172119140625	1.0	
1504208843378	820505516457	4.7258148193359375	1.832183837890625	8.395095825195313	1.0	
1504208843394	820525658059	4.724334716796875	1.8304290771484375	8.396347045898438	1.0	
1504208843412	820545799660	4.7259674072265625	1.831329345703125	8.395187377929688	1.0	
1504208843432	820565941262	4.7314605712890625	1.8314056396484375	8.391998291015625	1.0	
1504208843464	820586082863	4.7288665771484375	1.8274078369140625	8.394332885742188	1.0	
1504208843483	820606224465	4.737884521484375	1.830108642578125	8.38873291015625	1.0	
1504208843499	820626366066	4.7498321533203125	1.8321380615234375	8.381454467773438	1.0	
1504208843517	820646507668	4.7526092529296875	1.82794189453125	8.380828857421875	1.0	
1504208843536	820666649270	4.748931884765625	1.8271331787109375	8.383087158203125	1.0	
1504208843552	820686790871	4.7504425048828125	1.828277587890625	8.38201904296875	1.0	
1504208843572	820706932473	4.7546234130859375	1.829620361328125	8.379348754882813	1.0	
1504208843608	820727074074	4.7484893798828125	1.825286865234375	8.3837890625	1.0	
1504208843625	820747215676	4.745361328125	1.826751708984375	8.385284423828125	1.0	
1504208843642	820767357277	4.7487945556640625	1.831695556640625	8.3822021484375	1.0	
1504208843660	820787498879	4.745574951171875	1.832855224609375	8.3837890625	1.0	
1504208843677	820807640480	4.739349365234375	1.8315277099609375	8.38763427734375	1.0	
1504208843696	820827782082	4.74041748046875	1.8343353271484375	8.386383056640625	1.0	
1504208843715	820847923684	4.744964599609375	1.8355712890625	8.383560180664063	1.0	
1504208843733	820868065285	4.7406768798828125	1.832916259765625	8.386505126953125	1.0	
1504208843767	820888206887	4.7372894287109375	1.833770751953125	8.388275146484375	1.0	
1504208843785	820908348488	4.743255615234375	1.83642578125	8.384353637695313	1.0	
1504208843803	820928490090	4.746490478515625	1.8394317626953125	8.381881713867188	1.0	
1504208843821	820948631691	4.7431488037109375	1.839569091796875	8.383712768554688	1.0	
1504208843841	820968773293	4.739501953125	1.84283447265625	8.385009765625	1.0	
1504208843863	820988935833	4.7357940673828125	1.84442138671875	8.386703491210938	1.0	
1504208843876	821009077434	4.7284088134765625	1.8446807861328125	8.390899658203125	1.0	
1504208843893	821029219036	4.7182159423828125	1.8455963134765625	8.3963623046875	1.0	
1504208843928	821049360637	4.7083587646484375	1.8484649658203125	8.4013671875	1.0	
1504208843946	821069502239	4.6941070556640625	1.84820556640625	8.4093017578125	1.0	
1504208843963	821089643840	4.676025390625	1.8481292724609375	8.419387817382813	1.0	
1504208843981	821109785442	4.6630706787109375	1.8514556884765625	8.425933837890625	1.0	
1504208843998	821129927043	4.6566314697265625	1.855010986328125	8.428695678710938	1.0	
1504208844017	821150068645	4.6556549072265625	1.8569183349609375	8.428802490234375	1.0	
1504208844034	821170210247	4.65142822265625	1.8624725341796875	8.42999267578125	1.0	
1504208844052	821190351848	4.6568756103515625	1.8624114990234375	8.426971435546875	1.0	
1504208844089	821210493450	4.6767730712890625	1.864105224609375	8.415481567382813	1.0	
1504208844109	821230635051	4.72003173828125	1.86785888671875	8.390472412109375	1.0	
1504208844124	821250776653	4.7747344970703125	1.87152099609375	8.358612060546875	1.0	
1504208844142	821270918254	4.8169097900390625	1.8712158203125	8.334503173828125	1.0	
1504208844161	821291059856	4.8505096435546875	1.869598388671875	8.315383911132813	1.0	
1504208844180	821311201458	4.8838958740234375	1.87103271484375	8.295440673828125	1.0	
1504208844196	821331343059	4.9221649169921875	1.8737030029296875	8.272171020507813	1.0	
1504208844213	821351484661	4.9525604248046875	1.8740997314453125	8.253936767578125	1.0	
1504208844231	821371626262	4.9717864990234375	1.8753662109375	8.242095947265625	1.0	
1504208844266	821391767864	4.9855194091796875	1.8749542236328125	8.233810424804688	1.0	
1504208844284	821411909465	4.9957733154296875	1.8752593994140625	8.227523803710938	1.0	
1504208844302	821432051067	4.9994659423828125	1.8770599365234375	8.2249755859375	1.0	
1504208844320	821452192668	4.9993896484375	1.878570556640625	8.224624633789063	1.0	
1504208844340	821472334270	4.996429443359375	1.8801422119140625	8.226028442382813	1.0	
1504208844355	821492475872	4.9928131103515625	1.8810272216796875	8.22808837890625	1.0	
1504208844376	821512617473	4.9945526123046875	1.88128662109375	8.226974487304688	1.0	
1504208844392	821532759075	5.001434326171875	1.880706787109375	8.222885131835938	1.0	
1504208844414	821552900676	5.00836181640625	1.883636474609375	8.217941284179688	1.0	
1504208844445	821573042278	5.0125732421875	1.8824920654296875	8.21563720703125	1.0	
1504208844462	821593183879	5.0160369873046875	1.8828887939453125	8.2135009765625	1.0	
1504208844480	821613325481	5.02105712890625	1.882476806640625	8.210525512695313	1.0	
1504208844500	821633467083	5.0254058837890625	1.881561279296875	8.208084106445313	1.0	
1504208844517	821653608684	5.02197265625	1.8799896240234375	8.210556030273438	1.0	
1504208844534	821673750286	5.0090789794921875	1.880340576171875	8.218292236328125	1.0	
1504208844556	821693891887	5.0006866455078125	1.8837127685546875	8.222702026367188	1.0	
1504208844570	821714033489	4.9918060302734375	1.88507080078125	8.227798461914063	1.0	
1504208844610	821734175090	4.9786224365234375	1.886016845703125	8.235443115234375	1.0	
1504208844624	821754316692	4.965576171875	1.885894775390625	8.243408203125	1.0	
1504208844641	821774458293	4.9612579345703125	1.886505126953125	8.245834350585938	1.0	
1504208844660	821794599895	4.9598388671875	1.887847900390625	8.24639892578125	1.0	
1504208844678	821814741497	4.96038818359375	1.88787841796875	8.246063232421875	1.0	
1504208844695	821834883098	4.9595947265625	1.8888092041015625	8.246261596679688	1.0	
1504208844715	821855024700	4.9572906494140625	1.8908843994140625	8.24725341796875	1.0	
1504208844731	821875166301	4.9520721435546875	1.8924102783203125	8.25	1.0	
1504208844748	821895307903	4.94342041015625	1.8934326171875	8.2550048828125	1.0	
1504208844785	821915449504	4.9350738525390625	1.8948974609375	8.259735107421875	1.0	
1504208844802	821935591106	4.931884765625	1.8963470458984375	8.261215209960938	1.0	
1504208844822	821955732708	4.9298858642578125	1.89593505859375	8.262557983398438	1.0	
1504208844837	821975874309	4.9284210205078125	1.894378662109375	8.263778686523438	1.0	
1504208844855	821996015911	4.927703857421875	1.8936614990234375	8.264328002929688	1.0	
1504208844874	822016157512	4.928192138671875	1.89422607421875	8.263931274414063	1.0	
1504208844891	822036299114	4.92645263671875	1.8952484130859375	8.264785766601563	1.0	
1504208844909	822056440715	4.9220733642578125	1.89434814453125	8.267532348632813	1.0	
1504208844945	822076582317	4.91851806640625	1.892913818359375	8.269973754882813	1.0	
1504208844962	822096723918	4.913116455078125	1.89276123046875	8.273147583007813	1.0	
1504208844983	822116865520	4.9082489013671875	1.8915252685546875	8.276351928710938	1.0	
1504208844998	822137007122	4.9067230224609375	1.891265869140625	8.277359008789063	1.0	
1504208845016	822157148723	4.9069976806640625	1.8914642333984375	8.277175903320313	1.0	
1504208845035	822177290325	4.907073974609375	1.8922119140625	8.27691650390625	1.0	
1504208845070	822197431926	4.900421142578125	1.89141845703125	8.281082153320313	1.0	
1504208845089	822217573528	4.8944244384765625	1.88970947265625	8.285018920898438	1.0	
1504208845107	822237715129	4.87506103515625	1.890625	8.296218872070313	1.0	
1504208845123	822257856731	4.848724365234375	1.8906402587890625	8.311614990234375	1.0	
1504208845142	822277998333	4.8203887939453125	1.8910675048828125	8.327987670898438	1.0	
1504208845160	822298139934	4.795562744140625	1.89276123046875	8.341873168945313	1.0	
1504208845198	822318281536	4.775604248046875	1.893646240234375	8.353134155273438	1.0	
1504208845213	822338423137	4.76519775390625	1.8944091796875	8.358978271484375	1.0	
1504208845230	822358564739	4.76678466796875	1.8917694091796875	8.358612060546875	1.0	
1504208845248	822378706340	4.766143798828125	1.8916168212890625	8.359024047851563	1.0	
1504208845268	822398847942	4.762176513671875	1.8904876708984375	8.361541748046875	1.0	
1504208845285	822418989543	4.7535400390625	1.8882293701171875	8.366973876953125	1.0	
1504208845304	822439131145	4.7459869384765625	1.8886566162109375	8.371261596679688	1.0	
1504208845338	822459272747	4.7433624267578125	1.8887176513671875	8.372573852539063	1.0	
1504208845358	822479414348	4.74761962890625	1.8887939453125	8.370208740234375	1.0	
1504208845373	822499555950	4.76080322265625	1.889007568359375	8.362640380859375	1.0	
1504208845394	822519697551	4.789337158203125	1.8880615234375	8.346572875976563	1.0	
1504208845412	822539839153	4.825836181640625	1.885772705078125	8.326019287109375	1.0	
1504208845431	822559980754	4.8481292724609375	1.884796142578125	8.313232421875	1.0	
1504208845448	822580122356	4.857086181640625	1.883544921875	8.308395385742188	1.0	
1504208845467	822600263958	4.8546905517578125	1.8843841552734375	8.309600830078125	1.0	
1504208845484	822620405559	4.8492279052734375	1.8882598876953125	8.3118896484375	1.0	
1504208845519	822640547161	4.84588623046875	1.889739990234375	8.3134765625	1.0	
1504208845537	822660688762	4.84039306640625	1.888580322265625	8.31683349609375	1.0	
1504208845553	822680830364	4.8365325927734375	1.8888092041015625	8.319091796875	1.0	
1504208845571	822700971965	4.8369903564453125	1.88995361328125	8.318572998046875	1.0	
1504208845588	822721113567	4.839630126953125	1.8923187255859375	8.316513061523438	1.0	
1504208845605	822741255168	4.8414306640625	1.8933563232421875	8.315277099609375	1.0	
1504208845626	822761396770	4.84002685546875	1.893951416015625	8.31597900390625	1.0	
1504208845642	822781538372	4.83599853515625	1.8944549560546875	8.318191528320313	1.0	
1504208845664	822801679973	4.8373870849609375	1.8955078125	8.317138671875	1.0	
1504208845682	822821821575	4.8608245849609375	1.8910369873046875	8.304443359375	1.0	
1504208845695	822841963176	4.8930816650390625	1.8824310302734375	8.28753662109375	1.0	
1504208845732	822862104778	4.911346435546875	1.87811279296875	8.277603149414063	1.0	
1504208845748	822882246379	4.8996124267578125	1.8908843994140625	8.2816162109375	1.0	
1504208845766	822902387981	4.888641357421875	1.8955841064453125	8.287017822265625	1.0	
1504208845785	822922529583	4.8974456787109375	1.8939208984375	8.282257080078125	1.0	
1504208845802	822942671184	4.914215087890625	1.8924560546875	8.27264404296875	1.0	
1504208845819	822962812786	4.9220123291015625	1.8938140869140625	8.267654418945313	1.0	
1504208845839	822982954387	4.9053802490234375	1.901885986328125	8.275772094726563	1.0	
1504208845855	823003095989	4.88568115234375	1.904937744140625	8.28668212890625	1.0	
1504208845891	823023237590	4.88421630859375	1.893829345703125	8.290008544921875	1.0	
1504208845910	823043379192	4.883209228515625	1.886688232421875	8.292221069335938	1.0	
1504208845928	823063520793	4.8767547607421875	1.8822174072265625	8.297103881835938	1.0	
1504208845946	823083662395	4.8773956298828125	1.880401611328125	8.29718017578125	1.0	
1504208845963	823103803997	4.8916778564453125	1.8831939697265625	8.288192749023438	1.0	
1504208845981	823123945598	4.9186248779296875	1.88433837890625	8.27191162109375	1.0	
1504208846001	823144087200	4.944580078125	1.882598876953125	8.25677490234375	1.0	
1504208846035	823164228801	4.949371337890625	1.8758697509765625	8.255538940429688	1.0	
1504208846053	823184370403	4.9418182373046875	1.8780059814453125	8.259490966796875	1.0	
1504208846070	823204512004	4.934814453125	1.8852996826171875	8.262039184570313	1.0	
1504208846091	823224653606	4.92547607421875	1.884857177734375	8.2677001953125	1.0	
1504208846110	823244795208	4.9158477783203125	1.8836212158203125	8.273712158203125	1.0	
1504208846123	823264936809	4.906585693359375	1.884033203125	8.27911376953125	1.0	
1504208846142	823285078411	4.8997802734375	1.8855133056640625	8.282699584960938	1.0	
1504208846178	823305220012	4.893463134765625	1.8852691650390625	8.286529541015625	1.0	
1504208846195	823325361614	4.8849334716796875	1.8858489990234375	8.291488647460938	1.0	
1504208846216	823345503215	4.8805694580078125	1.8868865966796875	8.293777465820313	1.0	
1504208846231	823365644817	4.8797454833984375	1.8875274658203125	8.294158935546875	1.0	
1504208846251	823385786418	4.880340576171875	1.8873443603515625	8.293899536132813	1.0	
1504208846268	823405928020	4.8816986083984375	1.8873291015625	8.293014526367188	1.0	
1504208846285	823426069622	4.881927490234375	1.88812255859375	8.292617797851563	1.0	
1504208846305	823446211223	4.8785400390625	1.888275146484375	8.294662475585938	1.0	
1504208846338	823466352825	4.877960205078125	1.88909912109375	8.294784545898438	1.0	
1504208846355	823486494426	4.878814697265625	1.8895721435546875	8.294204711914063	1.0	
1504208846377	823506636028	4.8802490234375	1.889129638671875	8.293502807617188	1.0	
1504208846391	823526777629	4.883209228515625	1.88970947265625	8.29156494140625	1.0	
1504208846410	823546919231	4.8863067626953125	1.8905487060546875	8.28955078125	1.0	
1504208846429	823567060833	4.88677978515625	1.89007568359375	8.28936767578125	1.0	
1504208846445	823587202434	4.8840179443359375	1.8924560546875	8.290451049804688	1.0	
1504208846482	823607344036	4.878021240234375	1.89410400390625	8.293609619140625	1.0	
1504208846500	823627485637	4.8703155517578125	1.8943634033203125	8.298187255859375	1.0	
1504208846517	823647627239	4.8577728271484375	1.89556884765625	8.30523681640625	1.0	
1504208846539	823667768840	4.853179931640625	1.895599365234375	8.307952880859375	1.0	
1504208846555	823687910442	4.86041259765625	1.8961029052734375	8.3035888671875	1.0	
1504208846572	823708052043	4.8656768798828125	1.89398193359375	8.3009033203125	1.0	
1504208846591	823728193645	4.8748931884765625	1.893341064453125	8.295654296875	1.0	
1504208846623	823748335247	4.8691558837890625	1.897491455078125	8.298110961914063	1.0	
1504208846641	823768476848	4.866729736328125	1.896148681640625	8.299774169921875	1.0	
1504208846659	823788618450	4.879241943359375	1.8953094482421875	8.292755126953125	1.0	
1504208846678	823808760051	4.896331787109375	1.89703369140625	8.282272338867188	1.0	
1504208846696	823828901653	4.8974151611328125	1.900115966796875	8.280929565429688	1.0	
1504208846713	823849043254	4.892974853515625	1.895751953125	8.284561157226563	1.0	
1504208846731	823869184856	4.8948516845703125	1.889495849609375	8.284774780273438	1.0	
1504208846769	823889326458	4.89019775390625	1.8897705078125	8.287506103515625	1.0	
1504208846784	823909468059	4.869476318359375	1.890960693359375	8.299453735351563	1.0	
1504208846802	823929609661	4.8477935791015625	1.893890380859375	8.311416625976563	1.0	
1504208846820	823949751262	4.842529296875	1.8943328857421875	8.314407348632813	1.0	
1504208846838	823969892864	4.843719482421875	1.8943328857421875	8.313735961914063	1.0	
1504208846857	823990034465	4.8434295654296875	1.8955841064453125	8.313613891601563	1.0	
1504208846874	824010176067	4.847564697265625	1.8929901123046875	8.311813354492188	1.0	
1504208846893	824030317668	4.85894775390625	1.8865966796875	8.306472778320313	1.0	
1504208846928	824050459270	4.8601531982421875	1.8831787109375	8.306671142578125	1.0	
1504208846949	824070600872	4.8413238525390625	1.8841552734375	8.317367553710938	1.0	
1504208846963	824090742473	4.8262786865234375	1.890167236328125	8.324737548828125	1.0	
1504208846981	824110884075	4.818206787109375	1.8893280029296875	8.3297119140625	1.0	
1504208846999	824131025676	4.8132171630859375	1.8888092041015625	8.33270263671875	1.0	
1504208847018	824151167278	4.8093109130859375	1.8897247314453125	8.334686279296875	1.0	
1504208847035	824171308879	4.80706787109375	1.89129638671875	8.335647583007813	1.0	
1504208847072	824191450481	4.80462646484375	1.892578125	8.33673095703125	1.0	
1504208847089	824211592083	4.7990875244140625	1.8924407958984375	8.340011596679688	1.0	
1504208847106	824231733684	4.790496826171875	1.8947601318359375	8.34442138671875	1.0	
1504208847125	824251875286	4.7858428955078125	1.895416259765625	8.346878051757813	1.0	
1504208847142	824272016887	4.7860565185546875	1.8962554931640625	8.3465576171875	1.0	
1504208847161	824292158489	4.789947509765625	1.89599609375	8.344406127929688	1.0	
1504208847180	824312300090	4.79473876953125	1.8957061767578125	8.34173583984375	1.0	
1504208847196	824332441692	4.79473876953125	1.8958892822265625	8.341644287109375	1.0	
1504208847236	824352583293	4.7927398681640625	1.8941192626953125	8.34332275390625	1.0	
1504208847249	824372724895	4.793365478515625	1.894866943359375	8.342758178710938	1.0	
1504208847268	824392866497	4.794952392578125	1.8961944580078125	8.341506958007813	1.0	
1504208847285	824413008098	4.7910003662109375	1.895263671875	8.34393310546875	1.0	
1504208847304	824433149700	4.7785186767578125	1.8954010009765625	8.351089477539063	1.0	
1504208847321	824453291301	4.76654052734375	1.8956451416015625	8.35797119140625	1.0	
1504208847340	824473432903	4.7668609619140625	1.89324951171875	8.358352661132813	1.0	
1504208847358	824493574504	4.779296875	1.8923187255859375	8.351470947265625	1.0	
1504208847397	824513716106	4.768585205078125	1.9045257568359375	8.354644775390625	1.0	
1504208847410	824533857708	4.7774810791015625	1.914886474609375	8.347198486328125	1.0	
1504208847433	824553999309	4.7830810546875	1.930023193359375	8.340469360351563	1.0	
1504208847445	824574140911	4.78253173828125	1.9242706298828125	8.3421630859375	1.0	
1504208847462	824594282512	4.783111572265625	1.9115753173828125	8.344802856445313	1.0	
1504208847480	824614424114	4.7755889892578125	1.9065399169921875	8.350234985351563	1.0	
1504208847499	824634565715	4.7688446044921875	1.902587890625	8.355026245117188	1.0	
1504208847516	824654707317	4.774200439453125	1.8994293212890625	8.3526611328125	1.0	
1504208847553	824674848918	4.784454345703125	1.9001312255859375	8.346603393554688	1.0	
1504208847570	824694990520	4.796051025390625	1.902191162109375	8.33953857421875	1.0	
1504208847588	824715132122	4.8057708740234375	1.9024200439453125	8.333847045898438	1.0	
1504208847606	824735273723	4.81085205078125	1.9034881591796875	8.330734252929688	1.0	
1504208847623	824755415325	4.805999755859375	1.9051361083984375	8.333114624023438	1.0	
1504208847642	824775556926	4.794891357421875	1.906646728515625	8.339111328125	1.0	
1504208847663	824795698528	4.782196044921875	1.9082183837890625	8.34600830078125	1.0	
1504208847680	824815840129	4.7779388427734375	1.910736083984375	8.347915649414063	1.0	
1504208847717	824835981731	4.774200439453125	1.913238525390625	8.3494873046875	1.0	
1504208847731	824856123333	4.76519775390625	1.92352294921875	8.35223388671875	1.0	
1504208847749	824876264934	4.7606964111328125	1.9338531494140625	8.352462768554688	1.0	
1504208847767	824896406536	4.7991485595703125	1.937591552734375	8.329498291015625	1.0	
1504208847785	824916548137	4.8507080078125	1.9462738037109375	8.29754638671875	1.0	
1504208847803	824936689739	4.891387939453125	1.9462127685546875	8.273696899414063	1.0	
1504208847822	824956831340	4.837371826171875	1.90655517578125	8.31439208984375	1.0	
1504208847838	824976972942	4.712188720703125	1.79461669921875	8.410675048828125	1.0	
1504208847876	824997114543	4.5714263916015625	1.61236572265625	8.524627685546875	1.0	
1504208847892	825017256145	4.474884033203125	1.398193359375	8.61297607421875	1.0	
1504208847910	825037397747	4.38458251953125	1.1878509521484375	8.690399169921875	1.0	
1504208847928	825057539348	4.2930145263671875	0.9773101806640625	8.762008666992188	1.0	
1504208847946	825077680950	4.1867523193359375	0.780517578125	8.832870483398438	1.0	
1504208847964	825097822551	4.0765228271484375	0.5942535400390625	8.898712158203125	1.0	
1504208847983	825117964153	3.95074462890625	0.4175872802734375	8.965377807617188	1.0	
1504208847999	825138105754	3.8239898681640625	0.2693023681640625	9.025970458984375	1.0	
1504208848017	825158247356	3.7033843994140625	0.1753387451171875	9.078720092773438	1.0	
1504208848054	825178388958	3.7596282958984375	0.294586181640625	9.051727294921875	1.0	
1504208848071	825198530559	3.917388916015625	0.6263427734375	8.966751098632813	1.0	
1504208848088	825218672161	3.95440673828125	1.063629150390625	8.908111572265625	1.0	
1504208848106	825238813762	3.8222503662109375	1.5302886962890625	8.897628784179688	1.0	
1504208848124	825258955364	3.5391845703125	1.9264984130859375	8.937957763671875	1.0	
1504208848144	825279096965	3.175384521484375	2.201446533203125	9.011474609375	1.0	
1504208848160	825299238567	2.709747314453125	2.393096923828125	9.114364624023438	1.0	
1504208848178	825319380168	2.286041259765625	2.49688720703125	9.20355224609375	1.0	
1504208848213	825339521770	1.9393463134765625	2.6121826171875	9.250778198242188	1.0	
1504208848233	825359663372	1.657623291015625	2.653839111328125	9.293304443359375	1.0	
1504208848248	825379804973	1.3533782958984375	2.6854705810546875	9.332839965820313	1.0	
1504208848267	825399946575	0.9931488037109375	2.8071441650390625	9.34161376953125	1.0	
1504208848284	825420088176	0.4635009765625	2.895751953125	9.353378295898438	1.0	
1504208848304	825440229778	-0.111358642578125	2.7888336181640625	9.398361206054688	1.0	
1504208848320	825460371379	-0.3961181640625	2.5902252197265625	9.449493408203125	1.0	
1504208848338	825480512981	-0.5862884521484375	2.4412689208984375	9.47967529296875	1.0	
1504208848374	825500654583	-0.668914794921875	2.40557861328125	9.483306884765625	1.0	
1504208848392	825520796184	-0.7610626220703125	2.4123077392578125	9.474609375	1.0	
1504208848410	825540937786	-0.89068603515625	2.4096832275390625	9.46392822265625	1.0	
1504208848428	825561079387	-1.0343475341796875	2.323150634765625	9.470458984375	1.0	
1504208848445	825581220989	-1.2695465087890625	2.0713958740234375	9.498931884765625	1.0	
1504208848465	825601362590	-1.383941650390625	1.6274261474609375	9.568801879882813	1.0	
1504208848481	825621504192	-0.744598388671875	1.473480224609375	9.662704467773438	1.0	
1504208848500	825641645793	-0.39910888671875	1.624847412109375	9.66259765625	1.0	
1504208848535	825661787395	-0.6435699462890625	1.5830535888671875	9.6551513671875	1.0	
1504208848553	825681928997	-1.1313018798828125	1.4504241943359375	9.632415771484375	1.0	
1504208848571	825702070598	-1.1168060302734375	1.5540618896484375	9.617752075195313	1.0	
1504208848588	825722212200	-0.951446533203125	1.5771331787109375	9.631561279296875	1.0	
1504208848606	825742353801	-0.4754486083984375	1.3726043701171875	9.692184448242188	1.0	
1504208848626	825762495403	-0.184783935546875	1.1718292236328125	9.734359741210938	1.0	
1504208848643	825782637004	-0.606842041015625	1.10223388671875	9.723617553710938	1.0	
1504208848660	825802778606	-0.860076904296875	1.035308837890625	9.71368408203125	1.0	
1504208848696	825822920208	-0.724761962890625	1.038726806640625	9.72406005859375	1.0	
1504208848715	825843061809	-0.457763671875	1.05841064453125	9.738449096679688	1.0	
1504208848733	825863203411	-0.4783477783203125	1.0690460205078125	9.73577880859375	1.0	
1504208848749	825883345012	-0.7728729248046875	1.0511322021484375	9.71807861328125	1.0	
1504208848767	825903486614	-0.986846923828125	1.0007781982421875	9.705215454101563	1.0	
1504208848786	825923628215	-0.740966796875	0.948486328125	9.730743408203125	1.0	
1504208848803	825943769817	-0.1392059326171875	0.9160614013671875	9.760223388671875	1.0	
1504208848821	825963911418	0.0410919189453125	0.895294189453125	9.76556396484375	1.0	
1504208848856	825984053020	-0.3692779541015625	0.8800811767578125	9.759201049804688	1.0	
1504208848875	826004194622	-0.816497802734375	0.849609375	9.7354736328125	1.0	
1504208848892	826024336223	-0.78961181640625	0.83514404296875	9.737960815429688	1.0	
1504208848911	826044477825	-0.396728515625	0.8293609619140625	9.761199951171875	1.0	
1504208848928	826064619426	-0.1360015869140625	0.8126678466796875	9.7718505859375	1.0	
1504208848947	826084761028	-0.3335418701171875	0.799957275390625	9.767120361328125	1.0	
1504208848963	826104902629	-0.6847991943359375	0.7750091552734375	9.751205444335938	1.0	
1504208848981	826125044231	-0.7357025146484375	0.7625274658203125	9.749114990234375	1.0	
1504208849026	826145185833	-0.4325103759765625	0.7615966796875	9.76708984375	1.0	
1504208849034	826165327434	-0.1629486083984375	0.7271728515625	9.778030395507813	1.0	
1504208849054	826185469036	-0.2378692626953125	0.4880523681640625	9.788543701171875	1.0	
1504208849070	826205610637	-0.6210174560546875	0.17938232421875	9.782943725585938	1.0	
1504208849088	826225752239	-0.77752685546875	0.314544677734375	9.76947021484375	1.0	
1504208849108	826245893840	-0.321929931640625	0.4005889892578125	9.789520263671875	1.0	
1504208849124	826266035442	-0.0638580322265625	0.2113189697265625	9.80364990234375	1.0	
1504208849142	826286177043	-0.341705322265625	0.260223388671875	9.796829223632813	1.0	
1504208849178	826306318645	-0.75469970703125	0.394989013671875	9.769454956054688	1.0	
1504208849195	826326460247	-0.6717376708984375	0.293304443359375	9.777755737304688	1.0	
1504208849215	826346601848	-0.2681884765625	0.22576904296875	9.799530029296875	1.0	
1504208849233	826366743450	-0.1796722412109375	0.3070526123046875	9.799713134765625	1.0	
1504208849249	826386885051	-0.50103759765625	0.2573089599609375	9.788223266601563	1.0	
1504208849269	826407026653	-0.72576904296875	0.227569580078125	9.77691650390625	1.0	
1504208849285	826427168254	-0.4969329833984375	0.292724609375	9.788803100585938	1.0	
1504208849303	826447309856	-0.1955413818359375	0.265960693359375	9.800750732421875	1.0	
1504208849338	826467451458	-0.3260955810546875	0.192169189453125	9.7989501953125	1.0	
1504208849356	826487593059	-0.65533447265625	0.26263427734375	9.781051635742188	1.0	
1504208849376	826507734661	-0.6464996337890625	0.279937744140625	9.780517578125	1.0	
1504208849391	826527876262	-0.3717041015625	0.217559814453125	9.79632568359375	-1.0	
1504208849408	826548017864	-0.2737579345703125	0.216094970703125	9.800262451171875	-1.0	
1504208849427	826568159465	-0.498138427734375	0.250335693359375	9.789794921875	-1.0	
1504208849444	826588301067	-0.6615753173828125	0.22265625	9.781570434570313	-1.0	
1504208849462	826608442668	-0.46685791015625	0.203521728515625	9.79315185546875	-1.0	
1504208849498	826628584270	-0.234893798828125	0.2157745361328125	9.801300048828125	-1.0	
1504208849516	826648725872	-0.367523193359375	0.2018890380859375	9.797164916992188	-1.0	
1504208849535	826668867473	-0.5953521728515625	0.1990966796875	9.786361694335938	-1.0	
1504208849551	826689009075	-0.5495147705078125	0.21087646484375	9.788406372070313	-1.0	
1504208849570	826709150676	-0.3450164794921875	0.1908721923828125	9.798248291015625	-1.0	
1504208849587	826729292278	-0.3095855712890625	0.182220458984375	9.799911499023438	-1.0	
1504208849608	826749433879	-0.50323486328125	0.19683837890625	9.791244506835938	-1.0	
1504208849623	826769575481	-0.58782958984375	0.18731689453125	9.787078857421875	-1.0	
1504208849659	826789717083	-0.4086456298828125	0.1725006103515625	9.796493530273438	-1.0	
1504208849677	826809858684	-0.2757415771484375	0.1682891845703125	9.801239013671875	-1.0	
1504208849695	826830000286	-0.380767822265625	0.16778564453125	9.797348022460938	-1.0	
1504208849712	826850141887	-0.5250396728515625	0.1698150634765625	9.791000366210938	-1.0	
1504208849730	826870283489	-0.4525299072265625	0.1662445068359375	9.794342041015625	-1.0	
1504208849748	826890425090	-0.3008575439453125	0.1518707275390625	9.8006591796875	-1.0	
1504208849766	826910566692	-0.333831787109375	0.1492919921875	9.799667358398438	-1.0	
1504208849788	826930708293	-0.4842376708984375	0.16131591796875	9.793182373046875	-1.0	
1504208849820	826950849895	-0.4415435791015625	0.1442718505859375	9.795486450195313	-1.0	
1504208849837	826970991497	-0.23779296875	0.1294708251953125	9.802825927734375	-1.0	
1504208849856	826991133098	-0.25579833984375	0.151123046875	9.801681518554688	-1.0	
1504208849873	827011274700	-0.4618072509765625	0.1439971923828125	9.794296264648438	-1.0	
1504208849891	827031416301	-0.510711669921875	0.145782470703125	9.792083740234375	-1.0	
1504208849909	827051557903	-0.3340606689453125	0.1505126953125	9.79925537109375	-1.0	
1504208849926	827071699504	-0.24609375	0.1268157958984375	9.802688598632813	-1.0	
1504208849944	827091841106	-0.389404296875	0.15411376953125	9.797531127929688	-1.0	
1504208849980	827111982708	-0.4984893798828125	0.224639892578125	9.791305541992188	-1.0	
1504208849998	827132124309	-0.395538330078125	0.2042388916015625	9.79632568359375	-1.0	
1504208850017	827152265911	-0.3425445556640625	0.1474609375	9.799423217773438	-1.0	
1504208850034	827172407512	-0.3833465576171875	0.1357574462890625	9.798065185546875	-1.0	
1504208850052	827192549114	-0.3326873779296875	0.147735595703125	9.799713134765625	-1.0	
1504208850070	827212690715	-0.3143463134765625	0.145721435546875	9.800460815429688	-1.0	
1504208850087	827232832317	-0.3413848876953125	0.141693115234375	9.799560546875	-1.0	
1504208850105	827252973918	-0.3061981201171875	0.1705169677734375	9.80023193359375	-1.0	
1504208850140	827273115520	-0.3147430419921875	0.2581939697265625	9.798095703125	-1.0	
1504208850158	827293257122	-0.366607666015625	0.22271728515625	9.797103881835938	-1.0	
1504208850177	827313398723	-0.416748046875	0.124664306640625	9.796859741210938	-1.0	
1504208850196	827333540325	-0.36114501953125	0.1081085205078125	9.799179077148438	-1.0	
1504208850215	827353681926	-0.298004150390625	0.123016357421875	9.801254272460938	-1.0	
1504208850230	827373823528	-0.3624114990234375	0.09466552734375	9.799392700195313	-1.0	
1504208850268	827393965129	-0.36676025390625	0.09478759765625	9.79931640625	-1.0	
1504208850284	827414106731	-0.2879791259765625	0.1073760986328125	9.801712036132813	-1.0	
1504208850301	827434248333	-0.3340606689453125	0.08770751953125	9.800491333007813	-1.0	
1504208850319	827454389934	-0.3406982421875	0.0921173095703125	9.800201416015625	-1.0	
1504208850337	827474531536	-0.29156494140625	0.091156005859375	9.801803588867188	-1.0	
1504208850355	827494673137	-0.32867431640625	0.0751190185546875	9.800765991210938	-1.0	
1504208850373	827514814739	-0.3284759521484375	0.0837554931640625	9.800643920898438	-1.0	
1504208850408	827534956340	-0.284332275390625	0.080169677734375	9.802154541015625	-1.0	
1504208850427	827555097942	-0.3119964599609375	0.06884765625	9.801345825195313	-1.0	
1504208850445	827575239543	-0.29449462890625	0.073822021484375	9.801849365234375	-1.0	
1504208850462	827595381145	-0.28515625	0.07794189453125	9.802154541015625	-1.0	
1504208850480	827615522747	-0.28424072265625	0.0936279296875	9.802001953125	-1.0	
1504208850498	827635664348	-0.281036376953125	0.1049957275390625	9.802001953125	-1.0	
1504208850533	827655805950	-0.2783660888671875	0.1051177978515625	9.802001953125	-1.0	
1504208850551	827675947551	-0.2713775634765625	0.1002349853515625	9.802276611328125	-1.0	
1504208850570	827696089153	-0.2746124267578125	0.1075286865234375	9.802108764648438	-1.0	
1504208850587	827716230754	-0.2729949951171875	0.108184814453125	9.8021240234375	-1.0	
1504208850605	827736372356	-0.2650146484375	0.0954742431640625	9.802459716796875	-1.0	
1504208850622	827756513958	-0.2637481689453125	0.0909576416015625	9.802597045898438	-1.0	
1504208850642	827776655559	-0.2741241455078125	0.108551025390625	9.802139282226563	-1.0	
1504208850659	827796797161	-0.288604736328125	0.141754150390625	9.80126953125	-1.0	
1504208850676	827816938762	-0.3053131103515625	0.1842193603515625	9.80010986328125	-1.0	
1504208850695	827837080364	-0.2998199462890625	0.2530059814453125	9.798736572265625	-1.0	
1504208850718	827857221965	-0.3428802490234375	0.2428436279296875	9.797622680664063	-1.0	
1504208850730	827877363567	-0.38092041015625	0.180694580078125	9.797515869140625	-1.0	
1504208850749	827897505168	-0.3674774169921875	0.143890380859375	9.798660278320313	-1.0	
1504208850799	827917646770	-0.3674468994140625	0.1445465087890625	9.798660278320313	1.0	
1504208850809	827937788372	-0.382049560546875	0.138702392578125	9.798095703125	1.0	
1504208850827	827957929973	-0.399444580078125	0.1413421630859375	9.797393798828125	1.0	
1504208850851	827978071575	-0.4063873291015625	0.14227294921875	9.797119140625	1.0	
1504208850861	827998213176	-0.403900146484375	0.141998291015625	9.797256469726563	1.0	
1504208850874	828018354778	-0.3956756591796875	0.1385650634765625	9.797607421875	1.0	
1504208850892	828038496379	-0.391937255859375	0.1351470947265625	9.797805786132813	1.0	
1504208850929	828058637981	-0.3813323974609375	0.13885498046875	9.798171997070313	1.0	
1504208850951	828078779583	-0.367645263671875	0.1428985595703125	9.798690795898438	1.0	
1504208850970	828098921184	-0.3489837646484375	0.1463775634765625	9.799270629882813	4.0	
1504208850985	828119062786	-0.3195343017578125	0.1502838134765625	9.800155639648438	4.0	
1504208851001	828139204387	-0.2982940673828125	0.161407470703125	9.800735473632813	4.0	
1504208851016	828159345989	-0.2597808837890625	0.165252685546875	9.801773071289063	4.0	
1504208851053	828179487590	-0.199615478515625	0.1580810546875	9.803298950195313	4.0	
1504208851071	828199629192	-0.1202850341796875	0.15789794921875	9.80450439453125	4.0	
1504208851089	828219770793	-0.0111846923828125	0.1468048095703125	9.80535888671875	4.0	
1504208851118	828239912395	0.0848236083984375	0.1287689208984375	9.805267333984375	4.0	
1504208851128	828260053997	0.132659912109375	0.0951690673828125	9.805145263671875	4.0	
1504208851143	828280195598	0.1449127197265625	0.0338287353515625	9.805404663085938	4.0	
1504208851177	828300337200	0.12969970703125	-0.0302276611328125	9.805587768554688	4.0	
1504208851195	828320478801	0.0919342041015625	-0.0509033203125	9.805938720703125	4.0	
1504208851213	828340620403	0.049407958984375	-0.0658416748046875	9.806198120117188	4.0	
1504208851233	828360762004	0.0380096435546875	-0.098358154296875	9.80596923828125	4.0	
1504208851250	828380903606	0.061004638671875	-0.1204986572265625	9.805633544921875	4.0	
1504208851267	828401045208	0.0832366943359375	-0.1216278076171875	9.805496215820313	4.0	
1504208851285	828421186809	0.0997161865234375	-0.12054443359375	9.805343627929688	4.0	
1504208851304	828441328411	0.0933074951171875	-0.1193695068359375	9.805404663085938	4.0	
1504208851320	828461470012	0.0026397705078125	-0.0829315185546875	9.806137084960938	4.0	
1504208851340	828481611614	-0.2342376708984375	0.0085296630859375	9.803192138671875	4.0	
1504208851357	828501753215	-0.5431976318359375	0.0991668701171875	9.7904052734375	4.0	
1504208851381	828521894817	-0.6479644775390625	0.0914764404296875	9.78466796875	4.0	
1504208851417	828542036418	-0.64056396484375	0.066162109375	9.785415649414063	4.0	
1504208851433	828562178020	-0.6254730224609375	0.06439208984375	9.786346435546875	4.0	
1504208851451	828582319622	-0.62200927734375	0.050872802734375	9.786651611328125	4.0	
1504208851469	828602461223	-0.6050262451171875	0.0531005859375	9.787765502929688	4.0	
1504208851490	828622602825	-0.5521697998046875	0.07965087890625	9.7906494140625	4.0	
1504208851505	828642744426	-0.5213775634765625	0.099578857421875	9.792144775390625	4.0	
1504208851523	828662886028	-0.4985809326171875	0.1050567626953125	9.79327392578125	4.0	
1504208851559	828683027629	-0.3979339599609375	0.1020050048828125	9.797866821289063	4.0	
1504208851577	828703169231	-0.3014984130859375	0.1128692626953125	9.80133056640625	4.0	
1504208851594	828723310833	-0.33966064453125	0.0868988037109375	9.800064086914063	4.0	
1504208851612	828743452434	-0.3458709716796875	-0.0346527099609375	9.800094604492188	4.0	
1504208851629	828763594036	-0.09869384765625	-0.0594329833984375	9.8048095703125	4.0	
1504208851648	828783735637	0.0631561279296875	-0.0769805908203125	9.806045532226563	4.0	
1504208851669	828803877239	-0.1110687255859375	-0.117095947265625	9.80487060546875	4.0	
1504208851684	828824018840	-0.293365478515625	-0.0813446044921875	9.801742553710938	4.0	
1504208851720	828844160442	-0.0651092529296875	-0.0980377197265625	9.8055419921875	4.0	
1504208851737	828864302043	0.172943115234375	-0.1455078125	9.803955078125	4.0	
1504208851755	828884443645	0.120941162109375	-0.1231231689453125	9.804702758789063	4.0	
1504208851772	828904585247	-0.025604248046875	-0.0973663330078125	9.80596923828125	4.0	
1504208851790	828924726848	0.02685546875	-0.09527587890625	9.8057861328125	4.0	
1504208851808	828944868450	0.210479736328125	-0.0823822021484375	9.803619384765625	4.0	
1504208851827	828965010051	0.254302978515625	-0.0762786865234375	9.802902221679688	4.0	
1504208851844	828985151653	0.1198577880859375	-0.04742431640625	9.805740356445313	4.0	
1504208851881	829005293254	0.17596435546875	0.0039215087890625	9.804931640625	4.0	
1504208851900	829025434856	0.2890777587890625	0.003753662109375	9.802337646484375	4.0	
1504208851915	829045576458	0.2889556884765625	-0.0094451904296875	9.802337646484375	4.0	
1504208851933	829065718059	0.2673492431640625	0.00701904296875	9.802902221679688	4.0	
1504208851953	829085859661	0.2734222412109375	0.02880859375	9.802703857421875	4.0	
1504208851969	829106001262	0.21905517578125	0.0074310302734375	9.8040771484375	4.0	
1504208851988	829126142864	0.2087860107421875	0.00927734375	9.804275512695313	4.0	
1504208852023	829146284465	0.2310943603515625	0.0420684814453125	9.803787231445313	4.0	
1504208852041	829166426067	0.23223876953125	0.0225982666015625	9.8037109375	4.0	
1504208852058	829186567668	0.194122314453125	-0.0149383544921875	9.804534912109375	4.0	
1504208852077	829206709270	0.0963897705078125	-0.04296875	9.805984497070313	4.0	
1504208852096	829226850872	0.0312347412109375	-0.0647125244140625	9.806350708007813	4.0	
1504208852114	829246992473	0.041168212890625	-0.0722198486328125	9.806243896484375	4.0	
1504208852130	829267134075	0.0910491943359375	-0.0778961181640625	9.805831909179688	4.0	
1504208852150	829287275676	0.1065673828125	-0.07470703125	9.805740356445313	4.0	
1504208852186	829307417278	0.0297698974609375	-0.0826416015625	9.806182861328125	4.0	
1504208852201	829327558879	0.0155487060546875	-0.094757080078125	9.806045532226563	4.0	
1504208852219	829347700481	0.025970458984375	-0.090911865234375	9.806076049804688	4.0	
1504208852237	829367842083	-0.0369415283203125	-0.096405029296875	9.805999755859375	4.0	
1504208852256	829387983684	-0.0880889892578125	-0.1049041748046875	9.805648803710938	4.0	
1504208852273	829408125286	-0.0621490478515625	-0.0981903076171875	9.805892944335938	4.0	
1504208852291	829428266887	0.04437255859375	-0.0948638916015625	9.805908203125	4.0	
1504208852310	829448408489	0.1254730224609375	-0.10528564453125	9.805191040039063	4.0	
1504208852345	829468550090	0.1337738037109375	-0.0995025634765625	9.805099487304688	4.0	
1504208852364	829488691692	0.18182373046875	-0.09661865234375	9.804336547851563	4.0	
1504208852380	829508833293	0.1949615478515625	-0.09521484375	9.804183959960938	4.0	
1504208852398	829528974895	0.1825103759765625	-0.0962066650390625	9.804397583007813	4.0	
1504208852416	829549116497	0.1708831787109375	-0.1011810302734375	9.8045654296875	4.0	
1504208852434	829569258098	0.1672821044921875	-0.10321044921875	9.804595947265625	4.0	
1504208852451	829589399700	0.167388916015625	-0.1057281494140625	9.804550170898438	4.0	
1504208852471	829609541301	0.1617584228515625	-0.1073760986328125	9.8046875	4.0	
1504208852505	829629682903	0.1609344482421875	-0.1034393310546875	9.804702758789063	4.0	
1504208852525	829649824504	0.1642303466796875	-0.1019287109375	9.804702758789063	4.0	
1504208852541	829669966106	0.1669158935546875	-0.100860595703125	9.804641723632813	4.0	
1504208852559	829690107708	0.1710662841796875	-0.0998687744140625	9.804550170898438	4.0	
1504208852577	829710249309	0.175018310546875	-0.0988922119140625	9.804550170898438	4.0	
1504208852594	829730390911	0.1773223876953125	-0.0970611572265625	9.804550170898438	4.0	
1504208852613	829750532512	0.1708526611328125	-0.0408935546875	9.804916381835938	4.0	
1504208852631	829770674114	0.166778564453125	-0.0762481689453125	9.804840087890625	4.0	
1504208852672	829790815715	0.17352294921875	-0.0973663330078125	9.804519653320313	4.0	
1504208852686	829810957317	0.1940765380859375	-0.08935546875	9.804244995117188	4.0	
1504208852702	829831098918	0.1884765625	-0.092376708984375	9.804290771484375	4.0	
1504208852722	829851240520	0.1885986328125	-0.0902099609375	9.8043212890625	4.0	
1504208852739	829871382122	0.1876373291015625	-0.0909881591796875	9.804336547851563	4.0	
1504208852755	829891523723	0.1849517822265625	-0.089202880859375	9.804397583007813	4.0	
1504208852773	829911665325	0.18505859375	-0.0903472900390625	9.804397583007813	4.0	
1504208852792	829931806926	0.18890380859375	-0.090240478515625	9.804397583007813	4.0	
1504208852828	829951948528	0.1888275146484375	-0.0885467529296875	9.804367065429688	4.0	
1504208852849	829972090129	0.1893157958984375	-0.0908203125	9.804275512695313	4.0	
1504208852864	829992231731	0.177520751953125	-0.0910186767578125	9.804550170898438	4.0	
1504208852881	830012373333	0.13616943359375	-0.09185791015625	9.805130004882813	4.0	
1504208852902	830032514934	0.040130615234375	-0.0880279541015625	9.805908203125	4.0	
1504208852917	830052656536	-0.068756103515625	-0.0818328857421875	9.80584716796875	4.0	
1504208852935	830072798137	-0.0330657958984375	-0.0958404541015625	9.805999755859375	4.0	
1504208852971	830092939739	0.0545196533203125	-0.0963592529296875	9.805892944335938	4.0	
1504208852989	830113081340	-0.0057373046875	-0.0916900634765625	9.80615234375	4.0	
1504208853007	830133222942	-0.0631866455078125	-0.0888214111328125	9.805923461914063	4.0	
1504208853024	830153364543	-0.021881103515625	-0.0891876220703125	9.80609130859375	4.0	
1504208853041	830173506145	0.006439208984375	-0.0875244140625	9.806198120117188	4.0	
1504208853061	830193647747	-0.0283966064453125	-0.0861358642578125	9.80609130859375	4.0	
1504208853086	830213789348	-0.0296783447265625	-0.0889129638671875	9.80615234375	4.0	
1504208853098	830233930950	0.0030975341796875	-0.09100341796875	9.806198120117188	4.0	
1504208853131	830254072551	-0.0175933837890625	-0.0908355712890625	9.806182861328125	4.0	
1504208853149	830274214153	-0.0269775390625	-0.0913238525390625	9.806060791015625	4.0	
1504208853166	830294355754	-0.0080718994140625	-0.091949462890625	9.806198120117188	4.0	
1504208853184	830314497356	-0.0131378173828125	-0.0909423828125	9.806198120117188	4.0	
1504208853202	830334638958	-0.0170135498046875	-0.0867156982421875	9.806198120117188	4.0	
1504208853221	830354780559	-0.0121002197265625	-0.0859832763671875	9.806198120117188	4.0	
1504208853238	830374922161	-0.0206756591796875	-0.0831146240234375	9.806198120117188	4.0	
1504208853257	830395063762	-0.0263824462890625	-0.08203125	9.806198120117188	4.0	
1504208853275	830415205364	-0.0166015625	-0.08575439453125	9.806198120117188	4.0	
1504208853291	830435346965	-0.0146942138671875	-0.0856170654296875	9.806198120117188	4.0	
1504208853328	830455488567	-0.0268096923828125	-0.0868377685546875	9.806198120117188	4.0	
