1504795897720	1727795939006	355.0	-45.0	-6.0	-1.0	
1504795897732	1727816080607	355.0	-45.0	-6.0	-1.0	
1504795897769	1727836222209	355.0	-45.0	-6.0	-1.0	
1504795897785	1727856363810	355.0	-45.0	-6.0	-1.0	
1504795897806	1727876505412	355.0	-45.0	-6.0	-1.0	
1504795897822	1727896647013	355.0	-45.0	-6.0	-1.0	
1504795897840	1727916788615	355.0	-45.0	-6.0	-1.0	
1504795897863	1727936930217	355.0	-45.0	-6.0	-1.0	
1504795897875	1727957071818	355.0	-45.0	-6.0	-1.0	
1504795897919	1727977213420	355.0	-44.91050720214844	-6.0	-1.0	
1504795897927	1727997355021	355.0	-44.0	-6.0	-1.0	
1504795897961	1728017496623	355.0	-44.0	-6.0	-1.0	
1504795897966	1728037638224	355.0	-44.0	-6.0	-1.0	
1504795897979	1728057779826	355.0	-44.0	-5.364898681640625	-1.0	
1504795897997	1728077921428	355.0	-44.0	-5.0	-1.0	
1504795898014	1728098063029	355.0	-44.0	-5.0	-1.0	
1504795898049	1728118204631	355.0	-44.0	-5.0	-1.0	
1504795898066	1728138346232	355.0	-44.0	-5.0	-1.0	
1504795898084	1728158487834	355.0	-44.0	-5.0	-1.0	
1504795898110	1728178629435	355.0	-44.0	-5.0	-1.0	
1504795898121	1728198771037	355.0	-44.0	-5.0	-1.0	
1504795898137	1728218912638	355.0	-44.0	-5.0	-1.0	
1504795898157	1728239054240	355.0	-44.0	-5.0	-1.0	
1504795898175	1728259195842	355.0	-44.0	-5.0	-1.0	
1504795898226	1728279337443	355.0	-44.0	-5.0	-1.0	
1504795898236	1728299479045	354.72930908203125	-44.0	-5.0	-1.0	
1504795898251	1728319620646	354.0	-44.0	-5.0	-1.0	
1504795898263	1728339762248	354.0	-44.0	-5.0	-1.0	
1504795898278	1728359903849	354.0	-43.32014465332031	-5.0	-1.0	
1504795898296	1728380045451	354.0	-43.0	-5.0	-1.0	
1504795898313	1728400187053	354.0	-43.0	-5.0	-1.0	
1504795898349	1728420328654	354.0	-42.91050720214844	-5.0	-1.0	
1504795898367	1728440470256	354.0	-42.0	-5.0	-1.0	
1504795898385	1728460611857	354.0	-42.0	-5.3614349365234375	-1.0	
1504795898410	1728480753459	354.0	-41.50172424316406	-6.0	-1.0	
1504795898429	1728500895060	354.0	-41.0	-6.635101318359375	-1.0	
1504795898440	1728521036662	354.0	-41.0	-7.7710723876953125	-1.0	
1504795898456	1728541178263	354.0	-41.0	-8.90704345703125	-1.0	
1504795898490	1728561319865	354.0	-41.0430908203125	-8.9569091796875	-1.0	
1504795898512	1728581461467	354.0	-42.0	-7.8192901611328125	-1.0	
1504795898530	1728601603068	354.3166809082031	-41.683319091796875	-6.683319091796875	-1.0	
1504795898543	1728621744670	355.0	-41.0	-5.547332763671875	-1.0	
1504795898562	1728641886271	354.411376953125	-41.0	-5.0	-1.0	
1504795898579	1728662027873	353.2741394042969	-40.274139404296875	-4.274139404296875	-1.0	
1504795898596	1728682169474	352.1376953125	-40.0	-4.0	-1.0	
1504795898613	1728702311076	350.0034484863281	-40.0	-3.0017242431640625	-1.0	
1504795898650	1728722452678	348.8657531738281	-38.865753173828125	-2.865753173828125	-1.0	
1504795898668	1728742594279	347.72979736328125	-37.72978210449219	-1.7297821044921875	-1.0	
1504795898684	1728762735881	347.0	-36.593109130859375	-1.0	-1.0	
1504795898702	1728782877482	346.45611572265625	-35.45611572265625	-0.45611572265625	-1.0	
1504795898722	1728803019084	345.32012939453125	-33.640289306640625	0.0	-1.0	
1504795898736	1728823160685	345.0	-32.184173583984375	0.0	-1.0	
1504795898754	1728843302287	344.0482177734375	-31.048202514648438	0.9517974853515625	-1.0	
1504795898789	1728863443888	342.9105224609375	-29.910507202148438	2.0	-1.0	
1504795898808	1728883585490	342.0	-28.7745361328125	2.2254638671875	-1.0	
1504795898826	1728903727092	341.6385498046875	-27.638565063476563	3.0	-1.0	
1504795898848	1728923868693	341.0	-27.0	3.497406005859375	-1.0	
1504795898863	1728944010295	341.0	-26.365524291992188	4.0	-1.0	
1504795898879	1728964151896	341.0	-26.0	4.0	-1.0	
1504795898896	1728984293498	340.09295654296875	-26.0	4.0	-1.0	
1504795898932	1729004435099	340.0	-25.0	4.0	-1.0	
1504795898948	1729024576701	339.8206787109375	-24.820693969726563	3.8206939697265625	-1.0	
1504795898967	1729044718303	339.0	-24.0	3.0	-1.0	
1504795898984	1729064859904	339.0	-24.0	2.547332763671875	-1.0	
1504795899003	1729085001506	339.0	-24.0	2.0	-1.0	
1504795899018	1729105143107	338.275390625	-24.0	1.275390625	-1.0	
1504795899037	1729125284709	338.0	-24.0	0.137939453125	-1.0	
1504795899056	1729145426310	338.0	-24.0	0.0	-1.0	
1504795899090	1729165567912	338.1342468261719	-24.0	0.0	-1.0	
1504795899110	1729185709513	339.0	-24.0	0.0	-1.0	
1504795899125	1729205851115	339.40618896484375	-24.0	0.40618896484375	-1.0	
1504795899143	1729225992717	340.0	-24.0	1.5430908203125	-1.0	
1504795899160	1729246134318	340.67987060546875	-23.320144653320313	2.0	-1.0	
1504795899181	1729266275920	341.0	-22.184173583984375	2.0	-1.0	
1504795899196	1729286417521	341.0	-20.096405029296875	2.0	-1.0	
1504795899230	1729306559123	341.0879211425781	-17.82415771484375	3.0	-1.0	
1504795899251	1729326700724	342.2254638671875	-15.549072265625	3.0	-1.0	
1504795899265	1729346842326	343.3614501953125	-13.638565063476563	3.0	-1.0	
1504795899288	1729366961401	344.4974060058594	-13.0	3.0	-1.0	
1504795899301	1729387103002	345.63336181640625	-13.0	2.3666229248046875	-1.0	
1504795899318	1729407244604	346.0	-13.770675659179688	2.0	-1.0	
1504795899337	1729427386205	346.90704345703125	-14.90704345703125	1.09295654296875	-1.0	
1504795899371	1729447527807	347.0	-16.086029052734375	0.9569854736328125	-1.0	
1504795899389	1729467669408	347.0	-18.179000854492188	0.0	-1.0	
1504795899407	1729487811010	347.0	-19.315505981445313	0.0	-1.0	
1504795899426	1729507952611	347.4526672363281	-20.452667236328125	0.0	-1.0	
1504795899441	1729528094213	348.0	-21.0	-0.5886383056640625	-1.0	
1504795899460	1729548235815	348.724609375	-20.275390625	-1.0	-1.0	
1504795899482	1729568377416	349.0	-20.0	-1.0	-1.0	
1504795899502	1729588519018	349.0	-20.0	-1.0	-1.0	
1504795899530	1729608660619	350.0	-19.0	0.0	-1.0	
1504795899553	1729628802221	350.0	-19.0	0.0	-1.0	
1504795899572	1729648943822	350.0	-19.0	0.0	-1.0	
1504795899582	1729669085424	350.0	-19.0	0.0	-1.0	
1504795899601	1729689227026	350.0	-19.0	0.0	-1.0	
1504795899618	1729709368627	350.0	-19.0	-0.815826416015625	-1.0	
1504795899637	1729729510229	350.0	-19.0	-1.0	-1.0	
1504795899679	1729749651830	349.0	-19.0	-1.0	-1.0	
1504795899689	1729769793432	349.0	-19.0	-0.7758636474609375	-1.0	
1504795899707	1729789935033	349.3614501953125	-19.0	0.0	-1.0	
1504795899728	1729810076635	350.0	-19.0	0.0	-1.0	
1504795899742	1729830218236	350.0	-19.0	0.0	-1.0	
1504795899760	1729850359838	350.0	-19.0	0.0	-1.0	
1504795899776	1729870501440	350.0	-19.0	0.0	-1.0	
1504795899812	1729890643041	350.0	-19.0	0.0	-1.0	
1504795899830	1729910784643	350.0	-19.0	-0.2239532470703125	-1.0	
1504795899847	1729930926244	350.0	-19.0	-1.0	-1.0	
1504795899864	1729951067846	350.0	-19.0	-1.0	-1.0	
1504795899884	1729971209447	350.0	-19.0	-0.3420257568359375	-1.0	
1504795899900	1729991351049	350.0	-18.197586059570313	0.0	-1.0	
1504795899917	1730011492651	350.0	-18.0	0.0	-1.0	
1504795899953	1730031634252	351.0	-17.0	0.0	-1.0	
1504795899971	1730051775854	351.0	-16.763900756835938	-0.2360992431640625	-1.0	
1504795899988	1730071917455	351.0	-15.618728637695313	-1.0	-1.0	
1504795900007	1730092059057	351.0	-15.0	-1.0	-1.0	
1504795900025	1730112200658	351.0	-14.329299926757813	-1.0	-1.0	
1504795900044	1730132342260	351.0	-14.0	-1.0	-1.0	
1504795900062	1730152483861	351.0	-14.0	-1.0	-1.0	
1504795900096	1730172625463	351.0	-14.0	-1.0	-1.0	
1504795900112	1730192767065	351.0	-14.249557495117188	-1.0	-1.0	
1504795900128	1730212908666	351.0	-15.0	-1.0	-1.0	
1504795900148	1730233050268	351.0	-15.0	-1.0	-1.0	
1504795900167	1730253191869	351.0	-15.682830810546875	-1.0	-1.0	
1504795900184	1730273333471	351.0	-16.0	-1.0	-1.0	
1504795900201	1730293475072	351.9722595214844	-16.0	-1.0	-1.0	
1504795900239	1730313616674	352.0	-16.0	-1.0	-1.0	
1504795900254	1730333758276	352.0	-16.0	-1.0	-1.0	
1504795900270	1730353899877	352.0	-16.0	-0.59375	-1.0	
1504795900289	1730374041479	352.5511169433594	-15.448883056640625	0.0	-1.0	
1504795900308	1730394183080	353.0	-15.0	0.0	-1.0	
1504795900326	1730414324682	353.84027099609375	-15.0	0.84027099609375	-1.0	
1504795900340	1730434466283	354.0	-14.015609741210938	1.0	-1.0	
1504795900377	1730454607885	354.0	-13.870025634765625	1.0	-1.0	
1504795900393	1730474749486	354.0	-13.0	1.0	-1.0	
1504795900412	1730494891088	354.0	-13.0	1.0	-1.0	
1504795900429	1730515032690	354.0	-13.0	1.0	-1.0	
1504795900446	1730535174291	354.0	-13.0	1.0	-1.0	
1504795900464	1730555315893	354.0	-13.852676391601563	1.8526763916015625	-1.0	
1504795900482	1730575457494	354.0	-14.0	2.0	-1.0	
1504795900517	1730595599096	354.0	-15.0	2.0	-1.0	
1504795900538	1730615740697	354.0	-15.0	2.0	-1.0	
1504795900552	1730635882299	354.0	-15.431533813476563	2.4315338134765625	-1.0	
1504795900573	1730656023901	354.0	-16.0	3.0	-1.0	
1504795900589	1730676165502	354.0	-16.0	3.0	-1.0	
1504795900605	1730696307104	354.0	-16.0	3.0	-1.0	
1504795900641	1730716448705	354.0	-15.0	3.0	-1.0	
1504795900658	1730736590307	354.0	-15.0	3.0	-1.0	
1504795900679	1730756731908	354.0	-15.0	3.2985992431640625	-1.0	
1504795900694	1730776873510	354.44366455078125	-15.0	4.0	-1.0	
1504795900711	1730797015111	355.0	-15.0	4.0	-1.0	
1504795900730	1730817156713	355.73309326171875	-15.0	4.0	-1.0	
1504795900753	1730837298315	356.0	-15.0	3.1230621337890625	-1.0	
1504795900782	1730857439916	357.0	-14.0	2.0	-1.0	
1504795900802	1730877581518	357.1663818359375	-14.0	1.8336334228515625	-1.0	
1504795900817	1730897723119	358.3107604980469	-14.0	1.0	-1.0	
1504795900834	1730917864721	195.36949157714844	-14.0	1.4557952880859375	-1.0	
1504795900852	1730938006322	0.6006927490234375	-14.0	2.0	-1.0	
1504795900870	1730958147924	1.0	-14.0	1.2547760009765625	-1.0	
1504795900888	1730978289526	1.889068603515625	-14.0	1.0	-1.0	
1504795900923	1730998431127	2.0	-14.0	0.9653472900390625	-1.0	
1504795900940	1731018572729	2.0	-14.0	0.0	-1.0	
1504795900958	1731038714330	2.3240814208984375	-14.324081420898438	0.0	-1.0	
1504795900975	1731058855932	3.0	-15.0	0.0	-1.0	
1504795901004	1731078997533	3.0	-15.0	0.0	-1.0	
1504795901012	1731099139135	2.242645263671875	-15.0	0.0	-1.0	
1504795901032	1731119280736	2.0	-15.0	0.0	-1.0	
1504795901066	1731139422338	2.0	-15.0	0.0	-1.0	
1504795901083	1731159563940	1.8090362548828125	-15.0	0.1909637451171875	-1.0	
1504795901099	1731179705541	1.0	-15.0	1.0	-1.0	
1504795901116	1731199847143	1.0	-15.0	1.0	-1.0	
1504795901134	1731219988744	1.0	-15.0	1.0	-1.0	
1504795901152	1731240130346	1.0	-15.0	1.0	-1.0	
1504795901169	1731260271947	1.0	-15.0	1.0	-1.0	
1504795901206	1731280413549	1.0	-15.0	1.0	-1.0	
1504795901223	1731300555151	1.0	-15.0	1.0	-1.0	
1504795901239	1731320696752	1.0	-15.0	1.0	-1.0	
1504795901259	1731340838354	1.4930419921875	-15.0	1.0	-1.0	
1504795901274	1731360979955	2.0	-15.0	1.0	-1.0	
1504795901296	1731381121557	2.0	-15.0	1.0	-1.0	
1504795901310	1731401263158	2.0	-15.0	1.0	-1.0	
1504795901345	1731421404760	1.9288330078125	-16.0	1.0	-1.0	
1504795901365	1731441546361	1.0	-16.0	1.0	-1.0	
1504795901384	1731461687963	1.0	-16.0	1.0	-1.0	
1504795901401	1731481829565	1.0	-16.0	1.0	-1.0	
1504795901417	1731501971166	1.0	-16.0	1.0	-1.0	
1504795901436	1731522112768	1.0	-16.0	1.795135498046875	-1.0	
1504795901453	1731542254369	1.0	-16.0	2.0	-1.0	
1504795901487	1731562395971	1.0849151611328125	-16.0	1.9150848388671875	-1.0	
1504795901504	1731582537572	2.0	-16.0	1.0	-1.0	
1504795901522	1731602679174	2.0	-16.0	1.0	-1.0	
1504795901539	1731622820776	2.0	-16.0	1.0	-1.0	
1504795901558	1731642962377	2.0	-16.0	1.0	-1.0	
1504795901579	1731663103979	2.0	-16.0	1.0	-1.0	
1504795901602	1731683245580	2.0	-16.0	1.0	-1.0	
1504795901628	1731703387182	2.0	-16.0	1.0	-1.0	
1504795901645	1731723528783	2.0	-16.0	1.0	-1.0	
1504795901663	1731743670385	2.0	-16.0	1.0	-1.0	
1504795901681	1731763811986	2.0	-16.0	1.0	-1.0	
1504795901698	1731783953588	2.0	-16.0	1.0	-1.0	
1504795901716	1731804095190	2.0	-16.0	1.0	-1.0	
1504795901733	1731824236791	2.0	-16.0	1.0	-1.0	
1504795901772	1731844378393	2.0	-16.0	1.0	-1.0	
1504795901790	1731864519994	2.0	-16.0	1.0	-1.0	
1504795901804	1731884661596	2.0	-16.0	1.0	-1.0	
1504795901824	1731904803197	2.0	-16.0	1.0	-1.0	
1504795901844	1731924944799	2.0	-16.0	1.0	-1.0	
1504795901860	1731945086401	2.0	-16.0	1.0	-1.0	
1504795901874	1731965228002	2.0	-16.0	1.0	-1.0	
1504795901910	1731985369604	2.0	-16.0	1.12152099609375	-1.0	
1504795901926	1732005511205	2.0	-16.0	2.0	-1.0	
1504795901948	1732025652807	2.0	-16.0	2.0	-1.0	
1504795901962	1732045794408	2.0	-16.0	2.0	-1.0	
1504795901980	1732065936010	2.0	-16.0	2.0	-1.0	
1504795902001	1732086077611	2.0	-16.0	2.0	-1.0	
1504795902015	1732106219213	1.010406494140625	-16.0	2.989593505859375	-1.0	
1504795902052	1732126360815	1.0	-17.0	3.0	-1.0	
1504795902069	1732146502416	1.0	-17.0	3.0	-1.0	
1504795902085	1732166644018	1.0	-17.0	3.0	-1.0	
1504795902105	1732186785619	1.0	-17.568450927734375	3.0	-1.0	
1504795902123	1732206927221	1.0	-18.0	3.0	-1.0	
1504795902141	1732227068822	1.0	-18.0	3.0	-1.0	
1504795902174	1732247210424	1.0	-18.0	3.0	-1.0	
1504795902192	1732267352026	1.0	-18.0	3.0	-1.0	
1504795902209	1732287493627	1.0	-18.0	3.0	-1.0	
1504795902226	1732307635229	1.0	-18.435760498046875	3.0	-1.0	
1504795902244	1732327776830	1.0	-18.419418334960938	3.0	-1.0	
1504795902263	1732347918432	0.2743072509765625	-18.0	3.0	-1.0	
1504795902280	1732368060033	0.0	-18.0	3.0	-1.0	
1504795902315	1732388201635	0.0	-18.0	3.0	-1.0	
1504795902332	1732408343236	0.1594390869140625	-18.0	3.0	-1.0	
1504795902350	1732428484838	1.0	-18.0	3.0	-1.0	
1504795902384	1732448626440	0.5511322021484375	-18.0	3.0	-1.0	
1504795902385	1732468768041	0.0	-18.0	3.0	-1.0	
1504795902403	1732488909643	0.0	-18.0	3.0	-1.0	
1504795902426	1732509051244	0.0	-18.0	3.0	-1.0	
1504795902456	1732529192846	0.0277252197265625	-18.0	3.0	-1.0	
1504795902474	1732549334447	1.0	-18.0	3.0	-1.0	
1504795902494	1732569476049	1.0	-18.0	3.0	-1.0	
1504795902509	1732589617651	1.0	-18.0	3.0	-1.0	
1504795902546	1732609759252	1.0	-17.39410400390625	3.0	5.0	
1504795902562	1732629900854	1.0	-17.0	3.0	5.0	
1504795902571	1732650042455	1.0	-17.0	3.0	5.0	
1504795902598	1732670184057	1.0	-17.0	3.0	5.0	
1504795902615	1732690325658	1.0	-17.0	3.0	5.0	
1504795902635	1732710467260	1.0	-17.0	3.0	5.0	
1504795902657	1732730608861	1.0	-17.0	3.0	5.0	
1504795902669	1732750750463	1.0	-17.0	3.6180419921875	5.0	
1504795902692	1732770892065	1.0	-17.0	4.0	5.0	
