1504203041423	411571765078	331.0	-26.0	-2.237518310546875	95.0	
1504203041442	411591906679	331.0	-26.0	-3.0	95.0	
1504203041460	411612048281	331.0	-26.512054443359375	-3.0	95.0	
1504203041476	411632189883	331.0	-27.0	-3.0	95.0	
1504203041493	411652331484	330.21343994140625	-27.0	-3.0	95.0	
1504203041528	411672473086	330.0	-27.0	-3.0	95.0	
1504203041550	411692614687	330.0	-26.0	-4.0	95.0	
1504203041564	411712756289	330.0	-26.0	-4.198272705078125	95.0	
1504203041581	411732897890	330.0	-26.0	-5.0	95.0	
1504203041599	411753039492	330.0	-26.0	-5.0	95.0	
1504203041617	411773181093	330.0	-26.0	-5.0	95.0	
1504203041634	411793322695	330.0	-26.0	-5.0	95.0	
1504203041652	411813464297	330.0	-26.0	-5.0	95.0	
1504203041688	411833605898	330.0	-26.0	-5.0	95.0	
1504203041705	411853747500	330.0	-26.0	-5.0	95.0	
1504203041725	411873889101	329.70172119140625	-26.0	-5.0	95.0	
1504203041741	411894030703	329.0	-26.0	-5.0	95.0	
1504203041758	411914172304	329.0	-26.0	-5.0	95.0	
1504203041777	411934313906	329.0	-26.0	-5.0	95.0	
1504203041793	411954455508	329.0	-26.8482666015625	-5.0	95.0	
1504203041812	411974597109	329.0	-27.0	-5.0	95.0	
1504203041846	411994738711	329.0	-27.0	-5.0	95.0	
1504203041864	412014880312	329.0	-27.0	-5.0	95.0	
1504203041886	412035021914	329.0	-27.0	-5.0	95.0	
1504203041899	412055163515	329.0	-27.0	-5.0	95.0	
1504203041916	412075305117	329.0	-27.0	-5.0	95.0	
1504203041935	412095446718	329.0	-27.0	-5.0	95.0	
1504203041951	412115588320	329.0	-27.0	-5.0	95.0	
1504203041987	412135729922	329.0	-27.0	-5.08447265625	95.0	
1504203042004	412155871523	329.0	-26.777969360351563	-6.0	95.0	
1504203042022	412176013125	329.0	-26.0	-6.0	95.0	
1504203042041	412196154726	329.0	-26.496551513671875	-6.0	95.0	
1504203042057	412216296328	329.0	-27.0	-6.0	95.0	
1504203042075	412236437929	329.0	-27.0	-6.0	95.0	
1504203042092	412256579531	329.0	-27.0	-6.0	95.0	
1504203042128	412276721133	329.0	-27.0	-6.0	95.0	
1504203042147	412296862734	329.0	-27.0	-6.0	95.0	
1504203042163	412317004336	329.0	-27.0	-5.6793212890625	95.0	
1504203042180	412337145937	329.0	-27.0	-5.0	95.0	
1504203042199	412357287539	329.0	-27.0	-5.0	95.0	
1504203042216	412377429140	329.0	-27.0	-5.0	95.0	
1504203042234	412397570742	329.0	-27.0	-5.0	95.0	
1504203042268	412417712343	329.0	-27.0	-5.0	95.0	
1504203042286	412437853945	329.0	-27.0	-5.0	95.0	
1504203042305	412457995547	329.0	-27.0	-5.0	95.0	
1504203042324	412478137148	329.0	-27.0	-5.0	95.0	
1504203042339	412498278750	329.0	-27.0	-5.0	95.0	
1504203042358	412518420351	329.0	-27.0	-5.0	95.0	
1504203042374	412538561953	329.0	-27.0	-5.0	95.0	
1504203042393	412558703554	329.0	-27.0	-5.0	95.0	
1504203042427	412578845156	329.0	-26.893112182617188	-6.0	95.0	
1504203042445	412598986758	329.0	-26.0	-6.0	95.0	
1504203042463	412619128359	328.617919921875	-26.0	-6.0	95.0	
1504203042480	412639269961	328.0	-26.0	-6.518951416015625	95.0	
1504203042498	412659411562	328.0	-26.0	-7.0	95.0	
1504203042515	412679553164	328.0	-26.0	-7.0	95.0	
1504203042533	412699694765	328.0	-26.0	-7.0	95.0	
1504203042571	412719836367	328.0	-26.0	-7.0	95.0	
1504203042586	412739977968	328.0	-26.0	-7.0	95.0	
1504203042603	412760119570	328.0	-26.0	-7.0	95.0	
1504203042622	412780261172	328.0	-26.0	-7.0	95.0	
1504203042639	412800402773	328.0	-26.0	-7.0	95.0	
1504203042656	412820544375	328.0	-26.0	-7.0	95.0	
1504203042674	412840685976	327.0069580078125	-26.0	-7.0	95.0	
1504203042709	412860827578	327.0	-26.140869140625	-7.0	95.0	
1504203042730	412880969179	327.0	-27.0	-7.0	95.0	
1504203042745	412901110781	327.0	-27.0	-7.0	95.0	
1504203042762	412921252383	327.0	-27.0	-7.0	95.0	
1504203042782	412941393984	327.0	-27.0	-7.0	95.0	
1504203042798	412961535586	327.0	-27.0	-7.0	95.0	
1504203042834	412981677187	327.0	-27.0	-7.0	95.0	
1504203042851	413001818789	327.0	-27.0	-7.0	95.0	
1504203042868	413021960390	327.0	-27.0	-7.0	95.0	
1504203042886	413042101992	327.0	-27.0	-7.0	95.0	
1504203042903	413062243593	327.0	-27.0	-7.0	95.0	
1504203042921	413082385195	327.0	-27.0	-7.0	95.0	
1504203042939	413102526797	327.0	-27.0	-7.0	95.0	
1504203042974	413122668398	327.06793212890625	-27.0	-6.93206787109375	95.0	
1504203042992	413142810000	328.0	-27.0	-6.0	95.0	
1504203043009	413162951601	328.0	-27.0	-6.0	95.0	
1504203043027	413183093203	328.0	-27.0	-6.0	95.0	
1504203043045	413203234804	328.0	-27.0	-6.0	95.0	
1504203043064	413223376406	328.0	-27.0	-6.0	95.0	
1504203043080	413243518008	328.0	-27.0	-6.0	95.0	
1504203043115	413263659609	328.0	-27.0	-6.0	95.0	
1504203043132	413283801211	328.0	-27.0	-6.0	95.0	
1504203043151	413303942812	328.0	-27.0	-6.0	95.0	
1504203043168	413324084414	328.0	-27.0	-6.0	95.0	
1504203043185	413344226015	328.0	-27.0	-6.0	95.0	
1504203043204	413364367617	328.0	-27.0	-6.0	95.0	
1504203043220	413384509218	328.0	-27.0	-6.0	95.0	
1504203043256	413404650820	327.0	-27.0	-6.0	95.0	
1504203043273	413424792422	327.0	-27.0	-6.0	95.0	
1504203043291	413444934023	327.0	-27.0	-6.0	95.0	
1504203043309	413465075625	327.0	-27.0	-6.0	95.0	
1504203043330	413485217226	327.0	-27.0	-6.0	95.0	
1504203043344	413505358828	327.0	-27.0	-6.0	95.0	
1504203043379	413525500429	327.0	-27.0	-6.0347747802734375	95.0	
1504203043397	413545642031	327.0	-27.0	-7.0	95.0	
1504203043415	413565783633	327.0	-27.0	-7.0	95.0	
1504203043432	413585925234	327.0	-27.0	-7.0	95.0	
1504203043449	413606066836	327.0	-27.0	-7.0	95.0	
1504203043468	413626208437	327.0	-27.0	-6.2243499755859375	95.0	
1504203043485	413646350039	327.0	-27.0	-6.0	95.0	
1504203043520	413666491640	327.0	-27.0	-5.0	95.0	
1504203043538	413686633242	327.2208557128906	-27.0	-5.0	95.0	
1504203043555	413706774843	327.6313171386719	-27.0	-5.0	95.0	
1504203043585	413726916445	327.0	-27.0	-5.0	95.0	
1504203043596	413747058047	327.0	-27.0	-5.0	95.0	
1504203043610	413767199648	327.0	-27.0	-5.0	95.0	
1504203043628	413787341250	327.0	-27.0	-5.0	95.0	
1504203043661	413807482851	327.0	-27.0	-5.0	95.0	
1504203043679	413827624453	327.0	-27.0	-5.0	95.0	
1504203043697	413847766054	327.0	-27.0	-5.0	95.0	
1504203043715	413867907656	327.0	-27.0	-5.0	95.0	
1504203043733	413888049258	327.0	-27.0	-5.0	95.0	
1504203043749	413908190859	327.0	-27.0	-5.0	95.0	
1504203043767	413928332461	327.0	-27.0	-5.0	95.0	
1504203043802	413948474062	327.0	-27.0	-5.1478118896484375	95.0	
1504203043820	413968615664	327.0	-27.0	-6.0	95.0	
1504203043838	413988757265	327.0	-27.0	-6.0	95.0	
1504203043856	414008898867	327.0	-27.0	-6.0	95.0	
1504203043873	414029040468	327.0	-27.0	-6.0	95.0	
1504203043891	414049182070	327.0	-27.0	-6.0	95.0	
1504203043926	414069323672	327.0	-27.0	-5.0	95.0	
1504203043943	414089465273	327.0	-26.813919067382813	-5.0	95.0	
1504203043962	414109606875	327.33392333984375	-26.333908081054688	-5.0	95.0	
1504203043979	414129748476	328.0	-27.0	-5.0	95.0	
1504203043997	414149890078	328.0	-27.0	-5.0	95.0	
1504203044015	414170031679	328.0	-27.0	-5.0	95.0	
1504203044032	414190173281	328.0	-27.0	-5.0	95.0	
1504203044066	414210314883	327.0	-27.0	-5.0	95.0	
1504203044084	414230456484	327.0	-27.0	-4.775665283203125	95.0	
1504203044102	414250598086	327.0	-27.0	-4.0	95.0	
1504203044120	414270739687	327.0	-27.0	-4.0	95.0	
1504203044137	414290881289	327.0	-27.0	-4.6695556640625	95.0	
1504203044156	414311022890	327.0	-27.0	-5.0	95.0	
1504203044172	414331164492	327.0	-27.0	-5.0	95.0	
1504203044208	414351306093	327.0	-27.0	-5.0	95.0	
1504203044225	414371447695	327.0	-27.0	-5.0	95.0	
1504203044242	414391589297	327.0	-27.0	-5.0	95.0	
1504203044263	414411730898	327.0	-27.0	-5.0	95.0	
1504203044278	414431872500	327.0	-27.0	-5.0	95.0	
1504203044296	414452014101	327.0	-27.0	-5.0	95.0	
1504203044331	414472155703	327.0	-27.0	-5.0	95.0	
1504203044349	414492297304	327.0	-27.0	-5.0	95.0	
1504203044367	414512438906	327.0	-27.0	-5.0	95.0	
1504203044387	414532580508	327.0	-27.0	-5.0	95.0	
1504203044402	414552722109	327.0	-27.0	-5.0	95.0	
1504203044420	414572863711	327.0	-27.0	-5.0	95.0	
1504203044437	414593005312	327.0	-27.0	-5.0	95.0	
1504203044473	414613146914	327.0	-27.0	-5.0	95.0	
1504203044490	414633288515	327.0	-27.0	-5.0	95.0	
1504203044507	414653430117	327.0	-27.0	-5.0	95.0	
1504203044526	414673571718	327.0	-27.0	-5.0	95.0	
1504203044542	414693713320	327.0	-27.0	-5.0	95.0	
1504203044560	414713854922	327.0	-27.0	-5.0	95.0	
1504203044578	414733996523	327.0	-27.0	-5.0	95.0	
1504203044613	414754138125	327.0	-27.0	-6.0	95.0	
1504203044633	414774279726	327.0	-27.0	-6.0	95.0	
1504203044649	414794421328	327.0	-27.0	-6.0	95.0	
1504203044666	414814562929	327.0	-27.0	-6.0	95.0	
1504203044684	414834704531	327.0	-27.0	-6.0	95.0	
1504203044701	414854846133	327.0	-27.0	-6.0	95.0	
1504203044718	414874987734	326.03131103515625	-27.0	-6.0	95.0	
1504203044754	414895129336	327.0	-27.0	-5.882568359375	95.0	
1504203044772	414915270937	327.0	-27.0	-5.0	95.0	
1504203044789	414935412539	327.0	-27.0	-5.0	95.0	
1504203044807	414955554140	327.0	-27.0	-5.0	95.0	
1504203044825	414975695742	327.0	-27.0	-5.0	95.0	
1504203044843	414995837343	327.0	-27.0	-5.0	95.0	
1504203044860	415015978945	327.0	-27.0	-5.0	95.0	
1504203044897	415036120547	327.0	-27.0	-5.0	95.0	
1504203044913	415056262148	327.0	-27.0	-5.0	95.0	
1504203044930	415076403750	327.0	-27.0	-5.0	95.0	
1504203044948	415096545351	327.0	-27.0	-5.0	95.0	
1504203044965	415116686953	327.0	-27.0	-5.0	95.0	
1504203044983	415136828554	327.0	-27.0	-5.0	95.0	
1504203045002	415156970156	327.0	-27.0	-5.0	95.0	
1504203045019	415177111758	327.0	-27.0	-5.0	95.0	
1504203045054	415197253359	327.0	-27.0	-5.0	95.0	
1504203045072	415217394961	326.7755126953125	-27.0	-5.0	95.0	
1504203045090	415237536562	326.0	-27.0	-5.0	95.0	
1504203045111	415257678164	326.0	-27.471084594726563	-5.4710845947265625	95.0	
1504203045125	415277819765	326.0	-28.0	-6.0	95.0	
1504203045142	415297961367	325.2823181152344	-28.0	-6.717681884765625	95.0	
1504203045161	415318102968	325.0	-28.0	-7.0	95.0	
1504203045177	415338244570	325.0	-28.0	-7.0	95.0	
1504203045212	415358386172	325.0	-29.0	-8.0	95.0	
1504203045230	415378527773	325.0	-29.0	-8.0	95.0	
1504203045247	415398669375	325.0	-29.0	-8.0	95.0	
1504203045266	415418810976	325.0	-29.0	-7.5425262451171875	95.0	
1504203045283	415438952578	325.5809326171875	-29.0	-7.0	95.0	
1504203045300	415459094179	326.0	-29.0	-6.295928955078125	95.0	
1504203045319	415479235781	326.0	-28.172073364257813	-6.0	95.0	
1504203045335	415499377383	326.0	-28.0	-6.0	95.0	
1504203045371	415519518984	327.0	-28.0	-5.0	95.0	
1504203045389	415539660586	327.0	-28.0	-5.0	95.0	
1504203045406	415559802187	327.0	-28.0	-5.0	95.0	
1504203045428	415579943789	327.0	-28.444625854492188	-5.0	95.0	
1504203045441	415600085390	327.0	-29.0	-5.0	95.0	
1504203045459	415620226992	326.308349609375	-28.308349609375	-5.691650390625	95.0	
1504203045478	415640368593	326.0	-28.0	-6.0	95.0	
1504203045494	415660510195	326.0	-28.0	-6.0	95.0	
1504203045531	415680651797	326.0	-28.0	-6.0	95.0	
1504203045549	415700793398	326.0	-28.0	-6.0	95.0	
1504203045565	415720935000	326.0	-28.0	-6.0	95.0	
1504203045583	415741076601	326.0	-28.0	-6.0	95.0	
1504203045602	415761218203	326.0	-28.0	-6.0	95.0	
1504203045618	415781359804	326.0	-28.0	-6.0	95.0	
1504203045653	415801501406	325.0	-28.0	-6.032135009765625	95.0	
1504203045670	415821643008	325.0	-28.0	-7.0	95.0	
1504203045689	415841784609	325.0	-28.0	-7.0	95.0	
1504203045706	415861926211	325.56787109375	-28.0	-7.0	95.0	
1504203045723	415882067812	326.0	-28.0	-7.0	95.0	
1504203045742	415902209414	326.0	-28.0	-6.07501220703125	95.0	
1504203045776	415922351015	326.0	-28.0	-6.0	95.0	
1504203045794	415942492617	326.2821350097656	-28.0	-6.0	95.0	
1504203045811	415962634218	327.0	-28.0	-6.0	95.0	
1504203045829	415982775820	327.0	-28.0	-6.0	95.0	
1504203045847	416002917422	327.0	-28.0	-6.0	95.0	
1504203045865	416023059023	326.00360107421875	-28.0	-6.0	95.0	
1504203045900	416043200625	326.0	-28.0	-6.0	95.0	
1504203045917	416063342226	326.0	-28.0	-6.0	95.0	
1504203045935	416083483828	326.0	-28.0	-6.523712158203125	95.0	
1504203045956	416103625429	326.0	-28.0	-7.0	95.0	
1504203045970	416123767031	325.2786865234375	-28.0	-7.0	95.0	
1504203045987	416143908633	325.0	-28.0	-7.0	95.0	
1504203046009	416164050234	325.0	-28.0	-7.8852386474609375	95.0	
1504203046023	416184191836	325.0	-28.0	-8.0	95.0	
1504203046058	416204333437	325.0	-27.95074462890625	-9.0	95.0	
1504203046076	416224475039	325.0	-27.0	-9.0	95.0	
1504203046093	416244616640	325.0	-27.0	-9.0	95.0	
1504203046112	416264758242	325.0	-27.0	-9.0	95.0	
1504203046128	416284899843	325.0	-27.0	-9.0	95.0	
1504203046146	416305041445	325.0	-27.0	-9.0	95.0	
1504203046165	416325183047	325.0	-27.0	-9.0	95.0	
1504203046182	416345324648	325.0	-27.0	-8.211807250976563	95.0	
1504203046199	416365466250	325.0	-27.0	-8.0	95.0	
1504203046234	416385607851	325.0	-27.0	-8.0	95.0	
1504203046252	416405749453	325.0	-27.0	-8.0	95.0	
1504203046271	416425891054	325.0	-27.0	-8.0	95.0	
1504203046288	416446032656	325.0	-27.0	-8.0	95.0	
1504203046309	416466174258	325.0	-27.0	-8.0	95.0	
1504203046326	416486315859	325.80902099609375	-27.0	-8.0	95.0	
1504203046340	416506457461	326.0	-27.0	-7.0451507568359375	95.0	
1504203046390	416526599062	326.0	-26.899307250976563	-7.0	95.0	
1504203046399	416546740664	326.0	-26.0	-7.0	95.0	
1504203046417	416566882265	326.0	-26.0	-7.0	95.0	
1504203046429	416587023867	326.0	-26.0	-6.4618072509765625	95.0	
1504203046446	416607165468	326.0	-26.0	-6.0	95.0	
1504203046470	416627307070	326.0	-26.829849243164063	-6.0	95.0	
1504203046481	416647448672	326.0	-27.0	-6.0	95.0	
1504203046516	416667590273	326.0	-27.0	-6.0	95.0	
1504203046535	416687731875	326.0	-27.0	-6.0	95.0	
1504203046552	416707873476	326.0	-27.0	-6.0	95.0	
1504203046569	416728015078	326.0	-27.0	-6.0	95.0	
1504203046588	416748156679	326.704833984375	-27.0	-6.0	95.0	
1504203046608	416768298281	327.0	-27.0	-6.0	95.0	
1504203046623	416788439883	327.0	-27.0	-6.0	95.0	
1504203046657	416808581484	327.0	-27.0	-6.0	95.0	
1504203046676	416828723086	327.0	-27.0	-6.0	95.0	
1504203046693	416848864687	327.0	-27.0	-6.0	95.0	
1504203046710	416869006289	327.0	-27.0	-6.0	95.0	
1504203046728	416889147890	327.0	-27.0	-6.0	95.0	
1504203046747	416909289492	327.0	-27.0	-6.0	95.0	
1504203046781	416929431093	327.0	-27.0	-6.0	95.0	
1504203046798	416949572695	327.0	-27.0	-6.0	95.0	
1504203046816	416969714297	327.0	-27.0	-6.0	95.0	
1504203046834	416989855898	327.0	-27.0	-6.0	95.0	
1504203046852	417009997500	327.0	-27.0	-6.0	95.0	
1504203046869	417030139101	327.0	-27.0	-6.0	95.0	
1504203046886	417050280703	327.0	-27.0	-6.0	95.0	
1504203046922	417070422304	327.0	-27.0	-6.0	95.0	
1504203046941	417090563906	327.0	-27.0	-6.0	95.0	
1504203046959	417110705508	327.0	-27.0	-6.0	95.0	
1504203046977	417130847109	327.0	-27.0	-6.0	95.0	
1504203046992	417150988711	327.0	-27.0	-6.0	95.0	
1504203047011	417171130312	327.0	-27.0	-6.0	95.0	
1504203047027	417191271914	327.0	-27.0	-6.0	95.0	
1504203047063	417211413515	327.0	-27.0	-6.0	95.0	
1504203047080	417231555117	327.0	-27.0	-6.2048492431640625	95.0	
1504203047098	417251696718	327.0	-27.0	-7.0	95.0	
1504203047117	417271838320	327.0	-27.0	-7.0	95.0	
1504203047133	417291979922	327.0	-27.0	-7.0	95.0	
1504203047151	417312121523	327.0	-27.0	-7.0	95.0	
1504203047170	417332263125	327.0	-27.0	-7.0	95.0	
1504203047205	417352404726	327.0	-27.0	-7.0	95.0	
1504203047221	417372546328	327.0	-27.0	-7.0	95.0	
1504203047239	417392687929	327.0	-27.0	-7.0	95.0	
1504203047257	417412829531	327.0	-27.0	-7.0	95.0	
1504203047275	417432971133	327.0	-27.0	-7.0	95.0	
1504203047292	417453112734	327.0	-27.0	-7.0	95.0	
1504203047309	417473254336	327.0	-27.0	-7.0	95.0	
1504203047345	417493395937	327.0	-28.0	-7.0	95.0	
1504203047362	417513537539	326.75347900390625	-28.0	-7.24652099609375	95.0	
1504203047382	417533679140	326.0	-28.0	-8.0	95.0	
1504203047398	417553820742	326.0	-28.0	-8.0	95.0	
1504203047415	417573962343	326.68402099609375	-28.0	-8.0	95.0	
1504203047434	417594103945	327.0	-28.0	-7.1701507568359375	95.0	
1504203047450	417614245547	327.0	-28.0	-7.0	95.0	
1504203047488	417634387148	327.0	-28.0	-7.0	95.0	
1504203047504	417654528750	327.0	-28.0	-7.0	95.0	
1504203047521	417674670351	327.0	-28.0	-7.0	95.0	
1504203047540	417694811953	327.0	-28.0	-6.44097900390625	95.0	
1504203047557	417714953554	327.0	-28.0	-6.0	95.0	
1504203047574	417735095156	327.0	-28.0	-6.0	95.0	
1504203047593	417755236758	327.0	-28.0	-6.0	95.0	
1504203047627	417775378359	327.0	-28.0	-6.0	95.0	
1504203047646	417795519961	327.0	-28.0	-6.0	95.0	
1504203047663	417815661562	327.0	-28.0	-6.0	95.0	
1504203047680	417835803164	327.0	-28.0	-6.5798492431640625	95.0	
1504203047699	417855944765	327.0	-28.0	-7.0	95.0	
1504203047715	417876086367	327.0	-28.0	-7.0	95.0	
1504203047752	417896227968	327.0	-28.0	-7.0	95.0	
1504203047768	417916369570	327.0	-28.0	-7.0	95.0	
1504203047786	417936511172	327.0	-28.0	-7.0	95.0	
1504203047804	417956652773	327.0	-28.0	-7.0	95.0	
1504203047821	417976794375	327.0	-28.0	-7.0	95.0	
1504203047839	417996935976	327.0	-28.0	-7.0	95.0	
1504203047857	418017077578	327.0	-28.0	-7.0	95.0	
1504203047891	418037219179	327.0	-28.0	-7.0	95.0	
1504203047909	418057360781	327.0	-28.0	-7.0	95.0	
1504203047927	418077502383	327.0	-28.0	-7.0	95.0	
1504203047944	418097643984	327.0	-28.0	-7.0	95.0	
1504203047963	418117785586	327.0	-28.0	-7.0	95.0	
1504203047980	418137927187	327.0	-28.0	-7.0	95.0	
1504203047997	418158068789	327.0	-28.0	-7.0	95.0	
1504203048033	418178210390	327.0	-28.0	-7.0	95.0	
1504203048050	418198351992	327.0	-28.0	-7.0	95.0	
1504203048068	418218493593	327.0	-28.0	-7.0	95.0	
1504203048085	418238635195	327.0	-28.0	-7.0	95.0	
1504203048103	418258776797	327.0	-28.0	-7.0	95.0	
1504203048130	418278918398	327.0	-28.0	-7.0	95.0	
1504203048138	418299060000	327.0	-28.0	-7.0	95.0	
1504203048175	418319201601	327.0	-28.0	-7.0	95.0	
1504203048191	418339343203	327.0	-28.0	-7.0	95.0	
1504203048208	418359484804	327.0	-28.0	-7.0	95.0	
1504203048227	418379626406	327.0	-28.0	-7.0	95.0	
1504203048244	418399768008	327.0	-28.0	-7.0	95.0	
1504203048261	418419909609	327.0	-28.0	-7.0	95.0	
1504203048280	418440051211	327.0	-28.0	-7.0	95.0	
1504203048315	418460192812	327.0	-28.0	-7.0	95.0	
1504203048333	418480334414	327.0	-28.0	-7.0	95.0	
1504203048351	418500476015	327.0	-28.0	-7.0	95.0	
1504203048369	418520617617	327.0	-28.0	-7.0	95.0	
1504203048391	418540759218	327.0	-28.0	-7.0	95.0	
1504203048402	418560900820	327.0	-28.0	-7.0	95.0	
1504203048420	418581042422	327.0	-28.0	-7.0	95.0	
1504203048455	418601184023	326.87847900390625	-27.0	-7.0	95.0	
1504203048475	418621325625	326.0	-27.0	-7.0	95.0	
1504203048491	418641467226	326.0	-27.0	-7.0	95.0	
1504203048509	418661608828	326.0	-27.0	-7.0	95.0	
1504203048526	418681750429	325.295166015625	-27.0	-7.0	95.0	
1504203048545	418701892031	325.0	-27.0	-7.0	95.0	
1504203048561	418722033633	325.0	-27.0	-7.0	95.0	
1504203048596	418742175234	325.0	-27.0	-7.0	95.0	
1504203048614	418762316836	325.0	-27.0	-7.0	95.0	
1504203048631	418782458437	325.0	-27.0	-7.0	95.0	
1504203048650	418802600039	325.0	-27.0	-7.5798492431640625	95.0	
1504203048667	418822741640	325.0	-27.0	-8.0	95.0	
1504203048686	418842883242	325.0	-27.0	-8.0	95.0	
1504203048720	418863024843	325.0	-27.0	-8.0	95.0	
1504203048737	418883166445	325.0	-27.0	-8.0	95.0	
1504203048755	418903308047	325.0	-26.69097900390625	-7.69097900390625	95.0	
1504203048772	418923449648	325.0	-26.0	-7.0	95.0	
1504203048790	418943591250	325.0	-26.0	-7.0	95.0	
1504203048811	418963732851	325.0	-26.0	-7.0	95.0	
1504203048825	418983874453	325.0	-26.0	-7.0	95.0	
1504203048861	419004016054	325.0	-26.0	-6.9618072509765625	95.0	
1504203048878	419024157656	325.0	-26.0	-6.0	95.0	
1504203048896	419044299258	325.0	-26.0	-6.0	95.0	
1504203048914	419064440859	325.4757080078125	-26.0	-6.0	95.0	
1504203048931	419084582461	326.0	-26.0	-6.0	95.0	
1504203048950	419104724062	326.0	-26.0	-6.0	95.0	
1504203048968	419124865664	326.0	-26.0	-6.0	95.0	
1504203049001	419145007265	326.0	-26.0	-6.0	95.0	
1504203049020	419165148867	326.0	-26.0	-6.0	95.0	
1504203049037	419185290468	326.0	-26.0	-5.6493072509765625	95.0	
1504203049055	419205432070	326.0	-26.0	-5.0	95.0	
1504203049073	419225573672	326.0	-26.0	-5.0	95.0	
1504203049090	419245715273	326.0	-26.0	-5.0	95.0	
1504203049108	419265856875	326.0	-26.0	-5.0	95.0	
1504203049144	419285998476	326.0	-26.0	-5.0	95.0	
1504203049161	419306140078	326.0	-26.0	-5.0	95.0	
1504203049178	419326281679	326.0	-26.0	-5.0	95.0	
1504203049195	419346423281	326.0	-26.0	-5.0	95.0	
1504203049213	419366564883	326.0	-26.0	-5.0	95.0	
1504203049232	419386706484	326.0	-26.0	-5.0	95.0	
1504203049249	419406848086	326.0	-26.0	-5.0	95.0	
1504203049284	419426981685	326.0	-26.0	-5.0	95.0	
1504203049302	419447123287	326.24652099609375	-26.0	-5.0	95.0	
1504203049319	419467264888	327.0	-26.0	-4.6076507568359375	95.0	
1504203049336	419487406490	327.0	-26.0	-4.0	95.0	
1504203049356	419507548091	327.0	-26.0	-4.0	95.0	
1504203049372	419527689693	327.0	-26.0	-4.0	95.0	
1504203049390	419547831295	327.0	-26.0	-4.0	95.0	
1504203049425	419567972896	327.0	-26.0	-4.0	95.0	
1504203049443	419588114498	327.0	-26.0	-4.0	95.0	
1504203049461	419608256099	327.0	-26.0	-4.0	95.0	
1504203049477	419628397701	327.0	-26.0	-4.0	95.0	
1504203049501	419648539302	327.0	-26.0	-4.0	95.0	
1504203049513	419668680904	327.0	-26.0	-4.8506927490234375	95.0	
1504203049536	419688822506	327.0	-26.99652099609375	-5.0	95.0	
1504203049566	419708964107	327.0	-27.0	-5.0	95.0	
1504203049584	419729105709	327.0	-27.0	-5.2881927490234375	95.0	
1504203049602	419749247310	327.0	-27.0	-6.0	95.0	
1504203049620	419769388912	327.0	-27.0	-6.0	95.0	
1504203049640	419789530513	327.0	-27.0	-6.0	95.0	
1504203049655	419809672115	326.12847900390625	-27.0	-6.0	95.0	
1504203049689	419829813716	326.0	-27.0	-6.0	95.0	
1504203049708	419849955318	326.0	-27.0	-6.0	95.0	
1504203049724	419870096920	326.0	-27.0	-6.0	95.0	
1504203049742	419890238521	326.0	-27.0	-5.5451507568359375	95.0	
1504203049760	419910380123	326.0	-27.0	-5.0	95.0	
1504203049779	419930521724	326.0	-27.0	-5.0	95.0	
1504203049796	419950663326	326.0	-27.0	-5.0	95.0	
1504203049830	419970804927	326.0	-27.0	-5.0	95.0	
1504203049848	419990946529	326.0	-27.0	-5.0	95.0	
1504203049866	420011088131	326.0	-27.0	-5.0	95.0	
1504203049885	420031229732	326.0	-27.0	-5.4756927490234375	95.0	
1504203049901	420051371334	326.0	-27.0	-6.0	95.0	
1504203049919	420071512935	326.0	-27.0	-6.0	95.0	
1504203049937	420091654537	326.0	-27.0	-6.0	95.0	
1504203049973	420111796138	326.05902099609375	-27.0	-6.0	95.0	
1504203049991	420131937740	327.0	-27.0	-6.0	95.0	
1504203050007	420152079341	327.0	-27.0	-6.3506927490234375	95.0	
1504203050025	420172220943	327.0	-27.0	-7.0	95.0	
1504203050042	420192362545	327.0	-26.357650756835938	-7.0	95.0	
1504203050059	420212504146	327.0	-26.0	-7.0	95.0	
1504203050078	420232645748	327.0	-26.0	-7.0	95.0	
1504203050112	420252787349	327.0	-26.0	-6.9202880859375	95.0	
1504203050131	420272928951	327.0	-26.0	-6.0	95.0	
1504203050147	420293070552	327.0	-26.0	-6.0	95.0	
1504203050165	420313212154	327.0	-26.0	-6.0	95.0	
1504203050183	420333353756	327.0	-26.0	-6.0	95.0	
1504203050201	420353495357	327.0	-26.0	-6.0	95.0	
1504203050219	420373636959	327.0	-26.0	-6.0	95.0	
1504203050254	420393778560	327.0	-26.0	-6.0	95.0	
1504203050271	420413920162	327.0	-26.0	-6.0	95.0	
1504203050289	420434061763	327.0	-26.0	-6.0	95.0	
1504203050306	420454203365	327.0	-26.0	-6.0	95.0	
1504203050324	420474344966	327.0	-26.0	-6.0	95.0	
1504203050343	420494486568	327.0	-26.0	-6.0	95.0	
1504203050360	420514628170	327.0	-26.0	-6.0	95.0	
1504203050396	420534769771	327.0	-26.0	-6.0	95.0	
1504203050412	420554911373	327.0	-26.0	-6.0	95.0	
1504203050430	420575052974	327.0	-26.0	-6.0	95.0	
1504203050447	420595194576	327.0	-26.0	-6.0	95.0	
1504203050465	420615336177	327.0	-26.0	-6.0	95.0	
1504203050482	420635477779	327.0	-26.0	-6.0	95.0	
1504203050501	420655619381	327.0	-26.0	-5.0882415771484375	95.0	
1504203050536	420675760982	327.0	-27.0	-5.0	95.0	
1504203050554	420695902584	327.0	-27.0	-5.0	95.0	
1504203050571	420716044185	327.0	-27.0	-5.0	95.0	
1504203050592	420736185787	327.0	-27.0	-5.0	95.0	
1504203050607	420756327388	327.0	-27.0	-5.0	95.0	
1504203050623	420776468990	327.0	-27.0	-5.0	95.0	
1504203050644	420796610591	327.0	-27.0	-5.0	95.0	
1504203050676	420816752193	327.0	-27.0	-5.0	95.0	
1504203050694	420836893795	327.0	-27.0	-5.0	95.0	
1504203050713	420857035396	327.0	-27.0	-5.0	95.0	
1504203050729	420877176998	327.0	-27.0	-5.0	95.0	
1504203050747	420897318599	327.0	-27.0	-5.0	95.0	
1504203050765	420917460201	327.0	-27.0	-5.0	95.0	
1504203050782	420937601802	327.0	-27.0	-5.0	95.0	
1504203050818	420957743404	327.0	-27.0	-5.0	95.0	
1504203050835	420977885006	327.0	-27.0	-5.0	95.0	
1504203050853	420998026607	327.0	-27.0	-5.0	95.0	
1504203050870	421018168209	327.0	-27.0	-5.0	95.0	
1504203050888	421038309810	327.0	-27.0	-5.0	95.0	
1504203050906	421058451412	327.721923828125	-27.0	-5.0	95.0	
1504203050924	421078593013	328.0	-27.0	-5.0	95.0	
1504203050958	421098734615	328.0	-27.0	-5.0	95.0	
1504203050977	421118876216	328.0	-27.0	-5.0	95.0	
1504203050993	421139017818	328.0	-27.0	-5.0	95.0	
1504203051011	421159159420	328.0	-27.0	-5.0	95.0	
1504203051030	421179301021	328.0	-27.0	-5.0	95.0	
1504203051047	421199442623	328.0	-27.0	-5.0	95.0	
1504203051064	421219584224	328.0	-27.0	-5.0	95.0	
1504203051084	421239725826	328.0	-27.0	-5.0	95.0	
1504203051117	421259867427	328.0	-27.0	-4.8722076416015625	95.0	
1504203051135	421280009029	328.0	-27.0	-4.0	95.0	
1504203051152	421300150631	328.0	-27.0	-4.0	95.0	
1504203051169	421320292232	328.0	-27.0	-4.0	95.0	
1504203051188	421340433834	328.0	-27.0	-4.0	95.0	
1504203051205	421360575435	328.0	-27.0	-4.0	95.0	
1504203051222	421380717037	328.0	-27.0	-4.0	95.0	
1504203051258	421400858638	327.0	-27.0	-5.0	95.0	
1504203051276	421421000240	327.0	-27.252151489257813	-5.0	95.0	
1504203051293	421441141841	327.0	-28.0	-5.0	95.0	
1504203051311	421461283443	327.0	-28.0	-5.0	95.0	
1504203051329	421481425045	327.0	-28.0	-5.6735687255859375	95.0	
1504203051347	421501566646	327.0	-28.0	-6.0	95.0	
1504203051367	421521708248	327.0	-28.0	-6.0	95.0	
1504203051400	421541849849	327.0	-28.0	-6.0	95.0	
1504203051417	421561991451	327.0	-28.0	-5.763397216796875	95.0	
1504203051434	421582133052	327.0	-28.0	-5.0	95.0	
1504203051452	421602274654	327.51727294921875	-28.0	-5.0	95.0	
1504203051474	421622416256	328.0	-28.0	-4.34197998046875	95.0	
1504203051488	421642557857	328.0	-28.0	-4.0	95.0	
1504203051506	421662699459	328.0	-28.0	-4.0	95.0	
1504203051540	421682841060	328.0	-28.0	-4.0	95.0	
1504203051557	421702982662	328.0	-28.0	-4.2197113037109375	95.0	
1504203051575	421723124263	328.0	-28.0	-5.0	95.0	
1504203051593	421743265865	328.0	-28.0	-5.5008544921875	95.0	
1504203051612	421763407466	327.358154296875	-28.0	-6.0	95.0	
1504203051630	421783549068	327.0	-28.782379150390625	-6.782379150390625	95.0	
1504203051645	421803690670	326.0777282714844	-29.0	-7.922271728515625	95.0	
1504203051681	421823832271	324.93609619140625	-29.0	-10.063888549804688	95.0	
1504203051700	421843973873	323.79620361328125	-29.20379638671875	-11.20379638671875	95.0	
1504203051716	421864115474	322.65570068359375	-30.0	-12.688568115234375	95.0	
1504203051734	421884257076	321.51470947265625	-30.0	-14.485305786132813	95.0	
1504203051752	421904398677	319.74957275390625	-30.0	-16.25042724609375	95.0	
1504203051772	421924540279	317.4671325683594	-30.766433715820313	-18.532867431640625	95.0	
1504203051787	421944681881	316.09326171875	-31.0	-19.906723022460938	95.0	
1504203051823	421964823482	314.95330810546875	-32.0	-22.046707153320313	95.0	
1504203051840	421984965084	313.811767578125	-32.18824768066406	-23.188247680664063	95.0	
1504203051857	422005106685	312.671875	-33.0	-24.328140258789063	95.0	
1504203051875	422025248287	312.0	-33.0	-25.0	95.0	
1504203051894	422045389888	312.0	-33.0	-25.0	95.0	
1504203051910	422065531490	312.0	-33.0	-25.0	95.0	
1504203051929	422085673091	312.0	-32.1090087890625	-24.1090087890625	95.0	
1504203051963	422105814693	312.0	-32.0	-23.968917846679688	95.0	
1504203051982	422125956295	312.1712646484375	-32.0	-22.828720092773438	95.0	
1504203051999	422146097896	313.0	-32.0	-22.0	95.0	
1504203052016	422166239498	313.4525146484375	-31.547500610351563	-21.547500610351563	95.0	
1504203052035	422186381099	314.0	-31.0	-20.406585693359375	95.0	
1504203052053	422206522701	314.7340087890625	-30.265975952148438	-18.531951904296875	95.0	
1504203052069	422226664302	316.7478332519531	-29.126083374023438	-16.252166748046875	95.0	
1504203052104	422246805904	318.03106689453125	-27.984466552734375	-13.953399658203125	95.0	
1504203052121	422266947506	320.1554260253906	-26.844573974609375	-10.68914794921875	95.0	
1504203052139	422287089107	321.5916748046875	-26.0	-8.4083251953125	95.0	
1504203052157	422307230709	323.43695068359375	-25.56304931640625	-6.1260986328125	95.0	
1504203052175	422327372310	324.57684326171875	-25.0	-3.8463134765625	95.0	
1504203052193	422347513912	325.7179870605469	-25.0	-2.282012939453125	95.0	
1504203052210	422367655513	326.8583679199219	-24.141632080078125	-1.141632080078125	95.0	
1504203052227	422387797115	327.9982604980469	-24.0	-0.001739501953125	95.0	
1504203052263	422407938716	328.0	-24.139892578125	0.0	95.0	
1504203052280	422428080318	328.0	-25.0	0.0	95.0	
1504203052298	422448221920	328.0	-25.0	0.0	95.0	
1504203052319	422468363521	328.0	-25.0	0.0	95.0	
1504203052333	422488505123	328.0	-25.701202392578125	-0.701202392578125	95.0	
1504203052352	422508646724	328.0	-26.0	-1.0	95.0	
1504203052368	422528788326	328.0	-26.0	-1.0	95.0	
1504203052403	422548929927	328.0	-26.0	-1.0	95.0	
1504203052421	422569071529	328.0	-26.0	-1.0	95.0	
1504203052441	422589213131	328.0	-26.0	-1.0	95.0	
1504203052457	422609354732	328.0	-26.0	-1.5449676513671875	95.0	
1504203052474	422629496334	328.0	-26.0	-2.0	95.0	
1504203052492	422649637935	328.0	-26.0	-2.0	95.0	
1504203052510	422669779537	328.0	-26.0	-2.0	95.0	
1504203052544	422689921138	327.8929443359375	-26.0	-2.0	95.0	
1504203052563	422710062740	327.0	-26.0	-2.0	95.0	
1504203052580	422730204341	327.0	-26.0	-2.0	95.0	
1504203052600	422750345943	327.0	-26.0	-2.5284881591796875	95.0	
1504203052616	422770487545	327.0	-26.0	-3.0	95.0	
1504203052633	422790629146	327.0	-26.0	-3.0	95.0	
1504203052650	422810770748	326.05010986328125	-26.0	-3.0	95.0	
1504203052685	422830912349	326.0	-26.089950561523438	-4.0	95.0	
1504203052703	422851053951	326.0	-27.0	-4.0	95.0	
1504203052721	422871195552	326.0	-27.0	-4.0	95.0	
1504203052739	422891337154	326.0	-27.0	-4.0	95.0	
1504203052756	422911478756	326.0	-27.0	-4.0	95.0	
1504203052775	422931620357	326.0	-27.0	-4.0	95.0	
1504203052791	422951761959	326.0	-27.0	-4.0	95.0	
1504203052827	422971903560	326.0	-27.0	-4.0	95.0	
1504203052844	422992045162	326.0	-27.0	-4.0	95.0	
1504203052862	423012186763	326.0	-27.0	-4.35577392578125	95.0	
1504203052881	423032328365	326.0	-27.0	-5.0	95.0	
1504203052897	423052469966	326.0	-27.0	-5.0	95.0	
1504203052918	423072611568	326.0	-27.0	-5.0	95.0	
1504203052935	423092753170	326.0	-27.0	-5.0	95.0	
1504203052968	423112894771	326.0	-27.0	-5.0	95.0	
1504203052990	423133036373	326.0	-27.0	-5.0	95.0	
1504203053003	423153177974	326.0	-27.0	-5.0	95.0	
1504203053020	423173319576	326.0	-27.0	-5.0	95.0	
1504203053040	423193461177	326.0	-27.0	-5.0	95.0	
1504203053056	423213602779	326.0	-27.0	-5.0	95.0	
1504203053074	423233744381	326.0	-27.0	-5.0	95.0	
1504203053109	423253885982	326.0	-27.0	-5.0	95.0	
1504203053126	423274027584	326.0	-27.0	-4.8169403076171875	95.0	
1504203053144	423294169185	326.0	-27.0	-4.0	95.0	
1504203053162	423314310787	326.0	-27.0	-4.0	95.0	
1504203053180	423334452388	326.0	-27.0	-4.0	95.0	
1504203053199	423354593990	326.0	-27.0	-4.0	95.0	
1504203053214	423374735591	326.0	-27.0	-4.0	95.0	
1504203053251	423394877193	326.0	-27.0	-4.0	95.0	
1504203053267	423415018795	326.0	-27.0	-4.0	95.0	
1504203053285	423435160396	326.0	-27.0	-4.0	95.0	
1504203053304	423455301998	326.0	-27.0	-4.0	95.0	
1504203053321	423475443599	326.0	-27.0	-4.0	95.0	
1504203053338	423495585201	326.0	-27.0	-4.0	95.0	
1504203053356	423515726802	326.0	-27.0	-4.0	95.0	
1504203053391	423535868404	326.0	-27.0	-5.0	95.0	
1504203053409	423556010006	326.0	-27.0	-5.0	95.0	
1504203053432	423576151607	326.0	-27.0	-5.0	95.0	
1504203053444	423596293209	326.0	-27.0	-5.0	95.0	
1504203053462	423616434810	326.0	-27.0	-5.0	95.0	
1504203053479	423636576412	325.2872009277344	-27.0	-5.0	95.0	
1504203053496	423656718013	325.0	-27.0	-5.0	95.0	
1504203053515	423676859615	325.0	-27.0	-5.0	95.0	
1504203053550	423697001216	325.0	-27.13470458984375	-5.13470458984375	95.0	
1504203053567	423717142818	325.0	-28.0	-6.0	95.0	
1504203053585	423737284420	325.0	-28.0	-6.0	95.0	
1504203053602	423757426021	325.0	-28.0	-6.0	95.0	
1504203053624	423777567623	325.0	-28.0	-6.0	95.0	
1504203053640	423797709224	325.0	-28.0	-6.0	95.0	
1504203053657	423817850826	325.0	-28.0	-6.0	95.0	
1504203053692	423837992427	325.0	-28.0	-6.0	95.0	
1504203053709	423858134029	325.0	-28.0	-6.0	95.0	
1504203053727	423878275631	325.0	-28.0	-6.398956298828125	95.0	
1504203053744	423898417232	325.0	-28.0	-7.0	95.0	
1504203053761	423918558834	325.0	-28.0	-7.0	95.0	
1504203053782	423938700435	325.0	-28.0	-6.17962646484375	95.0	
1504203053797	423958842037	325.0	-27.038070678710938	-6.0	95.0	
1504203053832	423978983638	325.0	-27.0	-6.0	95.0	
1504203053849	423999125240	325.0	-27.242202758789063	-6.0	95.0	
1504203053866	424019266841	325.0	-28.0	-6.0	95.0	
1504203053886	424039408443	325.0	-28.0	-6.0	95.0	
1504203053902	424059550045	325.0	-28.0	-6.0	95.0	
1504203053920	424079691646	325.0	-28.0	-6.0	95.0	
1504203053939	424099833248	325.0	-28.0	-6.0	95.0	
1504203053976	424119974849	325.0	-27.0	-6.0	95.0	
1504203053992	424140116451	325.22625732421875	-27.0	-5.7737579345703125	95.0	
1504203054008	424160258052	326.0	-27.0	-5.3667755126953125	95.0	
1504203054025	424180399654	326.0	-27.0	-6.0	95.0	
1504203054045	424200541256	325.35235595703125	-27.0	-6.0	95.0	
1504203054061	424220682857	325.0	-27.0	-6.0	95.0	
1504203054078	424240824459	325.0	-27.0	-6.0	95.0	
1504203054113	424260966060	325.0	-27.0	-6.0	95.0	
1504203054131	424281107662	325.210693359375	-27.0	-6.0	95.0	
1504203054156	424301249263	326.0	-27.0	-6.0	95.0	
1504203054166	424321390865	326.0	-27.0	-5.5086517333984375	95.0	
1504203054183	424341532466	326.0	-27.0	-5.0	95.0	
1504203054207	424361674068	326.0	-27.0	-5.0	95.0	
1504203054221	424381815670	326.0	-27.0	-5.0	95.0	
1504203054255	424401957271	326.0	-27.0	-5.0	95.0	
1504203054272	424422098873	326.0	-27.0	-5.0	95.0	
1504203054290	424442240474	326.0	-27.0	-5.0	95.0	
1504203054309	424462382076	326.0	-27.0	-5.0	95.0	
1504203054326	424482523677	326.0	-27.0	-5.0	95.0	
1504203054349	424502665279	326.0	-27.0	-5.0	95.0	
1504203054361	424522806881	326.0	-27.0	-5.0	95.0	
1504203054396	424542948482	326.0	-27.0	-5.0	95.0	
1504203054413	424563090084	326.0	-27.0	-5.0	95.0	
1504203054431	424583231685	326.0	-27.0	-5.0	95.0	
1504203054449	424603373287	326.0	-27.0	-5.0	95.0	
1504203054467	424623514888	326.0	-27.0	-5.0	95.0	
1504203054485	424643656490	326.0	-27.740478515625	-5.0	95.0	
1504203054512	424663798091	326.0	-28.0	-5.0	95.0	
1504203054536	424683939693	325.0	-28.0	-5.0	95.0	
1504203054554	424704081295	325.0	-28.0	-5.1623382568359375	95.0	
1504203054573	424724222896	325.0	-28.0	-6.0	95.0	
1504203054594	424744364498	325.0	-28.0	-6.0	95.0	
1504203054614	424764506099	325.0	-28.0	-6.0	95.0	
1504203054626	424784647701	325.0	-28.0	-6.0	95.0	
1504203054642	424804789302	325.0	-27.13494873046875	-6.0	95.0	
1504203054677	424824930904	325.0	-27.0	-6.0	95.0	
1504203054696	424845072506	325.0	-27.0	-6.0	95.0	
1504203054713	424865214107	325.0	-27.286697387695313	-6.0	95.0	
1504203054733	424885355709	325.0	-28.0	-6.0	95.0	
1504203054750	424905497310	325.0	-28.0	-6.0	95.0	
1504203054765	424925638912	324.2918701171875	-28.0	-6.0	95.0	
1504203054784	424945780513	324.0	-28.848007202148438	-6.0	95.0	
1504203054801	424965922115	323.0103759765625	-29.0	-6.0	95.0	
1504203054836	424986063716	323.0	-29.129531860351563	-7.0	95.0	
1504203054854	425006205318	322.7301025390625	-30.0	-7.0	95.0	
1504203054871	425026346920	322.0	-30.0	-7.0	95.0	
1504203054890	425046488521	322.0	-30.550949096679688	-7.0	95.0	
1504203054907	425066630123	322.0	-31.0	-7.6920318603515625	95.0	
1504203054926	425086771724	321.16754150390625	-31.83245849609375	-8.0	95.0	
1504203054943	425106913326	321.0	-32.0	-8.0	95.0	
1504203054979	425127054927	321.0	-32.113983154296875	-8.113983154296875	95.0	
1504203054996	425147196529	321.0	-33.0	-9.0	95.0	
1504203055012	425167338131	320.60552978515625	-33.0	-9.0	95.0	
1504203055030	425187479732	320.0	-33.0	-9.0	95.0	
1504203055048	425207621334	320.0	-33.0	-9.0	95.0	
1504203055067	425227762935	320.0	-33.0	-9.0	95.0	
1504203055083	425247904537	320.0	-33.956817626953125	-9.0	95.0	
1504203055118	425268046138	320.0	-34.0	-9.0	95.0	
1504203055138	425288187740	320.0	-34.0	-8.761672973632813	95.0	
1504203055155	425308329341	320.0	-34.0	-8.0	95.0	
1504203055171	425328470943	320.0	-34.0	-8.0	95.0	
1504203055193	425348612545	320.0	-34.0	-8.0	95.0	
1504203055207	425368754146	320.0	-34.0	-8.0	95.0	
1504203055224	425388895748	320.0	-34.0	-8.0	95.0	
1504203055259	425409037349	320.0	-34.0	-8.0	95.0	
1504203055277	425429178951	320.0	-34.0	-8.0	95.0	
1504203055295	425449320552	320.0	-34.0	-8.0	95.0	
1504203055312	425469462154	320.0	-34.0	-8.0	95.0	
1504203055329	425489603756	320.0	-34.0	-8.0	95.0	
1504203055347	425509745357	320.0	-34.0	-8.0	95.0	
1504203055365	425529886959	320.0	-34.0	-8.0	95.0	
1504203055400	425550028560	320.0	-33.93598937988281	-8.0	95.0	
1504203055420	425570170162	320.0	-33.0	-8.0	95.0	
1504203055435	425590311763	320.34539794921875	-33.0	-7.6545867919921875	95.0	
1504203055453	425610453365	321.0	-33.0	-7.0	95.0	
1504203055472	425630594966	321.0	-32.37306213378906	-7.0	95.0	
1504203055489	425650736568	321.0	-32.0	-7.0	95.0	
1504203055506	425670878170	321.0	-32.0	-7.0	95.0	
1504203055541	425691019771	321.04833984375	-31.0	-7.0	95.0	
1504203055559	425711161373	322.0	-30.811431884765625	-7.0	95.0	
1504203055577	425731302974	322.0	-30.0	-7.0	95.0	
1504203055594	425751444576	322.0	-29.530227661132813	-7.0	95.0	
1504203055611	425771586177	322.0	-29.0	-7.0	95.0	
1504203055630	425791727779	322.75128173828125	-29.0	-7.0	95.0	
1504203055647	425811869381	323.0	-28.108810424804688	-7.0	95.0	
1504203055682	425832010982	323.0328063964844	-27.967193603515625	-7.0	95.0	
1504203055700	425852152584	324.0	-27.0	-7.0	95.0	
1504203055718	425872294185	324.0	-26.686859130859375	-7.0	95.0	
1504203055738	425892435787	324.0	-26.0	-6.5457763671875	95.0	
1504203055753	425912577388	324.5941162109375	-26.0	-6.0	95.0	
1504203055770	425932718990	325.0	-26.0	-6.0	95.0	
1504203055789	425952860591	325.0	-26.0	-6.0	95.0	
1504203055823	425973002193	325.01556396484375	-26.0	-5.98443603515625	95.0	
1504203055840	425993143795	326.0	-26.0	-5.0	95.0	
1504203055858	426013285396	326.0	-26.0	-5.0	95.0	
1504203055876	426033426998	326.0	-26.0	-5.0	95.0	
1504203055894	426053568599	326.0	-26.0	-5.0	95.0	
1504203055911	426073710201	326.0	-26.0	-5.0	95.0	
1504203055929	426093851802	326.0	-26.0	-4.0471954345703125	95.0	
1504203055964	426113993404	326.0	-26.0	-4.0	95.0	
1504203055982	426134135006	326.0	-26.0	-4.0	95.0	
1504203056000	426154276607	326.0	-26.0	-4.0	95.0	
1504203056017	426174418209	326.0	-26.0	-3.257720947265625	95.0	
1504203056035	426194559810	326.9400939941406	-26.0	-3.0	95.0	
1504203056070	426214701412	327.0	-26.0	-3.0	95.0	
1504203056088	426234843013	327.0	-26.0	-2.66485595703125	95.0	
1504203056105	426254984615	327.0	-26.0	-2.0	95.0	
1504203056123	426275126216	327.0	-26.0	-2.0	95.0	
1504203056140	426295267818	327.0	-26.0	-2.0	95.0	
1504203056176	426315409420	327.0	-26.0	-1.0	95.0	
1504203056195	426335551021	327.0	-26.0	-1.0	95.0	
1504203056215	426355692623	327.3144226074219	-26.0	-1.0	95.0	
1504203056228	426375834224	328.0	-26.0	-1.0	95.0	
1504203056246	426395975826	328.0	-26.0	-1.0	95.0	
1504203056264	426416117427	328.0	-26.0	-1.0	95.0	
1504203056281	426436259029	328.0	-26.0	-1.0	95.0	
1504203056299	426456400631	328.0	-26.0	-1.0	95.0	
1504203056335	426476542232	328.0	-26.0	-1.0	95.0	
1504203056352	426496683834	328.0	-26.0	-1.0	95.0	
1504203056369	426516825435	328.0	-26.3883056640625	-1.0	95.0	
1504203056388	426536967037	328.0	-27.0	-1.0	95.0	
1504203056405	426557108638	327.342529296875	-27.0	-1.6574859619140625	95.0	
1504203056424	426577250240	327.0	-27.0	-2.0	95.0	
1504203056440	426597391841	327.0	-27.0	-2.0	95.0	
1504203056478	426617533443	327.0	-27.0	-2.0	95.0	
1504203056493	426637675045	327.0	-27.0	-2.0	95.0	
1504203056512	426657816646	327.0	-27.0	-2.0	95.0	
1504203056529	426677958248	327.0	-27.0	-2.0	95.0	
1504203056546	426698099849	327.0	-27.0	-2.0	95.0	
1504203056564	426718241451	327.0	-27.0	-2.0	95.0	
1504203056583	426738383052	327.0	-27.0	-2.0	95.0	
1504203056599	426758524654	327.0	-27.0	-2.0	95.0	
1504203056637	426778666256	327.134033203125	-27.0	-2.0	95.0	
1504203056652	426798807857	328.0	-27.0	-2.0	95.0	
1504203056670	426818949459	328.0	-27.0	-2.0	95.0	
1504203056687	426839091060	328.0	-27.0	-2.0	95.0	
1504203056705	426859232662	328.0	-27.0	-2.0	95.0	
1504203056722	426879374263	328.0	-27.0	-2.0	95.0	
1504203056742	426899515865	328.0	-27.0	-2.0	95.0	
1504203056775	426919657466	328.0	-27.0	-2.0	95.0	
1504203056793	426939799068	328.0	-27.0	-2.0	95.0	
1504203056813	426959940670	328.0	-27.0	-2.0	95.0	
1504203056828	426980082271	328.0	-27.0	-2.0	95.0	
1504203056847	427000223873	328.0	-27.0	-2.0	95.0	
1504203056864	427020365474	328.0	-27.0	-2.0	95.0	
1504203056881	427040507076	328.0	-27.0	-2.0	95.0	
1504203056916	427060648677	328.0	-27.0	-2.0	95.0	
1504203056934	427080790279	328.0	-27.0	-2.0	95.0	
1504203056951	427100931881	328.0	-27.0	-2.0	95.0	
1504203056969	427121073482	328.0	-27.0	-2.0	95.0	
1504203056987	427141215084	328.0	-27.0	-2.0	95.0	
1504203057005	427161356685	328.0	-27.0	-2.0	95.0	
1504203057022	427181498287	328.0	-27.0	-2.0	95.0	
1504203057040	427201639888	328.0	-27.0	-2.0	95.0	
1504203057075	427221781490	328.0	-27.0	-2.0	95.0	
1504203057094	427241923091	328.0	-27.0	-2.0	95.0	
1504203057112	427262064693	328.0	-27.0	-2.0	95.0	
1504203057128	427282206295	328.0	-27.0	-2.0	95.0	
1504203057146	427302347896	328.0	-27.0	-2.0	95.0	
1504203057165	427322489498	328.0	-27.0	-2.0	95.0	
1504203057181	427342631099	328.0	-27.0	-2.0	95.0	
1504203057216	427362772701	328.0	-27.0	-2.0	95.0	
1504203057234	427382914302	328.0	-27.0	-2.0	95.0	
1504203057252	427403055904	328.0	-27.0	-2.0	95.0	
1504203057271	427423197506	328.0	-27.431259155273438	-2.0	95.0	
1504203057287	427443339107	328.0	-28.0	-2.0	95.0	
1504203057305	427463480709	328.0	-28.0	-2.0	95.0	
1504203057323	427483622310	328.0	-28.0	-2.0	95.0	
1504203057339	427503763912	328.0	-28.0	-2.0	95.0	
1504203057375	427523905513	328.0	-28.0	-2.0	95.0	
1504203057401	427544047115	328.0	-28.0	-2.0	95.0	
1504203057415	427564188716	328.0	-28.0	-2.0	95.0	
1504203057428	427584330318	328.0	-28.0	-2.0	95.0	
1504203057445	427604471920	328.0	-28.0	-2.0	95.0	
1504203057462	427624613521	328.0	-28.0	-2.0	95.0	
1504203057481	427644755123	328.0	-28.0	-2.0	95.0	
1504203057515	427664896724	328.0	-28.0	-2.0	95.0	
1504203057533	427685038326	328.0	-28.0	-2.0	95.0	
1504203057551	427705179927	328.0	-28.0	-2.0	95.0	
1504203057568	427725321529	328.0	-28.0	-2.0	95.0	
1504203057587	427745463131	328.0	-28.0	-2.0	95.0	
1504203057603	427765604732	328.0	-28.0	-2.0	95.0	
1504203057622	427785746334	328.0	-28.0	-2.0	95.0	
1504203057639	427805887935	328.0	-28.0	-2.0	95.0	
1504203057674	427826029537	328.0	-28.0	-2.0	95.0	
1504203057692	427846171138	328.0	-28.0	-2.0	95.0	
1504203057709	427866312740	328.0	-28.0	-2.0	95.0	
1504203057727	427886454341	328.0	-28.0	-2.0	95.0	
1504203057746	427906595943	328.0	-28.0	-2.0	95.0	
1504203057763	427926737545	328.0	-28.0	-2.0	95.0	
1504203057798	427946879146	328.0	-28.0	-2.0	95.0	
1504203057815	427967020748	328.0	-28.0	-2.0	95.0	
1504203057834	427987162349	328.0	-28.0	-2.0	95.0	
1504203057852	428007303951	328.0	-28.0	-2.0	95.0	
1504203057868	428027445552	328.0	-28.0	-2.0	95.0	
1504203057886	428047587154	328.0	-28.0	-2.0	95.0	
1504203057905	428067728756	328.0	-28.0	-2.0	95.0	
1504203057939	428087870357	328.0	-28.0	-2.0	95.0	
1504203057957	428108011959	328.0	-28.0	-2.0	95.0	
1504203057975	428128153560	328.0	-28.0	-2.0	95.0	
1504203057992	428148295162	328.0	-28.0	-2.0	95.0	
1504203058010	428168436763	328.0	-28.0	-2.0	95.0	
1504203058027	428188578365	328.0	-28.0	-2.0	95.0	
1504203058045	428208719966	328.0	-28.0	-2.0	95.0	
1504203058079	428228861568	328.0	-28.0	-2.0	95.0	
1504203058097	428249003170	328.0	-28.0	-2.0	95.0	
1504203058116	428269144771	328.0	-28.0	-2.0	95.0	
1504203058133	428289286373	328.0	-28.0	-2.0	95.0	
1504203058151	428309427974	328.0	-28.0	-2.0	95.0	
1504203058169	428329569576	328.0	-28.0	-2.0	95.0	
1504203058206	428349711177	328.0	-28.0	-2.0	95.0	
1504203058221	428369852779	328.0	-28.0	-2.0	95.0	
1504203058238	428389994381	328.0	-28.0	-2.0	95.0	
1504203058256	428410135982	328.0	-28.0	-2.0	95.0	
1504203058274	428430277584	328.0	-28.0	-2.0	95.0	
1504203058295	428450419185	328.0	-28.0	-2.0	95.0	
1504203058309	428470560787	328.0	-28.0	-2.0	95.0	
1504203058346	428490702388	328.0	-28.0	-2.0	95.0	
1504203058363	428510843990	328.0	-28.0	-2.0	95.0	
1504203058381	428530985591	328.0	-28.0	-2.0	95.0	
1504203058397	428551127193	328.0	-28.0	-2.0	95.0	
1504203058414	428571268795	328.0	-28.0	-2.0	95.0	
1504203058434	428591410396	328.0	-28.0	-2.0	95.0	
1504203058468	428611551998	328.0	-28.0	-2.0	95.0	
1504203058486	428631693599	328.0	-28.0	-2.0	95.0	
1504203058502	428651835201	328.0	-28.0	-2.0	95.0	
1504203058520	428671976802	328.0	-28.0	-2.0	95.0	
1504203058539	428692118404	328.0	-28.0	-2.0	95.0	
1504203058556	428712260006	328.0	-28.0	-2.0	95.0	
1504203058574	428732401607	328.0	-28.0	-2.0	95.0	
1504203058609	428752543209	328.0	-28.0	-2.0	95.0	
1504203058626	428772684810	328.0	-28.0	-2.0	95.0	
1504203058643	428792826412	328.0	-28.0	-2.0	95.0	
1504203058661	428812968013	328.0	-28.0	-2.0	95.0	
1504203058679	428833109615	328.0	-28.0	-2.0	95.0	
1504203058699	428853251216	328.0	-28.0	-2.0	95.0	
1504203058735	428873392818	328.0	-28.0	-2.0	95.0	
1504203058754	428893534420	328.0	-28.0	-2.0	95.0	
1504203058767	428913676021	328.0	-28.0	-2.0	95.0	
1504203058785	428933817623	328.0	-28.0	-2.0	95.0	
1504203058802	428953959224	328.0	-28.0	-2.0	95.0	
1504203058819	428974100826	328.0	-28.0	-2.0	95.0	
1504203058837	428994242427	328.0	-28.0	-2.0	95.0	
1504203058872	429014384029	328.0	-28.0	-2.0	95.0	
1504203058890	429034525631	328.0	-28.0	-2.225128173828125	95.0	
1504203058909	429054667232	328.0	-28.0	-3.0	95.0	
1504203058925	429074808834	328.0	-28.0	-3.0	95.0	
1504203058943	429094950435	328.0	-28.0	-3.0	95.0	
1504203058962	429115092037	328.0	-28.0	-3.0	95.0	
1504203058978	429135233638	328.0	-28.0	-3.0	95.0	
1504203059015	429155375240	328.0	-28.0	-3.0	95.0	
1504203059031	429175516841	328.0	-28.0	-3.0	95.0	
1504203059049	429195658443	328.0	-28.0	-3.0	95.0	
1504203059066	429215800045	328.0	-28.0	-3.0	95.0	
1504203059084	429235941646	328.0	-28.0	-3.0	95.0	
1504203059101	429256083248	328.0	-28.0	-3.0	95.0	
1504203059137	429276224849	328.0	-27.0	-3.0	95.0	
1504203059155	429296366451	328.0	-27.0	-3.0	95.0	
1504203059174	429316508052	328.0	-27.0	-3.0	95.0	
1504203059190	429336649654	328.0	-27.0	-3.0	95.0	
1504203059208	429356791256	328.0	-27.0	-3.0	95.0	
1504203059226	429376932857	328.0	-27.0	-3.0	95.0	
1504203059244	429397074459	328.0	-27.0	-3.0	95.0	
1504203059263	429417219285	328.0	-27.0	-3.0	95.0	
1504203059296	429437360887	328.0	-27.0	-3.0	95.0	
1504203059314	429457502488	328.0	-27.0	-3.0	95.0	
1504203059332	429477644090	328.0	-27.0	-3.0	95.0	
1504203059349	429497785691	328.0	-27.0	-3.0	95.0	
1504203059370	429517927293	328.0	-27.0	-3.0	95.0	
1504203059387	429538068895	328.0	-27.0	-3.0	95.0	
1504203059403	429558210496	328.0	-27.0	-3.0	95.0	
1504203059438	429578352098	328.0	-27.0	-3.0	95.0	
1504203059455	429598493699	328.0	-27.0	-3.0	95.0	
1504203059473	429618635301	328.0	-27.0	-3.0	95.0	
1504203059491	429638776902	328.0	-27.0	-3.0	95.0	
1504203059509	429658918504	328.0	-27.0	-3.0	95.0	
1504203059526	429679060106	328.0	-27.0	-3.0	95.0	
1504203059546	429699201707	328.0	-27.0	-3.0	95.0	
1504203059579	429719343309	328.0	-27.0	-3.0	95.0	
1504203059600	429739484910	328.0	-27.0	-3.0	95.0	
1504203059613	429759626512	328.0	-27.0	-3.0	95.0	
1504203059631	429779768113	328.0	-27.0	-2.5465545654296875	95.0	
1504203059649	429799909715	328.0	-27.0	-2.0	95.0	
1504203059666	429820051316	328.0	-27.0	-2.0	95.0	
1504203059685	429840192918	328.0	-27.0	-2.0	95.0	
1504203059719	429860334520	328.0	-27.0	-2.0	95.0	
1504203059737	429880476121	328.0	-27.0	-2.0	95.0	
1504203059755	429900617723	328.0	-27.0	-2.0	95.0	
1504203059775	429920759324	328.0	-27.0	-2.0	95.0	
1504203059790	429940900926	328.0	-27.0	-2.556884765625	95.0	
1504203059811	429961042527	328.0	-27.0	-3.0	95.0	
1504203059828	429981184129	328.0	-27.0	-3.0	95.0	
1504203059843	430001325731	328.0	-27.0	-3.0	95.0	
1504203059877	430021467332	328.0	-27.0	-2.0	95.0	
1504203059895	430041608934	328.0	-27.0	-2.0	95.0	
1504203059914	430061750535	328.0	-27.0	-2.0	95.0	
1504203059930	430081892137	328.0	-27.0	-2.0	95.0	
1504203059947	430102033738	328.0	-27.0	-2.0	95.0	
1504203059967	430122175340	328.0	-27.0	-2.7968902587890625	95.0	
1504203059983	430142316941	328.0	-27.0	-3.0	95.0	
1504203060020	430162458543	328.0	-27.0	-3.0	95.0	
1504203060036	430182600145	328.0	-27.0	-3.0	95.0	
1504203060054	430202741746	328.0	-27.0	-3.0	95.0	
1504203060071	430222883348	328.0	-27.0	-3.0	95.0	
1504203060088	430243024949	328.0	-27.0	-3.0	95.0	
1504203060106	430263166551	328.0	-27.0	-3.0	95.0	
1504203060125	430283308152	328.0	-27.0	-3.0	95.0	
1504203060159	430303449754	328.0	-27.0	-3.0	95.0	
1504203060177	430323591356	328.0	-27.0	-3.0	95.0	
1504203060194	430343732957	328.0	-27.0	-3.0	95.0	
1504203060217	430363874559	328.0	-27.0	-3.0	95.0	
1504203060231	430384016160	328.0	-27.0	-3.0	95.0	
1504203060251	430404157762	328.0	-27.0	-3.0	95.0	
1504203060266	430424299363	328.0	-27.0	-3.0	95.0	
1504203060301	430444440965	328.0	-27.0	-3.0	95.0	
1504203060322	430464582566	328.0	-27.0	-3.0	95.0	
1504203060337	430484724168	328.0	-27.0	-3.0	95.0	
1504203060354	430504865770	328.0	-27.0	-3.0	95.0	
1504203060371	430525007371	328.0	-27.0	-3.0	95.0	
1504203060400	430545148973	328.0	-27.0	-3.0	95.0	
1504203060408	430565290574	328.0	-27.0	-3.0	95.0	
1504203060425	430585432176	328.0	-27.0	-3.0	95.0	
1504203060460	430605573777	328.0	-27.0	-3.0	95.0	
1504203060481	430625715379	328.0	-27.0	-3.0	95.0	
1504203060494	430645856981	328.0	-27.0	-3.0	95.0	
1504203060512	430665998582	328.0	-27.0	-3.0	95.0	
1504203060530	430686140184	328.0	-27.0	-3.0	95.0	
1504203060548	430706281785	328.0	-27.0	-3.0	95.0	
1504203060564	430726423387	328.0	-27.0	-3.0	95.0	
1504203060600	430746564988	328.0	-27.0	-3.0	95.0	
1504203060617	430766706590	328.0	-27.0	-3.0	95.0	
1504203060635	430786848191	328.0	-27.0	-3.0	95.0	
1504203060653	430806989793	328.4844970703125	-27.0	-3.0	95.0	
1504203060671	430827131395	328.378662109375	-27.0	-3.0	95.0	
1504203060688	430847272996	328.0	-27.0	-3.0	95.0	
1504203060707	430867414598	328.0	-27.0	-3.0	95.0	
1504203060741	430887556199	328.0	-27.0	-3.0	95.0	
1504203060759	430907697801	328.0	-27.0	-3.0	95.0	
1504203060779	430927839402	328.0	-27.0	-3.0	95.0	
1504203060794	430947981004	328.0	-27.0	-3.0	95.0	
1504203060813	430968122606	328.0	-27.0	-3.0	95.0	
1504203060830	430988264207	328.0	-27.0	-3.0	95.0	
1504203060847	431008405809	328.0	-27.0	-3.0	95.0	
1504203060866	431028547410	328.0	-27.0	-3.0	95.0	
1504203060900	431048689012	328.0	-27.0	-3.0	95.0	
1504203060919	431068830613	328.0	-27.0	-3.0	95.0	
1504203060935	431088972215	328.0	-27.0	-3.0	95.0	
1504203060952	431109113816	328.0	-27.0	-3.0	95.0	
1504203060971	431129255418	328.0	-27.0	-3.0	95.0	
1504203060988	431149397020	328.0	-27.0	-3.0	95.0	
1504203061005	431169538621	328.0	-27.0	-3.0	95.0	
1504203061041	431189680223	328.0	-27.0	-3.0	95.0	
1504203061059	431209821824	328.0	-27.0	-3.0	95.0	
1504203061077	431229963426	328.3775634765625	-27.0	-3.0	95.0	
1504203061095	431250105027	329.0	-27.0	-3.0	95.0	
1504203061112	431270246629	329.0	-27.0	-3.0	95.0	
1504203061129	431290388231	329.0	-27.0	-3.0	95.0	
1504203061146	431310529832	329.0	-27.0	-3.0	95.0	
1504203061182	431330671434	329.0	-27.0	-3.0	95.0	
1504203061199	431350813035	329.0	-27.0	-3.0	95.0	
1504203061218	431370954637	329.0	-27.0	-3.0	95.0	
1504203061236	431391096238	329.0	-27.0	-3.0	95.0	
1504203061252	431411237840	329.0	-27.0	-3.0	95.0	
1504203061270	431431379441	329.0	-27.0	-3.0	95.0	
1504203061288	431451521043	329.0	-27.0	-3.0	95.0	
1504203061323	431471662645	328.9672546386719	-27.0	-3.0	95.0	
1504203061340	431491804246	328.0	-27.0	-3.0	95.0	
1504203061358	431511945848	328.0	-27.0	-3.0	95.0	
1504203061376	431532087449	328.0	-27.0	-3.0	95.0	
1504203061394	431552229051	328.0	-27.0	-3.0	95.0	
1504203061411	431572370652	328.0	-27.0	-3.0	95.0	
1504203061429	431592512254	328.0	-27.0	-3.0	95.0	
1504203061446	431612653856	328.0	-27.0	-3.0	95.0	
1504203061482	431632795457	328.0	-27.0	-3.0	95.0	
1504203061504	431652937059	328.0	-27.0	-3.27239990234375	95.0	
1504203061517	431673078660	328.0	-27.0	-4.0	95.0	
1504203061534	431693220262	328.0	-27.548263549804688	-4.0	95.0	
1504203061553	431713361863	328.0	-28.0	-4.0	95.0	
1504203061579	431733503465	328.8241271972656	-28.0	-4.0	95.0	
1504203061597	431753645066	329.0	-28.0	-4.0	95.0	
1504203061622	431773786668	329.0	-28.0	-3.8975830078125	95.0	
1504203061644	431793928270	329.0	-28.0	-3.0	95.0	
1504203061659	431814069871	329.0	-28.0	-3.0	95.0	
1504203061675	431834211473	329.0	-28.0	-3.0	95.0	
1504203061694	431854353074	329.0	-28.0	-3.0	95.0	
1504203061711	431874494676	329.0	-28.0	-3.0	95.0	
1504203061728	431894636277	329.0	-28.0	-3.0	95.0	
1504203061763	431914777879	329.0	-27.0	-3.0	95.0	
1504203061786	431934919481	329.0	-27.0	-3.0	95.0	
1504203061801	431955061082	329.0	-27.0	-3.0	95.0	
1504203061818	431975202684	329.0	-27.0	-3.0	95.0	
1504203061834	431995344285	328.089599609375	-27.0	-3.0	95.0	
1504203061870	432015485887	328.90863037109375	-27.0	-3.0	95.0	
1504203061887	432035627488	328.0	-27.0	-3.0	95.0	
1504203061905	432055769090	328.0	-27.0	-3.0	95.0	
1504203061924	432075910691	328.0	-27.0	-3.0	95.0	
1504203061940	432096052293	328.0	-27.0	-3.0	95.0	
1504203061958	432116193895	328.0	-27.0	-3.0	95.0	
1504203061993	432136335496	328.0	-27.0	-3.0	95.0	
1504203062010	432156477098	328.0	-27.0	-3.0	95.0	
1504203062028	432176618699	328.0	-27.0	-3.5417327880859375	95.0	
1504203062045	432196760301	328.0	-27.0	-4.0	95.0	
1504203062063	432216901902	328.0	-27.0	-4.0	95.0	
1504203062082	432237043504	328.0	-27.0	-4.0	95.0	
1504203062116	432257185106	328.0	-27.0	-4.0	95.0	
1504203062135	432277326707	328.0	-27.0	-4.0	95.0	
1504203062151	432297468309	328.0	-27.0	-4.0	95.0	
1504203062169	432317609910	328.0	-27.0	-4.0	95.0	
1504203062187	432337751512	328.0	-27.0	-4.0	95.0	
1504203062204	432357893113	328.0	-27.0	-4.0	95.0	
1504203062222	432378034715	328.0	-27.0	-4.0	95.0	
1504203062256	432398176316	328.0	-27.0	-4.0	95.0	
1504203062274	432418317918	328.0	-27.0	-4.0	95.0	
1504203062292	432438459520	328.0	-27.0	-4.0	95.0	
1504203062309	432458601121	328.4468994140625	-27.0	-4.0	95.0	
1504203062328	432478742723	329.0	-27.0	-4.0	95.0	
1504203062346	432498884324	329.0	-27.0	-4.0	95.0	
1504203062363	432519025926	329.0	-27.0	-4.0	95.0	
1504203062380	432539167527	329.0	-27.0	-4.0	95.0	
1504203062416	432559309129	328.0	-27.0	-4.0	95.0	
1504203062433	432579450731	328.0	-27.0	-4.0	95.0	
1504203062451	432599592332	328.0	-27.0	-4.0	95.0	
1504203062469	432619733934	328.4862976074219	-27.0	-4.0	95.0	
1504203062487	432639875535	329.0	-27.0	-4.0	95.0	
1504203062505	432660017137	329.0	-27.0	-4.0	95.0	
1504203062522	432680158738	328.125	-27.0	-4.0	95.0	
1504203062558	432700300340	328.005126953125	-27.0	-4.0	95.0	
1504203062575	432720441941	329.0	-27.0	-4.0	95.0	
1504203062592	432740583543	329.0	-27.0	-4.0	95.0	
1504203062609	432760725145	329.0	-27.0	-4.0	95.0	
1504203062627	432780866746	329.0	-27.0	-4.0	95.0	
1504203062644	432801008348	329.0	-27.0	-4.0	95.0	
1504203062663	432821149949	329.0	-27.0	-4.0	95.0	
1504203062680	432841291551	329.0	-27.0	-4.0	95.0	
1504203062716	432861433152	329.0	-27.0	-4.0	95.0	
1504203062733	432881574754	329.0	-27.0	-4.0	95.0	
1504203062751	432901716356	329.0	-27.0	-4.0	95.0	
1504203062769	432921857957	329.0	-27.0	-4.0	95.0	
1504203062787	432941999559	329.0	-27.0	-4.0	95.0	
1504203062804	432962141160	329.0	-27.0	-3.3065185546875	95.0	
1504203062823	432982282762	329.0	-27.0	-3.0	95.0	
1504203062840	433002424363	329.0	-27.0	-3.0	95.0	
1504203062874	433022565965	329.0	-27.0	-3.0	95.0	
1504203062892	433042707566	329.0	-27.0	-3.0	95.0	
1504203062909	433062849168	329.0	-27.0	-3.0	95.0	
1504203062929	433082990770	329.0	-27.0	-3.0	95.0	
1504203062945	433103132371	329.0	-27.0	-3.0	95.0	
1504203062963	433123273973	329.0	-27.0	-3.0	95.0	
1504203062982	433143415574	329.0	-27.0	-3.0	95.0	
1504203062998	433163557176	328.0085754394531	-27.0	-3.0	95.0	
1504203063033	433183698777	328.87841796875	-27.0	-3.0	95.0	
1504203063051	433203840379	328.0	-27.0	-3.0	95.0	
1504203063068	433223981981	328.0	-27.0	-3.0	95.0	
1504203063088	433244123582	328.0	-27.0	-3.0	95.0	
1504203063104	433264265184	328.6632080078125	-27.0	-3.0	95.0	
1504203063121	433284406785	329.0	-27.0	-3.0	95.0	
1504203063140	433304548387	328.045166015625	-27.0	-3.0	95.0	
1504203063174	433324689988	328.0	-27.0	-3.0	95.0	
1504203063193	433344831590	328.24652099609375	-27.0	-3.0	95.0	
1504203063209	433364973191	329.0	-27.0	-3.0	95.0	
1504203063226	433385114793	329.0	-27.0	-3.0	95.0	
1504203063246	433405256395	329.0	-27.0	-3.0	95.0	
1504203063262	433425397996	329.0	-27.0	-3.0	95.0	
1504203063279	433445539598	329.0	-27.0	-3.0	95.0	
1504203063315	433465681199	329.0	-27.0	-3.0	95.0	
1504203063333	433485822801	329.0	-27.0	-3.0	95.0	
1504203063352	433505964402	329.0	-27.0	-3.0	95.0	
1504203063368	433526106004	329.0	-27.0	-3.0	95.0	
1504203063386	433546247606	329.0	-27.0	-3.0	95.0	
1504203063404	433566389207	329.0	-27.0	-3.0	95.0	
1504203063420	433586530809	329.0	-27.0	-3.0	95.0	
1504203063456	433606672410	329.0	-27.0	-3.0	95.0	
1504203063473	433626814012	329.0	-27.0	-3.0	95.0	
1504203063491	433646955613	329.0	-27.0	-3.0	95.0	
1504203063511	433667097215	329.0	-27.0	-3.0	95.0	
1504203063526	433687238816	329.0	-27.0	-3.0	95.0	
1504203063543	433707380418	329.0	-27.0	-3.0	95.0	
1504203063579	433727522020	329.0	-27.0	-3.0	95.0	
1504203063597	433747663621	329.0	-27.0	-3.0	95.0	
1504203063616	433767805223	329.0	-27.0	-3.0	95.0	
1504203063632	433787946824	329.0	-27.0	-3.0	95.0	
1504203063652	433808088426	329.0	-27.0	-3.0	95.0	
1504203063668	433828230027	329.0	-27.0	-3.0	95.0	
1504203063685	433848371629	329.0	-27.0	-3.0	95.0	
1504203063720	433868513231	329.0	-27.0	-3.0	95.0	
1504203063738	433888654832	329.0	-27.0	-3.0	95.0	
1504203063756	433908796434	329.0	-27.0	-3.0	95.0	
1504203063775	433928938035	329.0	-27.0	-3.0	95.0	
1504203063791	433949079637	329.0	-27.0	-3.0	95.0	
1504203063808	433969221238	329.0	-27.0	-3.0	95.0	
1504203063827	433989362840	329.0	-27.0	-3.0	95.0	
1504203063861	434009504441	329.0	-27.0	-3.0	95.0	
1504203063879	434029646043	329.0	-27.0	-3.0	95.0	
1504203063897	434049787645	329.0	-27.0	-3.0	95.0	
1504203063914	434069929246	329.0	-27.0	-3.0	95.0	
1504203063934	434090070848	329.0	-27.0	-3.0	95.0	
1504203063949	434110212449	329.0	-27.0	-3.0	95.0	
1504203063967	434130354051	329.0	-27.0	-3.0	95.0	
1504203064002	434150495652	329.0	-27.0	-3.0	95.0	
1504203064019	434170637254	329.0	-27.0	-3.0	95.0	
1504203064039	434190778856	329.0	-27.0	-3.0	95.0	
1504203064055	434210920457	329.0	-27.0	-3.0	95.0	
1504203064073	434231062059	329.0	-27.0	-3.0	95.0	
1504203064092	434251203660	329.0	-27.0	-3.0	95.0	
1504203064108	434271345262	329.0	-27.0	-3.0	95.0	
1504203064143	434291486863	329.0	-27.0	-3.0	95.0	
1504203064160	434311628465	329.0	-27.0	-3.0	95.0	
1504203064178	434331770066	329.0	-27.0	-3.0	95.0	
1504203064197	434351911668	329.0	-27.0	-3.0	95.0	
1504203064214	434372053270	329.0	-27.0	-3.0	95.0	
1504203064231	434392194871	329.0	-27.0	-3.0	95.0	
1504203064251	434412336473	329.0	-27.0	-3.0	95.0	
1504203064284	434432478074	329.0	-27.0	-3.0	95.0	
1504203064305	434452619676	329.0	-27.0	-3.0	95.0	
1504203064319	434472761277	329.0	-27.0	-3.0	95.0	
1504203064337	434492902879	329.0	-27.0	-3.0	95.0	
1504203064355	434513044481	329.0	-27.0	-3.0	95.0	
1504203064372	434533186082	329.0	-27.0	-3.0	95.0	
1504203064390	434553327684	329.0	-27.0	-3.0	95.0	
1504203064425	434573469285	329.0	-27.0	-3.0	95.0	
1504203064443	434593610887	329.0	-27.0	-3.0	95.0	
1504203064461	434613752488	329.0	-27.0	-3.0	95.0	
1504203064478	434633894090	329.0	-27.0	-3.0	95.0	
1504203064496	434654035691	329.0	-27.0	-3.0	95.0	
1504203064515	434674177293	329.0	-27.0	-3.0	95.0	
1504203064549	434694318895	329.0	-27.0	-3.0	95.0	
1504203064566	434714460496	329.0	-27.0	-3.0	95.0	
1504203064584	434734602098	329.0	-27.0	-3.0	95.0	
1504203064602	434754743699	329.0	-27.0	-3.0	95.0	
1504203064622	434774885301	329.0	-27.0	-3.0	95.0	
1504203064639	434795026902	329.0	-27.0	-3.0	95.0	
1504203064659	434815168504	329.0	-27.0	-3.0	95.0	
1504203064695	434835310106	329.0	-27.0	-3.0	95.0	
1504203064711	434855451707	329.0	-27.0	-3.0	95.0	
1504203064726	434875593309	329.0	-27.0	-3.0	95.0	
1504203064743	434895734910	329.0	-27.0	-3.0	95.0	
1504203064761	434915876512	329.0	-27.0	-3.0	95.0	
1504203064780	434936018113	329.0	-27.0	-3.0	95.0	
1504203064798	434956159715	329.0	-27.0	-3.0	95.0	
1504203064830	434976301316	329.0	-27.0	-3.0	95.0	
1504203064850	434996442918	329.0	-27.0	-3.0	95.0	
1504203064874	435016584520	329.0	-27.0	-3.0	95.0	
1504203064897	435036726121	329.0	-27.0	-3.0	95.0	
1504203064918	435056867723	329.0	-27.0	-3.0	95.0	
1504203064927	435077009324	329.0	-27.0	-3.0	95.0	
1504203064940	435097150926	329.0	-27.0	-3.0	95.0	
1504203064981	435117292527	329.0	-27.0	-3.0	95.0	
1504203064993	435137434129	329.0	-27.0	-3.0	95.0	
1504203065007	435157575731	329.0	-27.0	-3.0	95.0	
1504203065027	435177717332	329.0	-27.0	-3.0	95.0	
1504203065047	435197858934	329.0	-27.0	-3.0	95.0	
1504203065061	435218000535	329.0	-27.0	-3.0	95.0	
1504203065077	435238142137	329.0	-27.0	-3.0	95.0	
1504203065114	435258283738	329.0	-27.0	-3.0	95.0	
1504203065131	435278425340	329.0	-27.0	-3.0	95.0	
1504203065151	435298566941	329.0	-27.0	-3.0	95.0	
1504203065166	435318708543	329.0	-27.0	-3.0	95.0	
1504203065183	435338850145	329.0	-27.0	-3.0	95.0	
1504203065203	435358991746	329.0	-27.0	-3.0	95.0	
1504203065227	435379133348	329.0	-27.0	-3.0	95.0	
1504203065254	435399274949	329.0	-27.0	-3.0	95.0	
1504203065280	435419416551	329.0	-27.0	-3.0	95.0	
1504203065288	435439558152	329.0	-27.0	-3.0	95.0	
1504203065308	435459699754	329.0	-27.0	-3.0	95.0	
1504203065324	435479841356	329.0	-27.0	-3.0	95.0	
1504203065343	435499982957	329.0	-27.0	-3.0	95.0	
1504203065363	435520124559	329.0	-27.0	-3.0	95.0	
1504203065395	435540266160	329.0	-27.0	-3.0	95.0	
1504203065413	435560407762	329.0	-27.0	-3.0	95.0	
1504203065432	435580549363	329.0	-27.0	-3.0	95.0	
1504203065451	435600690965	329.0	-27.0	-3.0	95.0	
1504203065482	435620832566	329.0	-27.0	-3.0	95.0	
1504203065489	435640974168	329.0	-27.0	-3.0	95.0	
1504203065518	435661115770	329.0	-27.0	-3.0	95.0	
1504203065536	435681257371	329.0	-27.0	-3.0	95.0	
1504203065556	435701398973	329.0	-27.0	-3.0	95.0	
1504203065574	435721540574	329.0	-27.0	-3.0	95.0	
1504203065589	435741682176	329.0	-27.0	-3.0	95.0	
1504203065606	435761823777	329.0	-27.0	-3.0	95.0	
1504203065627	435781965379	329.0	-27.0	-3.0	95.0	
1504203065661	435802106981	329.0	-27.0	-3.0	95.0	
1504203065676	435822248582	329.0	-27.0	-3.0	95.0	
1504203065695	435842390184	329.0	-27.0	-3.0	95.0	
1504203065713	435862531785	329.0	-27.0	-3.0	95.0	
1504203065732	435882673387	329.0	-27.0	-3.0	95.0	
1504203065768	435902814988	329.0	-27.0	-3.0	95.0	
1504203065797	435922956590	329.0	-27.0	-3.0	95.0	
1504203065825	435943098191	329.0	-27.0	-3.0	95.0	
1504203065836	435963239793	329.0	-27.0	-3.0	95.0	
1504203065846	435983381395	329.0	-27.0	-3.0	95.0	
1504203065855	436003522996	329.0	-27.0	-3.0	95.0	
1504203065872	436023664598	329.0	-27.0	-3.0	95.0	
1504203065891	436043806199	329.0	-27.0	-3.0	95.0	
1504203065909	436063947801	329.0	-27.0	-3.0	95.0	
1504203065946	436084089402	329.0	-27.0	-3.0	95.0	
1504203065962	436104231004	329.0	-27.0	-3.0	95.0	
1504203065982	436124372606	329.0	-27.0	-3.0	95.0	
1504203066002	436144514207	329.0	-27.0	-3.0	95.0	
1504203066041	436164655809	329.0	-27.0	-3.0	95.0	
1504203066057	436184797410	329.0	-27.0	-3.0	95.0	
1504203066076	436204939012	329.0	-27.0	-3.0	95.0	
1504203066094	436225080613	329.0	-27.0	-3.0	95.0	
1504203066104	436245222215	329.0	-27.0	-3.0	95.0	
1504203066119	436265363816	329.0	-27.0	-3.0	95.0	
1504203066137	436285505418	329.0	-27.0	-3.0	95.0	
1504203066157	436305647020	329.0	-27.0	-3.0	95.0	
1504203066173	436325788621	329.0	-27.0	-3.0	95.0	
1504203066190	436345930223	329.0	-27.0	-3.0	95.0	
1504203066227	436366071824	329.0	-27.0	-3.0	95.0	
1504203066250	436386213426	329.0	-27.0	-3.0	95.0	
1504203066263	436406355027	329.0	-27.0	-3.0	95.0	
1504203066281	436426496629	329.0	-27.0	-3.0	95.0	
1504203066309	436446638231	329.0	-27.0	-3.0	95.0	
1504203066333	436466779832	329.0	-27.0	-3.0	95.0	
1504203066362	436486921434	329.0	-27.0	-3.0	95.0	
1504203066412	436507063035	329.0	-27.0	-3.0	95.0	
1504203066421	436527204637	329.0	-27.0	-3.0	95.0	
1504203066438	436547346238	329.0	-27.0	-3.0	95.0	
1504203066450	436567487840	329.0	-27.0	-3.0	95.0	
1504203066462	436587629441	329.0	-27.0	-3.0	95.0	
1504203066476	436607771043	329.0	-27.0	-3.0	95.0	
1504203066500	436627912645	329.0	-27.0	-3.0	95.0	
1504203066509	436648054246	329.0	-27.0	-3.0	95.0	
1504203066544	436668195848	329.0	-27.0	-3.0	95.0	
1504203066554	436688337449	329.0	-27.0	-3.0	95.0	
1504203066561	436708479051	329.0	-27.0	-3.0	95.0	
1504203066577	436728620652	329.0	-27.0	-3.0	95.0	
1504203066594	436748762254	329.0	-27.0	-3.0	95.0	
1504203066635	436768903856	329.0	-27.0	-3.0	95.0	
1504203066650	436789045457	329.0	-27.0	-3.0	95.0	
1504203066666	436809187059	329.0	-27.0	-3.0	95.0	
1504203066685	436829328660	329.0	-27.0	-3.0	95.0	
1504203066702	436849470262	329.0	-27.0	-3.0	95.0	
1504203066723	436869611863	329.0	-27.0	-3.0	95.0	
1504203066752	436889753465	329.0	-27.0	-3.0	95.0	
1504203066787	436909895066	329.0	-27.0	-3.0	95.0	
1504203066811	436930036668	329.0	-27.0	-3.0	95.0	
1504203066831	436950178270	329.0	-27.0	-3.0	95.0	
1504203066853	436970319871	329.0	-27.0	-3.0	95.0	
1504203066858	436990461473	329.0	-27.0	-3.0	95.0	
1504203066869	437010603074	329.0	-27.0	-3.0	95.0	
1504203066876	437030744676	329.0	-27.0	-3.0	95.0	
1504203066912	437050886277	329.0	-27.0	-3.0	95.0	
1504203066930	437071027879	329.0	-27.0	-3.0	95.0	
1504203066948	437091169481	329.0	-27.0	-3.0	95.0	
1504203066965	437111311082	329.0	-27.0	-3.0	95.0	
1504203066983	437131452684	329.0	-27.0	-3.0	95.0	
1504203067013	437151594285	329.0	-27.0	-3.0	95.0	
1504203067032	437171735887	329.0	-27.0	-3.0	95.0	
1504203067077	437191877488	329.0	-27.0	-3.0	95.0	
1504203067098	437212019090	329.0	-27.0	-3.0	95.0	
1504203067119	437232160691	329.0	-27.0	-3.0	95.0	
1504203067127	437252302293	329.0	-27.0	-3.0	95.0	
1504203067138	437272443895	329.0	-27.0	-3.0	95.0	
1504203067152	437292585496	329.0	-27.0	-3.0	95.0	
1504203067166	437312727098	329.0	-27.0	-3.0	95.0	
1504203067194	437332868699	329.0	-27.0	-3.0	95.0	
1504203067212	437353010301	329.0	-27.0	-3.0	95.0	
1504203067228	437373151902	329.0	-27.0	-3.0	95.0	
1504203067247	437393293504	329.0	-27.0	-3.0	95.0	
1504203067264	437413435106	329.0	-27.0	-3.0	95.0	
1504203067283	437433576707	329.0	-27.0	-3.0	95.0	
1504203067299	437453718309	329.0	-27.0	-3.0	95.0	
1504203067335	437473859910	329.0	-27.0	-3.0	95.0	
1504203067353	437494001512	329.0	-27.0	-3.0	95.0	
1504203067377	437514143113	329.0	-27.0	-3.0	95.0	
1504203067388	437534284715	329.0	-27.0	-3.0	95.0	
1504203067418	437554426316	329.0	-27.0	-3.0	95.0	
1504203067444	437574567918	329.0	-27.0	-3.0	95.0	
1504203067452	437594709520	329.0	-27.0	-3.0	95.0	
1504203067477	437614851121	329.0	-27.0	-3.0	95.0	
1504203067497	437634992723	329.0	-27.0	-3.0	95.0	
1504203067515	437655134324	329.0	-27.0	-3.0	95.0	
1504203067531	437675275926	329.0	-27.0	-3.0	95.0	
1504203067546	437695417527	329.0	-27.0	-3.0	95.0	
1504203067568	437715559129	329.0	-27.0	-3.0	95.0	
1504203067595	437735700731	329.0	-27.0	-3.0	95.0	
1504203067637	437755842332	329.0	-27.0	-3.0	95.0	
1504203067662	437775983934	329.0	-27.0	-3.0	95.0	
1504203067682	437796125535	329.0	-27.0	-3.0	95.0	
1504203067705	437816267137	329.0	-27.0	-3.0	95.0	
1504203067723	437836408738	329.0	-27.0	-3.0	95.0	
1504203067745	437856550340	329.0	-27.0	-3.0	95.0	
1504203067754	437876691941	329.0	-27.0	-3.0	95.0	
1504203067773	437896833543	329.0	-27.0	-3.0	95.0	
1504203067784	437916975145	329.0	-27.0	-3.0	95.0	
1504203067793	437937116746	329.0	-27.0	-3.0	95.0	
1504203067811	437957258348	329.0	-27.0	-3.0	95.0	
1504203067829	437977399949	329.0	-27.0	-3.0	95.0	
1504203067850	437997541551	329.0	-27.0	-3.0	95.0	
1504203067866	438017683152	329.0	-27.0	-3.0	95.0	
1504203067904	438037824754	329.0	-27.0	-3.0	95.0	
1504203067921	438057966356	329.0	-27.0	-3.0	95.0	
1504203067939	438078107957	329.0	-27.0	-3.0	95.0	
1504203067955	438098249559	329.0	-27.0	-3.0	95.0	
1504203067970	438118391160	329.0	-27.0	-3.0	95.0	
1504203067990	438138532762	329.0	-27.0	-3.0	95.0	
1504203068022	438158674363	329.0	-27.0	-3.0	95.0	
1504203068052	438178815965	329.0	-27.0	-3.0	95.0	
1504203068069	438198957566	329.0	-27.0	-3.0	95.0	
1504203068075	438219099168	329.0	-27.0	-3.0	95.0	
1504203068093	438239240770	329.0	-27.0	-3.0	95.0	
1504203068111	438259382371	329.0	-27.0	-3.0	95.0	
1504203068127	438279523973	329.0	-27.0	-3.0	95.0	
1504203068145	438299665574	329.0	-27.0	-3.0	95.0	
1504203068180	438319807176	329.0	-27.0	-3.0	95.0	
1504203068198	438339948777	329.0	-27.0	-3.0	95.0	
1504203068215	438360090379	329.0	-27.0	-3.0	95.0	
1504203068237	438380231981	329.0	-27.0	-3.0	95.0	
1504203068257	438400373582	329.0	-27.0	-3.0	95.0	
1504203068278	438420515184	329.0	-27.0	-3.0	95.0	
1504203068300	438440656785	329.0	-27.0	-3.0	95.0	
1504203068347	438460798387	329.0	-27.0	-3.0	95.0	
1504203068366	438480939988	329.0	-27.0	-3.0	95.0	
1504203068386	438501081590	329.0	-27.0	-3.0	95.0	
1504203068402	438521223191	329.0	-27.0	-3.0	95.0	
1504203068412	438541364793	329.0	-27.0	-3.0	95.0	
1504203068426	438561506395	329.0	-27.0	-3.0	95.0	
1504203068438	438581647996	329.0	-27.0	-3.0	95.0	
1504203068453	438601789598	329.0	-27.0	-3.0	95.0	
1504203068482	438621931199	329.0	-27.0	-3.0	95.0	
1504203068500	438642072801	329.0	-27.278533935546875	-3.0	95.0	
1504203068516	438662214402	329.0	-28.0	-3.419677734375	95.0	
1504203068537	438682356004	329.0	-28.0	-4.0	95.0	
1504203068553	438702497606	329.0	-28.0	-4.0	95.0	
1504203068567	438722639207	329.0	-28.0	-4.0	95.0	
1504203068587	438742780809	329.0	-28.0	-4.0	95.0	
1504203068621	438762922410	329.0	-28.0	-3.873931884765625	95.0	
1504203068640	438783064012	329.0	-27.733566284179688	-3.0	95.0	
1504203068656	438803205613	329.0	-27.0	-3.0	95.0	
1504203068673	438823347215	329.0	-27.0	-3.0	95.0	
1504203068698	438843488816	329.0	-27.690841674804688	-3.0	95.0	
1504203068712	438863630418	329.0	-28.0	-3.0	95.0	
1504203068726	438883772020	329.0	-28.0	-3.0	95.0	
1504203068761	438903913621	329.0	-28.0	-3.0	95.0	
1504203068779	438924055223	329.0	-28.0	-3.0	95.0	
1504203068797	438944196824	329.0	-27.602767944335938	-3.0	95.0	
1504203068815	438964338426	329.0	-27.0	-3.0	95.0	
1504203068832	438984480027	329.0	-27.0	-3.0	95.0	
1504203068852	439004621629	329.0	-27.821792602539063	-3.0	95.0	
1504203068868	439024763231	329.0	-28.0	-3.0	95.0	
1504203068903	439044904832	329.0	-28.0	-3.0	95.0	
1504203068920	439065046434	329.0	-28.0	-3.2452392578125	95.0	
1504203068945	439085188035	329.0	-28.0	-3.61419677734375	95.0	
1504203068958	439105329637	329.0	-28.0	-3.0	95.0	
1504203068973	439125471238	329.0	-28.0	-3.0	95.0	
1504203068991	439145612840	329.0	-28.0	-3.0	95.0	
1504203069011	439165754441	329.0	-28.0	-2.0484466552734375	95.0	
1504203069043	439185896043	329.0	-28.0	-2.0	95.0	
1504203069060	439206037645	329.0	-28.0	-2.0	95.0	
1504203069079	439226179246	329.0	-28.0	-2.0	95.0	
1504203069096	439246320848	329.0	-28.0	-2.0	95.0	
1504203069115	439266462449	329.0	-28.0	-2.0	95.0	
1504203069131	439286604051	329.0	-28.0	-2.0	95.0	
1504203069148	439306745652	329.0	-28.0	-2.0	95.0	
1504203069184	439326887254	329.0	-28.0	-2.0	95.0	
1504203069202	439347028856	329.0	-28.0	-2.0	95.0	
1504203069220	439367170457	329.0	-28.0	-2.0	95.0	
1504203069237	439387312059	329.0	-28.0	-2.0	95.0	
1504203069256	439407449494	329.0	-28.0	-2.0	95.0	
1504203069276	439427591096	329.0	-28.0	-2.0	95.0	
1504203069291	439447732697	329.0	-28.0	-2.0	95.0	
1504203069327	439467874299	329.0	-28.0	-2.0	95.0	
1504203069343	439488015900	329.0	-28.0	-2.0	95.0	
1504203069361	439508157502	329.0	-28.0	-2.0	95.0	
1504203069380	439528299104	329.0	-28.0	-2.0	95.0	
1504203069396	439548440705	329.0	-28.0	-2.0	95.0	
1504203069414	439568582307	329.0	-28.0	-2.0	95.0	
1504203069433	439588723908	329.0	-28.0	-2.0	95.0	
1504203069466	439608865510	329.0	-28.0	-2.0	95.0	
1504203069484	439629007111	329.0	-28.0	-2.0	95.0	
1504203069501	439649148713	329.0	-28.0	-2.0	95.0	
1504203069519	439669290315	329.0	-28.0	-2.0	95.0	
1504203069538	439689431916	329.0	-28.0	-2.0	95.0	
1504203069555	439709573518	329.0	-28.0	-2.0	95.0	
1504203069573	439729715119	329.0	-28.0	-2.0	95.0	
1504203069608	439749856721	329.0	-28.0	-2.0	95.0	
1504203069628	439769998322	329.0	-28.0	-2.0	95.0	
1504203069643	439790139924	329.0	-28.0	-2.3304443359375	95.0	
1504203069661	439810281525	328.5277099609375	-28.0	-3.0	95.0	
1504203069678	439830423127	328.0	-28.0	-2.3858184814453125	95.0	
1504203069699	439850564729	328.0	-28.754745483398438	-2.7547454833984375	95.0	
1504203069714	439870706330	327.10382080078125	-29.89617919921875	-4.7923583984375	95.0	
1504203069750	439890847932	326.9620056152344	-32.07598876953125	-5.037994384765625	95.0	
1504203069766	439910989533	326.0	-34.35638427734375	-6.178192138671875	95.0	
1504203069785	439931131135	325.679931640625	-36.64013671875	-7.0	95.0	
1504203069802	439951272736	325.0	-39.38340759277344	-7.0	95.0	
1504203069819	439971414338	325.0	-42.204132080078125	-7.0	95.0	
1504203069836	439991555940	325.74395751953125	-45.23182678222656	-6.2560577392578125	95.0	
1504203069856	440011697541	326.0	-46.88580322265625	-6.88580322265625	95.0	
1504203069889	440031839143	326.0	-47.0	-7.02593994140625	95.0	
1504203069907	440051980744	326.0	-47.0	-8.167816162109375	95.0	
1504203069925	440072122346	325.69085693359375	-47.30914306640625	-9.0	95.0	
1504203069948	440092263947	325.0	-48.0	-9.449813842773438	95.0	
1504203069964	440112405549	325.0	-48.0	-10.0	95.0	
1504203069978	440132547150	324.2677001953125	-48.0	-10.0	95.0	
1504203069995	440152688752	324.0	-48.0	-10.0	95.0	
1504203070030	440172830354	323.0	-48.0	-11.0	95.0	
1504203070048	440192971955	323.0	-48.0	-11.0	95.0	
1504203070066	440213113557	322.7024230957031	-48.0	-11.297576904296875	95.0	
1504203070086	440233255158	322.0	-48.0	-12.0	95.0	
1504203070102	440253396760	321.419677734375	-48.0	-12.580307006835938	95.0	
1504203070121	440273538361	321.0	-48.0	-13.0	95.0	
1504203070137	440293679963	320.1366882324219	-48.0	-13.863311767578125	95.0	
1504203070173	440313821565	320.0	-48.0	-14.0	95.0	
1504203070190	440333963166	319.85467529296875	-48.0	-14.0	95.0	
1504203070206	440354104768	319.0	-48.0	-14.0	95.0	
1504203070224	440374246369	319.0	-48.428314208984375	-14.0	95.0	
1504203070241	440394387971	319.0	-49.0	-14.0	95.0	
1504203070260	440414529572	319.0	-49.0	-14.0	95.0	
1504203070279	440434671174	319.0	-48.14854431152344	-14.0	95.0	
1504203070295	440454812775	319.0	-48.0	-14.0	95.0	
1504203070333	440474954377	318.86505126953125	-48.0	-13.865066528320313	95.0	
1504203070348	440495095979	318.0	-48.0	-13.0	95.0	
1504203070368	440515237580	318.0	-48.0	-13.0	95.0	
1504203070385	440535379182	318.0	-48.0	-13.0	95.0	
1504203070408	440555520783	318.0	-47.30052185058594	-13.0	95.0	
1504203070421	440575662385	318.0	-47.0	-13.0	95.0	
1504203070439	440595803986	318.0	-47.0	-13.0	95.0	
1504203070471	440615945588	318.0	-47.0	-13.0	95.0	
1504203070489	440636087190	318.0	-47.0	-13.0	95.0	
1504203070507	440656228791	318.0	-47.0	-13.0	95.0	
1504203070524	440676370393	318.0	-47.0	-13.0	95.0	
1504203070542	440696511994	318.0	-47.0	-13.0	95.0	
1504203070559	440716653596	318.0	-46.1695556640625	-13.0	95.0	
1504203070577	440736795197	318.0	-46.0	-13.0	95.0	
1504203070612	440756936799	318.0	-46.0	-13.0	95.0	
1504203070630	440777078400	318.0	-46.0	-13.0	95.0	
1504203070650	440797220002	318.0	-46.0	-13.0	95.0	
1504203070665	440817361604	318.0	-46.0	-13.0	95.0	
1504203070683	440837503205	318.0	-46.0	-13.0	95.0	
1504203070703	440857644807	317.18133544921875	-46.0	-13.0	95.0	
1504203070718	440877786408	317.0	-46.0	-13.0	95.0	
1504203070753	440897928010	318.0	-45.0	-13.0	95.0	
1504203070771	440918069611	318.0	-45.0	-13.0	95.0	
1504203070789	440938211213	318.0	-44.61592102050781	-13.0	95.0	
1504203070808	440958352815	318.0	-43.47496032714844	-12.474960327148438	95.0	
1504203070824	440978494416	318.66607666015625	-43.0	-12.0	95.0	
1504203070842	440998636018	319.0	-42.192047119140625	-12.0	95.0	
1504203070860	441018777619	319.0	-41.05018615722656	-11.050186157226563	95.0	
1504203070894	441038919221	320.0	-39.91004943847656	-11.0	95.0	
1504203070912	441059060822	320.0	-38.76817321777344	-10.768173217773438	95.0	
1504203070929	441079202424	320.0	-37.626953125	-10.0	95.0	
1504203070947	441099344025	320.0	-36.48616027832031	-10.0	95.0	
1504203070966	441119485627	320.0	-36.0	-9.34429931640625	95.0	
1504203070982	441139627229	320.0	-35.202423095703125	-9.0	95.0	
1504203071000	441159768830	320.93780517578125	-35.0	-8.062179565429688	95.0	
1504203071035	441179910432	321.0	-34.0	-8.0	95.0	
1504203071053	441200052033	321.0	-33.7789306640625	-8.0	95.0	
1504203071070	441220193635	321.361572265625	-33.0	-8.0	95.0	
1504203071088	441240335236	322.0	-33.0	-8.0	95.0	
1504203071106	441260476838	322.0	-33.0	-8.0	95.0	
1504203071125	441280618440	322.78546142578125	-32.21453857421875	-7.21453857421875	95.0	
1504203071141	441300760041	323.0	-32.0	-7.0	95.0	
1504203071178	441320901643	323.069091796875	-32.0	-7.0	95.0	
1504203071194	441341043244	324.0	-31.790664672851563	-6.7906646728515625	95.0	
1504203071211	441361184846	324.3511962890625	-31.0	-6.0	95.0	
1504203071231	441381326447	325.4922180175781	-30.507781982421875	-5.507781982421875	95.0	
1504203071246	441401468049	326.0	-30.0	-5.0	95.0	
1504203071265	441421609650	326.77508544921875	-30.0	-5.0	95.0	
1504203071286	441441751252	327.0	-30.0	-5.0	95.0	
1504203071317	441461892854	328.0	-30.0	-5.0	95.0	
1504203071335	441482034455	328.0	-30.0	-5.0	95.0	
1504203071353	441502176057	327.6597595214844	-30.0	-5.0	95.0	
1504203071370	441522317658	327.0	-30.0	-5.0	95.0	
1504203071389	441542459260	327.0	-30.0	-5.0	95.0	
1504203071405	441562600861	327.0	-30.0	-4.2366180419921875	95.0	
1504203071423	441582742463	327.0	-30.0	-4.0	95.0	
1504203071458	441602884065	327.046630859375	-30.0	-4.0	95.0	
1504203071476	441623025666	328.0	-29.813156127929688	-4.0	95.0	
1504203071493	441643167268	328.0	-29.0	-3.671295166015625	95.0	
1504203071511	441663308869	328.0	-29.0	-3.0	95.0	
1504203071529	441683450471	328.0	-29.0	-3.0	95.0	
1504203071549	441703592072	327.2474060058594	-29.0	-3.0	95.0	
1504203071563	441723733674	327.0	-29.0	-3.0	95.0	
1504203071599	441743875275	327.0	-29.0	-3.0345916748046875	95.0	
1504203071617	441764016877	326.82354736328125	-29.0	-4.0	95.0	
1504203071634	441784158479	326.0	-29.0	-4.0	95.0	
1504203071653	441804300080	326.0	-29.0	-4.0	95.0	
1504203071670	441824441682	326.0	-29.0	-4.0	95.0	
1504203071687	441844583283	326.0	-29.0	-4.0	95.0	
1504203071706	441864724885	326.0	-29.0	-4.0	95.0	
1504203071740	441884866486	326.0	-29.0	-5.0	95.0	
1504203071759	441905008088	325.8341979980469	-29.165802001953125	-5.0	95.0	
1504203071775	441925149690	325.0	-30.0	-5.0	95.0	
1504203071793	441945291291	325.0	-29.551910400390625	-5.0	95.0	
1504203071812	441965432893	325.0	-29.0	-5.0	95.0	
1504203071828	441985574494	325.0	-29.0	-5.0	95.0	
1504203071846	442005716096	325.0	-29.0	-5.0	95.0	
1504203071881	442025857697	325.0	-29.0	-5.0138092041015625	95.0	
1504203071899	442045999299	325.0	-29.0	-6.0	95.0	
1504203071918	442066140900	325.0	-29.0	-6.0	95.0	
1504203071934	442086282502	325.0	-29.0	-6.0	95.0	
1504203071952	442106424104	325.0	-29.0	-6.0	95.0	
1504203071971	442126565705	325.0	-29.0	-6.0	95.0	
1504203071987	442146707307	325.0	-29.0	-6.0	95.0	
1504203072022	442166848908	324.0	-29.0	-6.0	95.0	
1504203072040	442186990510	324.0	-29.0	-6.0	95.0	
1504203072058	442207132111	324.0	-29.0	-6.0	95.0	
1504203072076	442227273713	324.0	-29.42559814453125	-6.0	95.0	
1504203072093	442247415315	324.0	-30.0	-6.0	95.0	
1504203072110	442267556916	324.0	-30.0	-6.0	95.0	
1504203072130	442287698518	324.0	-30.0	-6.0	95.0	
1504203072146	442307840119	324.0	-30.0	-6.0	95.0	
1504203072181	442327981721	324.0	-30.0	-6.0	95.0	
1504203072199	442348123322	324.0	-30.0	-6.0	95.0	
1504203072217	442368264924	324.0	-30.0	-6.0	95.0	
1504203072236	442388406525	324.0	-30.0	-6.0	95.0	
1504203072252	442408548127	324.0	-30.0	-6.0	95.0	
1504203072269	442428689729	324.0	-30.0	-6.0	95.0	
1504203072288	442448831330	324.0	-30.0	-6.0	95.0	
1504203072322	442468972932	324.0	-30.0	-6.0	95.0	
1504203072340	442489114533	324.0	-30.262969970703125	-6.0	95.0	
1504203072357	442509256135	324.0	-31.0	-6.0	95.0	
1504203072375	442529397736	324.0	-31.0	-6.0	95.0	
1504203072395	442549539338	324.0	-31.0	-6.0	95.0	
1504203072410	442569680940	324.0	-31.0	-6.0	95.0	
1504203072428	442589822541	324.9688720703125	-30.031143188476563	-6.0	95.0	
1504203072463	442609964143	325.0	-30.0	-6.0	95.0	
1504203072481	442630105744	325.0	-30.0	-6.0	95.0	
1504203072501	442650247346	325.0	-30.0	-6.0	95.0	
1504203072516	442670388947	325.0	-30.0	-6.0	95.0	
1504203072533	442690530549	325.0	-30.0	-6.0	95.0	
1504203072552	442710672150	325.0	-30.0	-6.0	95.0	
1504203072568	442730813752	325.0	-30.0	-6.0	95.0	
1504203072603	442750955354	325.0	-30.0	-6.0	95.0	
1504203072621	442771096955	325.0	-30.0	-6.0	95.0	
1504203072639	442791238557	325.0	-30.0	-6.0	95.0	
1504203072658	442811380158	325.0	-30.0	-6.0	95.0	
1504203072674	442831521760	325.0	-30.0	-6.0	95.0	
1504203072692	442851663361	325.0	-30.0	-6.0	95.0	
1504203072711	442871804963	325.0	-30.0	-6.0	95.0	
1504203072745	442891946565	325.0	-30.0	-6.0	95.0	
1504203072762	442912088166	325.0	-30.0	-6.0	95.0	
1504203072780	442932229768	325.0	-30.0	-6.0	95.0	
1504203072798	442952371369	325.0	-30.0	-6.0	95.0	
1504203072817	442972512971	325.0	-30.0	-6.0	95.0	
1504203072833	442992654572	325.0	-30.0	-6.0	95.0	
1504203072851	443012796174	325.0	-30.0	-6.0	95.0	
1504203072886	443032937775	325.0	-30.0	-6.0	95.0	
1504203072903	443053079377	325.0	-30.0	-6.0	95.0	
1504203072922	443073220979	325.0	-30.359848022460938	-6.3598480224609375	95.0	
1504203072938	443093362580	324.4991455078125	-30.4991455078125	-7.0	95.0	
1504203072956	443113504182	324.641845703125	-30.0	-7.0	95.0	
1504203072976	443133645783	325.0	-30.0	-6.216278076171875	95.0	
1504203072996	443153787385	325.0	-30.0	-6.0	95.0	
1504203073027	443173928986	325.0	-30.0	-6.0	95.0	
1504203073054	443194070588	325.0	-30.0	-6.207611083984375	95.0	
1504203073070	443214212190	325.0	-30.0	-7.0	95.0	
1504203073083	443234353791	325.0	-30.0	-7.0	95.0	
1504203073097	443254495393	325.0	-30.0	-7.0	95.0	
1504203073115	443274636994	325.0	-30.0	-7.0	95.0	
1504203073132	443294778596	325.0	-30.0	-7.0	95.0	
1504203073168	443314920197	325.0	-30.0	-6.94464111328125	95.0	
1504203073187	443335061799	325.0	-30.0	-6.0	95.0	
1504203073203	443355203400	325.0	-30.0	-6.0	95.0	
1504203073220	443375345002	325.0	-30.0	-6.0	95.0	
1504203073239	443395486604	325.0	-30.0	-6.0	95.0	
1504203073256	443415628205	325.0	-30.0	-6.0	95.0	
1504203073274	443435769807	325.0	-30.0	-6.0	95.0	
1504203073308	443455911408	325.0	-30.0	-6.043243408203125	95.0	
1504203073326	443476053010	325.0	-30.0	-7.0	95.0	
1504203073347	443496194611	325.0	-30.0	-7.0	95.0	
1504203073365	443516336213	325.0	-30.0	-6.531951904296875	95.0	
1504203073379	443536477815	325.0	-30.0	-6.0	95.0	
1504203073399	443556619416	325.0	-30.0	-6.0	95.0	
1504203073414	443576761018	325.0	-30.0	-6.0	95.0	
1504203073449	443596902619	325.0	-30.0	-6.0	95.0	
1504203073467	443617044221	325.0	-30.0	-6.0	95.0	
1504203073484	443637185822	325.0	-30.0	-6.0	95.0	
1504203073503	443657327424	325.0	-30.0	-6.0	95.0	
1504203073520	443677469025	325.0	-30.0	-6.0	95.0	
1504203073537	443697610627	325.0	-30.0	-6.0	95.0	
1504203073555	443717752229	325.0	-30.0	-6.0	95.0	
1504203073590	443737893830	325.0	-30.0	-6.0	95.0	
1504203073610	443758035432	325.0	-30.0	-6.0	95.0	
1504203073626	443778177033	325.0	-30.0	-6.0	95.0	
1504203073644	443798318635	325.0	-30.0	-6.0	95.0	
1504203073663	443818460236	325.0	-30.0	-6.0	95.0	
1504203073679	443838601838	325.0	-30.0	-6.0	95.0	
1504203073697	443858743440	325.0	-30.0	-6.0	95.0	
1504203073732	443878885041	325.0	-30.0	-6.0	95.0	
1504203073750	443899026643	325.0	-30.0	-6.0	95.0	
1504203073769	443919168244	325.0	-30.0	-6.0	95.0	
1504203073784	443939309846	325.0	-30.0	-6.0	95.0	
1504203073802	443959451447	325.0	-30.0	-6.0	95.0	
1504203073821	443979593049	325.0	-30.0	-6.0	95.0	
1504203073837	443999734650	325.0	-30.0	-6.0	95.0	
1504203073855	444019876252	325.0	-30.0	-6.0	95.0	
1504203073890	444040017854	325.0	-30.0	-6.0	95.0	
1504203073908	444060159455	325.0	-30.0	-6.0	95.0	
1504203073927	444080301057	325.0	-30.0	-6.0	95.0	
1504203073943	444100442658	325.0	-30.0	-6.0	95.0	
1504203073961	444120584260	325.0	-30.0	-6.0	95.0	
1504203073981	444140725861	325.0	-30.0	-6.0	95.0	
1504203073996	444160867463	325.0	-30.0	-6.0	95.0	
1504203074031	444181009065	325.0	-30.0	-6.0	95.0	
1504203074050	444201150666	325.0	-30.0	-6.0	95.0	
1504203074067	444221292268	325.0	-30.0	-6.0	95.0	
1504203074085	444241433869	325.0	-30.0	-6.0	95.0	
1504203074101	444261575471	325.0	-30.0	-6.0	95.0	
1504203074119	444281717072	325.0	-30.0	-6.0	95.0	
1504203074137	444301858674	325.0	-30.0	-6.0	95.0	
1504203074172	444322000275	325.0	-30.0	-6.0	95.0	
1504203074191	444342141877	325.0	-30.0	-6.0	95.0	
1504203074208	444362283479	325.0	-30.0	-6.0	95.0	
1504203074225	444382425080	325.0	-30.0	-6.0	95.0	
1504203074245	444402566682	325.0	-30.0	-6.0	95.0	
1504203074261	444422708283	325.0	-30.0	-6.0	95.0	
1504203074278	444442849885	325.0	-30.0	-6.0	95.0	
1504203074313	444462991486	325.0	-30.0	-6.0	95.0	
1504203074331	444483133088	325.0	-30.0	-6.0	95.0	
1504203074350	444503274690	325.0	-30.0	-6.0	95.0	
1504203074367	444523416291	325.0	-30.0	-6.0	95.0	
1504203074384	444543557893	325.0	-30.0	-6.0	95.0	
1504203074403	444563699494	325.0	-30.0	-6.0	95.0	
1504203074420	444583841096	325.0	-30.0	-6.0	95.0	
1504203074455	444603982697	325.0	-30.096878051757813	-6.0	95.0	
1504203074473	444624124299	325.0	-31.0	-6.0	95.0	
1504203074490	444644265900	325.0	-30.620040893554688	-6.0	95.0	
1504203074510	444664407502	325.0	-30.0	-6.0	95.0	
1504203074526	444684549104	325.0	-30.662628173828125	-6.0	95.0	
1504203074544	444704690705	325.0	-31.0	-6.0	95.0	
1504203074561	444724832307	325.0	-31.0	-6.0	95.0	
1504203074596	444744973908	325.0	-31.0	-6.0	95.0	
1504203074613	444765115510	325.0	-31.0	-6.0	95.0	
1504203074631	444785257111	325.0	-31.0	-6.0	95.0	
1504203074648	444805398713	325.0	-31.0	-6.0	95.0	
1504203074667	444825540315	325.0	-31.0	-6.0	95.0	
1504203074684	444845681916	325.0	-31.0	-6.0	95.0	
1504203074702	444865823518	325.0	-31.0	-6.0	95.0	
1504203074738	444885965119	325.0	-31.0	-6.0	95.0	
1504203074753	444906106721	325.0	-31.0	-6.0	95.0	
1504203074773	444926248322	325.0	-31.0	-6.0	95.0	
1504203074790	444946389924	325.0	-31.0	-5.501739501953125	95.0	
1504203074808	444966531525	325.0	-31.0	-5.0	95.0	
1504203074825	444986673127	325.0	-31.0	-5.0	95.0	
1504203074844	445006814729	325.0	-31.0	-5.0	95.0	
1504203074878	445026956330	325.0	-31.0	-5.0	95.0	
1504203074895	445047097932	325.0	-31.0	-5.0	95.0	
1504203074912	445067239533	325.0	-31.0	-5.0	95.0	
1504203074931	445087381135	325.0	-31.0	-5.0	95.0	
1504203074948	445107522736	325.0	-31.0	-5.0	95.0	
1504203074966	445127664338	325.0	-31.0	-5.0	95.0	
1504203074983	445147805940	325.0	-31.0	-5.0	95.0	
1504203075019	445167947541	325.0	-31.0	-5.0	95.0	
1504203075038	445188089143	325.0	-31.0	-5.1937713623046875	95.0	
1504203075053	445208230744	325.0	-31.33563232421875	-6.0	95.0	
1504203075072	445228372346	325.0	-32.0	-6.0	95.0	
1504203075090	445248513947	325.0	-32.0	-6.0	95.0	
1504203075106	445268655549	325.0	-32.0	-5.228485107421875	95.0	
1504203075126	445288797150	325.0	-32.0	-5.0	95.0	
1504203075161	445308938752	325.0	-32.0	-5.0	95.0	
1504203075178	445329080354	325.0	-32.0	-5.0	95.0	
1504203075196	445349221955	325.0	-32.0	-5.0	95.0	
1504203075212	445369363557	325.0	-32.0	-5.0	95.0	
1504203075229	445389505158	325.0	-32.0	-5.0	95.0	
1504203075248	445409646760	325.0	-32.0	-5.0	95.0	
1504203075282	445429788361	325.0	-32.0	-5.0	95.0	
1504203075300	445449929963	325.0	-32.0	-5.0	95.0	
1504203075318	445470071565	325.0	-32.0	-5.0	95.0	
1504203075336	445490213166	325.0	-32.0	-5.0	95.0	
1504203075354	445510354768	325.0	-32.0	-5.0	95.0	
1504203075371	445530496369	325.0	-32.0	-5.0	95.0	
1504203075406	445550637971	325.0	-32.0	-5.0	95.0	
1504203075423	445570779572	325.0	-32.0	-5.0	95.0	
1504203075441	445590921174	325.0	-32.0	-5.0	95.0	
1504203075461	445611062775	325.0	-32.0	-5.0	95.0	
1504203075477	445631204377	325.0	-32.0	-4.356781005859375	95.0	
1504203075494	445651345979	325.0	-32.0	-4.0	95.0	
1504203075513	445671487580	325.0	-32.0	-4.0	95.0	
1504203075548	445691629182	326.0	-32.0	-4.0	95.0	
1504203075565	445711770783	326.0	-32.0	-4.0	95.0	
1504203075582	445731912385	326.0	-32.0	-4.0	95.0	
1504203075600	445752053986	326.0	-32.0	-3.398956298828125	95.0	
1504203075619	445772195588	326.0	-32.0	-3.0	95.0	
1504203075636	445792337190	326.0	-32.0	-3.0	95.0	
1504203075672	445812478791	326.0	-32.0	-3.0	95.0	
1504203075688	445832620393	326.0	-32.0	-3.0	95.0	
1504203075706	445852761994	326.0	-32.0	-3.0	95.0	
1504203075724	445872903596	326.0	-32.558868408203125	-3.0	95.0	
1504203075741	445893045197	326.0	-33.0	-3.0	95.0	
1504203075759	445913186799	326.0	-33.0	-3.0	95.0	
1504203075796	445933328400	326.0	-33.0	-3.0	95.0	
1504203075811	445953470002	326.0	-33.0	-3.0	95.0	
1504203075831	445973611604	326.0	-33.0	-3.0	95.0	
1504203075846	445993753205	326.0	-33.0	-3.0	95.0	
1504203075864	446013894807	326.0	-33.0	-3.0	95.0	
1504203075882	446034036408	326.0	-33.0	-3.0	95.0	
1504203075900	446054178010	326.0	-33.0	-3.0	95.0	
1504203075918	446074319611	326.0	-33.0	-3.0	95.0	
1504203075953	446094461213	326.0	-33.0	-3.0	95.0	
1504203075970	446114602815	326.0	-33.0	-3.0	95.0	
1504203075988	446134744416	326.0	-33.0	-3.0	95.0	
1504203076006	446154886018	326.0	-33.0	-3.0	95.0	
1504203076025	446175027619	326.0	-33.0	-3.0	95.0	
1504203076043	446195169221	326.0	-33.0	-3.0	95.0	
1504203076059	446215310822	326.0	-33.0	-3.0	95.0	
1504203076077	446235452424	326.0	-33.0	-3.0	95.0	
1504203076095	446255594025	326.0	-33.0	-3.0	95.0	
1504203076129	446275735627	326.0	-33.0	-3.0	95.0	
1504203076153	446295877229	326.0	-33.0	-3.0	95.0	
1504203076166	446316018830	326.0	-33.0	-3.0	95.0	
1504203076182	446336160432	326.0	-33.0	-3.0	95.0	
1504203076201	446356302033	326.0	-33.0	-3.0	95.0	
1504203076217	446376443635	326.0	-33.0	-3.0	95.0	
1504203076235	446396585236	326.0	-33.0	-3.0	95.0	
1504203076252	446416726838	326.0	-33.0	-3.0	95.0	
1504203076287	446436868440	326.0	-33.0	-3.0	95.0	
1504203076309	446457010041	326.0	-33.0	-3.0	95.0	
1504203076324	446477151643	326.0	-33.0	-3.0	95.0	
1504203076340	446497293244	326.0	-33.0	-3.0	95.0	
1504203076360	446517434846	326.0	-33.0	-3.0	95.0	
1504203076394	446537576447	326.0	-33.0	-3.0	95.0	
1504203076412	446557718049	326.0	-33.0	-3.0	95.0	
