1507563654860	2147363046821	317.0	-34.0	1.0	96.0	
1507563654895	2147383188422	317.0	-34.0	1.0	96.0	
1507563654912	2147403330024	317.0	-34.0	1.0	96.0	
1507563654930	2147423471625	317.0	-34.0	1.0	96.0	
1507563654948	2147443613227	317.0	-34.0	1.0	96.0	
1507563654966	2147463754828	317.0	-34.0	1.0	96.0	
1507563654985	2147483896430	317.0	-34.0	1.0	96.0	
1507563655003	2147504038032	317.77093505859375	-34.0	1.0	96.0	
1507563655020	2147524179633	318.0	-34.0	1.0	96.0	
1507563655055	2147544321235	318.0	-34.0	1.0	96.0	
1507563655074	2147564462836	318.0	-34.0	1.0	96.0	
1507563655093	2147584604438	318.0	-34.0	1.0	96.0	
1507563655109	2147604746039	318.0	-34.0	1.0	96.0	
1507563655127	2147624887641	318.0	-34.0	1.0	96.0	
1507563655145	2147645029242	318.0	-34.0	1.0	96.0	
1507563655163	2147665170844	318.0	-34.0	1.0	96.0	
1507563655181	2147685312446	318.0	-34.0	1.0	96.0	
1507563655216	2147705454047	318.0	-34.0	1.0	96.0	
1507563655235	2147725595649	318.0	-34.0	1.0	96.0	
1507563655252	2147745737250	318.0	-34.0	1.0	96.0	
1507563655270	2147765878852	318.0	-34.0	1.0	96.0	
1507563655289	2147786020453	318.0	-34.0	1.0	96.0	
1507563655309	2147806162055	318.0	-34.0	1.0	96.0	
1507563655323	2147826303657	318.0	-34.0	1.0	96.0	
1507563655341	2147846445258	318.0	-34.0	1.0	96.0	
1507563655376	2147866586860	318.0	-34.0	1.0	96.0	
1507563655394	2147886728461	318.0	-34.0	1.0	96.0	
1507563655412	2147906870063	318.0	-34.0	1.0	96.0	
1507563655430	2147927011664	317.5350341796875	-34.0	1.0	96.0	
1507563655448	2147947153266	317.0	-34.0	0.4068450927734375	96.0	
1507563655467	2147967294867	317.0	-34.0	0.0	96.0	
1507563655488	2147987436469	317.0	-34.0	0.0	96.0	
1507563655503	2148007578071	317.0	-34.0	0.9794464111328125	96.0	
1507563655537	2148027719672	317.0	-34.0	1.0	96.0	
1507563655556	2148047861274	317.0	-34.0	1.0	96.0	
1507563655573	2148068002875	317.0	-34.0	1.0	96.0	
1507563655593	2148088144477	317.4923095703125	-34.0	1.0	96.0	
1507563655609	2148108286078	317.3795166015625	-34.0	1.0	96.0	
1507563655627	2148128427680	317.0	-34.0	1.0	96.0	
1507563655645	2148148569282	317.0	-34.0	1.0	96.0	
1507563655682	2148168710883	318.0	-34.0	1.0	96.0	
1507563655698	2148188852485	318.0	-34.0	1.133331298828125	96.0	
1507563655719	2148208994086	318.0	-34.0	1.73846435546875	96.0	
1507563655737	2148229135688	318.0	-34.0	1.0	96.0	
1507563655754	2148249277289	318.0	-34.0	1.0	96.0	
1507563655770	2148269418891	318.0	-34.0	1.0	96.0	
1507563655789	2148289560492	318.0	-34.0	1.0	96.0	
1507563655807	2148309702094	318.0	-34.0	1.0	96.0	
1507563655842	2148329843696	318.0	-34.0	1.0	96.0	
1507563655859	2148349985297	317.8410339355469	-34.0	0.841033935546875	96.0	
1507563655877	2148370126899	317.0	-34.28717041015625	0.0	96.0	
1507563655895	2148390268500	317.0	-35.0	0.0	96.0	
1507563655912	2148410410102	317.0	-35.0	0.0	96.0	
1507563655932	2148430551703	317.6734924316406	-34.326507568359375	0.0	96.0	
1507563655949	2148450693305	318.0	-34.0	0.0	96.0	
1507563655966	2148470834907	317.0700988769531	-34.0	0.0	96.0	
1507563656004	2148490976508	317.0	-34.05810546875	0.0	96.0	
1507563656019	2148511118110	317.0	-35.0	0.0	96.0	
1507563656037	2148531259711	317.31451416015625	-35.0	0.0	96.0	
1507563656056	2148551401313	318.0	-35.0	0.4427337646484375	96.0	
1507563656073	2148571542914	318.0	-35.0	1.0	96.0	
1507563656091	2148591684516	318.0	-35.0	1.0	96.0	
1507563656113	2148611826117	318.0	-35.0	1.0	96.0	
1507563656127	2148631967719	318.0	-35.0	1.0	96.0	
1507563656163	2148652109321	318.0	-35.0	1.0	96.0	
1507563656180	2148672250922	318.0	-34.78804016113281	1.0	96.0	
1507563656198	2148692392524	318.0	-34.0	1.0	96.0	
1507563656216	2148712534125	318.0	-34.0	1.0	96.0	
1507563656234	2148732675727	318.0	-34.0	1.0	96.0	
1507563656252	2148752817328	318.0	-34.0	1.0	96.0	
1507563656271	2148772958930	318.0	-34.0	1.0	96.0	
1507563656288	2148793100532	318.0	-34.0	1.0	96.0	
1507563656324	2148813242133	318.0	-34.0	0.0	96.0	
1507563656341	2148833383735	318.0	-34.0	0.2393035888671875	96.0	
1507563656359	2148853525336	318.0	-34.0	1.0	96.0	
1507563656376	2148873666938	318.0	-34.0	1.0	96.0	
1507563656394	2148893808539	318.0	-34.0	1.0	96.0	
1507563656412	2148913950141	318.0	-34.0	0.24786376953125	96.0	
1507563656431	2148934091742	318.0	-34.0	0.0	96.0	
1507563656466	2148954233344	318.008544921875	-34.0	0.0	96.0	
1507563656485	2148974374946	319.0	-34.0	0.136749267578125	96.0	
1507563656502	2148994516547	319.0	-34.0	1.0	96.0	
1507563656520	2149014658149	319.0	-34.0	1.0	96.0	
1507563656537	2149034799750	319.0	-34.0	1.0	96.0	
1507563656555	2149054941352	319.0	-34.0	1.0	96.0	
1507563656573	2149075082953	319.0	-34.0	1.0	96.0	
1507563656592	2149095224555	319.0	-34.0	1.0	96.0	
1507563656627	2149115366157	319.0	-34.0	1.0	96.0	
1507563656645	2149135507758	319.0	-34.0	1.0	96.0	
1507563656663	2149155649360	319.0	-33.70941162109375	1.0	96.0	
1507563656681	2149175790961	319.0	-33.0	1.0	96.0	
1507563656699	2149195932563	319.0	-33.0	1.0	96.0	
1507563656721	2149216074164	319.0	-33.0	1.0	96.0	
1507563656738	2149236215766	319.0	-33.0	1.0	96.0	
1507563656756	2149256357367	319.0	-33.0	1.0	96.0	
1507563656790	2149276498969	320.0	-33.0	1.0	96.0	
1507563656807	2149296640571	320.0	-33.0	1.0	96.0	
1507563656824	2149316782172	319.68206787109375	-33.0	1.0	96.0	
1507563656841	2149336923774	319.0	-33.0	1.0	96.0	
1507563656859	2149357065375	319.0	-33.0	1.0	96.0	
1507563656877	2149377206977	319.70257568359375	-33.0	1.0	96.0	
1507563656895	2149397348578	320.0	-33.0	1.0	96.0	
1507563656913	2149417490180	320.0	-33.0	1.0	96.0	
1507563656948	2149437631782	320.0	-33.0	1.0	96.0	
1507563656967	2149457773383	319.78460693359375	-33.0	1.0	96.0	
1507563656985	2149477914985	319.0	-33.0	1.0	96.0	
1507563657003	2149498056586	319.4718017578125	-33.0	1.0	96.0	
1507563657021	2149518198188	320.0	-33.0	1.0	96.0	
1507563657038	2149538339789	320.0	-33.0	1.0	96.0	
1507563657056	2149558481391	320.0	-33.0	1.0	96.0	
1507563657075	2149578622992	320.0	-33.0	1.0	96.0	
1507563657110	2149598764594	320.0	-33.0	1.0	96.0	
1507563657129	2149618906196	320.0	-33.0	1.0	96.0	
1507563657146	2149639047797	320.0	-33.0	1.0	96.0	
1507563657163	2149659189399	320.0	-33.0	1.0	96.0	
1507563657181	2149679331000	320.0	-33.0	1.0	96.0	
1507563657199	2149699472602	320.0	-33.0	1.0	96.0	
1507563657220	2149719614203	320.0	-33.0	1.0	96.0	
1507563657252	2149739755805	320.0	-33.0	1.0	96.0	
1507563657270	2149759897407	320.0	-33.0	1.0	96.0	
1507563657289	2149780039008	320.0	-33.0	1.0	96.0	
1507563657307	2149800180610	320.0	-33.0	1.0	96.0	
1507563657323	2149820322211	320.0	-33.0	1.0	96.0	
1507563657341	2149840463813	320.0	-33.0	1.0	96.0	
1507563657365	2149860605414	320.0	-33.0	1.0	96.0	
1507563657379	2149880747016	320.0	-33.0	1.0	96.0	
1507563657413	2149900888617	320.0	-33.0	1.0	96.0	
1507563657431	2149921030219	320.0	-33.0	1.0	96.0	
1507563657450	2149941171821	320.0	-33.0	1.0	96.0	
1507563657466	2149961313422	320.0	-33.0	1.0	96.0	
1507563657484	2149981455024	320.0	-33.0	1.0	96.0	
1507563657502	2150001596625	320.0	-33.0	1.0	96.0	
1507563657520	2150021738227	320.0	-33.0	1.0	96.0	
1507563657538	2150041879828	320.0	-33.0	1.0	96.0	
1507563657573	2150062024327	320.0	-33.0	1.0	96.0	
1507563657591	2150082165929	320.19317626953125	-33.0	1.0	96.0	
1507563657610	2150102307530	321.0	-33.0	1.0	96.0	
1507563657627	2150122449132	321.0	-33.0	1.0	96.0	
1507563657645	2150142590733	321.0	-33.0	1.0	96.0	
1507563657663	2150162732335	321.0	-33.70597839355469	1.0	96.0	
1507563657680	2150182873936	321.0	-34.0	1.0	96.0	
1507563657698	2150203015538	321.0	-34.0	1.0	96.0	
1507563657744	2150223157139	321.0	-34.0	1.0	96.0	
1507563657751	2150243298741	321.0	-34.0	1.0	96.0	
1507563657771	2150263440343	321.0	-34.0	1.0	96.0	
1507563657787	2150283581944	321.0	-34.0	1.0	96.0	
1507563657805	2150303723546	321.0	-34.0	1.0	96.0	
1507563657823	2150323865147	321.0	-34.0	1.0	96.0	
1507563657841	2150344006749	321.0	-34.0	1.0	96.0	
1507563657859	2150364148350	321.0	-34.0	1.0	96.0	
1507563657895	2150384289952	321.0	-34.0	1.0	96.0	
1507563657913	2150404431554	321.0	-34.0	1.0	96.0	
1507563657931	2150424573155	321.0	-34.0	1.0	96.0	
1507563657948	2150444714757	321.0	-34.0	1.0	96.0	
1507563657967	2150464856358	321.0	-34.0	1.0	96.0	
1507563657984	2150484997960	321.0	-34.0	1.0	96.0	
1507563658002	2150505139561	321.0	-34.0	1.0	96.0	
1507563658039	2150525281163	321.0	-34.0	1.0	96.0	
1507563658056	2150545422764	321.0	-34.0	1.0	96.0	
1507563658074	2150565564366	321.0	-34.0	1.0	96.0	
1507563658091	2150585705968	321.0	-34.0	1.0	96.0	
1507563658110	2150605847569	321.0	-34.0	1.0	96.0	
1507563658127	2150625989171	321.0	-34.0	1.0	96.0	
1507563658146	2150646130772	321.0	-34.0	1.0	96.0	
1507563658163	2150666272374	321.0	-34.0	1.0	96.0	
1507563658199	2150686413975	321.0	-34.0	1.0	96.0	
1507563658216	2150706555577	321.0	-34.0	1.0	96.0	
1507563658234	2150726697179	321.0	-34.0	1.0	96.0	
1507563658252	2150746838780	321.0	-34.0	1.0	96.0	
1507563658269	2150766980382	321.0	-34.0	1.0	96.0	
1507563658287	2150787121983	321.0	-34.0	1.0	96.0	
1507563658305	2150807263585	321.0	-34.0	1.0	96.0	
1507563658323	2150827405186	321.0	-34.0	1.0	96.0	
1507563658360	2150847546788	321.0	-34.0	1.0	96.0	
1507563658377	2150867688389	321.0	-34.0	1.0	96.0	
1507563658395	2150887829991	321.32476806640625	-34.0	1.0	96.0	
1507563658413	2150907971593	322.0	-34.0	1.0	96.0	
1507563658431	2150928113194	322.0	-34.0	1.0	96.0	
1507563658449	2150948254796	322.0	-34.0	1.0	96.0	
1507563658468	2150968396397	322.0	-34.0	1.0	96.0	
1507563658484	2150988537999	322.0	-34.0	1.0	96.0	
1507563658521	2151008679600	322.0	-34.0	1.0	96.0	
1507563658537	2151028821202	322.0	-34.0	1.0	96.0	
1507563658556	2151048962804	322.0	-34.0	1.0	96.0	
1507563658577	2151069104405	322.0	-34.0	1.0	96.0	
1507563658591	2151089246007	322.0	-34.0	1.0	96.0	
1507563658609	2151109387608	322.0	-34.0	1.0	96.0	
1507563658628	2151129529210	322.0	-34.0	1.0	96.0	
1507563658644	2151149670811	322.0	-34.0	1.0	96.0	
1507563658681	2151169812413	322.0	-34.0	1.0	96.0	
1507563658699	2151189954014	322.0	-34.0	1.0	96.0	
1507563658716	2151210095616	322.0	-34.0	1.0	96.0	
1507563658734	2151230237218	322.0	-34.0	1.0	96.0	
1507563658752	2151250378819	322.0	-34.0	1.0	96.0	
1507563658770	2151270520421	322.0	-34.0	1.0	96.0	
1507563658789	2151290662022	322.0	-34.0	1.0	96.0	
1507563658823	2151310803624	322.0	-34.0	1.0	96.0	
1507563658842	2151330945225	322.0	-34.0	1.0	96.0	
1507563658859	2151351086827	322.0	-34.0	1.0	96.0	
1507563658877	2151371228429	322.0	-34.0	1.0	96.0	
1507563658895	2151391370030	322.0	-34.0	1.0	96.0	
1507563658913	2151411511632	322.0	-34.0	1.0	96.0	
1507563658931	2151431653233	322.0	-34.0	1.0	96.0	
1507563658950	2151451794835	322.0	-34.0	1.0	96.0	
1507563658984	2151471936436	322.0	-34.0	1.0	96.0	
1507563659004	2151492078038	322.0	-34.0	1.0	96.0	
1507563659020	2151512219639	322.0	-34.0	1.0	96.0	
1507563659038	2151532361241	322.0	-34.0	1.0	96.0	
1507563659056	2151552502843	322.0	-33.4410400390625	1.0	96.0	
1507563659074	2151572644444	322.0	-33.0	1.0	96.0	
1507563659091	2151592786046	322.0	-33.0	1.0	96.0	
1507563659110	2151612927647	322.0	-33.0	1.0	96.0	
1507563659145	2151633069249	322.0	-34.0	1.0	96.0	
1507563659165	2151653210850	322.0	-33.80000305175781	1.0	96.0	
1507563659181	2151673352452	322.0	-33.0	1.0	96.0	
1507563659201	2151693494054	322.0	-33.0	1.0	96.0	
1507563659216	2151713635655	322.0	-33.0	1.0	96.0	
1507563659234	2151733777257	322.0	-33.0	1.0	96.0	
1507563659252	2151753918858	322.0	-33.0	1.0	96.0	
1507563659273	2151774060460	322.0	-33.0	1.0	96.0	
1507563659307	2151794202061	323.0	-33.0	1.0	96.0	
1507563659328	2151814343663	323.0	-33.0	1.0	96.0	
1507563659342	2151834485264	323.0	-33.0	1.0	96.0	
1507563659362	2151854626866	323.0	-33.0	1.0	96.0	
1507563659377	2151874768468	323.0	-33.0	1.0	96.0	
1507563659395	2151894910069	323.0	-33.0	1.0	96.0	
1507563659419	2151915051671	323.0	-33.0	1.0	96.0	
1507563659433	2151935193272	323.0	-33.0	1.0	96.0	
1507563659466	2151955334874	323.0	-33.0	1.0	96.0	
1507563659484	2151975476475	323.0	-33.0	1.0	96.0	
1507563659502	2151995618077	323.0	-33.0	1.0	96.0	
1507563659519	2152015759679	323.0	-33.0	1.0	96.0	
1507563659538	2152035901280	323.0	-33.0	1.0	96.0	
1507563659555	2152056042882	323.0	-33.0	1.0	96.0	
1507563659573	2152076184483	323.0	-33.0	1.0	96.0	
1507563659609	2152096326085	323.0	-33.0	1.0	96.0	
1507563659628	2152116467686	323.0	-33.0	1.0	96.0	
1507563659645	2152136609288	323.0	-33.0	1.0	96.0	
1507563659664	2152156750889	323.0	-33.0	1.0	96.0	
1507563659681	2152176892491	323.0	-33.0	1.0	96.0	
1507563659703	2152197034093	323.0	-33.0	1.0	96.0	
1507563659719	2152217175694	323.0	-33.78289794921875	1.0	96.0	
1507563659734	2152237317296	323.0	-34.0	1.0	96.0	
1507563659772	2152257458897	323.0	-34.0	1.0	96.0	
1507563659787	2152277600499	323.0	-34.0	1.0	96.0	
1507563659805	2152297742100	323.0	-34.0	1.0	96.0	
1507563659824	2152317883702	323.0	-34.0	1.0	96.0	
1507563659841	2152338025304	323.0	-34.0	1.0	96.0	
1507563659859	2152358166905	323.0	-34.0	1.0	96.0	
1507563659876	2152378308507	323.0	-34.0	1.0	96.0	
1507563659894	2152398450108	323.0	-34.0	1.0	96.0	
1507563659913	2152418591710	323.0	-34.0	1.0	96.0	
1507563659930	2152438733311	323.0	-34.0	1.0	96.0	
1507563659948	2152458874913	323.0	-34.0	1.0	96.0	
1507563659967	2152479016514	323.90032958984375	-34.0	1.0	96.0	
1507563659984	2152499158116	324.0	-34.0	1.0	96.0	
1507563660023	2152519299718	324.0	-34.0	1.0	96.0	
1507563660039	2152539441319	324.0	-34.0	1.0	96.0	
1507563660056	2152559582921	324.0	-34.0	1.0	96.0	
1507563660075	2152579724522	324.0	-34.0	1.0	96.0	
1507563660091	2152599866124	324.0	-34.0	1.0	96.0	
1507563660109	2152620007725	324.0	-34.0	1.0	96.0	
1507563660129	2152640149327	324.0	-34.0	1.0	96.0	
1507563660163	2152660290929	324.0	-34.0	1.0	96.0	
1507563660180	2152680432530	324.0	-34.0	1.0	96.0	
1507563660199	2152700574132	324.0	-34.0	1.0	96.0	
1507563660218	2152720715733	324.0	-34.0	1.0	96.0	
1507563660236	2152740857335	324.0	-34.0	1.0	96.0	
1507563660253	2152760998936	324.0	-34.0	1.0	96.0	
1507563660270	2152781140538	324.0	-34.0	1.0	96.0	
1507563660288	2152801282139	324.0	-34.0	1.0	96.0	
1507563660323	2152821423741	324.0	-34.0	1.0	96.0	
1507563660342	2152841565343	324.0	-34.0	1.0	96.0	
1507563660359	2152861706944	324.0	-34.0	1.0	96.0	
1507563660377	2152881848546	324.0	-34.0	1.0	96.0	
1507563660395	2152901990147	324.0	-34.0	1.0	96.0	
1507563660412	2152922131749	324.0	-34.0	1.0	96.0	
1507563660430	2152942273350	324.0	-34.0	1.0	96.0	
1507563660448	2152962414952	324.0	-34.0	1.0	96.0	
1507563660485	2152982556554	324.0	-34.0	1.0	96.0	
1507563660504	2153002698155	324.0	-34.0	1.0	96.0	
1507563660522	2153022839757	324.0	-34.0	1.0	96.0	
1507563660541	2153042981358	324.0	-34.0	1.0	96.0	
1507563660557	2153063122960	324.0	-34.0	1.0	96.0	
1507563660574	2153083264561	324.0	-34.0	1.0	96.0	
1507563660596	2153103406163	324.0	-34.0	1.0	96.0	
1507563660610	2153123547764	324.0	-34.0	1.0	96.0	
1507563660656	2153143689366	324.0	-34.0	1.0	96.0	
1507563660663	2153163830968	324.0	-34.0	1.0	96.0	
1507563660680	2153183972569	324.0	-34.0	1.0	96.0	
1507563660698	2153204114171	324.0	-34.0	1.0	96.0	
1507563660717	2153224255772	324.0	-34.0	1.0	96.0	
1507563660734	2153244397374	324.0	-34.0	1.0	96.0	
1507563660751	2153264538975	324.0	-34.0	1.0	96.0	
1507563660787	2153284680577	324.0	-34.0	1.0	96.0	
1507563660805	2153304822179	324.16949462890625	-34.0	1.0	96.0	
1507563660824	2153324963780	324.7003479003906	-34.0	1.0	96.0	
1507563660841	2153345105382	324.0	-34.0	1.0	96.0	
1507563660859	2153365246983	324.5599365234375	-34.0	1.0	96.0	
1507563660879	2153385388585	325.0	-34.0	1.0	96.0	
1507563660895	2153405530186	325.0	-34.0	1.0	96.0	
1507563660918	2153425671788	325.0	-34.0	1.0	96.0	
1507563660948	2153445813389	325.0	-35.0	1.0	96.0	
1507563660966	2153465954991	325.0	-35.0	1.0	96.0	
1507563660985	2153486096593	325.0	-35.0	1.0	96.0	
1507563661003	2153506238194	325.0	-35.0	1.0	96.0	
1507563661019	2153526379796	325.0	-35.0	1.0	96.0	
1507563661038	2153546521397	325.0	-35.0	1.0	96.0	
1507563661055	2153566662999	325.0	-35.0	1.0	96.0	
1507563661073	2153586804600	325.0	-35.0	1.0	96.0	
1507563661109	2153606946202	325.0	-35.0	1.0	96.0	
1507563661128	2153627087804	325.0	-35.0	1.0	96.0	
1507563661147	2153647229405	325.0	-35.0	1.0	96.0	
1507563661164	2153667371007	325.0	-35.0	1.0	96.0	
1507563661180	2153687512608	325.0	-35.0	1.0	96.0	
1507563661199	2153707654210	325.0	-35.0	1.0	96.0	
1507563661217	2153727795811	325.0	-35.0	1.0	96.0	
1507563661252	2153747937413	325.0	-35.0	1.0	96.0	
1507563661269	2153768079014	325.0	-35.0	1.0	96.0	
1507563661288	2153788220616	325.0	-35.0	1.0	96.0	
1507563661307	2153808362218	325.0	-35.0	1.0	96.0	
1507563661323	2153828503819	325.0	-35.0	1.0	96.0	
1507563661341	2153848645421	325.0	-35.0	1.0	96.0	
1507563661360	2153868787022	325.0	-35.0	1.0	96.0	
1507563661376	2153888928624	325.0	-35.0	1.0	96.0	
1507563661414	2153909070225	325.0	-35.0	2.0	96.0	
1507563661436	2153929211827	325.0	-35.0	1.796234130859375	96.0	
1507563661448	2153949353429	325.0	-35.0	1.0	96.0	
1507563661468	2153969495030	325.0	-35.0	1.0	96.0	
1507563661485	2153989636632	325.0	-35.0	1.0	96.0	
1507563661503	2154009778233	325.0	-35.0	1.0	96.0	
1507563661522	2154029919835	325.0	-35.0	1.0	96.0	
1507563661537	2154050061436	325.0	-35.0	1.0	96.0	
1507563661573	2154070203038	325.0	-35.0	1.0	96.0	
1507563661591	2154090344639	325.0	-35.0	1.0	96.0	
1507563661609	2154110486241	325.0	-35.0	1.0	96.0	
1507563661629	2154130627843	325.0	-35.0	1.0	96.0	
1507563661645	2154150769444	325.0	-35.0	1.0	96.0	
1507563661664	2154170911046	325.0	-35.0	1.0	96.0	
1507563661682	2154191052647	325.0	-35.0	1.0	96.0	
1507563661716	2154211194249	325.0	-34.97431945800781	1.0	96.0	
1507563661736	2154231335850	325.0	-34.0	1.0	96.0	
1507563661754	2154251477452	325.0	-34.28594970703125	1.0	96.0	
1507563661771	2154271619054	325.0	-35.0	1.0	96.0	
1507563661788	2154291760655	325.0	-34.45378112792969	1.0	96.0	
1507563661805	2154311902257	325.0	-34.0	1.0	96.0	
1507563661823	2154332043858	325.0	-34.0	1.0	96.0	
1507563661843	2154352185460	325.0	-34.0	1.0	96.0	
1507563661877	2154372327061	325.0	-34.0667724609375	1.0	96.0	
1507563661894	2154392468663	325.1968994140625	-35.0	1.0	96.0	
1507563661912	2154412610264	326.0	-35.0	1.3270416259765625	96.0	
1507563661930	2154432751866	326.0	-35.0	2.0	96.0	
1507563661949	2154452893468	326.0	-35.0	1.4126739501953125	96.0	
1507563661966	2154473035069	326.0	-35.0	1.0	96.0	
1507563661984	2154493176671	326.0	-35.0	1.0	96.0	
1507563662002	2154513318272	326.0	-35.0	1.0	96.0	
1507563662040	2154533459874	326.0	-35.0	1.0	96.0	
1507563662060	2154553601475	326.0	-35.0	1.0	96.0	
1507563662074	2154573743077	326.0	-35.0	1.0	96.0	
1507563662091	2154593884679	326.0	-35.0	1.0	96.0	
1507563662111	2154614026280	326.0	-35.0	1.0	96.0	
1507563662127	2154634167882	326.0	-35.0	1.0	96.0	
1507563662145	2154654309483	326.0	-35.0	1.0	96.0	
1507563662180	2154674451085	326.0	-35.0	1.0	96.0	
1507563662198	2154694592686	326.0	-35.0	1.0	96.0	
1507563662215	2154714734288	326.0	-35.0	1.0	96.0	
1507563662234	2154734875889	326.0	-35.0	1.0	96.0	
1507563662252	2154755017491	326.0	-35.0	1.0	96.0	
1507563662271	2154775159093	326.0	-35.0	1.0	96.0	
1507563662287	2154795300694	326.0	-35.0	1.0	96.0	
1507563662305	2154815442296	326.0	-35.0	1.0	96.0	
1507563662342	2154835583897	326.0	-35.0	1.0	96.0	
1507563662359	2154855725499	326.0	-35.0	1.0	96.0	
1507563662378	2154875867100	326.0	-35.0	1.0	96.0	
1507563662395	2154896008702	326.0	-35.0	1.0	96.0	
1507563662413	2154916150304	326.0	-35.0	1.0	96.0	
1507563662431	2154936291905	326.0	-35.0	1.0	96.0	
1507563662448	2154956433507	326.0	-35.0	1.0	96.0	
1507563662466	2154976575108	326.97088623046875	-35.0	1.0	96.0	
1507563662501	2154996716710	327.0	-35.0	1.0	96.0	
1507563662519	2155016858311	327.0	-35.0	1.0	96.0	
1507563662538	2155036999913	327.0	-35.0	1.0	96.0	
1507563662555	2155057141514	327.0	-35.0	1.0	96.0	
1507563662573	2155077283116	327.0	-34.37843322753906	1.6215667724609375	96.0	
1507563662592	2155097424718	327.0	-34.0	2.0	96.0	
1507563662609	2155117566319	327.0	-34.8818359375	2.0	96.0	
1507563662645	2155137707921	327.0	-35.0	2.0	96.0	
1507563662664	2155157849522	327.0	-35.0	2.0	96.0	
1507563662681	2155177991124	327.0	-35.0	2.0	96.0	
1507563662699	2155198132725	327.0	-35.0	2.0	96.0	
1507563662716	2155218274327	327.0	-35.0	2.0	96.0	
1507563662734	2155238415929	327.0	-35.0	2.0	96.0	
1507563662752	2155258557530	327.0	-35.0	2.0	96.0	
1507563662770	2155278699132	327.0	-35.0	2.0	96.0	
1507563662805	2155298840733	327.0	-35.0	2.0	96.0	
1507563662823	2155318982335	327.0	-35.0	2.0	96.0	
1507563662841	2155339123936	327.0	-35.0	2.0	96.0	
1507563662860	2155359265538	327.0	-35.0	2.0	96.0	
1507563662877	2155379407139	327.0	-35.0	2.0	96.0	
1507563662895	2155399548741	327.0	-35.0	2.0	96.0	
1507563662914	2155419690343	327.0	-35.0	2.0	96.0	
1507563662931	2155439831944	327.0	-35.0	2.0	96.0	
1507563662966	2155459973546	327.0	-35.0	2.0	96.0	
1507563662985	2155480115147	327.0	-35.0	2.0	96.0	
1507563663002	2155500256749	327.0	-35.0	2.0	96.0	
1507563663020	2155520398350	327.0	-35.0	2.0	96.0	
1507563663038	2155540539952	327.0	-35.0	2.0	96.0	
1507563663055	2155560681554	327.744873046875	-35.0	2.0	96.0	
1507563663074	2155580823155	328.0	-35.0	2.0	96.0	
1507563663109	2155600964757	328.0	-35.0	2.0	96.0	
1507563663127	2155621106358	328.0	-35.0	2.0	96.0	
1507563663145	2155641247960	328.0	-35.0	2.0	96.0	
1507563663163	2155661389561	328.0	-35.0	2.0	96.0	
1507563663181	2155681531163	328.0	-35.0	2.0	96.0	
1507563663198	2155701672764	328.0	-35.0	2.0	96.0	
1507563663217	2155721814366	328.0	-35.0	2.0	96.0	
1507563663235	2155741955968	328.0	-35.0	2.0	96.0	
1507563663270	2155762097569	328.0	-35.0	2.0	96.0	
1507563663288	2155782239171	328.0	-35.0	2.0	96.0	
1507563663306	2155802380772	328.0	-35.0	2.0	96.0	
1507563663324	2155822522374	328.0	-35.0	2.0	96.0	
1507563663342	2155842663975	328.0	-35.0	2.0	96.0	
1507563663359	2155862805577	328.0	-35.0	2.0	96.0	
1507563663378	2155882947179	328.0	-35.0	2.0	96.0	
1507563663396	2155903088780	328.0	-35.0	2.0	96.0	
1507563663430	2155923230382	328.0	-35.0	1.9126739501953125	96.0	
1507563663448	2155943371983	328.0	-35.0	1.0	96.0	
1507563663466	2155963513585	328.0	-34.65240478515625	1.0	96.0	
1507563663483	2155983655186	328.0	-34.0	1.0	96.0	
1507563663502	2156003796788	328.0	-34.0	1.0	96.0	
1507563663520	2156023938389	328.0	-34.0	1.0	96.0	
1507563663537	2156044079991	328.0	-34.0	1.0	96.0	
1507563663557	2156064221593	328.0	-34.0	1.0	96.0	
1507563663593	2156084363194	327.87158203125	-34.0	1.0	96.0	
1507563663609	2156104504796	327.0	-34.25856018066406	1.0	96.0	
1507563663627	2156124646397	327.388671875	-34.61131286621094	1.0	96.0	
1507563663645	2156144787999	328.0	-34.0	1.0	96.0	
1507563663664	2156164929600	328.0	-34.0	1.0	96.0	
1507563663680	2156185071202	328.0	-34.0	1.0	96.0	
1507563663702	2156205212804	328.0	-34.0	1.90924072265625	96.0	
1507563663733	2156225354405	328.0	-34.03938293457031	2.0	96.0	
1507563663752	2156245496007	328.0	-35.0	2.0	96.0	
1507563663770	2156265637608	328.0	-35.0	2.0	96.0	
1507563663788	2156285779210	328.0	-35.0	2.0	96.0	
1507563663807	2156305920811	328.0	-35.0	2.0	96.0	
1507563663825	2156326062413	328.0	-35.0	2.0	96.0	
1507563663841	2156346204014	328.0	-35.0	2.0	96.0	
1507563663859	2156366345616	328.0	-35.0	1.0496673583984375	96.0	
1507563663895	2156386487218	328.0	-34.0	1.0	96.0	
1507563663915	2156406628819	328.0	-34.0	1.0	96.0	
1507563663931	2156426770421	328.0	-34.0	1.0	96.0	
1507563663948	2156446912022	328.0	-34.47088623046875	1.0	96.0	
1507563663969	2156467053624	328.0	-35.0	1.0	96.0	
1507563663986	2156487195225	328.0	-35.0	1.0	96.0	
1507563664003	2156507336827	328.0	-35.0	1.0	96.0	
1507563664020	2156527478429	328.0	-35.0	1.0	96.0	
1507563664055	2156547620030	328.0	-35.0	1.0	96.0	
1507563664079	2156567761632	328.0	-35.0	0.748291015625	96.0	
1507563664091	2156587903233	328.0	-35.0	0.0	96.0	
1507563664109	2156608044835	328.0	-35.0	0.0	96.0	
1507563664127	2156628186436	328.0	-35.0	0.642120361328125	96.0	
1507563664146	2156648328038	328.0	-34.227752685546875	1.0	96.0	
1507563664163	2156668469639	328.0	-34.0	1.0	96.0	
1507563664199	2156688611241	328.0	-35.0	1.0	96.0	
1507563664217	2156708752843	328.0	-35.0	1.0	96.0	
1507563664234	2156728894444	328.0	-35.0	1.0	96.0	
1507563664253	2156749036046	328.0	-35.0	1.0	96.0	
1507563664269	2156769177647	328.0	-35.0	1.0	96.0	
1507563664289	2156789319249	328.0	-35.0	1.0	96.0	
1507563664306	2156809460850	328.0	-35.0	1.0	96.0	
1507563664323	2156829602452	328.0	-35.0	1.0	96.0	
1507563664360	2156849744054	328.0	-35.0	1.0	96.0	
1507563664377	2156869885655	328.2037658691406	-35.0	1.0	96.0	
1507563664395	2156890027257	329.0	-35.0	1.0	96.0	
1507563664414	2156910168858	329.0	-35.0	1.0	96.0	
1507563664431	2156930310460	329.0	-35.0	1.0	96.0	
1507563664448	2156950452061	329.0	-35.0	1.0	96.0	
1507563664467	2156970593663	328.14556884765625	-35.0	1.0	96.0	
1507563664484	2156990735264	328.0	-35.0	1.0	96.0	
1507563664521	2157010876866	328.0	-35.0	1.0	96.0	
1507563664546	2157031018468	328.0	-35.0	1.0	96.0	
1507563664555	2157051160069	328.0	-35.0	1.0	96.0	
1507563664574	2157071301671	328.0	-35.0	1.0	96.0	
1507563664591	2157091443272	328.63525390625	-35.0	1.0	96.0	
1507563664609	2157111584874	329.0	-35.0	1.0	96.0	
1507563664628	2157131726475	329.0	-35.0	1.0	96.0	
1507563664663	2157151868077	328.0	-35.0	1.0	96.0	
1507563664681	2157172009679	328.15582275390625	-35.0	1.0	96.0	
1507563664699	2157192151280	329.0	-35.0	1.0	96.0	
1507563664716	2157212292882	329.0	-35.0	1.0	96.0	
1507563664735	2157232434483	329.0	-35.0	1.0	96.0	
1507563664752	2157252576085	329.0	-35.0	1.0	96.0	
1507563664770	2157272717686	329.0	-35.0	1.0	96.0	
1507563664790	2157292859288	329.0	-35.0	1.0	96.0	
1507563664824	2157313000889	329.0	-35.0	1.0	96.0	
1507563664843	2157333142491	329.0	-35.0	1.0	96.0	
1507563664860	2157353284093	329.0	-35.0	1.0	96.0	
1507563664877	2157373425694	329.0	-35.0	1.0	96.0	
1507563664898	2157393567296	329.0	-35.0	1.0	96.0	
1507563664913	2157413708897	329.0	-35.0	1.0	96.0	
1507563664931	2157433850499	329.0	-35.0	1.0	96.0	
1507563664950	2157453992100	329.0	-34.02226257324219	1.0	96.0	
1507563664984	2157474133702	329.0	-34.0	1.0	96.0	
1507563665003	2157494275304	329.0	-34.0	1.0	96.0	
1507563665020	2157514416905	329.0	-34.0	1.0	96.0	
1507563665038	2157534558507	329.0	-34.49827575683594	1.0	96.0	
1507563665058	2157554700108	329.0	-35.0	1.0	96.0	
1507563665074	2157574841710	329.0	-35.0	1.0	96.0	
1507563665091	2157594983311	329.0	-34.11131286621094	1.0	96.0	
1507563665127	2157615124913	329.0	-34.0	1.0	96.0	
1507563665145	2157635266514	329.0	-34.0	1.0	96.0	
1507563665163	2157655408116	329.0	-34.0	1.0	96.0	
1507563665181	2157675549718	329.0	-34.40924072265625	1.0	96.0	
1507563665199	2157695691319	329.0	-35.0	1.0	96.0	
1507563665218	2157715832921	329.0	-35.0	1.0	96.0	
1507563665234	2157735974522	329.0	-35.0	1.0	96.0	
1507563665253	2157756116124	329.0	-35.0	1.0	96.0	
1507563665289	2157776257725	329.0	-34.0	1.0	96.0	
1507563665306	2157796399327	329.0	-34.0	1.0	96.0	
1507563665324	2157816540929	329.0	-34.3201904296875	1.0	96.0	
1507563665341	2157836682530	329.0	-35.0	1.0	96.0	
1507563665359	2157856824132	329.0	-35.0	1.0	96.0	
1507563665378	2157876965733	329.0	-35.0	1.0	96.0	
1507563665395	2157897107335	329.0	-34.15925598144531	1.0	96.0	
1507563665413	2157917248936	329.0	-34.0	1.0	96.0	
1507563665448	2157937390538	329.0	-34.10101318359375	1.0	96.0	
1507563665466	2157957532139	329.0	-35.0	1.0	96.0	
1507563665485	2157977673741	329.3612976074219	-35.0	1.0	96.0	
1507563665503	2157997815343	330.0	-34.508575439453125	1.0	96.0	
1507563665520	2158017956944	330.0	-34.0	1.0	96.0	
1507563665541	2158038098546	330.0	-34.0	1.0	96.0	
1507563665556	2158058240147	330.0	-34.0	1.0	96.0	
1507563665594	2158078381749	330.0	-35.0	1.0	96.0	
1507563665609	2158098523350	330.0	-35.0	1.0	96.0	
1507563665627	2158118664952	330.0	-35.0	1.0	96.0	
1507563665645	2158138806554	330.0	-35.0	1.0	96.0	
1507563665663	2158158948155	330.0	-35.0	1.0	96.0	
1507563665681	2158179089757	330.0	-35.0	1.0	96.0	
1507563665700	2158199231358	330.0	-35.0	1.0	96.0	
1507563665716	2158219372960	330.0	-35.0	1.0	96.0	
1507563665734	2158239514561	330.0	-35.0	1.0	96.0	
1507563665770	2158259656163	330.0	-35.0	1.0	96.0	
1507563665788	2158279797764	330.0	-35.0	1.0	96.0	
1507563665806	2158299939366	330.0	-34.63838195800781	1.0	96.0	
1507563665823	2158320080968	330.0	-34.0	1.0	96.0	
1507563665843	2158340222569	330.0	-34.0	1.0	96.0	
1507563665861	2158360364171	330.0	-34.72325134277344	1.0	96.0	
1507563665878	2158380505772	330.0	-35.0	1.0	96.0	
1507563665897	2158400647374	330.0	-34.03565979003906	1.0	96.0	
1507563665932	2158420788975	330.0	-34.0	1.0	96.0	
1507563665950	2158440930577	330.0	-34.0	1.0	96.0	
1507563665972	2158461072179	330.0	-34.0	1.0	96.0	
1507563665984	2158481213780	330.0	-34.0	1.0	96.0	
1507563666002	2158501355382	330.0	-34.0	1.0	96.0	
1507563666021	2158521496983	330.6893005371094	-34.0	1.689300537109375	96.0	
1507563666038	2158541638585	331.0	-34.0	1.190155029296875	96.0	
1507563666056	2158561780186	331.0	-34.0	1.0	96.0	
1507563666091	2158581921788	331.0	-34.0	1.0	96.0	
1507563666111	2158602063389	331.0	-34.0	1.0	96.0	
1507563666127	2158622204991	331.0	-34.0	1.0	96.0	
1507563666146	2158642346593	331.0	-34.0	1.0	96.0	
1507563666163	2158662488194	331.0	-34.0	1.0	96.0	
1507563666184	2158682629796	331.0	-34.0	1.0	96.0	
1507563666198	2158702771397	331.0	-34.0	1.0	96.0	
1507563666216	2158722912999	331.0	-34.0	1.8947296142578125	96.0	
1507563666253	2158743054600	331.0	-34.0	1.0	96.0	
1507563666271	2158763196202	331.0	-34.0	1.13751220703125	96.0	
1507563666288	2158783337804	331.0	-34.0	2.0	96.0	
1507563666306	2158803479405	331.0	-34.0	2.0	96.0	
1507563666324	2158823621007	331.0	-34.0	2.0	96.0	
1507563666344	2158843762608	331.0	-34.0	2.0	96.0	
1507563666361	2158863904210	331.0	-34.0	2.0	96.0	
1507563666377	2158884045811	331.0	-34.0	2.0	96.0	
1507563666396	2158904187413	331.0	-34.0	2.0	96.0	
1507563666431	2158924329014	331.0	-34.0	2.0	96.0	
1507563666450	2158944470616	331.0	-34.0	2.0	96.0	
1507563666467	2158964612218	331.0	-34.0	2.0	96.0	
1507563666484	2158984753819	331.0	-34.0	2.0	96.0	
1507563666503	2159004895421	331.0	-34.0	1.414276123046875	96.0	
1507563666520	2159025037022	331.0	-34.0	1.0	96.0	
1507563666538	2159045178624	331.0	-34.0	1.0	96.0	
1507563666559	2159065320225	331.9473571777344	-34.0	1.0	96.0	
1507563666592	2159085461827	332.0	-34.0	2.0	96.0	
1507563666610	2159105603429	332.0	-34.0	2.0	96.0	
1507563666627	2159125745030	332.0	-34.0	2.0	96.0	
1507563666645	2159145886632	332.0	-34.0	1.570465087890625	96.0	
1507563666663	2159166028233	332.0	-34.0	1.550079345703125	96.0	
1507563666681	2159186169835	332.0	-34.0	2.0	96.0	
1507563666699	2159206311436	332.0	-34.0	2.0	96.0	
1507563666719	2159226453038	332.0	-34.0	2.0	96.0	
1507563666753	2159246594639	332.0	-34.0	2.0	96.0	
1507563666770	2159266736241	332.0	-34.0	2.0	96.0	
1507563666788	2159286877843	332.0	-34.0	2.0	96.0	
1507563666806	2159307019444	332.0	-34.0	2.0	96.0	
1507563666824	2159327161046	332.0	-34.0	2.0	96.0	
1507563666842	2159347302647	332.0	-33.36334228515625	2.0	96.0	
1507563666860	2159367444249	332.0	-33.0	2.0	96.0	
1507563666877	2159387585850	332.0	-33.0	2.0	96.0	
1507563666895	2159407727452	332.0	-33.0	2.0	96.0	
1507563666933	2159427869054	332.0	-33.0	2.0	96.0	
1507563666949	2159448010655	332.0	-33.0	2.0	96.0	
1507563666967	2159468152257	332.0	-33.0	2.0	96.0	
1507563666986	2159488293858	332.0	-33.0	2.0	96.0	
1507563667003	2159508435460	332.0	-33.0	2.0	96.0	
1507563667021	2159528577061	332.0	-33.0	2.0	96.0	
1507563667038	2159548718663	332.0	-33.0	2.0	96.0	
1507563667056	2159568860264	332.0	-33.0	1.0356597900390625	96.0	
1507563667093	2159589001866	332.0	-33.0	1.0	96.0	
1507563667110	2159609143468	332.0	-33.0	1.0	96.0	
1507563667128	2159629285069	332.0	-33.0	1.0	96.0	
1507563667147	2159649426671	332.0	-33.0	1.0	96.0	
1507563667163	2159669568272	332.0	-33.0	1.0	96.0	
1507563667184	2159689709874	332.0	-33.0	1.0	96.0	
1507563667200	2159709851475	332.0	-33.0	1.0	96.0	
1507563667216	2159729993077	332.0	-33.0	1.0	96.0	
1507563667253	2159750134679	333.0	-33.0	1.0509185791015625	96.0	
1507563667270	2159770276280	333.0	-33.0	2.0	96.0	
1507563667287	2159790417882	333.0	-33.0	2.0	96.0	
1507563667306	2159810559483	333.0	-33.0	2.0	96.0	
1507563667324	2159830701085	333.0	-33.0	2.0	96.0	
1507563667342	2159850842686	333.0	-33.0	2.0	96.0	
1507563667360	2159870984288	333.0	-33.0	2.0	96.0	
1507563667377	2159891125889	333.0	-33.0	2.0	96.0	
1507563667414	2159911267491	333.0	-33.0	2.0	96.0	
1507563667431	2159931409093	333.0	-33.0	2.0	96.0	
1507563667450	2159951550694	333.0	-33.0	2.0	96.0	
1507563667468	2159971692296	333.0	-33.0	2.0	96.0	
1507563667484	2159991833897	333.0	-33.0	2.0	96.0	
1507563667503	2160011975499	333.0	-33.0	2.0	96.0	
1507563667521	2160032117100	333.0	-33.0	2.0	96.0	
1507563667538	2160052258702	333.0	-33.0	2.0	96.0	
1507563667575	2160072408881	333.0	-33.0	2.0	96.0	
1507563667592	2160092550482	333.0	-33.0	2.0	96.0	
1507563667610	2160112692084	333.0	-33.0	2.0	96.0	
1507563667628	2160132833685	333.48114013671875	-33.0	2.0	96.0	
1507563667645	2160152975287	334.0	-33.0	2.0	96.0	
1507563667663	2160173116888	334.0	-33.0	2.0	96.0	
1507563667681	2160193258490	334.0	-33.0	2.0	96.0	
1507563667719	2160213400091	334.0	-33.0	2.0	96.0	
1507563667735	2160233541693	334.0	-33.0	2.0	96.0	
1507563667752	2160253683295	334.0	-33.0	2.0	96.0	
1507563667770	2160273824896	334.0	-33.0	2.0	96.0	
1507563667788	2160293966498	334.0	-33.0	2.0	96.0	
1507563667805	2160314108099	334.0	-33.0	2.0	96.0	
1507563667823	2160334249701	334.0	-33.0	2.0	96.0	
1507563667841	2160354391302	334.0	-33.0	2.0	96.0	
1507563667877	2160374532904	334.0	-33.0	2.0	96.0	
1507563667897	2160394674506	334.0	-33.0	2.0	96.0	
1507563667913	2160414816107	334.0	-33.0	2.0	96.0	
1507563667931	2160434957709	334.0	-33.0	2.0	96.0	
1507563667950	2160455099310	334.0	-33.0	2.0	96.0	
1507563667967	2160475240912	334.0	-33.0	2.0	96.0	
1507563667985	2160495382513	334.0	-33.0	2.0	96.0	
1507563668003	2160515524115	334.0	-33.0	2.0	96.0	
1507563668038	2160535665716	334.0	-33.0	2.0	96.0	
1507563668057	2160555807318	334.0	-33.0	2.0	96.0	
1507563668074	2160575948920	334.0	-33.0	2.0	96.0	
1507563668092	2160596090521	334.0	-33.0	2.0	96.0	
1507563668111	2160616232123	334.0	-33.0	2.0	96.0	
1507563668127	2160636373724	334.0	-33.0	2.0	96.0	
1507563668145	2160656515326	334.0	-33.0	2.0	96.0	
1507563668163	2160676656927	334.0	-33.0	2.0	96.0	
1507563668199	2160696798529	334.0	-33.0	2.0	96.0	
1507563668218	2160716940131	334.0	-33.0	2.0	96.0	
1507563668235	2160737081732	334.0	-33.0	2.0	96.0	
1507563668253	2160757223334	334.0	-33.0	2.0	96.0	
1507563668271	2160777364935	334.0	-33.0	2.0	96.0	
1507563668288	2160797506537	334.77569580078125	-33.0	2.0	96.0	
1507563668305	2160817648138	335.0	-33.0	2.0	96.0	
1507563668341	2160837789740	335.0	-33.0	2.0	96.0	
1507563668359	2160857931341	335.0	-33.0	2.0	96.0	
1507563668378	2160878072943	335.0	-33.0	2.0	96.0	
1507563668395	2160898214545	335.0	-33.0	2.0	96.0	
1507563668414	2160918356146	335.0	-33.0	2.0	96.0	
1507563668433	2160938497748	335.0	-33.0	2.0	96.0	
1507563668449	2160958639349	335.0	-33.0	2.0	96.0	
1507563668467	2160978780951	335.0	-33.0	2.0	96.0	
1507563668503	2160998922552	335.0	-33.0	2.0	96.0	
1507563668521	2161019064154	335.0	-33.0	2.0	96.0	
1507563668538	2161039205756	335.0	-33.0	2.0	96.0	
1507563668557	2161059347357	335.0	-33.0	2.0	96.0	
1507563668574	2161079488959	335.0	-33.0	2.0	96.0	
1507563668593	2161099630560	335.0	-33.0	2.0	96.0	
1507563668610	2161119772162	335.0	-33.0	2.0	96.0	
1507563668628	2161139913763	335.0	-33.0	2.0	96.0	
1507563668663	2161160055365	335.0	-33.0	2.0	96.0	
1507563668681	2161180196966	335.0	-33.0	2.0	96.0	
1507563668700	2161200338568	335.0	-33.0	2.0	96.0	
1507563668717	2161220480170	335.0	-33.0	2.0	96.0	
1507563668735	2161240621771	335.0	-33.0	2.0	96.0	
1507563668754	2161260763373	335.0	-33.0	2.0	96.0	
1507563668770	2161280904974	335.0	-33.0	2.0	96.0	
1507563668806	2161301046576	335.0	-33.0	2.0	96.0	
1507563668823	2161321188177	335.0	-33.0	2.0	96.0	
1507563668841	2161341329779	335.0	-33.0	2.0	96.0	
1507563668861	2161361471381	335.0	-33.0	2.0	96.0	
1507563668877	2161381612982	335.0	-33.0	2.0	96.0	
1507563668895	2161401754584	335.0	-33.0	2.0	96.0	
1507563668915	2161421896185	335.0	-33.0	2.0	96.0	
1507563668931	2161442037787	335.0	-33.0	2.0	96.0	
1507563668968	2161462179388	335.0	-33.0	2.0	96.0	
1507563668989	2161482320990	335.0	-33.0	2.0	96.0	
1507563669003	2161502462591	335.0	-33.0	2.0	96.0	
1507563669028	2161522604193	335.0	-33.0	2.0	96.0	
1507563669039	2161542745795	335.0	-33.0	2.0	96.0	
1507563669060	2161562887396	335.0	-33.0	2.0	96.0	
1507563669078	2161583028998	335.0	-33.0	2.0	96.0	
1507563669095	2161603170599	335.0	-33.0	2.0	96.0	
1507563669129	2161623312201	335.0	-33.0	2.0	96.0	
1507563669153	2161643453802	335.0	-33.0	2.0	96.0	
1507563669163	2161663595404	335.0	-33.0	2.0	96.0	
1507563669182	2161683737006	335.0	-33.0	2.0	96.0	
1507563669198	2161703878607	335.0	-33.0	2.0	96.0	
1507563669217	2161724020209	335.0	-33.0	2.0	96.0	
1507563669235	2161744161810	335.0	-33.0	2.0	96.0	
1507563669271	2161764303412	335.0	-33.0	2.0	96.0	
1507563669295	2161784445013	335.0	-33.0	2.0	96.0	
1507563669310	2161804586615	335.0	-33.0	2.0	96.0	
1507563669327	2161824728216	335.0	-33.0	2.0	96.0	
1507563669342	2161844869818	335.0	-33.0	2.0	96.0	
1507563669359	2161865011420	335.0	-33.0	2.0	96.0	
1507563669377	2161885153021	335.0	-33.0	2.0	96.0	
1507563669395	2161905294623	335.0	-33.0	2.0	96.0	
1507563669432	2161925436224	335.0	-33.0	2.0	96.0	
1507563669451	2161945577826	335.1934814453125	-33.0	2.0	96.0	
1507563669468	2161965719427	336.0	-33.0	2.0	96.0	
1507563669485	2161985861029	336.0	-33.0	2.0	96.0	
1507563669505	2162006002631	336.0	-33.0	2.0	96.0	
1507563669521	2162026144232	336.0	-33.0	2.0	96.0	
1507563669540	2162046285834	336.0	-33.0	2.0	96.0	
1507563669560	2162066427435	336.0	-33.0	2.0	96.0	
1507563669593	2162086569037	336.0	-33.0	2.0	96.0	
1507563669615	2162106710638	336.0	-33.0	2.0	96.0	
1507563669631	2162126852240	336.0	-33.0	2.0	96.0	
1507563669646	2162146993841	336.0	-33.0	2.0	96.0	
1507563669666	2162167135443	336.0	-33.0	2.0	96.0	
1507563669682	2162187277045	336.0	-33.0	2.0	96.0	
1507563669713	2162207418646	336.0	-33.0	2.0	96.0	
1507563669736	2162227560248	336.0	-33.0	2.0	96.0	
1507563669752	2162247701849	336.0	-33.0	2.0	96.0	
1507563669777	2162267843451	336.0	-33.0	2.0	96.0	
1507563669790	2162287985052	336.0	-33.0	2.0	96.0	
1507563669806	2162308126654	336.0	-33.0	2.0	96.0	
1507563669837	2162328268256	336.0	-33.0	2.0	96.0	
1507563669845	2162348409857	336.0	-33.0	2.0	96.0	
1507563669863	2162368551459	336.0	-33.0	2.0	96.0	
1507563669895	2162388693060	336.0	-33.0	2.0	96.0	
1507563669913	2162408834662	336.0	-33.0	2.0	96.0	
1507563669935	2162428976263	336.0	-33.0	2.0	96.0	
1507563669952	2162449117865	336.0	-33.0	2.0	96.0	
1507563669968	2162469259466	336.0	-33.57704162597656	2.0	96.0	
1507563669994	2162489401068	336.0	-34.0	2.0	96.0	
1507563670006	2162509542670	336.0	-34.0	2.0	96.0	
1507563670023	2162529684271	336.0	-34.0	2.0	96.0	
1507563670056	2162549825873	336.0	-34.0	2.0	96.0	
1507563670077	2162569967474	336.0	-34.0	2.0	96.0	
1507563670092	2162590109076	336.0	-33.64213562011719	2.0	96.0	
1507563670111	2162610250677	336.0	-33.0	2.0	96.0	
1507563670128	2162630392279	336.0	-33.0	2.0	96.0	
1507563670148	2162650533881	336.0	-33.74827575683594	2.0	96.0	
1507563670164	2162670675482	336.0	-34.0	2.0	96.0	
1507563670202	2162690817084	335.991455078125	-34.0	1.0085601806640625	96.0	
1507563670226	2162710958685	335.0	-34.13868713378906	1.8613128662109375	96.0	
1507563670247	2162731100287	335.0	-35.0	1.0	96.0	
1507563670264	2162751241888	335.0	-35.0	1.0	96.0	
1507563670276	2162771383490	335.0	-35.0	1.0	96.0	
1507563670290	2162791525091	335.0	-35.0	1.0	96.0	
1507563670311	2162811666693	335.0	-35.0	1.0	96.0	
1507563670328	2162831808295	335.0	-35.0	1.0	96.0	
1507563670362	2162851949896	335.0	-35.0	1.0	96.0	
1507563670377	2162872091498	335.0	-35.0	1.0	96.0	
1507563670395	2162892233099	334.6900634765625	-35.0	1.0	96.0	
1507563670414	2162912374701	334.0	-35.0	1.0	96.0	
1507563670431	2162932516302	334.0	-35.0	1.0	96.0	
1507563670449	2162952657904	334.0	-35.0	1.0	96.0	
1507563670469	2162972799506	334.0	-35.0	1.0	96.0	
1507563670485	2162992941107	334.0	-35.0	1.0	96.0	
1507563670521	2163013082709	334.0	-35.0	1.0	96.0	
1507563670539	2163033224310	334.22088623046875	-35.0	1.0	96.0	
1507563670562	2163053365912	335.0	-35.0	1.0	96.0	
1507563670588	2163073507513	335.0	-35.0	1.0	96.0	
1507563670607	2163093649115	335.0	-35.0	1.0	96.0	
1507563670623	2163113790716	335.0	-35.0	1.0	96.0	
1507563670634	2163133932318	335.0	-35.0	1.0	96.0	
1507563670668	2163154073920	335.0	-35.0	1.0	96.0	
1507563670680	2163174215521	335.0	-35.0	1.0	96.0	
1507563670698	2163194357123	334.738037109375	-35.0	0.7380218505859375	96.0	
1507563670716	2163214498724	334.3921203613281	-35.0	0.392120361328125	96.0	
1507563670738	2163234640326	335.0	-35.0	1.0	96.0	
1507563670752	2163254781927	335.0	-35.0	1.0	96.0	
1507563670772	2163274923529	335.0	-35.0	1.0	96.0	
1507563670791	2163295065131	335.0	-35.0	1.0	96.0	
1507563670823	2163315206732	335.0	-35.0	1.0	96.0	
1507563670842	2163335348334	335.0	-35.172943115234375	1.0	96.0	
1507563670860	2163355489935	335.3030700683594	-36.0	1.303070068359375	96.0	
1507563670881	2163375631537	336.0	-36.0	2.0	96.0	
1507563670895	2163395773138	336.0	-36.0	2.0	96.0	
1507563670913	2163415914740	336.0	-36.0	2.0	96.0	
1507563670931	2163436056341	336.0	-36.0	2.0	96.0	
1507563670950	2163456197943	336.0	-36.0	2.0	96.0	
1507563670985	2163476339545	336.0	-36.0	2.0	96.0	
1507563671003	2163496481146	336.0	-36.0	2.0	96.0	
1507563671022	2163516622748	336.0	-36.0	1.65582275390625	96.0	
1507563671039	2163536764349	336.0	-36.0	1.0	96.0	
1507563671058	2163556905951	336.0	-36.0	1.0	96.0	
1507563671075	2163577047552	336.0	-36.0	1.734588623046875	96.0	
1507563671091	2163597189154	336.0	-36.0	2.0	96.0	
1507563671110	2163617330756	336.0	-36.0	2.0	96.0	
1507563671146	2163637472357	336.0	-36.0	2.0	96.0	
1507563671164	2163657613959	336.0	-36.0	2.0	96.0	
1507563671180	2163677755560	336.0	-36.0	2.0	96.0	
1507563671198	2163697897162	336.0	-36.0	2.0	96.0	
1507563671218	2163718038763	336.0	-36.0	2.0	96.0	
1507563671234	2163738180365	336.0	-36.0	2.0	96.0	
1507563671252	2163758321966	336.0	-36.0	2.0	96.0	
1507563671289	2163778463568	336.0	-36.0	2.0	96.0	
1507563671307	2163798605170	336.0	-36.0	2.0	96.0	
1507563671324	2163818746771	336.0	-36.0	2.0	96.0	
1507563671342	2163838888373	336.0	-36.0	2.0	96.0	
1507563671359	2163859029974	336.5565185546875	-36.0	2.0	96.0	
1507563671378	2163879171576	337.0	-36.0	2.0	96.0	
1507563671398	2163899313177	337.0	-36.0	2.0	96.0	
1507563671415	2163919454779	337.0	-36.0	2.9469146728515625	96.0	
1507563671448	2163939596381	337.0	-36.0	3.0	96.0	
1507563671466	2163959737982	337.0	-36.0	3.0	96.0	
1507563671484	2163979879584	337.0	-36.0	3.0	96.0	
1507563671502	2164000021185	337.0	-36.0	3.0	96.0	
1507563671520	2164020162787	337.0	-36.0	3.0	96.0	
1507563671539	2164040304388	337.0	-36.0	3.0	96.0	
1507563671556	2164060445990	337.0	-36.0	3.0	96.0	
1507563671574	2164080587591	337.0	-36.0	3.0	96.0	
1507563671609	2164100729193	337.0	-36.0	3.0	96.0	
1507563671627	2164120870795	337.0	-36.0	3.0	96.0	
1507563671645	2164141012396	337.0	-36.0	3.0	96.0	
1507563671663	2164161153998	337.0	-35.49143981933594	3.0	96.0	
1507563671681	2164181295599	337.0	-35.0	3.0	96.0	
1507563671700	2164201437201	337.0	-35.0	3.0	96.0	
1507563671717	2164221578802	337.0	-35.0	2.1010284423828125	96.0	
1507563671753	2164241720404	337.0	-35.0	2.0	96.0	
1507563671770	2164261862006	337.0	-35.0	2.0	96.0	
1507563671788	2164282003607	337.0	-35.0	2.0	96.0	
1507563671805	2164302145209	337.0	-35.0	2.0	96.0	
1507563671827	2164322286810	337.0	-35.0	2.0	96.0	
1507563671841	2164342428412	337.0	-35.0	2.0	96.0	
1507563671860	2164362570013	337.0	-35.0	2.0	96.0	
1507563671877	2164382711615	337.0	-35.0	2.0	96.0	
1507563671915	2164402853216	337.0	-35.0	2.0	96.0	
1507563671931	2164422994818	337.0	-35.0	2.0	96.0	
1507563671949	2164443136420	337.0	-35.0	2.0	96.0	
1507563671966	2164463278021	337.4606018066406	-35.0	2.0	96.0	
1507563671984	2164483419623	338.0	-35.0	2.0	96.0	
1507563672002	2164503561224	338.0	-35.0	2.0	96.0	
1507563672020	2164523702826	338.0	-35.0	2.0	96.0	
1507563672037	2164543844427	338.0	-35.0	2.0	96.0	
1507563672077	2164563986029	338.0	-35.0	2.0	96.0	
1507563672095	2164584127631	338.0	-35.0	2.0	96.0	
1507563672111	2164604269232	338.0	-35.0	2.0	96.0	
1507563672128	2164624410834	338.0	-35.0	2.0	96.0	
1507563672146	2164644552435	338.0	-35.0	2.0	96.0	
1507563672166	2164664694037	338.0	-35.0	2.0	96.0	
1507563672183	2164684835638	338.0	-35.0	2.0	96.0	
1507563672217	2164704977240	338.0	-35.0	2.0	96.0	
1507563672237	2164725118841	338.0	-35.0	2.0	96.0	
1507563672253	2164745260443	338.0	-35.0	2.0	96.0	
1507563672272	2164765402045	338.0	-35.0	2.0	96.0	
1507563672288	2164785543646	338.0	-35.0	2.0	96.0	
1507563672306	2164805685248	338.0	-35.0	2.0	96.0	
1507563672325	2164825826849	338.0	-35.0	2.0	96.0	
1507563672344	2164845968451	338.0	-35.0	2.0	96.0	
1507563672378	2164866110052	338.0	-35.0	2.0	96.0	
1507563672397	2164886251654	338.0	-35.0	2.0	96.0	
1507563672414	2164906393256	338.0	-35.0	2.3236236572265625	96.0	
1507563672430	2164926534857	338.0	-35.0	3.0	96.0	
1507563672448	2164946676459	338.0	-35.0	3.0	96.0	
1507563672467	2164966818060	338.0	-35.0	2.2859649658203125	96.0	
1507563672484	2164986959662	338.0	-35.0	2.84417724609375	96.0	
1507563672504	2165007101263	338.0	-35.0	3.0	96.0	
1507563672539	2165027242865	338.0	-35.0	3.0	96.0	
1507563672556	2165047384466	338.0	-35.0	2.765411376953125	96.0	
1507563672574	2165067526068	338.0	-35.0	2.0	96.0	
1507563672592	2165087667670	338.0	-35.0	2.0	96.0	
1507563672611	2165107809271	338.625	-35.0	2.0	96.0	
1507563672627	2165127950873	339.0	-35.0	2.0	96.0	
1507563672645	2165148092474	339.0	-35.0	2.0	96.0	
1507563672682	2165168234076	339.0	-35.0	2.0	96.0	
1507563672699	2165188375677	339.0	-35.0	2.0	96.0	
1507563672719	2165208517279	339.0	-35.0	2.0	96.0	
1507563672735	2165228658881	339.0	-35.0	2.0	96.0	
1507563672753	2165248800482	339.0	-35.0	2.0	96.0	
1507563672772	2165268942084	339.0	-35.0	2.0	96.0	
1507563672788	2165289083685	339.0	-35.0	2.0	96.0	
1507563672806	2165309225287	339.0	-35.0	2.0	96.0	
1507563672842	2165329366888	339.0	-35.0	2.0	96.0	
1507563672860	2165349508490	339.0	-35.0	2.0	96.0	
1507563672878	2165369650091	339.0	-35.0	2.0	96.0	
1507563672895	2165389791693	339.0	-35.0	2.0	96.0	
1507563672913	2165409933295	339.0	-35.0	2.0	96.0	
1507563672933	2165430074896	339.0	-35.0	2.0	96.0	
1507563672952	2165450216498	339.0	-35.0	2.0	96.0	
1507563672966	2165470358099	339.0	-35.0	2.0	96.0	
1507563673002	2165490499701	339.0	-35.0	2.0885772705078125	96.0	
1507563673020	2165510641302	339.0	-35.0	3.0	96.0	
1507563673038	2165530782904	339.0	-35.0	3.0	96.0	
1507563673056	2165550924506	339.0	-35.0	3.0	96.0	
1507563673074	2165571066107	339.0	-35.0	3.0	96.0	
1507563673093	2165591207709	339.0	-35.0	3.0	96.0	
1507563673110	2165611349310	339.0	-35.0	3.0	96.0	
1507563673128	2165631490912	339.0	-35.0	3.0	96.0	
1507563673163	2165651632513	339.0	-35.0	3.0	96.0	
1507563673181	2165671774115	339.0	-35.0	3.0	96.0	
1507563673199	2165691915716	339.0	-35.0	3.0	96.0	
1507563673217	2165712057318	339.0	-35.0	3.0	96.0	
1507563673235	2165732198920	339.0	-35.0	2.417388916015625	96.0	
1507563673254	2165752340521	339.0	-35.0	2.0	96.0	
1507563673270	2165772482123	339.0	-35.0	2.0	96.0	
1507563673288	2165792623724	339.0	-35.0	2.0	96.0	
1507563673324	2165812765326	339.0	-35.0	2.0	96.0	
1507563673342	2165832906927	339.0	-35.0	2.0	96.0	
1507563673361	2165853048529	339.0	-35.0	2.0	96.0	
1507563673378	2165873190131	339.0	-35.0	2.0	96.0	
1507563673395	2165893331732	339.5775146484375	-35.0	2.0	96.0	
1507563673414	2165913473334	340.0	-35.0	2.0	96.0	
1507563673431	2165933614935	340.0	-35.0	2.0	96.0	
1507563673450	2165953756537	340.0	-35.0	2.0	96.0	
1507563673484	2165973898138	340.0	-35.0	2.0	96.0	
1507563673503	2165994039740	340.0	-35.0	2.0	96.0	
1507563673520	2166014181341	340.0	-35.0	2.0	96.0	
1507563673537	2166034322943	340.0	-35.0	2.0	96.0	
1507563673555	2166054464545	340.0	-35.0	2.0	96.0	
1507563673574	2166074606146	340.0	-35.0	2.0	96.0	
1507563673591	2166094747748	340.0	-35.0	2.0	96.0	
1507563673609	2166114889349	340.0	-35.0	2.0	96.0	
1507563673645	2166135030951	340.0	-35.0	2.0	96.0	
1507563673663	2166155172552	340.0	-35.0	2.0	96.0	
1507563673682	2166175314154	340.0	-35.0	2.0	96.0	
1507563673699	2166195455756	340.0	-35.0	2.0	96.0	
1507563673717	2166215597357	340.0	-35.0	2.0	96.0	
1507563673735	2166235738959	340.0	-35.0	2.0	96.0	
1507563673752	2166255880560	340.0	-35.0	2.0	96.0	
1507563673770	2166276022162	340.0	-35.0	2.9437713623046875	96.0	
1507563673806	2166296163763	340.0	-35.0	3.0	96.0	
1507563673824	2166316305365	340.0	-35.0	3.0	96.0	
1507563673842	2166336446966	340.0	-35.0	3.0	96.0	
1507563673860	2166356588568	340.0	-35.0	3.0	96.0	
1507563673877	2166376730170	340.0	-35.0	3.0	96.0	
1507563673896	2166396871771	340.0	-35.0	3.0	96.0	
1507563673913	2166417013373	340.0	-35.0	3.0	96.0	
1507563673931	2166437154974	340.0	-35.0	3.0	96.0	
1507563673966	2166457296576	340.0	-35.0	3.0	96.0	
1507563673985	2166477438177	340.0	-35.0	3.0	96.0	
1507563674002	2166497579779	340.0	-35.0	3.0	96.0	
1507563674021	2166517721381	340.43780517578125	-35.0	3.0	96.0	
1507563674037	2166537862982	341.0	-35.0	3.0	96.0	
1507563674058	2166558004584	341.0	-35.0	3.0	96.0	
1507563674074	2166578146185	341.0	-35.0	3.0	96.0	
1507563674092	2166598287787	341.0	-35.0	3.0	96.0	
1507563674128	2166618429388	341.0	-35.0	3.0	96.0	
1507563674147	2166638570990	341.0	-35.0	3.0	96.0	
1507563674168	2166658712591	341.0	-35.0	3.0	96.0	
1507563674182	2166678854193	341.0	-35.0	3.0	96.0	
1507563674200	2166698995795	341.0	-35.0	3.0	96.0	
1507563674219	2166719137396	341.0	-35.0	3.0	96.0	
1507563674236	2166739278998	341.0	-35.0	3.0	96.0	
1507563674256	2166759420599	341.0	-35.0	3.0	96.0	
1507563674289	2166779562201	341.0	-35.0	3.0	96.0	
1507563674306	2166799703802	341.0	-35.0	3.0	96.0	
1507563674325	2166819845404	341.0	-35.0	3.0	96.0	
1507563674345	2166839987006	341.0	-35.0	3.0	96.0	
1507563674361	2166860128607	341.0	-35.0	3.0	96.0	
1507563674384	2166880270209	341.0	-35.0	3.0	96.0	
1507563674395	2166900411810	341.0	-35.0	3.0	96.0	
1507563674413	2166920553412	341.0	-35.0	3.0	96.0	
1507563674449	2166940695013	341.0	-35.0	3.0	96.0	
1507563674469	2166960836615	341.0	-34.82283020019531	3.0	96.0	
1507563674484	2166980978216	341.0	-34.0	2.6984710693359375	96.0	
1507563674506	2167001119818	341.0	-34.0	2.0	96.0	
1507563674520	2167021261420	341.0	-34.55024719238281	2.0	96.0	
1507563674539	2167041403021	341.0	-35.0	2.0	96.0	
1507563674555	2167061544623	341.0	-35.0	2.0	96.0	
1507563674574	2167081686224	341.0	-35.0	2.9233245849609375	96.0	
1507563674609	2167101827826	341.0	-35.0	3.0	96.0	
1507563674628	2167121969427	341.0	-35.0	2.8276519775390625	96.0	
1507563674645	2167142111029	341.0	-35.0	2.0	96.0	
1507563674663	2167162252631	341.0	-35.0	2.0	96.0	
1507563674681	2167182394232	341.0	-35.0	2.0	96.0	
1507563674700	2167202535834	341.0	-35.0	2.0	96.0	
1507563674716	2167222677435	341.0	-35.0	2.0	96.0	
1507563674735	2167242819037	341.0	-35.0	2.0	96.0	
1507563674770	2167262960638	341.0	-35.0	2.0	96.0	
1507563674791	2167283102240	341.0	-35.0	2.0	96.0	
1507563674808	2167303243841	341.0	-35.0	2.0	96.0	
1507563674827	2167323385443	341.0	-35.0	2.0	96.0	
1507563674841	2167343527045	341.0	-35.0	2.0	96.0	
1507563674860	2167363668646	341.0	-35.0	2.6660919189453125	96.0	
1507563674877	2167383810248	341.0	-35.0	3.0	96.0	
1507563674895	2167403951849	341.91650390625	-35.0	3.0	96.0	
1507563674931	2167424093451	342.0	-35.0	3.0	96.0	
1507563674949	2167444235052	342.0	-35.0	2.8347625732421875	96.0	
1507563674967	2167464376654	342.0	-35.0	2.0	96.0	
1507563674984	2167484518256	342.0	-35.0	2.0	96.0	
1507563675006	2167504659857	342.0	-35.0	2.0	96.0	
1507563675022	2167524801459	342.0	-35.0	2.0	96.0	
1507563675038	2167544943060	342.0	-35.0	2.0	96.0	
1507563675055	2167565084662	342.0	-35.0	2.0	96.0	
1507563675091	2167585226263	342.0	-35.0	2.0	96.0	
1507563675109	2167605367865	342.0	-35.0	2.0	96.0	
1507563675128	2167625509466	342.0	-35.0	2.0	96.0	
1507563675145	2167645651068	342.0	-35.0	2.0	96.0	
1507563675163	2167665792670	342.0	-35.0	2.0	96.0	
1507563675182	2167685934271	342.0	-35.0	2.0	96.0	
1507563675199	2167706075873	342.0	-35.0	2.0	96.0	
1507563675217	2167726217474	342.0	-35.0	2.0	96.0	
1507563675252	2167746359076	342.0	-35.0	2.0	96.0	
1507563675269	2167766500677	342.0	-35.0	2.0	96.0	
1507563675289	2167786642279	342.0	-35.0	2.0	96.0	
1507563675306	2167806783881	342.0	-35.0	2.0	96.0	
1507563675323	2167826925482	342.0	-35.0	2.0	96.0	
1507563675343	2167847067084	342.0	-35.0	2.0	96.0	
1507563675361	2167867208685	342.0	-35.0	2.0	96.0	
1507563675377	2167887350287	342.0	-35.0	2.0	96.0	
1507563675413	2167907491888	342.0	-35.0	2.0	96.0	
1507563675431	2167927633490	342.0	-35.0	2.0	96.0	
1507563675451	2167947775091	342.0	-35.0	2.0	96.0	
1507563675466	2167967916693	342.0	-35.0	2.0	96.0	
1507563675484	2167988058295	342.0	-35.0	2.0	96.0	
1507563675503	2168008199896	342.0	-35.0	2.0	96.0	
1507563675520	2168028341498	342.0	-35.0	2.0	96.0	
1507563675542	2168048483099	342.0	-35.0	2.0	96.0	
1507563675574	2168068624701	342.0	-35.0	2.0	96.0	
1507563675592	2168088766302	342.0	-35.0	2.0	96.0	
1507563675610	2168108907904	342.0	-35.0	2.0	96.0	
1507563675627	2168129049506	342.0	-35.0	2.0	96.0	
1507563675645	2168149191107	342.0	-35.0	2.0	96.0	
1507563675664	2168169332709	342.0	-35.0	2.0	96.0	
1507563675681	2168189474310	342.771728515625	-35.0	2.0	96.0	
1507563675699	2168209615912	343.0	-35.0	2.0	96.0	
1507563675735	2168229757513	343.0	-35.0	2.0	96.0	
1507563675753	2168249899115	343.0	-35.0	2.0	96.0	
1507563675772	2168270040716	343.0	-35.0	2.0	96.0	
1507563675788	2168290182318	343.0	-35.0	2.0	96.0	
1507563675807	2168310323920	343.0	-35.0	2.0	96.0	
1507563675827	2168330465521	343.0	-35.0	2.0	96.0	
1507563675843	2168350607123	343.0	-35.0	2.0	96.0	
1507563675861	2168370748724	343.0	-35.0	2.0	96.0	
1507563675900	2168390890326	343.0	-35.0	2.0	96.0	
1507563675920	2168411031927	343.0	-35.0	2.0	96.0	
1507563675933	2168431173529	343.0	-35.0	2.0	96.0	
1507563675948	2168451315131	343.0	-35.0	2.0	96.0	
1507563675968	2168471456732	343.0	-35.0	2.0	96.0	
1507563675986	2168491598334	343.0	-35.0	2.0	96.0	
1507563676003	2168511739935	343.0	-35.0	2.0	96.0	
1507563676021	2168531881537	343.0	-35.0	2.0	96.0	
1507563676058	2168552023138	343.0	-35.0	2.0	96.0	
1507563676073	2168572164740	343.0	-35.0	2.0	96.0	
1507563676094	2168592306341	343.0	-35.0	2.0	96.0	
1507563676110	2168612447943	343.0	-35.0	2.0	96.0	
1507563676129	2168632589545	343.0	-35.0	2.0	96.0	
1507563676150	2168652731146	343.0	-35.0	2.0	96.0	
1507563676163	2168672872748	343.0	-35.0	2.0	96.0	
1507563676181	2168693014349	343.0	-35.0	2.8841552734375	96.0	
1507563676216	2168713155951	343.0	-35.0	2.0	96.0	
1507563676234	2168733297552	343.0	-35.0	2.0	96.0	
1507563676253	2168753439154	343.0	-35.0	2.0	96.0	
1507563676271	2168773580756	343.0	-35.0	2.381591796875	96.0	
1507563676288	2168793722357	343.0	-35.0	3.0	96.0	
1507563676308	2168813863959	343.0	-35.0	2.3686065673828125	96.0	
1507563676324	2168834005560	343.0	-35.0	2.0	96.0	
1507563676342	2168854147162	343.0	-35.0	2.0	96.0	
1507563676377	2168874288763	343.0	-35.0	3.0	96.0	
1507563676395	2168894430365	343.0	-35.0	3.0	96.0	
1507563676414	2168914571966	343.0	-35.0	3.0	96.0	
1507563676431	2168934713568	343.378173828125	-35.0	3.0	96.0	
1507563676449	2168954855170	344.0	-35.0	3.0	96.0	
1507563676469	2168974996771	344.0	-35.0	3.0	96.0	
1507563676485	2168995138373	344.0	-35.0	3.0	96.0	
1507563676503	2169015279974	344.0	-35.0	3.0	96.0	
1507563676522	2169035421576	344.0	-34.0	3.0	96.0	
1507563676556	2169055563177	344.0	-34.0	3.0	96.0	
1507563676574	2169075704779	344.0	-34.0	3.0	96.0	
1507563676591	2169095846381	344.0	-34.0	3.0	96.0	
1507563676609	2169115987982	344.0	-34.0	3.0	96.0	
1507563676628	2169136129584	344.0	-34.0	3.0	96.0	
1507563676645	2169156271185	344.0	-34.0	3.0	96.0	
1507563676663	2169176412787	344.0	-34.0	2.09246826171875	96.0	
1507563676698	2169196554388	344.0	-34.0	2.0	96.0	
1507563676717	2169216695990	344.0	-34.0	2.0	96.0	
1507563676736	2169236837591	344.0	-34.0	2.297943115234375	96.0	
1507563676752	2169256979193	344.0	-34.0	3.0	96.0	
1507563676771	2169277120795	344.0	-34.0	3.0	96.0	
1507563676790	2169297262396	344.0	-34.0	3.0	96.0	
1507563676806	2169317403998	344.0	-34.0	2.1815185546875	96.0	
1507563676824	2169337545599	344.0	-34.0	2.0	96.0	
1507563676859	2169357687201	344.0	-34.0	2.0	96.0	
1507563676878	2169377828802	344.0	-34.0	2.0	96.0	
1507563676897	2169397970404	344.0	-34.0	2.0	96.0	
1507563676913	2169418112006	344.0	-34.0	2.0	96.0	
1507563676931	2169438253607	344.0	-34.0	2.0	96.0	
1507563676951	2169458395209	344.0	-34.0	2.0	96.0	
1507563676967	2169478536810	344.0	-34.0	2.0	96.0	
1507563676987	2169498678412	344.0	-34.0	2.0	96.0	
1507563677020	2169518820013	344.0	-34.0	2.0	96.0	
1507563677038	2169538961615	344.0	-34.0	2.0	96.0	
1507563677057	2169559103216	344.0	-34.0	2.0	96.0	
1507563677074	2169579244818	344.0	-34.0	2.0	96.0	
1507563677091	2169599386420	344.0	-34.0	2.0	96.0	
1507563677110	2169619528021	344.0	-34.0	2.0	96.0	
1507563677127	2169639669623	344.0	-34.0	2.0	96.0	
1507563677163	2169659811224	344.0	-34.0	2.0	96.0	
1507563677181	2169679952826	344.0	-34.0	2.0	96.0	
1507563677199	2169700094427	344.0	-34.0	2.0	96.0	
1507563677218	2169720236029	344.0	-34.0	2.0	96.0	
1507563677235	2169740377631	344.0	-34.0	2.0	96.0	
1507563677253	2169760519232	344.0	-34.0	2.0	96.0	
1507563677272	2169780660834	344.0	-34.0	2.0	96.0	
1507563677288	2169800802435	344.0	-34.0	2.0	96.0	
1507563677324	2169820944037	344.0	-34.0	2.0	96.0	
1507563677342	2169841085638	344.0	-34.0	2.0	96.0	
1507563677359	2169861227240	344.0	-34.0	2.0	96.0	
1507563677379	2169881368841	344.46234130859375	-34.0	2.0	96.0	
1507563677395	2169901510443	345.0	-34.0	2.0	96.0	
1507563677413	2169921652045	345.0	-34.0	2.0	96.0	
1507563677432	2169941793646	345.0	-34.0	2.0	96.0	
1507563677452	2169961935248	345.0	-34.0	2.0	96.0	
1507563677484	2169982076849	345.0	-34.0	2.0	96.0	
1507563677502	2170002218451	345.0	-34.0	2.0	96.0	
1507563677520	2170022360052	345.0	-34.0	2.0	96.0	
1507563677539	2170042501654	345.0	-34.0	2.50341796875	96.0	
1507563677555	2170062632632	345.0	-34.0	3.0	96.0	
1507563677573	2170082774233	345.0	-34.76368713378906	3.0	96.0	
1507563677592	2170102915835	345.0	-34.106170654296875	2.106170654296875	96.0	
1507563677627	2170123057436	345.0	-34.0	2.0	96.0	
1507563677645	2170143199038	345.0	-34.0	2.0	96.0	
1507563677663	2170163340639	345.0	-34.0	2.0	96.0	
1507563677680	2170183482241	345.0	-34.0	2.0	96.0	
1507563677700	2170203623842	345.0	-34.0	2.0	96.0	
1507563677716	2170223765444	345.0	-34.0	2.0	96.0	
1507563677734	2170243907046	345.0	-34.0	2.0	96.0	
1507563677754	2170264048647	345.0	-34.0	2.0	96.0	
1507563677788	2170284190249	345.0	-34.0	2.0650634765625	96.0	
1507563677806	2170304331850	345.0	-34.0	3.0	96.0	
1507563677837	2170324473452	345.0	-34.0	3.0	96.0	
1507563677853	2170344615053	345.0	-34.0	3.0	96.0	
1507563677869	2170364756655	345.0	-34.0	3.0	96.0	
1507563677891	2170384898257	345.0	-34.0	3.0	96.0	
1507563677910	2170405039858	345.0	-34.0	3.0	96.0	
1507563677932	2170425181460	345.0	-34.0	2.02398681640625	96.0	
1507563677959	2170445323061	345.0	-34.0	3.0	96.0	
1507563677967	2170465464663	345.0	-34.0	3.0	96.0	
1507563677984	2170485606264	345.0	-34.366424560546875	3.0	96.0	
1507563678002	2170505747866	345.0	-35.0	2.5034332275390625	96.0	
1507563678021	2170525889467	345.0	-35.0	2.626708984375	96.0	
1507563678039	2170546031069	345.0	-35.0	3.0	96.0	
1507563678057	2170566172671	345.0	-35.0	3.0	96.0	
1507563678095	2170586314272	345.0	-35.0	3.0	96.0	
1507563678116	2170606455874	345.0	-35.0	2.852752685546875	96.0	
1507563678134	2170626597475	345.0	-35.0	2.0	96.0	
1507563678149	2170646739077	345.0	-35.0	2.0	96.0	
1507563678164	2170666880678	345.0	-35.0	2.0	96.0	
1507563678188	2170687022280	345.0	-35.0	2.0	96.0	
1507563678202	2170707163882	345.0	-35.0	2.0	96.0	
1507563678217	2170727305483	345.9280700683594	-35.0	2.0	96.0	
1507563678254	2170747447085	346.0	-35.0	2.0	96.0	
1507563678285	2170767588686	346.0	-35.0	2.0	96.0	
1507563678309	2170787730288	346.0	-35.0	2.0	96.0	
1507563678334	2170807871889	346.0	-35.0	2.0	96.0	
1507563678349	2170828013491	346.0	-35.0	2.0	96.0	
1507563678384	2170848155092	346.0	-35.0	2.0	96.0	
1507563678410	2170868296694	346.0	-35.0	2.0	96.0	
1507563678435	2170888438296	346.0	-35.0	2.0	96.0	
1507563678453	2170908579897	346.0	-35.0	2.0	96.0	
1507563678462	2170928721499	346.0	-35.0	2.0	96.0	
1507563678470	2170948863100	346.0	-35.0	2.0	96.0	
1507563678477	2170969004702	346.0	-35.0	2.0	96.0	
1507563678484	2170989146303	346.0	-35.0	2.0	96.0	
1507563678503	2171009287905	346.0	-35.0	2.0	96.0	
1507563678520	2171029429507	346.0	-35.0	2.0	96.0	
1507563678557	2171049571108	346.0	-35.0	2.0	96.0	
1507563678576	2171069712710	346.0	-35.0	2.0	96.0	
1507563678595	2171089854311	346.0	-35.0	2.0	96.0	
1507563678613	2171109995913	346.0	-35.0	2.0	96.0	
1507563678629	2171130137514	346.0	-35.0	2.0	96.0	
1507563678648	2171150279116	346.0	-35.0	2.0	96.0	
1507563678669	2171170420717	346.0	-35.0	2.0	96.0	
1507563678684	2171190562319	346.0	-35.0	2.0	96.0	
1507563678717	2171210703921	346.0	-35.0	2.0	96.0	
1507563678739	2171230845522	346.0	-35.0	2.0	96.0	
1507563678756	2171250987124	346.0	-35.0	2.0	96.0	
1507563678774	2171271128725	346.0	-35.0	2.0	96.0	
1507563678789	2171291270327	346.0	-35.0	2.0	96.0	
1507563678809	2171311411928	346.0	-35.0	2.0	96.0	
1507563678827	2171331553530	346.0	-35.0	2.0	96.0	
1507563678846	2171351695132	346.0	-35.0	2.0	96.0	
1507563678879	2171371836733	346.0	-35.0	2.0	96.0	
1507563678915	2171391978335	346.0	-35.0	2.0	96.0	
1507563678923	2171412119936	346.0	-35.0	2.0	96.0	
1507563678932	2171432261538	346.0	-35.0	2.4828643798828125	96.0	
1507563678948	2171452403139	346.0	-35.0	3.0	96.0	
1507563678967	2171472544741	346.0	-35.0	3.0	96.0	
1507563678985	2171492686342	346.0	-35.0	3.0	96.0	
1507563679020	2171512827944	347.0	-35.0	3.0	96.0	
1507563679039	2171532969546	347.0	-35.0	3.0	96.0	
1507563679068	2171553111147	347.0	-35.0	3.0	96.0	
1507563679085	2171573252749	347.0	-35.0	3.0	96.0	
1507563679097	2171593394350	347.0	-35.0	3.0	96.0	
1507563679115	2171613535952	347.0	-35.0	3.0	96.0	
1507563679131	2171633677553	347.0	-35.0	3.0	96.0	
1507563679151	2171653819155	347.0	-35.0	3.0	96.0	
1507563679183	2171673960757	347.0	-35.0	3.0	96.0	
1507563679207	2171694102358	347.0	-35.0	3.0	96.0	
1507563679230	2171714243960	347.0	-35.0	3.0	96.0	
1507563679253	2171734385561	347.0	-35.0	3.0	96.0	
1507563679271	2171754527163	347.0	-35.0	3.0	96.0	
1507563679294	2171774668764	347.0	-35.0	3.0	96.0	
1507563679315	2171794810366	347.0	-35.0	3.0	96.0	
1507563679340	2171814951967	347.0	-35.0	3.0	96.0	
1507563679372	2171835093569	347.0	-35.0	3.0	96.0	
1507563679396	2171855235171	347.0	-35.0	3.0	96.0	
1507563679421	2171875376772	347.0	-35.0	3.0	96.0	
1507563679435	2171895518374	347.0	-35.0	3.0	96.0	
1507563679441	2171915659975	347.0	-35.0	3.0	96.0	
1507563679448	2171935801577	347.0	-34.263702392578125	3.0	96.0	
1507563679456	2171955943178	347.0	-34.0	3.0	96.0	
1507563679467	2171976084780	347.0	-34.0	3.0	96.0	
1507563679502	2171996226382	347.0	-34.0	3.0	96.0	
1507563679522	2172016367983	347.0	-34.0	3.0	96.0	
1507563679538	2172036509585	347.0	-34.0	3.0	96.0	
1507563679556	2172056651186	347.0	-34.0	3.0	96.0	
1507563679577	2172076792788	347.0	-34.0	3.0	96.0	
1507563679601	2172096934389	347.0	-34.0	3.0	96.0	
1507563679616	2172117075991	347.0	-34.0	3.0	96.0	
1507563679657	2172137217592	347.0	-35.0	3.0	96.0	
1507563679675	2172157359194	347.0	-34.83219909667969	3.0	96.0	
1507563679692	2172177500796	347.2979431152344	-34.0	3.0	96.0	
1507563679699	2172197642397	348.0	-34.0	3.0	96.0	
1507563679717	2172217783999	348.0	-34.55821228027344	3.0	96.0	
1507563679735	2172237925600	348.0	-35.0	3.0	96.0	
1507563679753	2172258067202	348.0	-35.0	3.0	96.0	
1507563679771	2172278208803	348.0	-35.0	3.0	96.0	
1507563679806	2172298350405	348.0	-35.0	3.0	96.0	
1507563679823	2172318492007	348.2088928222656	-35.0	3.0	96.0	
1507563679843	2172338633608	349.0	-35.0	3.0	96.0	
1507563679862	2172358775210	349.0	-35.0	3.0	96.0	
1507563679879	2172378916811	349.0	-35.0	3.0	96.0	
1507563679904	2172399058413	349.0	-35.0	3.0	96.0	
1507563679923	2172419200014	349.0	-35.0	3.0	96.0	
1507563679938	2172439341616	349.0	-35.0	3.0	96.0	
1507563679966	2172459483217	349.0	-35.0	3.0	96.0	
1507563679984	2172479624819	349.25	-35.0	3.0	96.0	
1507563680002	2172499766421	350.0	-35.0	3.0	96.0	
1507563680020	2172519908022	350.0	-35.0	3.0	96.0	
1507563680038	2172540049624	350.0	-35.0	3.0	96.0	
1507563680063	2172560191225	350.0	-35.0	3.0	96.0	
1507563680078	2172580332827	350.0	-35.0	3.0	96.0	
1507563680111	2172600474428	350.0	-35.0	3.0	96.0	
1507563680127	2172620616030	350.0	-35.0	3.0	96.0	
1507563680150	2172640757632	350.29107666015625	-35.0	3.0	96.0	
1507563680171	2172660899233	351.0	-35.0	3.0	96.0	
1507563680184	2172681040835	351.0	-35.0	3.0	96.0	
1507563680199	2172701182436	351.0	-35.0	3.0	96.0	
1507563680218	2172721324038	351.0	-35.0	3.0	96.0	
1507563680235	2172741465639	351.0	-35.0	3.0	96.0	
1507563680270	2172761607241	352.0	-35.0	3.0	96.0	
1507563680288	2172781748842	352.0	-35.0	3.0	96.0	
1507563680307	2172801890444	352.0	-35.0	3.0	96.0	
1507563680333	2172822032046	352.0	-35.0	3.0	96.0	
1507563680347	2172842173647	352.0	-35.0	3.0	96.0	
1507563680360	2172862315249	352.72259521484375	-35.0	3.0	96.0	
1507563680381	2172882456850	353.0	-35.0	3.0	96.0	
1507563680398	2172902598452	353.0	-35.0	3.0	96.0	
1507563680432	2172922740053	353.0	-35.0	3.0	96.0	
1507563680454	2172942881655	353.0	-35.0	3.0	96.0	
1507563680470	2172963023257	353.373291015625	-35.0	3.0	96.0	
1507563680486	2172983164858	354.0	-35.0	3.0	96.0	
1507563680502	2173003306460	354.0	-35.0	3.0	96.0	
1507563680520	2173023448061	354.0	-35.0	3.0	96.0	
1507563680539	2173043589663	354.0	-35.0	3.0	96.0	
1507563680578	2173063731264	354.0	-35.0	3.0	96.0	
1507563680592	2173083872866	354.0	-35.0	3.0	96.0	
1507563680610	2173104014467	354.0	-35.0	3.0	96.0	
1507563680629	2173124156069	354.0	-35.0	3.0	96.0	
1507563680649	2173144297671	354.0	-35.0	3.0	96.0	
1507563680677	2173164439272	354.0	-35.0	3.0	96.0	
1507563680689	2173184580874	354.0	-35.0	3.0	96.0	
1507563680700	2173204722475	354.0	-35.0	3.0	96.0	
1507563680736	2173224864077	354.0	-35.0	3.0	96.0	
1507563680753	2173245005678	354.0	-35.0	3.0	96.0	
1507563680771	2173265147280	354.0	-35.0	3.0	96.0	
1507563680791	2173285288882	354.0	-35.0	3.0	96.0	
1507563680811	2173305430483	354.0	-35.0	3.0	96.0	
1507563680832	2173325572085	354.0	-35.0	3.0	96.0	
1507563680843	2173345713686	354.0	-35.0	3.0	96.0	
1507563680865	2173365855288	354.0	-35.0	3.0	96.0	
1507563680898	2173385996889	354.0	-35.0	3.0	96.0	
1507563680913	2173406138491	354.0	-35.0	3.0	96.0	
1507563680931	2173426280092	354.0	-35.0	3.0	96.0	
1507563680949	2173446421694	354.0	-35.0	3.0	96.0	
1507563680967	2173466563296	354.0	-35.0	3.0	96.0	
1507563680984	2173486704897	354.0	-35.0	3.0	96.0	
1507563681002	2173506846499	354.0	-35.0	3.0	96.0	
1507563681038	2173526988100	354.0	-35.0	3.0	96.0	
1507563681056	2173547129702	354.1472473144531	-35.0	3.0	96.0	
1507563681075	2173567271303	355.0	-35.0	3.0	96.0	
1507563681094	2173587412905	355.0	-35.0	3.0	96.0	
1507563681109	2173607554507	355.0	-35.0	3.0	96.0	
1507563681129	2173627696108	355.0	-35.0	3.0	96.0	
1507563681145	2173647837710	355.0	-35.0	3.0	96.0	
1507563681163	2173667979311	355.0	-35.0	3.0	96.0	
1507563681200	2173688120913	355.0	-35.0	3.0	96.0	
1507563681217	2173708262514	355.0	-35.0	3.0	96.0	
1507563681235	2173728404116	355.0	-35.0	3.0	96.0	
1507563681253	2173748545717	355.0	-35.0	3.0	96.0	
1507563681272	2173768687319	355.0	-35.0	3.0	96.0	
1507563681293	2173788828921	355.0	-35.0	3.0	96.0	
1507563681307	2173808970522	355.0	-35.0	3.0	96.0	
1507563681328	2173829112124	355.0	-35.0	3.0	96.0	
1507563681369	2173849253725	355.0	-35.0	3.0	96.0	
1507563681391	2173869395327	355.0	-35.0	3.0	96.0	
1507563681409	2173889536928	355.0	-35.0	3.0	96.0	
1507563681431	2173909678530	355.0	-35.0	3.0	96.0	
1507563681446	2173929820132	355.0	-35.0	3.0	96.0	
1507563681454	2173949961733	355.0	-35.0	2.25	96.0	
1507563681466	2173970103335	355.0	-35.0	2.0	96.0	
1507563681504	2173990244936	355.0	-35.0	2.0	96.0	
1507563681520	2174010386538	354.859619140625	-35.0	2.0	96.0	
1507563681539	2174030528139	354.0	-35.0	2.0	96.0	
1507563681557	2174050669741	354.0	-35.0	2.0	96.0	
1507563681573	2174070811342	354.0	-35.0	2.0	96.0	
1507563681598	2174090952944	354.0	-35.0	2.0	96.0	
1507563681611	2174111094546	353.20892333984375	-35.0	2.0	96.0	
1507563681629	2174131236147	353.0	-34.07878112792969	2.0	96.0	
1507563681673	2174151377749	352.9486389160156	-34.0	2.0	96.0	
1507563681682	2174171519350	352.0	-34.0	1.8184967041015625	96.0	
1507563681700	2174191660952	352.0	-34.0	1.0	96.0	
1507563681718	2174211802553	352.0	-34.0	1.0	96.0	
1507563681738	2174231944155	351.4281005859375	-34.0	1.0	96.0	
1507563681770	2174252085757	351.0	-34.0	1.0	96.0	
1507563681789	2174272227358	351.0	-34.0	1.0	96.0	
1507563681800	2174292368960	351.0	-34.0	1.0	96.0	
1507563681829	2174312510561	350.09246826171875	-34.0	1.0924530029296875	96.0	
1507563681844	2174332652163	351.0	-34.0	2.0	96.0	
1507563681864	2174352793764	351.0	-34.0	2.0	96.0	
1507563681892	2174372935366	351.0	-34.0	2.4828643798828125	96.0	
1507563681912	2174393076967	351.6130065917969	-34.0	3.0	96.0	
1507563681930	2174413218569	352.0	-34.0	3.7431488037109375	96.0	
1507563681940	2174433360171	352.0	-34.87327575683594	4.0	96.0	
1507563681966	2174453501772	353.0	-34.0	4.00341796875	96.0	
1507563681986	2174473643374	353.0	-34.0	5.0	96.0	
1507563682002	2174493784975	353.0	-33.73631286621094	4.7363128662109375	96.0	
1507563682021	2174513926577	353.0	-33.0	4.0	96.0	
1507563682039	2174534068178	353.0	-33.0	4.0	96.0	
1507563682056	2174554209780	353.0	-32.34590148925781	4.0	96.0	
1507563682074	2174574351382	353.0	-32.0	4.0	96.0	
1507563682093	2174594492983	353.0	-32.0	3.0856170654296875	96.0	
1507563682127	2174614634585	352.0	-32.0	3.0	96.0	
1507563682146	2174634776186	352.0	-32.0	2.825347900390625	96.0	
1507563682163	2174654917788	352.0	-32.0	2.0	96.0	
1507563682181	2174675059389	352.0	-32.0	2.0	96.0	
1507563682199	2174695200991	352.0	-32.0	2.0	96.0	
1507563682217	2174715342592	352.0	-32.0	2.0	96.0	
1507563682237	2174735484194	352.0	-32.0	2.0	96.0	
1507563682257	2174755625796	352.0	-32.0	2.0	96.0	
1507563682289	2174775767397	352.0	-32.0	2.0	96.0	
1507563682313	2174795908999	352.0	-32.0	2.0	96.0	
1507563682333	2174816050600	352.0	-31.692184448242188	2.0	96.0	
1507563682346	2174836192202	352.0	-31.0	2.0	96.0	
1507563682361	2174856333803	352.0	-31.0	2.0	96.0	
1507563682391	2174876475405	352.6797180175781	-31.0	2.0	96.0	
1507563682418	2174896617007	353.0	-31.0	2.0	96.0	
1507563682446	2174916758608	353.0	-31.0	2.0	96.0	
1507563682466	2174936900210	353.0	-31.0	2.0	96.0	
1507563682476	2174957041811	353.0	-31.0	2.0	96.0	
1507563682484	2174977183413	353.0	-31.0	2.0	96.0	
1507563682502	2174997325014	353.0	-31.425888061523438	2.0	96.0	
1507563682520	2175017466616	353.0	-32.0	2.0	96.0	
1507563682537	2175037608217	353.0	-32.0	2.0	96.0	
1507563682555	2175057749819	353.0	-31.202392578125	2.797607421875	96.0	
1507563682575	2175077891421	353.0	-31.0	3.0	96.0	
1507563682611	2175098033022	353.0	-31.0	2.954010009765625	96.0	
1507563682628	2175118174624	353.0	-31.0	2.0	96.0	
1507563682645	2175138316225	353.0	-31.0	2.0	96.0	
1507563682663	2175158457827	353.0	-31.0	2.0	96.0	
1507563682690	2175178599428	353.0	-31.0	2.0	96.0	
1507563682708	2175198741030	353.0	-31.0	2.0	96.0	
1507563682717	2175218882632	353.0	-31.0	2.0	96.0	
1507563682735	2175239024233	353.0	-31.0	2.0	96.0	
1507563682773	2175259165835	353.0	-31.0	2.0	96.0	
1507563682792	2175279307436	353.0	-31.0	2.0	96.0	
1507563682807	2175299449038	353.0	-31.0	2.0	96.0	
1507563682825	2175319590639	353.0	-31.0	2.0	96.0	
1507563682843	2175339732241	353.0	-31.0	2.0	96.0	
1507563682862	2175359873842	353.6609802246094	-31.0	2.0	96.0	
1507563682880	2175380015444	354.0	-31.0	2.0	96.0	
1507563682900	2175400157046	354.0	-31.0	2.0	96.0	
1507563682934	2175420298647	354.0	-31.0	2.0	96.0	
1507563682957	2175440440249	354.0	-31.0	2.0	96.0	
1507563682971	2175460581850	354.0	-31.0	2.0	96.0	
1507563682993	2175480723452	354.0	-31.0	2.0	96.0	
1507563683002	2175500865053	354.0	-31.0	2.5315093994140625	96.0	
1507563683020	2175521006655	354.0	-31.0	3.0	96.0	
1507563683040	2175541148257	354.0	-31.0	3.0	96.0	
1507563683057	2175561289858	354.0	-31.0	3.0	96.0	
1507563683092	2175581431460	354.0	-31.0	3.0	96.0	
1507563683110	2175601573061	354.0	-31.0	3.0	96.0	
1507563683128	2175621714663	354.0	-31.0	3.0	96.0	
1507563683147	2175641856264	354.0	-31.40032958984375	3.0	96.0	
1507563683167	2175661997866	354.0	-32.0	3.0	96.0	
1507563683185	2175682139467	354.0	-31.3509521484375	3.0	96.0	
1507563683202	2175702281069	354.0	-31.0	3.0	96.0	
1507563683224	2175722422671	354.0	-31.0	3.0	96.0	
1507563683255	2175742564272	354.0	-31.0	3.0	96.0	
1507563683274	2175762705874	354.0	-31.0	3.0	96.0	
1507563683289	2175782847475	354.0	-31.0	3.0	96.0	
1507563683306	2175802989077	354.0	-31.0	3.0	96.0	
1507563683325	2175823130678	354.0	-31.0	3.0	96.0	
1507563683342	2175843272280	354.0	-31.0	3.0	96.0	
1507563683361	2175863413882	354.0	-31.0	3.0	96.0	
1507563683379	2175883555483	354.0	-31.0	3.0	96.0	
1507563683421	2175903697085	354.0	-31.0	2.0	96.0	
1507563683432	2175923838686	354.0	-31.0	2.0	96.0	
1507563683448	2175943980288	353.7359619140625	-31.0	2.0	96.0	
1507563683466	2175964121889	353.0	-31.0	1.6115875244140625	96.0	
1507563683486	2175984263491	353.0	-31.0	1.0	96.0	
1507563683511	2176004405092	353.0	-31.637130737304688	1.0	96.0	
1507563683523	2176024546694	353.0	-32.0	0.23980712890625	96.0	
1507563683539	2176044688296	352.1158447265625	-32.0	0.0	96.0	
1507563683574	2176064829897	352.0	-32.0	0.0	96.0	
1507563683593	2176084971499	352.0	-32.0	0.0	96.0	
1507563683610	2176105113100	352.2572326660156	-32.0	0.0	96.0	
1507563683629	2176125254702	353.0	-32.0	0.0	96.0	
1507563683649	2176145396303	353.0	-32.0	0.505950927734375	96.0	
1507563683664	2176165537905	353.0	-32.0	1.0	96.0	
1507563683681	2176185679507	353.0	-32.0	1.0	96.0	
1507563683699	2176205821108	353.0	-32.0	0.1209564208984375	96.0	
1507563683735	2176225962710	353.0	-32.0	1.0	96.0	
1507563683752	2176246104311	353.0	-32.0	1.0	96.0	
1507563683770	2176266245913	353.0	-32.0	1.0	96.0	
1507563683789	2176286387514	353.0	-32.0	1.0	96.0	
1507563683807	2176306529116	353.0	-32.0	1.0	96.0	
1507563683824	2176326670717	353.0	-32.0	1.0	96.0	
1507563683841	2176346812319	353.0	-32.0	1.0	96.0	
1507563683861	2176366953921	353.0	-32.0	1.0	96.0	
1507563683878	2176387095522	353.0	-32.0	1.0	96.0	
1507563683912	2176407237124	353.0	-32.120941162109375	0.0	96.0	
1507563683931	2176427378725	353.0	-33.0	0.0	96.0	
1507563683953	2176447520327	353.0	-32.63032531738281	0.3696746826171875	96.0	
1507563683968	2176467661928	353.0	-32.0	1.0	96.0	
1507563683986	2176487803530	353.0	-32.0	1.0	96.0	
1507563684005	2176507945132	353.0	-32.0	1.0	96.0	
1507563684022	2176528086733	353.0	-32.86540222167969	1.0	96.0	
1507563684037	2176548228335	353.0	-33.0	1.0	96.0	
1507563684073	2176568369936	353.0	-33.0	1.0	96.0	
1507563684091	2176588511538	353.2384948730469	-33.0	1.0	96.0	
1507563684109	2176608653139	354.0	-33.0	1.0	96.0	
1507563684128	2176628794741	354.0	-33.0	1.0	96.0	
1507563684145	2176648936342	354.0	-33.0	1.0	96.0	
1507563684162	2176669077944	354.0	-33.0	1.0	96.0	
1507563684182	2176689219546	354.0	-33.0	1.0	96.0	
1507563684199	2176709361147	354.0	-33.0	1.0	96.0	
1507563684235	2176729502749	354.0	-33.0	1.0	96.0	
1507563684252	2176749644350	354.0	-33.0	1.0	96.0	
1507563684271	2176769785952	354.0	-33.0	1.0	96.0	
1507563684289	2176789927553	354.0	-33.0	1.0	96.0	
1507563684305	2176810069155	354.0	-33.0	1.0	96.0	
1507563684323	2176830210757	354.0	-33.0	1.0	96.0	
1507563684342	2176850352358	354.0	-33.0	1.0	96.0	
1507563684359	2176870493960	354.0	-33.0	1.0	96.0	
1507563684395	2176890635561	354.0	-33.0	1.0	96.0	
1507563684413	2176910777163	354.0	-32.7734375	1.0	96.0	
1507563684431	2176930918764	354.0	-32.0	1.0	96.0	
1507563684454	2176951060366	354.0	-32.0	1.0	96.0	
1507563684468	2176971201967	354.0	-32.0	1.0	96.0	
1507563684487	2176991343569	354.0	-32.0	1.0	96.0	
1507563684509	2177011485171	354.0	-32.0	1.0	96.0	
1507563684523	2177031626772	354.0	-32.0	1.0	96.0	
1507563684556	2177051768374	354.0	-32.0	1.0	96.0	
1507563684574	2177071909975	354.0	-32.0	1.0	96.0	
1507563684591	2177092051577	354.0	-32.0	1.0	96.0	
1507563684610	2177112193178	354.0	-32.0	1.0	96.0	
1507563684627	2177132334780	354.59283447265625	-32.0	1.0	96.0	
1507563684645	2177152476382	355.0	-32.0	1.0	96.0	
1507563684663	2177172617983	355.0	-32.0	1.0	96.0	
1507563684680	2177192759585	355.0	-32.0	1.0	96.0	
1507563684717	2177212901186	355.0	-32.0	1.0	96.0	
1507563684735	2177233042788	355.0	-32.0	1.0	96.0	
1507563684752	2177253184389	355.0	-32.0	1.0	96.0	
1507563684771	2177273325991	355.0	-32.46165466308594	1.0	96.0	
1507563684789	2177293467592	355.0	-33.0	1.0	96.0	
1507563684806	2177313609194	355.0	-33.0	1.0	96.0	
1507563684823	2177333750796	355.0	-33.0	1.0	96.0	
1507563684841	2177353892397	355.0	-33.0	1.0	96.0	
1507563684878	2177374033999	355.0	-33.0	1.0	96.0	
1507563684895	2177394175600	355.0	-33.0	1.0	96.0	
1507563684913	2177414317202	355.0	-33.0	1.0	96.0	
1507563684933	2177434458803	355.0	-33.0	1.0	96.0	
1507563684954	2177454600405	355.0	-33.0	1.0	96.0	
1507563684968	2177474742007	355.0	-33.0	1.0	96.0	
1507563684984	2177494883608	355.0	-33.0	1.0	96.0	
1507563685002	2177515025210	355.0	-33.0	1.0	96.0	
1507563685039	2177535166811	355.0	-33.0	1.0	96.0	
1507563685058	2177555308413	355.0	-33.0	1.0	96.0	
1507563685073	2177575450014	355.0	-33.0	1.0	96.0	
1507563685092	2177595591616	355.0	-33.0	1.0	96.0	
1507563685109	2177615733217	355.0	-33.0	1.0	96.0	
1507563685127	2177635874819	355.0	-33.0	1.0	96.0	
1507563685147	2177656016421	355.0	-33.0	1.0	96.0	
1507563685163	2177676158022	355.0	-33.0	1.0	96.0	
1507563685199	2177696299624	355.0	-32.0	1.0	96.0	
1507563685216	2177716441225	355.0	-32.0	1.0	96.0	
1507563685234	2177736582827	355.0	-32.0	1.0	96.0	
1507563685254	2177756724428	355.0	-32.0	1.0	96.0	
1507563685270	2177776866030	355.0	-32.0	1.0	96.0	
1507563685288	2177797007632	355.0	-32.0	1.0	96.0	
1507563685306	2177817149233	355.0	-32.0	1.0	96.0	
1507563685323	2177837290835	355.0	-32.0	1.0	96.0	
1507563685359	2177857432436	355.0	-32.0	1.0	96.0	
1507563685377	2177877574038	355.0	-32.0	1.0	96.0	
1507563685396	2177897715639	355.0	-32.0	1.0	96.0	
1507563685414	2177917857241	355.0	-32.0	1.0	96.0	
1507563685430	2177937998842	355.0	-32.56121826171875	1.0	96.0	
1507563685448	2177958140444	355.0	-33.0	1.0	96.0	
1507563685467	2177978282046	355.0	-33.0	1.0	96.0	
1507563685484	2177998423647	355.0	-33.0	1.0	96.0	
1507563685522	2178018565249	355.0	-32.9349365234375	1.0	96.0	
1507563685537	2178038706850	355.0	-32.0	1.0	96.0	
1507563685556	2178058848452	355.3253173828125	-32.0	1.0	96.0	
1507563685576	2178078990053	356.0	-32.0	1.0	96.0	
1507563685591	2178099131655	356.0	-32.0	1.0	96.0	
1507563685610	2178119273257	356.0	-32.0	1.0	96.0	
1507563685627	2178139414858	356.0	-32.0	1.0	96.0	
1507563685645	2178159556460	356.0	-32.0	1.0	96.0	
1507563685683	2178179698061	356.0	-32.0	1.0	96.0	
1507563685698	2178199839663	356.0	-32.0	1.0	96.0	
1507563685717	2178219981264	356.0	-32.0	1.0	96.0	
1507563685735	2178240122866	356.0	-32.0	1.0	96.0	
1507563685752	2178260264467	356.0	-32.0	1.0	96.0	
1507563685770	2178280406069	356.0	-32.0	1.0	96.0	
1507563685789	2178300547671	356.0	-32.0	1.0	96.0	
1507563685823	2178320689272	356.0	-32.0	1.0	96.0	
1507563685842	2178340830874	356.0	-32.0	1.0	96.0	
1507563685864	2178360972475	356.0	-32.0	1.0	96.0	
1507563685877	2178381114077	356.0	-32.0	1.0	96.0	
1507563685896	2178401255678	356.0	-32.0	1.0	96.0	
1507563685912	2178421397280	356.0	-32.0	1.0	96.0	
1507563685930	2178441538882	356.0	-32.0	1.0	96.0	
1507563685949	2178461680483	356.0	-32.0	1.0	96.0	
1507563685984	2178481822085	356.0	-32.0	1.0	96.0	
1507563686002	2178501963686	356.0	-32.0	1.0	96.0	
1507563686020	2178522105288	356.0	-32.0	1.0	96.0	
1507563686038	2178542246889	356.0	-32.0	1.0	96.0	
1507563686057	2178562388491	356.0	-32.0	1.0	96.0	
1507563686074	2178582530092	356.0	-32.0	1.0	96.0	
1507563686092	2178602671694	356.0	-32.0	1.0	96.0	
1507563686109	2178622813296	356.0	-32.0	1.0	96.0	
1507563686145	2178642954897	356.0	-32.0	1.0	96.0	
1507563686164	2178663096499	356.0	-32.0	1.0	96.0	
1507563686180	2178683238100	356.0	-32.0	1.0	96.0	
1507563686198	2178703379702	356.4897155761719	-32.0	1.0	96.0	
1507563686218	2178723521303	357.0	-32.0	1.0	96.0	
1507563686235	2178743662905	357.0	-32.0	1.0	96.0	
1507563686252	2178763804507	357.0	-32.0	1.880126953125	96.0	
1507563686288	2178783946108	357.0	-32.0	2.0	96.0	
1507563686306	2178804087710	357.0	-32.0	2.0	96.0	
1507563686325	2178824229311	357.0	-32.0	2.0	96.0	
1507563686344	2178844370913	357.0	-32.0	2.0	96.0	
1507563686359	2178864512514	357.0	-32.53080749511719	2.0	96.0	
1507563686378	2178884654116	357.0	-33.0	2.0	96.0	
1507563686395	2178904795717	357.0	-33.0	2.0	96.0	
1507563686413	2178924937319	357.0	-33.0	2.0	96.0	
1507563686449	2178945078921	357.0	-32.0	2.0	96.0	
1507563686466	2178965220522	357.0	-32.0	2.0	96.0	
1507563686485	2178985362124	357.0	-32.0	2.0	96.0	
1507563686502	2179005503725	357.0	-32.0	2.0	96.0	
1507563686520	2179025645327	357.0	-32.0	2.0	96.0	
1507563686539	2179045786928	357.0	-32.0	2.0	96.0	
1507563686556	2179065928530	357.0	-32.832183837890625	2.0	96.0	
1507563686574	2179086070132	357.96234130859375	-33.0	2.0	96.0	
1507563686609	2179106211733	358.0	-32.90754699707031	2.0	96.0	
1507563686628	2179126353335	358.0	-32.0	2.0	96.0	
1507563686646	2179146494936	358.0	-32.35273742675781	2.0	96.0	
1507563686663	2179166636538	358.0	-33.0	2.0	96.0	
1507563686681	2179186778139	358.0	-32.386993408203125	2.0	96.0	
1507563686700	2179206919741	358.0	-32.0	2.0	96.0	
1507563686717	2179227061342	358.0	-32.0	2.0	96.0	
1507563686752	2179247202944	358.0	-32.0	2.0	96.0	
1507563686771	2179267344546	358.0	-32.0	2.0	96.0	
1507563686787	2179287486147	358.0	-32.26368713378906	2.0	96.0	
1507563686806	2179307627749	358.0	-33.0	2.0	96.0	
1507563686823	2179327769350	358.0	-33.0	2.0	96.0	
1507563686841	2179347910952	358.0	-33.0	2.0	96.0	
1507563686860	2179368052553	358.0	-33.0	2.0	96.0	
1507563686877	2179388194155	358.0	-33.0	2.0	96.0	
1507563686913	2179408335757	358.0	-33.0	2.0	96.0	
1507563686931	2179428477358	358.0	-33.0	2.0	96.0	
1507563686949	2179448618960	358.0	-33.0	2.0	96.0	
1507563686968	2179468760561	358.0	-33.0	2.0	96.0	
1507563686984	2179488902163	358.0	-33.0	2.0	96.0	
1507563687002	2179509043764	358.0	-33.0	2.0	96.0	
1507563687024	2179529185366	358.0	-33.0	2.0	96.0	
1507563687042	2179549326967	358.0	-33.0	2.0	96.0	
1507563687075	2179569468569	358.0	-33.0	2.0	96.0	
1507563687095	2179589610171	358.0	-33.0	2.0	96.0	
1507563687117	2179609751772	358.0	-33.0	2.0	96.0	
1507563687132	2179629893374	358.0	-33.0	2.0	96.0	
1507563687148	2179650034975	358.0	-33.0	2.0	96.0	
1507563687172	2179670176577	358.0	-33.0	2.0	96.0	
1507563687196	2179690318178	358.0	-33.0	2.0	96.0	
1507563687214	2179710459780	358.0	-33.0	2.0	96.0	
1507563687243	2179730601382	358.126708984375	-33.0	2.0	96.0	
1507563687253	2179750742983	359.0	-33.0	2.0	96.0	
1507563687270	2179770884585	359.0	-33.0	2.0	96.0	
1507563687290	2179791026186	359.0	-33.0	2.0	96.0	
1507563687306	2179811167788	359.0	-33.0	2.0	96.0	
1507563687324	2179831309389	359.0	-33.0	2.0	96.0	
1507563687341	2179851450991	359.0	-33.0	2.0	96.0	
1507563687378	2179871592592	359.0	-33.0	2.0	96.0	
1507563687396	2179891734194	359.0	-33.0	2.0	96.0	
1507563687427	2179911875796	359.0	-33.0	2.0	96.0	
1507563687448	2179932017397	359.0	-33.0	2.0	96.0	
1507563687460	2179952158999	359.0	-33.0	2.0	96.0	
1507563687477	2179972300600	359.0	-33.0	2.0	96.0	
1507563687488	2179992442202	359.0	-33.0	2.0	96.0	
1507563687510	2180012583803	359.0	-33.0	2.0	96.0	
1507563687539	2180032725405	359.0	-33.0	2.0	96.0	
1507563687557	2180052894065	359.0	-33.0	2.0	96.0	
1507563687576	2180073035666	359.0	-33.0	2.0	96.0	
1507563687594	2180093177268	359.0	-33.0	2.0	96.0	
1507563687613	2180113318869	359.0	-33.0	2.0	96.0	
1507563687630	2180133460471	359.0	-33.0	2.0	96.0	
1507563687648	2180153602072	359.0	-33.0	2.0	96.0	
1507563687669	2180173743674	359.0	-33.0	2.0	96.0	
1507563687698	2180193885275	359.0	-33.0	2.0	96.0	
1507563687716	2180214026877	359.0	-33.0	2.0	96.0	
1507563687734	2180234168479	359.0	-33.0	2.0	96.0	
1507563687752	2180254310080	359.0	-33.0	2.0	96.0	
1507563687772	2180274451682	359.0	-33.0	2.0	96.0	
1507563687789	2180294593283	359.0	-33.0	2.0	96.0	
1507563687806	2180314734885	359.0	-33.0	2.0	96.0	
1507563687842	2180334876486	359.0	-33.0	2.0	96.0	
1507563687861	2180355018088	359.0	-33.0	2.0	96.0	
1507563687878	2180375159690	359.0	-33.0	2.0	96.0	
1507563687898	2180395301291	207.7824249267578	-33.0	2.0	96.0	
1507563687913	2180415442893	0.0	-33.0	2.0	96.0	
1507563687932	2180435584494	0.0	-33.0	2.0	96.0	
1507563687949	2180455726096	0.0	-33.0	2.0	96.0	
1507563687967	2180475867697	0.0	-33.0	2.0	96.0	
1507563688003	2180496009299	0.0	-33.0	2.0	96.0	
1507563688021	2180516150900	0.0	-33.0	2.0	96.0	
1507563688041	2180536292502	0.0	-33.0	2.0	96.0	
1507563688069	2180556434104	0.0	-33.0	2.0	96.0	
1507563688078	2180576575705	0.0	-33.0	2.0	96.0	
1507563688097	2180596717307	0.0	-33.0	2.0	96.0	
1507563688111	2180616858908	0.0	-33.0	2.0	96.0	
1507563688129	2180637000510	0.0	-33.0	2.0	96.0	
1507563688164	2180657142111	0.0	-33.0	2.0	96.0	
1507563688195	2180677283713	0.0	-33.0	2.0	96.0	
1507563688204	2180697425315	0.0	-33.0	2.0	96.0	
1507563688216	2180717566916	0.0	-33.0	2.0	96.0	
1507563688234	2180737708518	0.0	-33.0	2.0	96.0	
1507563688253	2180757850119	0.0	-33.0	2.0	96.0	
1507563688270	2180777991721	0.0	-33.0	2.0	96.0	
1507563688308	2180798133322	0.0	-33.0	2.0	96.0	
1507563688324	2180818274924	0.0	-33.0	2.0	96.0	
1507563688341	2180838416525	0.0	-33.0	2.0	96.0	
1507563688361	2180858558127	0.0	-33.0	2.0	96.0	
1507563688380	2180878699729	0.0	-33.0	2.0	96.0	
1507563688406	2180898841330	0.0	-33.0	2.0	96.0	
1507563688429	2180918982932	0.0	-33.0	2.0	96.0	
1507563688453	2180939124533	0.0	-33.0	2.0	96.0	
1507563688474	2180959266135	0.0	-33.0	2.0	96.0	
1507563688485	2180979407736	0.0	-32.8048095703125	2.0	96.0	
1507563688510	2180999549338	0.0	-32.0	2.0	96.0	
1507563688525	2181019690940	0.0	-32.0	2.0	96.0	
1507563688551	2181039832541	0.0	-32.0	2.0	96.0	
1507563688562	2181059974143	0.0	-32.0	2.0	96.0	
1507563688575	2181080115744	0.0	-32.84588623046875	2.0	96.0	
1507563688592	2181100257346	0.0	-33.0	2.0	96.0	
1507563688627	2181120398947	0.0	-33.0	2.0	96.0	
1507563688653	2181140540549	0.0	-33.0	2.0	96.0	
1507563688669	2181160682150	0.0	-33.0	2.0	96.0	
1507563688682	2181180823752	0.0	-33.0	2.0	96.0	
1507563688698	2181200965354	0.0	-33.0	2.0	96.0	
1507563688718	2181221106955	0.0	-33.0	2.0	96.0	
1507563688736	2181241248557	0.0	-33.0	2.0	96.0	
1507563688772	2181261390158	0.0	-33.0	2.0	96.0	
1507563688788	2181281531760	0.0	-33.0	2.0	96.0	
1507563688806	2181301673361	0.0	-33.0	2.0	96.0	
1507563688825	2181321814963	0.0	-33.0	2.0	96.0	
1507563688845	2181341956565	0.0	-33.0	2.0	96.0	
1507563688865	2181362098166	0.0	-33.0	2.0	96.0	
1507563688881	2181382239768	0.0	-33.0	2.0	96.0	
1507563688905	2181402381369	0.0	-33.0	2.0	96.0	
1507563688938	2181422522971	0.0	-33.0	2.0	96.0	
1507563688949	2181442664572	0.0	-33.0	2.0	96.0	
1507563688970	2181462806174	0.0	-33.0	2.0	96.0	
1507563688995	2181482947775	0.0	-33.0	2.0	96.0	
1507563689006	2181503089377	0.578765869140625	-33.0	2.0	96.0	
1507563689022	2181523230979	1.0	-33.0	2.0	96.0	
1507563689041	2181543372580	1.0	-33.0	2.0	96.0	
1507563689059	2181563514182	1.0	-33.0	2.0	96.0	
1507563689100	2181583655783	1.0	-33.0	2.0	96.0	
1507563689110	2181603797385	1.0	-33.0	2.0	96.0	
1507563689127	2181623938986	1.0	-33.0	2.0	96.0	
1507563689145	2181644080588	1.0	-33.0	2.0	96.0	
1507563689164	2181664222190	1.0	-33.0	2.0	96.0	
1507563689181	2181684363791	1.0	-33.0	2.0	96.0	
1507563689198	2181704505393	1.0	-33.0	2.0	96.0	
1507563689236	2181724646994	1.0	-33.0	2.0	96.0	
1507563689256	2181744788596	1.0	-33.0	2.0	96.0	
1507563689270	2181764930197	1.0	-33.0	2.0	96.0	
1507563689288	2181785071799	1.0	-33.0	2.0	96.0	
1507563689306	2181805213400	1.0	-33.0	2.0	96.0	
1507563689325	2181825355002	1.0	-33.0	2.0	96.0	
1507563689342	2181845496604	1.0	-33.0	2.0	96.0	
1507563689360	2181865638205	1.0	-33.0	2.0	96.0	
1507563689397	2181885779807	1.0	-33.0	2.0	96.0	
1507563689416	2181905921408	1.0	-33.0	2.0	96.0	
1507563689433	2181926063010	1.0	-33.0	2.0	96.0	
1507563689457	2181946204611	1.0	-33.0	2.0	96.0	
1507563689469	2181966346213	1.0	-33.0	2.0	96.0	
1507563689490	2181986487815	1.0	-33.0	2.0	96.0	
1507563689506	2182006629416	1.0	-33.0	2.0	96.0	
1507563689523	2182026771018	1.0	-33.0	2.0	96.0	
1507563689559	2182046912619	1.0	-33.0	2.0	96.0	
1507563689576	2182067054221	1.0	-33.0	2.0	96.0	
1507563689592	2182087195822	1.0	-33.0	2.0	96.0	
1507563689612	2182107337424	1.0	-33.0	2.0	96.0	
1507563689628	2182127479025	1.613006591796875	-33.613006591796875	2.0	96.0	
1507563689653	2182147620627	2.0	-34.0	2.0	96.0	
1507563689668	2182167762229	2.0	-34.0	2.0	96.0	
1507563689699	2182187903830	2.0	-33.0	2.0	96.0	
1507563689716	2182208045432	2.0	-33.0	2.0	96.0	
1507563689734	2182228187033	2.0	-33.0	2.0	96.0	
1507563689752	2182248328635	2.0	-33.0	2.0	96.0	
1507563689770	2182268470236	2.0	-33.0	2.0	96.0	
1507563689788	2182288611838	2.0	-33.0	2.0	96.0	
1507563689813	2182308753440	2.0	-33.0	2.0	96.0	
1507563689825	2182328895041	2.0	-33.0	2.0	96.0	
