1507564004946	2497444258277	116.59486389160156	-34.0	3.0	1.0	
1507564004963	2497464399879	117.0	-34.0	3.0	1.0	
1507564004981	2497484541481	117.0	-34.0	3.0	1.0	
1507564005000	2497504683082	117.0	-34.0	3.0	1.0	
1507564005034	2497524824684	117.0	-34.0	3.0	1.0	
1507564005053	2497544966285	117.0	-34.0	3.0	1.0	
1507564005070	2497565107887	117.0	-34.0	3.0	1.0	
1507564005088	2497585249488	117.0	-34.0	3.0	1.0	
1507564005107	2497605391090	117.0	-34.0	3.0	1.0	
1507564005124	2497625532691	117.0	-34.0	3.0	1.0	
1507564005143	2497645674293	117.0	-34.0	3.0	1.0	
1507564005164	2497665815895	117.0	-34.0	3.0	1.0	
1507564005195	2497685957496	117.0	-34.0	3.0	1.0	
1507564005213	2497706099098	117.0	-34.0	3.0	1.0	
1507564005249	2497726240699	117.0	-34.0	3.0	1.0	
1507564005256	2497746382301	117.0	-34.0	3.0	1.0	
1507564005268	2497766523902	117.0	-34.0	3.0	1.0	
1507564005284	2497786665504	117.0	-34.0	3.0	1.0	
1507564005304	2497806807106	117.0	-34.0	3.0	1.0	
1507564005339	2497826948707	117.0	-34.0	3.0	1.0	
1507564005358	2497847090309	117.0	-34.0	3.0	1.0	
1507564005377	2497867231910	117.0	-34.0	3.0	1.0	
1507564005397	2497887373512	117.0	-34.0	3.0	1.0	
1507564005411	2497907515113	117.0	-34.0	3.0	1.0	
1507564005428	2497927656715	117.0	-34.0	3.0	1.0	
1507564005446	2497947798316	117.0	-34.0	3.0	1.0	
1507564005466	2497967939918	117.0	-34.0	3.0	1.0	
1507564005506	2497988081520	117.0	-34.0	3.0	1.0	
1507564005518	2498008223121	117.0	-34.0	3.0	1.0	
1507564005534	2498028364723	117.0	-34.0	3.0	1.0	
1507564005552	2498048506324	117.0	-34.0	3.0	1.0	
1507564005570	2498068647926	117.0	-34.0	3.0	1.0	
1507564005591	2498088789527	117.0	-34.0	3.0	1.0	
1507564005611	2498108931129	117.0	-34.0	3.0	1.0	
1507564005624	2498129072731	117.0	-34.0	3.0	1.0	
1507564005663	2498149214332	117.0	-34.0	3.0	1.0	
1507564005685	2498169355934	117.0	-34.0	3.0	1.0	
1507564005699	2498189497535	117.0	-34.0	3.0	1.0	
1507564005713	2498209639137	117.0	-34.0	3.0	1.0	
1507564005732	2498229780738	117.0	-34.0	3.0	1.0	
1507564005750	2498249922340	117.0	-34.0	3.0	1.0	
1507564005766	2498270063941	117.0	-34.0	3.0	1.0	
1507564005784	2498290205543	117.0	-34.0	3.0	1.0	
1507564005823	2498310347145	117.0	-34.0	3.0	1.0	
1507564005840	2498330488746	117.0	-34.0	3.0	1.0	
1507564005856	2498350630348	117.0	-34.0	3.0	1.0	
1507564005874	2498370771949	117.0	-34.0	3.0	1.0	
1507564005894	2498390913551	117.0	-34.0	3.0	1.0	
1507564005912	2498411055152	117.0	-34.0	3.0	1.0	
1507564005927	2498431196754	117.0	-34.0	3.0	1.0	
1507564005945	2498451338356	117.0	-34.0	3.0	1.0	
1507564005982	2498471479957	117.0	-34.0	3.0	1.0	
1507564005998	2498491621559	117.0	-34.0	3.0	1.0	
1507564006017	2498511763160	117.0	-34.0	3.0	1.0	
1507564006035	2498531904762	117.0	-34.0	3.0	1.0	
1507564006054	2498552046363	117.60682678222656	-34.0	3.0	1.0	
1507564006073	2498572187965	118.0	-34.0	3.0	1.0	
1507564006090	2498592329566	118.0	-34.0	3.0	1.0	
1507564006108	2498612471168	118.0	-34.0	3.0	1.0	
1507564006142	2498632612770	118.0	-34.0	3.0	1.0	
1507564006161	2498652754371	118.0	-34.0	3.0	1.0	
1507564006179	2498672895973	118.0	-34.0	3.0	1.0	
1507564006195	2498693037574	118.0	-34.0	3.0	1.0	
1507564006213	2498713179176	118.0	-34.0	3.0	1.0	
1507564006236	2498733320777	118.0	-34.0	3.0	1.0	
1507564006254	2498753462379	118.0	-34.0	3.0	1.0	
1507564006285	2498773603981	118.0	-34.0	3.0	1.0	
1507564006304	2498793745582	118.0	-34.0	3.0	1.0	
1507564006324	2498813887184	118.0	-34.0	3.0	1.0	
1507564006346	2498834028785	118.0	-34.0	3.0	1.0	
1507564006356	2498854170387	118.0	-34.0	3.0	1.0	
1507564006374	2498874311988	118.0	-34.0	3.0	1.0	
1507564006393	2498894453590	118.0	-34.0	3.0	1.0	
1507564006410	2498914595191	118.0	-34.0	3.0	1.0	
1507564006453	2498934736793	118.0	-34.0	3.0	1.0	
1507564006465	2498954878395	118.0	-34.0	3.0	1.0	
1507564006482	2498975019996	118.0	-34.0	3.0	1.0	
1507564006499	2498995161598	118.0	-34.0	3.0	1.0	
1507564006517	2499015303199	118.0	-34.0	3.0	1.0	
1507564006535	2499035444801	118.0	-34.0	3.0	1.0	
1507564006555	2499055586402	118.0	-34.0	3.0	1.0	
1507564006574	2499075728004	118.0	-34.0	3.0	1.0	
1507564006608	2499095869606	118.0	-34.0	3.0	1.0	
1507564006624	2499116011207	118.0	-34.0	3.0	1.0	
1507564006643	2499136152809	118.0	-34.0	3.0	1.0	
1507564006674	2499156294410	118.0	-34.0	3.0	1.0	
1507564006679	2499176436012	118.0	-34.0	3.0	1.0	
1507564006697	2499196577613	118.0	-34.0	3.0	1.0	
1507564006715	2499216719215	118.0	-34.0	3.0	1.0	
1507564006732	2499236860816	118.0	-34.0	3.0	1.0	
1507564006776	2499257002418	118.0	-34.0	3.0	1.0	
1507564006791	2499277144020	118.0	-34.0	3.0	1.0	
1507564006807	2499297285621	118.0	-34.0	3.0	1.0	
1507564006821	2499317427223	118.0	-34.0	3.0	1.0	
1507564006838	2499337568824	118.0	-34.0	3.0	1.0	
1507564006856	2499357710426	118.0	-34.0	3.0	1.0	
1507564006876	2499377852027	118.0	-34.0	3.0	1.0	
1507564006892	2499397993629	118.0	-34.0	3.0	1.0	
1507564006930	2499418135231	118.0	-34.0	3.0	1.0	
1507564006947	2499438276832	118.0	-34.0	3.0	1.0	
1507564006966	2499458418434	118.34358215332031	-34.0	3.0	1.0	
1507564006983	2499478560035	119.0	-34.0	3.0	1.0	
1507564006999	2499498701637	119.0	-34.0	3.0	1.0	
1507564007018	2499518843238	119.0	-34.0	3.0	1.0	
1507564007038	2499538984840	119.0	-34.0	3.0	1.0	
1507564007053	2499559126441	119.0	-34.0	3.0	1.0	
1507564007090	2499579268043	119.0	-34.0	3.0	1.0	
1507564007110	2499599409645	119.0	-34.0	3.0	1.0	
1507564007124	2499619551246	119.0	-34.0	3.0	1.0	
1507564007142	2499639692848	119.0	-34.0	3.0	1.0	
1507564007160	2499659834449	119.0	-34.0	3.0	1.0	
1507564007178	2499679976051	119.0	-34.0	3.0	1.0	
1507564007206	2499700117652	119.0	-34.0	3.0	1.0	
1507564007232	2499720259254	119.0	-34.0	3.0	1.0	
1507564007249	2499740400856	119.0	-34.0	3.0	1.0	
1507564007268	2499760542457	119.0	-34.0	3.0	1.0	
1507564007289	2499780684059	119.0	-34.0	3.0	1.0	
1507564007304	2499800825660	119.0	-34.0	3.0	1.0	
1507564007320	2499820967262	119.0	-34.0	3.0	1.0	
1507564007339	2499841108863	119.0	-34.0	3.0	1.0	
1507564007358	2499861250465	119.0	-34.0	3.0	1.0	
1507564007395	2499881392066	119.0	-34.0	3.0	1.0	
1507564007410	2499901533668	119.14871215820313	-34.148712158203125	2.851287841796875	1.0	
1507564007440	2499921675270	120.0	-35.0	2.0	1.0	
1507564007447	2499941816871	120.0	-35.403411865234375	1.596588134765625	1.0	
1507564007466	2499961958473	120.0	-36.0	0.4683837890625	1.0	
1507564007481	2499982100074	120.0	-36.65869140625	0.0	1.0	
1507564007501	2500002241676	120.78631591796875	-37.78631591796875	-0.78631591796875	1.0	
1507564007520	2500022383277	121.0	-38.0	-1.0	1.0	
1507564007556	2500042524879	121.0	-39.0	-2.041015625	1.0	
1507564007571	2500062687224	121.0	-39.0	-3.0	1.0	
1507564007591	2500082828825	121.29571533203125	-39.0	-3.0	1.0	
1507564007607	2500102970427	122.0	-39.0	-2.576080322265625	1.0	
1507564007626	2500123112028	122.0	-39.0	-2.0	1.0	
1507564007646	2500143253630	122.0	-39.0	-2.0	1.0	
1507564007660	2500163395231	122.0	-39.0	-2.0	1.0	
1507564007678	2500183536833	122.0	-39.0	-2.0	1.0	
1507564007715	2500203678434	122.0	-39.0	-2.0	1.0	
1507564007736	2500223820036	122.0	-39.0	-2.0	1.0	
1507564007749	2500243961638	122.0	-39.0	-2.0	1.0	
1507564007767	2500264103239	122.0	-39.0	-2.4436798095703125	1.0	
1507564007787	2500284244841	122.57093811035156	-39.0	-3.0	1.0	
1507564007803	2500304386442	123.0	-39.0	-3.0	1.0	
1507564007821	2500324528044	123.0	-39.0	-3.0	1.0	
1507564007840	2500344669645	123.0	-39.0	-3.0	1.0	
1507564007875	2500364811247	123.0	-39.0	-3.0	1.0	
1507564007895	2500384952849	123.0	-39.0	-3.0	1.0	
1507564007914	2500405094450	123.0	-39.0	-3.0	1.0	
1507564007929	2500425236052	123.0	-39.0	-3.0	1.0	
1507564007950	2500445377653	123.0	-39.0	-3.0	1.0	
1507564007963	2500465519255	123.0	-39.0	-3.0	1.0	
1507564007988	2500485660856	123.0	-39.0	-3.0	1.0	
1507564008005	2500505802458	123.0	-39.0	-3.9743499755859375	1.0	
1507564008039	2500525944059	123.0	-39.10084533691406	-4.0	1.0	
1507564008056	2500546085661	123.0	-40.0	-4.0	1.0	
1507564008071	2500566227263	123.0	-40.35554504394531	-4.3555450439453125	1.0	
1507564008088	2500586368864	123.0	-41.0	-5.0	1.0	
1507564008108	2500606510466	123.0	-41.0	-5.6109161376953125	1.0	
1507564008127	2500626652067	123.0	-41.73844909667969	-6.0	1.0	
1507564008146	2500646793669	123.0	-42.0	-6.0	1.0	
1507564008168	2500666935270	123.0	-41.0068359375	-6.0	1.0	
1507564008197	2500687076872	123.12135314941406	-40.0	-5.0	1.0	
1507564008222	2500707218474	123.7508544921875	-40.0	-5.0	1.0	
1507564008235	2500727360075	123.0	-40.376068115234375	-5.0	1.0	
1507564008249	2500747501677	123.0	-41.0	-5.0	1.0	
1507564008270	2500767643278	123.0	-41.0	-5.0	1.0	
1507564008288	2500787784880	123.0	-41.0	-5.0	1.0	
1507564008303	2500807926481	123.0	-40.114349365234375	-4.114349365234375	1.0	
1507564008338	2500828068083	123.0	-39.986328125	-4.0	1.0	
1507564008357	2500848209684	123.0	-39.0	-4.0	1.0	
1507564008374	2500868351286	123.26837158203125	-39.0	-4.0	1.0	
1507564008392	2500888492888	124.0	-39.0	-4.0	1.0	
1507564008410	2500908634489	124.0	-39.0	-4.0	1.0	
1507564008429	2500928776091	124.0	-39.0	-4.0	1.0	
1507564008446	2500948917692	123.22184753417969	-39.0	-4.0	1.0	
1507564008466	2500969059294	123.0	-39.0	-4.0	1.0	
1507564008499	2500989200895	123.0	-39.0	-4.0	1.0	
1507564008527	2501009342497	123.0	-39.0	-4.0	1.0	
1507564008539	2501029484099	123.0	-39.0	-4.0	1.0	
1507564008556	2501049625700	123.0	-39.0	-4.0	1.0	
1507564008571	2501069767302	123.0	-39.0	-4.0	1.0	
1507564008598	2501089908903	123.67063903808594	-39.0	-4.0	1.0	
1507564008607	2501110050505	124.0	-39.0	-4.0	1.0	
1507564008631	2501130192106	124.0	-39.0	-4.0	1.0	
1507564008661	2501150333708	123.0	-39.0	-4.0	1.0	
1507564008678	2501170475309	123.18087768554688	-39.0	-4.0	1.0	
1507564008704	2501190616911	124.0	-39.0	-4.0	1.0	
1507564008715	2501210758513	124.0	-39.0	-4.0	1.0	
1507564008738	2501230900114	124.0	-39.0	-4.0	1.0	
1507564008754	2501251041716	124.0	-39.0	-4.0	1.0	
1507564008776	2501271183317	124.0	-39.0	-4.0	1.0	
1507564008787	2501291324919	124.0	-39.0	-4.0	1.0	
1507564008827	2501311466520	124.0	-39.0	-4.0	1.0	
1507564008839	2501331608122	124.0	-39.0	-4.0	1.0	
1507564008863	2501351749724	124.0	-39.0	-4.0	1.0	
1507564008876	2501371891325	124.0	-39.0	-4.0	1.0	
1507564008894	2501392032927	124.0	-39.0	-4.0	1.0	
1507564008914	2501412174528	124.0	-39.0	-4.0	1.0	
1507564008928	2501432316130	124.0	-39.0	-4.0	1.0	
1507564008946	2501452457731	124.0	-39.0	-4.0	1.0	
1507564008990	2501472599333	124.0	-39.0	-4.0	1.0	
1507564008999	2501492740934	124.0	-39.0	-4.0	1.0	
1507564009017	2501512882536	124.0	-39.0	-4.0	1.0	
1507564009035	2501533024138	124.0	-39.0	-4.0	1.0	
1507564009052	2501553165739	124.0	-39.0	-4.0	1.0	
1507564009074	2501573307341	124.0	-39.0	-4.0	1.0	
1507564009089	2501593448942	124.0	-39.0	-4.0	1.0	
1507564009107	2501613590544	124.0	-39.0	-3.0136871337890625	1.0	
1507564009143	2501633732145	124.0	-39.0	-3.0	1.0	
1507564009160	2501653873747	124.0	-39.0	-3.0	1.0	
1507564009178	2501674015349	123.63249206542969	-39.0	-3.0	1.0	
1507564009208	2501694156950	123.0	-39.0	-3.0	1.0	
1507564009215	2501714298552	123.0	-39.0	-3.0	1.0	
1507564009232	2501734440153	123.0	-39.0	-3.0	1.0	
1507564009250	2501754581755	123.0	-39.0	-3.0	1.0	
1507564009285	2501774723356	123.0	-38.0	-2.0	1.0	
1507564009306	2501794864958	123.0	-38.0	-1.8668975830078125	1.0	
1507564009320	2501815006559	122.74017333984375	-38.0	-1.0	1.0	
1507564009338	2501835148161	122.0	-38.0	-1.0	1.0	
1507564009357	2501855289763	122.0	-38.0	-1.0	1.0	
1507564009374	2501875431364	122.0	-38.0	-0.357269287109375	1.0	
1507564009393	2501895572966	122.0	-38.0	0.0	1.0	
1507564009410	2501915714567	121.10240173339844	-37.10240173339844	0.0	1.0	
1507564009447	2501935856169	121.0	-37.0	0.0	1.0	
1507564009464	2501955997770	120.84642028808594	-36.84642028808594	0.0	1.0	
1507564009485	2501976139372	120.0	-36.0	0.0	1.0	
1507564009500	2501996280974	120.0	-36.0	0.0	1.0	
1507564009517	2502016422575	120.0	-36.0	0.0	1.0	
1507564009535	2502036564177	120.0	-36.0	0.0	1.0	
1507564009554	2502056705778	119.20989990234375	-36.0	0.0	1.0	
1507564009571	2502076847380	119.0	-36.0	0.0	1.0	
1507564009607	2502096988981	119.0	-36.0	0.0	1.0	
1507564009624	2502117130583	119.0	-35.827362060546875	0.172637939453125	1.0	
1507564009645	2502137272184	119.0	-35.0	1.0	1.0	
1507564009661	2502157413786	119.0	-35.0	1.0	1.0	
1507564009678	2502177555388	119.0	-35.0	1.5555419921875	1.0	
1507564009696	2502197696989	119.0	-34.317413330078125	2.0	1.0	
1507564009714	2502217838591	119.0	-34.0	2.81024169921875	1.0	
1507564009731	2502237980192	119.0	-34.0	3.0	1.0	
1507564009777	2502258121794	120.0	-33.93504333496094	3.0	1.0	
1507564009785	2502278263395	119.80717468261719	-33.19282531738281	3.1928253173828125	1.0	
1507564009803	2502298404997	119.0	-34.0	4.0	1.0	
1507564009821	2502318546599	119.44786071777344	-34.0	4.0	1.0	
1507564009838	2502338688200	120.0	-33.4249267578125	4.0	1.0	
1507564009861	2502358829802	120.0	-33.0	4.0	1.0	
1507564009878	2502378971403	120.0	-33.0	4.0	1.0	
1507564009894	2502399113005	120.0	-33.0	4.0	1.0	
1507564009929	2502419254606	120.0	-33.0	4.0	1.0	
1507564009946	2502439396208	120.0	-33.0	4.0	1.0	
1507564009970	2502459537809	120.0	-33.0	4.0	1.0	
1507564009993	2502479679411	120.0	-33.0	4.0	1.0	
1507564009999	2502499821013	120.0	-33.0	4.0	1.0	
1507564010017	2502519962614	120.0	-33.0	4.0	1.0	
1507564010036	2502540104216	120.0	-33.0	4.0	1.0	
1507564010053	2502560245817	120.0	-33.0	4.0	1.0	
1507564010090	2502580387419	120.0	-33.0	4.0	1.0	
1507564010107	2502600529020	120.0	-33.0	4.0	1.0	
1507564010126	2502620670622	120.0	-33.0	4.0	1.0	
1507564010149	2502640812224	120.0	-32.51283264160156	4.0	1.0	
1507564010162	2502660953825	119.38462829589844	-32.61537170410156	4.0	1.0	
1507564010181	2502681095427	119.0	-33.0	4.0	1.0	
1507564010198	2502701237028	119.0	-33.0	4.0	1.0	
1507564010215	2502721378630	119.99827575683594	-32.00172424316406	4.0	1.0	
1507564010259	2502741520231	120.0	-32.0	4.0	1.0	
1507564010269	2502761661833	120.0	-32.0	4.0	1.0	
1507564010286	2502781803434	120.0	-32.0	4.0	1.0	
1507564010303	2502801945036	120.0	-32.5076904296875	4.0	1.0	
1507564010320	2502822086638	120.0	-33.0	4.0	1.0	
1507564010339	2502842228239	120.0	-33.0	4.0	1.0	
1507564010359	2502862369841	120.0	-33.0	4.0	1.0	
1507564010392	2502882511442	120.0	-33.0	4.0	1.0	
1507564010411	2502902653044	120.0	-33.0	4.0	1.0	
1507564010428	2502922794645	120.0	-33.0	4.0	1.0	
1507564010447	2502942936247	120.0	-33.0	4.0	1.0	
1507564010463	2502963077849	120.0	-33.0	4.0	1.0	
1507564010482	2502983219450	120.0	-33.0	4.0	1.0	
1507564010503	2503003361052	120.0	-33.0	4.0	1.0	
1507564010520	2503023502653	120.0	-33.0	4.0	1.0	
1507564010553	2503043644255	120.0	-33.0	4.0	1.0	
1507564010575	2503063785856	120.0	-33.0	4.0	1.0	
1507564010592	2503083927458	120.0	-33.0	4.0	1.0	
1507564010607	2503104069059	120.0	-33.0	4.0	1.0	
1507564010626	2503124210661	120.0	-33.0	4.0	1.0	
1507564010643	2503144352263	120.0	-33.0	4.0	1.0	
1507564010660	2503164493864	120.0	-33.0	3.1979522705078125	1.0	
1507564010681	2503184635466	120.0	-33.0	3.0	1.0	
1507564010715	2503204777067	120.0	-34.0	3.0	1.0	
1507564010734	2503224918669	120.0	-34.0	3.0	1.0	
1507564010752	2503245060270	120.0	-34.0	3.0	1.0	
1507564010768	2503265201872	120.0	-34.0	3.0	1.0	
1507564010791	2503285343474	120.0	-34.0	3.0	1.0	
1507564010803	2503305485075	120.0	-34.0	3.0	1.0	
1507564010821	2503325626677	120.0	-34.0	3.0	1.0	
1507564010841	2503345768278	120.0	-34.0	3.0	1.0	
1507564010875	2503365909880	120.0	-34.0	3.0	1.0	
1507564010892	2503386051481	120.0	-34.0	3.0	1.0	
1507564010910	2503406193083	120.0	-34.0	3.0	1.0	
1507564010932	2503426334684	120.0	-34.0	3.0	1.0	
1507564010947	2503446476286	120.0	-34.0	3.0	1.0	
1507564010964	2503466617888	120.0	-34.0	3.0	1.0	
1507564010984	2503486759489	120.0	-34.0	3.0	1.0	
1507564011000	2503506901091	120.0	-34.0	3.0	1.0	
1507564011036	2503527042692	120.0	-34.0	3.0	1.0	
1507564011057	2503547184294	120.0	-34.0	3.0	1.0	
1507564011073	2503567325895	120.35212707519531	-34.0	3.0	1.0	
1507564011089	2503587467497	121.0	-34.0	3.0	1.0	
1507564011110	2503607609099	121.0	-34.0	3.0	1.0	
1507564011125	2503627750700	121.0	-34.0	3.0	1.0	
1507564011142	2503647892302	121.0	-34.0	3.0	1.0	
1507564011166	2503668033903	121.0	-34.0	3.0	1.0	
1507564011196	2503688175505	121.0	-35.0	3.0	1.0	
1507564011216	2503708317106	121.0	-35.0	3.0	1.0	
1507564011232	2503728458708	121.0	-35.0	3.0	1.0	
1507564011250	2503748600309	121.0	-35.0	3.0	1.0	
1507564011268	2503768741911	121.0	-35.0	3.0	1.0	
1507564011285	2503788883513	121.0	-35.0	3.0	1.0	
1507564011303	2503809025114	121.0	-35.0	3.0	1.0	
1507564011339	2503829166716	121.0	-35.01023864746094	3.0	1.0	
1507564011361	2503849308317	121.0	-36.0	3.0	1.0	
1507564011376	2503869449919	121.0	-36.0	3.0	1.0	
1507564011397	2503889591520	121.0	-36.0	3.0	1.0	
1507564011420	2503909733122	121.0	-36.0	3.0	1.0	
1507564011432	2503929874724	121.0	-36.0	3.0	1.0	
1507564011448	2503950016325	121.0	-36.0	3.0	1.0	
1507564011464	2503970157927	121.0	-36.0	3.0	1.0	
1507564011509	2503990299528	121.0	-36.0	2.0	1.0	
1507564011525	2504010441130	121.0	-36.0	2.0	1.0	
1507564011552	2504030582731	121.0	-36.0	2.0	1.0	
1507564011567	2504050724333	121.0	-36.0	2.0	1.0	
1507564011575	2504070865934	121.0	-36.0	2.0	1.0	
1507564011591	2504091007536	121.0	-36.0	2.0	1.0	
1507564011606	2504111149138	121.0	-36.0	2.79486083984375	1.0	
1507564011630	2504131290739	121.0	-36.0	2.0785064697265625	1.0	
1507564011662	2504151432341	121.0	-36.0	2.0	1.0	
1507564011686	2504171573942	121.0	-36.0	2.0	1.0	
1507564011696	2504191715544	121.30426025390625	-36.0	2.0	1.0	
1507564011714	2504211857145	122.0	-36.0	2.0	1.0	
1507564011732	2504231998747	122.0	-36.0	2.0	1.0	
1507564011751	2504252140349	122.0	-36.0	2.0	1.0	
1507564011768	2504272281950	122.0	-36.0	2.0	1.0	
1507564011786	2504292423552	122.0	-36.0	2.0	1.0	
1507564011821	2504312565153	122.0	-36.0	2.0	1.0	
1507564011841	2504332706755	122.0	-36.0	2.0	1.0	
1507564011858	2504352848356	122.0	-36.0	2.0	1.0	
1507564011877	2504372989958	122.0	-36.0	2.0	1.0	
1507564011894	2504393131559	122.0	-36.0	2.0	1.0	
1507564011916	2504413273161	122.0	-36.0	2.0	1.0	
1507564011929	2504433414763	122.0	-36.0	2.0	1.0	
1507564011947	2504453556364	122.0	-36.0	2.0	1.0	
1507564011982	2504473697966	122.0	-36.0	2.0	1.0	
1507564011999	2504493839567	122.0	-36.0	2.0	1.0	
1507564012017	2504513981169	122.0	-36.0	2.0	1.0	
1507564012036	2504534122770	122.0	-36.0	2.0	1.0	
1507564012055	2504554264372	122.0	-36.0	2.0	1.0	
1507564012073	2504574405974	122.0	-36.0	2.0	1.0	
1507564012089	2504594547575	122.0	-36.0	2.0	1.0	
1507564012111	2504614689177	122.0	-36.0	2.0	1.0	
1507564012144	2504634830778	122.0	-36.0	2.0	1.0	
1507564012165	2504654972380	122.0	-36.0	2.0	1.0	
1507564012181	2504675113981	122.0	-36.0	2.0	1.0	
1507564012196	2504695255583	122.0	-36.0	2.0	1.0	
1507564012215	2504715397184	122.0	-36.0	2.0	1.0	
1507564012239	2504735538786	122.0	-36.0	2.0	1.0	
1507564012254	2504755680388	122.0	-36.0	2.0	1.0	
1507564012285	2504775821989	122.0	-36.0	2.0	1.0	
1507564012303	2504795963591	122.0	-36.0	2.0	1.0	
1507564012331	2504816105192	122.0	-36.0	2.0	1.0	
1507564012341	2504836246794	122.0	-36.0	2.0	1.0	
1507564012357	2504856388395	122.0	-36.0	2.0	1.0	
1507564012375	2504876529997	122.0	-36.0	2.0	1.0	
1507564012400	2504896671599	122.0	-36.0	2.0	1.0	
1507564012411	2504916813200	122.0	-36.0	2.0	1.0	
1507564012447	2504936954802	122.0	-36.0	2.0	1.0	
1507564012464	2504957096403	122.0	-36.0	2.0	1.0	
1507564012482	2504977238005	122.0	-36.0	2.0	1.0	
1507564012501	2504997379606	122.0	-36.0	2.0	1.0	
1507564012518	2505017521208	122.0	-36.0	2.0	1.0	
1507564012536	2505037662809	122.65869140625	-36.0	2.0	1.0	
1507564012555	2505057804411	123.0	-36.0	2.0	1.0	
1507564012573	2505077946013	123.0	-36.0	2.0	1.0	
1507564012608	2505098087614	123.0	-36.0	2.0	1.0	
1507564012626	2505118229216	123.0	-36.0	2.0	1.0	
1507564012642	2505138370817	123.0	-36.0	2.0	1.0	
1507564012666	2505158512419	123.0	-36.0	2.0	1.0	
1507564012678	2505178654020	123.0	-36.0	2.0	1.0	
1507564012697	2505198795622	123.0	-36.0	2.0	1.0	
1507564012715	2505218937224	123.0	-36.0	2.0	1.0	
1507564012732	2505239078825	123.0	-36.0	2.0	1.0	
1507564012767	2505259220427	123.0	-36.0	2.0	1.0	
1507564012786	2505279362028	123.0	-36.0	2.0	1.0	
1507564012805	2505299503630	123.0	-36.0	2.0	1.0	
1507564012823	2505319645231	123.0	-36.0	2.0	1.0	
1507564012844	2505339786833	123.0	-36.0	2.0	1.0	
1507564012862	2505359928434	123.0	-36.0	2.0	1.0	
1507564012885	2505380070036	123.0	-36.0	2.0	1.0	
1507564012896	2505400211638	123.0	-36.0	2.0	1.0	
1507564012929	2505420353239	123.0	-36.0	2.0	1.0	
1507564012946	2505440494841	123.0	-36.0	2.0	1.0	
1507564012969	2505460636442	123.0	-36.0	2.0	1.0	
1507564012984	2505480778044	123.0	-36.0	2.0	1.0	
1507564013000	2505500919645	123.0	-36.0	2.0	1.0	
1507564013017	2505521061247	123.0	-36.0	2.0	1.0	
1507564013038	2505541202849	123.0	-36.0	2.0	1.0	
1507564013053	2505561344450	123.0	-36.0	2.0	1.0	
1507564013091	2505581486052	123.0	-36.0	2.0	1.0	
1507564013107	2505601627653	123.0	-36.0	2.0	1.0	
1507564013126	2505621769255	123.0	-36.0	2.0	1.0	
1507564013146	2505641910856	123.0	-36.0	2.0	1.0	
1507564013162	2505662052458	123.0	-36.0	2.0	1.0	
1507564013178	2505682194059	123.0	-36.0	2.0	1.0	
1507564013197	2505702335661	123.0	-36.0	2.0	1.0	
1507564013215	2505722477263	123.0	-36.0	2.0	1.0	
1507564013251	2505742618864	123.0	-36.0	2.0	1.0	
1507564013268	2505762760466	123.0	-36.0	2.0	1.0	
1507564013290	2505782902067	123.0	-36.0	2.0	1.0	
1507564013304	2505803043669	123.0	-36.0	2.0	1.0	
1507564013321	2505823185270	123.0	-36.0	2.0	1.0	
1507564013346	2505843326872	123.0	-36.0	2.0	1.0	
1507564013359	2505863468474	123.0	-36.0	2.0	1.0	
1507564013393	2505883610075	123.0	-36.0	2.0	1.0	
1507564013412	2505903751677	123.0	-36.0	2.0	1.0	
1507564013429	2505923893278	123.0	-36.0	2.0	1.0	
1507564013448	2505944034880	123.0	-36.0	2.0	1.0	
1507564013465	2505964176481	123.0	-36.0	2.0	1.0	
1507564013482	2505984318083	123.0	-36.0	2.0	1.0	
1507564013501	2506004459684	123.0	-36.0	2.0	1.0	
1507564013520	2506024601286	123.0	-36.0	2.0	1.0	
1507564013560	2506044742888	123.0	-36.0	2.0	1.0	
1507564013574	2506064884489	123.0	-36.0	2.0	1.0	
1507564013591	2506085026091	123.0	-36.0	2.0	1.0	
1507564013614	2506105167692	123.0	-36.0	2.0	1.0	
1507564013625	2506125309294	123.0	-36.0	2.0	1.0	
1507564013645	2506145450895	123.0	-36.0	2.0	1.0	
1507564013663	2506165592497	123.0	-36.0	2.0	1.0	
1507564013680	2506185734099	123.0	-36.0	2.0	1.0	
1507564013721	2506205875700	123.0	-36.0	2.0	1.0	
1507564013740	2506226017302	123.18087768554688	-36.0	2.0	1.0	
1507564013756	2506246158903	124.0	-36.0	2.0	1.0	
1507564013776	2506266300505	124.0	-36.0	2.0	1.0	
1507564013790	2506286442106	124.0	-36.0	2.0	1.0	
1507564013808	2506306583708	124.0	-36.0	2.0	1.0	
1507564013822	2506326725309	124.0	-36.0	2.0	1.0	
1507564013844	2506346866911	124.0	-36.0	2.0	1.0	
1507564013880	2506367008513	124.0	-36.0	2.0	1.0	
1507564013902	2506387150114	124.0	-36.0	2.0	1.0	
1507564013914	2506407291716	124.0	-36.0	2.0	1.0	
1507564013931	2506427433317	124.45562744140625	-36.0	1.54437255859375	1.0	
1507564013947	2506447574919	125.0	-36.58290100097656	1.0	1.0	
1507564013966	2506467716520	125.0	-37.0	1.0	1.0	
1507564013983	2506487858122	125.0	-37.0	1.0	1.0	
1507564014001	2506507999724	125.96580505371094	-37.0	0.0341949462890625	1.0	
1507564014036	2506528141325	126.0	-38.0	0.0	1.0	
1507564014053	2506548282927	126.22050476074219	-38.0	0.0	1.0	
1507564014081	2506568424528	127.0	-38.348114013671875	-0.348114013671875	1.0	
1507564014089	2506588566130	127.0	-39.0	-1.0	1.0	
1507564014109	2506608707731	127.60340881347656	-39.0	-1.6034088134765625	1.0	
1507564014133	2506628849333	128.0	-39.0	-2.0	1.0	
1507564014147	2506648990934	128.0	-39.85810852050781	-2.0	1.0	
1507564014162	2506669132536	128.0	-40.0	-2.9863128662109375	1.0	
1507564014201	2506689274138	128.0	-40.0	-3.0	1.0	
1507564014214	2506709415739	128.0	-40.0	-3.0	1.0	
1507564014235	2506729557341	128.3675079345703	-40.0	-3.0	1.0	
1507564014253	2506749698942	129.0	-40.0	-3.0	1.0	
1507564014277	2506769840544	129.0	-40.0	-3.0	1.0	
1507564014290	2506789982145	129.0	-40.0	-3.0	1.0	
1507564014312	2506810123747	129.0	-40.0	-3.878631591796875	1.0	
1507564014343	2506830265349	129.0	-40.005126953125	-4.0	1.0	
1507564014363	2506850406950	129.0	-41.0	-4.0	1.0	
1507564014378	2506870548552	129.0	-41.0	-4.0	1.0	
1507564014402	2506890690153	128.61196899414063	-41.0	-4.0	1.0	
1507564014424	2506910831755	128.51535034179688	-41.0	-4.0	1.0	
1507564014430	2506930973356	129.0	-41.0	-4.0	1.0	
1507564014446	2506951114958	129.0	-41.0	-4.0	1.0	
1507564014464	2506971256559	129.0	-41.0	-4.0	1.0	
1507564014500	2506991398161	129.0	-41.0	-4.0	1.0	
1507564014518	2507011539763	129.0	-41.0	-4.0	1.0	
1507564014536	2507031681364	129.0	-41.0	-4.0	1.0	
1507564014554	2507051822966	129.0	-41.0	-4.0	1.0	
1507564014571	2507071964567	129.0	-41.0	-4.0	1.0	
1507564014591	2507092106169	129.0	-41.0	-4.0	1.0	
1507564014617	2507112247770	129.0	-41.0	-4.0	1.0	
1507564014627	2507132389372	129.0	-40.082061767578125	-3.082061767578125	1.0	
1507564014664	2507152530974	130.0	-39.95556640625	-3.0	1.0	
1507564014684	2507172672575	130.0	-39.0	-2.827362060546875	1.0	
1507564014696	2507192814177	130.0	-39.0	-2.0	1.0	
1507564014720	2507212955778	129.57266235351563	-38.572662353515625	-2.0	1.0	
1507564014742	2507233097380	129.0	-38.0	-2.0	1.0	
1507564014751	2507253238981	129.0	-38.0	-2.0	1.0	
1507564014768	2507273380583	129.0	-38.81024169921875	-2.0	1.0	
1507564014787	2507293522184	129.0	-39.0	-2.0	1.0	
1507564014822	2507313663786	129.0	-39.0	-2.0	1.0	
1507564014841	2507333805388	129.0	-38.80717468261719	-2.0	1.0	
1507564014860	2507353946989	129.3196563720703	-38.0	-2.0	1.0	
1507564014876	2507374088591	130.0	-38.0	-2.0	1.0	
1507564014895	2507394230192	130.0	-38.0	-2.0	1.0	
1507564014913	2507414371794	130.0	-38.0	-2.0	1.0	
1507564014929	2507434513395	130.0	-38.0	-2.8307647705078125	1.0	
1507564014947	2507454654997	130.0	-38.0	-3.0	1.0	
1507564014983	2507474796599	130.0	-39.0	-3.0	1.0	
1507564015000	2507494938200	130.0	-39.0	-3.0	1.0	
1507564015018	2507515079802	130.0	-39.0	-3.0	1.0	
1507564015040	2507535221403	130.0	-39.0	-3.0	1.0	
1507564015054	2507555363005	130.0	-39.0	-3.0	1.0	
1507564015073	2507575504606	130.0	-39.0	-3.0	1.0	
1507564015096	2507595646208	130.0	-39.0	-3.0	1.0	
1507564015114	2507615787809	130.0	-39.0	-3.0	1.0	
1507564015143	2507635929411	130.0	-39.0	-3.0	1.0	
1507564015181	2507656071013	130.0	-39.0	-3.0	1.0	
1507564015192	2507676212614	130.0	-39.0	-3.0	1.0	
1507564015216	2507696354216	130.0	-39.0	-3.0	1.0	
1507564015221	2507716495817	130.0	-39.0	-3.0	1.0	
1507564015235	2507736637419	130.0	-39.0	-3.0	1.0	
1507564015250	2507756779020	130.0	-39.0	-2.1299285888671875	1.0	
1507564015268	2507776920622	130.0	-39.0	-2.0	1.0	
1507564015304	2507797062224	130.0	-39.0	-2.1247711181640625	1.0	
1507564015330	2507817203825	130.0	-39.0	-3.0	1.0	
1507564015348	2507837345427	130.0	-39.0	-3.0	1.0	
1507564015358	2507857487028	130.0	-39.0	-3.0	1.0	
1507564015379	2507877628630	130.0	-39.0	-2.3651885986328125	1.0	
1507564015398	2507897770231	130.0	-39.0	-2.0	1.0	
1507564015413	2507917911833	130.0	-39.0	-2.0	1.0	
1507564015448	2507938053434	130.0	-39.0	-2.0	1.0	
1507564015471	2507958195036	130.0	-39.0	-2.0	1.0	
1507564015487	2507978336638	130.0	-39.0	-2.0	1.0	
1507564015501	2507998478239	130.0	-39.0	-2.0	1.0	
1507564015519	2508018619841	130.0	-39.0	-2.0	1.0	
1507564015537	2508038761442	130.0	-39.0	-2.0	1.0	
1507564015564	2508058903044	130.0	-39.0	-2.0	1.0	
1507564015572	2508079044645	130.0	-39.0	-2.0	1.0	
1507564015609	2508099186247	130.0	-39.0	-2.0	1.0	
1507564015625	2508119327849	130.0	-39.0	-2.0	1.0	
1507564015644	2508139469450	130.0	-39.0	-2.0	1.0	
1507564015662	2508159611052	130.0	-39.0	-2.0	1.0	
1507564015679	2508179752653	130.0	-39.0	-2.0	1.0	
1507564015701	2508199894255	130.0	-39.0	-2.0	1.0	
1507564015716	2508220035856	130.0	-39.0	-2.0	1.0	
1507564015733	2508240177458	130.0	-39.0	-2.0	1.0	
1507564015771	2508260319059	130.0	-39.0	-2.0	1.0	
1507564015796	2508280460661	130.0	-39.0	-2.0	1.0	
1507564015809	2508300602263	130.0	-39.0	-2.0	1.0	
1507564015827	2508320743864	130.0	-39.0	-2.0	1.0	
1507564015840	2508340885466	130.0	-39.0	-2.0	1.0	
1507564015860	2508361027067	130.0	-39.0	-2.0	1.0	
1507564015877	2508381168669	130.0	-39.0	-2.0	1.0	
1507564015899	2508401310270	130.0	-39.0	-2.0	1.0	
1507564015947	2508421451872	130.0	-39.0	-2.0769195556640625	1.0	
1507564015969	2508441593474	130.0	-39.0	-3.0	1.0	
1507564015977	2508461735075	130.0	-39.0	-3.0	1.0	
1507564015984	2508481876677	130.0	-39.45982360839844	-3.0	1.0	
1507564016002	2508502018278	130.0	-40.0	-3.0	1.0	
1507564016020	2508522159880	130.0	-40.0	-3.7145233154296875	1.0	
1507564016038	2508542301481	130.0	-40.84272766113281	-4.0	1.0	
1507564016072	2508562443083	130.0	-41.0	-4.0	1.0	
1507564016095	2508582584684	130.0	-41.0	-4.097259521484375	1.0	
1507564016118	2508602726286	130.0	-41.22392272949219	-5.0	1.0	
1507564016126	2508622867888	130.0	-42.0	-5.0	1.0	
1507564016146	2508643009489	130.0	-42.0	-5.0	1.0	
1507564016163	2508663151091	130.0	-42.0	-5.0	1.0	
1507564016180	2508683292692	130.0	-42.0	-5.0	1.0	
1507564016199	2508703434294	130.0	-42.0	-5.0	1.0	
1507564016215	2508723575895	130.98973083496094	-42.0	-5.0	1.0	
1507564016252	2508743717497	130.88377380371094	-41.11622619628906	-5.0	1.0	
1507564016272	2508763859099	130.0	-42.0	-5.0	1.0	
1507564016288	2508784000700	130.0	-42.0	-5.37200927734375	1.0	
1507564016307	2508804142302	130.0	-42.0	-5.5008697509765625	1.0	
1507564016322	2508824283903	130.0	-42.0	-5.0	1.0	
1507564016340	2508844425505	130.0	-41.24574279785156	-5.0	1.0	
1507564016370	2508864567106	130.0	-41.0	-5.0	1.0	
1507564016394	2508884708708	130.991455078125	-41.0	-5.0	1.0	
1507564016422	2508904850309	130.0	-41.0	-5.0	1.0	
1507564016431	2508924991911	130.0	-41.0	-5.0	1.0	
1507564016447	2508945133513	130.0	-41.0	-5.0	1.0	
1507564016466	2508965275114	130.5196533203125	-41.0	-5.0	1.0	
1507564016505	2508985416716	131.0	-41.0	-5.0	1.0	
1507564016511	2509005558317	131.0	-41.0	-5.0	1.0	
1507564016521	2509025699919	131.0	-41.0	-5.0	1.0	
1507564016585	2509045841520	131.0	-41.0	-5.0	1.0	
1507564016603	2509065983122	131.0	-41.0	-5.0	1.0	
1507564016612	2509086124724	131.0	-41.0	-5.0	1.0	
1507564016628	2509106266325	131.0	-41.0	-5.0	1.0	
1507564016634	2509126407927	131.0	-41.0	-5.0	1.0	
1507564016645	2509146549528	131.0	-41.0	-5.0	1.0	
1507564016663	2509166691130	131.0	-41.0	-5.0	1.0	
1507564016680	2509186832731	131.0	-41.0	-5.0	1.0	
1507564016715	2509206974333	131.0	-41.0	-5.0	1.0	
1507564016738	2509227115934	131.0	-41.0	-5.0	1.0	
1507564016751	2509247257536	131.0	-41.0	-5.0	1.0	
1507564016773	2509267399138	131.0	-41.0	-5.0	1.0	
1507564016791	2509287540739	131.0	-41.0	-5.0	1.0	
1507564016804	2509307682341	131.0	-41.0	-5.0	1.0	
1507564016823	2509327823942	131.0	-41.0	-5.0	1.0	
1507564016842	2509347965544	131.0	-41.0	-5.0	1.0	
1507564016878	2509368107145	131.0	-41.0	-5.0	1.0	
1507564016904	2509388248747	131.0	-41.0	-5.0	1.0	
1507564016915	2509408390349	131.0	-41.0	-5.0	1.0	
1507564016933	2509428531950	131.0	-41.0	-5.0	1.0	
1507564016948	2509448673552	131.0	-41.0	-5.0	1.0	
1507564016966	2509468815153	131.0	-41.0	-5.0	1.0	
1507564016983	2509488956755	131.0	-41.0	-5.0	1.0	
1507564017002	2509509098356	131.0	-41.0	-5.0	1.0	
1507564017036	2509529239958	131.0	-41.0	-5.0	1.0	
1507564017054	2509549381559	131.0	-41.0	-5.0	1.0	
1507564017088	2509569523161	131.0	-41.0	-5.0	1.0	
1507564017107	2509589664763	131.0	-41.0	-5.0	1.0	
1507564017112	2509609806364	131.0	-41.0	-5.0	1.0	
1507564017131	2509629947966	131.0	-41.0	-5.0	1.0	
1507564017145	2509650089567	131.0	-41.0	-5.0	1.0	
1507564017163	2509670231169	131.0	-41.0	-5.0	1.0	
1507564017197	2509690372770	131.0	-41.0	-5.0	1.0	
1507564017215	2509710514372	131.0	-41.0	-5.0	1.0	
1507564017232	2509730655974	131.0	-41.0	-4.6359100341796875	1.0	
1507564017250	2509750797575	130.508544921875	-41.0	-4.0	1.0	
1507564017269	2509770939177	130.0	-40.38121032714844	-4.0	1.0	
1507564017286	2509791080778	130.0	-40.0	-3.2530059814453125	1.0	
1507564017304	2509811222380	129.12628173828125	-40.0	-3.0	1.0	
1507564017340	2509831363981	129.0	-39.0	-1.9983062744140625	1.0	
1507564017358	2509851505583	128.87179565429688	-38.871795654296875	-0.871795654296875	1.0	
1507564017376	2509871647184	128.0	-37.74359130859375	0.0	1.0	
1507564017394	2509891788786	127.61604309082031	-37.0	0.3839569091796875	1.0	
1507564017411	2509911930388	127.0	-36.4888916015625	1.0	1.0	
1507564017430	2509932071989	126.36068725585938	-35.360687255859375	1.639312744140625	1.0	
1507564017447	2509952213591	125.23379516601563	-35.0	2.766204833984375	1.0	
1507564017465	2509972355192	125.0	-34.105987548828125	3.0	1.0	
1507564017501	2509992496794	124.9794921875	-33.9794921875	4.0	1.0	
1507564017519	2510012638395	124.0	-33.0	4.148712158203125	1.0	
1507564017537	2510032779997	124.0	-33.0	5.0	1.0	
1507564017555	2510052921599	124.0	-33.0	5.0	1.0	
1507564017572	2510073066694	124.0	-33.0	5.0	1.0	
1507564017593	2510093208296	124.0	-33.0	5.0	1.0	
1507564017617	2510113349897	124.0	-33.0	5.0	1.0	
1507564017627	2510133491499	124.0	-33.0	5.0	1.0	
1507564017661	2510153633100	124.0	-33.0	5.0	1.0	
1507564017679	2510173774702	124.0	-33.0	5.0	1.0	
1507564017699	2510193916303	124.0	-33.0	5.0	1.0	
1507564017715	2510214057905	124.0	-33.0	5.0	1.0	
1507564017733	2510234199507	124.0	-33.0	5.0	1.0	
1507564017756	2510254341108	124.0	-33.0	5.0	1.0	
1507564017771	2510274482710	124.0	-33.0	5.0	1.0	
1507564017787	2510294624311	124.0	-33.0	5.0	1.0	
1507564017822	2510314765913	124.0	-33.0	5.0	1.0	
1507564017840	2510334907514	124.0	-33.0	5.0	1.0	
1507564017858	2510355049116	124.0	-33.0	5.0	1.0	
1507564017877	2510375190718	124.0	-33.0	5.0	1.0	
1507564017894	2510395332319	124.0	-33.0	5.0	1.0	
1507564017915	2510415473921	124.0	-33.0	5.0	1.0	
1507564017929	2510435615522	124.0	-33.0	5.0	1.0	
1507564017949	2510455757124	124.0	-33.0	5.0	1.0	
1507564017986	2510475898725	124.0	-33.08033752441406	5.0	1.0	
1507564018005	2510496040327	124.0	-34.0	5.0	1.0	
1507564018020	2510516181928	124.0	-34.0	5.0	1.0	
1507564018037	2510536323530	124.0	-33.53675842285156	5.0	1.0	
1507564018054	2510556465132	124.59144592285156	-33.0	5.0	1.0	
1507564018073	2510576606733	125.0	-33.71842956542969	5.0	1.0	
1507564018092	2510596748335	125.0	-34.0	5.0	1.0	
1507564018108	2510616889936	125.0	-34.0	5.0	1.0	
1507564018147	2510637031538	125.0	-34.0	5.0	1.0	
1507564018161	2510657173139	125.0	-34.0	5.0	1.0	
1507564018179	2510677314741	125.0	-34.0	5.0	1.0	
1507564018197	2510697456343	125.0	-34.0	5.0	1.0	
1507564018215	2510717597944	125.0	-34.0	5.0	1.0	
1507564018234	2510737739546	125.0	-34.0	5.0	1.0	
1507564018251	2510757881147	125.0	-34.0	5.0	1.0	
1507564018270	2510778022749	125.0	-34.0	5.0	1.0	
1507564018304	2510798164350	126.0	-34.0	5.0	1.0	
1507564018323	2510818305952	126.0	-34.0	5.0	1.0	
1507564018340	2510838447553	126.0	-34.0	5.0	1.0	
1507564018357	2510858589155	126.0	-34.0	5.0	1.0	
1507564018378	2510878730757	126.0	-34.0	5.0	1.0	
1507564018396	2510898872358	126.0	-34.0	5.0	1.0	
1507564018413	2510919013960	126.0	-34.0	5.0	1.0	
1507564018447	2510939155561	126.0	-34.0	5.0	1.0	
1507564018465	2510959297163	126.0	-34.0	4.859832763671875	1.0	
1507564018493	2510979438764	126.0	-34.26837158203125	4.0	1.0	
1507564018508	2510999580366	126.0	-35.0	4.0	1.0	
1507564018518	2511019721968	126.0	-35.0	4.0	1.0	
1507564018537	2511039863569	126.0	-35.0	4.0	1.0	
1507564018556	2511060005171	126.0	-35.0	4.0	1.0	
1507564018573	2511080146772	126.0	-35.0	4.0	1.0	
1507564018608	2511100288374	126.0	-35.0	4.0	1.0	
1507564018627	2511120429975	126.0	-35.0	4.0	1.0	
1507564018644	2511140571577	126.0	-35.0	4.0	1.0	
1507564018663	2511160713178	126.0	-35.415374755859375	4.0	1.0	
1507564018680	2511180854780	126.0	-36.0	4.0	1.0	
1507564018697	2511200996382	126.0	-35.32936096191406	4.0	1.0	
1507564018719	2511221137983	126.0	-35.0	4.0	1.0	
1507564018734	2511241279585	126.0	-35.92491149902344	4.0	1.0	
1507564018769	2511261421186	126.0	-36.0	3.0	1.0	
1507564018800	2511281562788	126.0	-36.180877685546875	3.0	1.0	
1507564018809	2511301704389	126.30767822265625	-37.0	3.0	1.0	
1507564018826	2511321845991	127.0	-37.0	3.0	1.0	
1507564018842	2511341987593	127.0	-37.0	3.0	1.0	
1507564018860	2511362129194	127.0	-37.0	2.3094024658203125	1.0	
1507564018878	2511382270796	127.0	-37.0	2.0	1.0	
1507564018895	2511402412397	127.0	-37.94538879394531	2.0	1.0	
1507564018932	2511422553999	127.0	-38.0733642578125	1.0	1.0	
1507564018950	2511442695600	127.19999694824219	-39.19999694824219	0.8000030517578125	1.0	
1507564018965	2511462837202	128.0	-40.0	0.0	1.0	
1507564018984	2511482978803	128.0	-40.0	0.0	1.0	
1507564019002	2511503120405	128.0	-40.0	0.0	1.0	
1507564019019	2511523262007	128.0	-40.0	0.0	1.0	
1507564019039	2511543403608	128.0	-39.16212463378906	0.0	1.0	
1507564019054	2511563545210	128.96580505371094	-39.0	0.0	1.0	
1507564019090	2511583686811	129.0	-39.0	0.0	1.0	
1507564019113	2511603828413	129.0	-39.0	0.0	1.0	
1507564019128	2511623970014	129.0	-39.0	0.0	1.0	
1507564019146	2511644111616	129.0	-39.0	0.0	1.0	
1507564019165	2511664253218	129.0	-39.0	0.0	1.0	
1507564019179	2511684394819	129.0	-38.26963806152344	0.0	1.0	
1507564019198	2511704536421	129.0	-38.0	0.0	1.0	
1507564019217	2511724678022	129.0	-38.0	0.0	1.0	
1507564019251	2511744819624	129.11280822753906	-38.0	0.0	1.0	
1507564019269	2511764961225	130.0	-38.2406005859375	0.0	1.0	
1507564019287	2511785102827	130.0	-39.0	0.0	1.0	
1507564019306	2511805244428	130.0	-39.0	0.0	1.0	
1507564019322	2511825386030	130.0	-39.0	0.0	1.0	
1507564019343	2511845527632	130.0	-39.0	0.0	1.0	
1507564019360	2511865669233	130.0	-39.0	0.0	1.0	
1507564019400	2511885810835	130.0	-39.0	0.0	1.0	
1507564019418	2511905952436	130.0	-39.0	0.0	1.0	
1507564019435	2511926094038	130.0	-39.0	0.0	1.0	
1507564019448	2511946235639	130.0	-38.611968994140625	0.0	1.0	
1507564019466	2511966377241	130.0	-38.0	0.0	1.0	
1507564019487	2511986518843	130.0	-38.0	0.0	1.0	
1507564019501	2512006660444	130.0	-38.0	0.0	1.0	
1507564019520	2512026802046	130.0	-38.0	0.0	1.0	
1507564019555	2512046943647	130.0	-38.0	0.0	1.0	
1507564019572	2512067085249	130.0	-38.0	0.0	1.0	
1507564019590	2512087226850	130.0	-38.0	0.0	1.0	
1507564019609	2512107368452	130.0	-38.0	0.0	1.0	
1507564019628	2512127510053	130.0	-38.0	0.0	1.0	
1507564019644	2512147651655	130.0	-38.0	0.0	1.0	
1507564019662	2512167793257	130.0	-38.0	0.0	1.0	
1507564019682	2512187934858	130.0	-38.0	0.0	1.0	
1507564019718	2512208076460	130.0	-38.0	0.0	1.0	
1507564019733	2512228218061	130.0	-38.0	0.0	1.0	
1507564019753	2512248359663	130.0	-38.0	0.0	1.0	
1507564019771	2512268501264	130.0	-38.0	0.0	1.0	
1507564019787	2512288642866	130.0	-38.0	0.0	1.0	
1507564019805	2512308784468	130.0	-38.0	0.0	1.0	
1507564019829	2512328926069	130.0	-38.0	0.0	1.0	
1507564019844	2512349067671	130.0	-38.0	0.0	1.0	
1507564019880	2512369209272	130.0	-38.0	0.0	1.0	
1507564019896	2512389350874	130.0	-38.0	0.0	1.0	
1507564019912	2512409492475	130.0	-38.0	0.0	1.0	
1507564019930	2512429634077	130.0	-38.0	0.0	1.0	
1507564019948	2512449775678	130.0	-38.0	0.0	1.0	
1507564019965	2512469917280	130.0	-38.0	0.0	1.0	
1507564019983	2512490058882	130.0	-38.0	0.0	1.0	
1507564020058	2512510200483	130.95726013183594	-38.0	0.0	1.0	
1507564020109	2512530342085	131.0	-38.0	0.0	1.0	
1507564020120	2512550483686	131.0	-38.0	0.0	1.0	
1507564020128	2512570625288	131.0	-38.0	0.0	1.0	
1507564020135	2512590766889	131.0	-38.0	0.0	1.0	
1507564020148	2512610908491	131.0	-38.0	0.0	1.0	
1507564020196	2512631050093	131.0	-38.0	0.0	1.0	
1507564020200	2512651191694	131.0	-38.0	0.0	1.0	
1507564020208	2512671333296	131.0	-38.0	0.0	1.0	
1507564020478	2512691474897	131.0	-38.0	0.0	1.0	
1507564020505	2512711616499	131.0	-38.0	0.0	1.0	
1507564020623	2512731758100	131.0	-38.0	0.0	1.0	
1507564020651	2512751899702	131.0	-38.0	0.0	1.0	
1507564020656	2512772041303	131.0	-38.0	0.0	1.0	
1507564020663	2512792182905	131.0	-38.0	0.0	1.0	
1507564020667	2512812324507	131.0	-38.0	0.0	1.0	
1507564020678	2512832466108	131.0	-38.0	0.0	1.0	
1507564020689	2512852607710	131.0	-38.0	0.0	1.0	
1507564020695	2512872749311	131.0	-38.0	0.0	1.0	
1507564020703	2512892890913	131.0	-38.0	0.0	1.0	
1507564020720	2512913032514	131.0	-38.0	0.0	1.0	
1507564020727	2512933174116	131.0	-38.0	0.0	1.0	
1507564020740	2512953315718	131.0	-38.0	0.0	1.0	
1507564020746	2512973457319	131.0	-38.0	0.0	1.0	
1507564020770	2512993598921	131.0	-38.0	0.0	1.0	
1507564020779	2513013740522	131.0	-38.0	0.0	1.0	
1507564020786	2513033882124	131.0	-38.0	0.0	1.0	
1507564020800	2513054023725	131.0	-38.0	0.0	1.0	
1507564020806	2513074165327	131.0	-38.0	0.0	1.0	
1507564020816	2513094306928	131.0	-38.0	0.0	1.0	
1507564020829	2513114448530	131.0	-38.0	0.0	1.0	
1507564020838	2513134590132	131.0	-38.0	0.0	1.0	
1507564020863	2513154731733	131.0	-38.0	0.0	1.0	
1507564020878	2513174873335	131.0	-38.0	0.0	1.0	
1507564020896	2513195014936	131.0	-38.0	0.0	1.0	
1507564020913	2513215156538	131.0	-38.0	0.0	1.0	
1507564020918	2513235298139	131.0	-38.0	0.0	1.0	
1507564020926	2513255439741	131.0	-38.0	0.0	1.0	
1507564020939	2513275581343	131.0	-38.0	0.0	1.0	
1507564020943	2513295722944	131.0	-38.0	0.0	1.0	
1507564020960	2513315864546	131.0	-38.0	0.0	1.0	
1507564020970	2513336006147	131.0	-38.0	0.0	1.0	
1507564020978	2513356147749	131.0	-38.0	0.0	1.0	
1507564020990	2513376289350	131.0	-38.0	0.0	1.0	
1507564020999	2513396430952	131.0	-38.0	0.0	1.0	
1507564021006	2513416572553	131.0	-38.0	0.0	1.0	
1507564021024	2513436714155	131.8222198486328	-38.0	0.0	1.0	
1507564021029	2513456855757	132.0	-38.0	0.0	1.0	
1507564021044	2513476997358	132.0	-38.0	0.0	1.0	
1507564021051	2513497138960	132.0	-38.0	0.0	1.0	
1507564021062	2513517280561	132.0	-38.0	0.0	1.0	
1507564021070	2513537422163	132.0	-38.0	0.0	1.0	
1507564021074	2513557563764	132.0	-38.0	0.0	1.0	
1507564021084	2513577705366	132.0	-38.0	0.0	1.0	
1507564021090	2513597846968	132.0	-38.0	0.0	1.0	
1507564021110	2513617988569	132.0	-38.0	0.0	1.0	
1507564021149	2513638130171	132.0	-38.0	0.0	1.0	
1507564021165	2513658271772	132.0	-38.0	0.0	1.0	
1507564021180	2513678413374	132.0	-38.0	0.0	1.0	
1507564021198	2513698554975	132.0	-38.0	0.0	1.0	
1507564021216	2513718696577	132.0	-38.0	0.0	1.0	
1507564021234	2513738838178	132.0	-38.0	0.0	1.0	
1507564021252	2513758979780	132.0	-38.0	0.0	1.0	
1507564021270	2513779121382	132.0	-38.0	0.0	1.0	
1507564021310	2513799262983	132.0	-38.0	0.0	1.0	
1507564021324	2513819404585	132.0	-38.0	0.0	1.0	
1507564021343	2513839546186	132.0	-38.0	0.0	1.0	
1507564021359	2513859687788	132.0	-38.0	0.0	1.0	
1507564021389	2513879829389	132.0	-38.0	0.0	1.0	
1507564021399	2513899970991	132.0	-38.0	0.0	1.0	
1507564021412	2513920112593	132.0	-38.0	0.0	1.0	
1507564021448	2513940254194	132.0	-38.0	0.0	1.0	
1507564021467	2513960395796	132.0	-38.0	0.0	1.0	
1507564021484	2513980537397	132.0	-38.0	0.0	1.0	
1507564021513	2514000678999	132.0	-38.0	0.0	1.0	
1507564021522	2514020820600	132.0	-38.0	0.0	1.0	
1507564021537	2514040962202	132.0	-38.0	0.0	1.0	
1507564021558	2514061103803	132.0	-38.0	0.0	1.0	
1507564021582	2514081245405	132.90101623535156	-38.90101623535156	0.0	1.0	
1507564021611	2514101387007	133.0	-39.0	0.0	1.0	
1507564021627	2514121528608	133.0	-39.0	0.0	1.0	
1507564021644	2514141670210	133.0	-39.0	-0.28375244140625	1.0	
1507564021666	2514161811811	133.0	-39.0	-1.0	1.0	
1507564021680	2514181953413	133.53924560546875	-39.0	-1.0	1.0	
1507564021701	2514202095014	134.0	-39.0	-1.0	1.0	
1507564021717	2514222236616	134.0	-39.0	-1.0	1.0	
1507564021734	2514242378218	134.0	-39.0	-1.0	1.0	
1507564021770	2514262519819	134.0	-39.0	-1.0494842529296875	1.0	
1507564021787	2514282661421	134.0	-39.176055908203125	-2.0	1.0	
1507564021808	2514302803022	134.0	-40.0	-2.0	1.0	
1507564021831	2514322944624	134.0	-40.0	-2.0	1.0	
1507564021841	2514343086225	134.0	-40.0	-2.5589599609375	1.0	
1507564021861	2514363227827	134.68716430664063	-40.687164306640625	-3.0	1.0	
1507564021883	2514383369428	135.0	-41.0	-3.0	1.0	
1507564021896	2514403511030	135.0	-41.0	-3.0	1.0	
1507564021935	2514423652632	135.0	-41.0	-3.0	1.0	
1507564021953	2514443794233	135.0	-41.0	-3.0	1.0	
1507564021978	2514463935835	135.0	-41.0	-3.32421875	1.0	
1507564022007	2514484077436	135.0	-41.0	-4.0	1.0	
1507564022012	2514504219038	135.0	-41.0	-4.0	1.0	
1507564022022	2514524360639	135.0	-41.0	-4.0	1.0	
1507564022043	2514544502241	135.0	-41.0	-4.0	1.0	
1507564022055	2514564643843	135.0	-41.0	-4.0	1.0	
1507564022092	2514584785444	135.0	-40.0	-4.0	1.0	
1507564022117	2514604927046	135.0	-40.0	-4.0	1.0	
1507564022130	2514625068647	135.0	-40.0	-4.0	1.0	
1507564022159	2514645210249	135.0	-40.47178649902344	-4.0	1.0	
1507564022176	2514665351850	135.0	-41.0	-4.0	1.0	
1507564022193	2514685493452	135.0	-41.0	-4.0	1.0	
1507564022200	2514705635053	135.0	-40.146759033203125	-4.0	1.0	
1507564022217	2514725776655	135.0	-40.0	-4.0	1.0	
1507564022257	2514745918257	135.0	-40.0	-3.0	1.0	
1507564022269	2514766059858	135.0	-40.0	-3.0	1.0	
1507564022288	2514786201460	135.0	-40.0	-3.0	1.0	
1507564022308	2514806343061	135.0	-40.0	-3.0	1.0	
1507564022323	2514826484663	135.0	-40.0	-3.0	1.0	
1507564022341	2514846626264	135.0	-40.0	-3.0	1.0	
1507564022360	2514866767866	135.0	-40.0	-3.0	1.0	
1507564022395	2514886909468	135.0	-40.0	-3.0	1.0	
1507564022414	2514907051069	135.0	-40.0	-3.0	1.0	
1507564022431	2514927192671	135.0	-40.0	-3.0	1.0	
1507564022452	2514947334272	135.0	-40.0	-3.0	1.0	
1507564022472	2514967475874	135.0	-40.0	-3.0	1.0	
1507564022502	2514987617475	135.0	-40.0	-3.0	1.0	
1507564022510	2515007759077	135.0	-40.0	-3.0	1.0	
1507564022522	2515027900678	135.0	-40.0	-3.0	1.0	
1507564022557	2515048042280	135.0	-40.0	-3.0	1.0	
1507564022574	2515068183882	135.0	-40.0	-3.0	1.0	
1507564022593	2515088325483	135.0	-40.0	-3.0	1.0	
1507564022610	2515108467085	135.0	-40.0	-3.0	1.0	
1507564022630	2515128608686	135.0	-40.0	-3.0	1.0	
1507564022645	2515148750288	135.0	-40.0	-3.0	1.0	
1507564022668	2515168891889	135.0	-40.0	-3.0	1.0	
1507564022683	2515189033491	135.0	-40.0	-3.0	1.0	
1507564022719	2515209175093	136.0	-40.0	-3.0	1.0	
1507564022775	2515229316694	136.0	-40.0	-3.0	1.0	
1507564022787	2515249458296	136.0	-40.0	-3.0	1.0	
1507564022799	2515269599897	136.0	-40.0	-3.0	1.0	
1507564022817	2515289741499	136.0	-40.0	-3.0	1.0	
1507564022826	2515309883100	136.0	-40.0	-3.0	1.0	
1507564022835	2515330024702	136.0	-40.0	-3.0	1.0	
1507564022849	2515350166303	136.0	-40.0	-3.0	1.0	
1507564022888	2515370307905	136.0	-40.0	-3.0	1.0	
1507564022914	2515390449507	136.0	-40.0	-3.0	1.0	
1507564022942	2515410591108	136.0	-40.0	-3.0	1.0	
1507564022952	2515430732710	136.0	-40.0	-3.0	1.0	
1507564022959	2515450874311	136.0	-40.0	-3.0	1.0	
1507564022970	2515471015913	136.0	-40.0	-3.0	1.0	
1507564022990	2515491157514	136.0	-40.0	-3.0	1.0	
1507564023016	2515511299116	136.0	-40.0	-3.0	1.0	
1507564023037	2515531440718	136.0	-40.0	-3.0	1.0	
1507564023056	2515551582319	136.0	-40.0	-3.0	1.0	
1507564023073	2515571723921	136.0	-40.0	-3.0	1.0	
1507564023092	2515591865522	136.0	-40.0	-3.0	1.0	
1507564023111	2515612007124	136.0	-40.0	-3.0	1.0	
1507564023127	2515632148725	136.0	-40.0	-3.0	1.0	
1507564023145	2515652290327	136.0	-40.0	-3.0	1.0	
1507564023162	2515672431928	136.0	-40.0	-3.0	1.0	
1507564023201	2515692573530	136.0	-40.0	-3.0	1.0	
1507564023219	2515712715132	136.0	-40.0	-3.0	1.0	
1507564023234	2515732856733	136.0	-40.0	-3.0	1.0	
1507564023252	2515752998335	136.0	-40.0	-3.0	1.0	
1507564023277	2515773139936	136.0	-40.0	-3.0	1.0	
1507564023288	2515793281538	136.0	-40.0	-3.0	1.0	
1507564023312	2515813423139	136.0	-40.0	-3.0	1.0	
1507564023327	2515833564741	136.0	-40.0	-3.0	1.0	
1507564023359	2515853706343	136.0	-40.0	-3.0	1.0	
1507564023377	2515873847944	136.0	-40.0	-3.0	1.0	
1507564023401	2515893989546	136.0	-40.0	-3.0	1.0	
1507564023412	2515914131147	136.0	-40.0	-3.0	1.0	
1507564023439	2515934272749	136.0	-40.0	-3.0	1.0	
1507564023448	2515954414350	136.0	-40.0	-3.0	1.0	
1507564023466	2515974555952	136.0	-40.0	-3.0	1.0	
1507564023502	2515994697553	136.0	-40.0	-3.0	1.0	
1507564023520	2516014839155	136.0	-40.0	-3.0	1.0	
1507564023539	2516034980757	136.0	-40.0	-3.0	1.0	
1507564023555	2516055122358	136.0	-40.0	-3.0	1.0	
1507564023576	2516075263960	136.0	-40.0	-3.0	1.0	
1507564023603	2516095405561	136.0	-40.0	-3.0	1.0	
1507564023630	2516115547163	136.0	-40.0	-3.0	1.0	
1507564023634	2516135688764	136.0	-40.0	-3.0	1.0	
1507564023665	2516155830366	136.0	-40.0	-3.0	1.0	
1507564023684	2516175971968	136.0	-40.0	-3.0	1.0	
1507564023698	2516196113569	136.0	-40.0	-3.0	1.0	
1507564023717	2516216255171	136.0	-40.0	-3.0	1.0	
1507564023734	2516236396772	136.0	-40.0	-3.0	1.0	
1507564023753	2516256538374	136.0	-40.0	-3.0	1.0	
1507564023770	2516276679975	136.0	-40.0	-3.0	1.0	
1507564023789	2516296821577	136.0	-40.0	-3.0	1.0	
1507564023824	2516316963178	136.0	-40.0	-3.0	1.0	
1507564023842	2516337104780	136.0	-40.0	-3.0	1.0	
1507564023859	2516357246382	136.0	-40.0	-3.0	1.0	
1507564023877	2516377387983	136.0	-40.0	-3.0	1.0	
1507564023895	2516397529585	136.0	-40.0	-3.0	1.0	
1507564023915	2516417671186	136.0	-40.0	-3.0	1.0	
1507564023932	2516437812788	136.0	-40.0	-3.0	1.0	
1507564023953	2516457954389	136.0	-40.0	-3.0	1.0	
1507564023992	2516478095991	136.0	-40.0	-3.0	1.0	
1507564024009	2516498237593	136.0	-40.0	-3.0	1.0	
1507564024022	2516518379194	136.0	-40.0	-3.0	1.0	
1507564024038	2516538520796	136.0	-40.0	-3.0	1.0	
1507564024058	2516558662397	136.0	-40.0	-3.0	1.0	
1507564024090	2516578803999	136.0	-40.0	-3.0	1.0	
1507564024098	2516598945600	136.0	-40.0	-3.0	1.0	
1507564024110	2516619087202	136.0	-40.0	-3.0	1.0	
1507564024145	2516639228803	136.0	-40.0	-3.0	1.0	
1507564024163	2516659370405	136.2205047607422	-40.0	-3.0	1.0	
1507564024184	2516679512007	137.0	-40.0	-3.0	1.0	
1507564024198	2516699653608	137.0	-40.0	-3.0	1.0	
1507564024217	2516719795210	137.0	-40.0	-3.0	1.0	
1507564024235	2516739936811	137.0	-40.0	-3.0	1.0	
1507564024253	2516760078413	137.0	-40.0	-3.0	1.0	
1507564024270	2516780220014	137.0	-40.0	-3.0	1.0	
1507564024305	2516800361616	137.0	-40.0	-3.0	1.0	
1507564024324	2516820503218	137.0	-40.0	-3.0	1.0	
1507564024343	2516840644819	137.0	-40.0	-3.0	1.0	
1507564024359	2516860786421	137.0	-40.0	-3.0	1.0	
1507564024378	2516880928022	137.0	-40.0	-3.0	1.0	
1507564024397	2516901069624	137.0	-40.0	-3.0	1.0	
1507564024412	2516921211225	137.0	-40.0	-3.0	1.0	
1507564024449	2516941352827	137.0	-40.0	-3.0	1.0	
1507564024466	2516961494428	137.0	-40.0	-3.0	1.0	
1507564024485	2516981636030	137.0	-40.0	-3.0	1.0	
1507564024505	2517001777632	137.0	-40.0	-3.0	1.0	
1507564024521	2517021919233	137.0	-40.0	-3.0	1.0	
1507564024538	2517042060835	137.0	-40.0	-3.0	1.0	
1507564024559	2517062202436	137.0	-40.0	-3.0	1.0	
1507564024574	2517082344038	137.0	-40.0	-3.0	1.0	
1507564024610	2517102485639	137.0	-40.0	-3.0	1.0	
1507564024627	2517122627241	137.0	-40.0	-3.0	1.0	
1507564024645	2517142768843	137.0	-40.0	-3.0	1.0	
1507564024664	2517162910444	137.0	-40.0	-3.0	1.0	
1507564024681	2517183052046	137.0	-40.0	-3.0	1.0	
1507564024700	2517203193647	137.0	-40.0	-3.0	1.0	
1507564024717	2517223335249	137.0	-40.0	-3.0	1.0	
1507564024734	2517243476850	137.0	-40.0	-3.0	1.0	
1507564024774	2517263618452	137.0	-40.0	-3.0	1.0	
1507564024787	2517283760053	137.0	-40.0	-3.0	1.0	
1507564024810	2517303901655	137.0	-40.0	-3.0	1.0	
1507564024824	2517324043257	137.0	-40.0	-3.0	1.0	
1507564024843	2517344184858	137.0	-40.0	-3.0	1.0	
1507564024861	2517364326460	137.0	-40.0	-3.0	1.0	
1507564024882	2517384468061	137.0	-40.0	-3.0	1.0	
1507564024894	2517404609663	137.0	-40.0	-3.0	1.0	
1507564024931	2517424751264	137.0	-40.0	-3.0	1.0	
1507564024949	2517444892866	137.0	-40.0	-3.0	1.0	
1507564024966	2517465034468	137.0	-40.0	-3.0	1.0	
1507564024986	2517485176069	137.0	-40.0	-3.0	1.0	
1507564025016	2517505317671	137.0	-40.0	-3.0	1.0	
1507564025041	2517525459272	137.0	-40.0	-3.0	1.0	
1507564025051	2517545600874	137.0	-40.0	-3.0	1.0	
1507564025058	2517565742475	137.0	-40.0	-3.0	1.0	
1507564025092	2517585884077	137.0	-40.0	-3.9146881103515625	1.0	
1507564025109	2517606025678	137.0	-40.0	-3.0	1.0	
1507564025127	2517626167280	137.0	-40.0	-3.0	1.0	
1507564025146	2517646308882	137.0	-40.0	-3.0	1.0	
1507564025164	2517666450483	137.0	-40.0	-3.5948638916015625	1.0	
1507564025184	2517686592085	137.0	-40.0	-4.0	1.0	
1507564025200	2517706733686	137.0	-40.0	-4.0	1.0	
1507564025216	2517726875288	137.0	-40.0	-4.0	1.0	
1507564025252	2517747016889	137.0	-39.89573669433594	-4.0	1.0	
1507564025270	2517767158491	137.0	-39.0	-4.0	1.0	
1507564025288	2517787300093	137.0	-39.0	-4.0	1.0	
1507564025307	2517807441694	137.0	-39.48716735839844	-4.0	1.0	
1507564025323	2517827583296	137.0	-40.0	-4.0	1.0	
1507564025345	2517847724897	137.0	-40.0	-4.0	1.0	
1507564025360	2517867866499	137.0	-40.0	-4.0	1.0	
1507564025377	2517888008100	137.0	-40.0	-3.00341796875	1.0	
1507564025413	2517908149702	137.0	-40.0	-3.0	1.0	
1507564025433	2517928291303	137.0	-40.0	-3.0	1.0	
1507564025449	2517948432905	137.0	-40.0	-3.0	1.0	
1507564025474	2517968574507	137.0	-40.0	-3.5076904296875	1.0	
1507564025488	2517988716108	137.0	-40.0	-4.0	1.0	
1507564025502	2518008857710	137.0	-40.0	-3.23760986328125	1.0	
1507564025541	2518028999311	137.0	-40.0	-3.0	1.0	
1507564025564	2518049140913	137.0	-40.0	-3.0	1.0	
1507564025575	2518069282514	137.0	-40.0	-3.0	1.0	
1507564025597	2518089424116	137.0	-40.0	-3.0	1.0	
1507564025609	2518109565718	137.0	-40.0	-3.0	1.0	
1507564025631	2518129707319	137.0	-40.0	-3.0	1.0	
1507564025646	2518149848921	137.0	-40.0	-3.0	1.0	
1507564025667	2518169990522	137.0	-40.0	-3.0	1.0	
1507564025686	2518190132124	137.0	-40.0	-3.0	1.0	
1507564025723	2518210273725	137.0	-40.0	-3.0	1.0	
1507564025740	2518230415327	137.0	-40.0	-3.0	1.0	
1507564025755	2518250556928	137.0	-40.0	-3.0	1.0	
1507564025771	2518270698530	137.0	-40.0	-3.0	1.0	
1507564025793	2518290840132	137.0	-40.0	-3.0	1.0	
1507564025806	2518310981733	137.0	-40.0	-3.0	1.0	
1507564025824	2518331123335	137.0	-40.0	-3.0	1.0	
1507564025843	2518351264936	137.92990112304688	-40.0	-3.0	1.0	
1507564025878	2518371406538	138.0	-39.0	-3.0	1.0	
1507564025895	2518391548139	138.0	-39.0	-3.0	1.0	
1507564025917	2518411689741	138.0	-39.0	-3.0	1.0	
1507564025942	2518431831343	138.0	-39.0	-3.0	1.0	
1507564025952	2518451972944	138.0	-39.0	-3.0	1.0	
1507564025967	2518472114546	138.0	-39.0	-3.0	1.0	
1507564025986	2518492256147	138.0	-39.0	-3.0	1.0	
1507564026010	2518512397749	138.0	-39.0	-3.0	1.0	
1507564026038	2518532539350	138.0	-39.0	-3.0	1.0	
1507564026055	2518552680952	138.0	-39.0	-3.0	1.0	
1507564026074	2518572822553	138.0	-39.0	-3.0	1.0	
1507564026092	2518592964155	138.0	-39.0	-3.0	1.0	
1507564026111	2518613105757	138.0	-39.0	-3.0	1.0	
1507564026131	2518633247358	138.0	-39.71452331542969	-3.0	1.0	
1507564026150	2518653388960	138.0	-40.0	-3.0	1.0	
1507564026165	2518673530561	138.0	-40.0	-3.0	1.0	
1507564026199	2518693672163	138.0	-40.0	-3.0	1.0	
1507564026216	2518713813764	137.7760772705078	-40.0	-3.0	1.0	
1507564026234	2518733955366	137.0	-40.0	-3.3521270751953125	1.0	
1507564026252	2518754096968	137.0	-40.0	-4.0	1.0	
1507564026271	2518774238569	137.0	-40.0	-4.0	1.0	
1507564026288	2518794380171	137.0	-40.0	-4.0	1.0	
1507564026309	2518814521772	137.0	-40.0	-4.0	1.0	
1507564026323	2518834663374	137.0	-40.98973083496094	-4.9897308349609375	1.0	
1507564026359	2518854804975	137.0	-41.0	-5.0	1.0	
1507564026378	2518874946577	137.0	-40.75556945800781	-5.0	1.0	
1507564026396	2518895088178	137.0	-40.0	-5.0	1.0	
1507564026413	2518915229780	137.0	-40.0	-5.0	1.0	
1507564026432	2518935371382	137.0	-40.62626647949219	-5.6262664794921875	1.0	
1507564026449	2518955512983	136.24615478515625	-41.0	-6.0	1.0	
1507564026468	2518975654585	136.0	-41.882049560546875	-6.882049560546875	1.0	
1507564026503	2518995796186	136.0	-42.008544921875	-7.0	1.0	
1507564026520	2519015937788	136.0	-43.0	-7.136749267578125	1.0	
1507564026539	2519036079389	136.0	-42.735504150390625	-8.0	1.0	
1507564026556	2519056220991	136.0	-42.0	-8.0	1.0	
1507564026574	2519076362593	136.0	-42.0	-8.0	1.0	
1507564026593	2519096504194	136.0	-41.35325622558594	-8.0	1.0	
1507564026612	2519116645796	136.77435302734375	-40.22564697265625	-8.0	1.0	
1507564026629	2519136787397	137.0	-40.0	-8.0	1.0	
1507564026667	2519156928999	136.0	-41.0	-8.0	1.0	
1507564026687	2519177070600	136.0	-41.156982421875	-8.0	1.0	
1507564026701	2519197212202	136.0	-42.0	-8.0	1.0	
1507564026718	2519217353803	136.41195678710938	-41.588043212890625	-8.0	1.0	
1507564026735	2519237495405	137.53924560546875	-41.0	-7.46075439453125	1.0	
1507564026754	2519257637007	138.0	-40.333343505859375	-6.333343505859375	1.0	
1507564026770	2519277778608	138.0	-39.20649719238281	-6.0	1.0	
1507564026788	2519297920210	138.0	-38.078643798828125	-5.078643798828125	1.0	
1507564026824	2519318061811	138.0	-37.95051574707031	-4.0	1.0	
1507564026842	2519338203413	138.0	-37.0	-3.823944091796875	1.0	
1507564026863	2519358345014	137.69573974609375	-36.69573974609375	-3.0	1.0	
1507564026878	2519378486616	137.0	-36.0	-2.568267822265625	1.0	
1507564026897	2519398628218	136.4410400390625	-36.0	-2.0	1.0	
1507564026915	2519418769819	135.31399536132813	-36.0	-1.313995361328125	1.0	
1507564026933	2519438911421	134.1863250732422	-36.0	-1.0	1.0	
1507564026949	2519459053022	133.05812072753906	-36.94187927246094	-0.0581207275390625	1.0	
1507564026984	2519479194624	131.93162536621094	-36.0	0.0683746337890625	1.0	
1507564027003	2519499336225	130.60684204101563	-36.0	1.1965789794921875	1.0	
1507564027030	2519519477827	128.67578125	-35.67578125	2.0	1.0	
1507564027038	2519539619428	127.09744262695313	-35.0	2.4512786865234375	1.0	
1507564027056	2519559761030	124.843017578125	-35.0	3.5784912109375	1.0	
1507564027077	2519579902632	122.58804321289063	-35.0	4.7059783935546875	1.0	
1507564027092	2519600044233	120.33163452148438	-34.16581726074219	5.8341827392578125	1.0	
1507564027111	2519620185835	118.07852172851563	-34.0	6.0	1.0	
1507564027146	2519640327436	114.82223510742188	-34.0	7.0	1.0	
1507564027164	2519660469038	112.56655883789063	-34.0	7.2167205810546875	1.0	
1507564027187	2519680610639	110.31283569335938	-33.65641784667969	8.343582153320313	1.0	
1507564027199	2519700752241	108.05642700195313	-32.52821350097656	9.0	1.0	
1507564027218	2519720893843	105.20309448242188	-32.0	9.0	1.0	
1507564027238	2519741035444	102.54702758789063	-32.0	9.0	1.0	
1507564027253	2519761177046	101.14675903320313	-32.0	9.853240966796875	1.0	
1507564027271	2519781318647	99.03762817382813	-31.018814086914063	10.981185913085938	1.0	
1507564027306	2519801460249	97.89079284667969	-30.890792846679688	12.0	1.0	
1507564027324	2519821601850	96.76411437988281	-30.0	12.235885620117188	1.0	
1507564027343	2519841743452	95.63591003417969	-29.635910034179688	13.0	1.0	
1507564027360	2519861885053	94.508544921875	-29.0	13.491455078125	1.0	
1507564027377	2519882026655	93.38121032714844	-29.0	14.0	1.0	
1507564027396	2519902168257	93.0	-29.0	14.7457275390625	1.0	
1507564027413	2519922309858	92.12651062011719	-29.873489379882813	15.0	1.0	
1507564027449	2519942451460	91.0	-30.0	16.0	1.0	
1507564027467	2519962593061	91.0	-30.0	16.128204345703125	1.0	
1507564027485	2519982734663	90.74359130859375	-29.74359130859375	17.25640869140625	1.0	
1507564027504	2520002876264	90.0	-29.0	18.383956909179688	1.0	
1507564027520	2520023017866	89.4888916015625	-28.4888916015625	19.5111083984375	1.0	
1507564027538	2520043159468	89.0	-28.0	20.638214111328125	1.0	
1507564027558	2520063301069	88.23419189453125	-28.0	21.0	1.0	
1507564027577	2520083435788	88.0	-28.0	21.0	1.0	
1507564027610	2520103577389	87.0	-26.9794921875	21.0	1.0	
1507564027628	2520123718991	86.85128784179688	-25.70257568359375	21.0	1.0	
1507564027645	2520143860592	86.0	-23.723556518554688	21.276443481445313	1.0	
1507564027664	2520164002194	86.0	-22.596588134765625	22.0	1.0	
1507564027681	2520184143795	86.0	-22.0	21.469284057617188	1.0	
1507564027699	2520204285397	85.34188842773438	-21.341888427734375	19.68377685546875	1.0	
1507564027717	2520224426999	85.0	-21.0	18.21368408203125	1.0	
1507564027735	2520244568600	85.0	-21.0	16.174072265625	1.0	
1507564027770	2520264710202	85.0	-21.0	13.91796875	1.0	
1507564027788	2520284851803	85.0	-21.0	11.831069946289063	1.0	
1507564027806	2520304993405	85.0	-21.0	10.70428466796875	1.0	
1507564027824	2520325135006	85.0	-21.0	10.0	1.0	
1507564027844	2520345276608	85.55119323730469	-21.0	10.0	1.0	
1507564027860	2520365418210	86.67861938476563	-21.0	10.0	1.0	
1507564027880	2520385559811	87.80545043945313	-21.0	10.805450439453125	1.0	
1507564027895	2520405701413	88.93331909179688	-21.0	11.933319091796875	1.0	
1507564027932	2520425843014	90.06143188476563	-20.938568115234375	12.061431884765625	1.0	
1507564027949	2520445984616	91.37606811523438	-20.0	13.0	1.0	
1507564027967	2520466126217	93.31623840332031	-20.0	13.316238403320313	1.0	
1507564027985	2520486267819	94.44367980957031	-20.0	14.0	1.0	
1507564028003	2520506409420	96.14187622070313	-20.0	14.570938110351563	1.0	
1507564028020	2520526551022	98.3958740234375	-20.69793701171875	15.0	1.0	
1507564028039	2520546692624	99.82563781738281	-21.0	15.0	1.0	
1507564028056	2520566834225	101.90768432617188	-21.0	15.953842163085938	1.0	
1507564028092	2520586975827	103.08033752441406	-21.080337524414063	16.0	1.0	
1507564028110	2520607117428	104.20854187011719	-22.0	16.0	1.0	
1507564028128	2520627259030	105.33616638183594	-22.0	15.663833618164063	1.0	
1507564028147	2520647400631	106.0	-22.0	14.536758422851563	1.0	
1507564028164	2520667542233	106.0	-22.0	13.409561157226563	1.0	
1507564028184	2520687683835	106.71794128417969	-22.0	13.0	1.0	
1507564028202	2520707825436	107.0	-21.153854370117188	12.153854370117188	1.0	
1507564028217	2520727967038	107.0	-21.0	11.027313232421875	1.0	
1507564028253	2520748108639	107.0	-21.0	10.899154663085938	1.0	
1507564028271	2520768250241	107.22866821289063	-20.771331787109375	10.0	1.0	
1507564028288	2520788391842	108.0	-20.0	9.644454956054688	1.0	
1507564028307	2520808533444	108.0	-20.0	9.0	1.0	
1507564028324	2520828675045	108.0	-20.0	8.389755249023438	1.0	
1507564028342	2520848816647	108.0	-20.738449096679688	8.0	1.0	
1507564028361	2520868958249	108.0	-21.0	8.0	1.0	
1507564028378	2520889099850	108.0	-21.0	8.0	1.0	
1507564028414	2520909241452	109.0	-21.0	7.0	1.0	
1507564028432	2520929383053	109.49569702148438	-20.752151489257813	7.2478485107421875	1.0	
1507564028450	2520949524655	111.0	-19.623931884765625	8.0	1.0	
1507564028468	2520969666256	111.50340270996094	-19.0	7.4965972900390625	1.0	
1507564028485	2520989807858	112.0	-18.369232177734375	6.369232177734375	1.0	
1507564028503	2521009949460	112.75767517089844	-18.0	5.2423248291015625	1.0	
1507564028522	2521030091061	113.0	-18.0	5.0	1.0	
1507564028557	2521050232663	114.0	-17.0	5.013641357421875	1.0	
1507564028575	2521070374264	114.14016723632813	-17.0	6.0	1.0	
1507564028593	2521090515866	115.0	-17.0	5.73162841796875	1.0	
1507564028610	2521110657467	115.0	-17.0	5.0	1.0	
1507564028630	2521130799069	115.5230712890625	-17.0	4.4769287109375	1.0	
1507564028646	2521150940670	116.0	-17.0	4.0	1.0	
1507564028667	2521171082272	116.77777099609375	-17.0	4.0	1.0	
1507564028683	2521191223874	117.0	-17.0	4.0	1.0	
1507564028717	2521211365475	118.0	-17.967529296875	4.0	1.0	
1507564028736	2521231507077	118.16067504882813	-17.0	4.0	1.0	
1507564028753	2521251648678	119.28839111328125	-17.0	4.0	1.0	
1507564028771	2521271790280	120.41537475585938	-16.584625244140625	4.0	1.0	
1507564028794	2521291931881	121.0	-16.0	4.0	4.0	
1507564028839	2521312073483	121.67007446289063	-15.329925537109375	4.0	4.0	
1507564028850	2521332215085	122.79827880859375	-15.0	4.0	4.0	
1507564028862	2521352356686	123.0	-15.0	4.0	4.0	
1507564028879	2521372498288	124.052978515625	-15.0	3.0	4.0	
1507564028903	2521392639889	125.18087768554688	-15.0	2.819122314453125	4.0	
1507564028947	2521412781491	126.30767822265625	-15.0	2.0	4.0	
1507564028955	2521432923092	127.43515014648438	-15.0	2.0	4.0	
1507564028959	2521453064694	129.124755859375	-15.0	1.4376220703125	4.0	
1507564028969	2521473206295	130.6905975341797	-15.0	1.6905975341796875	4.0	
1507564028985	2521493347897	131.81739807128906	-15.0	2.0	4.0	
1507564029006	2521513489499	132.94529724121094	-15.0	2.0	4.0	
1507564029042	2521533631100	134.0733642578125	-14.0	2.0	4.0	
1507564029056	2521553772702	135.1999969482422	-13.800003051757813	2.0	4.0	
1507564029077	2521573914303	136.3282012939453	-13.0	1.6717987060546875	4.0	
1507564029092	2521594055905	137.45562744140625	-13.0	1.0	4.0	
1507564029118	2521614197506	138.58290100097656	-13.0	1.0	4.0	
1507564029131	2521634339108	139.7098846435547	-12.290115356445313	1.0	4.0	
1507564029148	2521654480710	140.8376007080078	-12.0	1.8376007080078125	4.0	
1507564029166	2521674622311	141.96580505371094	-12.0	2.0	4.0	
1507564029202	2521694763913	143.18460083007813	-12.0	2.0	4.0	
1507564029217	2521714905514	145.2205047607422	-12.0	2.2205047607421875	4.0	
1507564029244	2521735047116	146.34811401367188	-11.651885986328125	3.0	4.0	
1507564029258	2521755188717	147.0	-11.0	3.0	4.0	
1507564029273	2521775330319	147.60238647460938	-11.0	3.0	4.0	
1507564029289	2521795471920	148.7299041748047	-11.0	3.0	4.0	
1507564029305	2521815613522	149.8581085205078	-10.141891479492188	3.0	4.0	
1507564029324	2521835755124	150.98463439941406	-10.0	3.0	4.0	
1507564029359	2521855896725	151.11280822753906	-10.0	3.0	4.0	
1507564029377	2521876038327	152.2406005859375	-10.0	3.0	4.0	
1507564029395	2521896179928	153.0	-10.0	3.3675079345703125	4.0	
1507564029413	2521916321530	153.494873046875	-10.0	4.0	4.0	
1507564029434	2521936463131	154.62220764160156	-10.0	4.0	4.0	
1507564029451	2521956604733	155.0	-10.0	4.0	4.0	
1507564029467	2521976746335	155.8771209716797	-10.0	4.0	4.0	
1507564029502	2521996887936	156.005126953125	-10.0	4.005126953125	4.0	
1507564029520	2522017029538	157.0	-10.0	5.0	4.0	
1507564029538	2522037171139	157.25982666015625	-10.0	5.0	4.0	
1507564029555	2522057312741	158.0	-10.0	5.0	4.0	
1507564029573	2522077454342	158.0	-10.0	5.0	4.0	
1507564029592	2522097595944	158.64273071289063	-10.0	5.0	4.0	
1507564029609	2522117737545	159.0	-10.0	5.0	4.0	
1507564029627	2522137879147	159.0	-10.0	5.0	4.0	
1507564029663	2522158020749	159.0	-10.0	5.0255889892578125	4.0	
1507564029686	2522178162350	159.0	-10.0	6.0	4.0	
1507564029699	2522198303952	159.28033447265625	-10.0	6.0	4.0	
1507564029724	2522218445553	160.0	-10.0	6.0	4.0	
1507564029735	2522238587155	160.0	-10.0	6.0	4.0	
1507564029755	2522258728756	160.0	-10.0	6.0	4.0	
1507564029770	2522278870358	160.0	-10.0	6.0	4.0	
1507564029788	2522299011960	160.0	-10.0	6.0	4.0	
1507564029823	2522319153561	160.0	-10.0	6.0	4.0	
1507564029841	2522339295163	160.0	-10.0	6.0	4.0	
1507564029860	2522359436764	160.0	-10.0	6.0	4.0	
1507564029877	2522379578366	160.0	-10.0	6.0	4.0	
1507564029895	2522399719967	160.55459594726563	-10.0	6.0	4.0	
1507564029914	2522419861569	161.0	-10.0	6.0	4.0	
1507564029930	2522440003170	160.18975830078125	-10.0	6.0	4.0	
