1499124120819	881773928099894	44.0	-1.0	18.0	-1.0	
1499124120839	881773948241496	44.0	-1.0	18.0	-1.0	
1499124120860	881773968383098	44.0	-1.0	18.0	-1.0	
1499124120874	881773988524699	44.0	-1.0	18.0	-1.0	
1499124120891	881774008666301	44.0	-1.0	18.0	-1.0	
1499124120927	881774028807902	44.0	-1.0	18.0	-1.0	
1499124120945	881774048949504	44.0	-1.0	18.0	-1.0	
1499124120963	881774069091105	44.0	-1.0	18.0	-1.0	
1499124120980	881774089232707	44.0	-1.0	18.0	-1.0	
1499124121001	881774109374309	44.0	-1.0	18.0	-1.0	
1499124121018	881774129515910	44.0	-1.0	18.0	-1.0	
1499124121033	881774149657512	44.0	-1.0	18.0	-1.0	
1499124121052	881774169799113	44.0	-1.0	18.0	-1.0	
1499124121088	881774189940715	44.0	-1.0	18.0	-1.0	
1499124121106	881774210082316	44.0	-1.0	18.0	-1.0	
1499124121128	881774230223918	44.0	-1.0	18.322525024414063	-1.0	
1499124121141	881774250365519	44.0	-1.0	19.0	-1.0	
1499124121159	881774270507121	44.0	-1.0	19.0	-1.0	
1499124121178	881774290648723	44.0	-1.0	19.0	-1.0	
1499124121195	881774310790324	44.0	-1.0	19.0	-1.0	
1499124121213	881774330931926	44.0	-1.0	19.0	-1.0	
1499124121248	881774351073527	44.0	-1.0871734619140625	19.0	-1.0	
1499124121272	881774371215129	44.0	-2.0	19.0	-1.0	
1499124121284	881774391356730	44.0	-2.0	19.0	-1.0	
1499124121304	881774411498332	44.0	-2.0	19.0	-1.0	
1499124121319	881774431639934	44.0	-2.0	19.0	-1.0	
1499124121340	881774451781535	44.0	-2.0	19.0	-1.0	
1499124121355	881774471923137	44.0	-2.0	19.0	-1.0	
1499124121374	881774492064738	44.0	-2.0	19.0	-1.0	
1499124121408	881774512206340	44.0	-2.0	19.0	-1.0	
1499124121430	881774532347941	44.0	-2.0	19.0	-1.0	
1499124121445	881774552489543	44.0	-2.0	19.0	-1.0	
1499124121462	881774572631144	44.0	-2.0	19.0	-1.0	
1499124121480	881774592772746	44.0	-2.0	18.382919311523438	-1.0	
1499124121510	881774612914348	44.0	-2.0	18.0	-1.0	
1499124121516	881774633055949	44.0	-2.0	18.0	-1.0	
1499124121534	881774653197551	44.0	-2.0	18.0	-1.0	
1499124121570	881774673339152	44.0	-2.0	18.0	-1.0	
1499124121591	881774693480754	44.0	-2.0	18.0	-1.0	
1499124121606	881774713622355	44.0	-2.0	18.0	-1.0	
1499124121623	881774733763957	44.0	-2.0	18.0	-1.0	
1499124121641	881774753905559	44.0	-2.0	18.0	-1.0	
1499124121659	881774774047160	44.0	-2.0	18.0	-1.0	
1499124121678	881774794188762	44.0	-2.0	18.0	-1.0	
1499124121713	881774814330363	44.0	-2.0	18.0	-1.0	
1499124121730	881774834471965	44.0	-2.0	18.0	-1.0	
1499124121749	881774854613566	44.0	-2.0	18.274734497070313	-1.0	
1499124121766	881774874755168	44.0	-2.0	18.598297119140625	-1.0	
1499124121784	881774894896769	44.0	-2.0	18.0	-1.0	
1499124121802	881774915038371	44.0	-2.0	18.0	-1.0	
1499124121820	881774935179973	44.0	-2.0	18.0	-1.0	
1499124121838	881774955321574	44.0	-2.0	18.0	-1.0	
1499124121874	881774975463176	44.0	-2.0	18.039306640625	-1.0	
1499124121891	881774995604777	44.16722106933594	-2.0	19.0	-1.0	
1499124121910	881775015746379	45.0	-2.0	19.0	-1.0	
1499124121940	881775035887980	45.0	-2.0	19.0	-1.0	
1499124121945	881775056029582	45.0	-2.0	19.0	-1.0	
1499124121962	881775076171184	45.0	-2.0	19.0	-1.0	
1499124121982	881775096312785	45.0	-2.0	19.0	-1.0	
1499124121998	881775116454387	45.0	-2.0	19.0	-1.0	
1499124122035	881775136595988	44.940277099609375	-2.0	19.059722900390625	-1.0	
1499124122052	881775156737590	44.0	-2.0	20.0	-1.0	
1499124122070	881775176879191	44.31452941894531	-2.0	20.0	-1.0	
1499124122096	881775197020793	45.0	-2.0	20.0	-1.0	
1499124122106	881775217162394	45.0	-2.0	20.569229125976563	-1.0	
1499124122123	881775237303996	45.0	-2.0	21.0	-1.0	
1499124122142	881775257445598	45.0	-2.0	21.0	-1.0	
1499124122159	881775277587199	45.0	-1.0478668212890625	21.0	-1.0	
1499124122196	881775297728801	45.0	-1.0	22.0	-1.0	
1499124122215	881775317870402	45.0	-1.0	22.0	-1.0	
1499124122230	881775338012004	45.0	-1.0	22.0	-1.0	
1499124122250	881775358153605	45.0	-1.0	22.0	-1.0	
1499124122266	881775378295207	45.0	-1.0	22.0	-1.0	
1499124122284	881775398436809	45.0	-1.0	22.0	-1.0	
1499124122302	881775418578410	45.0	-1.0	22.0	-1.0	
1499124122319	881775438720012	45.0	-1.0	22.0	-1.0	
1499124122357	881775458861613	45.0	-1.0	22.099136352539063	-1.0	
1499124122373	881775479003215	45.0	-1.0	23.0	-1.0	
1499124122391	881775499144816	45.0	-1.0	23.0	-1.0	
1499124122410	881775519286418	45.0	-1.0	23.0	-1.0	
1499124122428	881775539428019	45.0	-1.0	23.0	-1.0	
1499124122444	881775559569621	45.0	-1.0	23.0	-1.0	
1499124122463	881775579711223	45.0	-1.0	23.0	-1.0	
1499124122480	881775599852824	45.0	-1.0	23.0	-1.0	
1499124122516	881775619994426	45.0	-1.0	23.11944580078125	-1.0	
1499124122534	881775640136027	45.0	-1.0	24.0	-1.0	
1499124122552	881775660277629	45.0	-1.0	24.0	-1.0	
1499124122570	881775680419230	45.0	-1.0	24.0	-1.0	
1499124122588	881775700560832	45.0	-1.0	24.0	-1.0	
1499124122605	881775720702434	45.0	-1.0	24.0	-1.0	
1499124122624	881775740844035	45.0	-1.0	24.0	-1.0	
1499124122659	881775760985637	45.0	-2.0	25.0	-1.0	
1499124122680	881775781127238	45.0	-2.0	25.0	-1.0	
1499124122694	881775801268840	45.0	-2.0	25.0	-1.0	
1499124122719	881775821410441	45.0	-1.605804443359375	25.0	-1.0	
1499124122731	881775841552043	45.0	-1.5213623046875	25.0	-1.0	
1499124122753	881775861693644	45.0	-2.0	25.0	-1.0	
1499124122770	881775881835246	45.0	-2.0	25.0	-1.0	
1499124122790	881775901976848	45.0	-2.0	25.0	-1.0	
1499124122819	881775922118449	45.0	-2.0	25.03076171875	-1.0	
1499124122841	881775942260051	45.0	-2.0	26.0	-1.0	
1499124122855	881775962401652	45.0	-2.0	26.0	-1.0	
1499124122874	881775982543254	45.0	-2.0	26.0	-1.0	
1499124122893	881776002684855	45.0	-2.0	26.0	-1.0	
1499124122909	881776022826457	45.0	-2.0	26.0	-1.0	
1499124122927	881776042968059	45.0	-2.0	26.0	-1.0	
1499124122948	881776063109660	45.0	-1.0767974853515625	25.076797485351563	-1.0	
1499124122981	881776083251262	45.0	-1.0	25.0	-1.0	
1499124122998	881776103392863	45.0	-1.0	25.0	-1.0	
1499124123016	881776123534465	45.0	-1.0	25.0	-1.0	
1499124123034	881776143676066	45.0	-1.434173583984375	25.0	-1.0	
1499124123053	881776163817668	44.438568115234375	-2.0	25.0	-1.0	
1499124123069	881776183959269	44.0	-1.3111114501953125	25.0	-1.0	
1499124123088	881776204100871	44.0	-1.0	25.0	-1.0	
1499124123108	881776224242473	44.0	-1.0	25.0	-1.0	
1499124123141	881776244384074	44.0	-1.0	25.0	-1.0	
1499124123159	881776264525676	44.0	-1.1982879638671875	25.0	-1.0	
1499124123177	881776284667277	44.0	-2.0	25.0	-1.0	
1499124123208	881776304808879	44.0	-2.0	25.0	-1.0	
1499124123213	881776324950480	44.0	-2.0	25.0	-1.0	
1499124123233	881776345092082	44.0	-1.29180908203125	25.0	-1.0	
1499124123248	881776365233684	44.83589172363281	-1.0	25.0	-1.0	
1499124123267	881776385375285	45.0	-1.0	25.0	-1.0	
1499124123302	881776405516887	45.0	-2.0	25.0	-1.0	
1499124123320	881776425658488	45.0	-2.0	25.0	-1.0	
1499124123338	881776445800090	45.0	-2.0	25.0	-1.0	
1499124123355	881776465941691	45.0	-2.0	25.0	-1.0	
1499124123375	881776486083293	45.0	-2.0	25.0	-1.0	
1499124123394	881776506224894	45.0	-2.0	25.0	-1.0	
1499124123409	881776526366496	45.0	-2.0	25.0	-1.0	
1499124123429	881776546508098	45.0	-2.0	25.0	-1.0	
1499124123463	881776566649699	45.0	-2.0	25.0	-1.0	
1499124123480	881776586791301	45.0	-2.0	25.0	-1.0	
1499124123502	881776606932902	45.0	-2.0	25.0	-1.0	
1499124123521	881776627074504	45.0	-2.0	25.0	-1.0	
1499124123535	881776647216105	45.0	-2.0	25.0	-1.0	
1499124123552	881776667357707	45.0	-2.0	25.0	-1.0	
1499124123570	881776687499309	45.0	-2.0	25.0	-1.0	
1499124123606	881776707640910	45.0	-2.0	25.0	-1.0	
1499124123623	881776727782512	45.0	-2.0	25.0	-1.0	
1499124123642	881776747924113	45.0	-2.0	25.0	-1.0	
1499124123659	881776768065715	45.0	-2.0	25.0	-1.0	
1499124123677	881776788207316	45.0	-2.0	25.0	-1.0	
1499124123696	881776808348918	45.0	-2.0	25.0	-1.0	
1499124123712	881776828490519	45.0	-2.0	25.0	-1.0	
1499124123734	881776848632121	45.0	-2.0	25.0	-1.0	
1499124123766	881776868773723	45.0	-2.0	25.0	-1.0	
1499124123785	881776888915324	45.0	-1.849578857421875	25.0	-1.0	
1499124123805	881776909056926	45.0	-1.0	25.0	-1.0	
1499124123820	881776929198527	45.0	-1.0	25.0	-1.0	
1499124123838	881776949340129	44.4666748046875	-1.0	25.0	-1.0	
1499124123856	881776969481730	44.0	-1.0	25.0	-1.0	
1499124123873	881776989623332	44.0	-1.0	25.0	-1.0	
1499124123891	881777009764934	44.0	-1.0	25.0	-1.0	
1499124123927	881777029906535	44.0	-1.0	25.0	-1.0	
1499124123945	881777050048137	44.0	-1.170928955078125	25.0	-1.0	
1499124123963	881777070189738	44.29862976074219	-2.0	25.0	-1.0	
1499124123981	881777090331340	45.0	-2.0	25.0	-1.0	
1499124123999	881777110472941	45.0	-2.0	25.0	-1.0	
1499124124019	881777130614543	45.0	-2.0	25.0	-1.0	
1499124124034	881777150756144	45.0	-2.0	25.0	-1.0	
1499124124057	881777170897746	45.0	-2.0	25.0	-1.0	
1499124124088	881777191039348	45.0	-2.0632476806640625	25.0	-1.0	
1499124124106	881777211180949	45.0	-3.0	25.0	-1.0	
1499124124124	881777231322551	45.0	-3.0	25.0	-1.0	
1499124124141	881777251464152	45.0	-3.0	25.0	-1.0	
1499124124159	881777271605754	45.0	-3.0	25.0	-1.0	
1499124124178	881777291747355	45.0	-3.0	25.0	-1.0	
1499124124195	881777311888957	45.0	-3.0	25.0	-1.0	
1499124124213	881777332030559	45.0	-3.0	25.0	-1.0	
1499124124251	881777352172160	45.0	-3.0	25.0	-1.0	
1499124124267	881777372313762	45.0	-3.0	25.0	-1.0	
1499124124286	881777392455363	44.66154479980469	-3.0	25.0	-1.0	
1499124124303	881777412596965	44.0	-3.0	25.0	-1.0	
1499124124320	881777432738566	44.0	-3.0	25.0	-1.0	
1499124124340	881777452880168	44.0	-3.0	25.0	-1.0	
1499124124356	881777473021769	44.0	-3.0	25.0	-1.0	
1499124124373	881777493163371	44.0	-3.0	25.0	-1.0	
1499124124414	881777513304973	44.0	-3.0	25.0	-1.0	
1499124124428	881777533446574	44.0	-3.0	25.0	-1.0	
1499124124446	881777553588176	44.0	-3.0	25.0	-1.0	
1499124124463	881777573729777	44.0	-3.0	25.0	-1.0	
1499124124481	881777593871379	44.0	-3.0	25.0	-1.0	
1499124124499	881777614012980	44.0	-3.0	25.0	-1.0	
1499124124517	881777634154582	44.0	-3.8683624267578125	25.0	-1.0	
1499124124535	881777654296184	44.0	-4.0	25.0	-1.0	
1499124124571	881777674437785	44.0	-3.0	25.0	-1.0	
1499124124589	881777694579387	43.74916076660156	-3.0	25.250839233398438	-1.0	
1499124124610	881777714720988	43.0	-2.622222900390625	25.622222900390625	-1.0	
1499124124624	881777734862590	43.0	-2.0	25.0	-1.0	
1499124124641	881777755004191	43.632476806640625	-2.632476806640625	25.0	-1.0	
1499124124662	881777775145793	44.0	-3.0	25.0	-1.0	
1499124124677	881777795287394	44.0	-3.887359619140625	25.0	-1.0	
1499124124713	881777815428996	44.0	-3.984619140625	24.0	-1.0	
1499124124734	881777835570598	44.0	-3.0	24.143341064453125	-1.0	
1499124124754	881777855712199	44.0	-3.0	25.0	-1.0	
1499124124767	881777875853801	43.60240173339844	-3.0	25.0	-1.0	
1499124124785	881777895995402	43.5247802734375	-3.0	25.0	-1.0	
1499124124802	881777916137004	44.0	-3.0	24.347015380859375	-1.0	
1499124124822	881777936275028	44.0	-3.0	24.0	-1.0	
1499124124840	881777956416630	44.0	-3.0	24.0	-1.0	
1499124124878	881777976558232	44.0	-3.0	24.0	-1.0	
1499124124894	881777996699833	44.0	-3.0	24.0	-1.0	
1499124124916	881778016841435	44.0	-3.0	24.0	-1.0	
1499124124927	881778036983036	44.0	-3.0	24.0	-1.0	
1499124124945	881778057124638	44.0	-3.5452880859375	24.0	-1.0	
1499124124962	881778077266239	44.0	-4.0	24.0	-1.0	
1499124124981	881778097407841	44.0	-4.0	24.0	-1.0	
1499124125000	881778117549442	44.0	-4.0	24.0	-1.0	
1499124125035	881778137691044	44.0	-3.0	24.0546875	-1.0	
1499124125052	881778157832646	44.0	-3.0	25.0	-1.0	
1499124125071	881778177974247	44.0	-3.0	24.69061279296875	-1.0	
1499124125089	881778198115849	44.0	-3.4376068115234375	24.0	-1.0	
1499124125107	881778218257450	44.0	-4.0	24.0	-1.0	
1499124125123	881778238399052	44.0	-4.0	24.0	-1.0	
1499124125142	881778258540653	44.0	-4.0	24.0	-1.0	
1499124125161	881778278682255	44.0	-4.0	24.0	-1.0	
1499124125199	881778298823857	44.0	-3.0	24.0	-1.0	
1499124125213	881778318965458	44.0	-3.0	24.0	-1.0	
1499124125230	881778339107060	44.0	-3.0	24.0	-1.0	
1499124125250	881778359248661	44.0	-3.45733642578125	24.0	-1.0	
1499124125270	881778379390263	44.0	-4.0	24.0	-1.0	
1499124125286	881778399531864	44.0	-4.0	24.0	-1.0	
1499124125304	881778419673466	44.0	-4.0	24.0	-1.0	
1499124125320	881778439815067	44.0	-4.0	24.0	-1.0	
1499124125356	881778459956669	44.0	-4.0	24.0	-1.0	
1499124125374	881778480098271	44.0	-4.0	24.0	-1.0	
1499124125391	881778500239872	44.0	-4.0	24.349822998046875	-1.0	
1499124125410	881778520381474	44.0	-4.0	25.0	-1.0	
1499124125429	881778540523075	44.0	-4.0	24.394882202148438	-1.0	
1499124125447	881778560664677	44.0	-4.0	24.0	-1.0	
1499124125465	881778580806278	44.0	-4.0	24.0	-1.0	
1499124125483	881778600947880	44.0	-4.0	24.0	-1.0	
1499124125518	881778621089482	44.0	-3.0	24.0	-1.0	
1499124125534	881778641231083	44.0	-3.0	24.0	-1.0	
1499124125552	881778661372685	44.0	-3.0	24.0	-1.0	
1499124125570	881778681514286	44.0	-3.0	24.0	-1.0	
1499124125588	881778701655888	44.0	-3.0	24.0	-1.0	
1499124125607	881778721797489	44.0	-3.75213623046875	24.0	-1.0	
1499124125624	881778741939091	44.0	-4.0	24.0	-1.0	
1499124125660	881778762080692	44.0	-4.0	24.0	-1.0	
1499124125678	881778782222294	44.0	-4.0	24.0	-1.0	
1499124125696	881778802363896	44.0	-4.0	24.0	-1.0	
1499124125713	881778822505497	44.0	-4.0	24.0	-1.0	
1499124125730	881778842647099	44.0	-4.0	24.0	-1.0	
1499124125749	881778862788700	44.0	-4.0	24.0	-1.0	
1499124125771	881778882930302	44.0	-4.0	24.0	-1.0	
1499124125785	881778903071903	44.0	-4.0	24.0	-1.0	
1499124125822	881778923213505	44.0	-4.0	24.0	-1.0	
1499124125838	881778943355107	44.0	-4.0	24.0	-1.0	
1499124125862	881778963496708	44.0	-4.0	24.0	-1.0	
1499124125874	881778983638310	44.0	-4.0	24.0	-1.0	
1499124125897	881779003779911	44.0	-3.4632568359375	24.0	-1.0	
1499124125909	881779023921513	44.0	-3.0	24.664947509765625	-1.0	
1499124125930	881779044063114	44.0	-3.0	25.0	-1.0	
1499124125947	881779064204716	44.0	-3.0	25.0	-1.0	
1499124125981	881779084346317	44.0	-4.0	25.0	-1.0	
1499124125999	881779104487919	44.0	-4.0	25.0	-1.0	
1499124126017	881779124629521	44.0	-4.0	25.0	-1.0	
1499124126034	881779144771122	44.0	-4.0	25.0	-1.0	
1499124126055	881779164912724	44.0	-4.0	24.4427490234375	-1.0	
1499124126072	881779185054325	44.0	-4.0	24.0	-1.0	
1499124126092	881779205195927	44.0	-4.0	24.0	-1.0	
1499124126108	881779225337528	44.0	-4.0	24.940170288085938	-1.0	
1499124126141	881779245479130	44.0	-4.0	25.0	-1.0	
1499124126171	881779265620732	44.0	-4.0	25.0	-1.0	
1499124126177	881779285762333	44.0	-4.0	25.0	-1.0	
1499124126203	881779305903935	43.55043029785156	-4.0	25.0	-1.0	
1499124126213	881779326045536	43.0	-4.0	25.5767822265625	-1.0	
1499124126232	881779346187138	43.0	-4.0	26.0	-1.0	
1499124126254	881779366328739	43.0	-4.0	26.0	-1.0	
1499124126267	881779386470341	43.0	-4.0	26.0	-1.0	
1499124126302	881779406611942	43.0	-4.0	26.0	-1.0	
1499124126327	881779426753544	43.0	-4.0	26.0	-1.0	
1499124126338	881779446895146	43.0	-4.0	26.341873168945313	-1.0	
1499124126356	881779467036747	42.530731201171875	-4.0	27.0	-1.0	
1499124126375	881779487178349	42.0	-4.0	27.0	-1.0	
1499124126393	881779507319950	42.0	-4.0	26.275222778320313	-1.0	
1499124126414	881779527461552	42.851531982421875	-4.0	26.0	-1.0	
1499124126430	881779547603153	43.0	-4.9794769287109375	25.020523071289063	-1.0	
1499124126466	881779567744755	43.0	-5.0	25.0	-1.0	
1499124126481	881779587886357	43.0	-4.7658233642578125	25.0	-1.0	
1499124126499	881779608027958	42.63822937011719	-4.0	25.361770629882813	-1.0	
1499124126517	881779628169560	42.0	-3.5111236572265625	26.0	-1.0	
1499124126536	881779648311161	42.0	-3.0	26.617080688476563	-1.0	
1499124126552	881779668452763	42.0	-3.0	26.2559814453125	-1.0	
1499124126571	881779688594364	42.0	-3.0	26.0	-1.0	
1499124126595	881779708735966	42.998291015625	-3.998291015625	26.0	-1.0	
1499124126625	881779728877567	43.0	-4.0	26.0	-1.0	
1499124126644	881779749019169	43.0	-4.0	26.0	-1.0	
1499124126660	881779769160771	43.0	-4.0	26.0	-1.0	
1499124126678	881779789302372	43.0	-4.0	26.0	-1.0	
1499124126698	881779809443974	43.0	-4.636505126953125	25.363494873046875	-1.0	
1499124126715	881779829585575	43.0	-5.0	25.0	-1.0	
1499124126733	881779849727177	43.0	-5.890777587890625	24.109222412109375	19.0	
1499124126768	881779869868778	43.0	-6.018798828125	22.981201171875	19.0	
1499124126788	881779890010380	43.0	-7.0	22.0	19.0	
1499124126806	881779910151982	43.0	-6.72650146484375	21.72650146484375	19.0	
1499124126833	881779930293583	43.0	-6.0	21.0	19.0	
1499124126844	881779950435185	43.0	-6.0	21.0	19.0	
1499124126865	881779970576786	43.0	-5.343597412109375	21.656402587890625	19.0	
1499124126888	881779990718388	43.0	-5.0	22.0	19.0	
1499124126901	881780010859989	43.0	-5.0	22.0	19.0	
1499124126934	881780031001591	43.0	-5.0	22.0	19.0	
1499124126957	881780051143192	43.0	-5.0	21.834197998046875	19.0	
1499124126989	881780071284794	43.0	-5.0	21.0	19.0	
1499124127015	881780091426396	43.0	-5.0	21.421493530273438	19.0	
1499124127031	881780111567997	43.0	-5.0	22.0	19.0	
1499124127046	881780131709599	43.0	-5.0	22.0	19.0	
1499124127082	881780151851200	43.0	-5.0	22.0	19.0	
1499124127103	881780171992802	43.0	-5.0	21.068389892578125	19.0	
1499124127175	881780192134403	43.0	-5.0	21.0	19.0	
1499124127204	881780212276005	43.0	-4.813690185546875	21.0	19.0	
1499124127235	881780232417607	43.0	-4.0	21.0	19.0	
1499124127264	881780252559208	43.0	-4.0	21.882049560546875	19.0	
1499124127285	881780272700810	43.0	-3.4307708740234375	23.0	19.0	
1499124127307	881780292842411	43.0	-3.0	23.0	19.0	
1499124127324	881780312984013	43.0	-3.0	22.176071166992188	19.0	
1499124127340	881780333125614	43.0	-3.95050048828125	22.0	19.0	
1499124127370	881780353267216	43.0	-4.0	21.921371459960938	19.0	
1499124127401	881780373408817	43.0	-4.0	21.0	19.0	
1499124127431	881780393550419	43.0	-4.0	21.0	19.0	
1499124127448	881780413692021	43.0	-4.0	21.0	19.0	
1499124127454	881780433833622	43.0	-4.0	21.0	19.0	
1499124127471	881780453975224	43.0	-4.0	21.0	19.0	
1499124127485	881780474116825	43.0	-4.0	21.0	19.0	
1499124127507	881780494258427	43.0	-4.0	21.0	19.0	
1499124127556	881780514400028	43.0	-4.0	21.0	19.0	
1499124127593	881780534541630	43.0	-3.7743682861328125	21.225631713867188	19.0	
1499124127609	881780554683232	43.0	-3.0	22.0	19.0	
1499124127649	881780574824833	43.0	-3.0	22.0	19.0	
1499124127659	881780594966435	43.0	-3.0	22.0	19.0	
1499124127675	881780615108036	43.0	-3.0	21.264511108398438	19.0	
1499124127685	881780635249638	43.0	-2.1367645263671875	21.0	19.0	
1499124127702	881780655391239	43.0	-2.9914398193359375	21.0	19.0	
1499124127733	881780675532841	43.0	-2.0	22.0	19.0	
1499124127760	881780695674442	43.0	-2.0	21.753860473632813	19.0	
1499124127787	881780715816044	43.0	-2.0	21.0	19.0	
1499124127815	881780735957646	43.0	-2.0	21.0	19.0	
1499124127842	881780756099247	43.0	-2.0	21.0	19.0	
1499124127864	881780776240849	43.0	-2.0	21.0	19.0	
1499124127879	881780796382450	43.0	-2.0	21.0	19.0	
1499124127914	881780816524052	43.0	-2.0	21.0	19.0	
1499124127927	881780836665653	43.0	-2.0	21.138458251953125	19.0	
1499124127949	881780856807255	43.0	-2.0	22.0	19.0	
1499124127965	881780876948857	43.0	-2.0	21.606842041015625	19.0	
1499124127981	881780897090458	43.0	-2.0	21.0	19.0	
1499124128014	881780917232060	43.0	-2.0	21.0	19.0	
1499124128033	881780937373661	43.0	-2.77606201171875	21.0	19.0	
1499124128053	881780957515263	43.0	-3.0	21.0	19.0	
1499124128085	881780977656864	43.0	-2.96923828125	21.0	19.0	
1499124128104	881780997798466	43.0	-2.0	21.0	19.0	
1499124128128	881781017940067	43.0	-2.28546142578125	21.0	19.0	
1499124128150	881781038081669	43.0	-3.0	21.0	19.0	
1499124128163	881781058223271	43.0	-3.0	21.0	19.0	
1499124128175	881781078364872	43.0	-3.0	21.0	19.0	
1499124128202	881781098506474	43.0	-3.0	21.0	19.0	
1499124128226	881781118648075	43.0	-3.0	21.0	19.0	
1499124128270	881781138789677	43.0	-2.9488067626953125	21.0	19.0	
1499124128299	881781158931278	43.0	-2.0	21.0	19.0	
1499124128334	881781179072880	43.0	-2.30596923828125	21.0	19.0	
1499124128355	881781199214482	43.0	-3.0	21.0	19.0	
1499124128403	881781219356083	43.0	-3.0	21.0	19.0	
1499124128423	881781239497685	43.0	-3.0	20.312301635742188	19.0	
1499124128443	881781259639286	43.0	-3.0	20.0	19.0	
1499124128463	881781279780888	43.0	-3.0	20.0	19.0	
1499124128517	881781299922489	43.0	-3.0	20.0	19.0	
1499124128535	881781320064091	43.0	-3.0	20.0	19.0	
1499124128552	881781340205692	43.0	-3.0	20.0	19.0	
1499124128569	881781360347294	43.0	-3.0	20.0	19.0	
1499124128591	881781380488896	43.0	-3.0	20.0	19.0	
1499124128624	881781400630497	43.0	-3.0	20.0	19.0	
1499124128669	881781420772099	43.0	-3.0	20.0	19.0	
1499124128699	881781440913700	43.0	-3.0	20.0	19.0	
1499124128746	881781461055302	43.0	-3.0	20.0	19.0	
1499124128773	881781481196903	43.0	-3.0	20.0	19.0	
1499124128798	881781501338505	43.0	-3.0	20.0	19.0	
1499124128809	881781521480107	43.0	-3.0	20.0	19.0	
1499124128825	881781541621708	43.0	-3.0	20.0	19.0	
1499124128855	881781561763310	43.0	-3.0	20.0	19.0	
1499124128883	881781581904911	43.0	-3.0	20.0	19.0	
1499124128898	881781602046513	43.0	-3.0	20.0	19.0	
1499124128937	881781622188114	43.0	-3.0	20.0	19.0	
1499124128963	881781642329716	43.0	-3.0	20.0	19.0	
1499124129001	881781662471317	43.0	-3.0	20.0	19.0	
1499124129019	881781682612919	43.0	-3.0	20.0	19.0	
1499124129048	881781702754521	43.0	-3.0	20.0	19.0	
1499124129061	881781722896122	43.0	-3.0	20.0	19.0	
1499124129092	881781743037724	43.0	-3.0	20.0	19.0	
1499124129137	881781763179325	43.0	-3.0	20.0	19.0	
1499124129167	881781783320927	43.0	-3.0	20.0	19.0	
1499124129186	881781803462528	43.0	-3.0	20.0	19.0	
1499124129202	881781823604130	43.0	-3.0	20.0	19.0	
1499124129224	881781843745732	43.0	-3.0	20.0	19.0	
1499124129236	881781863887333	43.0	-2.360076904296875	21.27984619140625	19.0	
1499124129251	881781884028935	43.0	-2.0	22.76751708984375	19.0	
1499124129266	881781904170536	43.0	-2.0	22.104278564453125	19.0	
1499124129282	881781924312138	43.0	-3.022216796875	20.977783203125	19.0	
1499124129291	881781944453739	43.0	-4.0	20.0	19.0	
1499124129301	881781964595341	43.0	-4.0	20.0	19.0	
1499124129310	881781984736942	43.0	-4.0	20.405120849609375	19.0	
1499124129318	881782004878544	43.0	-3.46759033203125	21.53240966796875	19.0	
1499124129327	881782025020146	43.0	-3.0	22.0	19.0	
1499124129334	881782045161747	43.0	-3.0	21.21197509765625	19.0	
1499124129345	881782065303349	43.0	-3.0	20.0853271484375	19.0	
1499124129363	881782085444950	43.0	-4.0	20.0	19.0	
1499124129390	881782105586552	43.0	-4.0	19.829360961914063	19.0	
1499124129403	881782125728153	43.0	-4.0	19.0	19.0	
1499124129420	881782145869755	43.0	-4.0	19.0	19.0	
1499124129445	881782166011357	43.0	-3.4478759765625	19.0	19.0	
1499124129470	881782186152958	43.0	-3.0	19.0	19.0	
1499124129484	881782206294560	43.0	-3.0	19.0	19.0	
1499124129500	881782226436161	43.0	-3.935028076171875	19.0	19.0	
1499124129527	881782246577763	43.0	-4.0	19.0	19.0	
1499124129546	881782266719364	43.0	-4.0	19.0	19.0	
1499124129560	881782286860966	43.0	-4.0	19.0	19.0	
1499124129582	881782307002567	43.0	-4.0	19.0	19.0	
1499124129595	881782327144169	43.0	-4.0	19.0	19.0	
1499124129615	881782347285771	43.0	-4.0	19.0	19.0	
1499124129623	881782367427372	43.0	-4.0	19.0	19.0	
1499124129644	881782387568974	43.0	-4.0	19.0	19.0	
1499124129671	881782407710575	43.0	-4.0	19.082046508789063	19.0	
1499124129702	881782427852177	43.0	-4.0	20.0	19.0	
1499124129712	881782447993778	43.0	-4.0	20.0	19.0	
1499124129726	881782468135380	43.0	-4.0	20.0	19.0	
1499124129743	881782488276982	43.0	-4.0	20.0	19.0	
1499124129773	881782508418583	43.0	-4.0	20.0	19.0	
1499124129793	881782528560185	43.0	-4.0	20.0	19.0	
1499124129812	881782548701786	43.0	-4.0	20.0	19.0	
1499124129848	881782568843388	43.0	-4.0	20.0	19.0	
1499124129858	881782588984989	43.0	-4.0	20.0	19.0	
1499124129869	881782609126591	43.0	-4.0	20.0	19.0	
1499124129891	881782629268192	43.0	-4.0	20.0	19.0	
1499124129898	881782649409794	43.0	-4.0	20.0	19.0	
1499124129915	881782669551396	43.0	-4.0	20.0	19.0	
1499124129929	881782689692997	43.0	-4.0	20.0	19.0	
1499124129951	881782709834599	43.0	-4.0	20.0	19.0	
1499124129994	881782729976200	43.0	-4.0	20.0	19.0	
1499124130036	881782750117802	43.0	-4.0	20.0	19.0	
1499124130047	881782770259403	43.0	-4.0	20.0	19.0	
1499124130063	881782790401005	43.0	-4.0	20.0	19.0	
1499124130072	881782810542607	43.0	-4.0	20.0	19.0	
1499124130093	881782830684208	43.0	-3.2406158447265625	20.0	19.0	
1499124130112	881782850825810	43.0	-3.0	20.0	19.0	
1499124130148	881782870967411	43.0	-3.0	20.0	19.0	
1499124130170	881782891109013	43.0	-3.0	20.0	19.0	
1499124130202	881782911250614	43.0	-3.0	20.0	19.0	
1499124130225	881782931392216	43.0	-3.0	20.0	19.0	
1499124130236	881782951533817	43.0	-3.0	20.0	19.0	
1499124130272	881782971675419	43.0	-3.0	20.0	19.0	
1499124130299	881782991817021	43.0	-3.0	20.0	19.0	
1499124130335	881783011958622	43.0	-3.0	20.0	19.0	
1499124130385	881783032100224	43.0	-3.0	20.0	19.0	
1499124130407	881783052241825	43.0	-3.0	20.0	19.0	
1499124130435	881783072383427	43.0	-3.0	20.0	19.0	
1499124130464	881783092525028	43.0	-3.0	20.0	19.0	
1499124130476	881783112666630	43.0	-3.0	20.0	19.0	
1499124130495	881783132808232	43.0	-3.0	20.0	19.0	
1499124130518	881783152949833	43.0	-3.0	20.0	19.0	
1499124130536	881783173091435	43.0	-3.0	20.0	19.0	
1499124130570	881783193233036	43.0	-3.0	20.0	19.0	
1499124130602	881783213374638	43.0	-3.0	20.0	19.0	
1499124130621	881783233516239	43.0	-3.0	20.0	19.0	
1499124130638	881783253657841	43.0	-3.0	20.0	19.0	
1499124130653	881783273799442	43.0	-3.0	20.0	19.0	
1499124130681	881783293941044	43.0	-3.0	20.0	19.0	
1499124130722	881783314082646	43.0	-3.0	20.0	19.0	
1499124130745	881783334224247	43.0	-3.0	20.0	19.0	
1499124130775	881783354365849	43.0	-3.0	20.0	19.0	
1499124130800	881783374507450	43.0	-3.0	20.0	19.0	
1499124130824	881783394649052	43.0	-3.0	19.670654296875	19.0	
1499124130838	881783414790653	43.0	-3.0	19.0	19.0	
1499124130855	881783434932255	43.0	-3.0	19.0	19.0	
1499124130889	881783455073857	43.0	-3.0	19.0	19.0	
1499124130902	881783475215458	43.0	-3.0	19.0	19.0	
1499124130916	881783495357060	43.0	-3.0	19.0	19.0	
1499124130952	881783515498661	43.0	-3.0	19.0	19.0	
1499124130974	881783535640263	43.0	-3.0	19.0	19.0	
1499124130994	881783555781864	43.0	-3.0	19.0	19.0	
1499124131015	881783575923466	43.0	-3.0	19.0	19.0	
1499124131024	881783596065067	43.0	-3.0	19.0	19.0	
1499124131051	881783616206669	43.0	-3.0	19.731613159179688	19.0	
1499124131071	881783636348271	43.0	-3.0	20.0	19.0	
1499124131085	881783656489872	43.0	-3.0	20.0	19.0	
1499124131105	881783676631474	43.0	-3.0	20.0	19.0	
1499124131119	881783696773075	43.0	-3.0	20.0	19.0	
1499124131138	881783716914677	43.0	-3.0	20.369216918945313	19.0	
1499124131150	881783737056278	43.0	-3.0	21.0	19.0	
1499124131164	881783757197880	43.0	-3.0	21.0	19.0	
1499124131183	881783777339482	43.0	-3.0	21.75213623046875	19.0	
1499124131196	881783797481083	43.0	-3.0	22.0	19.0	
1499124131231	881783817622685	43.0	-2.0	22.006820678710938	19.0	
1499124131241	881783837764286	43.0	-2.0	23.0	19.0	
1499124131256	881783857905888	43.0	-2.0	23.0	19.0	
1499124131280	881783878047489	43.389068603515625	-2.0	23.0	19.0	
1499124131298	881783898189091	44.0	-1.4837646484375	23.0	19.0	
1499124131331	881783918330692	44.0	-1.0	23.0	19.0	
1499124131356	881783938472294	44.0	-1.0	23.771316528320313	19.0	
1499124131375	881783958613896	44.0	-1.0	24.0	19.0	
1499124131413	881783978755497	44.0	-1.0	24.0	19.0	
1499124131422	881783998897099	44.0	-1.0	24.0	19.0	
1499124131442	881784019038700	44.0	-1.0	24.0	19.0	
1499124131465	881784039180302	44.0	-1.0	24.0	19.0	
1499124131483	881784059321903	44.0	-1.0	24.0	19.0	
1499124131520	881784079463505	44.0	-1.0	24.0	19.0	
1499124131567	881784099605107	44.0	-1.0	24.0	19.0	
1499124131589	881784119746708	44.0	-1.9180755615234375	24.0	19.0	
1499124131645	881784139888310	44.0	-2.0	24.0	19.0	
1499124131661	881784160029911	44.0	-2.0	24.0	19.0	
1499124131677	881784180171513	44.0	-2.0	24.0	19.0	
1499124131694	881784200313114	44.0	-2.0	24.429046630859375	19.0	
1499124131720	881784220454716	44.0	-2.0	25.0	19.0	
1499124131753	881784240596317	44.0	-2.0	25.0	19.0	
1499124131786	881784260737919	44.0	-2.0	25.0	19.0	
1499124131805	881784280879521	44.0	-2.0	25.0	19.0	
1499124131857	881784301021122	44.0	-2.0	25.0	19.0	
1499124131885	881784321162724	44.0	-2.0	25.0	19.0	
1499124131921	881784341304325	44.0	-2.0	25.0	19.0	
1499124131944	881784361445927	44.0	-2.0	25.0	19.0	
1499124131963	881784381587528	44.0	-2.0	25.576065063476563	19.0	
1499124131982	881784401729130	44.0	-2.0	26.0	19.0	
1499124132005	881784421870732	44.0	-2.0	26.0	19.0	
1499124132021	881784442012333	43.04103088378906	-2.0	26.0	19.0	
1499124132056	881784462153935	43.0	-0.9145355224609375	26.085464477539063	19.0	
1499124132071	881784482295536	43.0	0.0	27.0	19.0	
1499124132090	881784502437138	42.65870666503906	0.0	27.0	19.0	
1499124132117	881784522578739	42.0	0.4683685302734375	27.0	19.0	
1499124132129	881784542720341	42.0	1.0	27.0	19.0	
1499124132155	881784562861942	42.0	1.0	27.0	19.0	
1499124132173	881784583003544	42.85127258300781	0.1487274169921875	27.0	19.0	
1499124132211	881784603145146	43.0	0.0	26.022186279296875	19.0	
1499124132239	881784623286747	43.0	0.0	25.894027709960938	19.0	
1499124132266	881784643428349	43.0	-0.2337799072265625	25.0	19.0	
1499124132285	881784663569950	43.36067199707031	-1.0	25.0	19.0	
1499124132315	881784683711552	44.0	-1.4888763427734375	25.0	19.0	
1499124132346	881784703853153	44.0	-2.61602783203125	25.0	19.0	
1499124132354	881784723994755	44.0	-3.7435760498046875	25.0	19.0	
1499124132383	881784744136357	44.0	-4.0	25.0	19.0	
1499124132398	881784764277958	44.99827575683594	-4.9982757568359375	24.001724243164063	19.0	
1499124132429	881784784419560	45.0	-5.0	22.873733520507813	19.0	
1499124132438	881784804561161	45.0	-5.25299072265625	21.4940185546875	19.0	
1499124132450	881784824702763	45.0	-6.0	20.0	19.0	
1499124132473	881784844844364	45.0	-5.4914703369140625	19.491470336914063	19.0	
1499124132487	881784864985966	45.0	-5.0	19.0	19.0	
1499124132499	881784885127567	45.0	-5.0	19.0	19.0	
1499124132521	881784905269169	45.0	-5.0	19.0	19.0	
1499124132549	881784925410771	45.0	-5.018768310546875	20.0	19.0	
1499124132564	881784945552372	45.0	-6.0	20.0	19.0	
1499124132583	881784965693974	45.0	-6.0	20.0	19.0	
1499124132622	881784985835575	45.0	-6.0	20.401016235351563	19.0	
1499124132640	881785005977177	45.0	-6.0	21.0	19.0	
1499124132660	881785026118778	45.0	-6.0	21.0	19.0	
1499124132673	881785046260380	45.0	-6.0	21.0	19.0	
1499124132690	881785066401982	45.0	-6.0	21.0	19.0	
1499124132707	881785086543583	44.96240234375	-6.0	22.0	19.0	
1499124132719	881785106685185	44.0	-6.0	22.0	19.0	
1499124132732	881785126826786	44.0	-6.0	22.0	19.0	
1499124132743	881785146968388	44.0	-6.0	22.0	19.0	
1499124132761	881785167109989	44.0	-6.0	22.0	19.0	
1499124132781	881785187251591	44.0	-6.0	22.0	19.0	
1499124132799	881785207393192	44.0	-6.0	22.0	19.0	
1499124132827	881785227534794	44.0	-6.0	22.0	19.0	
1499124132889	881785247676396	44.0	-6.0	22.0	19.0	
1499124132898	881785267817997	44.0	-6.0	22.0	19.0	
1499124132919	881785287959599	44.0	-6.0	22.0	19.0	
1499124132941	881785308101200	44.0	-6.0	22.0	19.0	
1499124132952	881785328242802	44.0	-6.0	22.568252563476563	19.0	
1499124132967	881785348384403	44.0	-6.0	23.0	19.0	
1499124132982	881785368526005	44.0	-6.0	23.0	19.0	
1499124132998	881785388667607	44.0	-6.0	23.0	19.0	
1499124133015	881785408809208	44.0	-6.0	23.0	19.0	
1499124133030	881785428950810	44.0	-6.0	23.0	19.0	
1499124133073	881785449092411	44.33332824707031	-6.0	23.0	19.0	
1499124133093	881785469234013	45.0	-6.0	23.0	19.0	
1499124133133	881785489375614	45.0	-6.0	23.0	19.0	
1499124133172	881785509517216	45.0	-6.0	23.0	19.0	
1499124133193	881785529658817	45.0	-6.0	23.0	19.0	
1499124133212	881785549800419	45.0	-6.0	23.0	19.0	
1499124133236	881785569942021	45.0	-5.9025726318359375	23.0	19.0	
1499124133270	881785590083622	45.0	-5.0	23.0	19.0	
1499124133296	881785610225224	45.0	-5.0	23.0	19.0	
1499124133344	881785630366825	45.0	-5.0	23.0	19.0	
1499124133358	881785650508427	45.0	-5.0	23.607498168945313	19.0	
1499124133388	881785670650028	45.0	-4.2649688720703125	24.0	19.0	
1499124133404	881785690791630	45.0	-4.0	24.0	19.0	
1499124133430	881785710933232	45.0	-4.0	24.0	19.0	
1499124133469	881785731074833	45.0	-4.0	23.882064819335938	19.0	
1499124133496	881785751216435	45.0	-4.0	23.0	19.0	
1499124133519	881785771358036	45.0	-4.0	23.0	19.0	
1499124133574	881785791499638	45.0	-4.0	23.0	19.0	
1499124133587	881785811641239	45.0	-4.0	23.0	19.0	
1499124133605	881785831782841	45.0	-4.0	23.0	19.0	
1499124133621	881785851924442	45.0	-4.0	23.0	19.0	
1499124133647	881785872066044	45.0	-4.0	23.0	19.0	
1499124133658	881785892207646	45.0	-4.0	23.0	19.0	
1499124133672	881785912349247	45.0	-4.0	23.0	19.0	
1499124133683	881785932490849	45.0	-4.0	23.0	19.0	
1499124133692	881785952632450	45.0	-4.0	23.0	19.0	
1499124133716	881785972774052	45.0	-4.0	23.0	19.0	
1499124133731	881785992915653	45.0	-4.0	23.0	19.0	
1499124133740	881786013057255	45.0	-4.0	23.0	19.0	
1499124133769	881786033198857	45.0	-4.0	23.0	19.0	
1499124133791	881786053340458	45.0	-4.0	23.0	19.0	
1499124133811	881786073482060	45.0	-4.0	23.0	19.0	
1499124133823	881786093623661	45.0	-4.0	23.0	19.0	
1499124133829	881786113765263	45.0	-4.0	23.0	19.0	
1499124133841	881786133906864	45.0	-4.0	23.667221069335938	19.0	
1499124133857	881786154048466	45.0	-4.0	24.0	19.0	
1499124133870	881786174190067	45.0	-4.0	24.0	19.0	
1499124133897	881786194331669	45.0	-4.0	24.0	19.0	
1499124133924	881786214473271	45.0	-4.0	24.0	19.0	
1499124133939	881786234614872	45.0	-4.0	24.0	19.0	
1499124133966	881786254756474	45.0	-4.0	24.0	19.0	
1499124133977	881786274898075	45.0	-4.0	24.0	19.0	
1499124133994	881786295039677	45.0	-4.0	24.0	19.0	
1499124134014	881786315181278	45.0	-4.0	24.0	19.0	
1499124134032	881786335322880	45.0	-4.0	24.0	19.0	
1499124134061	881786355464482	45.0	-4.0	24.0	19.0	
1499124134074	881786375606083	45.0	-4.0	24.0	19.0	
1499124134087	881786395747685	45.0	-4.0	24.0	19.0	
1499124134101	881786415889286	45.0	-4.0	24.0	19.0	
1499124134110	881786436030888	45.0	-4.0	24.0	19.0	
1499124134122	881786456172489	45.0	-4.0	24.0	19.0	
1499124134133	881786476314091	45.0	-4.0	24.0	19.0	
1499124134146	881786496455692	45.0	-4.0	24.0	19.0	
1499124134194	881786516597294	45.0	-4.0	24.0	19.0	
1499124134207	881786536738896	45.0	-4.0	24.0	19.0	
1499124134230	881786556880497	45.0	-4.0	24.0	19.0	
1499124134245	881786577022099	45.0	-4.0	24.0	19.0	
1499124134254	881786597163700	45.0	-4.0	24.0	19.0	
1499124134263	881786617305302	45.0	-4.0	24.0	19.0	
1499124134287	881786637446903	45.0	-4.0	24.0	19.0	
1499124134299	881786657588505	45.0	-4.0	24.0	19.0	
1499124134325	881786677730107	45.0	-4.0	24.0	19.0	
1499124134347	881786697871708	45.0	-4.0	24.0	19.0	
1499124134360	881786718013310	45.0	-4.0	24.0	19.0	
1499124134372	881786738154911	45.0	-4.0	24.0	19.0	
1499124134380	881786758296513	45.0	-4.0	24.0	19.0	
1499124134398	881786778438114	45.0	-4.0	24.0	19.0	
1499124134414	881786798579716	45.0	-4.0	24.0	19.0	
1499124134446	881786818721317	45.0	-4.0	23.0	19.0	
1499124134456	881786838862919	45.0	-4.0	23.0	19.0	
1499124134471	881786859004521	45.0	-4.0	23.0	19.0	
1499124134483	881786879146122	45.0	-4.0	23.0	19.0	
1499124134496	881786899287724	45.0	-4.0	23.0	19.0	
1499124134514	881786919429325	45.0	-4.0	23.0	19.0	
1499124134533	881786939570927	45.0	-4.0	23.0	19.0	
1499124134550	881786959712528	45.0	-4.0	23.0	19.0	
1499124134582	881786979854130	45.0	-3.0	23.022216796875	19.0	
1499124134596	881786999995732	45.0	-3.0	24.0	19.0	
1499124134610	881787020137333	45.0	-3.0	24.0	19.0	
1499124134630	881787040278935	45.0	-3.0	24.0	19.0	
1499124134649	881787060420536	45.0	-3.0	24.0	19.0	
1499124134674	881787080562138	45.0	-3.0	24.0	19.0	
1499124134701	881787100703739	45.0	-3.78668212890625	24.0	19.0	
1499124134744	881787120845341	45.0	-4.0	24.0	19.0	
1499124134767	881787140986942	45.0	-4.0	24.0	19.0	
1499124134783	881787161128544	44.830780029296875	-4.0	24.0	19.0	
1499124134802	881787181270146	44.0	-4.2969207763671875	24.0	19.0	
1499124134822	881787201411747	44.0	-5.0	24.0	19.0	
1499124134832	881787221553349	44.0	-5.0	24.0	19.0	
1499124134858	881787241694950	44.0	-5.0	24.0	19.0	
1499124134880	881787261836552	44.0	-5.0	24.0	19.0	
1499124134900	881787281978153	44.0	-5.0	24.0	19.0	
1499124134944	881787302119755	44.0	-5.0	24.0	19.0	
1499124134952	881787322261357	44.0	-5.0	24.0	19.0	
1499124134969	881787342402958	44.0	-5.0	24.0	19.0	
1499124134983	881787362544560	44.0	-5.0	24.0	19.0	
1499124134993	881787382686161	44.0	-5.0	24.0	19.0	
1499124135011	881787402827763	44.0	-5.0	24.0	19.0	
1499124135031	881787422969364	44.0	-5.0	24.0	19.0	
1499124135042	881787443110966	44.0	-5.0	24.0	19.0	
1499124135070	881787463252567	44.0	-5.0819091796875	23.0	19.0	
1499124135079	881787483394169	44.0	-6.0	23.0	19.0	
1499124135099	881787503535771	44.0	-6.0	23.0	19.0	
1499124135110	881787523677372	43.53584289550781	-6.0	23.0	19.0	
1499124135124	881787543818974	43.0	-6.0	23.0	19.0	
1499124135146	881787563960575	43.0	-6.0	22.280349731445313	19.0	
1499124135158	881787584102177	43.0	-6.0	22.0	19.0	
1499124135181	881787604243778	43.0	-6.0	22.0	19.0	
1499124135227	881787624385380	43.0	-6.0	22.0	19.0	
1499124135247	881787644526982	43.0	-6.0	22.0	19.0	
1499124135263	881787664668583	43.0	-6.0	22.0	19.0	
1499124135276	881787684810185	43.0	-6.0	22.0	19.0	
1499124135295	881787704951786	43.0	-6.6119537353515625	22.611953735351563	19.0	
1499124135324	881787725093388	43.0	-7.0	23.0	19.0	
1499124135342	881787745234989	43.0	-7.0	23.0	19.0	
1499124135350	881787765376591	43.0	-7.0	23.0	19.0	
1499124135381	881787785518192	42.87864685058594	-7.0	23.0	19.0	
1499124135405	881787805659794	42.0	-7.0	23.0	19.0	
1499124135426	881787825801396	42.0	-7.0	23.0	19.0	
1499124135436	881787845942997	42.0	-6.4957275390625	23.0	19.0	
1499124135445	881787866084599	42.0	-6.0	23.631393432617188	19.0	
1499124135454	881787886226200	42.0	-6.0	24.0	19.0	
1499124135480	881787906367802	42.0	-6.0	24.0	19.0	
1499124135517	881787926509442	42.013671875	-6.0	24.0	19.0	
1499124135540	881787946651044	43.0	-6.0	24.0	19.0	
1499124135551	881787966792646	43.0	-6.0	24.0	19.0	
1499124135567	881787986934247	43.0	-6.0	24.0	19.0	
1499124135575	881788007075849	43.0	-6.0	23.476119995117188	19.0	
1499124135588	881788027217450	43.0	-6.0	23.0	19.0	
1499124135603	881788047359052	43.0	-6.0	23.0	19.0	
1499124135631	881788067500653	43.0	-6.0	23.0	19.0	
1499124135656	881788087642255	43.03411865234375	-6.0	23.0	19.0	
1499124135692	881788107783856	44.0	-6.0	23.0	19.0	
1499124135700	881788127925458	44.0	-6.0	23.0	19.0	
1499124135720	881788148067060	44.0	-6.0	23.0	19.0	
1499124135729	881788168208661	44.0	-6.0	23.0	19.0	
1499124135764	881788188350263	44.0	-6.0	22.328216552734375	19.0	
1499124135781	881788208491864	44.79862976074219	-6.0	22.0	19.0	
1499124135800	881788228633466	45.0	-6.0	22.0	19.0	
1499124135827	881788248775067	45.0	-6.0	22.0	19.0	
1499124135850	881788268916669	45.0	-5.818817138671875	21.818817138671875	19.0	
1499124135867	881788289058271	45.0	-5.0	21.0	19.0	
1499124135885	881788309199872	45.0	-5.0	21.0	19.0	
1499124135895	881788329341474	45.56410217285156	-5.0	21.0	19.0	
1499124135915	881788349483075	46.0	-5.0	21.691116333007813	19.0	
1499124135929	881788369624677	45.18119812011719	-4.1811981201171875	22.0	19.0	
1499124135946	881788389766278	45.0	-4.0	22.0	19.0	
1499124135971	881788409907880	45.0	-4.0	22.0	19.0	
1499124135987	881788430049481	45.0	-4.0	22.0	19.0	
1499124135998	881788450191083	45.0	-4.0	22.0	19.0	
1499124136008	881788470332685	45.0	-4.0	22.0	19.0	
1499124136016	881788490474286	45.0	-4.0	22.0	19.0	
1499124136031	881788510615888	45.0	-4.0	21.288894653320313	19.0	
1499124136046	881788530757489	45.0	-4.0	21.0	19.0	
1499124136055	881788550899091	45.0	-4.0	21.0	19.0	
1499124136075	881788571040692	45.0	-3.0	21.0	19.0	
1499124136083	881788591182294	45.0	-3.0	21.220504760742188	19.0	
1499124136120	881788611323896	45.0	-3.0	22.0	19.0	
1499124136132	881788631465497	45.0	-3.0	22.0	19.0	
1499124136156	881788651607099	45.0	-3.0	22.0	19.0	
1499124136177	881788671748700	45.0	-3.0	22.0	19.0	
1499124136186	881788691890302	45.0	-3.0	22.0	19.0	
1499124136200	881788712031903	45.0	-3.0	22.0	19.0	
1499124136226	881788732173505	45.0	-3.0	22.112808227539063	19.0	
1499124136237	881788752315106	45.0	-3.0	23.0	19.0	
1499124136255	881788772456708	45.0	-3.0	23.0	19.0	
1499124136274	881788792598310	45.0	-3.0	23.0	19.0	
1499124136287	881788812739911	45.0	-3.0	23.0	19.0	
1499124136303	881788832881513	45.0	-3.0	23.0	19.0	
1499124136318	881788853023114	45.0	-3.0	23.0	19.0	
1499124136369	881788873164716	45.0	-3.0	23.0	19.0	
1499124136380	881788893306317	45.0	-3.0	23.0	19.0	
1499124136391	881788913447919	45.0	-3.0	23.0	19.0	
1499124136404	881788933589521	45.0	-3.0	23.0	19.0	
1499124136416	881788953731122	45.0	-3.0	23.0	19.0	
1499124136430	881788973872724	45.0	-3.0	23.0	19.0	
1499124136442	881788994014325	45.0	-3.0	23.0	19.0	
1499124136450	881789014155927	45.0	-3.0	23.0	19.0	
1499124136470	881789034297528	45.0	-3.0	23.0	19.0	
1499124136502	881789054439130	45.0	-3.0	23.0	19.0	
1499124136517	881789074580731	45.28033447265625	-3.0	23.0	19.0	
1499124136529	881789094722333	46.0	-3.0	23.0	19.0	
1499124136546	881789114863935	46.0	-3.0	23.0	19.0	
1499124136561	881789135005536	46.0	-3.0	23.0	19.0	
1499124136575	881789155147138	46.0	-3.0	23.0	19.0	
1499124136606	881789175288739	46.0	-3.0	23.0	19.0	
1499124136646	881789195430341	46.0	-3.0	23.0	19.0	
1499124136665	881789215571942	46.0	-3.0	23.0	19.0	
1499124136700	881789235713544	46.0	-3.0	23.0	19.0	
1499124136716	881789255855146	46.0	-3.0	23.0	19.0	
1499124136726	881789275996747	46.0	-3.0	23.0	19.0	
1499124136748	881789296138349	46.0	-3.0	23.0	19.0	
1499124136757	881789316279950	46.0	-3.0	23.0	19.0	
1499124136774	881789336421552	46.0	-3.0	23.0	19.0	
1499124136807	881789356563153	46.0	-3.0	23.0	19.0	
1499124136829	881789376704755	46.0	-3.0	23.0	19.0	
1499124136839	881789396846356	46.0	-3.0	23.0	19.0	
1499124136857	881789416987958	46.0	-3.0	23.0	19.0	
1499124136873	881789437129560	46.0	-3.0	23.0	19.0	
1499124136907	881789457271161	46.0	-3.0	23.0	19.0	
1499124136918	881789477412763	46.0	-3.0	23.0	19.0	
1499124136938	881789497554364	46.0	-3.0	23.0	19.0	
1499124136974	881789517695966	46.0	-3.0	22.0	19.0	
1499124136988	881789537837567	46.0	-3.0	22.0	19.0	
1499124137014	881789557979169	46.0	-3.0	22.0	19.0	
1499124137028	881789578120771	46.0	-3.0	22.0	19.0	
1499124137040	881789598262372	46.0	-3.0	22.0	19.0	
1499124137057	881789618403974	46.0	-3.0	22.0	19.0	
1499124137070	881789638545575	46.0	-2.150177001953125	22.0	19.0	
1499124137078	881789658687177	46.0	-2.0	22.0	19.0	
1499124137110	881789678828778	46.0	-2.0	22.0	19.0	
1499124137130	881789698970380	46.0	-2.0	22.0	19.0	
1499124137143	881789719111981	46.0	-1.6393280029296875	22.360671997070313	19.0	
1499124137163	881789739253583	46.0	-1.0	23.0	19.0	
1499124137170	881789759395185	46.0	-1.0	23.0	19.0	
1499124137181	881789779536786	46.0	-1.7423095703125	23.7423095703125	19.0	
1499124137215	881789799678388	45.12992858886719	-2.0	24.0	19.0	
1499124137234	881789819819989	45.0	-2.0	24.0	19.0	
1499124137259	881789839961591	45.0	-2.0	24.0	19.0	
1499124137274	881789860103192	45.0	-2.0	24.0	19.0	
1499124137288	881789880244794	45.0	-2.0	24.0	19.0	
1499124137305	881789900386396	45.0	-2.0	24.0	19.0	
1499124137323	881789920527997	45.0	-2.0	24.634811401367188	19.0	
1499124137336	881789940669599	45.0	-2.0	25.0	19.0	
1499124137372	881789960811200	45.0	-2.0	25.0	19.0	
1499124137410	881789980952802	45.01708984375	-2.0	25.0	19.0	
1499124137421	881790001094403	46.0	-2.0	25.0	19.0	
1499124137441	881790021236005	46.0	-2.0	25.0	19.0	
1499124137458	881790041377606	46.0	-2.0	25.0	19.0	
1499124137466	881790061519208	46.0	-2.0	25.0	19.0	
1499124137483	881790081660810	46.0	-2.0	25.0	19.0	
1499124137506	881790101802411	46.0	-2.0	24.21710205078125	19.0	
1499124137525	881790121944013	46.0	-2.0	24.0	19.0	
1499124137551	881790142085614	46.0	-2.0	24.0	19.0	
1499124137560	881790162227216	46.0	-2.0	24.0	19.0	
1499124137574	881790182368817	46.0	-2.0	23.70770263671875	19.0	
1499124137598	881790202510419	46.0	-2.0	23.0	19.0	
1499124137606	881790222652021	46.0	-2.0	23.0	19.0	
1499124137615	881790242793622	46.0	-2.0	22.324798583984375	19.0	
1499124137630	881790262935224	46.0	-2.0	21.197952270507813	19.0	
1499124137648	881790283076825	46.0	-1.070098876953125	20.070098876953125	19.0	
1499124137683	881790303218427	45.0	-0.941986083984375	19.0	19.0	
1499124137695	881790323360028	44.815399169921875	0.0	19.0	19.0	
1499124137725	881790343501630	43.68717956542969	0.0	19.0	19.0	
1499124137757	881790363643231	43.0	0.4402618408203125	19.0	19.0	
1499124137771	881790383784833	43.0	1.0	18.432479858398438	19.0	
1499124137783	881790403926435	43.0	1.0	17.305465698242188	19.0	
1499124137804	881790424068036	43.0	1.0	16.177780151367188	19.0	
1499124137819	881790444209638	43.0	1.0	16.0	19.0	
1499124137847	881790464351239	43.0	0.9230804443359375	16.0	19.0	
1499124137865	881790484492841	43.0	0.0	16.205123901367188	19.0	
1499124137882	881790504634442	43.0	0.0	17.0	19.0	
1499124137900	881790524776044	43.45982360839844	0.0	17.0	19.0	
1499124137911	881790544917646	44.58702087402344	0.0	17.0	19.0	
1499124137923	881790565059247	45.0	-0.7145233154296875	17.0	19.0	
1499124137961	881790585200849	45.84272766113281	-1.0	17.0	19.0	
1499124137971	881790605342450	46.0	-1.0	17.969268798828125	19.0	
1499124138016	881790625484052	47.0	-1.0	17.902572631835938	19.0	
1499124138026	881790645625653	47.0	-1.0	16.54949951171875	19.0	
1499124138050	881790665767255	47.0	-1.0	14.295745849609375	19.0	
1499124138067	881790685908856	47.0	-1.0	12.520492553710938	19.0	
1499124138077	881790706050458	47.0	-1.0	12.0	19.0	
1499124138094	881790726192060	47.0	-1.0	12.0	19.0	
1499124138116	881790746333661	47.86177062988281	-1.0	12.861770629882813	19.0	
1499124138136	881790766475263	48.0	-1.0	13.989730834960938	19.0	
1499124138182	881790786616864	48.0	-1.0	14.11773681640625	19.0	
1499124138197	881790806758466	48.0	-1.0	14.755569458007813	19.0	
1499124138217	881790826900067	48.0	-0.62799072265625	14.0	19.0	
1499124138232	881790847041669	48.0	0.0	14.0	19.0	
1499124138244	881790867183271	48.0	0.0	14.0	19.0	
1499124138253	881790887324872	47.24574279785156	0.0	14.754257202148438	19.0	
1499124138275	881790907466474	46.117950439453125	0.882049560546875	15.882049560546875	19.0	
1499124138303	881790927608075	44.98976135253906	3.0102386474609375	17.0	19.0	
1499124138324	881790947749677	43.863250732421875	4.136749267578125	17.27349853515625	19.0	
1499124138342	881790967891278	42.735504150390625	5.264495849609375	19.264495849609375	19.0	
1499124138359	881790988032880	41.608551025390625	6.0	20.391448974609375	19.0	
1499124138376	881791008174481	41.5196533203125	6.0	20.4803466796875	19.0	
1499124138387	881791028316083	43.293487548828125	5.3532562255859375	19.353256225585938	19.0	
1499124138405	881791048457685	44.77435302734375	5.0	19.0	19.0	
1499124138426	881791068599286	46.80511474609375	4.097442626953125	18.097442626953125	19.0	
1499124138452	881791088740888	49.029052734375	3.970947265625	18.0	19.0	
1499124138468	881791108882489	50.31396484375	3.0	18.156982421875	19.0	
1499124138478	881791129024091	52.28375244140625	3.0	19.28375244140625	19.0	
1499124138512	881791149165692	53.411956787109375	2.588043212890625	20.0	19.0	
1499124138520	881791169307294	54.53924560546875	2.0	20.53924560546875	19.0	
1499124138539	881791189448896	55.0	2.0	21.0	19.0	
1499124138557	881791209590497	55.0	2.0	20.20513916015625	19.0	
1499124138579	881791229732099	55.0	2.0	19.078506469726563	19.0	
1499124138608	881791249873700	54.0	2.0	17.950439453125	19.0	
1499124138632	881791270015302	54.0	2.0	17.0	19.0	
1499124138642	881791290156903	53.69573974609375	2.0	16.69573974609375	19.0	
1499124138661	881791310298505	53.0	2.0	16.0	19.0	
1499124138681	881791330440106	53.0	2.0	14.882080078125	19.0	
1499124138703	881791350581708	52.312835693359375	2.0	13.312835693359375	19.0	
1499124138727	881791370723310	52.0	2.8139801025390625	12.186019897460938	19.0	
1499124138741	881791390864911	52.0	3.0	11.058120727539063	19.0	
1499124138775	881791411006513	52.0	4.0	10.069961547851563	19.0	
1499124138789	881791431148114	51.80342102050781	4.0	11.196578979492188	19.0	
1499124138803	881791451289716	51.0	4.32421875	12.0	19.0	
1499124138820	881791471431317	51.0	5.0	12.0	19.0	
1499124138833	881791491572919	51.0	5.0	11.420516967773438	19.0	
1499124138846	881791511714521	51.0	5.0	11.0	19.0	
1499124138858	881791531856122	50.16581726074219	5.0	11.0	19.0	
1499124138880	881791551997724	50.0	5.0	11.0	19.0	
1499124138916	881791572139325	49.91111755371094	4.0	11.088882446289063	19.0	
1499124138930	881791592280927	49.0	3.7832794189453125	12.0	19.0	
1499124138945	881791612422528	49.0	3.0	12.0	19.0	
1499124138961	881791632564130	49.0	3.0	12.0	19.0	
1499124138980	881791652705731	49.0	2.401031494140625	12.0	19.0	
1499124138992	881791672847333	49.0	2.0	11.273513793945313	19.0	
1499124139015	881791692988935	49.0	2.0	11.0	19.0	
1499124139031	881791713130536	49.0	2.0	11.0	19.0	
1499124139064	881791733272138	49.0	1.0	11.0	19.0	
1499124139074	881791753413739	49.0	1.0	11.0	19.0	
1499124139090	881791773555341	48.63591003417969	0.6359100341796875	11.0	19.0	
1499124139104	881791793696942	48.0	0.0	10.508544921875	19.0	
1499124139119	881791813838544	48.0	0.0	10.0	19.0	
1499124139140	881791833980146	47.25300598144531	0.0	9.253005981445313	19.0	
1499124139154	881791854121747	47.0	0.0	9.0	19.0	
1499124139183	881791874263349	47.0	0.0	9.001693725585938	19.0	
1499124139194	881791894404950	47.0	0.0	10.0	19.0	
1499124139225	881791914546552	47.0	0.25640869140625	10.25640869140625	19.0	
1499124139236	881791934688153	47.0	1.0	11.383956909179688	19.0	
1499124139243	881791954829755	47.0	1.0	12.0	19.0	
1499124139266	881791974971356	47.0	1.0	12.639312744140625	19.0	
1499124139282	881791995112958	47.0	1.766204833984375	13.0	19.0	
1499124139297	881792015254560	47.0	2.0	13.0	19.0	
1499124139326	881792035396161	47.9794921875	2.0205078125	13.0	19.0	
1499124139336	881792055537763	47.0	3.0	13.0	19.0	
1499124139357	881792075679364	47.0	3.0	13.0	19.0	
1499124139373	881792095820966	47.0	3.0	13.403411865234375	19.0	
1499124139378	881792115962567	47.0	3.0	14.0	19.0	
1499124139397	881792136104169	47.0	3.0	14.65869140625	19.0	
1499124139422	881792156245771	47.0	3.0	15.0	19.0	
1499124139435	881792176387372	47.0	3.0	15.0	19.0	
1499124139480	881792196528974	47.0	3.0	14.958984375	19.0	
1499124139500	881792216670575	47.0	3.0	14.0	19.0	
1499124139520	881792236812177	47.0	3.0	14.29571533203125	19.0	
1499124139532	881792256953778	47.0	3.0	15.0	19.0	
1499124139542	881792277095380	47.0	3.0	15.0	19.0	
1499124139560	881792297236981	47.0	3.0	15.0	19.0	
1499124139575	881792317378583	47.0	3.0	15.0	19.0	
1499124139591	881792337520185	47.0	3.0	15.0	19.0	
1499124139618	881792357661786	47.0	4.0	15.0	19.0	
1499124139630	881792377803388	47.0	4.0	15.0	19.0	
1499124139647	881792397944989	47.0	4.0	15.0	19.0	
1499124139659	881792418086591	47.0	4.0	15.0	19.0	
1499124139672	881792438228192	47.0	4.0	15.0	19.0	
1499124139692	881792458369794	46.30085754394531	4.0	15.699142456054688	19.0	
1499124139709	881792478511396	46.0	4.0	16.0	19.0	
1499124139728	881792498652997	46.0	4.0	16.0	19.0	
1499124139751	881792518794599	46.0	4.0	15.919662475585938	19.0	
1499124139776	881792538936200	46.0	4.0	14.791458129882813	19.0	
1499124139789	881792559077802	46.0	4.0	13.663833618164063	19.0	
1499124139823	881792579219403	46.0	4.0	13.0	19.0	
1499124139831	881792599361005	46.0	3.4085540771484375	13.0	19.0	
1499124139853	881792619502606	46.0	3.0	13.0	19.0	
1499124139869	881792639644208	46.0	3.0	13.0	19.0	
1499124139904	881792659785810	46.0	3.0	13.972686767578125	19.0	
1499124139935	881792679927411	46.0	3.0	14.0	19.0	
1499124139945	881792700069013	46.0	3.0	14.0	19.0	
1499124139955	881792720210614	46.0	3.0	14.0	19.0	
1499124139968	881792740352216	46.0	2.5162506103515625	13.516250610351563	19.0	
1499124139975	881792760493817	46.0	2.0	13.0	19.0	
1499124139997	881792780635419	46.0	2.0	13.0	19.0	
1499124140016	881792800777021	46.0	2.0	13.0	19.0	
1499124140044	881792820918622	46.0	1.0068511962890625	13.0	19.0	
1499124140079	881792841060224	46.0	1.0	13.0	19.0	
1499124140094	881792861201825	46.0	1.0	12.752151489257813	19.0	
1499124140106	881792881343427	46.0	0.623931884765625	12.0	19.0	
1499124140126	881792901485028	45.49659729003906	0.0	12.0	19.0	
1499124140141	881792921626630	45.0	0.0	11.369232177734375	19.0	
1499124140165	881792941768231	45.0	0.0	11.0	19.0	
1499124140196	881792961909833	44.114349365234375	0.0	11.0	19.0	
1499124140219	881792982051435	44.0	0.0	11.0	19.0	
1499124140241	881793002193036	44.0	0.0	11.140167236328125	19.0	
1499124140260	881793022334638	44.0	0.0	12.0	19.0	
1499124140273	881793042476239	44.0	0.0	12.0	19.0	
1499124140280	881793062617841	44.0	0.0	12.0	19.0	
1499124140288	881793082759442	44.651275634765625	0.0	12.0	19.0	
1499124140305	881793102901044	45.0	0.0	12.0	19.0	
1499124140318	881793123042646	45.0	0.0	11.094024658203125	19.0	
1499124140371	881793143184247	45.0	0.0	9.967529296875	19.0	
1499124140394	881793163325849	45.0	0.0	8.839324951171875	19.0	
1499124140412	881793183467450	45.0	0.28839111328125	8.0	19.0	
1499124140423	881793203609052	45.0	1.0	8.0	19.0	
1499124140433	881793223750653	45.0	1.0	8.0	19.0	
1499124140450	881793243892255	45.0	1.0	8.0	19.0	
1499124140471	881793264033856	45.0	1.0	8.0	19.0	
1499124140493	881793284175458	45.0	1.0	8.924911499023438	19.0	
1499124140515	881793304317060	45.0	2.0	9.0	19.0	
1499124140531	881793324458661	45.0	2.0	9.180877685546875	19.0	
1499124140542	881793344600263	45.0	2.0	10.0	19.0	
1499124140551	881793364741864	45.0	2.435882568359375	10.0	19.0	
1499124140558	881793384883466	45.0	3.0	10.563125610351563	19.0	
1499124140579	881793405025067	45.0	3.0	11.0	19.0	
1499124140595	881793425166669	45.0	3.0	11.0	19.0	
1499124140603	881793445308271	45.0	3.0	11.0	19.0	
1499124140633	881793465449872	45.0733642578125	4.0	11.0	19.0	
1499124140642	881793485591474	46.0	4.0	11.0	19.0	
1499124140655	881793505733075	46.0	4.0	11.0	19.0	
1499124140669	881793525874677	46.0	4.0	11.0	19.0	
1499124140687	881793546016278	46.0	3.4170989990234375	11.0	19.0	
1499124140704	881793566157880	46.0	3.0	11.0	19.0	
1499124140733	881793586299481	46.0	3.0	11.0	19.0	
1499124140746	881793606441083	46.0	3.0	11.0	19.0	
1499124140793	881793626582685	46.0	3.0	11.0	19.0	
1499124140846	881793646724286	46.0	3.0	11.0	19.0	
1499124140861	881793666865888	46.348114013671875	3.0	11.0	19.0	
1499124140878	881793687007489	47.0	3.0	10.524795532226563	19.0	
1499124140899	881793707149091	47.0	3.0	10.0	19.0	
1499124140927	881793727290692	47.0	3.0	10.0	19.0	
1499124140955	881793747432294	47.0	2.1418914794921875	10.0	19.0	
1499124140975	881793767573896	47.0	2.0	10.0	19.0	
1499124141010	881793787715497	47.0	2.0	10.0	19.0	
1499124141034	881793807857099	47.0	2.0	10.0	19.0	
1499124141055	881793827998700	47.0	2.0	10.0	19.0	
1499124141073	881793848140302	47.0	2.0	10.0	19.0	
1499124141080	881793868281903	47.0	2.0	10.0	19.0	
1499124141101	881793888423505	47.0	2.0	10.0	19.0	
1499124141113	881793908565106	47.0	2.0	10.0	19.0	
1499124141138	881793928706708	47.0	2.0	10.0	19.0	
1499124141169	881793948848310	47.0	2.0	10.0	19.0	
1499124141183	881793968989911	47.0	2.0	10.0	19.0	
1499124141194	881793989131513	47.0	2.0	10.0	19.0	
1499124141202	881794009273114	47.0	2.0	10.0	19.0	
1499124141220	881794029414716	47.0	2.0	10.0	19.0	
1499124141234	881794049556317	47.0	2.0	10.0	19.0	
1499124141260	881794069697919	47.0	1.102569580078125	10.0	19.0	
1499124141283	881794089839521	47.0	1.0	10.0	19.0	
1499124141306	881794109981122	47.0	1.0	10.0	19.0	
1499124141330	881794130122724	46.71966552734375	1.0	10.0	19.0	
1499124141347	881794150264325	46.4078369140625	1.0	10.0	19.0	
1499124141374	881794170405927	47.0	1.0	10.0	19.0	
1499124141389	881794190547528	47.0	1.0	10.0	19.0	
1499124141407	881794210689130	47.0	1.0	10.0	19.0	
1499124141427	881794230830731	47.0	1.0	10.0	19.0	
1499124141455	881794250972333	47.0	1.0	9.0	19.0	
1499124141467	881794271113935	47.0	1.172637939453125	9.0	19.0	
1499124141485	881794291255536	47.0	2.0	9.0	19.0	
1499124141501	881794311397138	47.0	2.0	8.572662353515625	19.0	
1499124141516	881794331538739	47.0	2.0	8.0	19.0	
1499124141535	881794351680341	47.0	2.0	8.0	19.0	
1499124141555	881794371821942	47.0	2.0	8.0	19.0	
1499124141583	881794391963544	47.0	2.0	8.0	19.0	
1499124141614	881794412105146	47.0	2.0	8.0	19.0	
1499124141631	881794432246747	47.0	2.0	8.0	19.0	
1499124141650	881794452388349	47.0	2.0	8.0	19.0	
1499124141663	881794472529950	47.0	2.0	8.0	19.0	
1499124141675	881794492671552	47.0	2.0	8.574356079101563	19.0	
1499124141699	881794512813153	47.0	2.0	9.0	19.0	
1499124141713	881794532954755	47.0	2.0	9.0	19.0	
1499124141739	881794553096356	47.0	2.0	9.0	19.0	
1499124141771	881794573237958	47.0	2.0	9.0	19.0	
1499124141791	881794593379560	47.0	2.2119598388671875	9.0	19.0	
1499124141807	881794613521161	47.0	3.0	9.339584350585938	19.0	
1499124141833	881794633662763	47.0	3.0	10.0	19.0	
1499124141850	881794653804364	47.0	3.0	10.0	19.0	
1499124141866	881794673945966	47.0	3.0	10.0	19.0	
1499124141880	881794694087567	47.0	3.0	10.0	19.0	
1499124141895	881794714229169	47.0	3.0	10.977767944335938	19.0	
1499124141922	881794734370771	47.0	3.0	11.0	19.0	
1499124141943	881794754512372	47.0	3.0	11.0	19.0	
1499124141968	881794774653974	47.0	3.0	11.0	19.0	
1499124141976	881794794795575	47.0	3.0	11.0	19.0	
1499124141996	881794814937177	47.0	3.0	11.0	19.0	
1499124142012	881794835078778	46.25813293457031	3.0	11.0	19.0	
1499124142032	881794855220380	46.0	3.0	11.870071411132813	19.0	
1499124142074	881794875361981	46.0	3.0	12.0	19.0	
1499124142106	881794895503583	46.0	3.0	12.0	19.0	
1499124142131	881794915645185	46.0	3.0	12.0	19.0	
1499124142154	881794935786786	46.0	3.0	12.0	19.0	
1499124142165	881794955928388	46.0	3.0	12.0	19.0	
1499124142193	881794976069989	46.0	3.0	12.0	19.0	
1499124142219	881794996211591	46.0	3.0	12.0	19.0	
1499124142239	881795016353192	46.0	3.0	12.889068603515625	19.0	
1499124142274	881795036494794	46.0	3.0	13.0	19.0	
1499124142291	881795056636396	46.0	3.0	13.0	19.0	
1499124142303	881795076777997	46.0	3.0	13.0	19.0	
1499124142314	881795096919599	46.0	3.0	13.0	19.0	
1499124142331	881795117061200	46.0	3.0	13.0	19.0	
1499124142345	881795137202802	46.0	3.0	13.0	19.0	
1499124142364	881795157344403	46.0	3.0	13.78155517578125	19.0	
1499124142382	881795177486005	46.0	3.0	14.0	19.0	
1499124142406	881795197627606	46.0	3.0	14.0	19.0	
1499124142423	881795217769208	46.0	3.0	14.0	19.0	
1499124142448	881795237910810	46.0	3.0	14.0	19.0	
1499124142478	881795258052411	46.0	3.0	14.0	19.0	
1499124142494	881795278194013	46.0	3.0	14.0	19.0	
1499124142517	881795298335614	46.0	3.0	14.0	19.0	
1499124142542	881795318477216	46.0	3.0	14.0	19.0	
1499124142553	881795338618817	46.0	3.0	14.929901123046875	19.0	
1499124142590	881795358760419	46.0	3.0	15.0	19.0	
1499124142623	881795378902021	46.0	3.0	15.0	19.0	
1499124142647	881795399043622	46.0	3.0	15.0	19.0	
1499124142658	881795419185224	46.0	3.0	15.0	19.0	
1499124142677	881795439326825	46.0	3.0	14.433456420898438	19.0	
1499124142700	881795459468427	46.0	2.3059844970703125	14.0	19.0	
1499124142717	881795479610028	46.0	2.0	14.0	19.0	
1499124142728	881795499751630	46.0	2.0	14.0	19.0	
1499124142768	881795519893231	46.0	2.0	14.0	19.0	
1499124142792	881795540034833	45.79522705078125	2.0	14.20477294921875	19.0	
1499124142821	881795560176435	45.0	1.6683807373046875	15.0	19.0	
1499124142833	881795580318036	45.0	1.0	15.0	19.0	
1499124142853	881795600459638	45.0	1.0	14.413681030273438	19.0	
1499124142871	881795620601239	45.0	0.2854766845703125	14.0	19.0	
1499124142880	881795640742841	45.0	0.0	14.841293334960938	19.0	
1499124142902	881795660884442	45.0	0.9692230224609375	15.0	19.0	
1499124142911	881795681026044	45.0	1.0	16.0	-1.0	
1499124142914	881795701167646	45.0	1.0	16.223922729492188	-1.0	
1499124142922	881795721309247	45.0	1.0	17.0	-1.0	
1499124142937	881795741450849	45.0	0.5213775634765625	17.0	-1.0	
1499124142941	881795761592450	45.0	0.0	17.606826782226563	-1.0	
1499124142945	881795781734052	45.0	0.0	18.0	-1.0	
1499124142950	881795801875653	45.0	0.0	18.861526489257813	-1.0	
1499124142953	881795822017255	45.0	0.0	19.0	-1.0	
1499124142959	881795842158856	45.0	0.0	20.0	-1.0	
1499124142962	881795862300458	45.0	0.0	20.2440185546875	-1.0	
1499124142966	881795882442060	45.0	0.0	21.0	-1.0	
1499124142969	881795902583661	45.0	0.0	21.0	-1.0	
1499124142971	881795922725263	45.0	0.0	21.0	-1.0	
1499124142980	881795942866864	45.75384521484375	0.0	21.75384521484375	-1.0	
1499124142987	881795963008466	46.0	0.0	22.0	-1.0	
1499124142995	881795983150067	46.0	0.0	22.0	-1.0	
1499124142998	881796003291669	46.0	0.0	22.0	-1.0	
1499124143001	881796023433271	46.0	0.0	22.0	-1.0	
1499124143005	881796043574872	46.0	0.0	22.0	-1.0	
1499124143006	881796063716474	46.0	0.0	22.0	-1.0	
1499124143008	881796083858075	45.353851318359375	0.0	22.646148681640625	-1.0	
1499124143020	881796103999677	45.0	0.0	23.0	-1.0	
1499124143026	881796124141278	45.0	0.0	23.0	-1.0	
1499124143047	881796144282880	45.0	0.0	23.029006958007813	-1.0	
1499124143056	881796164424481	45.0	0.0	24.155548095703125	-1.0	
1499124143073	881796184566083	45.0	0.0	25.0	-1.0	
1499124143094	881796204707685	45.0	0.0	25.0	-1.0	
1499124143108	881796224849286	45.0	0.0	25.0	-1.0	
1499124143126	881796244990888	45.0	0.0	25.666656494140625	-1.0	
1499124143145	881796265132489	45.0	0.0	26.0	-1.0	
1499124143162	881796285274091	45.0	0.0	26.921356201171875	-1.0	
1499124143198	881796305415692	44.9521484375	0.0	28.0	-1.0	
1499124143216	881796325557294	44.0	0.0	28.0	-1.0	
1499124143233	881796345698896	44.0	0.0	28.0	-1.0	
1499124143252	881796365840497	44.0	0.0	28.0	-1.0	
1499124143275	881796385982099	44.0	0.0	28.5589599609375	-1.0	
1499124143287	881796406123700	44.0	0.0	29.0	-1.0	
1499124143305	881796426265302	44.0	0.0	29.813674926757813	-1.0	
1499124143324	881796446406903	44.0	0.0	30.0	-1.0	
1499124143358	881796466548505	44.0	0.0	30.068374633789063	-1.0	
1499124143377	881796486690106	44.0	0.0	31.0	-1.0	
1499124143394	881796506831708	44.0	0.0	31.0	-1.0	
1499124143413	881796526973310	44.0	0.0	31.0	-1.0	
1499124143432	881796547114911	44.0	0.0	31.5784912109375	-1.0	
1499124143449	881796567256513	44.0	0.0	32.0	-1.0	
1499124143466	881796587398114	44.0	0.0	32.0	-1.0	
1499124143484	881796607539716	44.0	0.0	32.0	-1.0	
1499124143520	881796627681317	44.0	0.0	33.0	-1.0	
1499124143537	881796647822919	44.0	0.0	33.0	-1.0	
1499124143555	881796667964521	44.0	0.0	33.0	-1.0	
1499124143574	881796688106122	44.0	0.0	33.0	-1.0	
1499124143592	881796708247724	44.0	0.0	33.0	-1.0	
1499124143611	881796728389325	43.27351379394531	0.0	33.0	-1.0	
1499124143630	881796748530927	43.0	0.0	33.853240966796875	-1.0	
1499124143644	881796768672528	43.0	0.0	34.0	-1.0	
1499124143680	881796788814130	43.0	0.0	34.0	-1.0	
1499124143698	881796808955731	43.0	0.0	34.0	-1.0	
1499124143716	881796829097333	43.0	0.0	34.0	-1.0	
1499124143735	881796849238935	43.0	0.0	34.0	-1.0	
1499124143752	881796869380536	43.0	0.0	34.61878967285156	-1.0	
1499124143769	881796889522138	43.0	0.0	35.0	-1.0	
1499124143788	881796909663739	43.0	0.0	35.0	-1.0	
1499124143805	881796929805341	42.0	0.0	35.0	-1.0	
1499124143844	881796949946942	42.0	0.0	35.0	-1.0	
1499124143859	881796970088544	42.0	0.0	35.0	-1.0	
1499124143878	881796990230146	42.0	0.0	35.0	-1.0	
1499124143902	881797010371747	42.0	0.0	35.0	-1.0	
1499124143912	881797030513349	42.0	0.0	35.0	-1.0	
1499124143934	881797050654950	42.0	0.0	35.0	-1.0	
1499124143948	881797070796552	42.0	0.0	35.0	-1.0	
1499124143984	881797090938153	42.0	0.0	34.0	-1.0	
1499124144001	881797111079755	42.0	0.0	34.0	-1.0	
1499124144019	881797131221356	42.0	0.0	34.0	-1.0	
1499124144037	881797151362958	42.0	0.0	34.0	-1.0	
1499124144055	881797171504560	42.0	0.0	34.0	-1.0	
1499124144080	881797191646161	42.0	0.0	34.0	-1.0	
1499124144098	881797211787763	42.0	0.0	34.78497314453125	-1.0	
1499124144109	881797231929364	42.0	0.0	35.0	-1.0	
1499124144145	881797252070966	42.0	0.0	35.0	-1.0	
1499124144164	881797272212567	42.0	0.0	35.167510986328125	-1.0	
1499124144179	881797292354169	42.0	0.0	36.0	-1.0	
1499124144198	881797312495771	42.0	0.4232025146484375	36.0	-1.0	
1499124144217	881797332637372	42.0	1.0	36.0	-1.0	
1499124144234	881797352778974	42.0	1.0	36.0	-1.0	
1499124144252	881797372920575	42.0	1.0	36.0	-1.0	
1499124144270	881797393062177	42.0	1.0	36.0	-1.0	
1499124144305	881797413203778	42.0	1.0	35.0	-1.0	
1499124144332	881797433345380	42.0	1.0	35.0	-1.0	
1499124144341	881797453486981	42.0	1.0	35.0	-1.0	
1499124144359	881797473628583	42.0	1.0	35.0	-1.0	
1499124144377	881797493770185	42.0	1.0	35.0	-1.0	
1499124144395	881797513911786	42.0	1.0	35.0	-1.0	
1499124144412	881797534053388	42.0	0.1743621826171875	35.0	-1.0	
1499124144431	881797554194989	42.0	0.0	35.0	-1.0	
1499124144468	881797574336591	42.0	0.0	35.0	-1.0	
1499124144484	881797594478192	42.0	0.0	34.79180908203125	-1.0	
1499124144503	881797614619794	42.0	0.0	34.0	-1.0	
1499124144524	881797634761396	42.0	0.0	34.0	-1.0	
1499124144538	881797654902997	42.0	0.0	34.0	-1.0	
1499124144557	881797675044599	42.0	0.0	34.0	-1.0	
1499124144573	881797695186200	42.0	0.0	34.0	-1.0	
1499124144591	881797715327802	42.97264099121094	0.0	33.02735900878906	-1.0	
1499124144627	881797735469403	43.0	0.0	33.0	-1.0	
1499124144645	881797755611005	43.0	0.0	33.0	-1.0	
1499124144663	881797775752606	43.0	0.3555450439453125	33.0	-1.0	
1499124144680	881797795894208	43.0	1.0	33.0	-1.0	
1499124144701	881797816035810	43.0	1.0	33.0	-1.0	
1499124144716	881797836177411	43.0	1.0	33.0	-1.0	
1499124144735	881797856319013	43.0	1.0	32.13505554199219	-1.0	
1499124144752	881797876460614	43.0	1.0	32.0	-1.0	
1499124144790	881797896602216	43.11964416503906	1.0	32.0	-1.0	
1499124144807	881797916743817	44.0	1.0	32.0	-1.0	
1499124144823	881797936866223	44.0	1.0	32.0	-1.0	
1499124144841	881797957007825	44.0	1.0	31.4974365234375	-1.0	
1499124144860	881797977149426	44.0	1.0	31.0	-1.0	
1499124144877	881797997291028	44.0	1.0	31.0	-1.0	
1499124144895	881798017432629	44.0	1.0	31.0	-1.0	
1499124144930	881798037574231	44.0	1.0	31.0	-1.0	
1499124144952	881798057715832	44.0	1.0	31.0	-1.0	
1499124144968	881798077857434	44.0	1.0	31.0	-1.0	
1499124144990	881798097999035	44.0	1.0	31.0	-1.0	
1499124145002	881798118140637	44.0	1.0	31.0	-1.0	
1499124145020	881798138282239	44.0	1.0	31.0	-1.0	
1499124145038	881798158423840	44.0	1.0	31.0	-1.0	
1499124145055	881798178565442	44.0	1.0	31.0	-1.0	
1499124145091	881798198707043	44.0	1.0	31.0	-1.0	
1499124145109	881798218848645	44.0	1.0	31.0	-1.0	
1499124145129	881798238990246	44.0	1.0	31.0	-1.0	
1499124145145	881798259131848	44.0	1.0	31.415374755859375	-1.0	
1499124145163	881798279273450	44.0	1.0	32.0	-1.0	
1499124145181	881798299415051	44.0	1.0	32.0	-1.0	
1499124145199	881798319556653	44.0	1.0	32.0	-1.0	
1499124145216	881798339698254	44.0	1.0	32.0	-1.0	
1499124145252	881798359839856	44.0	1.0	32.0	-1.0	
1499124145270	881798379981457	44.0	1.0	32.0	-1.0	
1499124145297	881798400123059	44.0	1.0	32.0	-1.0	
1499124145305	881798420264660	44.0	1.0	32.0	-1.0	
1499124145323	881798440406262	44.0	1.5623779296875	32.0	-1.0	
1499124145348	881798460547864	44.0	2.0	32.0	-1.0	
1499124145360	881798480689465	44.0	2.0	32.0	-1.0	
1499124145377	881798500831067	44.0	2.0	32.0	-1.0	
1499124145413	881798520972668	44.0	2.0	32.0	-1.0	
1499124145431	881798541114270	44.0	2.0	32.0	-1.0	
1499124145449	881798561255871	44.0	2.0	32.32763671875	-1.0	
1499124145468	881798581397473	44.0	2.0	33.0	-1.0	
1499124145484	881798601539075	44.0	2.0	33.0	-1.0	
1499124145504	881798621680676	44.0	2.0	33.0	-1.0	
1499124145520	881798641822278	44.0	2.0	33.0	-1.0	
1499124145538	881798661963879	44.0	2.0	33.0	-1.0	
1499124145573	881798682105481	44.0	2.0	33.0	-1.0	
1499124145591	881798702247082	44.0	2.0	33.0	-1.0	
1499124145610	881798722388684	44.0	2.0	33.0	-1.0	
1499124145627	881798742530285	44.0	2.0	33.0	-1.0	
1499124145645	881798762671887	44.0	2.0	33.0	-1.0	
1499124145667	881798782813489	44.0	2.0	33.0	-1.0	
1499124145681	881798802955090	44.0	2.0	33.0	-1.0	
1499124145698	881798823096692	44.0	2.0	33.0	-1.0	
1499124145735	881798843238293	44.0	2.0	33.0	-1.0	
1499124145752	881798863379895	44.0	2.0	33.0	-1.0	
1499124145770	881798883521496	44.0	2.0	33.0	-1.0	
1499124145788	881798903663098	44.0	2.0	33.0	-1.0	
1499124145814	881798923804700	44.0	2.0	33.0	-1.0	
1499124145824	881798943946301	44.0	2.0	33.0	-1.0	
1499124145841	881798964087903	44.0	2.0	33.0	-1.0	
1499124145885	881798984229504	44.0	2.0	33.0	-1.0	
1499124145895	881799004371106	44.0	2.0	33.0	-1.0	
1499124145912	881799024512707	44.0	2.0	33.0	-1.0	
1499124145935	881799044654309	44.0	2.0	33.0	-1.0	
1499124145953	881799064795910	44.0	2.0	33.0	-1.0	
1499124145966	881799084937512	44.0	2.0	33.0	-1.0	
1499124145984	881799105079114	44.0	2.0	33.0	-1.0	
1499124146011	881799125220715	44.0	2.0	33.0	-1.0	
1499124146037	881799145362317	44.0	2.0	33.0	-1.0	
1499124146055	881799165503918	44.0	2.0	33.0	-1.0	
1499124146073	881799185645520	44.0	2.0	33.0	-1.0	
1499124146092	881799205787121	44.0	2.0	33.0	-1.0	
1499124146108	881799225928723	44.0	2.0	33.0	-1.0	
1499124146128	881799246070325	44.0	2.0	33.0	-1.0	
1499124146145	881799266211926	44.0	2.0	33.0	-1.0	
1499124146163	881799286353528	44.0	2.0	33.0	-1.0	
1499124146200	881799306495129	44.0	2.0	33.0	-1.0	
1499124146216	881799326636731	44.0	2.0	33.0	-1.0	
1499124146236	881799346778332	44.0	2.0	33.0	-1.0	
1499124146254	881799366919934	44.0	2.0	33.0	-1.0	
1499124146271	881799387061535	44.0	2.0	33.0	-1.0	
1499124146288	881799407203137	44.0	2.0	33.0	-1.0	
1499124146306	881799427344739	44.0	2.0	33.0	-1.0	
1499124146323	881799447486340	44.0	2.0	33.0	-1.0	
1499124146359	881799467627942	44.0	2.0	33.0	-1.0	
1499124146377	881799487769543	44.0	2.0	33.0	-1.0	
1499124146395	881799507911145	44.0	2.0	33.0	-1.0	
1499124146413	881799528052746	44.0	2.0	33.0	-1.0	
1499124146431	881799548194348	44.0	2.0	32.42564392089844	-1.0	
1499124146448	881799568335950	44.0	2.0	32.0	-1.0	
1499124146466	881799588477551	44.0	2.0	32.0	-1.0	
1499124146486	881799608619153	44.0	2.0	32.0	-1.0	
1499124146521	881799628760754	44.0	2.0	32.0	-1.0	
1499124146537	881799648902356	44.0	2.0	32.0	-1.0	
1499124146556	881799669043957	44.0	2.0	32.0	-1.0	
1499124146574	881799689185559	44.0	2.0	32.0	-1.0	
1499124146591	881799709327160	44.0	2.0	32.0	-1.0	
1499124146609	881799729468762	44.0	2.0	32.0	-1.0	
1499124146628	881799749610364	44.0	2.0	32.0	-1.0	
1499124146645	881799769751965	44.0	2.0	32.0	-1.0	
1499124146680	881799789893567	44.0	2.0	32.0	-1.0	
1499124146699	881799810035168	44.0	2.0	32.0	-1.0	
1499124146719	881799830176770	44.0	2.0	32.0	-1.0	
1499124146735	881799850318371	44.0	2.0	32.0	-1.0	
1499124146753	881799870459973	44.0	2.0	32.0	-1.0	
1499124146771	881799890601575	44.0	2.0	32.0	-1.0	
1499124146789	881799910743176	44.0	2.0	32.0	-1.0	
1499124146805	881799930884778	44.0	2.0	32.0	-1.0	
1499124146841	881799951026379	44.0	2.0	32.0	-1.0	
1499124146861	881799971167981	44.0	2.0	32.0	-1.0	
1499124146877	881799991309582	44.0	2.0	32.0	-1.0	
1499124146895	881800011451184	44.0	2.0	32.0	-1.0	
1499124146914	881800031592785	44.0	2.0	32.0	-1.0	
1499124146931	881800051734387	44.0	2.0	32.0	-1.0	
1499124146949	881800071875989	44.0	2.0	32.0	-1.0	
1499124146985	881800092017590	44.0	2.0	32.0	-1.0	
1499124147008	881800112159192	44.0	2.0	32.0	-1.0	
1499124147023	881800132300793	44.0	2.0	32.0	-1.0	
1499124147038	881800152442395	44.0	2.0	32.0	-1.0	
1499124147056	881800172583996	44.0	2.0	32.0	-1.0	
1499124147073	881800192725598	44.0	2.0	32.0	-1.0	
1499124147091	881800212867200	44.0	2.0	32.0	-1.0	
1499124147110	881800233008801	44.0	2.0	31.090606689453125	-1.0	
1499124147145	881800253150403	44.0	2.0	31.0	-1.0	
1499124147164	881800273292004	44.0	2.0	31.0	-1.0	
1499124147181	881800293433606	44.0	2.0	31.0	-1.0	
1499124147198	881800313575207	44.0	2.0	31.0	-1.0	
1499124147220	881800333716809	44.0	2.0	31.0	-1.0	
1499124147234	881800353858410	44.0	2.0	31.0	-1.0	
1499124147253	881800374000012	44.0	2.0	31.0	-1.0	
1499124147270	881800394141614	44.0	2.0	31.0	-1.0	
1499124147305	881800414283215	44.0	2.0	31.0	-1.0	
1499124147324	881800434424817	44.0	2.0	31.0	-1.0	
1499124147341	881800454566418	44.0	2.0	31.0	-1.0	
1499124147359	881800474708020	44.0	2.0	31.0	-1.0	
1499124147377	881800494849621	44.0	2.0	31.0	-1.0	
1499124147395	881800514991223	44.0	2.0	31.0	-1.0	
1499124147412	881800535132825	44.0	2.0	31.0	-1.0	
1499124147431	881800555274426	44.0	2.0	31.0	-1.0	
1499124147467	881800575416028	44.0	2.0	31.0	-1.0	
1499124147486	881800595557629	44.0	2.0	31.0	-1.0	
1499124147502	881800615699231	44.0	2.0	31.0	-1.0	
1499124147520	881800635840832	44.0	2.0	31.0	-1.0	
1499124147538	881800655982434	44.0	2.0	31.0	-1.0	
1499124147556	881800676124035	44.0	2.0	31.0	-1.0	
1499124147574	881800696265637	44.0	2.0	31.0	-1.0	
1499124147591	881800716407239	44.0	2.0	31.0	-1.0	
1499124147627	881800736548840	44.0	2.0	31.0	-1.0	
1499124147645	881800756690442	44.0	2.0	31.0	-1.0	
1499124147663	881800776832043	44.0	2.0	31.0	-1.0	
1499124147680	881800796973645	44.0	2.0	31.0	-1.0	
1499124147699	881800817115246	44.0	2.0	31.0	-1.0	
1499124147716	881800837256848	44.0	2.0	31.0	-1.0	
1499124147740	881800857398450	44.0	2.0	31.0	-1.0	
1499124147752	881800877540051	44.0	2.0	31.0	-1.0	
1499124147787	881800897681653	44.0	2.0	31.0	-1.0	
1499124147806	881800917823254	44.0	2.0	31.0	-1.0	
1499124147823	881800937964856	44.0	2.0	31.0	-1.0	
1499124147841	881800958106457	44.0	2.0	31.0	-1.0	
1499124147872	881800978248059	44.0	2.0	31.0	-1.0	
1499124147878	881800998389660	44.0	2.0	31.0	-1.0	
1499124147895	881801018531262	44.0	2.0	30.119461059570313	-1.0	
1499124147932	881801038672864	44.0	2.0	30.0	-1.0	
1499124147948	881801058814465	44.0	2.0	30.0	-1.0	
1499124147967	881801078956067	44.0	2.0	30.0	-1.0	
1499124147984	881801099097668	44.0	2.0	30.0	-1.0	
1499124148002	881801119239270	44.0	2.0	30.0	-1.0	
1499124148021	881801139380871	44.0	2.0	30.0	-1.0	
1499124148038	881801159522473	44.0	2.0	30.0	-1.0	
1499124148058	881801179664075	44.0	2.0	30.0	-1.0	
1499124148091	881801199805676	44.0	2.0	30.0	-1.0	
1499124148109	881801219947278	44.0	2.0	30.0	-1.0	
1499124148129	881801240088879	44.0	2.0	30.0	-1.0	
1499124148153	881801260230481	44.0	2.0	30.0	-1.0	
1499124148163	881801280372082	44.0	2.0	30.0	-1.0	
1499124148181	881801300513684	44.0	2.0	30.0	-1.0	
1499124148200	881801320655285	44.0	2.0	30.0	-1.0	
1499124148216	881801340796887	44.0	2.0	30.0	-1.0	
1499124148252	881801360938489	44.0	2.0	30.0	-1.0	
1499124148270	881801381080090	44.0	2.0	30.0	-1.0	
1499124148288	881801401221692	44.0	2.0	30.0	-1.0	
1499124148306	881801421363293	44.0	2.0	30.0	-1.0	
1499124148323	881801441504895	44.0	2.0	30.0	-1.0	
1499124148343	881801461646496	44.0	2.0	30.0	-1.0	
1499124148359	881801481788098	44.0	2.0	30.0	-1.0	
1499124148377	881801501929700	44.0	2.0	30.0	-1.0	
1499124148414	881801522071301	44.0	2.0	30.0	-1.0	
1499124148431	881801542212903	44.0	2.0	30.0	-1.0	
1499124148449	881801562354504	44.0	2.0	30.0	-1.0	
1499124148467	881801582496106	44.0	2.0	30.0	-1.0	
1499124148484	881801602637707	44.57777404785156	2.0	30.0	-1.0	
1499124148503	881801622779309	45.0	2.0	30.0	-1.0	
1499124148521	881801642920910	45.0	2.0	30.0	-1.0	
1499124148538	881801663062512	44.03932189941406	2.0	30.0	-1.0	
1499124148573	881801683204114	44.0	2.0	30.0	-1.0	
1499124148591	881801703345715	44.0	2.0	30.0	-1.0	
1499124148610	881801723487317	44.0	2.0	30.0	-1.0	
1499124148627	881801743628918	44.0	2.0	30.0	-1.0	
1499124148645	881801763770520	44.0	2.0	30.0	-1.0	
1499124148665	881801783912121	44.0	2.0	30.0	-1.0	
1499124148681	881801804053723	44.0	2.0	30.0	-1.0	
1499124148699	881801824195325	44.0	2.0	30.0	-1.0	
1499124148734	881801844336926	44.0	2.0	29.892318725585938	-1.0	
1499124148754	881801864478528	44.0	2.0	29.0	-1.0	
1499124148776	881801884620129	44.0	2.0	29.0	-1.0	
1499124148793	881801904761731	44.0	2.0	29.0	-1.0	
1499124148806	881801924903332	44.0	2.0	29.0	-1.0	
1499124148824	881801945044934	44.0	2.0	29.0	-1.0	
1499124148841	881801965186535	44.0	2.0	29.0	-1.0	
1499124148859	881801985328137	44.0	2.0	30.0	-1.0	
1499124148895	881802005469739	44.0	2.0	29.127975463867188	-1.0	
1499124148913	881802025611340	44.0	1.74530029296875	30.0	-1.0	
1499124148932	881802045752942	44.0	1.0	30.0	-1.0	
1499124148948	881802065894543	44.0	1.0	30.0	-1.0	
1499124148967	881802086036145	44.0	1.0	30.0	-1.0	
1499124148986	881802106177746	44.0	1.0	30.0	-1.0	
1499124149002	881802126319348	44.0	1.0	30.0	-1.0	
1499124149049	881802146460950	44.0	1.0	30.0	-1.0	
1499124149056	881802166602551	44.0	1.0	30.0	-1.0	
1499124149074	881802186744153	44.0	1.0	29.72479248046875	-1.0	
1499124149092	881802206885754	44.0	1.0	29.0	-1.0	
1499124149109	881802227027356	44.0	1.0	29.0	-1.0	
1499124149127	881802247168957	44.0	1.0	29.0	-1.0	
1499124149145	881802267310559	44.0	1.0	29.0	-1.0	
1499124149164	881802287452160	44.0	1.0	29.0	-1.0	
1499124149199	881802307593762	44.0	1.0	29.0	-1.0	
1499124149217	881802327735364	44.0	1.0	29.167510986328125	-1.0	
1499124149234	881802347876965	44.0	1.0	30.0	-1.0	
1499124149254	881802368018567	44.0	1.0	30.0	-1.0	
1499124149270	881802388160168	44.0	1.0	30.0	-1.0	
1499124149288	881802408301770	44.0	1.0	30.676910400390625	-1.0	
1499124149306	881802428443371	44.0	1.0	31.0	-1.0	
1499124149325	881802448584973	44.0	1.0	31.0	-1.0	
1499124149360	881802468726575	44.0	1.0	32.0	-1.0	
1499124149382	881802488868176	44.0	1.0	32.0	-1.0	
1499124149395	881802509009778	44.0	1.0	32.0	-1.0	
1499124149413	881802529151379	44.0	1.0	32.0	-1.0	
1499124149431	881802549292981	44.0	1.0	31.430038452148438	-1.0	
1499124149449	881802569434582	44.0	1.0	31.0	-1.0	
1499124149467	881802589576184	43.17578125	1.82421875	31.0	-1.0	
1499124149485	881802609717785	43.0	2.0	31.0	-1.0	
1499124149520	881802629859387	43.0	2.0	31.0802001953125	-1.0	
1499124149540	881802650000989	42.79316711425781	2.0	32.0	-1.0	
1499124149556	881802670142590	42.0	2.0	32.33503723144531	-1.0	
1499124149574	881802690284192	42.0	2.0	33.0	-1.0	
1499124149592	881802710425793	41.41026306152344	2.0	33.0	-1.0	
1499124149609	881802730567395	41.0	2.0	33.0	-1.0	
1499124149631	881802750708996	41.0	2.0	32.15556335449219	-1.0	
1499124149645	881802770850598	41.0	2.0	32.0	-1.0	
1499124149681	881802790992200	41.0	2.0	32.0	-1.0	
1499124149699	881802811133801	41.0	2.0	32.0	-1.0	
1499124149717	881802831275403	41.0	2.0	32.0	-1.0	
1499124149735	881802851417004	41.0	2.4820404052734375	32.0	-1.0	
1499124149753	881802871558606	41.0	3.0	32.0	-1.0	
1499124149770	881802891700207	41.0	3.0	32.0	-1.0	
1499124149789	881802911841809	41.0	3.0	32.0	-1.0	
1499124149813	881802931983410	41.0	3.0	32.0	-1.0	
1499124149842	881802952125012	41.0	3.0	31.0	-1.0	
1499124149859	881802972266614	41.0	3.0	31.0	-1.0	
1499124149878	881802992408215	41.0	2.6256561279296875	31.0	-1.0	
1499124149897	881803012549817	41.0	2.0	30.498306274414063	-1.0	
1499124149912	881803032691418	41.0	2.0	29.370941162109375	-1.0	
1499124149931	881803052833020	41.0	2.0	29.0	-1.0	
1499124149949	881803072974621	41.0	2.0	29.0	-1.0	
1499124149987	881803093116223	41.0	1.988037109375	28.0	-1.0	
1499124150003	881803113257825	40.860076904296875	1.0	28.0	-1.0	
1499124150031	881803133399426	39.73333740234375	0.73333740234375	28.0	-1.0	
1499124150038	881803153541028	39.0	0.0	28.0	-1.0	
1499124150057	881803173682629	38.4786376953125	0.0	28.0	-1.0	
1499124150074	881803193824231	38.0	0.0	28.0	-1.0	
1499124150092	881803213965832	38.0	0.0	28.0	-1.0	
1499124150110	881803234107434	37.095733642578125	0.0	28.0	-1.0	
1499124150150	881803254249035	37.0	0.0	28.0	-1.0	
1499124150164	881803274390637	37.0	0.0	28.0	-1.0	
1499124150186	881803294532239	36.71282958984375	-0.28717041015625	28.28717041015625	-1.0	
1499124150199	881803314673840	36.0	-1.0	29.4146728515625	-1.0	
1499124150224	881803334815442	36.0	-1.0	30.5418701171875	-1.0	
1499124150235	881803354957043	35.33106994628906	-1.0	31.0	-1.0	
1499124150253	881803375098645	34.20343017578125	-1.0	31.0	-1.0	
1499124150273	881803395240246	33.075225830078125	-0.075225830078125	31.0	-1.0	
1499124150306	881803415381848	32.94873046875	0.0	31.0	-1.0	
1499124150324	881803435523450	31.820526123046875	0.0	31.0	-1.0	
1499124150342	881803455665051	31.0	0.0	31.0	-1.0	
1499124150360	881803475806653	30.565826416015625	0.434173583984375	31.0	-1.0	
1499124150378	881803495948254	29.438568115234375	1.0	30.438568115234375	-1.0	
1499124150395	881803516089856	29.0	1.6888885498046875	30.0	-1.0	
1499124150413	881803536231457	29.0	2.0	30.0	-1.0	
1499124150437	881803556373059	28.056320190429688	2.0	30.0	-1.0	
1499124150467	881803576514660	28.0	1.0	31.0	-1.0	
1499124150485	881803596656262	28.0	1.0	31.0	-1.0	
1499124150502	881803616797864	27.673507690429688	1.0	31.0	-1.0	
1499124150520	881803636939465	27.0	1.0	31.0	-1.0	
1499124150540	881803657081067	27.581192016601563	1.0	31.0	-1.0	
1499124150556	881803677222668	28.0	1.0	31.0	-1.0	
1499124150574	881803697364270	28.0	1.0	31.0	-1.0	
1499124150592	881803717505871	28.0	1.9640960693359375	31.0	-1.0	
1499124150627	881803737647473	28.0	2.0921478271484375	31.0	-1.0	
1499124150646	881803757789075	28.0	3.0	31.0	-1.0	
1499124150665	881803777930676	28.0	3.0	31.0	-1.0	
1499124150681	881803798072278	27.526504516601563	3.4734954833984375	31.473495483398438	-1.0	
1499124150702	881803818213879	27.0	4.0	32.60169982910156	-1.0	
1499124150718	881803838355481	27.0	4.0	33.728668212890625	-1.0	
1499124150734	881803858497082	27.0	3.1436004638671875	33.14360046386719	-1.0	
1499124150754	881803878638684	27.0	2.0153961181640625	33.0	-1.0	
1499124150789	881803898780285	27.0	1.8889007568359375	33.0	-1.0	
1499124150807	881803918921887	27.0	1.0	33.0	-1.0	
1499124150824	881803939063489	27.0	1.0	33.0	-1.0	
1499124150841	881803959205090	27.0	0.5059967041015625	33.0	-1.0	
1499124150860	881803979346692	27.0	0.0	33.0	-1.0	
1499124150877	881803999488293	27.0	0.0	33.0	-1.0	
1499124150896	881804019629895	27.0	0.0	33.0	-1.0	
1499124150940	881804039771496	27.0	0.0	33.0	-1.0	
1499124150949	881804059913098	27.0	0.1313934326171875	33.0	-1.0	
1499124150967	881804080054700	27.0	1.0	33.0	-1.0	
1499124150985	881804100196301	27.0	1.0	33.0	-1.0	
1499124151004	881804120337903	27.0	1.0	33.0	-1.0	
1499124151023	881804140479504	27.0	1.0	33.0	-1.0	
1499124151038	881804160621106	27.0	1.0	33.76922607421875	-1.0	
1499124151057	881804180762707	27.0	0.1041107177734375	34.0	-1.0	
1499124151094	881804200904309	27.0	0.0	34.0	-1.0	
1499124151109	881804221045910	27.0	0.0	34.0	-1.0	
1499124151128	881804241187512	27.0	0.0	34.0	-1.0	
1499124151145	881804261329114	27.0	0.0	34.0	-1.0	
1499124151163	881804281470715	27.0	0.0	34.0	-1.0	
1499124151181	881804301612317	27.0	0.0	34.0	-1.0	
1499124151199	881804321753918	27.0	0.0	34.0	-1.0	
1499124151216	881804341895520	27.0	0.0	34.0	-1.0	
1499124151256	881804362037121	27.0	0.0	34.0	-1.0	
1499124151271	881804382178723	27.0	0.0	33.829071044921875	-1.0	
1499124151293	881804402320325	27.0	0.0	33.0	-1.0	
1499124151307	881804422461926	27.0	0.0	33.0	-1.0	
1499124151326	881804442603528	27.0	0.0	33.0	-1.0	
1499124151342	881804462745129	26.319122314453125	0.680877685546875	33.0	-1.0	
1499124151360	881804482886731	26.0	1.0	33.0	-1.0	
1499124151377	881804503028332	26.0	1.0	33.0	-1.0	
1499124151419	881804523169934	25.0	1.0	33.0	-1.0	
1499124151432	881804543311535	25.0	1.1911163330078125	33.0	-1.0	
1499124151460	881804563453137	25.0	2.0	33.0	-1.0	
1499124151471	881804583594739	25.0	2.0	33.0	-1.0	
1499124151484	881804603736340	25.0	2.5733642578125	33.0	-1.0	
1499124151505	881804623877942	25.0	3.0	32.29914855957031	-1.0	
1499124151522	881804644019543	25.0	3.0	32.0	-1.0	
1499124151538	881804664161145	25.0	3.0	32.0	-1.0	
1499124151575	881804684302746	25.083602905273438	3.0	32.0	-1.0	
1499124151592	881804704444348	26.0	3.0	32.21025085449219	-1.0	
1499124151610	881804724585950	26.0	3.0	33.0	-1.0	
1499124151633	881804744727551	26.0	2.5341339111328125	33.0	-1.0	
1499124151645	881804764869153	26.0	2.0	33.0	-1.0	
1499124151664	881804785010754	26.0	2.0	33.0	-1.0	
1499124151683	881804805152356	26.0	2.848114013671875	33.0	-1.0	
1499124151700	881804825293957	26.0	2.0239410400390625	33.0	-1.0	
1499124151736	881804845435559	25.897445678710938	1.8974456787109375	34.0	-1.0	
1499124151756	881804865577160	25.0	1.0	34.0	-1.0	
1499124151777	881804885718762	25.0	1.0	34.0	-1.0	
1499124151789	881804905860364	25.0	1.0	34.0	-1.0	
1499124151833	881804926001965	25.0	1.0	33.38633728027344	-1.0	
1499124151837	881804946143567	25.0	1.7406005859375	33.0	-1.0	
1499124151844	881804966285168	25.0	2.0	33.0	-1.0	
1499124151860	881804986426770	25.0	2.0	33.0	-1.0	
1499124151895	881805006568371	25.0	2.0	33.0	-1.0	
1499124151914	881805026709973	25.0	2.0	33.0	-1.0	
1499124151932	881805046851575	25.0	2.377777099609375	33.0	-1.0	
1499124151949	881805066993176	25.0	3.0	33.0	-1.0	
1499124151967	881805087134778	25.0	3.0	33.0	-1.0	
1499124151987	881805107276379	25.0	3.0	33.0	-1.0	
1499124152003	881805127417981	25.0	3.0	33.0	-1.0	
1499124152042	881805147559582	25.0	2.0	34.0	-1.0	
1499124152056	881805167701184	25.0	2.0	34.0	-1.0	
1499124152076	881805187842785	25.0	1.72991943359375	34.0	-1.0	
1499124152093	881805207984387	25.0	1.0	34.0	-1.0	
1499124152110	881805228125989	25.0	1.0	34.0	-1.0	
1499124152127	881805248267590	25.0	1.0	34.0	-1.0	
1499124152146	881805268409192	25.0	1.0	34.0	-1.0	
1499124152163	881805288550793	25.0	1.0	34.0	-1.0	
1499124152199	881805308692395	25.0	1.0	34.0	-1.0	
1499124152217	881805328833996	25.0	1.0	34.0	-1.0	
1499124152236	881805348975598	25.0	1.0	34.0	-1.0	
1499124152254	881805369117200	25.0	1.0	34.0	-1.0	
1499124152273	881805389258801	25.0	1.0	34.0	-1.0	
1499124152290	881805409400403	25.0	1.0	34.0	-1.0	
1499124152307	881805429542004	25.0	1.0	34.80340576171875	-1.0	
1499124152324	881805449683606	25.0	1.0	35.0	-1.0	
1499124152359	881805469825207	25.0	1.0	35.0	-1.0	
1499124152381	881805489966809	25.0	1.0	35.0	-1.0	
1499124152396	881805510108410	25.0	1.0	35.0	-1.0	
1499124152416	881805530250012	25.0	1.4427337646484375	35.0	-1.0	
1499124152431	881805550391614	25.0	2.0	35.0	-1.0	
1499124152450	881805570533215	25.0	2.6991424560546875	35.69914245605469	-1.0	
1499124152468	881805590674817	25.0	3.0	36.0	-1.0	
1499124152485	881805610816418	25.0	2.0444488525390625	35.04444885253906	-1.0	
1499124152522	881805630958020	25.0	2.0	35.0	-1.0	
1499124152539	881805651099621	25.0	1.7897491455078125	35.21025085449219	-1.0	
1499124152557	881805671241223	25.0	1.0	36.0	-1.0	
1499124152576	881805691382825	25.0	1.0	36.0	-1.0	
1499124152591	881805711524426	25.0	1.0	36.0	-1.0	
1499124152609	881805731666028	25.0	1.0	35.27693176269531	-1.0	
1499124152628	881805751807629	25.0	1.8512725830078125	35.0	-1.0	
1499124152646	881805771949231	25.0	2.0	35.0	-1.0	
1499124152681	881805792090832	25.0	2.0	35.0	-1.0	
1499124152699	881805812232434	25.0	2.0	35.0	-1.0	
1499124152717	881805832374035	25.0	1.6376190185546875	35.0	-1.0	
1499124152735	881805852515637	25.0	1.0	35.49058532714844	-1.0	
1499124152752	881805872657239	25.0	1.0	36.0	-1.0	
1499124152771	881805892798840	25.0	1.0	36.0	-1.0	
1499124152792	881805912940442	25.0	0.124786376953125	36.0	-1.0	
1499124152824	881805933082043	25.0	0.0	36.0	-1.0	
1499124152842	881805953223645	25.131622314453125	0.0	36.0	-1.0	
1499124152859	881805973365246	26.0	0.0	36.0	-1.0	
1499124152877	881805993506848	26.0	0.0	36.0	-1.0	
1499124152896	881806013648450	26.0	0.0	35.4854736328125	-1.0	
1499124152913	881806033790051	26.0	0.0	35.0	-1.0	
1499124152931	881806053931653	26.0	0.0	35.77093505859375	-1.0	
1499124152950	881806074073254	26.0	0.0	36.0	-1.0	
1499124152985	881806094214856	26.0	0.0	36.0	-1.0	
1499124153003	881806114356457	25.844451904296875	0.0	36.0	-1.0	
1499124153024	881806134498059	25.0	0.0	35.71624755859375	-1.0	
1499124153040	881806154639660	25.0	0.0	35.0	-1.0	
1499124153057	881806174781262	25.0	0.0	35.0	-1.0	
1499124153075	881806194922864	25.0	0.0	35.0	-1.0	
1499124153094	881806215064465	25.0	0.79486083984375	35.0	-1.0	
1499124153114	881806235206067	25.0	1.0	35.0	-1.0	
1499124153145	881806255347668	25.0	1.0	35.0	-1.0	
1499124153163	881806275489270	25.179473876953125	1.0	35.0	-1.0	
1499124153181	881806295630871	26.0	1.0	35.0	-1.0	
1499124153199	881806315772473	26.0	1.0	35.435882568359375	-1.0	
1499124153218	881806335914075	26.0	1.0	36.0	-1.0	
1499124153235	881806356055676	26.0	0.3088836669921875	36.0	-1.0	
1499124153255	881806376197278	26.0	0.0	36.0	-1.0	
1499124153273	881806396338879	26.0	0.0	36.0	-1.0	
1499124153309	881806416480481	26.0	1.0	36.0	-1.0	
1499124153325	881806436622082	26.0	1.0	36.0	-1.0	
1499124153343	881806456763684	26.0	1.0	36.0	-1.0	
1499124153363	881806476905285	26.0	0.5401763916015625	36.0	-1.0	
1499124153379	881806497046887	26.0	0.0	36.58802795410156	-1.0	
1499124153395	881806517188489	26.0	0.0	37.0	-1.0	
1499124153416	881806537330090	26.0	0.0	36.15556335449219	-1.0	
1499124153431	881806557471692	26.0	0.0	36.0	-1.0	
1499124153467	881806577613293	26.0	0.0	36.0	-1.0	
1499124153486	881806597754895	26.0	0.0	36.0	-1.0	
1499124153503	881806617896496	26.0	0.0	36.0	-1.0	
1499124153521	881806638038098	26.0	0.0	36.0	-1.0	
1499124153539	881806658179700	25.388046264648438	0.0	36.0	-1.0	
1499124153558	881806678321301	25.0	0.0	36.0	-1.0	
1499124153575	881806698462903	25.868362426757813	0.0	36.0	-1.0	
1499124153593	881806718604504	26.0	0.0	36.0	-1.0	
1499124153628	881806738746106	26.0	0.0	36.0	-1.0	
1499124153646	881806758887707	26.0	0.0	36.0	-1.0	
1499124153666	881806779029309	26.0	0.0	36.0	-1.0	
1499124153681	881806799170910	26.0	0.0	36.0	-1.0	
1499124153700	881806819312512	26.0	0.0	36.0	-1.0	
1499124153718	881806839454114	26.0	0.0	36.0	-1.0	
1499124153735	881806859595715	26.892303466796875	0.0	36.0	-1.0	
1499124153782	881806879737317	27.0	0.0	36.0	-1.0	
1499124153788	881806899878918	27.0	0.0	36.0	-1.0	
1499124153808	881806920020520	27.0	0.0	36.0	-1.0	
1499124153825	881806940162121	27.0	-0.403411865234375	36.403411865234375	-1.0	
1499124153843	881806960303723	27.0	-1.0	37.0	-1.0	
1499124153861	881806980445325	27.0	-1.0	37.0	-1.0	
1499124153878	881807000586926	27.0	-1.78802490234375	37.0	-1.0	
1499124153896	881807020728528	27.916229248046875	-2.0	37.916229248046875	-1.0	
1499124153931	881807040870129	28.0	-2.0	38.0	-1.0	
1499124153949	881807061011731	28.0	-2.0	38.0	-1.0	
1499124153968	881807081153332	28.0	-2.0	38.0	-1.0	
1499124153985	881807101294934	28.0	-2.427337646484375	38.0	-1.0	
1499124154003	881807121436535	28.0	-3.0	38.0	-1.0	
1499124154024	881807141578137	28.683746337890625	-3.0	38.683746337890625	-1.0	
1499124154039	881807161719739	29.0	-3.0	39.0	-1.0	
1499124154057	881807181861340	29.0	-3.9401702880859375	39.0	-1.0	
1499124154101	881807202002942	29.0	-3.0	39.0	-1.0	
1499124154110	881807222144543	29.0	-3.0	39.0	-1.0	
1499124154128	881807242286145	29.0	-3.0	39.0	-1.0	
1499124154146	881807262427746	29.0	-3.45220947265625	39.0	-1.0	
1499124154163	881807282569348	29.579483032226563	-3.4205169677734375	39.0	-1.0	
1499124154181	881807302710950	30.0	-3.0	39.0	-1.0	
1499124154199	881807322852551	29.164108276367188	-3.0	39.0	-1.0	
1499124154217	881807342994153	29.0	-2.0359039306640625	39.0	-1.0	
1499124154254	881807363135754	29.0	-2.0923004150390625	39.0	-1.0	
1499124154275	881807383277356	29.0	-3.0	39.0	-1.0	
1499124154293	881807403418957	29.0	-3.3487091064453125	39.0	-1.0	
1499124154313	881807423560559	29.0	-4.0	39.47691345214844	-1.0	
1499124154324	881807443702160	28.394882202148438	-3.3948822021484375	39.39488220214844	-1.0	
1499124154342	881807463843762	28.0	-2.2679290771484375	39.0	-1.0	
1499124154360	881807483985364	27.140182495117188	-2.0	38.14018249511719	-1.0	
1499124154378	881807504126965	27.0	-1.0119781494140625	38.0	-1.0	
1499124154419	881807524268567	27.0	-1.0	38.0	-1.0	
1499124154431	881807544410168	27.244430541992188	-1.0	38.0	-1.0	
1499124154450	881807564551770	28.0	-1.3726348876953125	38.0	-1.0	
1499124154467	881807584693371	28.0	-2.0	38.5008544921875	-1.0	
1499124154487	881807604834973	28.0	-2.629058837890625	39.0	-1.0	
1499124154504	881807624976575	28.0	-3.0	39.0	-1.0	
1499124154520	881807645118176	28.0	-3.0	38.11604309082031	-1.0	
1499124154556	881807665259778	28.0	-3.0	38.0	-1.0	
1499124154575	881807685401379	28.0	-3.0	38.0	-1.0	
1499124154598	881807705542981	28.0	-3.0	38.0	-1.0	
1499124154610	881807725684582	28.0	-3.0	38.0	-1.0	
1499124154628	881807745826184	28.0	-2.4752197265625	38.0	-1.0	
1499124154646	881807765967785	28.0	-2.0	38.0	-1.0	
1499124154664	881807786109387	28.0	-2.0	38.0	-1.0	
1499124154681	881807806250989	28.0	-2.0	38.0	-1.0	
1499124154717	881807826392590	28.0	-3.0	38.0	-1.0	
1499124154734	881807846534192	28.0	-3.0	38.0	-1.0	
1499124154753	881807866675793	28.0	-3.0	38.0	-1.0	
1499124154771	881807886817395	28.0	-3.0	38.0	-1.0	
1499124154788	881807906958996	28.0	-3.0	38.0	-1.0	
1499124154806	881807927100598	28.0	-3.0	38.0	-1.0	
1499124154826	881807947263456	28.0	-3.0	38.0	-1.0	
1499124154842	881807967405057	28.0	-3.0	38.0	-1.0	
1499124154878	881807987546659	28.0	-2.938568115234375	38.0	-1.0	
1499124154896	881808007688260	28.0	-2.0	38.0	-1.0	
1499124154914	881808027829862	28.0	-2.0	38.0	-1.0	
1499124154955	881808047971463	28.0	-2.4444427490234375	38.0	-1.0	
1499124154963	881808068113065	28.0	-3.0	38.0	-1.0	
1499124154971	881808088254666	28.0	-3.0	38.0	-1.0	
1499124154985	881808108396268	28.0	-3.0	38.0	-1.0	
1499124155002	881808128537870	28.0	-3.0	38.0	-1.0	
1499124155038	881808148679471	28.0	-3.0	38.0	-1.0	
1499124155059	881808168821073	28.0	-3.0	38.0	-1.0	
1499124155077	881808188962674	28.0	-3.0	38.0	-1.0	
1499124155093	881808209104276	28.0	-2.5316314697265625	38.0	-1.0	
1499124155110	881808229245877	28.0	-2.0	38.0	-1.0	
1499124155128	881808249387479	28.0	-2.0	38.0	-1.0	
1499124155146	881808269529081	28.852981567382813	-2.0	38.0	-1.0	
1499124155166	881808289670682	29.0	-2.0	38.0	-1.0	
1499124155212	881808309812284	29.0	-1.8906097412109375	38.0	-1.0	
1499124155217	881808329953885	29.0	-1.2375946044921875	38.0	-1.0	
1499124155235	881808350095487	29.0	-2.0	38.0	-1.0	
1499124155257	881808370237088	29.4931640625	-2.0	38.4931640625	-1.0	
1499124155271	881808390378690	30.0	-2.0	39.0	-1.0	
1499124155288	881808410520291	30.0	-2.0	39.0	-1.0	
1499124155307	881808430661893	30.0	-2.0	39.0	-1.0	
1499124155342	881808450803495	29.994873046875	-2.0	39.0	-1.0	
1499124155360	881808470945096	29.0	-2.133331298828125	38.866668701171875	-1.0	
1499124155379	881808491086698	29.0	-3.0	38.0	-1.0	
1499124155396	881808511228299	29.0	-3.389739990234375	38.0	-1.0	
1499124155418	881808531369901	29.5179443359375	-4.0	38.0	-1.0	
1499124155432	881808551511502	30.0	-4.645050048828125	38.645050048828125	-1.0	
1499124155450	881808571653104	30.0	-4.22735595703125	39.0	-1.0	
1499124155469	881808591794706	30.0	-4.0	39.0	-1.0	
1499124155503	881808611936307	29.0	-3.970947265625	38.0	-1.0	
1499124155521	881808632077909	29.0	-3.0	38.0	-1.0	
1499124155538	881808652219510	29.0	-2.71453857421875	38.0	-1.0	
1499124155556	881808672361112	29.0	-2.0	38.0	-1.0	
1499124155577	881808692502713	29.0	-1.4581298828125	38.0	-1.0	
1499124155592	881808712644315	29.0	-1.0	38.0	-1.0	
1499124155613	881808732785916	29.0	-0.2030792236328125	38.0	-1.0	
1499124155627	881808752927518	29.0	0.0	38.0	-1.0	
1499124155663	881808773069120	29.0	-1.0	38.0	-1.0	
1499124155683	881808793210721	29.0	-1.181182861328125	38.0	-1.0	
1499124155699	881808813352323	29.30938720703125	-2.0	38.30938720703125	-1.0	
1499124155718	881808833493924	30.0	-2.0	39.0	-1.0	
1499124155735	881808853635526	30.0	-2.5658111572265625	39.0	-1.0	
1499124155753	881808873777127	30.0	-3.0	39.0	-1.0	
1499124155773	881808893918729	30.0	-3.0	39.0	-1.0	
1499124155789	881808914060331	30.0	-2.0495758056640625	39.0	-1.0	
1499124155827	881808934201932	29.923080444335938	-2.0	39.0	-1.0	
1499124155843	881808954343534	29.0	-2.0	39.0	-1.0	
