1504191345847	2557227107594	273.0	-21.0	-8.0	95.0	
1504191345885	2557247249195	272.0	-20.0	-9.0	95.0	
1504191345900	2557267390797	272.0	-20.0	-9.0	95.0	
1504191345918	2557287532398	272.0	-20.0	-9.0	95.0	
1504191345935	2557307674000	272.0	-20.0	-9.0	95.0	
1504191345953	2557327815601	272.0	-20.0	-9.0	95.0	
1504191345971	2557347957203	272.0	-20.0	-9.0	95.0	
1504191345988	2557368098805	272.0	-20.880828857421875	-9.880828857421875	95.0	
1504191346089	2557388240406	272.0	-21.0	-11.0	95.0	
1504191346162	2557408382008	272.0	-20.839385986328125	-11.0	95.0	
1504191346173	2557428523609	272.0	-20.0	-11.0	95.0	
1504191346181	2557448665211	272.4404296875	-20.0	-11.0	95.0	
1504191346198	2557468806812	273.0	-20.0	-10.419692993164063	95.0	
1504191346212	2557488948414	273.0	-20.0	-10.0	95.0	
1504191346232	2557509090015	273.0	-20.0	-9.138412475585938	95.0	
1504191346245	2557529231617	273.0	-20.0	-9.0	95.0	
1504191346255	2557549373219	273.0	-20.0	-9.0	95.0	
1504191346263	2557569514820	273.0	-20.0	-9.0	95.0	
1504191346275	2557589656422	273.0	-20.0	-9.0	95.0	
1504191346281	2557609798023	273.0	-20.0	-9.0	95.0	
1504191346291	2557629939625	273.0	-20.0	-8.298797607421875	95.0	
1504191346300	2557650081226	273.0	-20.0	-8.0	95.0	
1504191346313	2557670222828	273.0	-20.0	-8.0	95.0	
1504191346327	2557690364430	273.0	-20.0	-8.0	95.0	
1504191346341	2557710506031	273.0	-20.0	-8.0	95.0	
1504191346357	2557730647633	273.0	-20.0	-8.0	95.0	
1504191346376	2557750789234	273.0	-20.0	-8.0	95.0	
1504191346397	2557770930836	273.0	-20.0	-7.3177947998046875	95.0	
1504191346412	2557791072437	273.0	-20.0	-7.0	95.0	
1504191346431	2557811214039	273.0	-20.0	-7.0	95.0	
1504191346465	2557831355640	273.0	-20.0	-7.0	95.0	
1504191346487	2557851497242	273.0	-20.0	-7.0	95.0	
1504191346502	2557871638844	273.0	-20.0	-7.0	95.0	
1504191346520	2557891780445	273.0	-20.0	-6.478424072265625	95.0	
1504191346535	2557911922047	273.0	-20.0	-6.0	95.0	
1504191346555	2557932063648	273.0	-20.0	-6.0	95.0	
1504191346571	2557952205250	273.0	-20.0	-6.0	95.0	
1504191346607	2557972346851	273.0	-20.0	-6.0	95.0	
1504191346625	2557992488453	273.0	-20.0	-6.0	95.0	
1504191346647	2558012630055	273.0	-20.0	-6.0	95.0	
1504191346660	2558032771656	273.0	-20.0	-6.0	95.0	
1504191346677	2558052913258	273.0	-20.0	-6.0	95.0	
1504191346693	2558073054859	273.0	-20.0	-6.0	95.0	
1504191346712	2558093196461	273.0	-20.0	-6.0	95.0	
1504191346746	2558113338062	273.0	-20.0	-6.0	95.0	
1504191346765	2558133479664	273.0	-20.0	-6.0	95.0	
1504191346781	2558153621265	273.0	-20.0	-6.0	95.0	
1504191346800	2558173762867	273.0	-20.0	-6.0	95.0	
1504191346817	2558193904469	273.0	-20.0	-6.0	95.0	
1504191346834	2558214046070	273.0	-20.0	-6.0	95.0	
1504191346852	2558234187672	273.0	-20.0	-6.0	95.0	
1504191346888	2558254329273	273.0	-20.0	-6.0	95.0	
1504191346906	2558274470875	273.0	-20.0	-6.0	95.0	
1504191346924	2558294612476	273.0	-20.0	-6.0	95.0	
1504191346941	2558314754078	273.0	-20.0	-6.0	95.0	
1504191346959	2558334895680	273.0	-20.0	-6.0	95.0	
1504191346978	2558355037281	273.0	-20.0	-6.0	95.0	
1504191346995	2558375178883	273.0	-20.0	-6.0	95.0	
1504191347029	2558395320484	273.0	-20.0	-6.0	95.0	
1504191347047	2558415462086	273.0	-20.0	-6.0	95.0	
1504191347062	2558435603687	273.0	-20.0	-6.302764892578125	95.0	
1504191347082	2558455745289	273.0	-20.0	-7.0	95.0	
1504191347099	2558475886890	273.0	-20.0	-7.0	95.0	
1504191347116	2558496028492	273.0	-20.723648071289063	-7.7236480712890625	95.0	
1504191347135	2558516170094	273.0	-21.0	-8.0	95.0	
1504191347169	2558536311695	273.0	-21.0	-9.0	95.0	
1504191347191	2558556453297	273.0	-21.0	-9.143341064453125	95.0	
1504191347204	2558576594898	273.0	-21.0	-10.283233642578125	95.0	
1504191347223	2558596736500	273.0	-21.0	-11.423141479492188	95.0	
1504191347245	2558616878101	273.0	-21.0	-12.0	95.0	
1504191347261	2558637019703	273.0	-21.0	-12.0	95.0	
1504191347275	2558657161305	273.0	-21.0	-12.842819213867188	95.0	
1504191347293	2558677302906	273.0	-21.0	-13.0	95.0	
1504191347328	2558697444508	273.0	-21.0	-12.875656127929688	95.0	
1504191347345	2558717586109	273.0	-21.0	-12.0	95.0	
1504191347363	2558737727711	273.0	-21.0	-12.0	95.0	
1504191347381	2558757869312	273.0	-21.0	-12.0	95.0	
1504191347400	2558778010914	273.0	-21.0	-12.683929443359375	95.0	
1504191347416	2558798152515	273.0	-21.0	-13.0	95.0	
1504191347433	2558818294117	273.0	-20.036270141601563	-13.0	95.0	
1504191347470	2558838435719	273.0	-20.0	-12.0	95.0	
1504191347486	2558858577320	273.0	-20.0	-12.0	95.0	
1504191347518	2558878718922	273.3834228515625	-20.0	-11.616592407226563	95.0	
1504191347531	2558898860523	274.0	-20.0	-11.0	95.0	
1504191347542	2558919002125	274.0	-20.0	-10.335647583007813	95.0	
1504191347559	2558939143726	274.0	-20.0	-10.0	95.0	
1504191347575	2558959285328	274.0	-20.0	-9.055282592773438	95.0	
1504191347611	2558979426930	274.0	-20.0	-9.0	95.0	
1504191347627	2558999568531	274.0	-20.0	-8.775482177734375	95.0	
1504191347646	2559019710133	274.0	-20.0	-8.0	95.0	
1504191347668	2559039851734	274.0	-20.0	-8.0	95.0	
1504191347681	2559059993336	274.0	-20.0	-7.3557891845703125	95.0	
1504191347698	2559080134937	274.0	-20.0	-7.0	95.0	
1504191347716	2559100276539	274.0	-20.0	-7.0	95.0	
1504191347751	2559120418140	274.0	-20.0	-7.0	95.0	
1504191347768	2559140559742	274.0	-20.0	-7.0	95.0	
1504191347786	2559160701344	274.0	-20.0	-7.0	95.0	
1504191347803	2559180842945	274.0	-20.0	-7.0	95.0	
1504191347823	2559200984547	274.0	-20.0	-7.0	95.0	
1504191347839	2559221126148	274.0	-20.0	-7.0	95.0	
1504191347857	2559241267750	274.0	-20.0	-7.0	95.0	
1504191347892	2559261409351	274.0	-20.0	-7.0	95.0	
1504191347909	2559281550953	274.0	-20.0	-7.0	95.0	
1504191347932	2559301692555	274.0	-20.0	-7.0	95.0	
1504191347948	2559321834156	274.0	-20.0	-7.0	95.0	
1504191347967	2559341975758	274.0	-20.0	-7.0	95.0	
1504191347998	2559362117359	275.0	-20.0	-6.863555908203125	95.0	
1504191348016	2559382258961	275.0	-20.0	-6.0	95.0	
1504191348033	2559402400562	275.0	-20.0	-6.0	95.0	
1504191348049	2559422542164	274.22418212890625	-20.0	-6.0	95.0	
1504191348069	2559442683765	274.93170166015625	-20.0	-6.0	95.0	
1504191348104	2559462825367	275.0	-20.0	-6.0	95.0	
1504191348122	2559482966969	275.0	-20.0	-6.0	95.0	
1504191348141	2559503108570	275.0	-20.0	-6.0	95.0	
1504191348157	2559523250172	275.0	-20.0	-5.523162841796875	95.0	
1504191348174	2559543391773	275.0	-20.0	-5.0	95.0	
1504191348191	2559563533375	274.259033203125	-20.0	-5.0	95.0	
1504191348209	2559583674976	274.0	-20.0	-5.0	95.0	
1504191348245	2559603816578	274.00341796875	-19.0	-5.0	95.0	
1504191348262	2559623958180	274.864501953125	-19.0	-4.864501953125	95.0	
1504191348280	2559644099781	274.0	-19.0	-4.0	95.0	
1504191348298	2559664241383	274.0	-19.0	-4.0	95.0	
1504191348315	2559684382984	274.0	-19.0	-4.0	95.0	
1504191348332	2559704524586	274.0	-19.0	-3.337921142578125	95.0	
1504191348352	2559724666187	274.0	-19.0	-3.0	95.0	
1504191348369	2559744807789	274.0	-19.0	-3.0	95.0	
1504191348406	2559764949390	274.0	-19.0	-2.9434051513671875	95.0	
1504191348421	2559785090992	274.0	-19.0	-2.0	95.0	
1504191348439	2559805220224	274.0	-19.0	-2.0	95.0	
1504191348457	2559825361825	274.0	-19.0	-2.0	95.0	
1504191348473	2559845503427	274.0	-19.0	-2.0	95.0	
1504191348492	2559865645028	274.0	-19.0	-2.0	95.0	
1504191348511	2559885786630	274.0	-19.0	-2.845611572265625	95.0	
1504191348527	2559905928231	274.0	-19.0	-3.0	95.0	
1504191348563	2559926069833	274.0	-19.0	-3.0	95.0	
1504191348581	2559946211435	274.0	-19.0	-3.0	95.0	
1504191348597	2559966353036	274.0	-19.0	-3.0	95.0	
1504191348615	2559986494638	274.0	-19.0	-3.50341796875	95.0	
1504191348632	2560006636239	274.0	-19.0	-4.0	95.0	
1504191348650	2560026777841	274.0	-19.0	-4.0	95.0	
1504191348670	2560046919442	274.0	-19.0	-4.0	95.0	
1504191348704	2560067061044	274.0	-19.0	-4.0	95.0	
1504191348721	2560087202645	274.0	-19.0	-4.0	95.0	
1504191348738	2560107344247	274.0	-19.0	-4.0	95.0	
1504191348761	2560127485849	274.0	-19.0	-4.0	95.0	
1504191348774	2560147627450	274.0	-19.0	-4.0	95.0	
1504191348791	2560167769052	274.0	-19.0	-4.0	95.0	
1504191348809	2560187910653	273.18011474609375	-19.0	-4.81988525390625	95.0	
1504191348827	2560208052255	273.0	-19.0	-5.0	95.0	
1504191348861	2560228193856	273.0	-19.0	-5.0	95.0	
1504191348879	2560248335458	273.0	-19.0	-5.0	95.0	
1504191348896	2560268477060	273.0	-19.0	-5.0	95.0	
1504191348914	2560288618661	273.0	-19.476837158203125	-5.476837158203125	95.0	
1504191348934	2560308760263	273.0	-20.0	-6.0	95.0	
1504191348950	2560328901864	273.0	-20.0	-6.0	95.0	
1504191348968	2560349043466	273.0	-20.0	-6.0	95.0	
1504191349003	2560369185067	273.0	-20.0	-6.0	95.0	
1504191349021	2560389326669	273.0	-20.0	-6.0	95.0	
1504191349038	2560409468270	273.0	-20.0	-6.0	95.0	
1504191349056	2560429609872	273.0	-20.0	-6.0	95.0	
1504191349073	2560449751474	273.0	-20.0	-6.0	95.0	
1504191349092	2560469893075	273.0	-20.0	-6.0	95.0	
1504191349109	2560490034677	272.20721435546875	-20.0	-6.0	95.0	
1504191349126	2560510176278	272.0	-20.0	-5.0754852294921875	95.0	
1504191349161	2560530317880	270.94342041015625	-20.0	-4.9434051513671875	95.0	
1504191349178	2560550459481	270.0	-20.188674926757813	-4.0	95.0	
1504191349200	2560570601083	270.0	-20.676483154296875	-4.0	95.0	
1504191349214	2560590742685	269.5329895019531	-20.0	-4.0	95.0	
1504191349238	2560610884286	269.0	-20.0	-4.6512908935546875	95.0	
1504191349252	2560631025888	269.0	-20.0	-5.0	95.0	
1504191349284	2560651167489	269.0	-20.0	-6.0	95.0	
1504191349301	2560671309091	268.6955871582031	-20.0	-6.304412841796875	95.0	
1504191349318	2560691450692	268.0	-20.0	-7.0	95.0	
1504191349337	2560711592294	268.0	-20.0	-7.0	95.0	
1504191349357	2560731733895	267.0424499511719	-20.957550048828125	-7.957550048828125	95.0	
1504191349390	2560751875497	267.0	-20.0	-8.0	95.0	
1504191349409	2560772017099	267.0	-20.0	-8.0	95.0	
1504191349425	2560792158700	267.0	-20.0	-8.0	95.0	
1504191349443	2560812300302	267.0	-20.0	-8.0	95.0	
1504191349461	2560832441903	267.0	-20.0	-8.0	95.0	
1504191349479	2560852583505	267.0	-19.072677612304688	-8.0	95.0	
1504191349516	2560872725106	266.0	-18.930679321289063	-8.069320678710938	95.0	
1504191349531	2560892866708	266.0	-18.0	-9.0	95.0	
1504191349549	2560913008310	266.0	-18.0	-9.354660034179688	95.0	
1504191349567	2560933149911	266.0	-18.0	-10.0	95.0	
1504191349584	2560953291513	265.35986328125	-18.0	-10.64013671875	95.0	
1504191349601	2560973433114	265.0	-18.0	-11.783355712890625	95.0	
1504191349621	2560993574716	265.0	-17.07440185546875	-12.0	95.0	
1504191349656	2561013716317	265.0	-17.0	-13.0	95.0	
1504191349674	2561033857919	264.7889404296875	-17.0	-13.0	95.0	
1504191349690	2561053999520	264.0	-17.0	-13.0	95.0	
1504191349708	2561074141122	264.4888000488281	-17.0	-13.0	95.0	
1504191349725	2561094282724	265.0	-16.375228881835938	-13.0	95.0	
1504191349742	2561114424325	265.0	-16.0	-13.0	95.0	
1504191349761	2561134565927	265.0	-16.0	-13.0	95.0	
1504191349796	2561154707528	266.0	-15.0	-14.0361328125	95.0	
1504191349813	2561174849130	266.17242431640625	-15.0	-15.172409057617188	95.0	
1504191349833	2561194990731	267.309814453125	-15.0	-16.309799194335938	95.0	
1504191349848	2561215132333	268.4457702636719	-14.554229736328125	-17.445770263671875	95.0	
1504191349865	2561235273935	269.582763671875	-14.0	-18.0	95.0	
1504191349884	2561255415536	270.71942138671875	-14.0	-18.719436645507813	95.0	
1504191349901	2561275557138	271.0	-13.143112182617188	-19.0	95.0	
1504191349918	2561295698739	271.0	-13.0	-19.0	95.0	
1504191349954	2561315840341	271.13079833984375	-12.0	-18.0	95.0	
1504191349972	2561335981942	272.0	-12.0	-17.733230590820313	95.0	
1504191349989	2561356123544	272.0	-11.5965576171875	-16.5965576171875	95.0	
1504191350007	2561376265145	272.0	-11.0	-14.91912841796875	95.0	
1504191350023	2561396406747	272.0	-11.677581787109375	-14.0	95.0	
1504191350046	2561416548349	272.0	-12.0	-14.0	95.0	
1504191350060	2561436689950	271.0499267578125	-12.0	-14.0	95.0	
1504191350096	2561456831552	271.0	-12.0877685546875	-13.9122314453125	95.0	
1504191350112	2561476973153	271.22412109375	-13.0	-12.775863647460938	95.0	
1504191350130	2561497114755	272.0	-13.0	-12.0	95.0	
1504191350148	2561517256356	272.0	-13.0	-12.0	95.0	
1504191350164	2561537397958	272.0	-13.0	-12.0	95.0	
1504191350183	2561557539560	272.0	-13.0	-12.0	95.0	
1504191350201	2561577681161	271.09136962890625	-13.0	-12.0	95.0	
1504191350236	2561597822763	271.0	-13.0	-13.0	95.0	
1504191350255	2561617964364	270.81756591796875	-13.0	-13.0	95.0	
1504191350271	2561638105966	270.0	-13.318954467773438	-13.0	95.0	
1504191350289	2561658247567	270.0	-14.0	-13.0	95.0	
1504191350305	2561678389169	270.0	-14.0	-13.0	95.0	
1504191350325	2561698530770	270.0	-14.0	-13.0	95.0	
1504191350342	2561718672372	270.0	-14.0	-13.0	95.0	
1504191350379	2561738813974	270.0	-14.0	-12.0	95.0	
1504191350395	2561758955575	270.0	-14.0	-12.0	95.0	
1504191350412	2561779097177	270.0	-14.0	-12.0	95.0	
1504191350430	2561799238778	270.0	-13.586929321289063	-11.586929321289063	95.0	
1504191350446	2561819380380	270.0	-13.0	-11.0	95.0	
1504191350466	2561839521981	270.0	-13.0	-11.0	95.0	
1504191350483	2561859663583	269.1758728027344	-13.824127197265625	-11.0	95.0	
1504191350500	2561879805185	269.0	-14.0	-11.0	95.0	
1504191350535	2561899946786	269.0	-14.0	-11.0	95.0	
1504191350553	2561920088388	269.0	-14.0	-11.0	95.0	
1504191350571	2561940229989	269.0	-14.0	-10.629318237304688	95.0	
1504191350588	2561960371591	269.0	-14.0	-10.0	95.0	
1504191350606	2561980513192	269.0	-14.0	-10.0	95.0	
1504191350627	2562000654794	269.0	-14.0	-10.0	95.0	
1504191350643	2562020796395	269.0	-14.0	-9.082626342773438	95.0	
1504191350685	2562040937997	269.0	-14.0	-9.0	95.0	
1504191350696	2562061079599	269.1913757324219	-14.0	-9.0	95.0	
1504191350713	2562081221200	270.0	-14.0	-9.0	95.0	
1504191350729	2562101362802	270.0	-14.0	-9.0	95.0	
1504191350746	2562121504403	270.0	-14.0	-9.0	95.0	
1504191350764	2562141646005	270.0	-14.0	-9.0	95.0	
1504191350783	2562161787606	270.0	-14.0	-9.0	95.0	
1504191350817	2562181929208	270.0	-14.0	-9.0	95.0	
1504191350835	2562202070810	270.0	-14.0	-9.0	95.0	
1504191350853	2562222212411	270.28619384765625	-14.0	-9.0	95.0	
1504191350870	2562242354013	271.0	-14.0	-9.0	95.0	
1504191350888	2562262495614	271.0	-14.0	-9.0	95.0	
1504191350906	2562282637216	270.303466796875	-14.0	-9.0	95.0	
1504191350924	2562302778817	270.0	-14.0	-9.0	95.0	
1504191350943	2562322920419	270.0	-14.0	-9.0	95.0	
1504191350977	2562343062020	270.0	-14.0	-8.0	95.0	
1504191350994	2562363203622	270.244384765625	-14.0	-8.244400024414063	95.0	
1504191351013	2562383345224	271.0	-14.0	-9.0	95.0	
1504191351028	2562403486825	271.0	-14.0	-9.0	95.0	
1504191351047	2562423628427	271.0	-14.0	-9.0	95.0	
1504191351064	2562443770028	271.0	-14.0	-9.791366577148438	95.0	
1504191351082	2562463911630	271.0	-14.0	-10.0	95.0	
1504191351117	2562484053231	271.0	-14.0	-11.0	95.0	
1504191351135	2562504194833	271.0	-14.0	-11.0	95.0	
1504191351154	2562524336435	271.0	-14.0	-11.337921142578125	95.0	
1504191351172	2562544478036	271.0	-14.0	-11.52496337890625	95.0	
1504191351188	2562564619638	271.0	-14.0	-11.612060546875	95.0	
1504191351208	2562584761239	271.0	-14.0	-12.0	95.0	
1504191351223	2562604902841	271.8846740722656	-14.0	-12.0	95.0	
1504191351258	2562625044442	272.0	-14.0	-12.0	95.0	
1504191351276	2562645186044	272.15863037109375	-14.0	-12.0	95.0	
1504191351294	2562665327645	273.0	-14.0	-12.0	95.0	
1504191351312	2562685469247	273.0	-14.0	-12.0	95.0	
1504191351329	2562705610849	273.5697021484375	-13.4302978515625	-12.0	95.0	
1504191351347	2562725752450	274.0	-13.0	-12.0	95.0	
1504191351366	2562745894052	274.0	-13.843093872070313	-12.0	95.0	
1504191351382	2562766035653	274.0	-14.0	-12.979339599609375	95.0	
1504191351417	2562786177255	275.0	-14.0	-12.0	95.0	
1504191351440	2562806318856	275.0	-13.746566772460938	-11.746566772460938	95.0	
1504191351470	2562826460458	275.0	-13.0	-11.0	95.0	
1504191351483	2562846602060	275.0	-13.52667236328125	-10.47332763671875	95.0	
1504191351563	2562866743661	275.0	-14.0	-10.0	95.0	
1504191351574	2562886885263	275.0	-14.800338745117188	-10.0	95.0	
1504191351584	2562907026864	275.0	-15.0	-10.0	95.0	
1504191351600	2562927168466	275.0	-15.0	-10.074127197265625	95.0	
1504191351628	2562947310067	275.0	-15.0	-11.0	95.0	
1504191351641	2562967451669	275.0	-15.0	-11.0	95.0	
1504191351647	2562987593270	275.0	-15.484481811523438	-11.0	95.0	
1504191351652	2563007734872	275.0	-16.0	-11.0	95.0	
1504191351658	2563027876474	275.0	-16.0	-11.0	95.0	
1504191351681	2563048018075	275.0	-16.0	-11.0	95.0	
1504191351699	2563068159677	275.0	-17.0	-10.0	95.0	
1504191351773	2563088301278	275.0	-17.0	-9.831329345703125	95.0	
1504191351779	2563108442880	275.0	-17.0	-8.69378662109375	95.0	
1504191351792	2563128584481	275.0	-17.0	-7.5495758056640625	95.0	
1504191351796	2563148726083	275.0	-17.597213745117188	-6.4027862548828125	95.0	
1504191351811	2563168867685	275.0	-18.0	-5.2556610107421875	95.0	
1504191351837	2563189009286	275.0	-18.890625	-4.109375	95.0	
1504191351850	2563209150888	275.0	-20.0	-2.9634857177734375	95.0	
1504191351858	2563229292489	275.0	-20.18402099609375	-1.81597900390625	95.0	
1504191351874	2563249434091	275.0	-21.0	-1.0	95.0	
1504191351894	2563269575692	275.0	-21.476516723632813	-1.0	95.0	
1504191351912	2563289717294	275.0	-22.0	-0.376739501953125	95.0	
1504191351930	2563309858895	275.76910400390625	-22.0	0.0	95.0	
1504191351947	2563330000497	276.0	-22.0	0.0	95.0	
1504191351981	2563350142099	276.0	-22.0	-1.0625	95.0	
1504191352001	2563370283700	275.79132080078125	-22.0	-2.2086944580078125	95.0	
1504191352015	2563390425302	275.0	-22.0	-3.35589599609375	95.0	
1504191352034	2563410566903	275.501708984375	-22.0	-4.0	95.0	
1504191352052	2563430708505	276.0	-22.648681640625	-4.648681640625	95.0	
1504191352069	2563450850106	276.0	-23.0	-5.0	95.0	
1504191352086	2563470991708	276.0	-23.0	-5.0	95.0	
1504191352122	2563491133310	276.0	-23.0	-5.0	95.0	
1504191352142	2563511274911	276.0	-23.0	-5.0	95.0	
1504191352157	2563531416513	276.0	-23.0	-5.0	95.0	
1504191352175	2563551558114	276.0	-23.0	-5.0	95.0	
1504191352192	2563571699716	276.0	-23.0	-5.6735992431640625	95.0	
1504191352210	2563591841317	276.0	-23.0	-6.0	95.0	
1504191352227	2563611982919	276.0	-23.0	-6.0	95.0	
1504191352264	2563632124520	275.0	-23.0	-6.0	95.0	
1504191352281	2563652266122	275.0	-22.739593505859375	-6.0	95.0	
1504191352297	2563672407724	275.0	-22.0	-6.0	95.0	
1504191352317	2563692549325	275.0	-22.0	-5.4461822509765625	95.0	
1504191352333	2563712690927	275.0	-21.30035400390625	-5.0	95.0	
1504191352351	2563732832528	275.0	-21.0	-4.153045654296875	95.0	
1504191352368	2563752974130	275.0	-21.0	-4.0	95.0	
1504191352404	2563773115731	275.0	-20.0	-4.0	95.0	
1504191352422	2563793257333	275.0	-20.0	-4.0	95.0	
1504191352438	2563813398935	275.0	-20.0	-4.0	95.0	
1504191352457	2563833540536	275.0	-19.420883178710938	-4.0	95.0	
1504191352475	2563853682138	275.0	-19.0	-4.0	95.0	
1504191352493	2563873823739	275.0	-19.0	-4.0	95.0	
1504191352529	2563893965341	276.0	-20.0	-4.0	95.0	
1504191352545	2563914106942	276.0	-20.0	-4.0	95.0	
1504191352562	2563934248544	276.0	-20.311294555664063	-4.0	95.0	
1504191352580	2563954390145	275.54168701171875	-21.0	-4.4583282470703125	95.0	
1504191352598	2563974531747	275.0	-21.604156494140625	-5.0	95.0	
1504191352615	2563994673349	275.0	-22.751296997070313	-5.0	95.0	
1504191352642	2564014814950	275.0	-23.0	-5.0	95.0	
1504191352669	2564034956552	274.95654296875	-24.0	-5.0	95.0	
1504191352686	2564055098153	274.0	-24.0	-5.0	95.0	
1504191352703	2564075239755	274.0	-24.0	-5.0	95.0	
1504191352720	2564095381356	274.0	-24.0	-5.0	95.0	
1504191352739	2564115522958	274.0	-24.0	-5.0	95.0	
1504191352756	2564135664560	274.0	-24.0	-5.0	95.0	
1504191352774	2564155806161	274.0	-24.0	-5.0	95.0	
1504191352809	2564175947763	273.930419921875	-24.0	-5.0695648193359375	95.0	
1504191352827	2564196089364	273.0	-24.0	-6.0	95.0	
1504191352845	2564216230966	273.0	-24.0	-6.0	95.0	
1504191352861	2564236372567	273.5095520019531	-23.490447998046875	-6.0	95.0	
1504191352880	2564256514169	274.0	-23.65625	-6.0	95.0	
1504191352900	2564276655770	274.0	-24.0	-6.0	95.0	
1504191352915	2564296797372	274.0	-24.0	-6.949554443359375	95.0	
1504191352950	2564316938974	274.0	-25.0	-7.0954742431640625	95.0	
1504191352968	2564337080575	273.7582702636719	-25.0	-8.0	95.0	
1504191352985	2564357222177	273.0	-25.388885498046875	-7.611114501953125	95.0	
1504191353003	2564377363778	273.0	-26.0	-7.0	95.0	
1504191353021	2564397505380	273.0	-26.0	-7.0	95.0	
1504191353039	2564417646981	273.0	-25.171875	-7.0	95.0	
1504191353056	2564437788583	273.0	-25.0	-7.0	95.0	
1504191353091	2564457930185	273.12152099609375	-24.0	-7.0	95.0	
1504191353109	2564478071786	274.0	-23.732650756835938	-7.0	95.0	
1504191353127	2564498213388	274.0	-23.0	-7.0	95.0	
1504191353143	2564518354989	274.0	-22.439239501953125	-7.0	95.0	
1504191353163	2564538496591	274.0	-22.0	-7.0	95.0	
1504191353180	2564558638192	274.0	-22.0	-7.0	95.0	
1504191353197	2564578779794	274.0	-21.0	-7.0	95.0	
1504191353233	2564598921395	274.0	-21.0	-7.0	95.0	
1504191353250	2564619062997	274.0	-21.0	-7.0	95.0	
1504191353268	2564639204599	274.0	-21.0	-7.0	95.0	
1504191353284	2564659346200	274.0	-21.0	-7.5867919921875	95.0	
1504191353303	2564679487802	274.0	-21.0	-8.0	95.0	
1504191353321	2564699629403	274.0	-21.0	-8.0	95.0	
1504191353356	2564719771005	274.0	-21.0	-8.0	95.0	
1504191353374	2564739912606	274.0	-21.0	-8.0	95.0	
1504191353391	2564760054208	274.0	-21.0	-8.0	95.0	
1504191353408	2564780195810	274.0	-21.0	-8.0	95.0	
1504191353426	2564800337411	274.0	-21.0	-8.0	95.0	
1504191353444	2564820479013	274.0	-20.2413330078125	-8.0	95.0	
1504191353461	2564840620614	274.0	-20.0	-8.0	95.0	
1504191353497	2564860762216	274.0	-20.0	-8.0	95.0	
1504191353514	2564880903817	274.0	-20.0	-8.0	95.0	
1504191353532	2564901045419	274.0	-20.0	-8.0	95.0	
1504191353550	2564921187020	274.0	-20.0	-8.0	95.0	
1504191353567	2564941328622	274.0	-20.63714599609375	-8.0	95.0	
1504191353587	2564961470224	274.0	-21.0	-8.0	95.0	
1504191353609	2564981611825	274.0	-21.0	-8.0	95.0	
1504191353642	2565001753427	274.0	-20.076507568359375	-8.0	95.0	
1504191353656	2565021895028	274.0	-21.0	-8.0	95.0	
1504191353673	2565042036630	274.0	-21.0	-8.0	95.0	
1504191353691	2565062178231	274.0	-21.516510009765625	-8.0	95.0	
1504191353707	2565082319833	273.3367919921875	-22.663192749023438	-8.0	95.0	
1504191353726	2565102461435	273.0	-23.0	-8.80902099609375	95.0	
1504191353744	2565122603036	273.0	-23.0	-9.0	95.0	
1504191353779	2565142744638	273.0	-24.0	-9.0	95.0	
1504191353796	2565162886239	273.0	-24.0	-9.0	95.0	
1504191353814	2565183027841	273.0	-24.0	-9.0	95.0	
1504191353832	2565203169442	273.0	-24.0	-9.0	95.0	
1504191353849	2565223311044	273.0	-24.0	-9.0	95.0	
1504191353867	2565243452645	273.0	-24.0	-9.0	95.0	
1504191353884	2565263594247	273.0	-23.01739501953125	-9.0	95.0	
1504191353920	2565283735849	273.0	-23.0	-9.0	95.0	
1504191353937	2565303877450	273.0	-22.7252197265625	-9.0	95.0	
1504191353956	2565324019052	273.0	-22.0	-9.0	95.0	
1504191353972	2565344160653	272.43231201171875	-22.0	-9.0	95.0	
1504191353989	2565364302255	272.0	-22.0	-9.0	95.0	
1504191354010	2565384443856	272.0	-22.0	-9.0	95.0	
1504191354043	2565404585458	272.0	-22.0	-8.0	95.0	
1504191354061	2565424727060	272.0	-22.0	-8.154510498046875	95.0	
1504191354078	2565444868661	272.0	-21.699661254882813	-9.0	95.0	
1504191354096	2565465010263	272.0	-21.0	-9.0	95.0	
1504191354114	2565485151864	272.0	-21.0	-8.40625	95.0	
1504191354131	2565505293466	272.73956298828125	-20.260421752929688	-8.0	95.0	
1504191354149	2565525435067	273.0	-20.0	-8.0	95.0	
1504191354184	2565545576669	273.0	-19.0	-9.0	95.0	
1504191354205	2565565718270	273.0	-19.0	-9.0	95.0	
1504191354220	2565585859872	273.0	-18.673614501953125	-9.0	95.0	
1504191354237	2565606001474	273.0	-18.0	-9.0	95.0	
1504191354254	2565626143075	273.0	-18.0	-9.0	95.0	
1504191354272	2565646284677	273.0	-18.0	-9.0	95.0	
1504191354290	2565666426278	273.0	-18.0	-9.0	95.0	
1504191354327	2565686567880	273.0	-18.0	-9.0	95.0	
1504191354343	2565706709481	273.0	-18.0	-9.0	95.0	
1504191354360	2565726851083	272.6475830078125	-18.0	-9.0	95.0	
1504191354379	2565746992685	272.0	-18.0	-9.0	95.0	
1504191354396	2565767134286	272.0	-18.0	-9.0	95.0	
1504191354415	2565787275888	272.0	-18.0	-9.0	95.0	
1504191354432	2565807417489	272.0	-18.0	-9.0	95.0	
1504191354466	2565827559091	272.0	-18.0	-9.0	95.0	
1504191354484	2565847700692	272.23089599609375	-18.0	-9.0	95.0	
1504191354502	2565867842294	273.0	-17.62261962890625	-9.0	95.0	
1504191354520	2565887983895	273.0	-17.0	-9.0	95.0	
1504191354538	2565908125497	273.0	-17.0	-9.0	95.0	
1504191354553	2565928267099	273.0	-17.0	-9.0	95.0	
1504191354572	2565948408700	273.0	-17.0	-9.0	95.0	
1504191354607	2565968550302	272.89044189453125	-17.0	-8.89044189453125	95.0	
1504191354625	2565988691903	272.0	-17.0	-8.0	95.0	
1504191354642	2566008833505	272.0	-17.0	-8.0	95.0	
1504191354660	2566028975106	272.549560546875	-17.0	-8.0	95.0	
1504191354678	2566049116708	273.0	-17.0	-8.0	95.0	
1504191354695	2566069258310	273.0	-17.0	-8.0	95.0	
1504191354713	2566089399911	273.0	-17.0	-8.0	95.0	
1504191354751	2566109541513	273.0	-17.0	-8.0	95.0	
1504191354767	2566129683114	273.0	-17.0	-8.0	95.0	
1504191354784	2566149824716	273.0	-17.0	-8.0	95.0	
1504191354804	2566169966317	273.0	-17.0	-8.0	95.0	
1504191354821	2566190107919	273.0	-17.722213745117188	-8.0	95.0	
1504191354840	2566210249520	273.0	-18.0	-7.1319580078125	95.0	
1504191354872	2566230391122	273.0	-17.984375	-7.0	95.0	
1504191354889	2566250532724	273.0	-17.0	-7.0	95.0	
1504191354907	2566270674325	273.0	-17.0	-6.6921844482421875	95.0	
1504191354926	2566290815927	273.0	-16.545150756835938	-6.0	95.0	
1504191354942	2566310957528	273.0	-16.0	-6.0	95.0	
1504191354961	2566331099130	273.0	-15.254776000976563	-6.0	95.0	
1504191354976	2566351240731	273.8890686035156	-15.0	-5.110931396484375	95.0	
1504191355014	2566371382333	274.0	-14.0	-5.0	95.0	
1504191355030	2566391523935	274.0	-13.823532104492188	-5.0	95.0	
1504191355048	2566411665536	274.0	-13.0	-5.0	95.0	
1504191355066	2566431807138	274.0	-13.0	-5.0	95.0	
1504191355083	2566451948739	274.0	-13.0	-5.0	95.0	
1504191355101	2566472090341	274.0	-13.0	-5.0	95.0	
1504191355119	2566492231942	274.0	-13.88580322265625	-5.88580322265625	95.0	
1504191355154	2566512373544	274.0	-14.027679443359375	-6.0	95.0	
1504191355198	2566532515145	274.0	-15.0	-6.1695404052734375	95.0	
1504191355214	2566552656747	274.0	-15.311416625976563	-7.0	95.0	
1504191355223	2566572798349	274.0	-16.0	-7.0	95.0	
1504191355256	2566592939950	274.0	-16.59515380859375	-7.0	95.0	
1504191355280	2566613081552	274.0	-17.0	-7.7370147705078125	95.0	
1504191355303	2566633223153	274.0	-17.0	-7.1211090087890625	95.0	
1504191355349	2566653364755	274.0	-17.0	-7.0	95.0	
1504191355358	2566673506356	274.0	-17.0	-7.0	95.0	
1504191355365	2566693647958	274.0	-17.0	-7.0	95.0	
1504191355380	2566713789560	274.0	-17.0	-7.0	95.0	
1504191355391	2566733931161	274.0	-17.0	-7.0	95.0	
1504191355403	2566754072763	274.0	-17.0	-7.0	95.0	
1504191355420	2566774214364	274.0	-17.0	-7.0	95.0	
1504191355438	2566794355966	274.0	-17.0	-7.0	95.0	
1504191355454	2566814497567	274.0	-17.0	-7.0	95.0	
1504191355472	2566834639169	274.0	-17.0	-7.0	95.0	
1504191355489	2566854780770	274.0	-17.0	-7.0	95.0	
1504191355506	2566874922372	274.0	-17.0	-7.0	95.0	
1504191355526	2566895063974	274.0	-17.0	-7.0	95.0	
1504191355542	2566915205575	274.0	-17.0	-7.0	95.0	
1504191355577	2566935347177	274.0	-17.0	-7.0	95.0	
1504191355596	2566955488778	274.0	-17.0	-7.0	95.0	
1504191355612	2566975630380	274.0	-17.0	-7.0	95.0	
1504191355630	2566995771981	274.0	-17.0	-7.0	95.0	
1504191355651	2567015913583	274.0	-17.0	-7.0	95.0	
1504191355668	2567036055185	274.0	-17.0	-7.0	95.0	
1504191355682	2567056196786	274.0	-17.0	-7.0	95.0	
1504191355706	2567076338388	274.0	-17.0	-7.0	95.0	
1504191355737	2567096479989	274.0	-17.0	-7.0	95.0	
1504191355758	2567116621591	274.0	-17.0	-7.0	95.0	
1504191355772	2567136763192	274.0	-17.427322387695313	-7.0	95.0	
1504191355789	2567156904794	274.0	-18.0	-7.0	95.0	
1504191355808	2567177046395	274.0	-18.0	-7.0	95.0	
1504191355823	2567197187997	274.0	-17.147064208984375	-7.0	95.0	
1504191355844	2567217329599	274.0	-17.0	-7.0	95.0	
1504191355877	2567237471200	274.0	-17.0	-7.0	95.0	
1504191355896	2567257612802	274.0	-17.0	-7.0	95.0	
1504191355913	2567277754403	274.0	-17.0	-7.0	95.0	
1504191355930	2567297896005	274.0	-17.0	-7.0	95.0	
1504191355947	2567318037606	274.0	-17.0	-7.0	95.0	
1504191355964	2567338179208	274.0	-17.0	-7.0	95.0	
1504191355983	2567358320810	274.0	-17.0	-7.0	95.0	
1504191356019	2567378462411	274.0	-17.0	-7.0	95.0	
1504191356040	2567398604013	274.0	-17.0	-7.0	95.0	
1504191356052	2567418745614	274.0	-17.0	-7.0	95.0	
1504191356071	2567438887216	274.0	-17.0	-7.0	95.0	
1504191356088	2567459028817	274.0	-16.302780151367188	-7.0	95.0	
1504191356105	2567479170419	274.0	-16.0	-7.0	95.0	
1504191356125	2567499312020	274.0	-16.0	-7.0	95.0	
1504191356162	2567519453622	274.0	-16.0	-7.0	95.0	
1504191356179	2567539595224	274.0	-16.0	-7.0	95.0	
1504191356194	2567559736825	274.0	-16.0	-7.0	95.0	
1504191356212	2567579878427	274.5484313964844	-16.0	-7.0	95.0	
1504191356230	2567600020028	275.0	-16.0	-7.0	95.0	
1504191356246	2567620161630	275.0	-16.0	-7.0	95.0	
1504191356265	2567640303231	275.0	-16.0	-7.0	95.0	
1504191356301	2567660444833	275.0	-16.0	-8.0	95.0	
1504191356317	2567680586435	275.0	-16.0	-8.0	95.0	
1504191356335	2567700728036	275.0	-16.0	-8.0	95.0	
1504191356353	2567720869638	275.0	-16.0	-7.4584808349609375	95.0	
1504191356371	2567741011239	275.0	-16.0	-7.0	95.0	
1504191356388	2567761152841	275.0	-16.82525634765625	-7.0	95.0	
1504191356406	2567781294442	275.0	-17.0	-7.0	95.0	
1504191356442	2567801436044	275.0	-17.0	-7.0	95.0	
1504191356458	2567821577645	275.0	-17.0	-7.0	95.0	
1504191356476	2567841719247	275.0	-17.0	-7.0	95.0	
1504191356494	2567861860849	275.0	-17.0	-7.0	95.0	
1504191356511	2567882002450	275.0	-17.0	-7.0	95.0	
1504191356527	2567902144052	275.0	-17.820068359375	-7.0	95.0	
1504191356547	2567922285653	275.0	-18.0	-7.0	95.0	
1504191356581	2567942427255	275.0	-18.0	-7.0	95.0	
1504191356599	2567962568856	275.0	-18.0	-7.0	95.0	
1504191356616	2567982710458	275.0	-18.0	-7.0	95.0	
1504191356634	2568002852060	275.0	-18.0	-6.4705963134765625	95.0	
1504191356653	2568022993661	275.0	-18.0	-6.0	95.0	
1504191356669	2568043135263	275.0	-18.0	-6.0	95.0	
1504191356687	2568063276864	275.0	-18.0	-6.0	95.0	
1504191356722	2568083418466	275.0	-18.0	-6.0	95.0	
1504191356740	2568103560067	275.0	-18.0	-6.0	95.0	
1504191356758	2568123701669	275.0	-18.0	-6.0	95.0	
1504191356775	2568143843270	275.0	-18.0	-6.0	95.0	
1504191356793	2568163984872	275.0	-18.0	-6.0	95.0	
1504191356811	2568184126474	275.0	-18.0	-6.0	95.0	
1504191356828	2568204268075	275.0	-18.0	-6.0	95.0	
1504191356864	2568224409677	275.0	-18.089950561523438	-6.0	95.0	
1504191356881	2568244551278	275.0	-19.0	-6.0	95.0	
1504191356898	2568264692880	275.0	-19.0	-6.0	95.0	
1504191356917	2568284834481	275.0	-19.0	-6.0	95.0	
1504191356936	2568304976083	275.0	-19.0	-6.0	95.0	
1504191356951	2568325117685	275.0	-19.0	-6.0	95.0	
1504191356970	2568345259286	275.0	-19.0	-6.0	95.0	
1504191357004	2568365400888	275.0	-20.0	-6.0	95.0	
1504191357023	2568385542489	275.0	-20.0	-6.0	95.0	
1504191357040	2568405684091	275.0	-20.0	-6.0	95.0	
1504191357057	2568425825692	275.0	-20.0	-6.0	95.0	
1504191357075	2568445967294	275.0	-20.0	-6.0	95.0	
1504191357091	2568466108895	275.0	-20.0	-6.0	95.0	
1504191357110	2568486250497	275.0	-19.065750122070313	-6.0	95.0	
1504191357145	2568506392099	275.0	-18.922149658203125	-5.922149658203125	95.0	
1504191357163	2568526533700	275.0	-18.0	-5.0	95.0	
1504191357181	2568546675302	275.0	-17.638412475585938	-5.0	95.0	
1504191357199	2568566816903	275.0	-17.0	-5.0	95.0	
1504191357216	2568586958505	275.0	-17.0	-4.35467529296875	95.0	
1504191357233	2568607100106	275.0	-16.212814331054688	-4.0	95.0	
1504191357251	2568627241708	275.0	-16.0	-4.0	95.0	
1504191357287	2568647383310	275.0	-17.0	-4.0	95.0	
1504191357304	2568667524911	275.0	-17.0	-4.0	95.0	
1504191357322	2568687666513	275.0	-17.0	-4.0	95.0	
1504191357339	2568707808114	275.0	-17.0	-4.0	95.0	
1504191357357	2568727949716	275.0	-17.0	-4.0	95.0	
1504191357374	2568748091317	275.0	-17.0	-4.0	95.0	
1504191357394	2568768232919	275.0	-17.0	-4.0	95.0	
1504191357428	2568788374520	275.0	-16.935989379882813	-4.0	95.0	
1504191357446	2568808516122	275.0	-16.0	-4.0	95.0	
1504191357463	2568828657724	275.0	-16.0	-3.652252197265625	95.0	
1504191357480	2568848799325	275.4896240234375	-15.510391235351563	-3.0	95.0	
1504191357498	2568868940927	275.3685302734375	-15.0	-3.0	95.0	
1504191357515	2568889082528	275.0	-14.226654052734375	-3.0	95.0	
1504191357533	2568909224130	275.0	-14.0	-3.0	95.0	
1504191357568	2568929365731	273.94293212890625	-14.0	-3.0	95.0	
1504191357587	2568949507333	273.0	-14.0	-3.0	95.0	
1504191357604	2568969648935	272.6591796875	-14.3408203125	-3.0	95.0	
1504191357622	2568989790536	272.0	-15.482696533203125	-3.482696533203125	95.0	
1504191357646	2569009932138	272.0	-16.624557495117188	-4.0	95.0	
1504191357659	2569030073739	272.0	-17.0	-4.0	95.0	
1504191357674	2569050215341	272.0	-17.908294677734375	-4.0	95.0	
1504191357720	2569070356942	272.0	-18.0	-3.9498291015625	95.0	
1504191357729	2569090498544	272.0	-18.0	-3.0	95.0	
1504191357745	2569110640145	272.0	-18.0	-3.0	95.0	
1504191357765	2569130781747	272.0	-18.47576904296875	-3.0	95.0	
1504191357780	2569150923349	272.0	-19.0	-3.0	95.0	
1504191357797	2569171064950	272.0	-19.759506225585938	-3.0	95.0	
1504191357816	2569191206552	272.9013671875	-20.0	-3.9013824462890625	95.0	
1504191357851	2569211348153	273.0	-21.086639404296875	-5.0433197021484375	95.0	
1504191357870	2569231489755	273.0	-23.0	-6.0	95.0	
1504191357888	2569251631356	273.0	-23.328704833984375	-6.0	95.0	
1504191357903	2569271772958	273.0	-24.0	-6.0	95.0	
1504191357924	2569291914560	273.0	-23.387557983398438	-5.3875579833984375	95.0	
1504191357944	2569312056161	273.0	-22.245681762695313	-5.0	95.0	
1504191358024	2569332197763	273.0	-22.0	-5.0	95.0	
1504191358044	2569352339364	272.0	-21.961944580078125	-5.0	95.0	
1504191358061	2569372480966	272.0	-21.0	-5.0	95.0	
1504191358078	2569392622567	272.0	-21.0	-5.0	95.0	
1504191358087	2569412764169	272.0	-21.0	-5.463653564453125	95.0	
1504191358092	2569432905770	272.0	-21.60552978515625	-6.0	95.0	
1504191358115	2569453047372	272.0	-22.0	-6.0	95.0	
1504191358122	2569473188974	272.0	-22.0	-5.1107330322265625	95.0	
1504191358138	2569493330575	272.0	-21.9688720703125	-5.0	95.0	
1504191358151	2569513472177	272.0	-21.0	-5.0	95.0	
1504191358168	2569533613778	272.0	-20.685134887695313	-5.0	95.0	
1504191358185	2569553755380	272.0	-20.0	-5.0	95.0	
1504191358203	2569573896981	272.0	-19.401397705078125	-5.0	95.0	
1504191358220	2569594038583	272.0	-19.0	-5.0	95.0	
1504191358239	2569614180185	272.0	-19.882339477539063	-5.0	95.0	
1504191358274	2569634321786	272.0	-20.0	-6.0	95.0	
1504191358291	2569654463388	272.0	-20.0	-6.0	95.0	
1504191358309	2569674604989	272.0	-20.0	-6.0	95.0	
1504191358327	2569694746591	272.0	-20.0	-5.5501861572265625	95.0	
1504191358348	2569714888192	272.0	-20.0	-5.0	95.0	
1504191358362	2569735029794	272.0	-20.0	-5.0	95.0	
1504191358381	2569755171395	272.0	-20.0	-5.0	95.0	
1504191358415	2569775312997	272.01727294921875	-20.0	-5.0172882080078125	95.0	
1504191358433	2569795454599	273.0	-20.0	-6.0	95.0	
1504191358450	2569815607909	273.0	-20.0	-6.0	95.0	
1504191358468	2569835749511	273.0	-20.0	-6.0	95.0	
1504191358485	2569855891112	273.0	-20.0	-6.0	95.0	
1504191358503	2569876032714	273.0	-20.0	-6.0	95.0	
1504191358521	2569896174315	273.0	-20.0	-6.0	95.0	
1504191358557	2569916315917	273.0	-20.0	-6.0	95.0	
1504191358574	2569936457519	273.0	-20.0	-6.0	95.0	
1504191358591	2569956599120	273.0	-20.0	-6.0	95.0	
1504191358609	2569976740722	273.0	-20.0	-6.0	95.0	
1504191358626	2569996882323	273.0	-20.0	-6.0	95.0	
1504191358643	2570017023925	273.0	-20.0	-6.0	95.0	
1504191358662	2570037165526	273.0	-20.0	-6.0	95.0	
1504191358701	2570057307128	274.0	-20.0	-6.0	95.0	
1504191358725	2570077448729	274.0	-19.852951049804688	-6.0	95.0	
1504191358732	2570097590331	274.2889404296875	-19.0	-6.0	95.0	
1504191358751	2570117731933	275.0	-19.0	-6.4307861328125	95.0	
1504191358769	2570137873534	275.0	-18.427337646484375	-7.572662353515625	95.0	
1504191358785	2570158015136	275.0	-16.570953369140625	-8.714523315429688	95.0	
1504191358805	2570178156737	275.0	-15.143600463867188	-9.856399536132813	95.0	
1504191358822	2570198298339	275.9982604980469	-13.00347900390625	-10.998260498046875	95.0	
1504191358857	2570218439940	276.14013671875	-12.0	-12.0	95.0	
1504191358873	2570238581542	276.718017578125	-11.718002319335938	-11.718002319335938	95.0	
1504191358891	2570258723144	276.0	-11.423873901367188	-11.0	95.0	
1504191358909	2570278864745	276.0	-12.0	-11.0	95.0	
1504191358927	2570299006347	276.0	-12.707611083984375	-10.292388916015625	95.0	
1504191358944	2570319147948	276.8494873046875	-13.0	-10.0	95.0	
1504191358961	2570339289550	277.0	-13.991348266601563	-9.008651733398438	95.0	
1504191358996	2570359431151	277.0	-15.0	-8.866790771484375	95.0	
1504191359015	2570379572753	277.0	-15.27508544921875	-8.0	95.0	
1504191359033	2570399714354	277.0	-16.0	-8.0	95.0	
1504191359049	2570419855956	277.0	-16.0	-7.4411773681640625	95.0	
1504191359066	2570439997558	277.0	-16.70068359375	-7.0	95.0	
1504191359086	2570460139159	277.0	-17.0	-7.0	95.0	
1504191359102	2570480280761	277.0	-17.0	-7.0	95.0	
1504191359138	2570500422362	277.0	-18.0	-7.0	95.0	
1504191359156	2570520563964	277.0	-18.268157958984375	-7.0	95.0	
1504191359173	2570540705565	277.0	-19.0	-6.5899658203125	95.0	
1504191359192	2570560847167	276.4481201171875	-19.0	-6.0	95.0	
1504191359208	2570580988769	276.0	-19.0	-6.0	95.0	
1504191359226	2570601130370	276.0	-19.83563232421875	-6.0	95.0	
1504191359244	2570621271972	276.0	-20.0	-6.0	95.0	
1504191359278	2570641413573	276.0	-20.0	-6.0	95.0	
1504191359296	2570661555175	276.0	-20.262969970703125	-6.0	95.0	
1504191359314	2570681696776	276.0	-21.0	-6.0	95.0	
1504191359331	2570701838378	276.0	-21.0	-6.0	95.0	
1504191359350	2570721979979	276.0	-21.0	-6.0	95.0	
1504191359366	2570742121581	276.8304443359375	-21.0	-5.1695556640625	95.0	
1504191359384	2570762263183	277.0	-21.972305297851563	-5.0	95.0	
1504191359419	2570782404784	276.88580322265625	-22.0	-5.0	95.0	
1504191359437	2570802546386	276.0	-22.0	-5.0	95.0	
1504191359455	2570822687987	276.0	-22.0	-4.602081298828125	95.0	
1504191359473	2570842829589	276.0	-22.539779663085938	-4.0	95.0	
1504191359490	2570862971190	276.681640625	-23.0	-4.0	95.0	
1504191359508	2570883112792	277.0	-23.0	-4.0	95.0	
1504191359525	2570903254394	277.0	-23.0	-4.0	95.0	
1504191359561	2570923395995	277.0	-23.0	-3.0	95.0	
1504191359578	2570943537597	277.0	-23.0	-3.0	95.0	
1504191359595	2570963679198	277.0	-23.0	-3.0	95.0	
1504191359616	2570983820800	277.0	-23.0	-3.0	95.0	
1504191359632	2571003962401	277.67474365234375	-23.0	-3.0	95.0	
1504191359648	2571024104003	278.0	-23.0	-3.0	95.0	
1504191359668	2571044245604	278.0	-23.0	-3.0	95.0	
1504191359701	2571064387206	278.0	-23.0	-3.0	95.0	
1504191359719	2571084528808	278.0	-23.0	-3.0	95.0	
1504191359742	2571104670409	278.0	-23.0	-3.0	95.0	
1504191359754	2571124812011	278.0	-23.0	-3.0	95.0	
1504191359775	2571144953612	278.0	-23.0	-3.0	95.0	
1504191359790	2571165095214	278.0	-23.0	-3.0	95.0	
1504191359807	2571185236815	278.0	-23.0	-3.0	95.0	
1504191359842	2571205378417	278.0	-23.0	-3.0	95.0	
1504191359860	2571225520019	278.0	-23.0	-3.0	95.0	
1504191359879	2571245661620	278.0	-23.0	-3.0	95.0	
1504191359895	2571265803222	278.0	-23.0	-3.0	95.0	
1504191359913	2571285944823	278.0	-23.0	-3.0	95.0	
1504191359930	2571306086425	278.0	-23.0	-3.0	95.0	
1504191359948	2571326228026	278.0	-23.0	-3.0	95.0	
1504191359984	2571346369628	278.0	-23.0	-3.0866546630859375	95.0	
1504191360002	2571366511229	278.0	-23.0	-4.0	95.0	
1504191360019	2571386652831	278.0	-23.0	-4.0	95.0	
1504191360038	2571406794433	278.0	-23.0	-4.0	95.0	
1504191360056	2571426936034	278.0	-23.0	-4.0	95.0	
1504191360071	2571447077636	278.0	-23.0	-4.0	95.0	
1504191360090	2571467219237	278.0	-23.0	-4.0	95.0	
1504191360124	2571487360839	278.0	-23.0	-4.0	95.0	
1504191360142	2571507502440	278.0	-23.0	-4.0	95.0	
1504191360160	2571527644042	278.0	-23.0	-4.0	95.0	
1504191360180	2571547785644	278.0	-23.0	-4.0	95.0	
1504191360195	2571567927245	278.0	-22.351211547851563	-4.0	95.0	
1504191360211	2571588068847	277.2093505859375	-22.0	-4.0	95.0	
1504191360230	2571608210448	277.0	-22.0	-4.0	95.0	
1504191360265	2571628352050	277.0	-22.0	-4.0	95.0	
1504191360283	2571648493651	277.0	-22.0	-4.0	95.0	
1504191360301	2571668635253	277.0	-22.0	-4.0	95.0	
1504191360318	2571688776854	277.0	-21.5	-4.0	95.0	
1504191360336	2571708918456	277.0	-21.0	-4.0	95.0	
1504191360354	2571729060058	277.0	-21.0	-4.0	95.0	
1504191360372	2571749201659	276.07440185546875	-21.0	-4.0	95.0	
1504191360408	2571769343261	276.0	-21.0	-4.0	95.0	
1504191360425	2571789484862	276.0	-21.0	-4.0	95.0	
1504191360443	2571809626464	276.0	-21.0	-4.0	95.0	
1504191360460	2571829768065	276.0	-21.0	-4.493072509765625	95.0	
1504191360477	2571849909667	276.0	-21.0	-5.0	95.0	
1504191360494	2571870051269	276.0	-21.0	-5.0	95.0	
1504191360518	2571890192870	276.0	-21.0	-5.0	95.0	
1504191360548	2571910334472	276.0	-21.0	-6.0	95.0	
1504191360566	2571930476073	276.0	-21.0	-6.0	95.0	
1504191360583	2571950617675	276.0	-21.0	-6.0	95.0	
1504191360601	2571970759276	276.0	-21.0	-6.0	95.0	
1504191360620	2571990900878	276.0	-21.0	-6.628021240234375	95.0	
1504191360635	2572011042479	276.0	-21.0	-7.0	95.0	
1504191360654	2572031184081	276.0	-21.0	-7.0	95.0	
1504191360689	2572051325683	275.0	-21.0	-7.0	95.0	
1504191360707	2572071467284	275.0	-21.0	-7.0	95.0	
1504191360725	2572091608886	275.0	-21.0	-7.0	95.0	
1504191360742	2572111750487	275.0	-21.0	-7.0	95.0	
1504191360760	2572131892089	275.0	-21.0	-7.0	95.0	
1504191360777	2572152033690	275.0	-21.0	-7.0	95.0	
1504191360795	2572172175292	275.0	-21.0	-7.0	95.0	
1504191360830	2572192316894	275.0	-21.0	-7.0	95.0	
1504191360848	2572212458495	275.0	-21.0	-7.0	95.0	
1504191360865	2572232600097	275.0	-21.0	-7.0	95.0	
1504191360885	2572252741698	275.0	-21.0	-7.0	95.0	
1504191360901	2572272883300	275.0	-21.0	-7.0	95.0	
1504191360918	2572293024901	275.0	-21.0	-7.0	95.0	
1504191360937	2572313166503	275.0	-21.0	-7.0	95.0	
1504191360971	2572333308104	275.0	-21.0	-7.0	95.0	
1504191360988	2572353449706	275.0	-21.0	-6.816619873046875	95.0	
1504191361006	2572373591308	275.0	-21.0	-6.0	95.0	
1504191361024	2572393732909	275.46710205078125	-21.0	-6.0	95.0	
1504191361043	2572413874511	276.0	-21.0	-6.0	95.0	
1504191361058	2572434016112	276.0	-21.0	-6.0	95.0	
1504191361076	2572454157714	276.0	-21.0	-6.0	95.0	
1504191361112	2572474299315	276.0	-21.0	-6.0	95.0	
1504191361132	2572494440917	276.0	-21.0	-5.8235321044921875	95.0	
1504191361147	2572514582519	276.0	-21.0	-5.0	95.0	
1504191361164	2572534724120	276.0	-21.0	-5.0	95.0	
1504191361182	2572554865722	276.0	-21.0	-5.0	95.0	
1504191361200	2572575007323	276.0	-21.0	-5.0	95.0	
1504191361219	2572595148925	276.0	-21.0	-5.0	95.0	
1504191361252	2572615290526	276.0	-21.0	-5.0	95.0	
1504191361270	2572635432128	276.0	-21.0	-4.8304595947265625	95.0	
1504191361290	2572655573729	276.0	-21.0	-4.0	95.0	
1504191361307	2572675715331	276.0	-21.0	-4.0	95.0	
1504191361324	2572695856933	276.0	-21.0	-4.0	95.0	
1504191361340	2572715998534	276.0	-21.0	-4.0	95.0	
1504191361359	2572736140136	276.0	-21.0	-4.0	95.0	
1504191361393	2572756281737	276.0	-21.0	-4.0	95.0	
1504191361411	2572776423339	276.0	-21.0	-4.0	95.0	
1504191361429	2572796564940	276.0	-21.0	-4.0	95.0	
1504191361447	2572816706542	276.0	-21.0	-4.0	95.0	
1504191361466	2572836848144	276.0	-21.0	-4.0	95.0	
1504191361481	2572856989745	276.0	-21.0	-4.7318267822265625	95.0	
1504191361500	2572877131347	276.0	-21.0	-5.0	95.0	
1504191361537	2572897272948	276.0	-21.0	-5.0	95.0	
1504191361553	2572917414550	276.0	-21.0	-4.8425750732421875	95.0	
1504191361570	2572937556151	276.0	-21.0	-4.0	95.0	
1504191361588	2572957697753	276.0	-21.0	-4.0	95.0	
1504191361607	2572977839354	276.0	-21.0	-4.0	95.0	
1504191361623	2572997980956	276.0	-21.724899291992188	-4.0	95.0	
1504191361641	2573018122558	276.0	-21.133224487304688	-4.0	95.0	
1504191361678	2573038264159	276.0	-21.0	-4.0	95.0	
1504191361695	2573058405761	276.0	-21.0	-4.0	95.0	
1504191361712	2573078547362	276.0	-21.0	-4.0	95.0	
1504191361729	2573098688964	276.0	-21.0	-4.0	95.0	
1504191361747	2573118830565	276.0	-21.0	-4.0	95.0	
1504191361763	2573138972167	276.0	-21.0	-4.0	95.0	
1504191361782	2573159113769	276.0	-21.0	-3.1401519775390625	95.0	
1504191361816	2573179255370	276.0	-21.0	-3.0	95.0	
1504191361834	2573199396972	276.0	-21.0	-3.0	95.0	
1504191361851	2573219538573	276.0	-21.0	-3.0	95.0	
1504191361870	2573239680175	276.0	-21.0	-3.0	95.0	
1504191361888	2573259821776	276.0	-21.0	-3.0	95.0	
1504191361904	2573279963378	276.0	-21.7110595703125	-3.0	95.0	
1504191361923	2573300104979	276.0	-22.0	-3.0	95.0	
1504191361943	2573320246581	276.0	-21.005203247070313	-3.0	95.0	
1504191361975	2573340388183	276.0	-21.136672973632813	-2.0	95.0	
1504191361993	2573360529784	276.0	-22.0	-2.0	95.0	
1504191362012	2573380671386	276.0	-22.0	-2.0	95.0	
1504191362028	2573400812987	276.0	-22.0	-2.5622711181640625	95.0	
1504191362045	2573420954589	276.0	-22.0	-2.2958526611328125	95.0	
1504191362066	2573441096190	276.0	-22.0	-2.84600830078125	95.0	
1504191362083	2573461237792	276.0	-22.0	-3.0	95.0	
1504191362116	2573481379394	276.0	-22.0	-3.0	95.0	
1504191362134	2573501520995	276.0	-22.0	-3.0	95.0	
1504191362153	2573521662597	276.0	-22.0	-3.0	95.0	
1504191362170	2573541804198	276.0	-22.0	-3.0	95.0	
1504191362186	2573561945800	276.0	-22.0	-3.0	95.0	
1504191362207	2573582087401	276.0	-22.0	-3.0	95.0	
1504191362222	2573602229003	276.0	-22.0	-3.0	95.0	
1504191362259	2573622370604	276.0	-22.0	-3.0	95.0	
1504191362275	2573642512206	276.0	-22.0	-3.0	95.0	
1504191362293	2573662653808	276.0	-22.0	-3.0	95.0	
1504191362311	2573682795409	276.0	-22.0	-3.0	95.0	
1504191362327	2573702937011	276.0	-22.0	-3.0	95.0	
1504191362345	2573723078612	276.0	-22.0	-3.0	95.0	
1504191362364	2573743220214	276.0	-22.0	-3.0	95.0	
1504191362399	2573763361815	276.0	-22.0	-3.0	95.0	
1504191362416	2573783503417	276.0	-22.0	-3.0	95.0	
1504191362436	2573803645019	276.0	-22.0	-3.0	95.0	
1504191362452	2573823786620	276.0	-22.0	-3.0	95.0	
1504191362470	2573843928222	276.0	-22.0	-3.0	95.0	
1504191362487	2573864069823	276.0	-22.0	-3.0	95.0	
1504191362504	2573884211425	276.0	-22.0	-3.0	95.0	
1504191362539	2573904353026	276.0	-22.0	-3.0	95.0	
1504191362557	2573924494628	276.0	-22.0	-3.0	95.0	
1504191362575	2573944636229	276.0	-22.0	-3.0	95.0	
1504191362592	2573964777831	276.0	-22.0	-3.0	95.0	
1504191362609	2573984919433	276.0	-22.0	-3.0	95.0	
1504191362629	2574005061034	276.0	-22.0	-3.0	95.0	
1504191362646	2574025202636	276.0	-22.0	-3.9619293212890625	95.0	
1504191362682	2574045344237	276.0	-22.0	-4.0	95.0	
1504191362699	2574065485839	276.0	-22.0	-4.0	95.0	
1504191362716	2574085627440	276.0	-22.0	-4.0	95.0	
1504191362734	2574105769042	276.0	-22.0	-4.5294036865234375	95.0	
1504191362750	2574125910644	276.0	-22.0	-5.0	95.0	
1504191362768	2574146052245	276.0	-22.0	-5.0	95.0	
1504191362788	2574166193847	276.0	-22.0	-5.0	95.0	
1504191362822	2574186335448	276.0	-22.0	-6.0	95.0	
1504191362839	2574206477050	276.0	-22.0	-6.0	95.0	
1504191362858	2574226618651	276.0	-22.0	-6.0	95.0	
1504191362874	2574246760253	276.0	-22.0	-6.0	95.0	
1504191362892	2574266901854	276.0	-22.0	-6.0	95.0	
1504191362910	2574287043456	276.0	-22.0	-6.0	95.0	
1504191362927	2574307185058	276.0	-22.0	-6.0	95.0	
1504191362962	2574327326659	276.0	-22.0	-6.0	95.0	
1504191362980	2574347468261	276.0	-22.0	-6.233551025390625	95.0	
1504191362998	2574367609862	276.0	-22.0	-7.0	95.0	
1504191363015	2574387751464	276.0	-22.0	-7.0	95.0	
1504191363032	2574407893065	276.0	-22.0	-7.0	95.0	
1504191363052	2574428034667	276.0	-22.0	-7.0	95.0	
1504191363069	2574448176269	276.0	-22.0	-7.0	95.0	
1504191363104	2574468317870	276.0	-22.0	-7.0	95.0	
1504191363123	2574488459472	276.0	-22.0	-7.0	95.0	
1504191363142	2574508601073	276.0	-22.0	-7.0	95.0	
1504191363157	2574528742675	276.0	-22.0	-7.0	95.0	
1504191363173	2574548884276	276.0	-22.0	-7.0	95.0	
1504191363191	2574569025878	276.0	-22.0	-7.0	95.0	
1504191363210	2574589167479	276.0	-22.0	-7.0	95.0	
1504191363244	2574609309081	276.0	-22.0	-7.0	95.0	
1504191363263	2574629450683	276.0	-22.0	-7.0	95.0	
1504191363280	2574649592284	276.0	-22.0	-7.0	95.0	
1504191363298	2574669733886	276.0	-22.0	-7.0	95.0	
1504191363315	2574689875487	276.0	-22.0	-7.0	95.0	
1504191363333	2574710017089	276.0	-22.0	-7.0	95.0	
1504191363351	2574730158690	276.0	-22.0	-7.0	95.0	
1504191363386	2574750300292	276.0	-22.0	-7.0	95.0	
1504191363403	2574770441894	276.0	-22.0	-7.0	95.0	
1504191363423	2574790583495	276.0	-22.0	-7.0	95.0	
1504191363440	2574810725097	276.0	-22.0	-7.0	95.0	
1504191363455	2574830866698	276.0	-22.0	-7.0	95.0	
1504191363475	2574851008300	276.0	-22.0	-7.0	95.0	
1504191363492	2574871149901	276.0	-22.0	-7.0	95.0	
1504191363527	2574891291503	276.06402587890625	-22.0	-7.0	95.0	
1504191363545	2574911433104	277.0	-22.0	-7.0	95.0	
1504191363562	2574931574706	277.0	-22.0	-7.0	95.0	
1504191363582	2574951716308	277.0	-22.0	-7.0	95.0	
1504191363596	2574971857909	277.0	-22.0	-7.0	95.0	
1504191363615	2574991999511	277.0	-22.0	-7.0	95.0	
1504191363638	2575012141112	277.0	-22.0	-7.0	95.0	
1504191363667	2575032282714	277.0	-22.0	-7.0	95.0	
1504191363686	2575052424315	277.0	-22.0	-7.0	95.0	
1504191363703	2575072565917	277.0	-22.0	-7.0	95.0	
1504191363720	2575092707519	277.0	-22.0	-7.0	95.0	
1504191363738	2575112849120	277.0	-22.0	-7.0	95.0	
1504191363756	2575132990722	277.0	-22.0	-7.0	95.0	
1504191363782	2575153132323	277.0	-22.0	-6.0899658203125	95.0	
1504191363809	2575173273925	277.0	-22.0	-6.0	95.0	
1504191363826	2575193415526	277.0	-22.0	-6.0	95.0	
1504191363844	2575213557128	277.0	-22.0	-6.0	95.0	
1504191363861	2575233698729	277.0	-22.0	-5.522491455078125	95.0	
1504191363878	2575253840331	277.0	-22.0	-5.0	95.0	
1504191363898	2575273981933	277.0	-22.0	-5.0	95.0	
1504191363914	2575294123534	277.0	-22.0	-5.0	95.0	
1504191363950	2575314265136	276.0	-22.0	-5.0	95.0	
1504191363968	2575334406737	276.0	-22.0	-5.0	95.0	
1504191363985	2575354548339	276.0	-22.0	-5.0	95.0	
1504191364005	2575374689940	276.0	-22.0	-5.0	95.0	
1504191364020	2575394831542	276.0	-22.0	-5.0	95.0	
1504191364039	2575414973144	276.0	-22.0	-5.0	95.0	
1504191364058	2575435114745	276.0	-22.0	-5.0	95.0	
1504191364092	2575455256347	276.0	-22.0	-5.0	95.0	
1504191364110	2575475397948	276.0	-22.0	-5.0	95.0	
1504191364128	2575495539550	276.0	-22.0	-5.0	95.0	
1504191364145	2575515681151	276.0	-22.0	-5.0	95.0	
1504191364162	2575535822753	276.0	-22.0	-5.60552978515625	95.0	
1504191364180	2575555964354	276.0	-22.0	-6.0	95.0	
1504191364198	2575576105956	276.0	-22.0	-6.0	95.0	
1504191364233	2575596247558	276.0	-22.0	-6.0	95.0	
1504191364251	2575616389159	276.0	-22.0	-6.0	95.0	
1504191364269	2575636530761	276.0	-22.0	-6.0	95.0	
1504191364286	2575656672362	276.0	-22.0	-5.541534423828125	95.0	
1504191364302	2575676813964	276.600341796875	-22.0	-5.0	95.0	
1504191364323	2575696955565	277.0	-22.0	-5.0	95.0	
1504191364342	2575717097167	277.0	-22.0	-5.0	95.0	
1504191364373	2575737238769	277.0	-21.97406005859375	-5.0	95.0	
1504191364392	2575757380370	277.0	-21.0	-5.0	95.0	
1504191364408	2575777521972	277.0	-21.0	-5.0	95.0	
1504191364427	2575797663573	277.0	-21.0	-5.0	95.0	
1504191364442	2575817805175	277.0	-21.0	-5.0	95.0	
1504191364461	2575837946776	277.0	-21.0	-5.0	95.0	
1504191364480	2575858088378	277.0	-21.0	-5.0	95.0	
1504191364515	2575878229979	277.0	-21.0	-5.0	95.0	
1504191364532	2575898371581	277.0	-21.0	-5.0	95.0	
1504191364549	2575918513183	277.0	-21.0	-5.0	95.0	
1504191364567	2575938654784	277.0	-21.0	-4.5553741455078125	95.0	
1504191364585	2575958796386	277.0	-21.0	-4.0	95.0	
1504191364603	2575978937987	277.0	-21.0	-4.0	95.0	
1504191364621	2575999079589	277.0	-21.0	-4.0	95.0	
1504191364656	2576019221190	277.0	-21.0	-4.0	95.0	
1504191364673	2576039362792	277.0	-21.0	-4.0	95.0	
1504191364693	2576059504394	277.0	-21.0	-4.0	95.0	
1504191364709	2576079645995	277.0	-21.0	-4.0	95.0	
1504191364725	2576099787597	277.0	-21.0	-4.0	95.0	
1504191364745	2576119929198	277.0	-21.0	-4.0	95.0	
1504191364762	2576140070800	277.0	-21.0	-4.0	95.0	
1504191364797	2576160212401	277.0	-21.0	-4.0	95.0	
1504191364814	2576180354003	277.0	-21.0	-4.0	95.0	
1504191364832	2576200495604	277.0	-21.0	-4.0	95.0	
1504191364850	2576220637206	277.0	-21.0	-4.0	95.0	
1504191364866	2576240778808	277.0	-21.0	-4.0	95.0	
1504191364885	2576260920409	277.0	-21.0	-4.0	95.0	
1504191364904	2576281062011	277.0	-21.0	-4.8563995361328125	95.0	
1504191364920	2576301203612	277.0	-21.0	-5.0	95.0	
1504191364955	2576321345214	277.0	-21.0	-5.0	95.0	
1504191364973	2576341486815	277.0	-21.0	-5.0	95.0	
1504191364990	2576361628417	277.0	-21.0	-5.0	95.0	
1504191365008	2576381770019	276.43255615234375	-21.0	-5.0	95.0	
1504191365025	2576401911620	276.0	-21.0	-5.0	95.0	
1504191365043	2576422053222	276.0	-21.0	-5.0	95.0	
1504191365060	2576442194823	276.0	-21.0	-5.0	95.0	
1504191365100	2576462336425	276.0	-21.0	-5.0	95.0	
1504191365116	2576482478026	276.0	-21.0	-5.2768096923828125	95.0	
1504191365132	2576502619628	276.0	-21.0	-6.0	95.0	
1504191365148	2576522761229	276.0	-21.0	-6.0	95.0	
1504191365172	2576542902831	276.0	-21.0	-6.0	95.0	
1504191365187	2576563044433	276.0	-21.0	-6.0	95.0	
1504191365204	2576583186034	276.0	-21.0	-6.0	95.0	
1504191365240	2576603327636	276.0	-21.0	-6.0	95.0	
1504191365256	2576623469237	276.0	-21.0	-6.0	95.0	
1504191365277	2576643610839	276.0	-21.0	-6.0	95.0	
1504191365291	2576663752440	276.0	-21.0	-6.553619384765625	95.0	
1504191365312	2576683894042	276.0	-21.0	-7.0	95.0	
1504191365327	2576704035644	276.0	-21.0	-7.0	95.0	
1504191365343	2576724177245	276.0	-21.0	-7.0	95.0	
1504191365380	2576744318847	276.0	-21.0	-7.0	95.0	
1504191365398	2576764460448	276.0	-21.0	-7.0	95.0	
1504191365413	2576784602050	276.0	-21.0	-7.0	95.0	
1504191365432	2576804743651	276.0	-21.0	-7.0	95.0	
1504191365458	2576824885253	276.0	-21.0	-7.0	95.0	
1504191365478	2576845026854	276.0	-21.0	-7.0	95.0	
1504191365487	2576865168456	276.0	-21.0	-7.0	95.0	
1504191365520	2576885310058	276.0	-21.0	-7.0	95.0	
1504191365540	2576905451659	276.0	-21.0	-7.0	95.0	
1504191365556	2576925593261	276.0	-21.0	-7.0	95.0	
1504191365573	2576945734862	276.0	-21.0	-7.0	95.0	
1504191365593	2576965876464	276.0	-21.0	-7.0	95.0	
1504191365610	2576986018065	276.0	-21.0	-7.0	95.0	
1504191365628	2577006159667	276.0	-21.0	-7.0	95.0	
1504191365705	2577026301269	276.0	-21.0	-7.0	95.0	
1504191365720	2577046442870	276.0	-21.0	-7.0	95.0	
1504191365736	2577066584472	276.0	-21.0	-7.0	95.0	
1504191365740	2577086726073	276.0	-21.0	-7.0	95.0	
1504191365746	2577106867675	276.0	-21.0	-7.0	95.0	
1504191365754	2577127009276	276.0	-21.0	-7.0	95.0	
1504191365766	2577147150878	276.0	-21.0	-7.0	95.0	
1504191365801	2577167292479	276.0	-21.0	-7.0	95.0	
1504191365818	2577187434081	276.0	-21.0	-7.0	95.0	
1504191365838	2577207575683	276.0	-21.0	-7.0	95.0	
1504191365857	2577227717284	276.0	-21.0	-7.0	95.0	
1504191365873	2577247858886	276.0	-21.0	-7.0	95.0	
1504191365892	2577268000487	276.0	-21.0	-7.0	95.0	
1504191365910	2577288142089	276.0	-21.0	-7.0	95.0	
1504191365946	2577308283690	276.0	-21.0	-7.0	95.0	
1504191365967	2577328425292	276.0	-21.0	-7.0	95.0	
1504191365987	2577348566894	276.0	-21.0	-7.0	95.0	
1504191365997	2577368708495	276.0	-21.0	-7.0	95.0	
1504191366022	2577388850097	276.0	-21.0	-7.0	95.0	
1504191366038	2577408991698	276.0	-21.0	-7.0	95.0	
1504191366058	2577429133300	276.0	-21.0	-7.0	95.0	
1504191366086	2577449274901	276.0	-21.0	-7.088226318359375	95.0	
1504191366109	2577469416503	276.0	-21.0	-8.0	95.0	
1504191366127	2577489558104	276.0	-21.0	-8.0	95.0	
1504191366137	2577509699706	276.0	-21.0	-8.0	95.0	
1504191366163	2577529841308	276.0	-21.0	-8.0	95.0	
1504191366181	2577549982909	276.0	-21.0	-8.0	95.0	
1504191366198	2577570124511	276.0	-21.0	-8.0	95.0	
1504191366227	2577590266112	276.0	-21.0	-7.9186859130859375	95.0	
1504191366246	2577610407714	276.0	-21.0	-7.0	95.0	
1504191366260	2577630549315	276.0	-21.0	-7.0	95.0	
1504191366280	2577650690917	276.0	-21.0	-7.0	95.0	
1504191366295	2577670832519	276.0	-21.0	-7.0	95.0	
1504191366312	2577690974120	276.0	-21.0	-7.0	95.0	
1504191366331	2577711115722	276.0	-21.0	-7.0	95.0	
1504191366366	2577731257323	276.0	-21.0	-7.0	95.0	
1504191366385	2577751398925	276.0	-21.0	-7.0	95.0	
1504191366401	2577771540526	276.0	-21.0	-7.0	95.0	
1504191366417	2577791682128	276.0	-21.0	-7.0	95.0	
1504191366440	2577811823729	276.0	-21.0	-7.0	95.0	
1504191366455	2577831965331	276.0	-21.0	-7.0	95.0	
1504191366476	2577852106933	276.0	-21.0	-7.0	95.0	
1504191366513	2577872248534	276.0	-21.0	-7.0	95.0	
1504191366524	2577892390136	276.0	-21.0	-7.0	95.0	
1504191366543	2577912531737	276.0	-21.0	-7.0	95.0	
1504191366558	2577932673339	276.0	-21.0	-7.0	95.0	
1504191366577	2577952814940	276.0	-21.0	-7.6366729736328125	95.0	
1504191366595	2577972956542	276.0	-21.778533935546875	-8.0	95.0	
1504191366612	2577993098144	276.0	-22.0	-8.0	95.0	
1504191366651	2578013239745	276.0	-22.0	-8.0	95.0	
1504191366667	2578033381347	276.0	-22.0	-8.0	95.0	
1504191366687	2578053522948	276.0	-22.0	-8.34600830078125	95.0	
1504191366700	2578073664550	276.0	-22.0	-9.0	95.0	
1504191366718	2578093806151	276.0	-22.0	-9.0	95.0	
1504191366737	2578113947753	276.0	-22.0	-8.228378295898438	95.0	
1504191366757	2578134089354	276.0	-22.0	-8.0	95.0	
1504191366791	2578154230956	276.0	-22.0	-9.0	95.0	
1504191366807	2578174372558	276.0	-22.0	-9.0	95.0	
1504191366824	2578194514159	276.0	-22.0	-9.0	95.0	
1504191366842	2578214655761	276.0	-22.0	-9.0	95.0	
1504191366859	2578234797362	276.0	-22.0	-9.0	95.0	
1504191366876	2578254938964	276.0	-22.0	-8.235305786132813	95.0	
1504191366894	2578275080565	276.0	-22.0	-8.0	95.0	
1504191366929	2578295222167	276.0	-22.0	-8.0	95.0	
1504191366947	2578315363769	276.0	-22.0	-8.0	95.0	
1504191366966	2578335505370	276.0	-22.0	-8.0	95.0	
1504191366984	2578355646972	276.0	-22.0	-8.0	95.0	
1504191367001	2578375788573	276.0	-22.0	-8.0	95.0	
1504191367021	2578395930175	276.0	-22.0	-8.0	95.0	
1504191367035	2578416071776	276.0	-22.0	-8.0	95.0	
1504191367069	2578436213378	276.0	-22.0	-8.0	95.0	
1504191367087	2578456354979	276.0	-22.0	-8.0	95.0	
1504191367105	2578476496581	276.0	-22.0	-8.0	95.0	
1504191367123	2578496638183	276.0	-22.0	-8.0	95.0	
1504191367140	2578516779784	276.0	-22.0	-8.0	95.0	
1504191367157	2578536921386	276.0	-22.0	-8.0	95.0	
1504191367176	2578557062987	276.0	-22.0	-8.0	95.0	
1504191367211	2578577204589	276.0	-22.0	-8.0	95.0	
1504191367230	2578597346190	276.0	-22.0	-8.0	95.0	
1504191367246	2578617487792	276.0	-22.0	-8.0	95.0	
1504191367263	2578637629394	276.0	-22.0	-8.0	95.0	
1504191367283	2578657770995	276.0	-22.0	-8.0	95.0	
1504191367300	2578677912597	276.0	-22.0	-8.0	95.0	
1504191367317	2578698054198	276.0	-22.0	-8.0	95.0	
1504191367352	2578718195800	276.0294189453125	-22.0	-8.0	95.0	
1504191367371	2578738337401	277.0	-22.0	-8.0	95.0	
1504191367389	2578758479003	277.0	-22.0	-8.0	95.0	
1504191367404	2578778620604	277.0	-22.0	-8.0	95.0	
1504191367423	2578798762206	277.0	-22.0	-7.4031219482421875	95.0	
1504191367442	2578818903808	277.0	-22.0	-7.0	95.0	
1504191367458	2578839045409	277.0	-22.0	-7.0	95.0	
1504191367494	2578859187011	277.0	-22.0	-8.0	95.0	
1504191367512	2578879328612	277.0	-22.0	-8.0	95.0	
1504191367529	2578899470214	276.69378662109375	-22.0	-8.30621337890625	95.0	
1504191367546	2578919611815	276.0	-22.0	-9.0	95.0	
1504191367564	2578939753417	275.4100341796875	-22.589950561523438	-9.0	95.0	
1504191367582	2578959895019	274.2681884765625	-23.0	-9.0	95.0	
1504191367601	2578980036620	272.25262451171875	-23.873687744140625	-9.0	95.0	
1504191367635	2579000178222	269.95330810546875	-26.01556396484375	-9.98443603515625	95.0	
1504191367653	2579020319823	266.84259033203125	-27.157424926757813	-9.0	95.0	
1504191367669	2579040461425	265.70068359375	-28.299301147460938	-9.0	95.0	
1504191367687	2579060603026	264.558837890625	-28.558837890625	-9.0	95.0	
1504191367704	2579080744628	264.0	-28.0	-8.416961669921875	95.0	
1504191367722	2579100886229	264.0	-28.0	-8.0	95.0	
1504191367739	2579121027831	264.0	-27.133224487304688	-8.0	95.0	
1504191367775	2579141169433	264.0086364746094	-27.0	-8.0	95.0	
1504191367793	2579161311034	265.0	-27.0	-8.0	95.0	
1504191367812	2579181452636	265.0	-27.0	-8.292373657226563	95.0	
1504191367829	2579201594237	265.0	-27.0	-9.0	95.0	
1504191367845	2579221735839	265.5771179199219	-27.0	-9.577117919921875	95.0	
1504191367868	2579241877440	266.0	-26.280288696289063	-10.0	95.0	
1504191367881	2579262019042	266.0	-26.0	-10.861587524414063	95.0	
1504191367916	2579282160644	267.0	-25.996551513671875	-11.0	95.0	
1504191367933	2579302302245	267.0	-25.0	-11.0	95.0	
1504191367952	2579322443847	267.0	-25.287185668945313	-11.0	95.0	
1504191367972	2579342585448	267.0	-26.0	-11.0	95.0	
1504191367986	2579362727050	267.0	-26.0	-11.0	95.0	
1504191368004	2579382868651	267.7127990722656	-25.287200927734375	-11.0	95.0	
1504191368024	2579403010253	268.85467529296875	-25.0	-10.145339965820313	95.0	
1504191368039	2579423151854	269.0	-24.003463745117188	-10.0	95.0	
1504191368074	2579443293456	270.1383972167969	-22.861602783203125	-9.0	95.0	
1504191368091	2579463435058	271.0	-22.0	-9.0	95.0	
1504191368109	2579483576659	271.422119140625	-22.0	-9.0	95.0	
1504191368127	2579503718261	272.56402587890625	-22.0	-8.435989379882813	95.0	
1504191368145	2579523859862	273.0	-21.29412841796875	-8.0	95.0	
1504191368163	2579544001464	273.8477478027344	-21.0	-7.152252197265625	95.0	
1504191368181	2579564143065	274.0	-21.0	-7.0	95.0	
1504191368216	2579584284667	275.0	-20.0	-7.0	95.0	
1504191368235	2579604426269	275.0	-20.0	-7.0	95.0	
1504191368251	2579624567870	275.0	-20.0	-7.0	95.0	
1504191368268	2579644709472	275.0	-20.0	-7.5570831298828125	95.0	
1504191368287	2579664851073	275.0	-20.698959350585938	-8.0	95.0	
1504191368313	2579684992675	274.1591796875	-21.0	-8.8408203125	95.0	
1504191368325	2579705134276	274.0	-21.0	-9.0	95.0	
1504191368357	2579725275878	273.87542724609375	-21.0	-9.0	95.0	
1504191368373	2579745417479	273.0	-21.0	-9.0	95.0	
1504191368401	2579765559081	273.0	-21.0	-9.0	95.0	
1504191368414	2579785700683	273.0	-21.0	-9.0	95.0	
1504191368433	2579805842284	273.0	-21.0	-8.307968139648438	95.0	
1504191368447	2579825971283	273.0	-21.0	-8.0	95.0	
1504191368463	2579846112884	273.0	-21.0	-8.0	95.0	
1504191368498	2579866254486	273.1176452636719	-21.0	-8.0	95.0	
1504191368515	2579886396087	274.0	-21.0	-8.0	95.0	
1504191368533	2579906537689	274.0	-21.0	-8.0	95.0	
1504191368551	2579926679291	274.0	-21.0	-8.0	95.0	
1504191368570	2579946820892	274.0	-21.0	-8.0	95.0	
1504191368585	2579966962494	274.0	-21.0	-7.171295166015625	95.0	
1504191368603	2579987104095	274.0	-21.0	-7.0	95.0	
1504191368640	2580007245697	274.0	-21.0	-7.0	95.0	
1504191368657	2580027387298	274.0	-21.0	-7.0	95.0	
1504191368674	2580047528900	274.0	-21.0	-7.0	95.0	
1504191368692	2580067670501	274.0	-21.0	-7.0	95.0	
1504191368710	2580087812103	274.0	-21.0	-7.0	95.0	
1504191368729	2580107953705	274.0	-21.0	-7.0	95.0	
1504191368745	2580128095306	274.0	-21.0	-7.0	95.0	
1504191368781	2580148236908	274.0	-21.0	-7.0	95.0	
1504191368798	2580168378509	274.24737548828125	-21.0	-7.0	95.0	
1504191368816	2580188520111	275.0	-21.0	-7.0	95.0	
1504191368832	2580208661712	275.0	-21.0	-7.0	95.0	
1504191368851	2580228803314	275.0	-21.0	-7.0	95.0	
1504191368869	2580248944916	275.0	-21.0	-7.0	95.0	
1504191368885	2580269086517	275.95672607421875	-21.0	-7.0	95.0	
1504191368921	2580289228119	276.0986022949219	-21.0	-7.0	95.0	
1504191368940	2580309369720	277.0	-21.0	-7.0	95.0	
1504191368956	2580329511322	277.0	-21.0	-7.3823394775390625	95.0	
1504191368974	2580349652923	277.0	-21.0	-8.0	95.0	
1504191368995	2580369794525	277.0	-21.0	-8.66607666015625	95.0	
1504191369013	2580389936126	277.0	-20.192047119140625	-9.0	95.0	
1504191369030	2580410077728	277.0	-20.0	-9.0	95.0	
1504191369062	2580430219330	277.0	-21.0	-9.0	95.0	
1504191369082	2580450360931	277.0	-21.0	-8.766448974609375	95.0	
1504191369097	2580470502533	277.0	-21.0	-8.0	95.0	
1504191369115	2580490644134	277.0	-21.0	-8.0	95.0	
1504191369135	2580510785736	277.0	-21.0	-8.0	95.0	
1504191369151	2580530927337	277.0	-21.0	-8.0	95.0	
1504191369169	2580551068939	277.0	-21.0	-8.942901611328125	95.0	
1504191369208	2580571210541	277.0	-20.915237426757813	-9.0	95.0	
1504191369222	2580591352142	277.0	-20.0	-9.0	95.0	
1504191369240	2580611493744	277.0	-20.0	-8.631500244140625	95.0	
1504191369254	2580631635345	277.0	-20.0	-8.0	95.0	
1504191369273	2580651776947	277.0	-20.0	-8.0	95.0	
1504191369293	2580671918548	277.0	-20.0	-8.0	95.0	
1504191369308	2580692060150	276.0622863769531	-20.0	-7.062286376953125	95.0	
1504191369343	2580712201751	276.0	-20.0	-6.9204254150390625	95.0	
1504191369360	2580732343353	276.0	-20.0	-6.0	95.0	
1504191369379	2580752484955	276.0	-20.0	-6.363311767578125	95.0	
1504191369396	2580772626556	276.0	-20.0	-7.0	95.0	
1504191369414	2580792768158	276.64703369140625	-20.0	-7.0	95.0	
1504191369432	2580812909759	277.0	-20.0	-7.0	95.0	
1504191369449	2580833051361	277.0	-20.0	-7.9307861328125	95.0	
1504191369485	2580853192962	277.0	-20.0	-7.0	95.0	
1504191369505	2580873334564	277.0	-19.785476684570313	-7.0	95.0	
1504191369520	2580893476166	277.0	-19.0	-6.6436004638671875	95.0	
1504191369536	2580913617767	277.0	-19.0	-6.0	95.0	
1504191369556	2580933759369	277.0	-19.0	-6.0	95.0	
1504191369572	2580953900970	277.781982421875	-19.0	-6.0	95.0	
1504191369591	2580974042572	278.0	-19.0	-6.9238739013671875	95.0	
1504191369626	2580994184173	278.0	-19.0	-7.0	95.0	
1504191369643	2581014325775	278.0	-19.0	-7.0	95.0	
1504191369662	2581034467376	278.0	-19.0	-7.0	95.0	
1504191369677	2581054608978	278.0	-19.491348266601563	-7.0	95.0	
1504191369695	2581074750580	278.0	-20.0	-6.366790771484375	95.0	
1504191369716	2581094892181	278.0	-20.0	-6.0	95.0	
1504191369732	2581115033783	278.91693115234375	-20.0	-6.0	95.0	
1504191369767	2581135175384	279.0	-20.0	-5.0	95.0	
1504191369784	2581155316986	279.0	-20.0	-5.0	95.0	
1504191369802	2581175458587	278.6574401855469	-20.342559814453125	-5.0	95.0	
1504191369819	2581195600189	278.0	-21.0	-4.5155792236328125	95.0	
1504191369837	2581215741791	278.0	-21.0	-4.0	95.0	
1504191369856	2581235883392	278.0	-21.0	-4.0	95.0	
1504191369874	2581256024994	278.0	-21.0	-4.0	95.0	
1504191369908	2581276166595	278.0	-21.0	-4.0	95.0	
1504191369928	2581296308197	278.0	-21.0	-4.1937713623046875	95.0	
1504191369944	2581316449798	278.0	-21.0	-5.0	95.0	
1504191369960	2581336591400	278.0	-21.0	-5.0	95.0	
1504191369980	2581356733001	278.0	-21.620437622070313	-5.0	95.0	
1504191369997	2581376874603	278.0	-22.0	-5.762969970703125	95.0	
1504191370014	2581397016205	278.0	-22.0	-6.0	95.0	
1504191370049	2581417157806	278.0	-22.0	-6.0	95.0	
1504191370067	2581437299408	278.0	-22.0	-6.0	95.0	
1504191370086	2581457441009	278.0	-22.0	-6.0	95.0	
1504191370101	2581477582611	278.0	-22.0	-6.0	95.0	
1504191370118	2581497724212	278.0	-22.0	-6.0	95.0	
1504191370138	2581517865814	278.0	-22.0	-5.24395751953125	95.0	
1504191370154	2581538007416	278.0	-22.0	-5.0	95.0	
1504191370190	2581558149017	278.039794921875	-22.0	-4.9602203369140625	95.0	
1504191370207	2581578290619	279.0	-22.0	-4.0	95.0	
1504191370225	2581598432220	279.0	-22.0	-4.0	95.0	
1504191370243	2581618573822	279.0	-22.0	-4.0	95.0	
1504191370260	2581638715423	279.0	-22.0	-3.3927459716796875	95.0	
1504191370278	2581658857025	279.0	-22.0	-3.0	95.0	
1504191370296	2581678998626	279.0	-22.0	-3.0	95.0	
1504191370331	2581699140228	279.0	-22.0	-4.0	95.0	
1504191370349	2581719281830	279.0	-22.174728393554688	-4.0	95.0	
1504191370366	2581739423431	279.0	-23.0	-4.3166046142578125	95.0	
1504191370382	2581759565033	278.5415344238281	-23.0	-5.0	95.0	
1504191370406	2581779706634	278.0	-22.399658203125	-5.0	95.0	
1504191370419	2581799848236	278.0	-22.0	-5.0	95.0	
1504191370436	2581819989837	278.0	-22.0	-5.0	95.0	
1504191370472	2581840131439	278.0	-22.0	-5.0	95.0	
1504191370490	2581860273041	278.0	-22.0	-5.0	95.0	
1504191370507	2581880414642	278.0	-22.0	-5.0	95.0	
1504191370523	2581900556244	278.0	-22.0	-5.0	95.0	
1504191370542	2581920697845	278.0	-22.0	-5.0	95.0	
1504191370560	2581940839447	278.0	-22.0	-5.0	95.0	
1504191370577	2581960981048	278.0	-22.0	-5.8771514892578125	95.0	
1504191370613	2581981122650	278.0	-22.0	-6.0	95.0	
1504191370631	2582001264251	278.0	-22.0	-6.0	95.0	
1504191370649	2582021405853	278.0	-22.0	-6.0	95.0	
1504191370666	2582041547455	278.0	-22.0	-6.0	95.0	
1504191370685	2582061689056	278.0	-22.0	-6.0	95.0	
1504191370703	2582081830658	278.0	-22.0	-6.76922607421875	95.0	
1504191370721	2582101972259	278.0	-22.923065185546875	-7.923065185546875	95.0	
1504191370765	2582122113861	278.0	-22.923080444335938	-8.0	95.0	
1504191370776	2582142255462	278.0	-22.0	-8.0	95.0	
1504191370809	2582162397064	278.0	-22.0	-7.6136474609375	95.0	
1504191370814	2582182538666	278.0	-22.0	-7.0	95.0	
1504191370833	2582202680267	278.0	-22.0	-7.0	95.0	
1504191370846	2582222821869	278.0	-22.0	-6.152099609375	95.0	
1504191370877	2582242963470	278.0	-22.0	-6.0	95.0	
1504191370894	2582263105072	278.0	-22.0	-6.0	95.0	
1504191370912	2582283246673	278.0	-22.0	-6.0	95.0	
1504191370930	2582303388275	278.0	-22.0	-6.0	95.0	
1504191370946	2582323529876	278.0	-22.0	-6.0	95.0	
1504191370966	2582343671478	278.0	-22.0	-6.7727203369140625	95.0	
1504191370984	2582363813080	278.0	-22.0	-7.0	95.0	
1504191371018	2582383954681	278.0	-22.0	-7.0	95.0	
1504191371035	2582404096283	278.0	-22.0	-7.0	95.0	
1504191371053	2582424237884	278.0	-22.0	-7.0	95.0	
1504191371071	2582444379486	278.0	-22.0	-7.0	95.0	
1504191371089	2582464521087	278.0	-22.0	-7.0	95.0	
1504191371105	2582484662689	278.0	-22.0	-7.0	95.0	
1504191371142	2582504804291	278.0	-22.0	-7.0	95.0	
1504191371159	2582524945892	278.0	-22.0	-7.0	95.0	
1504191371177	2582545087494	278.0	-22.0	-7.0	95.0	
1504191371196	2582565229095	278.0	-22.0	-7.0	95.0	
1504191371211	2582585370697	278.0	-22.0	-7.0	95.0	
1504191371229	2582605512298	278.0	-22.0	-7.0	95.0	
1504191371250	2582625653900	278.0	-22.0	-7.0	95.0	
1504191371283	2582645795501	278.0	-22.0	-7.0	95.0	
1504191371301	2582665937103	278.0	-22.0	-7.0	95.0	
1504191371318	2582686078705	278.0	-22.0	-7.0	95.0	
1504191371336	2582706220306	278.0	-22.0	-7.0	95.0	
1504191371354	2582726361908	278.0	-22.0	-6.2989654541015625	95.0	
1504191371369	2582746503509	278.0	-22.0	-6.0	95.0	
1504191371407	2582766645111	278.0	-22.0	-6.0	95.0	
1504191371424	2582786786712	278.0	-22.0	-6.0	95.0	
1504191371442	2582806928314	278.0	-22.0	-6.0	95.0	
1504191371459	2582827069916	278.0	-22.0	-6.0	95.0	
1504191371476	2582847211517	278.0	-22.0	-6.0	95.0	
1504191371494	2582867353119	278.0	-22.0	-6.0	95.0	
1504191371512	2582887494720	278.0	-22.0	-6.0	95.0	
1504191371547	2582907636322	278.0	-22.0	-6.0	95.0	
1504191371566	2582927777923	278.0	-22.0	-6.0	95.0	
1504191371583	2582947919525	278.0	-22.0	-6.0	95.0	
1504191371600	2582968061126	278.0	-22.0	-6.0	95.0	
1504191371620	2582988202728	278.0	-22.0	-6.0	95.0	
1504191371636	2583008344330	278.0	-22.0	-6.0	95.0	
1504191371673	2583028485931	278.0	-22.0	-6.0	95.0	
1504191371689	2583048627533	278.0	-22.0	-6.0	95.0	
1504191371706	2583068769134	278.0	-22.0	-6.0	95.0	
1504191371725	2583088910736	278.4612731933594	-22.0	-6.0	95.0	
1504191371751	2583109052337	279.0	-22.0	-6.0	95.0	
1504191371760	2583129193939	279.0	-22.0	-6.73321533203125	95.0	
1504191371778	2583149335541	279.0	-22.0	-7.0	95.0	
1504191371812	2583169477142	279.0	-22.0	-7.0	95.0	
1504191371831	2583189618744	279.0	-22.0	-7.0	95.0	
1504191371847	2583209760345	279.0	-22.0	-7.0	95.0	
1504191371865	2583229901947	279.0	-22.0	-7.0	95.0	
1504191371883	2583250043548	279.0	-22.547317504882813	-7.0	95.0	
1504191371902	2583270185150	279.0	-23.0	-7.0	95.0	
1504191371920	2583290326751	279.0	-22.18072509765625	-7.0	95.0	
1504191371934	2583310468353	279.0	-22.0	-7.0	95.0	
1504191371971	2583330609955	279.0	-22.0	-7.0	95.0	
1504191371991	2583350751556	279.0	-22.0	-7.0	95.0	
1504191372006	2583370893158	279.0	-22.0	-7.0	95.0	
1504191372023	2583391034759	279.0	-22.0	-7.0	95.0	
1504191372041	2583411176361	279.0	-22.0	-7.0	95.0	
1504191372059	2583431317962	279.0	-22.0	-7.0	95.0	
1504191372075	2583451459564	279.0	-22.0	-7.0	95.0	
1504191372111	2583471601166	279.0	-22.0	-7.0	95.0	
1504191372129	2583491742767	279.0	-22.0	-7.0	95.0	
1504191372147	2583511884369	279.0	-22.0	-7.0	95.0	
1504191372165	2583532025970	279.0	-22.0	-7.0	95.0	
1504191372182	2583552167572	279.0	-22.0	-7.0	95.0	
1504191372201	2583572309173	279.0	-22.0	-7.0	95.0	
1504191372216	2583592450775	279.0	-22.0	-7.0	95.0	
1504191372235	2583612592376	279.0	-22.0	-7.99139404296875	95.0	
1504191372271	2583632733978	279.0	-22.0	-8.0	95.0	
1504191372288	2583652875580	279.0	-22.0	-8.0	95.0	
1504191372305	2583673017181	279.0	-22.0	-8.0	95.0	
1504191372323	2583693158783	279.0	-22.0	-8.0	95.0	
1504191372340	2583713300384	279.0	-22.0	-8.0	95.0	
1504191372358	2583733441986	279.0	-22.0	-8.0	95.0	
1504191372376	2583753583587	279.0	-22.0	-8.0	95.0	
1504191372413	2583773725189	279.0	-22.0	-8.0	95.0	
1504191372437	2583793866791	279.0	-22.0	-8.0	95.0	
1504191372448	2583814008392	279.0	-22.0	-8.0	95.0	
1504191372464	2583834149994	279.0	-22.0	-8.485366821289063	95.0	
1504191372482	2583854291595	279.0	-22.0	-9.0	95.0	
1504191372497	2583874433197	279.0	-22.0	-9.0	95.0	
1504191372518	2583894574798	279.0	-22.0	-9.0	95.0	
1504191372552	2583914716400	279.0	-22.0	-9.0	95.0	
1504191372569	2583934858001	279.0	-22.0	-9.0	95.0	
1504191372587	2583954999603	279.0	-22.0	-9.0	95.0	
1504191372604	2583975141205	279.0	-22.0	-9.0	95.0	
1504191372625	2583995282806	279.0	-22.0	-9.0	95.0	
1504191372639	2584015424408	279.0	-22.0	-9.0	95.0	
1504191372659	2584035566009	279.0	-22.0	-9.0	95.0	
1504191372677	2584055707611	279.0	-22.0	-9.0	95.0	
1504191372712	2584075849212	279.0	-23.0	-8.0	95.0	
1504191372729	2584095990814	279.0	-23.0	-8.25128173828125	95.0	
1504191372746	2584116132416	279.0	-23.0	-9.0	95.0	
1504191372765	2584136274017	279.0	-23.0	-9.0	95.0	
1504191372782	2584156415619	279.0	-22.342514038085938	-9.0	95.0	
1504191372800	2584176557220	279.0	-22.0	-9.0	95.0	
1504191372818	2584196698822	279.0	-22.0	-9.0	95.0	
1504191372853	2584216840423	278.9346008300781	-23.0	-9.0	95.0	
1504191372870	2584236982025	278.0	-23.0	-9.201370239257813	95.0	
1504191372888	2584257123626	278.0	-23.0	-10.0	95.0	
1504191372904	2584277265228	278.0	-23.0	-10.0	95.0	
1504191372927	2584297406830	278.0	-22.391754150390625	-10.0	95.0	
1504191372941	2584317548431	278.0	-22.0	-10.0	95.0	
1504191372957	2584337690033	278.0	-22.0	-10.0	95.0	
1504191372993	2584357831634	278.0155029296875	-22.0	-10.0	95.0	
1504191373021	2584377973236	279.0	-22.151458740234375	-10.0	95.0	
1504191373048	2584398114837	279.0	-23.0	-10.0	95.0	
1504191373055	2584418256439	279.0	-23.0	-10.0	95.0	
1504191373061	2584438398041	278.44061279296875	-22.440628051757813	-10.0	95.0	
1504191373081	2584458539642	278.0	-22.0	-10.0	95.0	
1504191373099	2584478681244	278.0	-22.0	-10.0	95.0	
1504191373115	2584498822845	278.0	-22.0	-10.0	95.0	
1504191373151	2584518964447	278.0	-22.0	-10.0	95.0	
1504191373169	2584539106048	278.0	-22.0	-10.237518310546875	95.0	
1504191373187	2584559247650	278.0	-22.0	-11.0	95.0	
1504191373204	2584579389251	278.0	-22.0	-11.0	95.0	
1504191373223	2584599530853	278.0	-22.0	-11.0	95.0	
1504191373240	2584619672455	278.0	-22.0	-11.781402587890625	95.0	
1504191373257	2584639814056	278.0	-22.0	-12.0	95.0	
1504191373292	2584659955658	278.0	-22.0	-11.946746826171875	95.0	
1504191373310	2584680097259	278.0	-22.0	-11.0	95.0	
1504191373329	2584700238861	278.0	-22.0	-11.0	95.0	
1504191373347	2584720380462	278.0	-22.0	-11.0	95.0	
1504191373362	2584740522064	277.40447998046875	-22.0	-11.0	95.0	
1504191373384	2584760663666	277.73150634765625	-22.0	-10.268508911132813	95.0	
1504191373398	2584780805267	278.0	-22.0	-9.132537841796875	95.0	
1504191373432	2584800946869	278.0	-22.0	-9.0	95.0	
1504191373451	2584821088470	278.0	-22.0	-9.0	95.0	
1504191373471	2584841230072	278.0	-22.0	-9.0	95.0	
1504191373486	2584861371673	278.0	-22.0	-9.0	95.0	
1504191373504	2584881513275	278.0	-22.0	-8.44097900390625	95.0	
1504191373522	2584901654876	278.0	-22.0	-8.0	95.0	
1504191373539	2584921796478	278.0	-22.0	-8.0	95.0	
1504191373574	2584941938080	278.0	-22.0	-8.0	95.0	
1504191373592	2584962079681	278.0	-22.0	-8.0	95.0	
1504191373609	2584982221283	278.0	-22.0	-8.358154296875	95.0	
1504191373626	2585002362884	278.0	-22.0	-9.0	95.0	
1504191373654	2585022504486	278.0	-22.0	-8.301422119140625	95.0	
1504191373664	2585042646087	278.0	-22.0	-8.0	95.0	
1504191373698	2585062787689	278.0	-22.0	-8.0	95.0	
1504191373715	2585082929291	278.0	-22.0	-8.0	95.0	
1504191373736	2585103070892	278.0	-22.0	-7.620574951171875	95.0	
1504191373750	2585123212494	278.0	-22.0	-7.0	95.0	
1504191373768	2585143354095	278.0	-21.2801513671875	-7.0	95.0	
1504191373787	2585163495697	278.0	-21.0	-6.1099395751953125	95.0	
1504191373826	2585183637298	278.0	-21.0	-5.939727783203125	95.0	
1504191373839	2585203778900	278.0	-21.0	-5.0	95.0	
1504191373859	2585223920501	278.0	-21.0	-4.59930419921875	95.0	
1504191373876	2585244062103	278.0	-21.0	-4.0	95.0	
1504191373894	2585264203705	278.74114990234375	-21.0	-3.2588653564453125	95.0	
1504191373909	2585284345306	279.0	-21.0	-3.0	95.0	
1504191373947	2585304486908	279.0	-20.0	-3.0	95.0	
1504191373962	2585324628509	278.74822998046875	-20.0	-3.0	95.0	
1504191373980	2585344770111	278.0	-20.0	-3.0	95.0	
1504191373997	2585364911712	278.0	-20.0	-3.5758514404296875	95.0	
1504191374017	2585385053314	278.0	-20.0	-4.0	95.0	
1504191374033	2585405194916	278.0	-20.0	-4.0	95.0	
1504191374050	2585425336517	278.0	-20.0	-4.0	95.0	
1504191374086	2585445478119	278.0	-20.0	-4.0	95.0	
1504191374106	2585465619720	278.2564392089844	-20.0	-4.0	95.0	
1504191374121	2585485761322	279.0	-20.0	-4.0	95.0	
1504191374143	2585505902923	279.0	-20.0	-4.0	95.0	
1504191374157	2585526044525	279.0	-20.0	-4.0	95.0	
1504191374174	2585546186126	278.19964599609375	-20.0	-4.0	95.0	
1504191374192	2585566327728	278.0	-20.0	-4.0	95.0	
1504191374227	2585586469330	278.0	-20.0	-4.0	95.0	
1504191374246	2585606610931	278.0	-20.0	-4.0	95.0	
1504191374263	2585626752533	278.0	-20.0	-4.0	95.0	
1504191374280	2585646894134	278.0	-20.0	-4.0	95.0	
1504191374298	2585667035736	278.0	-20.0	-4.0	95.0	
1504191374316	2585687177337	278.0	-20.0	-4.0	95.0	
1504191374331	2585707318939	278.0	-20.0	-4.0	95.0	
1504191374369	2585727460541	278.0	-20.0	-4.0258026123046875	95.0	
1504191374385	2585747602142	278.0	-20.0	-5.0	95.0	
1504191374402	2585767743744	278.0	-20.0	-5.0	95.0	
1504191374420	2585787885345	278.0	-20.0	-5.0	95.0	
1504191374437	2585808026947	278.0	-20.0	-5.0	95.0	
1504191374455	2585828168548	278.0	-20.0	-5.0	95.0	
1504191374473	2585848310150	278.0	-20.0	-5.0	95.0	
1504191374491	2585868451751	278.0	-20.0	-5.0	95.0	
1504191374532	2585888593353	278.0	-20.0	-5.0	95.0	
1504191374548	2585908734955	278.0	-20.0	-5.0	95.0	
1504191374562	2585928876556	278.0	-20.0	-5.0	95.0	
1504191374579	2585949018158	278.0	-20.0	-5.523223876953125	95.0	
1504191374596	2585969159759	278.0	-20.0	-6.0	95.0	
1504191374612	2585989301361	278.0	-20.0	-6.0	95.0	
1504191374633	2586009442962	278.0	-20.0	-6.0	95.0	
1504191374667	2586029584564	278.0	-20.0	-6.0	95.0	
1504191374687	2586049726166	278.0	-20.0	-6.0	95.0	
1504191374703	2586069867767	278.0	-20.0	-6.0	95.0	
1504191374721	2586090009369	278.0	-20.0	-6.0	95.0	
1504191374740	2586110150970	278.0	-20.0	-6.0	95.0	
1504191374755	2586130292572	278.0	-20.0	-6.0	95.0	
1504191374773	2586150434173	278.0	-20.0	-6.0	95.0	
1504191374810	2586170575775	278.0	-20.0	-6.0	95.0	
1504191374827	2586190717376	278.1566162109375	-20.0	-6.0	95.0	
1504191374844	2586210858978	279.0	-20.0	-6.0	95.0	
1504191374861	2586231000580	279.0	-20.0	-6.0	95.0	
1504191374880	2586251142181	279.0	-20.0	-6.0	95.0	
1504191374896	2586271283783	279.0	-20.0	-6.0	95.0	
1504191374914	2586291425384	279.0	-20.0	-6.0	95.0	
1504191374932	2586311566986	279.0	-19.025863647460938	-6.0	95.0	
1504191374966	2586331708587	279.0	-19.0	-5.0	95.0	
1504191374983	2586351850189	279.0	-19.0	-5.0	95.0	
1504191375003	2586371991791	279.0	-19.0	-5.0	95.0	
1504191375020	2586392133392	279.0	-19.0	-5.0	95.0	
1504191375036	2586412274994	279.0	-19.0	-5.0	95.0	
1504191375057	2586432416595	279.0	-19.0	-5.0	95.0	
1504191375073	2586452558197	279.0	-19.0	-5.9259796142578125	95.0	
1504191375107	2586472699798	279.0	-19.0	-6.0	95.0	
1504191375124	2586492841400	279.0	-19.0	-6.1979217529296875	95.0	
1504191375143	2586512983001	279.0	-19.0	-7.0	95.0	
1504191375161	2586533124603	279.0	-19.0	-7.0	95.0	
1504191375177	2586553266205	278.39312744140625	-19.0	-7.0	95.0	
1504191375196	2586573407806	278.0	-19.0	-7.7435455322265625	95.0	
1504191375216	2586593549408	277.1204833984375	-19.0	-8.0	95.0	
1504191375248	2586613691009	277.0	-20.0	-8.015487670898438	95.0	
1504191375266	2586633832611	277.0	-20.0	-9.151458740234375	95.0	
1504191375287	2586653974212	277.0	-20.0	-10.0	95.0	
1504191375303	2586674115814	277.0	-20.0	-10.0	95.0	
1504191375321	2586694257416	277.55938720703125	-20.0	-10.0	95.0	
1504191375336	2586714399017	278.0	-20.0	-10.0	95.0	
1504191375354	2586734540619	278.0	-20.0	-10.0	95.0	
1504191375373	2586754682220	278.0	-20.0	-10.0	95.0	
1504191375408	2586774823822	278.0	-20.0	-9.0	95.0	
1504191375427	2586794965423	278.0	-20.0	-9.0	95.0	
1504191375444	2586815107025	278.0	-20.0	-9.0	95.0	
1504191375460	2586835248626	278.0	-20.0	-9.512893676757813	95.0	
1504191375481	2586855390228	278.0	-20.648880004882813	-10.648880004882813	95.0	
1504191375495	2586875531830	278.0	-21.0	-11.0	95.0	
1504191375514	2586895673431	277.07916259765625	-21.0	-11.0	95.0	
1504191375551	2586915815033	277.0567932128906	-20.0	-10.943206787109375	95.0	
1504191375566	2586935956634	278.0	-20.0	-9.807235717773438	95.0	
1504191375584	2586956098236	278.0	-20.0	-8.6712646484375	95.0	
1504191375601	2586976239837	277.5352783203125	-20.0	-8.0	95.0	
1504191375619	2586996381439	277.6006774902344	-20.0	-8.0	95.0	
1504191375636	2587016523041	278.0	-20.0	-8.737930297851563	95.0	
1504191375653	2587036664642	278.87432861328125	-20.0	-9.0	95.0	
1504191375688	2587056806244	279.0	-19.0	-8.0	95.0	
1504191375708	2587076947845	279.0	-19.146286010742188	-8.0	95.0	
1504191375725	2587097089447	279.0	-20.0	-8.0	95.0	
1504191375742	2587117231048	279.0	-20.0	-8.0	95.0	
1504191375760	2587137372650	279.0	-20.0	-8.0	95.0	
1504191375777	2587157514251	279.0	-20.0	-8.0	95.0	
1504191375796	2587177655853	279.0	-19.173843383789063	-8.0	95.0	
1504191375812	2587197797455	279.0	-19.0	-8.0	95.0	
1504191375848	2587217939056	279.0	-19.0	-8.0	95.0	
1504191375867	2587238080658	279.0	-19.26214599609375	-8.0	95.0	
1504191375881	2587258222259	279.407958984375	-20.0	-8.0	95.0	
1504191375901	2587278363861	280.0	-20.0	-8.0	95.0	
1504191375918	2587298505462	280.0	-20.0	-8.0	95.0	
1504191375936	2587318647064	280.0	-20.0	-8.0	95.0	
1504191375955	2587338788666	280.0	-20.0	-8.0	95.0	
1504191375991	2587358930267	279.0	-20.0	-8.0	95.0	
1504191376008	2587379071869	279.0	-20.0	-8.0	95.0	
1504191376023	2587399213470	279.0	-19.552276611328125	-8.0	95.0	
1504191376043	2587419355072	279.0	-19.0	-8.597549438476563	95.0	
1504191376062	2587439496673	279.0	-19.0	-9.0	95.0	
1504191376076	2587459638275	279.0	-19.0	-9.0	95.0	
1504191376112	2587479779876	279.0	-19.0	-9.0	95.0	
1504191376130	2587499921478	279.0	-19.0	-9.0	95.0	
1504191376147	2587520063080	279.0	-19.0	-9.0	95.0	
1504191376165	2587540204681	279.0	-19.0	-9.0	95.0	
1504191376183	2587560346283	279.0	-19.0	-9.0	95.0	
1504191376201	2587580487884	279.0	-19.0	-9.0	95.0	
1504191376219	2587600629486	279.0	-19.0	-9.0	95.0	
1504191376254	2587620771087	279.0	-19.0	-9.0	95.0	
1504191376271	2587640912689	279.0	-19.0	-9.0	95.0	
1504191376289	2587661054291	279.0	-19.0	-9.0	95.0	
1504191376306	2587681195892	279.0	-19.0	-9.0	95.0	
1504191376323	2587701337494	279.0	-19.0	-9.0	95.0	
1504191376342	2587721479095	278.1550598144531	-19.0	-9.844940185546875	95.0	
1504191376359	2587741620697	278.0	-19.0	-10.0	95.0	
1504191376394	2587761762298	277.85540771484375	-19.14459228515625	-10.0	95.0	
1504191376413	2587781903900	277.0	-20.0	-10.0	95.0	
1504191376432	2587802045501	276.5557556152344	-20.0	-10.0	95.0	
1504191376447	2587822187103	276.0	-20.0	-10.0	95.0	
1504191376465	2587842328705	275.256103515625	-20.743896484375	-9.256103515625	95.0	
1504191376484	2587862470306	274.10626220703125	-21.0	-9.0	95.0	
1504191376526	2587882611908	273.9564514160156	-22.0	-9.0	95.0	
1504191376535	2587902753509	273.0	-22.0	-8.806625366210938	95.0	
1504191376553	2587922895111	273.0	-21.65679931640625	-8.0	95.0	
1504191376571	2587943036712	273.0	-21.0	-8.0	95.0	
1504191376588	2587963178314	273.0	-21.0	-8.0	95.0	
1504191376605	2587983319916	273.0	-21.0	-8.0	95.0	
1504191376624	2588003461517	273.9425048828125	-21.0	-8.0	95.0	
1504191376659	2588023603119	274.0	-21.0	-7.9076690673828125	95.0	
1504191376676	2588043744720	274.0	-21.0	-7.0	95.0	
1504191376695	2588063886322	274.0	-21.0	-7.0	95.0	
1504191376711	2588084027923	274.0	-21.0	-6.45819091796875	95.0	
1504191376729	2588104169525	274.0	-21.0	-6.0	95.0	
1504191376747	2588124311126	274.8414611816406	-21.0	-5.158538818359375	95.0	
1504191376765	2588144452728	275.0	-21.0	-5.0	95.0	
1504191376800	2588164594330	275.0	-20.14111328125	-5.0	95.0	
1504191376818	2588184735931	275.0	-21.0	-5.0	95.0	
1504191376835	2588204877533	275.0	-21.0	-5.0	95.0	
1504191376854	2588225019134	275.0	-21.0	-5.0	95.0	
1504191376870	2588245160736	275.0	-21.0	-5.0	95.0	
1504191376887	2588265302337	275.0	-21.0	-5.0	95.0	
1504191376923	2588285443939	274.9599304199219	-21.0	-5.0	95.0	
1504191376941	2588305585541	274.0	-21.0	-5.18988037109375	95.0	
1504191376960	2588325727142	273.6602783203125	-21.339706420898438	-6.0	95.0	
1504191376976	2588345868744	273.0	-22.0	-6.489532470703125	95.0	
1504191376994	2588366010345	272.36065673828125	-22.0	-8.278717041015625	95.0	
1504191377013	2588386151947	271.2108154296875	-22.0	-9.7891845703125	95.0	
1504191377028	2588406293548	270.06097412109375	-22.939010620117188	-11.878021240234375	95.0	
1504191377065	2588426435150	269.0	-23.0	-13.088836669921875	95.0	
1504191377082	2588446576751	268.7613525390625	-23.0	-14.0	95.0	
1504191377100	2588466718353	268.0	-22.61151123046875	-14.38848876953125	95.0	
1504191377119	2588486859955	268.0	-22.0	-15.0	95.0	
1504191377135	2588507001556	268.0	-22.0	-15.0	95.0	
1504191377154	2588527143158	267.16204833984375	-22.0	-15.837966918945313	95.0	
1504191377181	2588547284759	267.0	-22.0	-16.0	95.0	
1504191377205	2588567426361	267.0	-22.0	-16.0	95.0	
1504191377223	2588587567962	267.0	-22.0	-16.0	95.0	
1504191377240	2588607709564	267.0	-21.562728881835938	-15.562728881835938	95.0	
1504191377258	2588627851166	267.0	-21.0	-15.0	95.0	
1504191377276	2588647992767	267.0	-21.0	-14.263076782226563	95.0	
1504191377293	2588668134369	267.8867492675781	-21.0	-14.0	95.0	
1504191377331	2588688275970	268.0	-21.0	-13.0	95.0	
1504191377347	2588708417572	268.0	-21.0	-12.8135986328125	95.0	
1504191377365	2588728559173	268.0	-20.663772583007813	-12.0	95.0	
1504191377384	2588748700775	268.0	-20.0	-11.513946533203125	95.0	
1504191377400	2588768842376	268.0	-20.0	-11.0	95.0	
1504191377417	2588788983978	268.0	-20.78570556640625	-11.0	95.0	
1504191377437	2588809125580	268.0	-21.0	-11.0	95.0	
1504191377470	2588829267181	267.9146423339844	-21.0	-11.0	95.0	
1504191377487	2588849408783	267.0	-21.235183715820313	-11.0	95.0	
1504191377506	2588869550384	267.0	-22.0	-11.0	95.0	
1504191377523	2588889691986	267.0	-22.0	-11.0	95.0	
1504191377543	2588909833587	267.0	-22.0	-11.0	95.0	
1504191377558	2588929975189	267.0	-22.0	-11.0	95.0	
1504191377576	2588950116791	267.0	-22.0	-11.98431396484375	95.0	
1504191377611	2588970258392	267.0	-22.0	-11.0	95.0	
1504191377628	2588990399994	267.0	-22.0	-11.0	95.0	
1504191377646	2589010541595	267.0	-22.0	-11.0	95.0	
1504191377664	2589030683197	267.0	-22.0	-11.0	95.0	
1504191377682	2589050824798	267.0	-22.0	-11.0	95.0	
1504191377702	2589070966400	267.0	-22.0	-11.0	95.0	
1504191377718	2589091108001	267.0	-22.0	-11.0	95.0	
1504191377753	2589111249603	267.0	-22.0	-11.0	95.0	
1504191377769	2589131391205	267.0	-22.0	-11.0	95.0	
1504191377787	2589151532806	267.0	-22.0	-11.0	95.0	
1504191377805	2589171674408	267.0	-22.0	-11.0	95.0	
1504191377822	2589191816009	267.0	-22.0	-11.0	95.0	
1504191377840	2589211957611	267.0	-22.0	-11.0	95.0	
1504191377859	2589232099212	267.9740905761719	-22.0	-11.0	95.0	
1504191377894	2589252240814	268.0	-22.0	-11.0	95.0	
1504191377911	2589272382416	268.0	-22.0	-11.0	95.0	
1504191377929	2589292524017	268.0	-22.0	-11.0	95.0	
1504191377947	2589312665619	268.0	-22.0	-11.0	95.0	
1504191377965	2589332807220	267.320068359375	-22.0	-11.0	95.0	
1504191377982	2589352948822	267.0	-22.0	-11.0	95.0	
1504191378000	2589373090423	267.0	-22.0	-11.0	95.0	
1504191378034	2589393232025	267.0	-22.0	-11.0	95.0	
1504191378052	2589413373626	267.0	-22.0	-11.0	95.0	
1504191378070	2589433515228	267.0	-22.0	-11.0	95.0	
1504191378088	2589453656830	267.0	-22.52593994140625	-11.0	95.0	
1504191378106	2589473798431	267.0	-23.0	-11.0	95.0	
1504191378124	2589493940033	267.8079528808594	-22.192047119140625	-11.0	95.0	
1504191378141	2589514081634	268.0	-22.0	-11.0	95.0	
1504191378177	2589534223236	268.0	-22.0	-11.0	95.0	
1504191378192	2589554364837	268.0	-22.0	-11.0	95.0	
1504191378210	2589574506439	268.0	-22.0	-11.371322631835938	95.0	
1504191378228	2589594648041	268.0	-22.0	-12.0	95.0	
1504191378245	2589614789642	268.0	-22.0	-11.346023559570313	95.0	
1504191378264	2589634931244	268.0	-22.0	-11.0	95.0	
1504191378284	2589655072845	268.0	-22.0	-11.0	95.0	
1504191378316	2589675214447	268.0	-21.0	-10.0	95.0	
1504191378333	2589695356048	268.0	-21.0	-10.0	95.0	
1504191378350	2589715497650	268.3581237792969	-21.0	-10.0	95.0	
1504191378371	2589735639251	269.0	-21.0	-10.0	95.0	
1504191378386	2589755780853	269.0	-21.0	-9.35986328125	95.0	
1504191378404	2589775922455	269.0	-21.0	-9.0	95.0	
1504191378422	2589796064056	269.0	-21.0	-9.922271728515625	95.0	
1504191378457	2589816221924	269.0	-21.0	-10.0	95.0	
1504191378474	2589836363525	269.0	-20.795852661132813	-10.0	95.0	
1504191378493	2589856505127	269.34539794921875	-20.0	-10.0	95.0	
1504191378510	2589876646728	270.0	-20.0	-10.0	95.0	
1504191378530	2589896788330	270.0	-20.0	-10.626937866210938	95.0	
1504191378549	2589916929932	270.0	-20.0	-11.0	95.0	
1504191378563	2589937071533	270.0	-20.908462524414063	-11.0	95.0	
1504191378599	2589957213135	270.0	-21.0	-11.0	95.0	
1504191378617	2589977354736	270.0	-21.0	-11.0	95.0	
1504191378637	2589997496338	270.0	-21.0	-11.0	95.0	
1504191378653	2590017637939	270.0	-21.0	-11.0	95.0	
1504191378670	2590037779541	270.0	-21.0	-11.0	95.0	
1504191378688	2590057921142	270.0	-21.0	-11.0	95.0	
1504191378706	2590078062744	270.0	-20.10382080078125	-10.10382080078125	95.0	
1504191378739	2590098204346	270.0	-20.0	-10.0	95.0	
1504191378756	2590118345947	270.0	-20.0	-10.0	95.0	
1504191378775	2590138487549	270.0	-20.0	-10.0	95.0	
1504191378792	2590158629150	270.0	-20.0	-10.0	95.0	
1504191378810	2590178770752	270.0	-20.0	-10.0	95.0	
1504191378826	2590198912353	269.2578125	-20.0	-10.0	95.0	
1504191378843	2590219053955	269.0	-20.0	-10.0	95.0	
1504191378879	2590239195557	269.0	-20.0	-10.024169921875	95.0	
1504191378897	2590259337158	269.0	-20.0	-11.0	95.0	
1504191378914	2590279478760	269.0	-20.0	-11.0	95.0	
1504191378932	2590299620361	269.0	-20.0	-11.0	95.0	
1504191378950	2590319761963	269.0	-20.0	-10.411773681640625	95.0	
1504191378970	2590339903564	269.0	-20.0	-10.0	95.0	
1504191378986	2590360045166	269.0	-20.0	-10.0	95.0	
1504191379024	2590380186767	269.0	-20.0	-10.0	95.0	
1504191379044	2590400328369	269.0	-20.0	-10.0	95.0	
1504191379057	2590420469971	269.0	-20.0	-10.0	95.0	
1504191379075	2590440611572	269.0	-20.0	-10.0	95.0	
1504191379091	2590460753174	268.42486572265625	-20.0	-10.0	95.0	
1504191379108	2590480894775	268.71624755859375	-20.0	-10.0	95.0	
1504191379127	2590501036377	269.0	-20.0	-9.143356323242188	95.0	
1504191379142	2590521177978	269.0	-20.0	-9.0	95.0	
1504191379180	2590541319580	269.0	-20.0	-8.861602783203125	95.0	
1504191379196	2590561461182	269.0	-20.0	-8.0	95.0	
1504191379214	2590581602783	269.0	-20.0	-8.0	95.0	
1504191379232	2590601744385	269.562255859375	-20.0	-8.0	95.0	
1504191379250	2590621885986	270.0	-20.0	-8.0	95.0	
1504191379268	2590642027588	270.0	-20.0	-8.0	95.0	
1504191379285	2590662169189	270.0	-20.0	-8.0	95.0	
1504191379321	2590682310791	270.0	-20.0	-8.0	95.0	
1504191379341	2590702452392	270.0	-20.0	-8.0	95.0	
1504191379358	2590722593994	270.0	-20.0	-8.0	95.0	
1504191379376	2590742735596	270.0	-20.0	-8.0	95.0	
1504191379395	2590762877197	270.0	-20.0	-8.0	95.0	
1504191379412	2590783018799	269.1695556640625	-20.0	-8.0	95.0	
1504191379426	2590803160400	269.0	-20.0	-8.0	95.0	
1504191379465	2590823302002	269.0	-20.0	-9.0	95.0	
1504191379482	2590843443603	269.0	-20.0	-9.0	95.0	
1504191379497	2590863585205	269.0	-20.0	-9.0	95.0	
1504191379515	2590883726807	269.0	-20.0	-9.0	95.0	
1504191379531	2590903868408	269.0	-20.0	-9.0	95.0	
1504191379549	2590924010010	269.0	-20.0	-9.0	95.0	
1504191379565	2590944151611	269.0	-20.0	-9.0	95.0	
1504191379602	2590964293213	269.0	-20.0	-9.0	95.0	
1504191379619	2590984434814	269.0	-20.0	-9.0	95.0	
1504191379637	2591004576416	269.0	-20.0	-9.381683349609375	95.0	
1504191379655	2591024718017	269.0	-20.0	-10.0	95.0	
1504191379673	2591044859619	269.0	-20.0	-10.0	95.0	
1504191379691	2591065001221	269.0	-20.0	-10.0	95.0	
1504191379709	2591085142822	269.0	-20.0	-10.0	95.0	
1504191379744	2591105284424	269.0	-20.0	-10.0	95.0	
1504191379762	2591125426025	269.0	-20.0	-10.0	95.0	
1504191379780	2591145567627	269.0	-20.0	-10.0	95.0	
1504191379797	2591165709228	269.0	-20.0	-10.0	95.0	
1504191379816	2591185850830	269.0	-20.0	-10.0	95.0	
1504191379832	2591205992432	269.0	-20.0	-10.0	95.0	
1504191379849	2591226134033	269.0	-20.0	-10.0	95.0	
1504191379885	2591246275635	269.0	-20.0	-10.0	95.0	
1504191379903	2591266417236	269.0	-20.0	-10.0	95.0	
1504191379921	2591286558838	269.0	-20.0	-10.0	95.0	
1504191379939	2591306700439	269.0	-20.0	-10.0	95.0	
1504191379957	2591326842041	269.0	-20.0	-10.0	95.0	
1504191379975	2591346983642	269.0	-20.0	-10.0	95.0	
1504191379989	2591367125244	269.0	-20.0	-10.9188232421875	95.0	
1504191380027	2591387266846	269.0	-20.0	-11.060440063476563	95.0	
1504191380044	2591407408447	269.0	-20.0	-12.0	95.0	
1504191380060	2591427550049	269.0	-19.658035278320313	-11.658035278320313	95.0	
1504191380078	2591447691650	269.0	-18.517303466796875	-10.517303466796875	95.0	
1504191380096	2591467833252	269.0	-17.375442504882813	-10.0	95.0	
1504191380114	2591487974853	268.2348937988281	-16.234893798828125	-10.0	95.0	
1504191380131	2591508116455	268.0	-15.093429565429688	-10.0	95.0	
1504191380166	2591528258057	268.04669189453125	-15.0	-9.953292846679688	95.0	
1504191380185	2591548399658	269.188232421875	-15.0	-9.0	95.0	
1504191380201	2591568541260	270.0	-15.0	-9.0	95.0	
1504191380220	2591588682861	270.0	-15.469772338867188	-9.0	95.0	
1504191380239	2591608824463	270.0	-16.0	-9.6107177734375	95.0	
1504191380255	2591628966064	270.0	-16.0	-10.0	95.0	
1504191380271	2591649107666	269.1070861816406	-16.0	-10.0	95.0	
1504191380310	2591669249267	269.0	-17.0	-10.0	95.0	
1504191380326	2591689390869	269.0	-17.0	-10.0	95.0	
1504191380350	2591709532471	269.0	-17.316055297851563	-10.0	95.0	
1504191380363	2591729674072	269.0	-17.543258666992188	-10.0	95.0	
1504191380380	2591749815674	269.0	-17.0	-9.402420043945313	95.0	
1504191380405	2591769957275	269.0	-17.0	-9.0	95.0	
1504191380413	2591790098877	269.880615234375	-16.119384765625	-7.23876953125	95.0	
1504191380452	2591810240478	269.0	-16.0	-7.0	95.0	
1504191380465	2591830382080	269.162353515625	-16.162338256835938	-7.0	95.0	
1504191380484	2591850523682	270.0	-17.0	-7.0	95.0	
1504191380505	2591870665283	270.44384765625	-17.0	-7.4438629150390625	95.0	
1504191380521	2591890806885	271.0	-17.0	-8.0	95.0	
1504191380536	2591910948486	271.0	-17.0	-8.0	95.0	
1504191380554	2591931090088	271.0	-17.866775512695313	-8.0	95.0	
1504191380589	2591951231689	271.0	-18.0	-8.0	95.0	
1504191380607	2591971373291	271.0	-18.0	-7.8512115478515625	95.0	
1504191380624	2591991514892	271.0	-18.0	-7.0	95.0	
1504191380642	2592011656494	271.0	-18.0	-7.0	95.0	
1504191380665	2592031798096	271.0	-18.0	-7.0	95.0	
1504191380677	2592051939697	271.0	-18.0	-7.0	95.0	
1504191380694	2592072081299	271.0	-18.0	-7.0	95.0	
1504191380714	2592092222900	271.0	-18.0	-7.0	95.0	
1504191380749	2592112364502	271.0	-18.0	-8.0	95.0	
1504191380765	2592132506103	271.0	-18.0	-7.7231903076171875	95.0	
1504191380783	2592152647705	271.0	-18.0	-7.0	95.0	
1504191380800	2592172789307	271.0	-18.0	-7.0	95.0	
1504191380819	2592192930908	271.0	-18.0	-7.0	95.0	
1504191380835	2592213072510	271.0	-18.0	-7.0	95.0	
