1501962512723	696603594709325	275.0	-58.0	6.0	96.0	
1501962512745	696603614850926	275.0	-58.0	6.0	96.0	
1501962512758	696603634992528	275.4088439941406	-58.0	6.0	96.0	
1501962512773	696603655134129	276.0	-58.0	6.0	96.0	
1501962512790	696603675275731	276.0	-58.0	6.0	96.0	
1501962512808	696603695417332	276.0	-58.0	6.0	96.0	
1501962512826	696603715558934	276.0	-58.0	6.0	96.0	
1501962512862	696603735700536	276.0	-59.0	6.0	96.0	
1501962512879	696603755842137	276.0	-59.0	6.0	96.0	
1501962512897	696603775983739	276.0	-59.0	6.0	96.0	
1501962512921	696603796125340	276.0	-59.0	6.40374755859375	96.0	
1501962512934	696603816266942	276.0	-59.0	7.0	96.0	
1501962512950	696603836408543	276.0	-59.0	7.0	96.0	
1501962512969	696603856550145	276.0	-59.0	7.0	96.0	
1501962512990	696603876691747	276.0	-59.0	7.0	96.0	
1501962513022	696603896833348	276.0	-59.0	7.0	96.0	
1501962513040	696603916974950	276.0	-59.0	7.0	96.0	
1501962513058	696603937116551	276.0	-59.0	7.0	96.0	
1501962513086	696603957258153	276.0	-58.60136413574219	7.0	96.0	
1501962513094	696603977399754	276.0	-58.0	7.0	96.0	
1501962513111	696603997541356	276.0	-58.0	7.0	96.0	
1501962513129	696604017682957	276.0	-58.0	7.0	96.0	
1501962513148	696604037824559	276.0	-58.0	7.0	96.0	
1501962513185	696604057966161	276.0	-58.0	7.0	96.0	
1501962513201	696604078107762	276.0	-58.0	7.0	96.0	
1501962513218	696604098249364	276.0	-58.0	7.0	96.0	
1501962513236	696604118390965	276.0	-58.0	7.0	96.0	
1501962513255	696604138532567	276.0	-58.0	7.0	96.0	
1501962513272	696604158674168	276.0	-58.0	7.0	96.0	
1501962513290	696604178815770	276.0	-58.0	7.0	96.0	
1501962513308	696604198957372	276.0	-58.0	7.0	96.0	
1501962513343	696604219098973	276.0	-58.0	7.0	96.0	
1501962513362	696604239240575	276.0	-58.0	7.0	96.0	
1501962513379	696604259382176	276.0	-58.0	7.0	96.0	
1501962513397	696604279523778	276.0	-58.38670349121094	7.0	96.0	
1501962513416	696604299665379	276.0	-59.0	7.0	96.0	
1501962513433	696604319806981	276.0	-59.0	7.0	96.0	
1501962513451	696604339948582	276.0	-59.0	7.0	96.0	
1501962513468	696604360090184	275.1158447265625	-59.0	7.0	96.0	
1501962513504	696604380231786	275.0	-58.0	7.0	96.0	
1501962513523	696604400373387	275.0	-58.0	7.0	96.0	
1501962513540	696604420514989	275.0	-58.0	7.0	96.0	
1501962513558	696604440656590	275.0	-58.0	7.0	96.0	
1501962513577	696604460798192	275.0	-58.0	7.0	96.0	
1501962513594	696604480939793	275.0	-58.0	7.0	96.0	
1501962513611	696604501081395	275.0	-58.0	7.0	96.0	
1501962513631	696604521222997	275.0	-58.0	7.0	96.0	
1501962513669	696604541364598	275.0	-58.0	7.0	96.0	
1501962513684	696604561506200	275.0	-58.12776184082031	7.0	96.0	
1501962513700	696604581647801	275.0	-59.0	7.0	96.0	
1501962513719	696604601789403	275.0	-59.0	7.0	96.0	
1501962513737	696604621931004	275.0	-59.0	7.0	96.0	
1501962513754	696604642072606	275.0	-59.0	7.0	96.0	
1501962513772	696604662214207	275.0	-59.0	7.0	96.0	
1501962513795	696604682355809	275.0	-59.0	7.0	96.0	
1501962513813	696604702497411	275.0	-59.0	7.0	96.0	
1501962513846	696604722639012	275.0	-58.877349853515625	7.0	96.0	
1501962513861	696604742780614	275.0	-58.0	7.0	96.0	
1501962513885	696604762922215	275.0	-58.0	7.0	96.0	
1501962513900	696604783063817	275.0	-58.0	7.0	96.0	
1501962513918	696604803205418	275.0	-58.0	7.0	96.0	
1501962513933	696604823347020	275.0	-58.0	7.0	96.0	
1501962513951	696604843488622	275.0	-58.0	7.0	96.0	
1501962513970	696604863630223	275.0	-58.0	7.0	96.0	
1501962514005	696604883771825	275.0	-58.0	7.0	96.0	
1501962514022	696604903913426	275.0	-58.0	7.0	96.0	
1501962514040	696604924055028	275.0	-58.0	7.0	96.0	
1501962514059	696604944196629	275.0	-58.0	7.0	96.0	
1501962514076	696604964338231	275.0	-58.0	7.0	96.0	
1501962514094	696604984479832	275.0	-58.0	7.0	96.0	
1501962514111	696605004621434	275.0	-58.0	7.0	96.0	
1501962514148	696605024763036	275.0	-58.0	7.0	96.0	
1501962514167	696605044904637	275.0	-58.0	7.0	96.0	
1501962514183	696605065046239	275.0	-58.0	7.0	96.0	
1501962514207	696605085187840	275.0	-58.0	7.0	96.0	
1501962514225	696605105329442	275.0	-58.0	7.0	96.0	
1501962514237	696605125471043	275.0	-58.66780090332031	7.0	96.0	
1501962514254	696605145612645	275.0	-59.0	7.0	96.0	
1501962514274	696605165754247	275.0	-59.0	7.0	96.0	
1501962514308	696605185895848	275.0	-58.939971923828125	7.0	96.0	
1501962514327	696605206037450	275.0	-58.0	7.0	96.0	
1501962514344	696605226179051	275.0	-58.0	7.0	96.0	
1501962514363	696605246320653	275.0	-58.0	7.0	96.0	
1501962514381	696605266462254	275.0	-58.0	7.0	96.0	
1501962514398	696605286603856	275.0	-58.0	7.0	96.0	
1501962514416	696605306745457	275.0	-58.0	7.0	96.0	
1501962514435	696605326887059	275.0	-58.0	7.0	96.0	
1501962514469	696605347028661	275.0	-59.0	7.0	96.0	
1501962514492	696605367170262	275.0	-59.0	7.0	96.0	
1501962514507	696605387311864	275.0	-58.6329345703125	7.0	96.0	
1501962514523	696605407453465	275.0	-58.0	7.0	96.0	
1501962514541	696605427595067	275.0	-58.0	7.0	96.0	
1501962514562	696605447736668	275.0	-58.0	7.0	96.0	
1501962514576	696605467878270	275.0	-58.0	7.0	96.0	
1501962514612	696605488019872	275.0	-58.0	7.0	96.0	
1501962514629	696605508161473	275.0	-58.0	7.0	96.0	
1501962514648	696605528303075	275.0	-58.0	7.0	96.0	
1501962514665	696605548444676	274.58734130859375	-58.0	7.0	96.0	
1501962514683	696605568586278	274.0	-58.0	7.0	96.0	
1501962514702	696605588727879	274.0	-58.0	7.0	96.0	
1501962514719	696605608869481	274.0	-58.0	7.0	96.0	
1501962514737	696605629011082	274.0	-58.0	7.0	96.0	
1501962514773	696605649152684	274.0	-57.9332275390625	7.0	96.0	
1501962514796	696605669294286	274.0	-57.0	7.0	96.0	
1501962514810	696605689435887	274.0	-57.0	7.0	96.0	
1501962514827	696605709577489	274.0	-57.0	7.0	96.0	
1501962514844	696605729719090	273.41094970703125	-57.0	7.0	96.0	
1501962514864	696605749860692	273.0	-56.28082275390625	7.71917724609375	96.0	
1501962514880	696605770002293	273.0	-56.0	8.0	96.0	
1501962514898	696605790143895	273.0	-56.0	8.0	96.0	
1501962514933	696605810285497	273.0	-55.0	8.0	96.0	
1501962514951	696605830427098	273.0	-55.0	7.7568511962890625	96.0	
1501962514970	696605850568700	272.626708984375	-55.0	7.0	96.0	
1501962514986	696605870710301	272.0	-54.49658203125	7.0	96.0	
1501962515005	696605890851903	272.0	-54.0	7.0	96.0	
1501962515023	696605910993504	272.0	-54.0	7.0	96.0	
1501962515040	696605931135106	272.0	-53.104461669921875	7.0	96.0	
1501962515076	696605951276707	271.0	-53.0	7.0	96.0	
1501962515094	696605971418309	271.0	-53.0	7.0	96.0	
1501962515112	696605991559911	270.71234130859375	-52.71234130859375	7.0	96.0	
1501962515135	696606011701512	270.0	-52.0	6.58148193359375	96.0	
1501962515152	696606031843114	270.0	-52.0	6.0	96.0	
1501962515165	696606051984715	270.0	-52.0	6.0	96.0	
1501962515184	696606072126317	270.0	-51.188690185546875	6.0	96.0	
1501962515201	696606092267918	270.0	-51.0	6.0	96.0	
1501962515239	696606112409520	269.0	-51.0	6.0	96.0	
1501962515255	696606132551122	269.0	-51.0	6.0	96.0	
1501962515272	696606152692723	269.0	-51.0	6.0	96.0	
1501962515291	696606172834325	269.0	-51.0	6.0	96.0	
1501962515309	696606192975926	269.0	-51.0	6.0	96.0	
1501962515326	696606213117528	269.0	-51.0	6.0	96.0	
1501962515345	696606233259129	269.0	-51.0	6.0	96.0	
1501962515362	696606253400731	269.0	-51.0	6.0	96.0	
1501962515398	696606273542332	269.0	-51.0	6.0	96.0	
1501962515415	696606293683934	269.0	-51.0	6.0	96.0	
1501962515433	696606313825536	269.0	-51.0	6.0	96.0	
1501962515451	696606333967137	269.0	-51.0	6.0	96.0	
1501962515469	696606354108739	269.0	-51.0	6.0	96.0	
1501962515496	696606374250340	269.0	-51.0	6.0	96.0	
1501962515505	696606394391942	269.0	-51.0	6.0	96.0	
1501962515540	696606414533543	269.0	-51.0	6.0	96.0	
1501962515560	696606434675145	269.1629638671875	-51.0	6.0	96.0	
1501962515576	696606454816747	270.0	-51.0	6.0	96.0	
1501962515594	696606474958348	269.5753479003906	-51.424652099609375	6.0	96.0	
1501962515613	696606495099950	269.0	-52.0	6.0	96.0	
1501962515631	696606515241551	269.0	-52.0	6.0	96.0	
1501962515648	696606535383153	269.8167724609375	-52.0	6.0	96.0	
1501962515666	696606555524754	270.0	-52.0	6.0	96.0	
1501962515703	696606575666356	270.0	-52.0	6.0	96.0	
1501962515719	696606595807957	270.0	-52.0	6.0	96.0	
1501962515737	696606615949559	270.0	-52.0	6.0	96.0	
1501962515755	696606636091161	270.0	-52.0	6.0	96.0	
1501962515773	696606656232762	270.0	-52.0	6.0	96.0	
1501962515790	696606676374364	270.0	-52.0	6.0	96.0	
1501962515808	696606696515965	270.0	-52.0	6.0	96.0	
1501962515827	696606716657567	270.0	-52.0	6.0	96.0	
1501962515862	696606736799168	270.0	-52.0	6.0	96.0	
1501962515880	696606756940770	270.25384521484375	-52.0	6.0	96.0	
1501962515898	696606777082372	271.0	-52.0	6.0	96.0	
1501962515915	696606797223973	271.0	-52.0	6.0	96.0	
1501962515934	696606817365575	271.0	-52.0	6.0	96.0	
1501962515950	696606837507176	271.0	-52.0	5.222991943359375	96.0	
1501962515970	696606857648778	271.0	-52.0	5.0	96.0	
1501962516005	696606877790379	271.0	-52.0	5.0377349853515625	96.0	
1501962516027	696606897931981	271.0	-52.0	6.0	96.0	
1501962516047	696606918073582	271.0	-51.700347900390625	6.0	96.0	
1501962516065	696606938215184	271.0	-51.0	6.0	96.0	
1501962516076	696606958356786	271.0	-51.0	6.0	96.0	
1501962516095	696606978498387	271.0	-51.0	6.0	96.0	
1501962516112	696606998639989	271.0	-51.0	6.0	96.0	
1501962516130	696607018781590	271.0	-51.0	6.0	96.0	
1501962516166	696607038923192	271.0838928222656	-51.0	6.0	96.0	
1501962516184	696607059064793	272.0	-51.0	6.0	96.0	
1501962516217	696607079206395	272.0	-51.344757080078125	6.0	96.0	
1501962516225	696607099347997	272.0	-52.0	6.0	96.0	
1501962516237	696607119489598	272.0	-52.0	6.0	96.0	
1501962516256	696607139631200	272.0	-52.0	6.0	96.0	
1501962516278	696607159772801	272.0	-52.0	6.0	96.0	
1501962516295	696607179914403	272.0	-52.0	6.0	96.0	
1501962516326	696607200056004	272.1286315917969	-52.0	6.0	96.0	
1501962516345	696607220197606	273.0	-52.0	6.0	96.0	
1501962516363	696607240339207	273.0	-52.0	6.0	96.0	
1501962516380	696607260480809	273.0	-52.0	6.0	96.0	
1501962516398	696607280622411	273.0	-52.0	6.0	96.0	
1501962516417	696607300764012	273.0	-52.0	6.0	96.0	
1501962516433	696607320905614	273.0	-52.0	6.0	96.0	
1501962516472	696607341047215	273.0	-52.0	6.0	96.0	
1501962516489	696607361188817	273.0	-52.0	6.0	96.0	
1501962516508	696607381330418	273.0	-52.30531311035156	6.0	96.0	
1501962516522	696607401472020	273.0	-53.0	6.0	96.0	
1501962516543	696607421613622	273.0	-53.0	6.0	96.0	
1501962516563	696607441755223	273.6968994140625	-53.0	6.6969146728515625	96.0	
1501962516577	696607461896825	274.0	-53.0	6.171539306640625	96.0	
1501962516594	696607482038426	274.0	-53.0	6.0	96.0	
1501962516632	696607502180028	274.0	-54.0	6.0	96.0	
1501962516648	696607522321629	274.0	-54.0	6.0	96.0	
1501962516666	696607542463231	274.0	-54.0	6.0	96.0	
1501962516685	696607562604832	274.48114013671875	-54.0	6.0	96.0	
1501962516701	696607582746434	275.0	-54.0	6.612335205078125	96.0	
1501962516723	696607602888036	275.0	-54.0	7.0	96.0	
1501962516738	696607623029637	275.0	-54.0	7.0	96.0	
1501962516773	696607643171239	275.0	-54.005126953125	6.994873046875	96.0	
1501962516791	696607663312840	275.0	-55.0	6.0	96.0	
1501962516811	696607683454442	275.0	-55.0	6.2653961181640625	96.0	
1501962516828	696607703596043	275.0	-55.0	7.0	96.0	
1501962516845	696607723737645	275.0	-55.0	6.4726104736328125	96.0	
1501962516862	696607743879247	275.0	-55.0	6.0	96.0	
1501962516880	696607764020848	275.78900146484375	-55.0	6.0	96.0	
1501962516899	696607784162450	276.0	-55.0	6.0	96.0	
1501962516934	696607804304051	276.0	-55.0	6.0	96.0	
1501962516952	696607824445653	276.0	-55.18009948730469	6.0	96.0	
1501962516970	696607844587254	276.0	-56.0	6.0	96.0	
1501962516987	696607864728856	276.0	-56.0	6.0	96.0	
1501962517006	696607884870457	276.0	-56.57289123535156	6.0	96.0	
1501962517022	696607905012059	276.0	-57.0	6.0	96.0	
1501962517041	696607925153661	276.8338928222656	-57.0	5.166107177734375	96.0	
1501962517059	696607945295262	277.0	-57.0	5.0	96.0	
1501962517094	696607965436864	277.0	-57.0	5.0	96.0	
1501962517113	696607985578465	277.0	-57.0	5.0	96.0	
1501962517130	696608005720067	277.0	-57.0	5.0	96.0	
1501962517148	696608025861668	277.0	-57.0	5.0	96.0	
1501962517166	696608046003270	277.0	-57.0	4.3818511962890625	96.0	
1501962517183	696608066144872	277.0	-57.74827575683594	4.0	96.0	
1501962517209	696608086286473	277.0	-58.0	4.0	96.0	
1501962517237	696608106428075	277.0	-58.0	4.0	96.0	
1501962517255	696608126569676	277.0	-58.0	4.0	96.0	
1501962517277	696608146711278	277.0	-58.0	4.0	96.0	
1501962517290	696608166852879	277.0	-58.0	4.0	96.0	
1501962517308	696608186994481	277.0	-58.0	4.0	96.0	
1501962517327	696608207136082	277.0	-58.66380310058594	4.0	96.0	
1501962517344	696608227277684	277.0	-59.0	4.0	96.0	
1501962517362	696608247419286	277.0	-59.0	4.924652099609375	96.0	
1501962517398	696608267560887	277.0	-59.0	5.0	96.0	
1501962517415	696608287702489	277.0	-59.0	5.0	96.0	
1501962517433	696608307844090	277.0	-59.0	5.0	96.0	
1501962517451	696608327985692	277.0	-59.0	5.0	96.0	
1501962517476	696608348127293	277.0	-59.0	5.0	96.0	
1501962517488	696608368268895	277.0	-59.0	5.0	96.0	
1501962517505	696608388410497	277.0	-59.0	5.0	96.0	
1501962517523	696608408552098	277.0	-59.0	4.0291595458984375	96.0	
1501962517559	696608428693700	277.0	-59.0	4.0	96.0	
1501962517576	696608448835301	277.0	-59.0	4.0	96.0	
1501962517594	696608468976903	277.0	-59.0	4.0	96.0	
1501962517612	696608489118504	277.0	-59.0	4.0	96.0	
1501962517630	696608509260106	277.623291015625	-59.0	4.0	96.0	
1501962517649	696608529401707	278.0	-59.0	4.0	96.0	
1501962517665	696608549543309	278.0	-59.88526916503906	4.0	96.0	
1501962517703	696608569684911	278.0	-60.0	4.0	96.0	
1501962517722	696608589826512	278.0	-60.0	4.0	96.0	
1501962517740	696608609968114	278.0	-60.0	4.0	96.0	
1501962517756	696608630109715	278.0	-60.0	3.59246826171875	96.0	
1501962517773	696608650251317	278.0	-60.0	3.0	96.0	
1501962517791	696608670392918	277.33050537109375	-60.0	3.0	96.0	
1501962517812	696608690534520	277.0	-60.0	3.0	96.0	
1501962517826	696608710676122	277.0	-60.0	3.0	96.0	
1501962517863	696608730817723	277.0	-60.0	3.0	96.0	
1501962517880	696608750959325	277.0	-60.0	3.0	96.0	
1501962517898	696608771100926	277.0	-60.0	3.0	96.0	
1501962517916	696608791242528	277.0	-60.0	3.0	96.0	
1501962517933	696608811384129	277.0	-59.416107177734375	3.0	96.0	
1501962517951	696608831525731	277.0	-59.0	3.0	96.0	
1501962517970	696608851667332	277.0	-59.0	3.0	96.0	
1501962517996	696608871808934	276.02398681640625	-59.0	3.0	96.0	
1501962518027	696608891950536	276.0	-59.0	4.0	96.0	
1501962518041	696608912092137	276.0	-59.0	4.0	96.0	
1501962518058	696608932233739	276.0	-59.0	4.0	96.0	
1501962518077	696608952375340	276.0	-59.0	4.0	96.0	
1501962518094	696608972516942	276.0	-59.630126953125	4.0	96.0	
1501962518112	696608992658543	276.0	-60.0	4.0	96.0	
1501962518131	696609012800145	276.0	-60.0	4.0	96.0	
1501962518148	696609032941747	276.0	-59.06001281738281	4.0	96.0	
1501962518185	696609053083348	276.0	-59.0	4.0	96.0	
1501962518201	696609073224950	276.0	-59.0	4.0	96.0	
1501962518220	696609093366551	276.0	-59.0	4.0	96.0	
1501962518237	696609113508153	276.0	-59.0	4.0	96.0	
1501962518255	696609133649754	276.0	-59.0	4.0	96.0	
1501962518273	696609153791356	276.0	-59.0	4.0	96.0	
1501962518292	696609173932957	276.0	-59.0	4.0	96.0	
1501962518312	696609194074559	276.0	-59.0	4.0	96.0	
1501962518327	696609214216161	276.0	-59.0	4.0	96.0	
1501962518344	696609234357762	276.0	-59.0	4.0	96.0	
1501962518380	696609254499364	276.0	-59.0	4.0	96.0	
1501962518399	696609274640965	276.0	-59.0	4.0	96.0	
1501962518416	696609294782567	276.0	-59.0	4.0	96.0	
1501962518433	696609314924168	276.0	-59.0	4.0	96.0	
1501962518452	696609335065770	276.0	-59.0	4.0	96.0	
1501962518470	696609355207372	275.4566650390625	-59.0	4.0	96.0	
1501962518489	696609375348973	275.0	-59.0	4.0	96.0	
1501962518505	696609395490575	275.0	-59.0	4.0	96.0	
1501962518525	696609415632176	275.0	-59.0	4.0	96.0	
1501962518541	696609435773778	275.0	-59.0	4.0	96.0	
1501962518576	696609455915379	275.0	-59.0	4.0	96.0	
1501962518595	696609476056981	275.0	-59.0	4.0	96.0	
1501962518613	696609496198582	275.0	-59.0	4.0	96.0	
1501962518630	696609516340184	275.0	-59.0	4.0	96.0	
1501962518648	696609536481786	275.0	-59.0	4.0	96.0	
1501962518667	696609556623387	275.0	-59.0	4.0	96.0	
1501962518683	696609576764989	275.0	-59.0	4.0	96.0	
1501962518719	696609596906590	275.0	-59.0	4.0	96.0	
1501962518737	696609617048192	275.0	-59.0	4.0	96.0	
1501962518755	696609637189793	275.0	-59.0	4.0	96.0	
1501962518774	696609657331395	275.0	-59.0	4.0	96.0	
1501962518791	696609677472997	275.0	-59.0	4.0	96.0	
1501962518809	696609697614598	275.0	-59.0	4.0	96.0	
1501962518844	696609717756200	275.0	-59.0	4.0	96.0	
1501962518862	696609737897801	275.0	-59.0	4.0	96.0	
1501962518880	696609758039403	275.0	-59.0	4.0	96.0	
1501962518898	696609778192474	275.0	-59.0	4.0	96.0	
1501962518916	696609798334076	275.0	-59.0	3.407989501953125	96.0	
1501962518935	696609818475677	275.0	-59.0	3.0	96.0	
1501962518951	696609838617279	275.0	-59.0	3.0	96.0	
1501962518988	696609858758881	275.0	-59.0	3.0	96.0	
1501962519008	696609878900482	275.0	-59.0	3.0	96.0	
1501962519023	696609899042084	275.0	-59.0	3.0	96.0	
1501962519041	696609919183685	275.0	-59.0	3.0	96.0	
1501962519059	696609939325287	275.0	-59.0	3.0	96.0	
1501962519079	696609959466888	275.0	-59.0	3.7586669921875	96.0	
1501962519096	696609979608490	275.0	-59.0	4.0	96.0	
1501962519130	696609999750092	275.0	-59.0	4.0	96.0	
1501962519149	696610019891693	275.0	-59.0	4.0	96.0	
1501962519166	696610040033295	275.0	-59.342010498046875	4.0	96.0	
1501962519184	696610060174896	275.48785400390625	-60.0	4.0	96.0	
1501962519201	696610080316498	276.0	-60.0	4.0	96.0	
1501962519220	696610100458099	276.0	-60.0	3.220489501953125	96.0	
1501962519242	696610120599701	276.0	-60.0	3.0	96.0	
1501962519273	696610140741302	276.0	-60.0	3.0	96.0	
1501962519291	696610160882904	276.0	-60.1767578125	3.0	96.0	
1501962519310	696610181024506	276.0	-61.0	3.0	96.0	
1501962519327	696610201166107	276.0	-61.0	3.0	96.0	
1501962519347	696610221307709	276.0	-61.0	3.0	96.0	
1501962519362	696610241449310	276.0	-61.0	3.0	96.0	
1501962519380	696610261590912	276.0	-61.0	3.0	96.0	
1501962519398	696610281732513	276.0	-60.159942626953125	3.0	96.0	
1501962519417	696610301874115	276.0	-60.0	3.0	96.0	
1501962519452	696610322015717	276.0	-60.0	3.0	96.0	
1501962519469	696610342157318	276.0	-60.0	3.0	96.0	
1501962519487	696610362298920	276.0	-60.0	3.0	96.0	
1501962519506	696610382440521	276.0	-60.0	3.0	96.0	
1501962519528	696610402582123	276.0	-60.0	3.0	96.0	
1501962519541	696610422723724	276.0	-60.0	3.0	96.0	
1501962519559	696610442865326	276.0	-60.0	3.0	96.0	
1501962519577	696610463006927	276.0	-60.0	3.0	96.0	
1501962519594	696610483148529	276.0	-60.0	3.0	96.0	
1501962519630	696610503290131	276.0	-60.0	3.0	96.0	
1501962519648	696610523431732	276.0	-60.0	3.0	96.0	
1501962519666	696610543573334	276.0	-60.0	3.0	96.0	
1501962519685	696610563714935	276.0	-60.0	3.0	96.0	
1501962519702	696610583856537	275.50335693359375	-60.0	3.0	96.0	
1501962519719	696610603998138	275.0	-60.0	3.0	96.0	
1501962519738	696610624139740	275.0	-60.0	3.0	96.0	
1501962519755	696610644281342	275.0	-59.171722412109375	3.0	96.0	
1501962519776	696610664422943	275.0	-59.0	3.0	96.0	
1501962519809	696610684564545	275.0	-59.0	3.0	96.0	
1501962519827	696610704706146	275.0	-59.0	3.0	96.0	
1501962519848	696610724847748	275.0	-59.0	3.0	96.0	
1501962519862	696610744989349	275.0	-59.380462646484375	3.0	96.0	
1501962519880	696610765130951	275.0	-60.0	3.0	96.0	
1501962519899	696610785272552	275.0	-60.0	3.0	96.0	
1501962519916	696610805414154	275.0	-59.28788757324219	3.0	96.0	
1501962519934	696610825555756	275.0	-59.0	3.0	96.0	
1501962519952	696610845697357	275.0	-59.0	3.0	96.0	
1501962519987	696610865838959	275.0	-59.0	3.0	96.0	
1501962520005	696610885980560	275.0	-59.0	3.0	96.0	
1501962520023	696610906122162	275.0	-59.0	3.0	96.0	
1501962520041	696610926263763	275.0	-59.0	3.0	96.0	
1501962520060	696610946405365	275.0	-59.0	3.0	96.0	
1501962520077	696610966546967	274.2894287109375	-59.0	3.0	96.0	
1501962520094	696610986688568	274.0	-58.14558410644531	3.0	96.0	
1501962520112	696611006830170	274.0	-58.0	3.0	96.0	
1501962520148	696611026971771	274.0	-58.0	3.0	96.0	
1501962520168	696611047113373	274.0	-58.0	3.0	96.0	
1501962520184	696611067254974	274.0	-58.0	3.0	96.0	
1501962520202	696611087396576	274.0	-58.0	3.0	96.0	
1501962520220	696611107538177	274.0	-58.0	3.0	96.0	
1501962520237	696611127679779	274.0	-58.0	3.0	96.0	
1501962520273	696611147821381	274.0	-58.0	3.0	96.0	
1501962520293	696611167962982	274.0	-58.0	3.0	96.0	
1501962520309	696611188104584	274.0	-58.0	3.0	96.0	
1501962520328	696611208246185	274.0	-58.0	3.0	96.0	
1501962520345	696611228387787	274.0	-58.0	3.0	96.0	
1501962520362	696611248529388	274.0	-58.72270202636719	3.0	96.0	
1501962520384	696611268670990	274.0	-59.0	3.0	96.0	
1501962520416	696611288812592	274.0	-58.99134826660156	3.0	96.0	
1501962520435	696611308954193	274.0	-58.0	3.0	96.0	
1501962520452	696611329095795	274.0	-58.0	3.0	96.0	
1501962520469	696611349237396	274.0	-58.0	3.0	96.0	
1501962520488	696611369378998	274.0	-58.0	3.0	96.0	
1501962520505	696611389520599	274.0	-58.0	3.0	96.0	
1501962520526	696611409662201	274.0	-58.0	3.0	96.0	
1501962520559	696611429803802	274.0	-58.0	3.0	96.0	
1501962520577	696611449945404	274.0	-58.0	3.0	96.0	
1501962520595	696611470087006	274.0	-58.0	3.0	96.0	
1501962520613	696611490228607	274.0	-58.0	3.0	96.0	
1501962520631	696611510370209	274.0	-58.0	3.0	96.0	
1501962520649	696611530511810	274.0	-58.0	3.0	96.0	
1501962520666	696611550653412	274.0	-58.0	3.0	96.0	
1501962520703	696611570795013	274.0207824707031	-58.020782470703125	3.0	96.0	
1501962520720	696611590936615	275.0	-59.0	3.0	96.0	
1501962520737	696611611078217	275.0	-59.0	3.0	96.0	
1501962520755	696611631219818	275.0	-59.0	3.0	96.0	
1501962520773	696611651361420	275.0	-59.0	3.0	96.0	
1501962520791	696611671503021	275.0	-59.0	3.0	96.0	
1501962520812	696611691644623	275.0	-59.0	3.0	96.0	
1501962520845	696611711786224	275.0	-59.0	3.0	96.0	
1501962520871	696611731927826	275.0	-59.0	3.0	96.0	
1501962520885	696611752069427	275.0	-59.0	3.0	96.0	
1501962520898	696611772211029	275.0	-59.0	3.0	96.0	
1501962520916	696611792352631	275.0	-59.0	3.0	96.0	
1501962520934	696611812494232	275.0	-59.0	3.0	96.0	
1501962520952	696611832635834	275.0	-59.0	3.0	96.0	
1501962520970	696611852777435	275.0	-59.0	3.0	96.0	
1501962521005	696611872919037	275.0	-59.0	3.0	96.0	
1501962521028	696611893060638	275.0	-59.14454650878906	3.0	96.0	
1501962521041	696611913202240	275.0	-60.0	3.0	96.0	
1501962521060	696611933343842	275.0	-60.0	3.0	96.0	
1501962521079	696611953485443	275.0	-60.0	3.0	96.0	
1501962521095	696611973627045	275.0	-59.369049072265625	3.0	96.0	
1501962521112	696611993768646	275.0	-59.0	3.0	96.0	
1501962521131	696612013910248	275.0	-59.0	3.0	96.0	
1501962521148	696612034051849	275.0	-59.0	3.0	96.0	
1501962521185	696612054193451	275.0	-59.0	3.0	96.0	
1501962521202	696612074335052	275.0	-59.0	3.0	96.0	
1501962521220	696612094476654	275.0	-59.0	3.0	96.0	
1501962521237	696612114618256	275.0	-59.0	3.0	96.0	
1501962521255	696612134759857	275.0	-59.0	3.0	96.0	
1501962521273	696612154901459	275.0	-59.0	3.0	96.0	
1501962521292	696612175043060	275.0	-59.0	3.0	96.0	
1501962521346	696612195184662	275.0	-59.0	3.0	96.0	
1501962521367	696612215326263	275.0	-59.0	3.0	96.0	
1501962521377	696612235467865	275.0	-59.0	3.0	96.0	
1501962521385	696612255609467	275.0	-59.0	3.0	96.0	
1501962521398	696612275751068	275.0	-59.0	3.0	96.0	
1501962521416	696612295892670	274.4268798828125	-59.0	3.0	96.0	
1501962521434	696612316034271	274.0	-59.0	3.0	96.0	
1501962521453	696612336175873	274.0	-59.0	3.0	96.0	
1501962521470	696612356317474	274.0	-59.0	3.0	96.0	
1501962521507	696612376459076	274.0	-59.0	3.0	96.0	
1501962521524	696612396600677	274.0	-59.0	3.0	96.0	
1501962521542	696612416742279	274.0	-59.0	3.0	96.0	
1501962521560	696612436883881	274.0	-59.0	3.0	96.0	
1501962521577	696612457025482	274.0	-59.0	3.0	96.0	
1501962521595	696612477167084	274.0	-59.0	3.0	96.0	
1501962521613	696612497308685	274.0	-59.0	3.0	96.0	
1501962521630	696612517450287	274.0	-59.0	3.0	96.0	
1501962521666	696612537591888	274.0	-59.0	3.0	96.0	
1501962521684	696612557733490	274.0	-59.0	3.0	96.0	
1501962521702	696612577875092	274.0	-59.0	3.0	96.0	
1501962521721	696612598016693	274.0	-59.0	3.0	96.0	
1501962521738	696612618158295	274.0	-59.0	3.0	96.0	
1501962521756	696612638299896	274.0	-59.0	3.0	96.0	
1501962521775	696612658441498	274.0	-59.0	3.0	96.0	
1501962521792	696612678583099	274.0	-59.0	3.0	96.0	
1501962521813	696612698724701	274.0	-59.0	3.0	96.0	
1501962521845	696612718866302	274.0	-59.0	3.0	96.0	
1501962521863	696612739007904	274.0	-59.0	3.0	96.0	
1501962521882	696612759149506	274.0	-59.0	3.0	96.0	
1501962521898	696612779291107	274.0	-59.0	3.0	96.0	
1501962521916	696612799432709	274.0	-59.60780334472656	3.6078033447265625	96.0	
1501962521936	696612819574310	274.0	-60.0	4.0	96.0	
1501962521952	696612839715912	274.0	-60.0	4.0	96.0	
1501962521970	696612859857513	274.97113037109375	-60.0	4.0	96.0	
1501962522006	696612879999115	275.0	-60.0	4.0	96.0	
1501962522027	696612900140717	275.0	-60.0	4.0	96.0	
1501962522047	696612920282318	275.0	-60.0	4.0	96.0	
1501962522059	696612940423920	275.0	-60.0	4.0	96.0	
1501962522077	696612960565521	275.0	-60.0	4.0	96.0	
1501962522096	696612980707123	275.0	-60.0	4.0	96.0	
1501962522113	696613000848724	275.0	-60.0	4.0	96.0	
1501962522131	696613020990326	275.0	-60.0	4.0	96.0	
1501962522166	696613041131927	275.0	-60.0	4.0	96.0	
1501962522184	696613061273529	275.0	-60.0	4.0	96.0	
1501962522202	696613081415131	275.0	-60.0	4.0	96.0	
1501962522220	696613101556732	275.0	-60.0	4.0	96.0	
1501962522238	696613121698334	275.0	-60.0	4.0	96.0	
1501962522257	696613141839935	275.0	-60.0	4.0	96.0	
1501962522274	696613161981537	275.0	-60.0	4.0	96.0	
1501962522294	696613182123138	275.0	-60.0	4.0	96.0	
1501962522327	696613202264740	275.0	-60.0	4.0	96.0	
1501962522345	696613222406342	275.0	-60.0	4.0	96.0	
1501962522363	696613242547943	275.0	-60.0	4.0	96.0	
1501962522381	696613262689545	275.0	-60.0	4.0	96.0	
1501962522399	696613282831146	275.0	-60.0	4.0	96.0	
1501962522417	696613302972748	275.0	-60.0	4.0	96.0	
1501962522434	696613323114349	275.0	-60.0	4.0	96.0	
1501962522452	696613343255951	275.0	-60.0	4.0	96.0	
1501962522488	696613363397552	275.0	-60.0	4.0	96.0	
1501962522506	696613383539154	275.0	-60.0	4.0	96.0	
1501962522524	696613403680756	275.0	-60.0	4.0	96.0	
1501962522541	696613423822357	275.0	-60.0	4.0	96.0	
1501962522559	696613443963959	275.0	-60.0	4.0	96.0	
1501962522578	696613464105560	275.0	-60.0	4.0	96.0	
1501962522595	696613484247162	275.0	-60.0	4.0	96.0	
1501962522613	696613504388763	275.0	-60.0	4.0	96.0	
1501962522631	696613524530365	275.0	-60.0	4.0	96.0	
1501962522666	696613544671967	275.0	-60.0	4.0	96.0	
1501962522684	696613564813568	275.0	-60.0	4.0	96.0	
1501962522702	696613584955170	275.0	-60.0	4.0	96.0	
1501962522720	696613605096771	275.0	-60.0	4.0	96.0	
1501962522738	696613625238373	275.0	-60.0	4.0	96.0	
1501962522756	696613645379974	275.0	-60.0	4.0	96.0	
1501962522773	696613665521576	275.0	-60.0	4.0	96.0	
1501962522791	696613685663177	275.0	-60.0	4.0	-1.0	
1501962522831	696613705804779	275.0	-60.0	4.0	-1.0	
1501962522845	696613725946381	275.0	-60.0	4.0	-1.0	
1501962522863	696613746087982	275.0	-60.0	4.0	-1.0	
1501962522880	696613766229584	275.0	-60.0	4.0	-1.0	
1501962522899	696613786371185	275.0	-60.0	4.0	-1.0	
1501962522916	696613806512787	275.0	-60.0	4.0	-1.0	
1501962522934	696613826654388	275.0	-60.0	4.0	-1.0	
1501962522952	696613846795990	275.0	-60.0	4.0	-1.0	
1501962522987	696613866937592	276.0	-60.0	4.0	-1.0	
1501962523005	696613887079193	276.0	-60.0	4.0	-1.0	
1501962523023	696613907220795	276.0	-60.0	4.0	-1.0	
1501962523041	696613927362396	276.0	-60.0	4.0	-1.0	
1501962523059	696613947503998	276.0	-60.0	4.0	-1.0	
1501962523077	696613967645599	276.0	-60.0	4.0	-1.0	
1501962523112	696613987787201	276.0	-60.0	4.0	-1.0	
1501962523130	696614007928802	276.0	-60.1492919921875	4.0	-1.0	
1501962523149	696614028070404	276.0	-61.0	4.0	-1.0	
1501962523167	696614048212006	276.0	-61.0	4.0	-1.0	
1501962523184	696614068353607	276.0	-61.0	4.0	-1.0	
1501962523202	696614088495209	276.0	-61.0	4.0	-1.0	
1501962523220	696614108636810	276.0	-61.0	4.0	-1.0	
1501962523255	696614128778412	276.0	-61.0	4.0	-1.0	
1501962523273	696614148920013	276.0	-61.0	4.0	-1.0	
1501962523291	696614169061615	276.0	-61.0	4.0	-1.0	
1501962523309	696614189203217	276.0	-61.0	4.0	-1.0	
1501962523327	696614209344818	276.0	-61.0	4.0	-1.0	
1501962523345	696614229486420	276.0	-61.0	4.0	-1.0	
1501962523363	696614249628021	276.0	-61.0	4.0	-1.0	
1501962523398	696614269769623	276.0	-61.0	3.0	-1.0	
1501962523416	696614289911224	276.0	-61.0	3.0	-1.0	
1501962523434	696614310052826	276.0	-61.0	3.0	-1.0	
1501962523452	696614330194427	276.0	-61.0	3.0	-1.0	
1501962523469	696614350336029	276.0	-61.0	3.0	-1.0	
1501962523488	696614370477631	276.0	-61.0	3.0	-1.0	
1501962523505	696614390619232	276.0	-61.0	3.0	-1.0	
1501962523541	696614410760834	276.0	-62.0	3.0	-1.0	
1501962523559	696614430902435	276.0	-62.0	3.0	-1.0	
1501962523577	696614451044037	276.0	-62.0	3.0	-1.0	
1501962523595	696614471185638	276.0	-62.0	3.0	-1.0	
1501962523613	696614491327240	276.0	-62.0	3.0	-1.0	
1501962523630	696614511468842	276.0	-62.0	3.0	-1.0	
1501962523649	696614531610443	276.0	-62.0	3.0	-1.0	
1501962523684	696614551752045	276.0	-62.0	3.0	-1.0	
1501962523702	696614571893646	276.0	-62.0	3.0	-1.0	
1501962523719	696614592035248	276.0	-62.0	3.0	-1.0	
1501962523737	696614612176849	276.0	-62.0	3.0	-1.0	
1501962523755	696614632318451	276.0	-62.0	3.0	-1.0	
1501962523773	696614652460052	276.0	-62.0	3.0	-1.0	
1501962523791	696614672601654	276.0	-62.0	3.0	-1.0	
1501962523809	696614692743256	276.0	-62.0	3.0	-1.0	
1501962523844	696614712884857	276.0	-62.0	2.96759033203125	-1.0	
1501962523862	696614733026459	276.0	-62.0	2.0	-1.0	
1501962523880	696614753168060	276.0	-62.0	2.0	-1.0	
1501962523898	696614773309662	276.0	-62.0	2.0	-1.0	
1501962523916	696614793451263	276.0	-62.0	2.0	-1.0	
1501962523934	696614813592865	276.0	-62.0	2.0	-1.0	
1501962523952	696614833734467	276.0	-62.0	2.0	-1.0	
1501962523970	696614853876068	276.0	-62.0	2.0	-1.0	
1501962524005	696614874017670	276.0	-62.03753662109375	2.0	-1.0	
1501962524024	696614894159271	276.16351318359375	-63.0	2.0	-1.0	
1501962524041	696614914300873	277.0	-63.0	2.0	-1.0	
1501962524059	696614934442474	277.0	-63.0	2.0	-1.0	
1501962524077	696614954584076	277.0	-63.0	2.0	-1.0	
1501962524095	696614974725677	277.0	-63.0	2.0	-1.0	
1501962524112	696614994867279	277.0	-63.0	2.0	-1.0	
1501962524131	696615015008881	277.0	-63.0	1.0834808349609375	-1.0	
1501962524166	696615035150482	277.0	-64.0	1.0	-1.0	
1501962524184	696615055292084	277.0	-64.0	1.0	-1.0	
1501962524201	696615075433685	277.0	-64.0	1.0	-1.0	
1501962524219	696615095575287	277.0	-64.0	1.0	-1.0	
1501962524237	696615115716888	277.0	-64.0	1.0	-1.0	
1501962524262	696615135858490	277.0	-64.0	1.0	-1.0	
1501962524273	696615156000092	277.0	-64.0	1.0	-1.0	
1501962524291	696615176141693	277.0	-64.0	1.0	-1.0	
1501962524326	696615196283295	277.0	-64.0	1.0	-1.0	
1501962524345	696615216424896	277.0	-64.0	1.0	-1.0	
1501962524362	696615236566498	277.0	-64.0	1.0	-1.0	
1501962524381	696615256708099	277.0	-64.0	1.0	-1.0	
1501962524399	696615276849701	277.0	-64.0	1.0	-1.0	
1501962524416	696615296991302	277.0	-64.0	1.0	-1.0	
1501962524434	696615317132904	277.0	-64.0	1.0	-1.0	
1501962524452	696615337274506	277.0	-64.92831420898438	1.0	-1.0	
1501962524488	696615357416107	277.0	-65.0	0.0	-1.0	
1501962524506	696615377557709	277.0	-65.0	0.0	-1.0	
1501962524523	696615397699310	277.0	-65.0	0.0	-1.0	
1501962524541	696615417840912	277.0	-65.0	0.0	-1.0	
1501962524559	696615437982513	277.5563049316406	-65.0	0.0	-1.0	
1501962524577	696615458124115	278.0	-65.0	0.0	-1.0	
1501962524594	696615478265717	278.0	-65.0	0.0	-1.0	
1501962524613	696615498407318	278.0	-65.0	0.0	-1.0	
1501962524648	696615518548920	278.0	-65.0	0.0	-1.0	
1501962524667	696615538690521	278.0	-65.0	0.0	-1.0	
1501962524684	696615558832123	278.0	-65.0	0.0	-1.0	
1501962524705	696615578973724	278.0	-65.0	0.0	-1.0	
1501962524722	696615599115326	278.0	-65.0	0.0	-1.0	
1501962524737	696615619256927	278.0	-65.0	0.0	-1.0	
1501962524755	696615639398529	278.0	-65.0	0.0	-1.0	
1501962524773	696615659540131	278.0	-65.0	0.0	-1.0	
1501962524809	696615679681732	277.0	-64.0	0.0	-1.0	
1501962524827	696615699823334	277.0	-64.0	0.0	-1.0	
1501962524844	696615719964935	277.0	-64.0	0.0	-1.0	
1501962524863	696615740106537	277.0	-64.0	0.0	-1.0	
1501962524880	696615760248138	277.0	-64.0	0.0	-1.0	
1501962524899	696615780389740	277.0	-64.0	0.0	-1.0	
1501962524916	696615800531342	276.1826171875	-64.0	0.0	-1.0	
1501962524940	696615820672943	276.0	-64.0	0.0	-1.0	
1501962524969	696615840814545	275.0	-63.0	0.0	-1.0	
1501962524988	696615860956146	275.0	-63.0	0.0	-1.0	
1501962525005	696615881097748	275.0	-62.67973327636719	0.0	-1.0	
1501962525023	696615901239349	274.55462646484375	-62.0	0.0	-1.0	
1501962525041	696615921380951	274.0	-62.0	0.0	-1.0	
1501962525059	696615941522552	273.30322265625	-61.30323791503906	0.0	-1.0	
1501962525077	696615961664154	273.0	-61.0	0.0	-1.0	
1501962525095	696615981805756	273.0	-61.0	0.0	-1.0	
1501962525131	696616001947357	272.0	-60.0	0.0	-1.0	
1501962525149	696616022088959	272.0	-60.0	0.0	-1.0	
1501962525166	696616042230560	272.0	-60.0	0.0	-1.0	
1501962525184	696616062372162	271.54949951171875	-60.0	0.0	-1.0	
1501962525202	696616082513763	271.0	-60.0	0.0	-1.0	
1501962525219	696616102655365	271.0	-60.0	0.0	-1.0	
1501962525237	696616122796967	271.0	-60.82763671875	0.0	-1.0	
1501962525256	696616142938568	271.0	-61.0	0.0	-1.0	
1501962525292	696616163080170	271.0	-61.0	0.0	-1.0	
1501962525309	696616183221771	271.0	-61.0	0.0	-1.0	
1501962525327	696616203363373	271.0	-61.0	0.0	-1.0	
1501962525346	696616223504974	271.0	-61.0	0.0	-1.0	
1501962525362	696616243646576	271.0	-61.0	0.0	-1.0	
1501962525381	696616263788177	271.0	-61.0	0.0	-1.0	
1501962525404	696616283929779	271.0	-60.167236328125	0.0	-1.0	
1501962525417	696616304071381	271.95904541015625	-60.0	0.0	-1.0	
1501962525452	696616324212982	272.0	-59.91639709472656	0.0	-1.0	
1501962525470	696616344354584	272.0	-59.0	0.2098846435546875	-1.0	
1501962525488	696616364496185	272.0	-59.0	1.0	-1.0	
1501962525506	696616384637787	272.0	-59.46073913574219	1.0	-1.0	
1501962525524	696616404779388	272.0	-60.0	1.0	-1.0	
1501962525542	696616424920990	272.0	-60.0	1.0	-1.0	
1501962525559	696616445062592	272.0	-60.0	1.0	-1.0	
1501962525577	696616465204193	272.0	-60.0	1.0	-1.0	
1501962525613	696616485345795	272.0	-60.0	1.0	-1.0	
1501962525631	696616505487396	272.0	-60.0	1.0	-1.0	
1501962525649	696616525628998	272.0	-60.0	1.0	-1.0	
1501962525666	696616545770599	272.0	-60.0	1.0	-1.0	
1501962525685	696616565912201	272.0	-60.0	1.0	-1.0	
1501962525702	696616586053802	272.0	-60.0	1.0	-1.0	
1501962525720	696616606195404	272.843017578125	-60.0	1.0	-1.0	
1501962525739	696616626337006	273.0	-60.0	1.0	-1.0	
1501962525774	696616646478607	273.0	-60.0	1.0	-1.0	
1501962525791	696616666620209	273.0	-60.0	1.0	-1.0	
1501962525814	696616686761810	273.0	-60.0	1.0	-1.0	
1501962525827	696616706903412	273.0	-60.470977783203125	0.529022216796875	-1.0	
1501962525845	696616727045013	273.0	-61.0	0.0	-1.0	
1501962525862	696616747186615	273.0	-61.0	0.0	-1.0	
1501962525881	696616767328217	273.0	-61.0	0.0	96.0	
1501962525900	696616787469818	273.0	-61.0	0.0	96.0	
1501962525935	696616807611420	273.0	-61.0	0.0	96.0	
1501962525953	696616827753021	273.0	-61.225250244140625	0.0	96.0	
1501962525970	696616847894623	273.0	-62.0	0.0	96.0	
1501962525988	696616868036224	273.0	-62.0	0.0	96.0	
1501962526023	696616888177826	273.0	-61.397613525390625	0.0	96.0	
1501962526040	696616908319427	273.0	-61.0	0.0	96.0	
1501962526062	696616928461029	273.0	-61.0	0.0	96.0	
1501962526095	696616948602631	273.0	-60.02049255371094	0.0	96.0	
1501962526138	696616968744232	273.0	-60.0	0.105621337890625	96.0	
1501962526151	696616988885834	273.0	-60.0	1.0	96.0	
1501962526157	696617009027435	273.35662841796875	-60.0	1.0	96.0	
1501962526164	696617029169037	274.0	-60.0	1.0	96.0	
1501962526169	696617049310638	274.0	-60.0	1.0	96.0	
1501962526185	696617069452240	274.0	-60.73377990722656	1.7337799072265625	96.0	
1501962526203	696617089593842	274.0	-61.0	2.0	96.0	
1501962526221	696617109735443	274.0	-61.0	2.0	96.0	
1501962526257	696617129877045	274.0	-61.0	2.0	96.0	
1501962526274	696617150018646	274.2354736328125	-61.0	2.0	96.0	
1501962526292	696617170160248	275.0	-61.0	2.0	96.0	
1501962526312	696617190301849	275.0	-61.0	2.0	96.0	
1501962526330	696617210443451	275.0	-61.0	2.0	96.0	
1501962526345	696617230585052	275.0	-61.0	2.0	96.0	
1501962526363	696617250726654	275.86370849609375	-61.0	2.0	96.0	
1501962526382	696617270868256	276.0	-61.0	2.0	96.0	
1501962526417	696617291009857	276.0	-61.11582946777344	2.0	96.0	
1501962526435	696617311151459	276.0	-62.0	2.0	96.0	
1501962526452	696617331293060	276.0	-62.0	2.0	96.0	
1501962526470	696617351434662	276.0	-62.0	2.0	96.0	
1501962526506	696617371576263	276.0	-62.0	2.0	96.0	
1501962526517	696617391717865	276.0	-62.0	2.0	96.0	
1501962526524	696617411859467	276.0	-62.0	2.0	96.0	
1501962526547	696617432001068	276.0	-62.0	2.0	96.0	
1501962526582	696617452142670	276.0	-62.0	2.0	96.0	
1501962526596	696617472284271	276.0	-62.0	2.0	96.0	
1501962526613	696617492425873	276.0	-62.0	2.0	96.0	
1501962526631	696617512567474	276.0	-62.0	2.0	96.0	
1501962526651	696617532709076	276.0	-62.0	2.0	96.0	
1501962526669	696617552850677	276.0	-62.0	2.0	96.0	
1501962526690	696617572992279	276.0	-62.0	2.0	96.0	
1501962526704	696617593133881	276.0	-62.0	2.0	96.0	
1501962526738	696617613275482	276.0	-62.0	2.0	96.0	
1501962526761	696617633417084	276.0	-62.0	2.0	96.0	
1501962526774	696617653558685	276.0	-62.0	2.0	96.0	
1501962526793	696617673700287	276.0	-62.0	2.0	96.0	
1501962526811	696617693841888	276.0	-62.0	2.0	96.0	
1501962526828	696617713983490	276.0	-62.0	2.0	96.0	
1501962526846	696617734125092	276.0	-62.0	2.0	96.0	
1501962526882	696617754266693	276.0	-62.0	2.0	96.0	
1501962526900	696617774408295	276.0	-62.0	2.0	96.0	
1501962526917	696617794549896	276.0	-62.0	2.0	96.0	
1501962526935	696617814691498	276.0	-62.0	2.0	96.0	
1501962526952	696617834833099	276.0	-62.0	2.0	96.0	
1501962526972	696617854974701	276.0	-62.0	2.0	96.0	
1501962526990	696617875116302	276.0	-62.0	2.0	96.0	
1501962527006	696617895257904	276.0	-62.0	2.0	96.0	
1501962527043	696617915399506	276.0	-62.0	2.0	96.0	
1501962527060	696617935541107	276.0	-62.0	2.0	96.0	
1501962527078	696617955682709	276.0	-62.0	2.0	96.0	
1501962527096	696617975824310	276.3873596191406	-62.0	2.0	96.0	
1501962527113	696617995965912	276.48724365234375	-62.0	2.0	96.0	
1501962527132	696618016107513	276.0	-62.0	2.0	96.0	
1501962527149	696618036249115	276.0	-62.0	2.0	96.0	
1501962527167	696618056390717	276.0	-62.0	2.0	96.0	
1501962527203	696618076532318	276.0	-62.0	2.0	96.0	
1501962527221	696618096673920	276.0	-62.0	2.0	96.0	
1501962527239	696618116815521	276.0	-62.0	2.0	96.0	
1501962527257	696618136957123	276.0	-62.0	2.0	96.0	
1501962527274	696618157098724	276.0	-62.0	2.0	96.0	
1501962527294	696618177240326	276.0	-62.0	2.0	96.0	
1501962527310	696618197381927	276.0	-62.0	2.0	96.0	
1501962527328	696618217523529	276.0	-62.0	2.0	96.0	
1501962527364	696618237665131	275.9795227050781	-62.0	2.0	96.0	
1501962527382	696618257806732	275.0	-62.0	2.0	96.0	
1501962527401	696618277948334	275.0	-62.0	2.0	96.0	
1501962527418	696618298089935	275.0	-62.0	2.0	96.0	
1501962527436	696618318231537	275.0	-62.0	2.0	96.0	
1501962527454	696618338373138	275.0	-62.0	2.0	96.0	
1501962527475	696618358514740	275.0	-62.0	2.0	96.0	
1501962527492	696618378656342	274.10052490234375	-62.0	2.0	96.0	
1501962527524	696618398797943	274.0	-62.0	2.0	96.0	
1501962527542	696618418939545	274.0	-62.0	1.848388671875	96.0	
1501962527561	696618439081146	274.0	-62.0	1.0	96.0	
1501962527578	696618459222748	274.0	-62.0	1.0	96.0	
1501962527599	696618479364349	274.0	-62.0	1.0	96.0	
1501962527619	696618499505951	274.0	-61.34642028808594	1.0	96.0	
1501962527638	696618519647552	274.0	-61.0	1.0	96.0	
1501962527653	696618539789154	274.0	-61.0	1.0	96.0	
1501962527687	696618559930756	274.0	-61.0	1.0	96.0	
1501962527703	696618580072357	274.0	-61.0	1.0	96.0	
1501962527721	696618600213959	274.0	-61.0	1.0	96.0	
1501962527739	696618620355560	274.0	-61.0	1.0	96.0	
1501962527757	696618640497162	274.0	-61.0	1.0	96.0	
1501962527777	696618660638763	274.0	-61.0	1.0	96.0	
1501962527793	696618680780365	274.0	-61.0	1.0	96.0	
1501962527811	696618700921967	274.0	-61.0	1.0	96.0	
1501962527846	696618721063568	275.0	-61.0	1.0	96.0	
1501962527863	696618741205170	275.0	-61.0	1.0	96.0	
1501962527883	696618761346771	275.0	-61.0	1.0	96.0	
1501962527900	696618781488373	275.0	-61.0	1.0	96.0	
1501962527917	696618801629974	275.0	-61.0	1.0	96.0	
1501962527937	696618821771576	275.0	-61.0	1.0	96.0	
1501962527955	696618841913177	275.0	-61.0	1.79010009765625	96.0	
1501962527971	696618862054779	275.0	-61.0	2.0	96.0	
1501962528009	696618882196381	275.0	-61.0	2.0	96.0	
1501962528028	696618902337982	275.0	-61.0	2.0	96.0	
1501962528045	696618922479584	275.0	-61.0	2.0	96.0	
1501962528063	696618942621185	275.0	-61.0	2.0	96.0	
1501962528078	696618962762787	275.0	-61.0	2.0	96.0	
1501962528110	696618982904388	275.0	-61.0	2.0	96.0	
1501962528121	696619003045990	275.0	-61.0	2.0	96.0	
1501962528131	696619023187592	275.0	-61.92149353027344	2.0	96.0	
1501962528167	696619043329193	275.0	-62.0	2.0	96.0	
1501962528185	696619063470795	275.0	-62.0	2.0	96.0	
1501962528204	696619083612396	275.0	-62.0	2.0	96.0	
1501962528221	696619103753998	275.0	-62.0	2.0	96.0	
1501962528239	696619123895599	275.0	-62.0	2.0	96.0	
1501962528266	696619144037201	275.0	-62.0	2.0	96.0	
1501962528276	696619164178802	275.0	-62.0	2.0	96.0	
1501962528293	696619184320404	275.0	-62.0	1.0733795166015625	96.0	
1501962528331	696619204462006	275.0	-63.0	1.0	96.0	
1501962528353	696619224603607	275.0	-62.822540283203125	1.0	96.0	
1501962528365	696619244745209	275.0	-62.0	1.0	96.0	
1501962528381	696619264886810	275.0	-62.0	1.0	96.0	
1501962528400	696619285028412	275.0	-62.0	1.0	96.0	
1501962528419	696619305170013	275.0	-62.0	1.0	96.0	
1501962528440	696619325311615	275.0	-62.0	1.0	96.0	
1501962528454	696619345453217	275.0	-62.931732177734375	1.0	96.0	
1501962528489	696619365594818	276.0	-63.0	1.0	96.0	
1501962528509	696619385736420	276.0	-63.0	1.0	96.0	
1501962528528	696619405878021	276.0	-63.0	1.0	96.0	
1501962528544	696619426019623	276.0	-63.0	1.0	96.0	
1501962528560	696619446161224	276.0	-63.0	1.0	96.0	
1501962528579	696619466302826	276.0	-63.0	1.0	96.0	
1501962528596	696619486444427	276.0	-63.0	1.0	96.0	
1501962528614	696619506586029	276.0	-63.0	1.0	96.0	
1501962528650	696619526727631	276.0	-63.0	1.0	96.0	
1501962528667	696619546869232	276.0	-63.0	1.0	96.0	
1501962528696	696619567010834	276.3134460449219	-63.0	1.0	96.0	
1501962528710	696619587152435	277.0	-63.0	1.4385528564453125	96.0	
1501962528721	696619607294037	277.0	-63.0	2.0	96.0	
1501962528739	696619627435638	277.0	-63.0	2.0	96.0	
1501962528756	696619647577240	277.0	-63.0	2.0	96.0	
1501962528774	696619667718842	277.0	-63.0	2.0	96.0	
1501962528810	696619687860443	277.0665283203125	-63.0	2.0	96.0	
1501962528828	696619708002045	278.0	-63.0	2.0	96.0	
1501962528847	696619728143646	278.0	-63.0	2.0	96.0	
1501962528864	696619748285248	278.0	-63.0	2.0	96.0	
1501962528886	696619768426849	278.0	-63.0	2.0	96.0	
1501962528901	696619788585465	278.0	-63.69505310058594	2.0	96.0	
1501962528919	696619808727066	278.0	-64.0	2.0	96.0	
1501962528935	696619828868668	278.0	-64.0	2.0	96.0	
1501962528971	696619849010270	279.0	-64.0	2.0	96.0	
1501962528989	696619869151871	279.0	-64.19793701171875	2.0	96.0	
1501962529008	696619889293473	279.0	-65.0	2.0	96.0	
1501962529024	696619909435074	279.0	-65.0	2.0	96.0	
1501962529043	696619929576676	279.0	-65.0	2.0	96.0	
1501962529063	696619949718277	278.2998352050781	-65.0	2.0	96.0	
1501962529078	696619969859879	278.0	-65.0	2.0	96.0	
1501962529096	696619990001481	278.0	-65.0	2.0	96.0	
1501962529134	696620010143082	278.0	-64.9232177734375	2.0	96.0	
1501962529150	696620030284684	278.0	-64.0	2.0	96.0	
1501962529169	696620050426285	278.0	-64.0	2.0	96.0	
1501962529185	696620070567887	278.0	-64.0	2.0	96.0	
1501962529203	696620090709488	277.4197998046875	-64.0	2.0	96.0	
1501962529222	696620110851090	277.0	-64.0	2.0	96.0	
1501962529253	696620130992691	277.0	-64.0	2.0	96.0	
1501962529260	696620151134293	277.0	-64.0	2.0	96.0	
1501962529292	696620171275895	277.0	-64.0	2.0	96.0	
1501962529311	696620191417496	277.0	-64.0	2.0	96.0	
1501962529329	696620211559098	277.0	-64.0	2.0	96.0	
1501962529346	696620231700699	277.0	-64.0	2.0	96.0	
1501962529364	696620251842301	277.0	-64.0	2.0	96.0	
1501962529382	696620271983902	277.0	-64.0	2.0	96.0	
1501962529418	696620292125504	277.0	-64.0	2.0	96.0	
1501962529436	696620312267106	277.0	-64.0	2.0	96.0	
1501962529453	696620332408707	277.0	-64.0	2.0	96.0	
1501962529471	696620352550309	277.0	-64.0	2.0	96.0	
1501962529492	696620372691910	277.0	-64.0	2.0	96.0	
1501962529507	696620392833512	277.0	-64.0	2.0	96.0	
1501962529544	696620412975113	277.0	-64.0	2.0	96.0	
1501962529560	696620433116715	277.0	-64.0	2.0	96.0	
1501962529578	696620453258316	277.0	-64.0	2.0	96.0	
1501962529598	696620473399918	276.44073486328125	-64.0	2.0	96.0	
1501962529614	696620493541520	276.0	-64.0	2.0	96.0	
1501962529632	696620513683121	276.0	-64.0	2.0	96.0	
1501962529651	696620533824723	276.0	-64.0	2.0	96.0	
1501962529685	696620553966324	276.0	-64.0	2.0	96.0	
1501962529704	696620574107926	276.0	-64.0	2.0	96.0	
1501962529721	696620594249527	276.0	-63.64007568359375	2.0	96.0	
1501962529739	696620614391129	276.0	-63.0	2.0	96.0	
1501962529757	696620634532731	276.0	-63.0	2.0	96.0	
1501962529774	696620654674332	276.0	-63.724945068359375	2.0	96.0	
1501962529793	696620674815934	276.0	-64.0	2.0	96.0	
1501962529814	696620694957535	276.0	-64.0	2.0	96.0	
1501962529846	696620715099137	276.0	-64.0	2.0	96.0	
1501962529864	696620735240738	276.0	-64.0	2.0	96.0	
1501962529882	696620755382340	276.0	-64.0	2.0	96.0	
1501962529900	696620775523941	276.0	-64.0	2.0	96.0	
1501962529919	696620795665543	276.0	-64.0	2.0	96.0	
1501962529936	696620815807145	276.0	-64.0	2.0	96.0	
1501962529953	696620835948746	276.0	-64.0	2.0	96.0	
1501962529972	696620856090348	276.0	-64.0	2.0	96.0	
1501962530007	696620876231949	276.0	-64.0	2.0	96.0	
1501962530025	696620896373551	276.0	-64.0	2.0	96.0	
1501962530042	696620916515152	276.0	-64.0	2.0	96.0	
1501962530060	696620936656754	276.0	-64.0	2.0	96.0	
1501962530079	696620956798356	276.0	-64.0	2.0	96.0	
1501962530096	696620976939957	276.0	-64.0	2.0	96.0	
1501962530114	696620997081559	276.0	-64.0	2.0	96.0	
1501962530133	696621017223160	276.0	-64.0	2.0	96.0	
1501962530168	696621037364762	276.0	-63.0	2.0	96.0	
1501962530185	696621057506363	276.0	-63.0	2.0	96.0	
1501962530203	696621077647965	276.0	-63.0	2.0	96.0	
1501962530221	696621097789566	276.0	-63.0	2.0	96.0	
1501962530240	696621117931168	276.0	-63.0	2.5238037109375	96.0	
1501962530257	696621138072770	276.0	-63.0	3.0	96.0	
1501962530275	696621158214371	276.0	-63.0	3.0	96.0	
1501962530294	696621178355973	276.0	-63.0	3.0	96.0	
1501962530329	696621198497574	276.0	-63.0	2.0	96.0	
1501962530346	696621218639176	276.0	-63.0	2.0	96.0	
1501962530364	696621238780777	276.0	-63.0	2.0	96.0	
1501962530382	696621258922379	276.0	-63.0	2.0	96.0	
1501962530401	696621279063981	276.0	-63.0	2.0	96.0	
1501962530417	696621299205582	276.0	-63.0	2.0	96.0	
1501962530435	696621319347184	276.0	-63.0	2.0	96.0	
1501962530454	696621339488785	276.0	-63.0	2.0	96.0	
1501962530471	696621359630387	276.0	-63.0	2.0	96.0	
1501962530507	696621379771988	276.0	-63.0	2.0	96.0	
1501962530525	696621399913590	276.22747802734375	-63.0	2.2274932861328125	96.0	
1501962530542	696621420055191	277.0	-63.0	3.0	96.0	
1501962530564	696621440196793	277.0	-63.0	3.0	96.0	
1501962530580	696621460338395	277.0	-63.0	3.0	96.0	
1501962530596	696621480479996	277.0	-63.0	3.0	96.0	
1501962530615	696621500621598	277.0	-63.0	3.0	96.0	
1501962530632	696621520763199	277.0	-63.0	2.0425262451171875	96.0	
1501962530674	696621540904801	277.0	-63.0	2.0	96.0	
1501962530688	696621561046402	277.0	-63.0	2.0	96.0	
1501962530704	696621581188004	277.0	-63.0	2.0	96.0	
1501962530723	696621601329606	277.0	-63.0	2.0	96.0	
1501962530739	696621621471207	277.0	-63.0	2.0	96.0	
1501962530757	696621641612809	277.0	-63.0	2.0	96.0	
1501962530776	696621661754410	277.0	-63.0	2.0	96.0	
1501962530793	696621681896012	277.0	-63.0	2.0	96.0	
1501962530829	696621702037613	277.0	-63.0	2.0	96.0	
1501962530855	696621722179215	277.0	-63.0	2.1734619140625	96.0	
1501962530864	696621742320816	277.0	-63.0	3.0	96.0	
1501962530884	696621762462418	277.0	-63.0	3.0	96.0	
1501962530900	696621782604020	277.0	-63.0	3.0	96.0	
1501962530918	696621802745621	277.0	-63.0	3.0	96.0	
1501962530937	696621822887223	277.0	-63.0	3.0	96.0	
1501962530953	696621843028824	277.0	-63.0	3.0	96.0	
1501962530989	696621863170426	277.0	-63.0	3.0	96.0	
1501962531007	696621883312027	277.0	-63.0	3.0	96.0	
1501962531025	696621903453629	277.0	-63.0	3.0	96.0	
1501962531054	696621923595231	277.0	-63.0	3.0	96.0	
1501962531060	696621943736832	277.0	-63.0	3.0	96.0	
1501962531078	696621963878434	277.0	-63.0	3.0	96.0	
1501962531097	696621984020035	277.0	-63.0	2.2444915771484375	96.0	
1501962531114	696622004161637	277.0	-63.87754821777344	2.0	96.0	
1501962531132	696622024303238	277.0	-64.0	2.0	96.0	
1501962531168	696622044444840	277.0	-64.0	2.0	96.0	
1501962531185	696622064586441	277.0	-63.75721740722656	2.0	96.0	
1501962531208	696622084728043	277.0	-63.0	2.0	96.0	
1501962531223	696622104869645	276.51361083984375	-63.0	2.0	96.0	
1501962531239	696622125011246	276.0	-63.0	2.0	96.0	
1501962531258	696622145152848	276.0	-63.0	2.0	96.0	
1501962531275	696622165294449	276.0	-63.0	2.0	96.0	
1501962531293	696622185436051	276.0	-63.0	2.0	96.0	
1501962531329	696622205577652	276.0	-63.0	2.0	96.0	
1501962531346	696622225719254	276.0	-63.0	2.0	96.0	
1501962531365	696622245860856	276.0	-63.337860107421875	2.337860107421875	96.0	
1501962531387	696622266002457	276.0	-64.0	3.0	96.0	
1501962531400	696622286144059	276.0	-64.0	3.0	96.0	
1501962531419	696622306285660	276.0	-64.0	3.0	96.0	
1501962531436	696622326427262	276.0	-63.1751708984375	3.0	96.0	
1501962531453	696622346568863	276.0	-63.0	3.0	96.0	
1501962531489	696622366710465	276.0	-63.0	3.0	96.0	
1501962531507	696622386852066	276.0	-63.0	3.0	96.0	
1501962531526	696622406993668	276.0	-63.0	3.0	96.0	
1501962531543	696622427135270	276.0	-63.0	3.0	96.0	
1501962531561	696622447276871	276.0	-63.0	3.0	96.0	
1501962531585	696622467418473	276.0	-63.0	3.0	96.0	
1501962531597	696622487560074	276.0	-63.0	3.0	96.0	
1501962531615	696622507701676	276.0	-63.0	3.0	96.0	
1501962531650	696622527843277	276.0	-63.0	3.0	96.0	
1501962531669	696622547984879	276.0	-63.0	3.0	96.0	
1501962531686	696622568126481	276.0	-63.0	2.7159881591796875	96.0	
1501962531703	696622588268082	276.0	-63.0	2.0	96.0	
1501962531721	696622608409684	276.0	-63.0	2.0	96.0	
1501962531740	696622628551285	276.0	-63.0	2.0	96.0	
1501962531762	696622648692887	276.0	-63.0	2.0	96.0	
1501962531775	696622668834488	276.0	-63.0	2.0	96.0	
1501962531811	696622688976090	276.0	-63.0	1.8623809814453125	96.0	
1501962531828	696622709117691	276.0	-63.0	1.0	96.0	
1501962531847	696622729259293	276.0	-63.0	1.0	96.0	
1501962531864	696622749400895	276.0	-63.0	1.0	96.0	
1501962531882	696622769542496	276.0	-63.73518371582031	1.0	96.0	
1501962531901	696622789684098	276.0	-64.0	1.0	96.0	
1501962531937	696622809825699	275.9669189453125	-64.0	0.9669036865234375	96.0	
1501962531954	696622829967301	275.0	-64.0	0.0	96.0	
1501962531971	696622850108902	275.33099365234375	-64.0	0.0	96.0	
1501962531989	696622870250504	276.0	-64.0	0.0	96.0	
1501962532008	696622890392106	276.0	-64.0	0.0	96.0	
1501962532025	696622910533707	276.0	-64.77873229980469	0.0	96.0	
1501962532043	696622930675309	276.0	-65.0	0.0	96.0	
1501962532080	696622950816910	276.0	-65.0	0.0	96.0	
1501962532098	696622970958512	276.0	-65.0	0.0	96.0	
1501962532115	696622991100113	276.0	-65.0	0.0	96.0	
1501962532132	696623011241715	276.0	-65.0	0.0	96.0	
1501962532150	696623031383316	276.0	-65.0	0.0	96.0	
1501962532169	696623051524918	276.0	-65.0	0.0	96.0	
1501962532185	696623071666520	276.0	-65.0	0.0	96.0	
1501962532222	696623091808121	276.0	-64.0	0.0	96.0	
1501962532241	696623111949723	276.0	-64.0	0.0	96.0	
1501962532257	696623132091324	276.0	-63.58015441894531	0.0	96.0	
1501962532275	696623152232926	276.0	-63.0	0.0	96.0	
1501962532294	696623172374527	276.0	-63.0	0.0	96.0	
1501962532311	696623192516129	276.0	-63.0	0.0	96.0	
1501962532331	696623212657731	276.0	-63.0	0.0	96.0	
1501962532364	696623232799332	276.0	-63.0	0.0	96.0	
1501962532383	696623252940934	276.0	-63.0	0.0	96.0	
1501962532400	696623273082535	276.0	-63.0	0.0	96.0	
1501962532418	696623293224137	276.0	-63.45918273925781	0.0	96.0	
1501962532436	696623313365738	276.0	-64.0	0.0	96.0	
1501962532454	696623333507340	276.0	-64.0	0.0	96.0	
1501962532472	696623353648941	276.0	-64.83134460449219	0.0	96.0	
1501962532491	696623373790543	276.0	-65.0	0.0	96.0	
1501962532525	696623393932145	276.0	-65.0	0.0	96.0	
1501962532545	696623414073746	276.0	-65.0	0.0	96.0	
1501962532563	696623434215348	276.0	-65.0	0.0	96.0	
1501962532579	696623454356949	276.0	-65.0	0.0	96.0	
1501962532597	696623474498551	276.0	-65.0	0.0	96.0	
1501962532616	696623494640152	276.0	-64.302734375	0.0	96.0	
1501962532632	696623514781754	276.0	-64.0	0.0	96.0	
1501962532651	696623534923356	276.0	-64.0	0.0	96.0	
1501962532686	696623555064957	276.0	-64.0	0.0	96.0	
1501962532712	696623575206559	276.0	-64.0	0.0	96.0	
1501962532721	696623595348160	276.0	-64.0	0.0	96.0	
1501962532740	696623615489762	276.44049072265625	-64.44047546386719	0.4404754638671875	96.0	
1501962532758	696623635631363	277.0	-65.0	1.0	96.0	
1501962532777	696623655772965	277.0	-65.0	1.0	96.0	
1501962532794	696623675914566	277.0	-65.0	1.0	96.0	
1501962532811	696623696056168	277.0	-65.0	1.0	96.0	
1501962532847	696623716197770	277.0	-65.0	1.0	96.0	
1501962532866	696623736339371	277.0	-65.0	1.0	96.0	
1501962532883	696623756480973	277.0	-65.0	1.0	96.0	
1501962532900	696623776622574	277.0	-65.0	1.0	96.0	
1501962532918	696623796764176	277.0	-65.0	1.0	96.0	
1501962532936	696623816905777	277.0	-65.0	1.0	96.0	
1501962532953	696623837047379	277.0	-65.0	1.0	96.0	
1501962532972	696623857188981	277.0	-65.92674255371094	1.0	96.0	
1501962533007	696623877330582	277.0	-65.0	1.0	96.0	
1501962533026	696623897472184	277.0	-65.0	1.0	96.0	
1501962533043	696623917613785	277.0	-65.0	1.0	96.0	
1501962533061	696623937755387	277.0	-65.0	1.0	96.0	
1501962533078	696623957896988	277.0	-65.0	1.0	96.0	
1501962533097	696623978038590	277.0	-65.0	1.0	96.0	
1501962533114	696623998180191	277.0	-65.0	1.0	96.0	
1501962533133	696624018321793	277.0	-65.0	1.0	96.0	
1501962533168	696624038463395	277.0	-65.0	1.0	96.0	
1501962533187	696624058604996	277.0	-65.0	1.0	96.0	
1501962533204	696624078746598	277.0	-65.0	1.0	96.0	
1501962533222	696624098888199	277.0	-65.0	1.0	96.0	
1501962533240	696624119029801	277.0	-65.0	1.0	96.0	
1501962533257	696624139171402	277.0	-65.0	1.0	96.0	
1501962533275	696624159313004	277.0	-65.0	1.0	96.0	
1501962533294	696624179454606	277.0	-65.0	1.0	96.0	
1501962533329	696624199596207	277.0	-64.96769714355469	1.0323028564453125	96.0	
1501962533348	696624219737809	277.0	-64.0	2.0	96.0	
1501962533365	696624239879410	277.0	-64.27937316894531	2.0	96.0	
1501962533383	696624260021012	277.0	-65.0	2.0	96.0	
1501962533400	696624280162613	277.0	-65.0	2.0	96.0	
1501962533418	696624300304215	277.0	-65.0	2.0	96.0	
1501962533436	696624320445816	277.0	-64.22488403320313	2.0	96.0	
1501962533455	696624340587418	277.0	-64.0	2.0	96.0	
1501962533489	696624360729020	277.0	-64.0	2.0	96.0	
1501962533510	696624380870621	277.0	-64.0	2.0	96.0	
1501962533528	696624401012223	277.0	-64.0	2.0	96.0	
1501962533543	696624421153824	277.0	-64.0	2.0	96.0	
1501962533561	696624441295426	277.0	-64.0	2.0	96.0	
1501962533578	696624461437027	277.0	-64.0	2.0	96.0	
1501962533597	696624481578629	277.0	-64.0	2.0	96.0	
1501962533615	696624501720231	277.0	-64.0	2.0	96.0	
1501962533650	696624521861832	277.0	-64.0	2.0	96.0	
1501962533668	696624542003434	277.0	-64.0	2.0	96.0	
1501962533686	696624562145035	277.0	-64.0	2.0	96.0	
1501962533704	696624582286637	277.0	-64.0	2.0	96.0	
1501962533722	696624602428238	277.0	-64.0	2.0	96.0	
1501962533739	696624622569840	277.0	-64.0	2.0	96.0	
1501962533757	696624642711441	277.0	-64.0	2.0	96.0	
1501962533776	696624662853043	277.0	-64.0	2.0	96.0	
1501962533813	696624682994645	277.0	-65.0	2.0	96.0	
1501962533829	696624703136246	277.0	-65.0	2.0	96.0	
1501962533846	696624723277848	277.0	-65.0	2.0	96.0	
1501962533865	696624743419449	277.0	-65.0	2.374786376953125	96.0	
1501962533883	696624763561051	277.0	-65.0	3.0	96.0	
1501962533900	696624783702652	277.0	-65.0	3.0	96.0	
1501962533918	696624803844254	277.0	-65.0	3.0	96.0	
1501962533937	696624823985856	277.0	-65.0	3.0	96.0	
1501962533954	696624844127457	277.0	-65.0	3.0	96.0	
1501962533990	696624864269059	277.0	-65.0	3.0	96.0	
1501962534007	696624884410660	277.0	-65.0	3.0	96.0	
1501962534026	696624904552262	277.0	-65.0	3.0	96.0	
1501962534044	696624924693863	277.0	-65.0	3.0	96.0	
1501962534061	696624944835465	277.0	-65.0	3.0	96.0	
1501962534079	696624964977066	277.0	-65.0	3.0	96.0	
1501962534097	696624985118668	277.0	-65.0	3.0	96.0	
1501962534114	696625005260270	277.0	-65.0	3.0	96.0	
1501962534150	696625025401871	277.0	-65.0	3.0	96.0	
1501962534169	696625045543473	277.0	-65.0	3.0	96.0	
1501962534186	696625065685074	277.0	-65.0	3.0	96.0	
1501962534206	696625085826676	277.0	-64.51959228515625	3.0	96.0	
1501962534222	696625105968277	277.0	-64.0	3.0	96.0	
1501962534240	696625126109879	277.0	-64.0	2.2725830078125	96.0	
1501962534258	696625146251481	277.0	-64.0	2.0	96.0	
1501962534275	696625166393082	277.0	-64.0	2.0	96.0	
1501962534311	696625186534684	277.0	-64.0	2.0	96.0	
1501962534329	696625206676285	277.0	-64.0	2.0	96.0	
1501962534353	696625226817887	277.0	-64.0	2.0	96.0	
1501962534367	696625246959488	277.0	-64.47018432617188	2.0	96.0	
1501962534382	696625267101090	277.0	-65.0	2.0	96.0	
1501962534401	696625287242691	277.0	-65.0	2.0	96.0	
1501962534419	696625307384293	277.0	-65.0	2.0	96.0	
1501962534436	696625327525895	277.0	-65.0	2.0	96.0	
1501962534472	696625347667496	277.0	-65.0	2.0	96.0	
1501962534489	696625367809098	277.0	-65.0	2.0	96.0	
1501962534516	696625387950699	277.0	-65.0	2.0	96.0	
1501962534527	696625408092301	277.0	-65.0	2.0	96.0	
1501962534544	696625428233902	277.0	-65.0	2.0	96.0	
1501962534561	696625448375504	277.0	-65.0	2.0	96.0	
1501962534580	696625468517106	277.0	-65.0	2.0	96.0	
1501962534596	696625488658707	277.0	-65.0	2.0	96.0	
1501962534632	696625508800309	276.0	-65.0	2.0	96.0	
1501962534650	696625528941910	276.20440673828125	-65.0	2.0	96.0	
1501962534671	696625549083512	277.0	-65.0	2.0	96.0	
1501962534688	696625569225113	277.0	-65.0	2.0	96.0	
1501962534704	696625589366715	277.0	-64.4241943359375	2.0	96.0	
1501962534722	696625609508316	277.0	-64.0	2.0	96.0	
1501962534740	696625629649918	277.0	-64.0	2.0	96.0	
1501962534760	696625649791520	277.0	-64.0	2.0	96.0	
1501962534796	696625669933121	277.0	-64.0	2.0	96.0	
1501962534811	696625690074723	276.8057861328125	-64.0	2.0	96.0	
1501962534830	696625710216324	276.0	-64.0	2.0	96.0	
1501962534851	696625730357926	276.0	-64.0	2.0	96.0	
1501962534865	696625750499527	276.5663146972656	-64.0	2.0	96.0	
1501962534883	696625770641129	277.0	-64.0	2.0	96.0	
1501962534902	696625790782731	277.0	-64.0	2.0	96.0	
1501962534918	696625810924332	277.0	-64.0	2.0	96.0	
1501962534954	696625831065934	277.0	-64.0	2.0	96.0	
1501962534971	696625851207535	277.0	-64.0	2.0	96.0	
1501962534993	696625871349137	277.0	-64.0	2.0	96.0	
1501962535009	696625891490738	277.0	-64.0	2.0	96.0	
1501962535025	696625911632340	277.0	-64.0	2.0	96.0	
1501962535043	696625931773941	277.0	-64.0	2.0	96.0	
1501962535061	696625951915543	277.0	-64.0	2.0	96.0	
1501962535079	696625972057145	277.0	-64.0	2.0	96.0	
1501962535117	696625992198746	276.947265625	-64.0	2.0	96.0	
1501962535132	696626012340348	276.0	-64.0	2.0	96.0	
1501962535151	696626032481949	276.0	-64.0	2.0	96.0	
1501962535170	696626052623551	276.0	-64.0	1.5758209228515625	96.0	
1501962535186	696626072765152	276.547607421875	-64.0	1.0	96.0	
1501962535204	696626092906754	277.0	-64.0	1.0	96.0	
1501962535222	696626113048356	277.0	-64.0	1.0	96.0	
1501962535239	696626133189957	276.0816345214844	-64.0	1.0	96.0	
1501962535276	696626153331559	276.0	-64.0	1.0	96.0	
1501962535293	696626173473160	276.0	-64.0	1.0	96.0	
1501962535311	696626193614762	276.0	-64.0	1.0	96.0	
1501962535331	696626213756363	276.0	-64.0	1.0	96.0	
1501962535347	696626233897965	276.0	-64.0	1.0	96.0	
1501962535365	696626254039566	276.0	-64.0	1.0	96.0	
1501962535382	696626274181168	276.0	-64.0	1.0	96.0	
1501962535418	696626294322770	276.0	-64.0	1.0	96.0	
1501962535437	696626314464371	276.0	-63.778961181640625	1.0	96.0	
1501962535457	696626334605973	276.0	-63.0	1.0	96.0	
1501962535472	696626354747574	276.0	-63.0	1.0	96.0	
1501962535491	696626374889176	276.0	-63.0	1.0	96.0	
1501962535511	696626395030777	276.0	-63.0	1.0	96.0	
1501962535543	696626415172379	276.0	-63.0	0.9859771728515625	96.0	
1501962535561	696626435313981	275.8277587890625	-63.0	0.0	96.0	
1501962535579	696626455455582	275.0	-63.0	0.0	96.0	
1501962535597	696626475597184	275.0	-63.0	0.0	96.0	
1501962535615	696626495738785	275.0	-63.0	0.64849853515625	96.0	
1501962535633	696626515880387	275.0	-63.0	1.0	96.0	
1501962535652	696626536021988	275.0	-63.0	1.0	96.0	
1501962535686	696626556163590	275.0	-63.0	0.8754425048828125	96.0	
1501962535705	696626576305191	275.0	-63.0	0.0	96.0	
1501962535730	696626596446793	275.0	-63.0	0.0	96.0	
1501962535740	696626616588395	275.0	-63.0	0.0	96.0	
1501962535758	696626636729996	275.0	-63.0	0.0	96.0	
1501962535775	696626656871598	275.0	-62.22727966308594	0.0	96.0	
1501962535793	696626677013199	275.0	-62.0	0.0	96.0	
1501962535812	696626697154801	275.0	-62.0	0.0	96.0	
1501962535848	696626717296402	275.0	-62.0	0.0	96.0	
1501962535867	696626737438004	275.0	-62.0	0.0	96.0	
1501962535883	696626757579606	275.0	-62.0	0.0	96.0	
1501962535900	696626777721207	275.0	-62.0	0.0	96.0	
1501962535919	696626797862809	275.0	-62.0	0.0	96.0	
1501962535936	696626818004410	275.0	-62.0	0.0	96.0	
1501962535954	696626838146012	275.0	-62.0	0.0	96.0	
1501962535973	696626858287613	275.0	-62.0	0.0	96.0	
1501962536008	696626878429215	275.0	-62.0	0.0	96.0	
1501962536027	696626898570816	275.0	-62.0	0.0	96.0	
1501962536043	696626918712418	275.0	-62.0	0.0	96.0	
1501962536061	696626938854020	275.0	-62.0	0.0	96.0	
1501962536080	696626958995621	275.0	-62.0	0.0	96.0	
1501962536097	696626979137223	275.0	-62.0	0.0	96.0	
1501962536115	696626999278824	275.0	-62.0	0.0	96.0	
1501962536134	696627019420426	275.0	-62.0	0.0	96.0	
1501962536151	696627039562027	275.0	-62.0	0.0	96.0	
1501962536186	696627059703629	275.0	-62.0	0.0	96.0	
1501962536204	696627079845231	275.0	-62.0	0.0	96.0	
1501962536222	696627099986832	275.0	-62.0	0.0	96.0	
1501962536241	696627120128434	275.0	-62.0	0.0	96.0	
1501962536258	696627140270035	275.0	-62.0	0.0	96.0	
1501962536276	696627160411637	275.0	-62.0	0.0	96.0	
1501962536295	696627180553238	275.0	-62.0	0.0	96.0	
1501962536312	696627200694840	275.0	-62.0	0.0	96.0	
1501962536330	696627220836441	275.0	-62.0	0.0	96.0	
1501962536366	696627240978043	275.0	-61.98988342285156	0.0	96.0	
1501962536387	696627261119645	275.0	-61.0	0.0	96.0	
1501962536402	696627281261246	275.0	-61.0	0.0	96.0	
1501962536418	696627301402848	275.0	-61.0	0.0	96.0	
1501962536436	696627321544449	275.0	-61.0	0.0	96.0	
1501962536455	696627341686051	275.0	-61.0	0.0	96.0	
1501962536472	696627361827652	275.0	-61.0	0.0	96.0	
1501962536493	696627381969254	275.0	-61.0	0.0	96.0	
1501962536526	696627402110856	275.0	-61.0	0.0	96.0	
1501962536543	696627422252457	275.0	-61.0	0.0	96.0	
1501962536562	696627442394059	275.0	-61.0	0.0	96.0	
1501962536579	696627462535660	275.0	-61.0	0.0	96.0	
1501962536597	696627482677262	275.0	-61.0	0.0	96.0	
1501962536616	696627502818863	274.2918701171875	-61.0	0.0	96.0	
1501962536633	696627522960465	274.0	-61.0	0.0	96.0	
1501962536651	696627543102066	274.0	-61.0	0.0	96.0	
1501962536686	696627563243668	274.0	-61.0	0.0	96.0	
1501962536704	696627583385270	274.0	-61.0	0.0	96.0	
1501962536723	696627603526871	274.0	-61.0	0.0	96.0	
1501962536740	696627623668473	274.0	-61.0	0.0	96.0	
1501962536757	696627643810074	274.0	-60.30743408203125	0.0	96.0	
1501962536777	696627663951676	274.0	-60.0	0.0	96.0	
1501962536794	696627684093277	274.0	-60.0	0.0	96.0	
1501962536829	696627704234879	274.0	-60.0	0.0	96.0	
1501962536847	696627724376481	274.0	-60.0	0.0	96.0	
1501962536865	696627744518082	274.0	-60.0	0.0	96.0	
1501962536884	696627764659684	274.0	-60.0	0.0	96.0	
1501962536901	696627784801285	274.0	-60.0	0.0	96.0	
1501962536918	696627804942887	274.0	-60.0	0.0	96.0	
1501962536937	696627825084488	274.0	-60.0	0.0	96.0	
1501962536972	696627845226090	274.0986022949219	-60.0	0.0	96.0	
1501962536991	696627865367691	275.0	-60.0	0.0	96.0	
1501962537009	696627885509293	275.0	-60.0	0.0	96.0	
1501962537026	696627905650895	275.0	-60.0	0.0	96.0	
1501962537045	696627925792496	275.0	-60.0	0.0	96.0	
1501962537061	696627945934098	275.0	-60.0	0.0	96.0	
1501962537079	696627966075699	275.0	-60.0	0.0	96.0	
1501962537115	696627986217301	275.0	-60.0	0.0	96.0	
1501962537133	696628006358902	275.0	-60.0	0.0	96.0	
1501962537151	696628026500504	275.0	-60.0	0.0	96.0	
1501962537171	696628046642106	275.0	-60.0	0.0	96.0	
1501962537187	696628066783707	275.0	-60.0	0.0	96.0	
1501962537206	696628086925309	275.0	-60.0	0.0	96.0	
1501962537222	696628107066910	275.0	-60.0	0.0	96.0	
1501962537259	696628127208512	275.0	-60.0	0.0	96.0	
1501962537277	696628147350113	275.0	-60.0	0.0	96.0	
1501962537294	696628167491715	275.0	-60.0	0.0	96.0	
1501962537312	696628187633316	275.0	-60.0	0.0	96.0	
1501962537329	696628207774918	275.0	-60.0	0.0	96.0	
1501962537347	696628227916520	275.0	-60.0	0.0	96.0	
1501962537366	696628248058121	275.0	-60.0	0.0	96.0	
1501962537401	696628268199723	275.0	-60.0	0.0	96.0	
1501962537419	696628288341324	275.0	-59.87437438964844	0.0	96.0	
1501962537437	696628308482926	275.0	-59.0	0.0	96.0	
1501962537454	696628328624527	275.0	-59.0	0.0	96.0	
1501962537473	696628348766129	275.0	-59.0	0.0	96.0	
1501962537490	696628368907731	275.0	-59.0	0.0	96.0	
1501962537508	696628389049332	275.0	-59.0	0.0	96.0	
1501962537527	696628409190934	275.0	-59.0	0.0	96.0	
1501962537553	696628429332535	275.0	-59.0	0.0	96.0	
1501962537562	696628449474137	275.0	-59.0	0.0	96.0	
1501962537598	696628469615738	275.0	-59.0	0.0	96.0	
1501962537615	696628489757340	275.0	-59.0	0.0	96.0	
1501962537633	696628509898941	275.0	-59.0	0.0	96.0	
1501962537651	696628530040543	275.0	-59.0	0.0	96.0	
1501962537669	696628550182145	275.0	-59.0	0.0	96.0	
1501962537687	696628570323746	275.0	-59.0	0.0	96.0	
1501962537704	696628590465348	275.0	-59.0	0.0	96.0	
1501962537722	696628610606949	275.0	-59.0	0.0	96.0	
1501962537742	696628630748551	275.0	-59.0	0.0	96.0	
1501962537776	696628650890152	275.0	-59.0	0.0	96.0	
1501962537794	696628671031754	275.0	-59.0	0.1373443603515625	96.0	
1501962537811	696628691173356	275.0	-59.0	1.0	96.0	
1501962537829	696628711314957	275.0	-59.0	1.0	96.0	
1501962537851	696628731456559	275.0	-59.0	1.0	96.0	
1501962537865	696628751598160	275.0	-59.0	1.0	96.0	
1501962537883	696628771739762	275.0	-59.0	1.0	96.0	
1501962537904	696628791881363	275.0	-59.0	1.0	96.0	
1501962537919	696628812022965	275.0	-59.0	1.0	96.0	
1501962537955	696628832164566	275.0	-58.99143981933594	1.0	96.0	
1501962537972	696628852306168	275.0	-58.0	1.0	96.0	
1501962537991	696628872447770	275.0	-58.0	1.0	96.0	
1501962538009	696628892589371	275.0	-58.0	1.0	96.0	
1501962538026	696628912730973	275.0	-58.0	1.0	96.0	
1501962538043	696628932872574	275.0	-58.0	1.0	96.0	
1501962538063	696628953014176	275.0	-58.0	1.0	96.0	
1501962538080	696628973155777	275.0	-58.0	1.0	96.0	
1501962538115	696628993297379	275.0	-58.0	1.0	96.0	
1501962538133	696629013438981	275.0	-58.0	1.0	96.0	
1501962538151	696629033580582	275.0	-58.0	1.0	96.0	
1501962538170	696629053722184	275.0	-58.0	1.0	96.0	
1501962538187	696629073863785	275.0	-58.0	1.0	96.0	
1501962538205	696629094005387	275.0	-58.0	1.0	96.0	
1501962538224	696629114146988	275.0	-58.0	1.0	96.0	
1501962538240	696629134288590	275.0	-58.0	1.0	96.0	
1501962538277	696629154430191	275.0	-58.0	1.0	96.0	
1501962538294	696629174571793	275.0	-58.0	1.0	96.0	
1501962538311	696629194713395	275.0	-58.0	1.0	96.0	
1501962538330	696629214854996	275.0	-58.0	1.0	96.0	
1501962538347	696629234996598	275.0	-58.0	1.0	96.0	
1501962538366	696629255138199	275.0	-58.0	1.0	96.0	
1501962538383	696629275279801	275.0	-58.0	1.0	96.0	
1501962538419	696629295421402	275.0	-58.0	1.0	96.0	
1501962538437	696629315563004	275.0	-58.0	1.0	96.0	
1501962538454	696629335704606	275.0	-58.0	1.0	96.0	
1501962538472	696629355846207	275.0	-58.0	1.0	96.0	
1501962538491	696629375987809	275.0	-58.0	1.0	96.0	
1501962538508	696629396129410	275.0	-58.0	1.0	96.0	
1501962538527	696629416271012	275.0	-58.0	1.0	96.0	
1501962538549	696629436412613	275.0	-58.0	1.0	96.0	
1501962538579	696629456554215	275.0	-58.0	1.0	96.0	
1501962538598	696629476695816	275.0	-58.0	1.0	96.0	
1501962538615	696629496837418	275.0	-58.0	1.0	96.0	
1501962538633	696629516979020	275.0	-58.0	1.0	96.0	
1501962538653	696629537120621	275.0	-58.0	1.0	96.0	
1501962538669	696629557262223	275.0	-58.6934814453125	1.0	96.0	
1501962538688	696629577403824	275.0	-59.0	1.0	96.0	
1501962538707	696629597545426	275.0	-59.0	1.0	96.0	
1501962538740	696629617687027	275.0	-59.0	1.0	96.0	
1501962538759	696629637828629	275.0	-59.0	1.0	96.0	
1501962538776	696629657970231	275.0	-59.0	1.0	96.0	
1501962538794	696629678111832	275.0	-59.0	1.0	96.0	
1501962538811	696629698253434	275.0	-59.0	1.0	-1.0	
1501962538832	696629718395035	275.0	-59.0	1.0	-1.0	
1501962538847	696629738536637	275.0	-59.0	1.0	-1.0	
1501962538865	696629758678238	275.0	-59.0	1.0	-1.0	
1501962538900	696629778822766	275.0	-59.0	1.0	-1.0	
1501962538918	696629798964367	275.0	-59.0	1.0	-1.0	
1501962538936	696629819105969	275.0	-59.0	1.0	-1.0	
1501962538954	696629839247571	275.0	-59.0	1.0	-1.0	
1501962538972	696629859389172	275.0	-59.0	1.645538330078125	-1.0	
1501962538992	696629879530774	275.0	-59.77568054199219	2.0	-1.0	
1501962539008	696629899672375	275.0	-60.0	2.0	-1.0	
1501962539043	696629919813977	275.0	-60.0	2.0	-1.0	
1501962539061	696629939955578	275.0	-59.83390808105469	2.0	-1.0	
1501962539079	696629960097180	275.0	-59.0	2.0	-1.0	
1501962539097	696629980238782	275.0	-59.0	2.0	-1.0	
1501962539115	696630000380383	275.0	-59.0	2.0	-1.0	
1501962539135	696630020521985	275.0	-59.0	2.0	-1.0	
1501962539151	696630040663586	275.0	-59.0	2.0	-1.0	
1501962539168	696630060805188	275.0	-59.0	2.0	-1.0	
1501962539204	696630080946789	275.0	-59.07704162597656	2.0	-1.0	
1501962539222	696630101088391	275.0	-60.0	2.0	-1.0	
1501962539240	696630121229992	275.0	-60.0	2.0	-1.0	
1501962539258	696630141371594	275.46746826171875	-60.0	2.0	-1.0	
1501962539275	696630161513196	276.0	-60.0	2.0	-1.0	
1501962539293	696630181654797	276.0	-60.0	2.7277374267578125	-1.0	
1501962539311	696630201796399	276.0	-60.0	3.0	-1.0	
1501962539329	696630221938000	276.0	-60.0	3.0	-1.0	
1501962539365	696630242079602	276.0	-61.0	3.0	-1.0	
1501962539382	696630262221203	276.0	-61.0	3.0	-1.0	
1501962539401	696630282362805	276.0	-61.0	3.0	-1.0	
1501962539418	696630302504407	276.0	-61.0	3.0	-1.0	
1501962539436	696630322646008	276.0	-61.0	3.0	-1.0	
1501962539455	696630342787610	276.0	-61.0	3.0	-1.0	
1501962539472	696630362929211	276.0	-61.0	3.0	-1.0	
1501962539507	696630383070813	276.0	-61.0	3.0	-1.0	
1501962539525	696630403212414	276.0	-61.0	3.0	-1.0	
1501962539543	696630423354016	276.0	-61.0	3.0	-1.0	
1501962539561	696630443495617	276.0	-61.0	3.0	-1.0	
1501962539579	696630463637219	276.0	-61.0	3.0	-1.0	
1501962539597	696630483778821	276.0	-61.0	3.0	-1.0	
1501962539615	696630503920422	276.0	-61.0	3.0	-1.0	
1501962539632	696630524062024	276.0	-61.0	3.0	-1.0	
1501962539668	696630544203625	276.0	-61.0	3.0	-1.0	
1501962539686	696630564345227	276.0	-61.0	3.0	-1.0	
1501962539704	696630584486828	276.0	-61.0	3.0	-1.0	
1501962539722	696630604628430	276.0	-61.0	3.0	-1.0	
1501962539740	696630624770032	276.0	-61.0	3.0	-1.0	
1501962539757	696630644911633	276.0	-61.0	3.0	-1.0	
1501962539776	696630665053235	276.0	-61.0	3.0	-1.0	
1501962539794	696630685194836	276.0	-61.98115539550781	3.0	-1.0	
1501962539829	696630705336438	276.0	-62.0	3.0	-1.0	
1501962539847	696630725478039	276.0	-62.0	3.0	-1.0	
1501962539865	696630745619641	276.0	-62.0	3.0	-1.0	
1501962539883	696630765761242	276.0	-62.0	3.0	-1.0	
1501962539900	696630785902844	276.0	-62.0	3.0	-1.0	
1501962539919	696630806044446	276.0	-62.0	3.0	-1.0	
1501962539937	696630826186047	276.0	-62.0	3.0	-1.0	
1501962539972	696630846327649	276.0	-62.0	3.0	-1.0	
1501962539990	696630866469250	276.0	-62.0	3.0	-1.0	
1501962540008	696630886610852	276.0	-62.0	3.0	-1.0	
1501962540026	696630906752453	276.0	-62.0	3.0	-1.0	
1501962540044	696630926894055	276.0	-62.0	3.0	-1.0	
1501962540062	696630947035657	276.0	-62.0	3.0	-1.0	
1501962540079	696630967177258	276.0	-62.0	3.0	-1.0	
1501962540097	696630987318860	276.0	-62.0	3.0	-1.0	
1501962540133	696631007460461	276.0	-62.0	3.0	-1.0	
1501962540151	696631027602063	276.0	-62.0	3.0	-1.0	
1501962540168	696631047743664	276.0	-62.0	3.0	-1.0	
1501962540186	696631067885266	276.0	-62.0	3.0	-1.0	
1501962540205	696631088026867	276.0	-62.0	3.0	-1.0	
1501962540224	696631108168469	276.0	-62.71403503417969	3.0	-1.0	
1501962540240	696631128310071	276.0	-63.0	3.0	-1.0	
1501962540258	696631148451672	276.0	-63.0	3.0	-1.0	
1501962540293	696631168593274	276.0	-63.0	3.0	-1.0	
1501962540311	696631188734875	276.0	-63.0	3.0	-1.0	
1501962540329	696631208876477	276.0	-63.0	3.0	-1.0	
1501962540347	696631229018078	276.0	-63.0	3.0	-1.0	
1501962540365	696631249159680	276.0	-62.375	3.0	-1.0	
1501962540383	696631269301282	276.0	-62.0	3.0	-1.0	
1501962540401	696631289442883	276.0	-62.0	3.0	-1.0	
1501962540436	696631309584485	276.0	-62.0	3.0	-1.0	
1501962540454	696631329726086	276.0	-62.0	3.0	-1.0	
1501962540472	696631349867688	276.0	-62.0	3.0	-1.0	
1501962540490	696631370009289	276.0	-62.0	3.0	-1.0	
1501962540508	696631390150891	276.0	-62.0	3.0	-1.0	
1501962540531	696631410292492	276.0	-62.0	3.0	-1.0	
1501962540544	696631430434094	276.0	-62.0	3.0	-1.0	
1501962540561	696631450575696	276.0	-62.0	3.0	-1.0	
1501962540597	696631470717297	276.0	-62.0	3.0	-1.0	
1501962540615	696631490858899	276.0	-62.0	3.0	-1.0	
1501962540633	696631511000500	276.0	-62.0	3.0	-1.0	
1501962540651	696631531142102	276.0	-62.0	3.0	-1.0	
1501962540670	696631551283703	276.0	-62.0	3.0	-1.0	
1501962540687	696631571425305	276.0	-62.0	3.0	-1.0	
1501962540704	696631591566907	276.0	-62.0	3.0	-1.0	
1501962540722	696631611708508	276.0	-62.0	3.0	-1.0	
1501962540757	696631631850110	276.0	-62.0	3.0	-1.0	
1501962540776	696631651991711	275.77227783203125	-62.0	3.0	-1.0	
1501962540794	696631672133313	275.0	-61.64213562011719	3.0	-1.0	
1501962540812	696631692274914	275.0	-61.0	3.0	-1.0	
1501962540829	696631712416516	275.0	-61.0	3.0	-1.0	
1501962540848	696631732558117	275.0	-61.0	3.0	-1.0	
1501962540865	696631752699719	275.0	-61.0	3.0	-1.0	
1501962540901	696631772841321	275.0	-61.0	3.0	-1.0	
1501962540919	696631792982922	275.0	-61.0	3.0	-1.0	
1501962540936	696631813124524	275.0	-61.0	3.0	-1.0	
1501962540955	696631833266125	275.0	-61.0	3.0	-1.0	
1501962540973	696631853407727	275.0	-60.47090148925781	3.0	-1.0	
1501962540991	696631873549328	275.0	-60.0	3.0	-1.0	
1501962541008	696631893690930	275.0	-60.0	3.0	-1.0	
1501962541025	696631913832532	275.0	-60.0	3.0	-1.0	
1501962541061	696631933974133	275.0	-59.950347900390625	3.0	-1.0	
1501962541079	696631954115735	275.0	-59.0	3.0	-1.0	
1501962541099	696631974257336	275.0	-59.0	3.0	-1.0	
1501962541118	696631994398938	275.0	-59.0	3.0	-1.0	
1501962541133	696632014540539	275.0	-59.0	3.0	-1.0	
1501962541151	696632034682141	275.0	-59.0	3.0	-1.0	
1501962541169	696632054823742	275.0	-59.0	3.0	-1.0	
1501962541186	696632074965344	275.0	-59.0	3.0	-1.0	
1501962541222	696632095106946	275.0	-59.0	3.0	-1.0	
1501962541240	696632115248547	275.0	-59.0	3.0	-1.0	
1501962541258	696632135390149	275.0	-59.0	3.0	-1.0	
1501962541275	696632155531750	275.0	-59.0	3.0	-1.0	
1501962541293	696632175673352	275.0	-59.0	3.0	-1.0	
1501962541311	696632195814953	275.0	-59.0	3.0	-1.0	
1501962541329	696632215956555	275.0	-59.0	3.0	-1.0	
1501962541365	696632236098157	275.0	-59.0	3.0	-1.0	
1501962541383	696632256239758	275.0	-59.0	3.0	-1.0	
1501962541401	696632276381360	275.0	-59.0	3.0	-1.0	
1501962541419	696632296522961	275.0	-59.0	3.0	-1.0	
1501962541436	696632316664563	275.0	-59.0	3.0	-1.0	
1501962541454	696632336806164	275.0	-59.0	3.0	-1.0	
1501962541472	696632356947766	275.0	-59.0	3.0	-1.0	
1501962541490	696632377089367	275.0	-59.0	3.0	-1.0	
1501962541525	696632397230969	275.0	-59.0	3.0	-1.0	
1501962541544	696632417372571	275.0	-59.0	3.0	-1.0	
1501962541564	696632437514172	275.0	-59.0	3.0	-1.0	
1501962541579	696632457655774	275.0	-59.0	3.0	-1.0	
1501962541597	696632477797375	275.0	-59.0	3.0	-1.0	
1501962541615	696632497938977	275.0	-59.0	3.0	-1.0	
1501962541633	696632518080578	275.0	-59.0	3.0	-1.0	
1501962541655	696632538222180	274.0462341308594	-59.0	3.0	-1.0	
1501962541687	696632558363782	274.0	-59.0	3.0	-1.0	
1501962541704	696632578505383	274.0	-58.78596496582031	3.0	-1.0	
1501962541725	696632598646985	274.0	-58.0	3.0	-1.0	
1501962541740	696632618788586	274.0	-58.47430419921875	3.0	-1.0	
1501962541758	696632638930188	274.0	-59.0	3.0	-1.0	
1501962541775	696632659071789	274.0	-59.0	3.0	-1.0	
1501962541793	696632679213391	274.0	-58.135284423828125	3.0	-1.0	
1501962541812	696632699354992	274.0	-58.0	3.0	-1.0	
1501962541847	696632719496594	274.0	-58.0	3.0	-1.0	
1501962541873	696632739638196	274.0	-58.0	3.0	-1.0	
1501962541883	696632759779797	274.0	-58.0	3.0	-1.0	
1501962541901	696632779921399	273.484619140625	-58.0	3.0	-1.0	
1501962541919	696632800063000	273.0	-58.0	3.645538330078125	-1.0	
1501962541936	696632820204602	273.0	-58.0	4.0	-1.0	
1501962541954	696632840346203	273.0	-58.0	4.0	-1.0	
1501962541991	696632860487805	272.0	-58.0	4.0	-1.0	
1501962542012	696632880629407	272.0	-58.0	4.1660919189453125	-1.0	
1501962542026	696632900771008	272.0	-58.0	5.0	-1.0	
1501962542044	696632920912610	272.0	-58.0	5.0	-1.0	
1501962542062	696632941054211	271.4434814453125	-57.44349670410156	5.0	-1.0	
1501962542079	696632961195813	271.0	-57.0	5.0	-1.0	
1501962542097	696632981337414	271.0	-57.0	5.0	-1.0	
1501962542115	696633001479016	271.0	-57.0	5.0	-1.0	
1501962542151	696633021620617	271.0	-56.92295837402344	5.0	-1.0	
1501962542169	696633041762219	271.0	-56.0	5.0	-1.0	
1501962542187	696633061903821	271.0	-56.0	5.0	-1.0	
1501962542204	696633082045422	271.0	-56.0	5.0	-1.0	
1501962542222	696633102187024	271.0	-56.0	5.0	-1.0	
1501962542240	696633122328625	271.0	-56.0	5.0	-1.0	
1501962542258	696633142470227	271.0	-56.0	5.0	-1.0	
1501962542276	696633162611828	271.0	-56.0	5.0	-1.0	
1501962542312	696633182753430	271.0	-56.0	5.0	-1.0	
1501962542329	696633202895032	271.0	-56.0	5.0	-1.0	
1501962542348	696633223036633	271.0	-56.0	5.0	-1.0	
1501962542365	696633243178235	271.0	-56.0	5.0	-1.0	
1501962542383	696633263319836	271.0	-56.0	5.0	-1.0	
1501962542401	696633283461438	271.0	-56.0	5.0	-1.0	
1501962542418	696633303603039	271.0	-56.0	5.0	-1.0	
1501962542455	696633323744641	271.0	-56.0	5.0	-1.0	
1501962542472	696633343886242	271.0	-56.0	5.0	-1.0	
1501962542490	696633364027844	271.0	-56.0	5.0	-1.0	
1501962542508	696633384169446	271.0	-56.0	4.5804901123046875	-1.0	
1501962542525	696633404311047	271.0	-56.549652099609375	4.0	-1.0	
1501962542543	696633424452649	271.0	-57.0	4.0	-1.0	
1501962542562	696633444594250	271.0	-57.0	4.0	-1.0	
1501962542579	696633464735852	271.0	-56.0599365234375	4.0	-1.0	
1501962542615	696633484877453	271.0	-56.0	4.0	-1.0	
1501962542633	696633505019055	271.0	-56.0	4.0	-1.0	
1501962542651	696633525160657	271.0	-56.0	4.0	-1.0	
1501962542669	696633545302258	271.0	-56.0	4.0	-1.0	
1501962542686	696633565443860	271.0	-56.0	4.0	-1.0	
1501962542704	696633585585461	271.0	-56.0	4.0	-1.0	
1501962542722	696633605727063	271.0	-56.0	4.0	-1.0	
1501962542742	696633625868664	271.0	-56.0	4.0	-1.0	
1501962542776	696633646010266	271.0	-56.0	4.0	-1.0	
1501962542794	696633666151867	271.0	-56.0	4.0	-1.0	
1501962542811	696633686293469	271.0	-56.0	4.0	-1.0	
1501962542829	696633706435071	271.0	-56.0	4.0	-1.0	
1501962542847	696633726576672	271.0	-56.0	4.0	-1.0	
1501962542865	696633746718274	271.0	-56.0	4.0	-1.0	
1501962542884	696633766859875	271.0	-56.0	4.0	-1.0	
1501962542919	696633787001477	271.0	-56.0	3.977752685546875	-1.0	
1501962542937	696633807143078	271.0	-56.0	3.0	-1.0	
1501962542955	696633827284680	271.0	-56.0	3.0	-1.0	
1501962542973	696633847426282	271.0	-56.0	3.0	-1.0	
1501962542992	696633867567883	271.0	-55.461669921875	3.0	-1.0	
1501962543008	696633887709485	271.0	-55.0	3.0	-1.0	
1501962543026	696633907851086	271.0	-55.0	3.0	-1.0	
1501962543044	696633927992688	271.0	-55.0	3.0	-1.0	
1501962543080	696633948134289	271.0	-55.0	4.0	-1.0	
1501962543097	696633968275891	271.0	-55.0	4.0	-1.0	
1501962543115	696633988417492	271.0	-55.0	4.0	-1.0	
1501962543133	696634008559094	271.0	-55.0	4.0	-1.0	
1501962543151	696634028700696	271.0	-55.0	4.0	-1.0	
1501962543169	696634048842297	270.3407287597656	-55.0	3.340728759765625	-1.0	
1501962543187	696634068983899	270.0	-55.0	3.0	-1.0	
1501962543205	696634089125500	269.09197998046875	-55.0	3.0	-1.0	
1501962543240	696634109267102	269.0	-55.0	3.0	-1.0	
1501962543258	696634129408703	269.0	-55.0	3.0	-1.0	
1501962543276	696634149550305	269.0	-55.0	3.0	-1.0	
1501962543294	696634169691907	268.59454345703125	-55.0	3.0	-1.0	
1501962543312	696634189833508	267.47021484375	-55.0	3.0	-1.0	
1501962543331	696634209975110	266.3447265625	-55.0	3.0	-1.0	
1501962543347	696634230116711	266.0	-54.21977233886719	3.0	-1.0	
1501962543365	696634250258313	266.0	-54.0	2.0954132080078125	-1.0	
1501962543401	696634270399914	265.9710693359375	-53.0	2.0	-1.0	
1501962543419	696634290541516	265.0	-52.8466796875	2.0	-1.0	
1501962543436	696634310683117	265.0	-51.722320556640625	2.0	-1.0	
1501962543455	696634330824719	265.0	-50.59796142578125	2.0	-1.0	
1501962543475	696634350966321	265.0	-50.0	2.0	-1.0	
1501962543490	696634371107922	265.0	-49.3492431640625	2.0	-1.0	
1501962543508	696634391249524	265.0	-48.224884033203125	2.0	-1.0	
1501962543526	696634411391125	265.0	-48.0	2.0	-1.0	
1501962543562	696634431532727	265.0	-48.0	2.0	-1.0	
1501962543580	696634451674328	265.0	-48.0	2.0	-1.0	
1501962543597	696634471815930	265.0	-48.0	2.0	-1.0	
1501962543615	696634491957532	265.0	-48.0	2.0	-1.0	
1501962543633	696634512099133	265.0	-48.0	2.0	-1.0	
1501962543651	696634532240735	265.6473388671875	-48.0	2.0	-1.0	
1501962543669	696634552382336	266.0	-48.0	2.0	-1.0	
1501962543687	696634572523938	266.0	-48.0	2.0	-1.0	
1501962543722	696634592665539	266.0	-48.02043151855469	2.0	-1.0	
1501962543741	696634612807141	266.0	-49.0	2.0	-1.0	
1501962543758	696634632948742	266.0	-49.0	2.0	-1.0	
1501962543784	696634653090344	266.0	-49.0	2.0	-1.0	
1501962543794	696634673231946	266.0	-49.0	2.0	-1.0	
1501962543812	696634693373547	266.6433410644531	-49.0	2.0	-1.0	
1501962543830	696634713515149	267.0	-49.0	2.0	-1.0	
1501962543847	696634733656750	267.0	-49.0	2.0	-1.0	
1501962543883	696634753798352	267.0	-49.0	2.0	-1.0	
1501962543901	696634773939953	267.0	-49.0	2.0	-1.0	
1501962543919	696634794081555	267.0	-49.0	2.0	-1.0	
1501962543937	696634814223157	267.0	-49.0	2.0	-1.0	
1501962543955	696634834364758	267.51446533203125	-49.0	2.0	-1.0	
1501962543972	696634854506360	268.0	-49.0	2.0	-1.0	
1501962543991	696634874647961	268.0	-49.0	2.0	-1.0	
1501962544008	696634894789563	268.0	-49.0	2.0	-1.0	
1501962544044	696634914931164	268.0	-50.0	2.0	-1.0	
1501962544062	696634935072766	268.0	-50.0	2.0	-1.0	
1501962544080	696634955214367	268.2623291015625	-50.0	2.0	-1.0	
1501962544098	696634975355969	269.0	-50.0	2.0	-1.0	
1501962544116	696634995497571	269.0	-50.0	2.0	-1.0	
1501962544133	696635015639172	269.0	-50.0	2.0	-1.0	
1501962544151	696635035780774	269.0	-50.0	2.0	-1.0	
1501962544169	696635055922375	269.0	-50.0	2.8841552734375	-1.0	
1501962544206	696635076063977	269.0085144042969	-51.0	3.0	-1.0	
1501962544223	696635096205578	270.0	-51.0	3.0	-1.0	
1501962544241	696635116347180	270.0	-51.0	3.0	-1.0	
1501962544258	696635136488782	270.0	-51.381591796875	3.0	-1.0	
1501962544276	696635156630383	270.5059509277344	-52.0	3.0	-1.0	
1501962544294	696635176771985	271.0	-52.0	3.0	-1.0	
1501962544312	696635196913586	271.0	-52.0	3.0	-1.0	
1501962544330	696635217055188	271.0	-52.8807373046875	3.0	-1.0	
1501962544366	696635237196789	271.0050964355469	-53.0	3.0	-1.0	
1501962544383	696635257338391	272.0	-53.0	3.0	-1.0	
1501962544401	696635277479992	272.0	-53.0	3.0	-1.0	
1501962544419	696635297621594	272.0	-53.0	3.0	-1.0	
1501962544437	696635317763196	272.0	-53.50254821777344	3.0	-1.0	
1501962544454	696635337904797	272.0	-54.0	3.0	-1.0	
1501962544472	696635358046399	272.75128173828125	-54.0	3.0	-1.0	
1501962544491	696635378188000	273.0	-54.0	3.0	-1.0	
1501962544509	696635398329602	273.0	-54.0	3.0	-1.0	
1501962544544	696635418471203	273.0	-54.12605285644531	3.0	-1.0	
1501962544562	696635438612805	273.0	-55.0	3.0	-1.0	
1501962544579	696635458754407	273.0	-55.0	3.0	-1.0	
1501962544598	696635478896008	273.4991455078125	-55.0	3.0	-1.0	
1501962544616	696635499037610	274.0	-55.0	3.0	-1.0	
1501962544633	696635519179211	274.0	-55.74786376953125	3.0	-1.0	
1501962544652	696635539320813	274.0	-56.0	3.0	-1.0	
1501962544672	696635559462414	274.0	-56.0	3.0	-1.0	
1501962544704	696635579604016	274.0	-57.0	3.0	-1.0	
1501962544723	696635599745617	274.0	-57.0	3.0	-1.0	
1501962544742	696635619887219	274.0	-57.0	3.0	-1.0	
1501962544762	696635640028821	274.0	-57.0	3.0	-1.0	
1501962544777	696635660170422	274.0	-56.38055419921875	3.0	-1.0	
1501962544794	696635680312024	274.74444580078125	-56.0	3.7444610595703125	-1.0	
1501962544813	696635700453625	275.0	-56.0	4.0	-1.0	
1501962544832	696635720595227	275.0	-56.0	4.0	-1.0	
1501962544866	696635740736828	275.0	-56.0	4.0	-1.0	
1501962544894	696635760878430	275.0	-56.24189758300781	4.0	-1.0	
1501962544901	696635781020032	275.0	-57.0	4.0	-1.0	
1501962544920	696635801161633	275.0	-57.0	4.0	-1.0	
1501962544936	696635821303235	275.0	-56.385009765625	4.0	-1.0	
1501962544954	696635841444836	275.0	-56.0	4.0	-1.0	
1501962544974	696635861586438	275.0	-56.86370849609375	4.0	-1.0	
1501962544992	696635881728039	275.0	-57.0	4.0	-1.0	
1501962545030	696635901869641	275.1141357421875	-57.0	4.1141357421875	-1.0	
1501962545045	696635922011242	276.0	-57.0	5.0	-1.0	
1501962545063	696635942152844	276.0	-57.0	5.0	-1.0	
1501962545081	696635962294446	276.0	-57.0	5.0	-1.0	
1501962545098	696635982436047	276.0	-57.0	5.0	-1.0	
1501962545116	696636002577649	276.0	-57.0	5.0	-1.0	
1501962545143	696636022719250	276.0	-57.0	5.0	-1.0	
1501962545154	696636042860852	276.0	-57.0	5.0	-1.0	
1501962545187	696636063002453	276.0	-57.0	5.0	-1.0	
1501962545205	696636083144055	276.0	-57.0	5.0	-1.0	
1501962545222	696636103285657	276.0	-57.0	5.0	-1.0	
1501962545241	696636123427258	276.0	-57.48210144042969	5.0	-1.0	
1501962545258	696636143568860	276.0	-58.0	5.0	-1.0	
1501962545276	696636163710461	276.0	-58.0	5.0	-1.0	
1501962545296	696636183852063	276.0	-58.0	5.0	-1.0	
1501962545314	696636203993664	276.0	-58.0	5.0	-1.0	
1501962545350	696636224135266	276.0	-58.0	5.0	96.0	
1501962545367	696636244276867	276.0	-58.0	4.77001953125	96.0	
1501962545386	696636264418469	276.0	-58.0	4.0	96.0	
1501962545403	696636284560071	276.0	-58.0	4.0	96.0	
1501962545420	696636304701672	276.0	-58.0	4.0	96.0	
1501962545438	696636324843274	275.2725830078125	-58.7274169921875	4.0	96.0	
1501962545455	696636344984875	275.0	-59.0	3.148223876953125	96.0	
1501962545473	696636365126477	275.0	-59.0	3.0	96.0	
1501962545511	696636385268078	274.0	-60.0	2.897796630859375	96.0	
1501962545528	696636405409680	274.0	-60.0	2.0	96.0	
1501962545545	696636425551282	273.6490478515625	-60.0	1.6490631103515625	96.0	
1501962545566	696636445692883	273.0	-60.0	0.5247039794921875	96.0	
1501962545581	696636465834485	272.40032958984375	-60.0	0.0	96.0	
1501962545599	696636485976086	272.0	-60.0	-0.7240142822265625	96.0	
1501962545618	696636506117688	272.0	-60.0	-1.0	96.0	
1501962545635	696636526259289	272.0	-60.0	-1.0	96.0	
1501962545670	696636546400891	272.0	-60.0	-2.0	96.0	
1501962545689	696636566542492	272.0	-60.0	-2.2214508056640625	96.0	
1501962545706	696636586684094	272.0	-60.3458251953125	-3.0	96.0	
1501962545727	696636606825696	272.0	-61.0	-3.0	96.0	
1501962545741	696636626967297	272.0	-61.0	-3.0	96.0	
1501962545759	696636647108899	272.0	-61.0	-3.0	96.0	
1501962545781	696636667250500	272.0	-61.844970703125	-3.0	96.0	
1501962545795	696636687392102	272.0	-62.0	-3.0	96.0	
1501962545831	696636707533703	272.0	-62.0	-4.0	96.0	
1501962545851	696636727675305	272.0	-62.0	-4.0	96.0	
1501962545868	696636747816907	272.0	-62.0	-4.0	96.0	
1501962545892	696636767958508	272.0	-62.0	-4.0	96.0	
1501962545903	696636788100110	272.0	-62.0	-4.0	96.0	
1501962545920	696636808241711	272.0	-62.0	-4.0	96.0	
1501962545939	696636828383313	272.0	-62.0	-4.0	96.0	
1501962545956	696636848524914	272.0	-62.96421813964844	-4.0	96.0	
1501962545992	696636868666516	272.0	-63.0	-4.0	96.0	
1501962546010	696636888808117	272.21466064453125	-63.0	-4.0	96.0	
1501962546033	696636908949719	273.0	-63.0	-4.0	96.0	
1501962546050	696636929091321	273.0	-63.46336364746094	-4.0	96.0	
1501962546062	696636949232922	273.0	-63.41227722167969	-4.0	96.0	
1501962546080	696636969374524	273.0	-63.0	-4.0	96.0	
1501962546100	696636989516125	273.0	-63.0	-4.0	96.0	
1501962546116	696637009657727	273.0	-63.9608154296875	-4.0	96.0	
1501962546154	696637029799328	273.0	-64.0	-4.0	96.0	
1501962546170	696637049940930	273.0	-64.0	-4.0	96.0	
1501962546187	696637070082532	273.3338928222656	-64.0	-4.0	96.0	
1501962546212	696637090224133	274.0	-64.0	-4.0	96.0	
1501962546224	696637110365735	274.0	-64.0	-4.0	96.0	
1501962546241	696637130507336	274.0	-64.0	-3.29132080078125	96.0	
1501962546269	696637150648938	274.0	-63.166961669921875	-3.0	96.0	
1501962546277	696637170790539	274.0	-63.0	-3.0	96.0	
1501962546312	696637190932141	274.0817565917969	-63.0	-3.0	96.0	
1501962546332	696637211073742	275.0	-63.0	-3.0	96.0	
1501962546349	696637231215344	275.0	-63.0	-3.0	96.0	
1501962546368	696637251356946	275.0	-63.0	-3.0	96.0	
1501962546386	696637271498547	275.0	-63.0	-3.0	96.0	
1501962546402	696637291640149	275.0	-63.0	-3.0	96.0	
1501962546434	696637311781750	275.0	-63.0	-3.0	96.0	
1501962546443	696637331923352	275.0	-63.0	-3.0	96.0	
1501962546473	696637352064953	275.0	-63.0	-3.0	96.0	
1501962546491	696637372206555	275.0	-63.0	-3.0	96.0	
1501962546509	696637392348157	275.0	-63.0	-3.0	96.0	
1501962546529	696637412489758	275.0	-63.0	-2.54608154296875	96.0	
1501962546545	696637432631360	275.5802001953125	-63.0	-2.0	96.0	
1501962546595	696637452772961	276.0	-63.0	-2.0	96.0	
1501962546605	696637472914563	276.0	-63.0	-2.0	96.0	
1501962546611	696637493056164	276.0	-63.0	-2.0	96.0	
1501962546634	696637513197766	276.0	-62.91795349121094	-2.0	96.0	
1501962546652	696637533339367	276.2109680175781	-62.0	-1.789031982421875	96.0	
1501962546670	696637553480969	277.0	-62.0	-1.0	96.0	
1501962546689	696637573622571	277.0	-62.0	-1.0	96.0	
1501962546705	696637593764172	277.0	-61.39726257324219	-1.0	96.0	
1501962546723	696637613905774	277.0	-61.0	-1.0	96.0	
1501962546742	696637634047375	277.864501953125	-61.0	-1.0	96.0	
1501962546759	696637654188977	278.0	-61.0	-1.0	96.0	
1501962546796	696637674330578	278.0	-61.0	-1.0	96.0	
1501962546820	696637694472180	278.0	-61.0	-1.0	96.0	
1501962546831	696637714613782	278.0	-61.0	-1.0	96.0	
1501962546849	696637734755383	278.0	-61.0	-1.0	96.0	
1501962546866	696637754896985	278.0	-61.0	-1.0	96.0	
1501962546884	696637775038586	278.0	-61.0	-1.0	96.0	
1501962546902	696637795180188	278.0	-61.0	-1.0	96.0	
1501962546938	696637815321789	278.0	-61.0	-1.0	96.0	
1501962546966	696637835463391	278.0	-61.0	-1.0	96.0	
1501962546974	696637855604992	278.0	-61.0	-1.0	96.0	
1501962546992	696637875746594	278.0	-61.0	-1.0	96.0	
1501962547010	696637895888196	278.0	-61.0	-1.0	96.0	
1501962547027	696637916029797	278.0	-60.3082275390625	-1.0	96.0	
1501962547045	696637936171399	278.0	-60.0	-1.0	96.0	
1501962547063	696637956313000	278.0	-60.0	-1.0	96.0	
1501962547099	696637976454602	278.0	-60.0	-1.0	96.0	
1501962547118	696637996596203	278.0	-60.0	-1.0	96.0	
1501962547136	696638016737805	278.0	-60.0	-1.0	96.0	
1501962547152	696638036879407	278.0	-60.0	-1.0	96.0	
1501962547171	696638057021008	278.0	-60.0	-1.0	96.0	
1501962547188	696638077162610	277.26416015625	-60.0	-1.0	96.0	
1501962547206	696638097304211	277.0	-60.0	-1.0	96.0	
1501962547224	696638117445813	277.0	-60.0	-1.0	96.0	
1501962547259	696638137587414	277.0	-60.0	-1.0	96.0	
1501962547278	696638157729016	277.0	-60.0	-1.0	96.0	
1501962547295	696638177870617	277.0	-60.0	-1.0	96.0	
1501962547313	696638198012219	277.0	-60.0	-1.0	96.0	
1501962547332	696638218153821	277.0	-60.0	-1.0	96.0	
1501962547348	696638238295422	277.0	-60.77909851074219	-1.0	96.0	
1501962547366	696638258437024	277.0	-61.0	-1.0	96.0	
1501962547403	696638278578625	276.0	-61.0	-2.0	96.0	
1501962547420	696638298720227	276.0	-61.0	-2.0	96.0	
1501962547442	696638318861828	276.0	-61.0	-2.0	96.0	
1501962547456	696638339003430	276.0	-61.0	-2.0	96.0	
1501962547473	696638359145032	276.0	-61.0	-2.0	96.0	
1501962547492	696638379286633	276.0	-61.6934814453125	-2.6934814453125	96.0	
1501962547509	696638399428235	275.1763916015625	-62.0	-3.0	96.0	
1501962547527	696638419569836	275.0	-62.0	-3.0	96.0	
1501962547563	696638439711438	275.0	-62.0	-3.08404541015625	96.0	
1501962547581	696638459853039	275.0	-62.0	-4.0	96.0	
1501962547599	696638479994641	275.0	-62.0	-4.0	96.0	
1501962547616	696638500136242	275.0	-62.0	-4.47601318359375	96.0	
1501962547634	696638520277844	275.0	-62.0	-5.0	96.0	
1501962547653	696638540419446	275.0	-62.0	-5.0	96.0	
1501962547670	696638560561047	275.0	-62.0	-5.0	96.0	
1501962547692	696638580702649	275.0	-62.0	-5.0	96.0	
1501962547724	696638600844250	275.0	-62.0	-5.0	96.0	
