1504205141279	217693423774	268.0	0.0	0.0	-1.0	
1504205141298	217713565376	268.0	0.0	0.0	-1.0	
1504205141315	217733706977	268.0	0.0	0.0	-1.0	
1504205141332	217753848579	268.0	0.0	0.0	-1.0	
1504205141352	217773990181	268.0	0.0	0.0	-1.0	
1504205141368	217794131782	268.0	0.0	0.0	-1.0	
1504205141385	217814273384	268.0	0.0	0.0	-1.0	
1504205141403	217834414985	268.0	0.0	0.0	-1.0	
1504205141423	217854556587	268.0	0.0	0.0	-1.0	
1504205141438	217874698188	268.0	0.0	0.0	-1.0	
1504205141455	217894839790	268.0	0.0	0.0	-1.0	
1504205141491	217914981392	268.0	0.0	0.0	-1.0	
1504205141509	217935122993	268.0	0.0	0.0	-1.0	
1504205141527	217955264595	268.0	0.0	0.0	-1.0	
1504205141543	217975406196	268.0	0.0	0.0	-1.0	
1504205141562	217995547798	268.0	0.0	0.0	-1.0	
1504205141579	218015689399	268.0	0.0	0.0	-1.0	
1504205141597	218035831001	268.0	0.0	0.0	-1.0	
1504205141632	218055972602	268.0	0.0	0.0	-1.0	
1504205141649	218076114204	268.0	0.0	0.0	-1.0	
1504205141667	218096255806	268.0	0.0	0.0	-1.0	
1504205141688	218116397407	268.0	0.0	0.0	-1.0	
1504205141703	218136539009	268.0	0.0	0.0	-1.0	
1504205141721	218156680610	268.0	0.0	0.0	-1.0	
1504205141740	218176822212	268.0	0.0	0.0	-1.0	
1504205141774	218196963813	268.0	0.0	0.0	-1.0	
1504205141792	218217105415	268.0	0.0	0.0	-1.0	
1504205141809	218237247017	268.0	0.0	0.0	-1.0	
1504205141826	218257388618	268.0	0.0	0.0	-1.0	
1504205141845	218277530220	268.0	0.0	0.0	-1.0	
1504205141861	218297671821	268.0	0.0	0.0	-1.0	
1504205141896	218317813423	268.0	0.0	0.0	-1.0	
1504205141914	218337955024	268.0	0.0	0.0	-1.0	
1504205141932	218358096626	268.0	0.0	0.0	-1.0	
1504205141950	218378238227	268.0	0.0	0.0	-1.0	
1504205141967	218398379829	268.0	0.0	0.0	-1.0	
1504205141984	218418521431	268.0	0.0	0.0	-1.0	
1504205142002	218438663032	268.0	0.0	0.0	-1.0	
1504205142037	218458804634	268.0	0.0	0.0	-1.0	
1504205142055	218478946235	268.0	0.0	0.0	-1.0	
1504205142073	218499087837	268.0	0.0	0.0	-1.0	
1504205142091	218519229438	268.0	0.0	0.0	-1.0	
1504205142110	218539371040	268.0	0.0	0.0	-1.0	
1504205142126	218559512642	268.0	0.0	0.0	-1.0	
1504205142143	218579654243	268.0	0.0	0.0	-1.0	
1504205142179	218599795845	268.0	0.0	0.0	-1.0	
1504205142196	218619937446	268.0	0.0	0.0	-1.0	
1504205142215	218640079048	268.0	0.0	0.0	-1.0	
1504205142231	218660220649	268.0	0.0	0.0	-1.0	
1504205142249	218680362251	268.0	0.0	0.0	-1.0	
1504205142267	218700503852	268.0	0.0	0.0	-1.0	
1504205142284	218720645454	268.0	0.0	0.0	-1.0	
1504205142320	218740787056	268.0	0.0	0.0	-1.0	
1504205142337	218760928657	268.0	0.0	0.0	-1.0	
1504205142355	218781070259	268.0	0.0	0.0	-1.0	
1504205142373	218801211860	268.0	0.0	0.0	-1.0	
1504205142390	218821353462	268.0	0.0	0.0	-1.0	
1504205142408	218841495063	268.0	0.0	0.0	-1.0	
1504205142443	218861636665	268.0	0.0	0.0	-1.0	
1504205142461	218881778267	268.0	0.0	0.0	-1.0	
1504205142479	218901919868	268.0	0.0	0.0	-1.0	
1504205142498	218922061470	268.0	0.0	0.0	-1.0	
1504205142514	218942203071	268.0	0.0	0.0	-1.0	
1504205142532	218962344673	268.0	0.0	0.0	-1.0	
1504205142550	218982486274	268.0	0.0	0.0	-1.0	
1504205142584	219002627876	268.0	0.0	0.0	-1.0	
1504205142602	219022769477	268.0	0.0	0.0	-1.0	
1504205142619	219042911079	268.0	0.0	0.0	-1.0	
1504205142638	219063052681	268.0	0.0	0.0	-1.0	
1504205142655	219083194282	268.0	0.0	0.0	-1.0	
1504205142672	219103335884	268.0	0.0	0.0	-1.0	
1504205142694	219123477485	268.0	0.0	0.0	-1.0	
1504205142724	219143619087	268.0	0.0	0.0	-1.0	
1504205142742	219163760688	268.0	0.0	0.0	-1.0	
1504205142759	219183902290	268.0	0.0	0.0	-1.0	
1504205142778	219204043892	268.0	0.0	0.0	-1.0	
1504205142795	219224185493	268.0	0.0	0.0	-1.0	
1504205142813	219244327095	268.0	0.0	0.0	-1.0	
1504205142849	219264468696	268.0	0.0	0.0	-1.0	
1504205142866	219284610298	268.0	0.0	0.0	-1.0	
1504205142884	219304751899	268.0	0.0	0.0	-1.0	
1504205142903	219324893501	268.0	0.0	0.0	-1.0	
1504205142919	219345035102	268.0	0.0	0.0	-1.0	
1504205142936	219365176704	268.0	0.0	0.0	-1.0	
1504205142955	219385318306	268.0	0.0	0.0	-1.0	
1504205142989	219405459907	268.0	0.0	0.0	-1.0	
1504205143007	219425601509	268.0	0.0	0.0	-1.0	
1504205143024	219445743110	268.0	0.0	0.0	-1.0	
1504205143042	219465884712	268.0	0.0	0.0	-1.0	
1504205143059	219486026313	268.0	0.0	0.0	-1.0	
1504205143077	219506167915	268.0	0.0	0.0	-1.0	
1504205143094	219526309517	268.0	0.0	0.0	-1.0	
1504205143130	219546451118	268.0	0.0	0.0	-1.0	
1504205143148	219566592720	268.0	0.0	0.0	-1.0	
1504205143166	219586734321	268.0	0.0	0.0	-1.0	
1504205143183	219606875923	268.0	0.0	0.0	-1.0	
1504205143201	219627017524	268.0	0.0	0.0	-1.0	
1504205143219	219647159126	268.0	0.0	0.0	-1.0	
1504205143236	219667300727	268.0	0.0	0.0	-1.0	
1504205143253	219687442329	268.0	0.0	0.0	-1.0	
1504205143272	219707583931	268.0	0.0	0.0	-1.0	
1504205143289	219727725532	268.0	0.0	0.0	-1.0	
1504205143324	219747867134	268.0	0.0	0.0	-1.0	
1504205143342	219768008735	268.0	0.0	0.0	-1.0	
1504205143360	219788150337	268.0	0.0	0.0	-1.0	
1504205143378	219808291938	268.0	0.0	0.0	-1.0	
1504205143394	219828433540	268.0	0.0	0.0	-1.0	
1504205143412	219848575142	268.0	0.0	0.0	-1.0	
1504205143429	219868716743	268.0	0.0	0.0	-1.0	
1504205143464	219888858345	268.0	0.0	0.0	-1.0	
1504205143483	219908999946	268.0	0.0	0.0	-1.0	
1504205143500	219929141548	268.0	0.0	0.0	-1.0	
1504205143517	219949283149	268.0	0.0	0.0	-1.0	
1504205143536	219969424751	268.0	0.0	0.0	-1.0	
1504205143553	219989566352	268.0	0.0	0.0	-1.0	
1504205143571	220009707954	268.0	0.0	0.0	-1.0	
1504205143607	220029849556	268.0	0.0	0.0	-1.0	
1504205143625	220049991157	268.0	0.0	0.0	-1.0	
1504205143643	220070132759	268.0	0.0	0.0	-1.0	
1504205143659	220090274360	268.0	0.0	0.0	-1.0	
1504205143677	220110415962	268.0	0.0	0.0	-1.0	
1504205143695	220130557563	268.0	0.0	0.0	-1.0	
1504205143712	220150699165	268.0	0.0	0.0	-1.0	
1504205143747	220170840767	268.0	0.0	0.0	-1.0	
1504205143764	220190982368	268.0	0.0	0.0	-1.0	
1504205143782	220211123970	268.0	0.0	0.0	-1.0	
1504205143800	220231265571	268.0	0.0	0.0	-1.0	
1504205143817	220251407173	268.0	0.0	0.0	-1.0	
1504205143835	220271548774	268.0	0.0	0.0	-1.0	
1504205143870	220291690376	268.0	0.0	0.0	-1.0	
1504205143887	220311831977	268.0	0.0	0.0	-1.0	
1504205143906	220331973579	268.0	0.0	0.0	-1.0	
1504205143923	220352115181	268.0	0.0	0.0	-1.0	
1504205143940	220372256782	268.0	0.0	0.0	-1.0	
1504205143959	220392398384	268.0	0.0	0.0	-1.0	
1504205143976	220412539985	268.0	0.0	0.0	-1.0	
1504205144011	220432681587	268.0	0.0	0.0	-1.0	
1504205144029	220452823188	268.0	0.0	0.0	-1.0	
1504205144047	220472964790	268.0	0.0	0.0	-1.0	
1504205144065	220493106392	268.0	0.0	0.0	-1.0	
1504205144081	220513247993	268.0	0.0	0.0	-1.0	
1504205144099	220533389595	268.0	0.0	0.0	-1.0	
1504205144119	220553531196	268.0	0.0	0.0	-1.0	
1504205144152	220573672798	268.0	0.0	0.0	-1.0	
1504205144169	220593814399	268.0	0.0	0.0	-1.0	
1504205144190	220613956001	268.0	0.0	0.0	-1.0	
1504205144215	220634097602	268.0	0.0	0.0	-1.0	
1504205144223	220654239204	268.0	0.0	0.0	-1.0	
1504205144240	220674380806	268.0	0.0	0.0	-1.0	
1504205144275	220694522407	268.0	0.0	0.0	-1.0	
1504205144292	220714664009	268.0	0.0	0.0	-1.0	
1504205144310	220734805610	268.0	0.0	0.0	-1.0	
1504205144328	220754947212	268.0	0.0	0.0	-1.0	
1504205144345	220775088813	268.0	0.0	0.0	-1.0	
1504205144363	220795230415	268.0	0.0	0.0	-1.0	
1504205144382	220815372017	268.0	0.0	0.0	-1.0	
1504205144416	220835513618	268.0	0.0	0.0	-1.0	
1504205144434	220855655220	268.0	0.0	0.0	-1.0	
1504205144452	220875796821	268.0	0.0	0.0	-1.0	
1504205144470	220895938423	268.0	0.0	0.0	-1.0	
1504205144487	220916080024	268.0	0.0	0.0	-1.0	
1504205144505	220936221626	268.0	0.0	0.0	-1.0	
1504205144522	220956363227	268.0	0.0	0.0	-1.0	
1504205144557	220976504829	268.0	0.0	0.0	-1.0	
1504205144575	220996646431	268.0	0.0	0.0	-1.0	
1504205144592	221016788032	268.0	0.0	0.0	-1.0	
1504205144611	221036929634	268.0	0.0	0.0	-1.0	
1504205144627	221057071235	268.0	0.0	0.0	-1.0	
1504205144646	221077212837	268.0	0.0	0.0	-1.0	
1504205144681	221097354438	268.0	0.0	0.0	-1.0	
1504205144698	221117496040	268.0	0.0	0.0	-1.0	
1504205144716	221137637642	268.0	0.0	0.0	-1.0	
1504205144734	221157779243	268.0	0.0	0.0	-1.0	
1504205144752	221177920845	268.0	0.0	0.0	-1.0	
1504205144768	221198062446	268.0	0.0	0.0	-1.0	
1504205144787	221218204048	268.0	0.0	0.0	-1.0	
1504205144822	221238345649	268.0	0.0	0.0	-1.0	
1504205144839	221258487251	268.0	0.0	0.0	-1.0	
1504205144857	221278628852	268.38848876953125	0.0	0.0	-1.0	
1504205144875	221298770454	269.0	0.0	0.0	-1.0	
1504205144892	221318912056	269.0	0.0	0.0	-1.0	
1504205144910	221339053657	269.0	0.0	0.0	-1.0	
1504205144927	221359195259	269.0	0.0	0.0	-1.0	
1504205144963	221379336860	269.0	0.0	0.0	-1.0	
1504205144980	221399478462	269.0	0.0	0.0	-1.0	
1504205144998	221419620063	269.0	0.0	0.0	-1.0	
1504205145016	221439761665	269.0	0.0	0.0	-1.0	
1504205145033	221459903267	269.0	0.0	0.0	-1.0	
1504205145051	221480044868	269.0	0.0	0.0	-1.0	
1504205145086	221500186470	269.0	0.0	0.0	-1.0	
1504205145105	221520328071	269.0	0.0	0.0	-1.0	
1504205145122	221540469673	269.0	0.0	0.0	-1.0	
1504205145139	221560611274	269.0	0.0	0.0	-1.0	
1504205145157	221580752876	269.0	0.0	0.0	-1.0	
1504205145176	221600894477	269.0	0.0	0.0	-1.0	
1504205145192	221621036079	269.0	0.0	0.0	-1.0	
1504205145231	221641177681	269.0	0.0	0.0	-1.0	
1504205145245	221661319282	269.0	0.0	0.0	-1.0	
1504205145263	221681460884	269.0	0.0	0.0	-1.0	
1504205145285	221701602485	269.0	0.0	0.0	-1.0	
1504205145297	221721744087	269.0	0.0	0.0	-1.0	
1504205145315	221741885688	269.0	0.0	0.0	-1.0	
1504205145333	221762027290	269.0	0.0	0.0	-1.0	
1504205145353	221782168892	269.0	0.0	0.0	-1.0	
1504205145368	221802310493	269.0	0.0	0.0	-1.0	
1504205145391	221822452095	269.0	0.0	0.0	-1.0	
1504205145403	221842593696	269.0	0.0	0.0	-1.0	
1504205145438	221862735298	269.0	0.0	0.0	-1.0	
1504205145457	221882876899	269.0	0.0	0.0	-1.0	
1504205145474	221903018501	269.0	0.0	0.0	-1.0	
1504205145492	221923160102	269.0	0.0	0.0	-1.0	
1504205145509	221943301704	269.0	0.0	0.0	-1.0	
1504205145530	221963443306	269.0	0.0	0.0	-1.0	
1504205145544	221983584907	269.0	0.0	0.0	-1.0	
1504205145579	222003726509	269.0	0.0	0.0	-1.0	
1504205145597	222023868110	269.0	0.0	0.0	-1.0	
1504205145614	222044009712	269.0	0.0	0.0	-1.0	
1504205145632	222064151313	269.0	0.0	0.0	-1.0	
1504205145650	222084292915	269.0	0.0	0.0	-1.0	
1504205145670	222104434517	269.0	0.0	0.0	-1.0	
1504205145685	222124576118	269.0	0.0	0.0	-1.0	
1504205145720	222144717720	269.0	0.0	0.0	-1.0	
1504205145738	222164859321	269.0	0.0	0.0	-1.0	
1504205145755	222185000923	269.0	0.0	0.0	-1.0	
1504205145773	222205142524	269.0	0.0	0.0	-1.0	
1504205145790	222225284126	269.0	0.0	0.0	-1.0	
1504205145808	222245425727	269.0	0.0	0.0	-1.0	
1504205145826	222265567329	269.0	0.0	0.0	-1.0	
1504205145861	222285708931	269.0	0.0	0.0	-1.0	
1504205145879	222305850532	269.0	0.0	0.0	-1.0	
1504205145896	222325992134	269.0	0.0	0.0	-1.0	
1504205145915	222346133735	269.0	0.0	0.0	-1.0	
1504205145931	222366275337	269.0	0.0	0.0	-1.0	
1504205145949	222386416938	269.0	0.0	0.0	-1.0	
1504205145985	222406558540	269.0	0.0	0.0	-1.0	
1504205146002	222426700142	269.0	0.0	0.0	-1.0	
1504205146020	222446841743	269.0	0.0	0.0	-1.0	
1504205146037	222466983345	269.0	0.0	0.0	-1.0	
1504205146056	222487124946	269.0	0.0	0.0	-1.0	
1504205146073	222507266548	269.0	0.0	0.0	-1.0	
1504205146091	222527408149	269.0	0.0	0.0	-1.0	
1504205146127	222547549751	269.0	0.0	0.0	-1.0	
1504205146143	222567691352	269.0	0.0	0.0	-1.0	
1504205146161	222587832954	269.0	0.0	0.0	-1.0	
1504205146178	222607974556	269.0	0.0	0.0	-1.0	
1504205146196	222628116157	269.0	0.0	0.0	-1.0	
1504205146213	222648257759	269.0	0.0	0.0	-1.0	
1504205146234	222668399360	269.0	0.0	0.0	-1.0	
1504205146268	222688540962	269.0	0.0	0.0	-1.0	
1504205146284	222708682563	269.0	0.0	0.0	-1.0	
1504205146302	222728824165	269.0	0.0	0.0	-1.0	
1504205146322	222748965767	269.0	0.0	0.0	18.0	
1504205146341	222769107368	269.0	0.0	0.0	18.0	
1504205146356	222789248970	269.0	0.0	0.0	18.0	
1504205146391	222809390571	269.0	0.0	0.0	18.0	
1504205146409	222829532173	269.0	0.0	0.0	18.0	
1504205146431	222849673774	269.0	0.0	0.0	18.0	
1504205146444	222869815376	269.0	0.0	0.0	18.0	
1504205146462	222889956977	269.0	0.0	0.0	18.0	
1504205146481	222910098579	269.0	0.0	0.0	18.0	
1504205146497	222930240181	269.0	0.0	0.0	18.0	
1504205146532	222950381782	269.0	0.0	0.0	18.0	
1504205146549	222970523384	269.0	0.0	0.0	18.0	
1504205146567	222990664985	269.0	0.0	0.0	18.0	
1504205146585	223010806587	269.0	0.0	0.0	18.0	
1504205146605	223030948188	269.0	0.0	0.0	18.0	
1504205146621	223051089790	269.0	0.0	0.0	18.0	
1504205146643	223071231392	269.0	0.0	0.0	18.0	
1504205146673	223091372993	269.0	0.0	0.0	18.0	
1504205146690	223111514595	269.0	0.0	0.0	18.0	
1504205146708	223131656196	269.0	0.0	0.0	18.0	
1504205146725	223151797798	269.0	0.0	0.0	18.0	
1504205146743	223171939399	269.0	0.0	0.0	18.0	
1504205146762	223192081001	269.0	0.0	0.0	18.0	
1504205146796	223212222602	269.0	0.0	0.0	18.0	
1504205146814	223232364204	269.0	0.0	0.0	18.0	
1504205146831	223252505806	269.0	0.0	0.0	18.0	
1504205146850	223272647407	269.0	0.0	0.0	18.0	
1504205146869	223292789009	269.0	0.0	0.0	18.0	
1504205146886	223312930610	269.0	0.0	0.0	18.0	
1504205146902	223333072212	269.0	0.0	0.0	18.0	
1504205146938	223353213813	269.0	0.0	0.0	18.0	
1504205146955	223373355415	269.0	0.0	0.0	18.0	
1504205146972	223393497017	269.0	0.0	0.0	18.0	
1504205146991	223413638618	269.0	0.0	0.0	18.0	
1504205147008	223433780220	269.0	0.0	0.0	18.0	
1504205147027	223453921821	269.0	0.0	0.0	18.0	
1504205147043	223474063423	269.0	0.0	0.0	18.0	
1504205147078	223494205024	269.0	0.0	0.0	18.0	
1504205147096	223514346626	269.0	0.0	0.0	18.0	
1504205147114	223534488227	269.0	0.0	0.0	18.0	
1504205147131	223554629829	269.0	0.0	0.0	18.0	
1504205147149	223574771431	269.0	0.0	0.0	18.0	
1504205147167	223594913032	269.0	0.0	0.0	18.0	
1504205147187	223615054634	269.0	0.0	0.0	18.0	
1504205147219	223635196235	269.0	0.0	0.0	18.0	
1504205147238	223655337837	269.0	0.0	0.0	18.0	
1504205147255	223675479438	269.0	0.0	0.0	18.0	
1504205147272	223695621040	269.0	0.0	0.0	18.0	
1504205147290	223715762642	269.0	0.0	0.0	18.0	
1504205147308	223735904243	269.0	0.0	0.0	18.0	
1504205147328	223756045845	269.0	0.0	0.0	18.0	
1504205147360	223776187446	269.0	0.0	0.0	18.0	
1504205147378	223796329048	269.0	0.0	0.0	18.0	
1504205147396	223816470649	269.0	0.0	0.0	18.0	
1504205147413	223836612251	269.0	0.0	0.0	18.0	
1504205147431	223856753852	269.0	0.0	0.0	18.0	
1504205147450	223876895454	269.0	0.0	0.0	18.0	
1504205147466	223897037056	269.0	0.0	0.0	18.0	
1504205147484	223917178657	269.0	0.0	0.0	18.0	
1504205147519	223937320259	269.0	0.0	0.0	18.0	
1504205147537	223957461860	269.0	0.0	0.0	18.0	
1504205147554	223977603462	269.0	0.0	0.0	18.0	
1504205147572	223997745063	269.0	0.0	0.0	18.0	
1504205147590	224017886665	269.0	0.0	0.0	18.0	
1504205147611	224038028267	269.0	0.0	0.0	18.0	
1504205147628	224058169868	269.0	0.0	0.0	18.0	
1504205147662	224078311470	269.0	0.0	0.0	18.0	
1504205147677	224098453071	269.0	0.0	0.0	18.0	
1504205147695	224118594673	269.0	0.0	0.0	18.0	
1504205147712	224138736274	269.0	0.0	0.0	18.0	
1504205147733	224158877876	269.0	0.0	0.0	18.0	
1504205147748	224179019477	269.0	0.0	0.0	18.0	
1504205147766	224199161079	269.0	0.0	0.0	18.0	
1504205147783	224219302681	269.0	0.0	0.0	18.0	
1504205147819	224239444282	269.0	0.0	0.0	18.0	
1504205147836	224259585884	269.0	0.0	0.0	18.0	
1504205147854	224279727485	269.0	0.0	0.0	18.0	
1504205147873	224299869087	269.0	0.0	0.0	18.0	
1504205147889	224320010688	269.0	0.0	0.0	18.0	
1504205147908	224340152290	269.0	0.0	0.0	18.0	
1504205147927	224360293892	269.0	0.0	0.0	18.0	
1504205147960	224380435493	269.0	0.0	0.0	18.0	
1504205147977	224400577095	269.0	0.0	0.0	18.0	
1504205147994	224420718696	269.0	0.0	0.0	18.0	
1504205148013	224440860298	269.0	0.0	0.0	18.0	
1504205148031	224461001899	269.0	0.0	0.0	18.0	
1504205148047	224481143501	269.0	0.0	0.0	18.0	
1504205148065	224501285102	269.0	0.0	0.0	18.0	
1504205148082	224521426704	269.0	0.0	0.0	18.0	
1504205148122	224541568306	269.0	0.0	0.0	18.0	
1504205148137	224561709907	269.0	0.0	0.0	18.0	
1504205148153	224581851509	269.0	0.0	0.0	18.0	
1504205148178	224601993110	269.0	0.0	0.0	18.0	
1504205148190	224622134712	269.0	0.0	0.0	18.0	
1504205148206	224642276313	269.0	0.0	0.0	18.0	
1504205148225	224662417915	269.0	0.0	0.0	18.0	
1504205148259	224682559517	269.0	0.0	0.0	18.0	
1504205148277	224702701118	269.0	0.0	0.0	18.0	
1504205148296	224722842720	269.0	0.0	0.0	18.0	
1504205148312	224742984321	269.0	0.0	0.0	18.0	
1504205148329	224763125923	269.0	0.0	0.0	18.0	
1504205148357	224783267524	269.0	0.0	0.0	18.0	
1504205148367	224803409126	269.0	0.0	0.0	18.0	
1504205148402	224823550727	269.0	0.0	0.0	18.0	
1504205148418	224843692329	269.0	0.0	0.0	18.0	
1504205148435	224863833931	269.0	0.0	0.0	18.0	
1504205148454	224883975532	269.0	0.0	0.0	18.0	
1504205148471	224904117134	269.0	0.0	0.0	18.0	
1504205148488	224924258735	269.0	0.0	0.0	18.0	
1504205148506	224944400337	269.0	0.0	0.0	18.0	
1504205148541	224964541938	269.0	0.0	0.0	18.0	
1504205148560	224984683540	269.0	0.0	0.0	18.0	
1504205148576	225004825142	269.0	0.0	0.0	18.0	
1504205148594	225024966743	269.0	0.0	0.0	18.0	
1504205148613	225045108345	269.0	0.0	0.0	18.0	
1504205148629	225065249946	269.0	0.0	0.0	18.0	
1504205148664	225085391548	269.0	0.0	0.0	18.0	
1504205148682	225105533149	269.0	0.0	0.0	18.0	
1504205148699	225125674751	269.0	0.0	0.0	18.0	
1504205148718	225145816352	269.0	0.0	0.0	18.0	
1504205148734	225165957954	269.0	0.0	0.0	18.0	
1504205148752	225186099556	269.0	0.0	0.0	18.0	
1504205148770	225206241157	269.0	0.0	0.0	18.0	
1504205148805	225226382759	269.0	0.0	0.0	18.0	
1504205148824	225246524360	269.0	0.0	0.0	18.0	
1504205148840	225266665962	269.0	0.0	0.0	18.0	
1504205148859	225286807563	269.0	0.0	0.0	18.0	
1504205148878	225306949165	269.0	0.0	0.0	18.0	
1504205148894	225327090767	269.0	0.0	0.0	18.0	
1504205148912	225347232368	269.0	0.0	0.0	18.0	
1504205148946	225367373970	269.0	0.0	0.0	18.0	
1504205148964	225387515571	269.0	0.0	0.0	18.0	
1504205148983	225407657173	269.0	0.0	0.0	18.0	
1504205148999	225427798774	269.0	0.0	0.0	18.0	
1504205149017	225447940376	269.0	0.0	0.0	18.0	
1504205149036	225468081977	269.0	0.0	0.0	18.0	
1504205149070	225488223579	269.0	0.0	0.0	18.0	
1504205149087	225508365181	269.0	0.0	0.0	18.0	
1504205149105	225528506782	269.0	0.0	0.0	18.0	
1504205149123	225548648384	269.0	0.0	0.0	18.0	
1504205149142	225568789985	269.0	0.0	0.0	18.0	
1504205149158	225588931587	269.0	0.0	0.0	18.0	
1504205149176	225609073188	269.0	0.0	0.0	18.0	
1504205149211	225629214790	269.0	0.0	0.0	18.0	
1504205149228	225649356392	269.0	0.0	0.0	18.0	
1504205149247	225669497993	269.0	0.0	0.0	18.0	
1504205149264	225689639595	269.0	0.0	0.0	18.0	
1504205149281	225709781196	269.0	0.0	0.0	18.0	
1504205149300	225729922798	269.0	0.0	0.0	18.0	
1504205149334	225750064399	269.0	0.0	0.0	18.0	
1504205149352	225770206001	269.0	0.0	0.0	18.0	
1504205149369	225790347602	269.0	0.0	0.0	18.0	
1504205149387	225810489204	269.0	0.0	0.0	18.0	
1504205149406	225830630806	269.0	0.0	0.0	18.0	
1504205149422	225850772407	269.0	0.0	0.0	18.0	
1504205149440	225870914009	269.0	0.0	0.0	18.0	
1504205149475	225891055610	269.0	0.0	0.0	18.0	
1504205149493	225911197212	269.0	0.0	0.0	18.0	
1504205149510	225931338813	269.0	0.0	0.0	18.0	
1504205149528	225951480415	269.0	0.0	0.0	18.0	
1504205149546	225971622017	269.0	0.0	0.0	18.0	
1504205149565	225991763618	269.0	0.0	0.0	18.0	
1504205149581	226011905220	269.0	0.0	0.0	18.0	
1504205149619	226032046821	269.0	0.0	0.0	18.0	
1504205149634	226052188423	269.0	0.0	0.0	18.0	
1504205149651	226072330024	269.0	0.0	0.0	18.0	
1504205149677	226092471626	269.0	0.0	0.0	18.0	
1504205149691	226112613227	269.0	0.0	0.0	18.0	
1504205149704	226132754829	269.0	0.0	0.0	18.0	
1504205149740	226152896431	269.0	0.0	0.0	18.0	
1504205149756	226173038032	269.0	0.0	0.0	18.0	
1504205149774	226193179634	269.0	0.0	0.0	18.0	
1504205149792	226213321235	269.0	0.0	0.0	18.0	
1504205149810	226233462837	269.0	0.0	0.0	18.0	
1504205149829	226253604438	269.0	0.0	0.0	18.0	
1504205149845	226273746040	269.0	0.0	0.0	18.0	
1504205149882	226293887642	269.0	0.0	0.0	18.0	
1504205149898	226314029243	269.0	0.0	0.0	18.0	
1504205149916	226334170845	269.0	0.0	0.0	18.0	
1504205149933	226354312446	269.0	0.0	0.0	18.0	
1504205149951	226374454048	269.0	0.0	0.0	18.0	
1504205149970	226394595649	269.0	0.0	0.0	18.0	
1504205149987	226414737251	269.0	0.0	0.0	18.0	
1504205150021	226434878852	269.0	0.0	0.0	18.0	
1504205150040	226455020454	269.0	0.0	0.0	18.0	
1504205150057	226475162056	269.0	0.0	0.0	18.0	
1504205150074	226495303657	269.0	0.0	0.0	18.0	
1504205150092	226515445259	268.44830322265625	0.0	0.0	18.0	
1504205150110	226535586860	268.0	0.0	0.0	18.0	
1504205150127	226555728462	268.0	0.0	0.0	18.0	
1504205150146	226575870063	268.0	0.0	0.0	18.0	
1504205150180	226596011665	268.0	0.0	0.0	18.0	
1504205150197	226616153267	268.0	0.0	0.0	18.0	
1504205150215	226636294868	268.0	0.0	0.0	18.0	
1504205150233	226656432531	268.0	0.0	0.0	18.0	
1504205150252	226676574132	268.0	0.0	0.0	18.0	
1504205150268	226696715734	268.0	0.0	0.0	18.0	
1504205150286	226716857335	268.0	0.0	0.0	18.0	
1504205150321	226736998937	268.0	0.0	0.0	18.0	
1504205150343	226757140538	268.0	0.0	0.0	18.0	
1504205150357	226777282140	268.0	0.0	0.0	18.0	
1504205150374	226797423742	268.0	0.0	0.0	18.0	
1504205150391	226817565343	268.0	0.0	0.0	18.0	
1504205150410	226837706945	268.0	0.0	0.0	18.0	
1504205150427	226857848546	268.0	0.0	0.0	18.0	
1504205150464	226877990148	268.0	0.0	0.0	18.0	
1504205150479	226898131749	268.0	0.0	0.0	18.0	
1504205150497	226918273351	268.0	0.0	0.0	18.0	
1504205150515	226938414953	268.0	0.0	0.0	18.0	
1504205150532	226958556554	268.0	0.0	0.0	18.0	
1504205150550	226978698156	268.0	0.0	0.0	18.0	
1504205150569	226998839757	268.0	0.0	0.0	18.0	
1504205150585	227018981359	268.0	0.0	0.0	18.0	
1504205150623	227039122960	268.0	0.0	0.0	18.0	
1504205150638	227059264562	268.0	0.0	0.0	18.0	
1504205150657	227079406163	268.0	0.0	0.0	18.0	
1504205150673	227099547765	268.0	0.0	0.0	18.0	
1504205150692	227119689367	268.0	0.0	0.0	18.0	
1504205150713	227139830968	268.0	0.0	0.0	18.0	
1504205150739	227159972570	268.0	0.0	0.0	18.0	
1504205150761	227180114171	268.0	0.0	0.0	18.0	
1504205150781	227200255773	268.0	0.0	0.0	18.0	
1504205150797	227220397374	268.0	0.0	0.0	18.0	
1504205150814	227240538976	268.0	0.0	0.0	18.0	
1504205150833	227260680578	268.0	0.0	0.0	18.0	
1504205150849	227280822179	268.0	0.0	0.0	18.0	
1504205150867	227300963781	268.0	0.0	0.0	18.0	
1504205150902	227321105382	268.0	0.0	0.0	18.0	
1504205150920	227341246984	268.0	0.0	0.0	18.0	
1504205150937	227361388585	268.0	0.0	0.0	18.0	
1504205150955	227381530187	268.0	0.0	0.0	18.0	
1504205150973	227401671788	268.0	0.0	0.0	18.0	
1504205150991	227421813390	268.0	0.0	0.0	18.0	
1504205151008	227441954992	268.0	0.0	0.0	18.0	
1504205151044	227462096593	268.0	0.0	0.0	18.0	
1504205151062	227482238195	268.0	0.0	0.0	18.0	
1504205151080	227502379796	268.0	0.0	0.0	18.0	
1504205151096	227522521398	268.0	0.0	0.0	18.0	
1504205151114	227542662999	268.0	0.0	0.0	18.0	
1504205151132	227562804601	268.0	0.0	0.0	18.0	
1504205151152	227582946203	268.0	0.0	0.0	18.0	
1504205151168	227603087804	268.0	0.0	0.0	18.0	
1504205151204	227623229406	268.0	0.0	0.0	18.0	
1504205151226	227643371007	268.0	0.0	0.0	18.0	
1504205151250	227663512609	268.0	0.0	0.0	18.0	
1504205151282	227683654210	268.0	0.0	0.0	18.0	
1504205151309	227703795812	268.0	0.0	0.0	18.0	
1504205151329	227723937413	268.0	0.0	0.0	18.0	
1504205151348	227744079015	268.0	0.0	0.0	18.0	
1504205151365	227764220617	268.0	0.0	0.0	18.0	
1504205151382	227784362218	268.0	0.0	0.0	18.0	
1504205151394	227804503820	268.0	0.0	0.0	18.0	
1504205151405	227824645421	268.0	0.0	0.0	18.0	
1504205151417	227844787023	268.0	0.0	0.0	18.0	
1504205151432	227864928624	268.0	0.0	0.0	18.0	
1504205151451	227885070226	268.0	0.0	0.0	18.0	
1504205151484	227905211828	268.0	0.0	0.0	18.0	
1504205151504	227925353429	268.0	0.0	0.0	18.0	
1504205151521	227945495031	268.0	0.0	0.0	18.0	
1504205151539	227965636632	268.0	0.0	0.0	18.0	
1504205151554	227985778234	268.0	0.0	0.0	18.0	
1504205151575	228005919835	268.0	0.0	0.0	18.0	
1504205151591	228026061437	268.0	0.0	0.0	18.0	
1504205151627	228046203038	268.0	0.0	0.0	18.0	
1504205151656	228066344640	268.0	0.0	0.0	18.0	
1504205151681	228086486242	268.0	0.0	0.0	18.0	
1504205151703	228106627843	268.0	0.0	0.0	18.0	
1504205151723	228126769445	268.0	0.0	0.0	18.0	
1504205151747	228146911046	268.0	0.0	0.0	18.0	
1504205151758	228167052648	268.0	0.0	0.0	18.0	
1504205151765	228187194249	268.0	0.0	0.0	18.0	
1504205151784	228207335851	268.0	0.0	0.0	18.0	
1504205151808	228227477453	268.0	0.0	0.0	18.0	
1504205151823	228247619054	268.0	0.0	0.0	18.0	
1504205151841	228267760656	268.0	0.0	0.0	18.0	
1504205151854	228287902257	268.0	0.0	0.0	18.0	
1504205151875	228308043859	268.0	0.0	0.0	18.0	
1504205151891	228328185460	268.0	0.0	0.0	18.0	
1504205151924	228348327062	268.0	0.0	0.0	18.0	
1504205151942	228368468663	268.0	0.0	0.0	18.0	
1504205151967	228388610265	268.0	0.0	0.0	18.0	
1504205151979	228408751867	268.0	0.0	0.0	18.0	
1504205151998	228428893468	268.0	0.0	0.0	18.0	
1504205152014	228449035070	268.0	0.0	0.0	18.0	
1504205152034	228469176671	268.0	0.0	0.0	18.0	
1504205152069	228489318273	268.0	0.0	0.0	18.0	
1504205152086	228509459874	268.0	0.0	0.0	18.0	
1504205152104	228529601476	268.0	0.0	0.0	18.0	
1504205152119	228549743078	268.0	0.0	0.0	18.0	
1504205152138	228569884679	268.0	0.0	0.0	18.0	
1504205152156	228590026281	268.0	0.0	0.0	18.0	
1504205152172	228610167882	268.0	0.0	0.0	18.0	
1504205152214	228630309484	268.0	0.0	0.0	18.0	
1504205152227	228650451085	268.0	0.0	0.0	18.0	
1504205152253	228670592687	268.0	0.0	0.0	18.0	
1504205152276	228690734288	268.0	0.0	0.0	18.0	
1504205152287	228710875890	268.0	0.0	0.0	18.0	
1504205152298	228731017492	268.0	0.0	0.0	18.0	
1504205152333	228751159093	268.0	0.0	0.0	18.0	
1504205152348	228771300695	268.0	0.0	0.0	18.0	
1504205152367	228791442296	268.0	0.0	0.0	18.0	
1504205152383	228811583898	268.0	0.0	0.0	18.0	
1504205152401	228831725499	268.0	0.0	0.0	18.0	
1504205152420	228851867101	268.0	0.0	0.0	18.0	
1504205152437	228872008703	268.0	0.0	0.0	18.0	
1504205152472	228892150304	268.0	0.0	0.0	18.0	
1504205152490	228912291906	268.0	0.0	0.0	18.0	
1504205152508	228932433507	268.0	0.0	0.0	18.0	
1504205152528	228952575109	268.0	0.0	0.0	18.0	
1504205152544	228972716710	268.0	0.0	0.0	18.0	
1504205152561	228992858312	268.0	0.0	0.0	18.0	
1504205152596	229012999913	268.0	0.0	0.0	18.0	
1504205152613	229033141515	268.0	0.0	0.0	18.0	
1504205152634	229053283117	268.0	0.0	0.0	18.0	
1504205152654	229073424718	268.0	0.0	0.0	18.0	
1504205152666	229093566320	268.0	0.0	0.0	18.0	
1504205152688	229113707921	268.0	0.0	0.0	18.0	
1504205152719	229133849523	268.0	0.0	0.0	18.0	
1504205152739	229153991124	268.0	0.0	0.0	18.0	
1504205152757	229174132726	268.0	0.0	0.0	18.0	
1504205152771	229194274328	268.0	0.0	0.0	18.0	
1504205152792	229214415929	268.0	0.0	0.0	18.0	
1504205152811	229234557531	268.0	0.0	0.0	18.0	
1504205152824	229254699132	268.0	0.0	0.0	18.0	
1504205152863	229274840734	268.0	0.0	0.0	18.0	
1504205152877	229294982335	268.0	0.0	0.0	18.0	
1504205152895	229315123937	268.0	0.0	0.0	18.0	
1504205152912	229335265538	268.0	0.0	0.0	18.0	
1504205152930	229355407140	268.0	0.0	0.0	18.0	
1504205152948	229375548742	268.0	0.0	0.0	18.0	
1504205152982	229395690343	268.0	0.0	0.0	18.0	
1504205153002	229415831945	268.0	0.0	0.0	18.0	
1504205153018	229435973546	268.0	0.0	0.0	18.0	
1504205153035	229456115148	268.0	0.0	0.0	18.0	
1504205153054	229476256749	268.0	0.0	0.0	18.0	
1504205153070	229496398351	268.0	0.0	0.0	18.0	
1504205153088	229516539953	268.0	0.0	0.0	18.0	
1504205153124	229536681554	268.0	0.0	0.0	18.0	
1504205153141	229556823156	268.0	0.0	0.0	18.0	
1504205153159	229576964757	268.0	0.0	0.0	18.0	
1504205153177	229597106359	268.0	0.0	0.0	18.0	
1504205153194	229617247960	268.0	0.0	0.0	18.0	
1504205153224	229637389562	268.0	0.0	0.0	18.0	
1504205153242	229657531163	268.0	0.0	0.0	18.0	
1504205153253	229677672765	268.0	0.0	0.0	18.0	
1504205153283	229697814367	268.0	0.0	0.0	18.0	
1504205153304	229717955968	268.0	0.0	0.0	18.0	
1504205153318	229738097570	268.0	0.0	0.0	18.0	
1504205153335	229758239171	268.0	0.0	0.0	18.0	
1504205153354	229778380773	268.0	0.0	0.0	18.0	
1504205153375	229798522374	268.0	0.0	0.0	18.0	
1504205153394	229818663976	268.0	0.0	0.0	18.0	
1504205153426	229838805578	268.0	0.0	0.0	18.0	
1504205153445	229858947179	268.0	0.0	0.0	18.0	
1504205153474	229879088781	268.0	0.0	0.0	18.0	
1504205153506	229899230382	268.0	0.0	0.0	18.0	
1504205153535	229919371984	268.0	0.0	0.0	18.0	
1504205153544	229939513585	268.0	0.0	0.0	18.0	
1504205153562	229959655187	268.0	0.0	0.0	18.0	
1504205153579	229979796788	268.0	0.0	0.0	18.0	
1504205153593	229999938390	268.0	0.0	0.0	18.0	
1504205153620	230020079992	268.0	0.0	0.0	18.0	
1504205153648	230040221593	268.0	0.0	0.0	18.0	
1504205153664	230060363195	268.0	0.0	0.0	18.0	
1504205153678	230080504796	268.0	0.0	0.0	18.0	
1504205153687	230100646398	268.0	0.0	0.0	18.0	
1504205153708	230120787999	268.0	0.0	0.0	18.0	
1504205153724	230140929601	268.0	0.0	0.0	18.0	
1504205153745	230161071203	268.0	0.0	0.0	18.0	
1504205153761	230181212804	268.0	0.0	0.0	18.0	
1504205153794	230201354406	268.0	0.0	0.0	18.0	
1504205153822	230221496007	268.0	0.0	0.0	18.0	
1504205153848	230241637609	268.0	0.0	0.0	18.0	
1504205153867	230261779210	268.0	0.0	0.0	18.0	
1504205153897	230281920812	268.0	0.0	0.0	18.0	
1504205153915	230302062413	268.0	0.0	0.0	18.0	
1504205153929	230322204015	268.0	0.0	0.0	18.0	
1504205153953	230342345617	268.0	0.0	0.0	18.0	
1504205153962	230362487218	268.0	0.0	0.0	18.0	
1504205153977	230382628820	268.0	0.0	0.0	18.0	
1504205153987	230402770421	268.0	0.0	0.0	18.0	
1504205154023	230422912023	268.0	0.0	0.0	18.0	
1504205154047	230443053624	268.0	0.0	0.0	18.0	
1504205154066	230463195226	268.0	0.0	0.0	18.0	
1504205154079	230483336828	268.0	0.0	0.0	18.0	
1504205154088	230503478429	268.0	0.0	0.0	18.0	
1504205154101	230523620031	268.0	0.0	0.0	18.0	
1504205154113	230543761632	268.0	0.0	0.0	18.0	
1504205154146	230563903234	268.0	0.0	0.0	18.0	
1504205154164	230584044835	268.0	0.0	0.0	18.0	
1504205154181	230604186437	268.0	0.0	0.0	18.0	
1504205154199	230624328038	268.0	0.0	0.0	18.0	
1504205154219	230644469640	268.0	0.0	0.0	18.0	
1504205154236	230664611242	268.0	0.0	0.0	18.0	
1504205154253	230684752843	268.0	0.0	0.0	18.0	
1504205154288	230704894445	268.0	0.0	0.0	18.0	
1504205154311	230725036046	268.0	0.0	0.0	18.0	
1504205154336	230745177648	268.0	0.0	0.0	18.0	
1504205154361	230765319249	268.0	0.0	0.0	18.0	
1504205154388	230785460851	268.0	0.0	0.0	18.0	
1504205154415	230805602453	268.0	0.0	0.0	18.0	
1504205154426	230825744054	268.0	0.0	0.0	18.0	
1504205154454	230845885656	268.0	0.0	0.0	18.0	
1504205154482	230866027257	268.0	0.0	0.0	18.0	
1504205154491	230886168859	268.0	0.0	0.0	18.0	
1504205154502	230906310460	268.0	0.0	0.0	18.0	
1504205154512	230926452062	268.0	0.0	0.0	18.0	
1504205154524	230946593663	268.0	0.0	0.0	18.0	
1504205154537	230966735265	268.0	0.0	0.0	18.0	
1504205154552	230986876867	268.0	0.0	0.0	18.0	
1504205154592	231007018468	268.0	0.0	0.0	18.0	
1504205154621	231027160070	268.0	0.0	0.0	18.0	
1504205154641	231047301671	268.0	0.0	0.0	18.0	
1504205154657	231067443273	268.0	0.0	0.0	18.0	
1504205154665	231087584874	268.0	0.0	0.0	18.0	
1504205154675	231107726476	268.0	0.0	0.0	18.0	
1504205154694	231127868078	268.0	0.0	0.0	18.0	
1504205154727	231148009679	268.0	0.0	0.0	18.0	
1504205154746	231168151281	268.0	0.0	0.0	18.0	
1504205154763	231188292882	268.0	0.0	0.0	18.0	
1504205154796	231208434484	268.0	0.0	0.0	18.0	
1504205154818	231228576085	268.0	0.0	0.0	18.0	
1504205154826	231248717687	268.0	0.0	0.0	18.0	
1504205154845	231268859288	268.0	0.0	0.0	18.0	
1504205154878	231289000890	268.0	0.0	0.0	18.0	
1504205154909	231309142492	268.0	0.0	0.0	18.0	
1504205154942	231329284093	268.0	0.0	0.0	18.0	
1504205154959	231349425695	268.0	0.0	0.0	18.0	
1504205154969	231369567296	268.0	0.0	0.0	18.0	
1504205154993	231389708898	268.0	0.0	0.0	18.0	
1504205155017	231409850499	268.0	0.0	0.0	18.0	
1504205155034	231429992101	268.0	0.0	0.0	18.0	
1504205155060	231450133703	268.0	0.0	0.0	18.0	
1504205155071	231470275304	268.0	0.0	0.0	18.0	
1504205155081	231490416906	268.0	0.0	0.0	18.0	
1504205155089	231510558507	268.0	0.0	0.0	18.0	
1504205155098	231530700109	268.0	0.0	0.0	18.0	
1504205155122	231550841710	268.0	0.0	0.0	18.0	
1504205155134	231570983312	268.0	0.0	0.0	18.0	
1504205155173	231591124913	268.0	0.0	0.0	18.0	
1504205155222	231611266515	268.0	0.0	0.0	18.0	
1504205155245	231631408117	268.0	0.0	0.0	18.0	
1504205155256	231651549718	268.0	0.0	0.0	18.0	
1504205155286	231671691320	268.0	0.0	0.0	18.0	
1504205155313	231691832921	268.0	0.0	0.0	18.0	
1504205155325	231711974523	268.0	0.0	0.0	18.0	
1504205155340	231732116124	268.0	0.0	0.0	18.0	
1504205155351	231752257726	268.0	0.0	0.0	18.0	
1504205155361	231772399328	268.0	0.0	0.0	18.0	
1504205155367	231792540929	268.0	0.0	0.0	18.0	
1504205155381	231812682531	268.0	0.0	0.0	18.0	
1504205155399	231832824132	268.0	0.0	0.0	18.0	
1504205155415	231852965734	268.0	0.0	0.0	18.0	
1504205155450	231873107335	268.0	0.0	0.0	18.0	
1504205155469	231893248937	268.0	0.0	0.0	18.0	
1504205155491	231913390538	268.0	0.0	0.0	18.0	
1504205155516	231933532140	268.0	0.0	0.0	18.0	
1504205155528	231953673742	268.0	0.0	0.0	18.0	
1504205155548	231973815343	268.0	0.0	0.0	18.0	
1504205155560	231993956945	268.0	0.0	0.0	18.0	
1504205155593	232014098546	268.0	0.0	0.0	18.0	
1504205155613	232034240148	268.0	0.0	0.0	18.0	
1504205155632	232054381749	268.0	0.0	0.0	18.0	
1504205155648	232074523351	268.0	0.0	0.0	18.0	
1504205155666	232094664953	268.0	0.0	0.0	18.0	
1504205155681	232114806554	268.0	0.0	0.0	18.0	
1504205155727	232134948156	268.0	0.0	0.0	18.0	
1504205155746	232155089757	268.0	0.0	0.0	18.0	
1504205155769	232175231359	268.0	0.0	0.0	18.0	
1504205155792	232195372960	268.0	0.0	0.0	18.0	
1504205155813	232215514562	268.0	0.0	0.0	18.0	
1504205155847	232235656163	268.0	0.0	0.0	18.0	
1504205155868	232255797765	268.0	0.0	0.0	18.0	
1504205155908	232275939367	268.0	0.0	0.0	18.0	
1504205155921	232296080968	268.0	0.0	0.0	18.0	
1504205155935	232316222570	268.0	0.0	0.0	18.0	
1504205155956	232336364171	268.0	0.0	0.0	18.0	
1504205155969	232356505773	268.0	0.0	0.0	18.0	
1504205155985	232376647374	268.0	0.0	0.0	18.0	
1504205155994	232396788976	268.0	0.0	0.0	18.0	
1504205156010	232416930578	268.0	0.0	0.0	18.0	
1504205156024	232437072179	268.0	0.0	0.0	18.0	
1504205156037	232457213781	268.0	0.0	0.0	18.0	
1504205156066	232477355382	268.0	0.0	0.0	18.0	
1504205156085	232497496984	268.0	0.0	0.0	18.0	
1504205156103	232517638585	268.0	0.0	0.0	18.0	
1504205156130	232537780187	268.0	0.0	0.0	18.0	
1504205156144	232557921788	268.0	0.0	0.0	18.0	
1504205156164	232578063390	268.0	0.0	0.0	18.0	
1504205156184	232598204992	268.0	0.0	0.0	18.0	
1504205156196	232618346593	268.0	0.0	0.0	18.0	
1504205156208	232638488195	268.0	0.0	0.0	18.0	
1504205156246	232658629796	268.0	0.0	0.0	18.0	
1504205156264	232678771398	268.0	0.0	0.0	18.0	
1504205156279	232698912999	268.0	0.0	0.0	18.0	
1504205156296	232719054601	268.0	0.0	0.0	18.0	
1504205156313	232739196203	268.0	0.0	0.0	18.0	
1504205156335	232759337804	268.0	0.0	0.0	18.0	
1504205156349	232779479406	268.0	0.0	0.0	18.0	
1504205156399	232799621007	268.0	0.0	0.0	18.0	
1504205156409	232819762609	268.0	0.0	0.0	18.0	
1504205156420	232839904210	268.0	0.0	0.0	18.0	
1504205156440	232860045812	268.0	0.0	0.0	18.0	
1504205156455	232880187413	268.0	0.0	0.0	18.0	
1504205156476	232900329015	268.0	0.0	0.0	18.0	
1504205156491	232920470617	268.0	0.0	0.0	18.0	
1504205156526	232940612218	268.0	0.0	0.0	18.0	
1504205156551	232960753820	268.0	0.0	0.0	18.0	
1504205156564	232980895421	268.0	0.0	0.0	18.0	
1504205156577	233001037023	268.0	0.0	0.0	18.0	
1504205156595	233021178624	268.0	0.0	0.0	18.0	
1504205156614	233041320226	268.0	0.0	0.0	18.0	
1504205156631	233061461828	268.0	0.0	0.0	18.0	
1504205156678	233081603429	268.0	0.0	0.0	18.0	
1504205156691	233101745031	268.0	0.0	0.0	18.0	
1504205156704	233121886632	268.0	0.0	0.0	18.0	
1504205156718	233142028234	268.0	0.0	0.0	18.0	
1504205156738	233162169835	268.0	0.0	0.0	18.0	
1504205156756	233182311437	268.0	0.0	0.0	18.0	
1504205156777	233202453038	268.0	0.0	0.0	18.0	
1504205156822	233222594640	268.0	0.0	0.0	18.0	
1504205156857	233242736242	268.0	0.0	0.0	18.0	
1504205156874	233262877843	268.0	0.0	0.0	18.0	
1504205156892	233283019445	268.0	0.0	0.0	18.0	
1504205156913	233303161046	268.0	0.0	0.0	18.0	
1504205156926	233323302648	268.0	0.0	0.0	18.0	
1504205156951	233343444249	268.0	0.0	0.0	18.0	
1504205156981	233363585851	268.0	0.0	0.0	18.0	
1504205157010	233383727453	268.0	0.0	0.0	18.0	
1504205157023	233403869054	268.0	0.0	0.0	18.0	
1504205157038	233424010656	268.0	0.0	0.0	18.0	
1504205157049	233444152257	268.0	0.0	0.0	18.0	
1504205157061	233464293859	268.0	0.0	0.0	18.0	
1504205157071	233484435460	268.0	0.0	0.0	18.0	
1504205157088	233504577062	268.0	0.0	0.0	18.0	
1504205157105	233524718663	268.0	0.0	0.0	18.0	
1504205157123	233544860265	268.0	0.0	0.0	18.0	
1504205157141	233565001867	268.0	0.0	0.0	18.0	
1504205157159	233585143468	268.0	0.0	0.0	18.0	
1504205157177	233605285070	268.0	0.0	0.0	18.0	
1504205157194	233625426671	268.0	0.0	0.0	18.0	
1504205157231	233645568273	268.0	0.0	0.0	18.0	
1504205157247	233665709874	268.0	0.0	0.0	18.0	
1504205157265	233685851476	268.0	0.0	0.0	18.0	
1504205157282	233705993078	268.0	0.0	0.0	18.0	
1504205157300	233726134679	268.0	0.0	0.0	18.0	
1504205157318	233746276281	268.0	0.0	0.0	18.0	
1504205157337	233766417882	268.0	0.0	0.0	18.0	
1504205157353	233786559484	268.0	0.0	0.0	18.0	
1504205157390	233806701085	268.0	0.0	0.0	18.0	
1504205157406	233826842687	268.0	0.0	0.0	18.0	
1504205157423	233846984288	268.0	0.0	0.0	18.0	
1504205157442	233867125890	268.0	0.0	0.0	18.0	
1504205157458	233887267492	268.0	0.0	0.0	18.0	
1504205157476	233907409093	268.0	0.0	0.0	18.0	
1504205157495	233927550695	268.0	0.0	0.0	18.0	
1504205157529	233947692296	268.0	0.0	0.0	18.0	
1504205157547	233967833898	268.0	0.0	0.0	18.0	
1504205157564	233987975499	268.0	0.0	0.0	18.0	
1504205157582	234008117101	268.0	0.0	0.0	18.0	
1504205157601	234028258703	268.0	0.0	0.0	18.0	
1504205157617	234048400304	268.0	0.0	0.0	18.0	
1504205157635	234068541906	268.0	0.0	0.0	18.0	
1504205157670	234088683507	268.0	0.0	0.0	18.0	
1504205157688	234108825109	268.0	0.0	0.0	18.0	
1504205157706	234128966710	268.0	0.0	0.0	18.0	
1504205157724	234149108312	268.0	0.0	0.0	18.0	
1504205157740	234169249913	268.0	0.0	0.0	18.0	
1504205157758	234189391515	268.0	0.0	0.0	18.0	
1504205157775	234209533117	268.0	0.0	0.0	18.0	
1504205157812	234229674718	268.0	0.0	0.0	18.0	
1504205157828	234249816320	268.0	0.0	0.0	18.0	
1504205157846	234269957921	268.0	0.0	0.0	18.0	
1504205157865	234290099523	268.0	0.0	0.0	18.0	
1504205157882	234310241124	268.0	0.0	0.0	18.0	
1504205157899	234330382726	268.0	0.0	0.0	18.0	
1504205157918	234350524328	268.0	0.0	0.0	18.0	
1504205157953	234370665929	268.0	0.0	0.0	18.0	
1504205157970	234390807531	268.0	0.0	0.0	18.0	
1504205157987	234410949132	268.0	0.0	0.0	18.0	
1504205158006	234431090734	268.0	0.0	0.0	18.0	
1504205158024	234451232335	268.0	0.0	0.0	18.0	
1504205158040	234471373937	268.0	0.0	0.0	18.0	
1504205158058	234491515538	268.0	0.0	0.0	18.0	
1504205158093	234511657140	268.0	0.0	0.0	18.0	
1504205158110	234531798742	268.0	0.0	0.0	-1.0	
1504205158128	234551940343	268.0	0.0	0.0	-1.0	
1504205158145	234572081945	268.0	0.0	0.0	-1.0	
1504205158162	234592223546	268.0	0.0	0.0	-1.0	
1504205158181	234612365148	268.0	0.0	0.0	-1.0	
1504205158199	234632506749	268.0	0.0	0.0	-1.0	
1504205158234	234652648351	268.0	0.0	0.0	-1.0	
1504205158251	234672789953	268.0	0.0	0.0	-1.0	
1504205158268	234692931554	268.0	0.0	0.0	-1.0	
1504205158287	234713073156	268.0	0.0	0.0	-1.0	
1504205158303	234733214757	268.0	0.0	0.0	-1.0	
1504205158321	234753356359	268.0	0.0	0.0	-1.0	
1504205158340	234773497960	267.15716552734375	0.0	0.0	-1.0	
1504205158357	234793639562	267.0	0.0	0.0	-1.0	
1504205158391	234813781163	267.0	0.0	0.0	-1.0	
1504205158409	234833922765	267.0	0.0	0.0	-1.0	
1504205158432	234854064367	267.0	0.0	0.0	-1.0	
1504205158445	234874205968	267.0	0.0	0.0	-1.0	
1504205158462	234894347570	267.0	0.0	0.0	-1.0	
1504205158480	234914489171	267.8238220214844	0.0	0.0	-1.0	
1504205158497	234934630773	268.0	0.0	0.0	-1.0	
1504205158533	234954772374	268.0	0.0	0.0	-1.0	
1504205158551	234974913976	268.0	0.0	0.0	-1.0	
1504205158567	234995055578	268.0	0.0	0.0	-1.0	
1504205158586	235015197179	267.4766845703125	0.0	0.0	-1.0	
1504205158604	235035338781	267.66436767578125	0.0	0.0	-1.0	
1504205158620	235055480382	268.0	0.0	0.0	-1.0	
1504205158638	235075621984	268.0	0.0	0.0	-1.0	
1504205158673	235095763585	268.0	0.0	0.0	-1.0	
1504205158691	235115905187	268.0	0.0	0.0	-1.0	
1504205158709	235136046788	267.6355895996094	0.0	0.0	-1.0	
1504205158727	235156188390	267.0	0.0	0.0	-1.0	
1504205158744	235176329992	267.0	0.0	0.0	-1.0	
1504205158763	235196471593	267.0	0.0	0.0	-1.0	
1504205158780	235216613195	267.0	0.0	0.0	-1.0	
1504205158815	235236754796	268.0	0.0	0.0	-1.0	
1504205158832	235256896398	268.0	0.0	0.0	-1.0	
1504205158849	235277037999	268.0	0.0	0.0	-1.0	
1504205158867	235297179601	268.0	0.0	0.0	-1.0	
1504205158884	235317321203	268.0	0.0	0.0	-1.0	
1504205158903	235337462804	268.0	0.0	0.0	-1.0	
1504205158920	235357604406	268.0	0.0	0.0	-1.0	
1504205158955	235377746007	268.0	0.0	0.0	-1.0	
1504205158973	235397887609	268.0	0.0	0.0	-1.0	
1504205158991	235418029210	268.0	0.0	0.0	-1.0	
1504205159008	235438170812	268.0	0.0	0.0	-1.0	
1504205159026	235458312413	268.0	0.0	0.0	-1.0	
1504205159044	235478454015	268.0	0.0	0.0	-1.0	
1504205159062	235498595617	268.0	0.0	0.0	-1.0	
1504205159097	235518737218	268.0	0.0	0.0	-1.0	
1504205159114	235538878820	268.0	0.0	0.0	-1.0	
1504205159133	235559020421	268.0	0.0	0.0	-1.0	
1504205159150	235579162023	268.0	0.0	0.0	-1.0	
1504205159167	235599303624	268.0	0.0	0.0	-1.0	
1504205159186	235619445226	268.0	0.0	0.0	-1.0	
1504205159203	235639586828	268.0	0.0	0.0	-1.0	
1504205159238	235659728429	268.0	0.0	0.0	-1.0	
1504205159255	235679870031	268.0	0.0	0.0	-1.0	
1504205159273	235700011632	268.0	0.0	0.0	-1.0	
1504205159291	235720153234	268.0	0.0	0.0	-1.0	
1504205159308	235740294835	268.0	0.0	0.0	-1.0	
1504205159326	235760436437	268.0	0.0	0.0	-1.0	
1504205159343	235780578038	268.0	0.0	0.0	-1.0	
1504205159361	235800719640	268.0	0.0	0.0	-1.0	
1504205159396	235820861242	268.0	0.0	0.0	-1.0	
1504205159414	235841002843	268.0	0.0	0.0	-1.0	
1504205159431	235861144445	268.0	0.0	0.0	-1.0	
1504205159450	235881286046	268.0	0.0	0.0	-1.0	
1504205159467	235901427648	268.0	0.0	0.0	-1.0	
1504205159484	235921569249	268.0	0.0	0.0	-1.0	
1504205159502	235941710851	268.0	0.0	0.0	-1.0	
1504205159537	235961852453	268.0	0.0	0.0	-1.0	
1504205159554	235981994054	268.0	0.0	0.0	-1.0	
1504205159572	236002135656	268.0	0.0	0.0	-1.0	
1504205159590	236022277257	268.0	0.0	0.0	-1.0	
1504205159608	236042418859	268.0	0.0	0.0	-1.0	
1504205159625	236062560460	268.0	0.0	0.0	-1.0	
1504205159643	236082702062	268.0	0.0	0.0	-1.0	
1504205159678	236102843663	268.0	0.0	0.0	-1.0	
1504205159696	236122985265	268.0	0.0	0.0	-1.0	
1504205159714	236143126867	268.0	0.0	0.0	-1.0	
1504205159731	236163268468	268.0	0.0	0.0	-1.0	
1504205159748	236183410070	268.0	0.0	0.0	-1.0	
1504205159767	236203551671	268.0	0.0	0.0	-1.0	
1504205159783	236223693273	268.0	0.0	0.0	-1.0	
1504205159820	236243834874	268.0	0.0	0.0	-1.0	
1504205159837	236263976476	268.0	0.0	0.0	-1.0	
1504205159854	236284118078	268.0	0.0	0.0	-1.0	
1504205159872	236304259679	268.0	0.0	0.0	-1.0	
1504205159891	236324401281	268.0	0.0	0.0	-1.0	
1504205159908	236344542882	268.0	0.0	0.0	-1.0	
1504205159925	236364684484	268.0	0.0	0.0	-1.0	
1504205159960	236384826085	268.0	0.0	0.0	-1.0	
1504205159982	236404967687	268.0	0.0	0.0	-1.0	
1504205159996	236425109288	268.0	0.0	0.0	-1.0	
1504205160012	236445250890	268.0	0.0	0.0	-1.0	
1504205160031	236465392492	268.0	0.0	0.0	-1.0	
1504205160048	236485534093	268.0	0.0	0.0	-1.0	
1504205160065	236505675695	268.0	0.0	0.0	-1.0	
1504205160100	236525817296	268.0	0.0	0.0	-1.0	
1504205160119	236545958898	268.0	0.0	0.0	-1.0	
1504205160137	236566100499	268.0	0.0	0.0	-1.0	
1504205160154	236586242101	268.0	0.0	0.0	-1.0	
1504205160172	236606383703	268.0	0.0	0.0	-1.0	
1504205160190	236626525304	268.0	0.0	0.0	-1.0	
1504205160207	236646666906	268.0	0.0	0.0	-1.0	
1504205160244	236666826758	268.0	0.0	0.0	-1.0	
1504205160260	236686968360	268.0	0.0	0.0	-1.0	
1504205160277	236707109961	268.0	0.0	0.0	-1.0	
1504205160296	236727251563	268.0	0.0	0.0	-1.0	
1504205160313	236747393164	268.0	0.0	0.0	-1.0	
1504205160330	236767534766	268.0	0.0	0.0	-1.0	
1504205160348	236787676368	268.0	0.0	0.0	-1.0	
1504205160383	236807817969	268.0	0.0	0.0	-1.0	
1504205160401	236827959571	268.0	0.0	0.0	-1.0	
1504205160418	236848101172	268.0	0.0	0.0	-1.0	
1504205160436	236868242774	268.0	0.0	0.0	-1.0	
1504205160453	236888384375	268.0	0.0	0.0	-1.0	
1504205160471	236908525977	268.0	0.0	0.0	-1.0	
1504205160489	236928667579	268.0	0.0	0.0	-1.0	
1504205160524	236948809180	268.0	0.0	0.0	-1.0	
1504205160542	236968950782	268.0	0.0	0.0	-1.0	
1504205160562	236989092383	268.0	0.0	0.0	-1.0	
1504205160577	237009233985	268.0	0.0	0.0	-1.0	
1504205160595	237029375586	268.0	0.0	0.0	-1.0	
1504205160613	237049517188	268.0	0.0	0.0	-1.0	
1504205160630	237069658789	268.0	0.0	0.0	-1.0	
1504205160666	237089800391	268.0	0.0	0.0	-1.0	
1504205160683	237109941993	268.0	0.0	0.0	-1.0	
1504205160701	237130083594	268.0	0.0	0.0	-1.0	
1504205160718	237150225196	268.0	0.0	0.0	-1.0	
1504205160736	237170366797	268.0	0.0	0.0	-1.0	
1504205160753	237190508399	268.0	0.0	0.0	-1.0	
1504205160771	237210650000	268.0	0.0	0.0	-1.0	
1504205160806	237230791602	268.0	0.0	0.0	-1.0	
1504205160824	237250933204	268.0	0.0	0.0	-1.0	
1504205160841	237271074805	268.0	0.0	0.0	-1.0	
1504205160859	237291216407	268.0	0.0	0.0	-1.0	
1504205160877	237311358008	268.0	0.0	0.0	-1.0	
1504205160894	237331499610	268.0	0.0	0.0	-1.0	
1504205160911	237351641211	268.0	0.0	0.0	-1.0	
1504205160947	237371782813	268.0	0.0	0.0	-1.0	
1504205160964	237391924414	268.0	0.0	0.0	-1.0	
1504205160983	237412066016	268.0	0.0	0.0	-1.0	
1504205161002	237432207618	268.0	0.0	0.0	-1.0	
1504205161017	237452349219	268.0	0.0	0.0	-1.0	
1504205161036	237472490821	268.0	0.0	0.0	-1.0	
1504205161052	237492632422	268.0	0.0	0.0	-1.0	
1504205161087	237512774024	268.0	0.0	0.0	-1.0	
1504205161105	237532915625	268.0	0.0	0.0	-1.0	
1504205161123	237553057227	268.0	0.0	0.0	-1.0	
1504205161141	237573198829	268.0	0.0	0.0	-1.0	
1504205161158	237593340430	268.0	0.0	0.0	-1.0	
1504205161176	237613482032	268.0	0.0	0.0	-1.0	
1504205161194	237633623633	268.0	0.0	0.0	-1.0	
1504205161229	237653765235	268.0	0.0	0.0	-1.0	
1504205161247	237673906836	268.0	0.0	0.0	-1.0	
1504205161264	237694048438	268.0	0.0	0.0	-1.0	
1504205161282	237714190039	268.0	0.0	0.0	-1.0	
1504205161301	237734331641	268.0	0.0	0.0	-1.0	
1504205161317	237754473243	268.0	0.0	0.0	-1.0	
1504205161335	237774614844	268.0	0.0	0.0	-1.0	
1504205161370	237794756446	268.0	0.0	0.0	-1.0	
1504205161387	237814898047	268.0	0.0	0.0	-1.0	
1504205161406	237835039649	268.0	0.0	0.0	-1.0	
1504205161423	237855181250	268.0	0.0	0.0	-1.0	
1504205161440	237875322852	268.0	0.0	0.0	-1.0	
1504205161458	237895464454	268.0	0.0	0.0	-1.0	
1504205161475	237915606055	268.0	0.0	0.0	-1.0	
1504205161511	237935747657	268.0	0.0	0.0	-1.0	
1504205161528	237955889258	268.0	0.0	0.0	-1.0	
1504205161546	237976030860	268.0	0.0	0.0	-1.0	
1504205161564	237996172461	268.0	0.0	0.0	-1.0	
1504205161581	238016314063	268.0	0.0	0.0	-1.0	
1504205161599	238036455664	268.0	0.0	0.0	-1.0	
1504205161616	238056597266	268.0	0.0	0.0	-1.0	
1504205161651	238076738868	268.0	0.0	0.0	-1.0	
1504205161669	238096880469	268.0	0.0	0.0	-1.0	
1504205161687	238117022071	268.0	0.0	0.0	-1.0	
1504205161705	238137163672	268.0	0.0	0.0	-1.0	
1504205161722	238157305274	268.0	0.0	0.0	-1.0	
1504205161740	238177446875	268.0	0.0	0.0	-1.0	
1504205161758	238197588477	268.0	0.0	0.0	-1.0	
1504205161793	238217730079	268.0	0.0	0.0	-1.0	
1504205161810	238237871680	268.0	0.0	0.0	-1.0	
1504205161828	238258013282	268.0	0.0	0.0	-1.0	
1504205161846	238278154883	268.0	0.0	0.0	-1.0	
1504205161864	238298296485	268.0	0.0	0.0	-1.0	
1504205161881	238318438086	268.0	0.0	0.0	-1.0	
1504205161899	238338579688	268.0	0.0	0.0	-1.0	
1504205161934	238358721289	268.0	0.0	0.0	-1.0	
1504205161951	238378862891	268.0	0.0	0.0	-1.0	
1504205161969	238399004493	268.0	0.0	0.0	-1.0	
1504205161987	238419146094	268.0	0.0	0.0	-1.0	
1504205162005	238439287696	268.0	0.0	0.0	-1.0	
1504205162022	238459429297	268.0	0.0	0.0	-1.0	
1504205162040	238479570899	268.0	0.0	0.0	-1.0	
1504205162075	238499712500	268.0	0.0	0.0	-1.0	
1504205162093	238519854102	268.0	0.0	0.0	-1.0	
1504205162110	238539995704	268.0	0.0	0.0	-1.0	
1504205162128	238560137305	268.0	0.0	0.0	-1.0	
1504205162149	238580278907	268.0	0.0	0.0	-1.0	
1504205162164	238600420508	268.0	0.0	0.0	-1.0	
1504205162181	238620562110	268.0	0.0	0.0	-1.0	
1504205162217	238640703711	268.0	0.0	0.0	-1.0	
1504205162234	238660845313	268.0	0.0	0.0	-1.0	
1504205162252	238680986914	268.0	0.0	0.0	-1.0	
1504205162268	238701128516	268.0	0.0	0.0	-1.0	
1504205162286	238721270118	268.0	0.0	0.0	-1.0	
1504205162304	238741411719	268.0	0.0	0.0	-1.0	
1504205162321	238761553321	268.0	0.0	0.0	-1.0	
1504205162356	238781694922	268.0	0.0	0.0	-1.0	
1504205162373	238801836524	268.0	0.0	0.0	-1.0	
1504205162391	238821978125	268.0	0.0	0.0	-1.0	
1504205162410	238842119727	268.0	0.0	0.0	-1.0	
1504205162426	238862261329	268.0	0.0	0.0	-1.0	
1504205162445	238882402930	268.0	0.0	0.0	-1.0	
1504205162463	238902544532	268.0	0.0	0.0	-1.0	
1504205162498	238922686133	268.0	0.0	0.0	-1.0	
1504205162516	238942827735	268.0	0.0	0.0	-1.0	
1504205162533	238962969336	268.0	0.0	0.0	-1.0	
1504205162551	238983110938	268.0	0.0	0.0	-1.0	
1504205162570	239003252539	268.0	0.0	0.0	-1.0	
1504205162586	239023394141	268.0	0.0	0.0	-1.0	
1504205162604	239043535743	268.0	0.0	0.0	-1.0	
1504205162639	239063677344	268.0	0.0	0.0	-1.0	
1504205162656	239083818946	268.0	0.0	0.0	-1.0	
1504205162674	239103960547	268.0	0.0	0.0	-1.0	
1504205162691	239124102149	268.0	0.0	0.0	-1.0	
1504205162709	239144243750	268.0	0.0	0.0	-1.0	
1504205162727	239164385352	268.0	0.0	0.0	-1.0	
1504205162762	239184526954	268.0	0.0	0.0	-1.0	
1504205162780	239204668555	268.0	0.0	0.0	-1.0	
1504205162797	239224810157	268.0	0.0	0.0	-1.0	
1504205162816	239244951758	268.0	0.0	0.0	-1.0	
1504205162833	239265093360	268.0	0.0	0.0	-1.0	
1504205162850	239285234961	268.0	0.0	0.0	-1.0	
1504205162868	239305376563	268.0	0.0	0.0	-1.0	
1504205162903	239325518164	268.0	0.0	0.0	-1.0	
1504205162921	239345659766	268.0	0.0	0.0	-1.0	
1504205162939	239365801368	268.0	0.0	0.0	-1.0	
1504205162956	239385942969	268.0	0.0	0.0	-1.0	
1504205162974	239406084571	268.0	0.0	0.0	-1.0	
1504205162991	239426226172	268.0	0.0	0.0	-1.0	
1504205163009	239446367774	268.0	0.0	0.0	-1.0	
1504205163044	239466509375	268.0	0.0	0.0	-1.0	
1504205163062	239486650977	268.0	0.0	0.0	-1.0	
1504205163079	239506792579	268.0	0.0	0.0	-1.0	
1504205163099	239526934180	268.0	0.0	0.0	-1.0	
1504205163115	239547075782	268.0	0.0	0.0	-1.0	
1504205163133	239567217383	268.0	0.0	0.0	-1.0	
1504205163151	239587358985	268.0	0.0	0.0	-1.0	
1504205163185	239607500586	268.0	0.0	0.0	-1.0	
1504205163202	239627642188	268.0	0.0	0.0	-1.0	
1504205163220	239647783789	268.0	0.0	0.0	-1.0	
1504205163238	239667925391	268.0	0.0	0.0	-1.0	
1504205163256	239688066993	268.0	0.0	0.0	-1.0	
1504205163273	239708208594	268.0	0.0	0.0	-1.0	
1504205163290	239728350196	268.0	0.0	0.0	-1.0	
1504205163326	239748491797	268.0	0.0	0.0	-1.0	
1504205163344	239768633399	268.0	0.0	0.0	-1.0	
1504205163363	239788775000	268.0	0.0	0.0	-1.0	
1504205163379	239808916602	268.0	0.0	0.0	-1.0	
1504205163397	239829058204	268.0	0.0	0.0	-1.0	
1504205163415	239849199805	268.0	0.0	0.0	-1.0	
1504205163432	239869341407	268.0	0.0	0.0	-1.0	
1504205163467	239889483008	268.0	0.0	0.0	-1.0	
1504205163484	239909624610	268.0	0.0	0.0	-1.0	
1504205163502	239929766211	268.0	0.0	0.0	-1.0	
1504205163521	239949907813	268.0	0.0	0.0	-1.0	
1504205163537	239970049414	268.0	0.0	0.0	-1.0	
1504205163555	239990191016	268.0	0.0	0.0	-1.0	
1504205163574	240010332618	268.0	0.0	0.0	-1.0	
1504205163608	240030474219	268.0	0.0	0.0	-1.0	
1504205163627	240050615821	268.0	0.0	0.0	-1.0	
1504205163643	240070757422	268.0	0.0	0.0	-1.0	
1504205163662	240090899024	268.0	0.0	0.0	-1.0	
1504205163680	240111040625	268.0	0.0	0.0	-1.0	
1504205163697	240131182227	268.0	0.0	0.0	-1.0	
1504205163715	240151323829	268.0	0.0	0.0	-1.0	
1504205163749	240171465430	268.0	0.0	0.0	-1.0	
1504205163767	240191607032	268.0	0.0	0.0	-1.0	
1504205163785	240211748633	268.0	0.0	0.0	-1.0	
1504205163805	240231890235	268.0	0.0	0.0	-1.0	
1504205163820	240252031836	268.0	0.0	0.0	-1.0	
1504205163838	240272173438	268.0	0.0	0.0	-1.0	
1504205163855	240292315039	268.0	0.0	0.0	-1.0	
1504205163889	240312456641	268.0	0.0	0.0	-1.0	
1504205163907	240332598243	268.0	0.0	0.0	-1.0	
1504205163925	240352739844	268.0	0.0	0.0	-1.0	
1504205163944	240372881446	268.0	0.0	0.0	-1.0	
1504205163960	240393023047	268.0	0.0	0.0	-1.0	
1504205163978	240413164649	268.0	0.0	0.0	-1.0	
1504205163996	240433306250	268.0	0.0	0.0	-1.0	
1504205164031	240453447852	268.0	0.0	0.0	-1.0	
1504205164049	240473589454	268.0	0.0	0.0	-1.0	
1504205164066	240493731055	268.0	0.0	0.0	-1.0	
1504205164085	240513872657	268.0	0.0	0.0	-1.0	
1504205164102	240534014258	268.0	0.0	0.0	-1.0	
1504205164120	240554155860	268.0	0.0	0.0	-1.0	
1504205164137	240574297461	268.0	0.0	0.0	-1.0	
1504205164171	240594439063	268.0	0.0	0.0	-1.0	
1504205164190	240614580664	268.0	0.0	0.0	-1.0	
1504205164207	240634722266	268.0	0.0	0.0	-1.0	
1504205164225	240654863868	268.0	0.0	0.0	-1.0	
1504205164242	240675005469	268.0	0.0	0.0	-1.0	
1504205164260	240695147071	268.0	0.0	0.0	-1.0	
1504205164278	240715288672	268.0	0.0	0.0	-1.0	
1504205164313	240735430274	268.0	0.0	0.0	-1.0	
1504205164330	240755571875	268.0	0.0	0.0	-1.0	
1504205164347	240775713477	268.0	0.0	0.0	-1.0	
1504205164366	240795855079	268.0	0.0	0.0	-1.0	
1504205164385	240815996680	268.0	0.0	0.0	-1.0	
1504205164402	240836138282	268.0	0.0	0.0	-1.0	
1504205164419	240856279883	268.0	0.0	0.0	-1.0	
1504205164453	240876421485	268.0	0.0	0.0	-1.0	
1504205164472	240896563086	268.0	0.0	0.0	-1.0	
1504205164489	240916704688	268.0	0.0	0.0	-1.0	
1504205164506	240936846289	268.0	0.0	0.0	-1.0	
1504205164526	240956987891	268.0	0.0	0.0	-1.0	
1504205164542	240977129493	268.0	0.0	0.0	-1.0	
1504205164560	240997271094	268.0	0.0	0.0	-1.0	
1504205164595	241017412696	268.0	0.0	0.0	-1.0	
1504205164612	241037554297	268.19757080078125	0.0	0.0	-1.0	
1504205164631	241057695899	269.0	0.0	0.0	-1.0	
1504205164648	241077837500	269.0	0.0	0.0	-1.0	
1504205164666	241097979102	269.0	0.0	0.0	-1.0	
1504205164684	241118120704	268.228759765625	0.0	0.0	-1.0	
1504205164700	241138262305	268.0	0.0	0.0	-1.0	
1504205164736	241158403907	268.0	0.0	0.0	-1.0	
1504205164753	241178545508	268.0	0.0	0.0	-1.0	
1504205164771	241198687110	268.0	0.0	0.0	-1.0	
1504205164789	241218828711	268.0	0.0	0.0	-1.0	
1504205164807	241238970313	268.0	0.0	0.0	-1.0	
1504205164824	241259111914	268.0	0.0	0.0	-1.0	
1504205164841	241279253516	268.0	0.0	0.0	-1.0	
1504205164877	241299395118	268.0	0.0	0.0	-1.0	
1504205164895	241319536719	268.0	0.0	0.0	-1.0	
1504205164911	241339678321	268.0	0.0	0.0	-1.0	
1504205164930	241359819922	268.0	0.0	0.0	-1.0	
1504205164947	241379961524	268.0	0.0	0.0	-1.0	
1504205164965	241400103125	268.0	0.0	0.0	-1.0	
1504205164982	241420244727	268.0	0.0	0.0	-1.0	
1504205165018	241440386329	268.0	0.0	0.0	-1.0	
1504205165036	241460527930	268.0	0.0	0.0	-1.0	
1504205165053	241480669532	268.0	0.0	0.0	-1.0	
1504205165071	241500811133	268.0	0.0	0.0	-1.0	
1504205165088	241520952735	268.0	0.0	0.0	-1.0	
1504205165106	241541094336	268.0	0.0	0.0	-1.0	
1504205165123	241561235938	268.0	0.0	0.0	-1.0	
1504205165159	241581377539	268.0	0.0	0.0	-1.0	
1504205165177	241601519141	268.0	0.0	0.0	-1.0	
1504205165194	241621660743	268.0	0.0	0.0	-1.0	
1504205165211	241641802344	268.0	0.0	0.0	-1.0	
1504205165229	241661943946	268.0	0.0	0.0	-1.0	
1504205165246	241682085547	268.0	0.0	0.0	-1.0	
1504205165265	241702227149	268.0	0.0	0.0	-1.0	
1504205165299	241722368750	268.0	0.0	0.0	-1.0	
1504205165317	241742510352	268.0	0.0	0.0	-1.0	
1504205165335	241762651954	268.0	0.0	0.0	-1.0	
1504205165352	241782793555	268.0	0.0	0.0	-1.0	
1504205165370	241802935157	268.0	0.0	0.0	-1.0	
1504205165387	241823076758	268.0	0.0	0.0	-1.0	
1504205165405	241843218360	268.0	0.0	0.0	-1.0	
1504205165440	241863359961	268.0	0.0	0.0	-1.0	
1504205165458	241883501563	268.0	0.0	0.0	-1.0	
1504205165476	241903643164	268.0	0.0	0.0	-1.0	
1504205165493	241923784766	268.0	0.0	0.0	-1.0	
1504205165511	241943926368	268.0	0.0	0.0	-1.0	
1504205165529	241964067969	268.0	0.0	0.0	-1.0	
1504205165547	241984209571	268.0	0.0	0.0	-1.0	
1504205165582	242004351172	268.0	0.0	0.0	-1.0	
1504205165599	242024492774	268.0	0.0	0.0	-1.0	
1504205165616	242044634375	268.0	0.0	0.0	-1.0	
1504205165636	242064775977	268.0	0.0	0.0	-1.0	
1504205165652	242084917579	268.0	0.0	0.0	-1.0	
1504205165670	242105059180	268.0	0.0	0.0	-1.0	
1504205165687	242125200782	268.0	0.0	0.0	-1.0	
1504205165722	242145342383	268.0	0.0	0.0	-1.0	
1504205165740	242165483985	268.0	0.0	0.0	-1.0	
1504205165757	242185625586	268.0	0.0	0.0	-1.0	
1504205165775	242205767188	268.0	0.0	0.0	-1.0	
1504205165793	242225908789	268.0	0.0	0.0	-1.0	
1504205165810	242246050391	268.0	0.0	0.0	-1.0	
1504205165827	242266191993	268.0	0.0	0.0	-1.0	
1504205165863	242286333594	268.0	0.0	0.0	-1.0	
1504205165881	242306475196	268.0	0.0	0.0	-1.0	
1504205165900	242326616797	268.0	0.0	0.0	-1.0	
1504205165916	242346758399	268.0	0.0	0.0	-1.0	
1504205165934	242366900000	268.0	0.0	0.0	-1.0	
1504205165952	242387041602	268.0	0.0	0.0	-1.0	
1504205165969	242407183204	268.0	0.0	0.0	-1.0	
1504205166004	242427324805	268.0	0.0	0.0	-1.0	
1504205166022	242447466407	268.0	0.0	0.0	-1.0	
1504205166039	242467608008	268.0	0.0	0.0	-1.0	
1504205166059	242487749610	268.0	-0.5233917236328125	0.0	-1.0	
1504205166075	242507891211	268.0	-1.0	0.0	-1.0	
1504205166092	242528032813	268.0	-1.0	0.0	-1.0	
1504205166110	242548174414	268.0	-1.0	0.0	-1.0	
1504205166145	242568316016	268.0	-1.0	0.0	-1.0	
1504205166164	242588457618	268.0	-1.0	0.0	-1.0	
1504205166181	242608599219	268.0	-1.0	0.0	-1.0	
1504205166199	242628740821	268.0	-1.0	0.0	-1.0	
1504205166217	242648882422	268.0	-0.3292999267578125	0.0	-1.0	
1504205166234	242669024024	268.0	0.0	0.0	-1.0	
1504205166253	242689165625	268.0	0.0	0.0	-1.0	
1504205166287	242709307227	268.0	0.0	0.0	-1.0	
1504205166304	242729448829	268.0	0.0	0.0	-1.0	
1504205166322	242749590430	268.0	0.0	0.0	-1.0	
1504205166344	242769732032	268.0	0.0	0.0	-1.0	
1504205166358	242789873633	268.0	0.0	0.0	-1.0	
1504205166374	242810015235	268.0	0.0	0.0	-1.0	
1504205166391	242830156836	268.0	0.0	0.0	-1.0	
1504205166428	242850298438	268.0	0.0	0.0	-1.0	
1504205166444	242870440039	268.0	0.0	0.0	-1.0	
1504205166463	242890581641	268.0	0.0	0.0	-1.0	
1504205166480	242910723243	268.0	0.0	0.0	-1.0	
1504205166498	242930864844	268.0	0.0	0.0	-1.0	
1504205166516	242951006446	268.0	0.0	0.0	-1.0	
1504205166534	242971148047	268.0	0.0	0.0	-1.0	
1504205166569	242991289649	268.0	0.0	0.0	-1.0	
1504205166586	243011431250	268.0	0.0	0.0	-1.0	
1504205166604	243031572852	268.0	0.0	0.0	-1.0	
1504205166622	243051714454	268.0	0.0	0.0	-1.0	
1504205166641	243071856055	268.0	0.0	0.0	-1.0	
1504205166658	243091997657	268.0	0.0	0.0	-1.0	
1504205166674	243112139258	268.0	0.0	0.0	-1.0	
1504205166709	243132280860	268.0	0.0	0.0	-1.0	
1504205166727	243152422461	268.0	0.0	0.0	-1.0	
1504205166746	243172564063	268.0	0.0	0.0	-1.0	
1504205166762	243192705664	268.0	0.0	0.0	-1.0	
1504205166780	243212847266	268.0	0.0	0.0	-1.0	
1504205166798	243232988868	268.0	0.0	0.0	-1.0	
1504205166815	243253130469	268.9722900390625	0.0	0.0	-1.0	
1504205166850	243273272071	269.0	0.0	0.0	-1.0	
1504205166867	243293413672	268.74005126953125	0.0	0.0	-1.0	
1504205166886	243313555274	268.0	0.0	0.0	-1.0	
1504205166904	243333696875	268.0	0.0	0.0	-1.0	
1504205166921	243353838477	268.0	0.0	0.0	-1.0	
1504205166939	243373980079	268.0	0.0	0.0	-1.0	
1504205166959	243394121680	268.0	0.0	0.0	-1.0	
1504205166993	243414263282	268.0	0.0	0.0	-1.0	
1504205167009	243434404883	268.0	0.0	0.0	-1.0	
1504205167027	243454546485	268.0	0.0	0.0	-1.0	
1504205167045	243474688086	268.0	0.0	0.0	-1.0	
1504205167063	243494829688	268.0	0.0	0.0	-1.0	
1504205167080	243514971289	268.0	0.0	0.0	-1.0	
1504205167098	243535112891	268.0	0.0	0.0	-1.0	
1504205167133	243555254493	268.0	0.0	0.0	-1.0	
1504205167150	243575396094	268.0	0.0	0.0	-1.0	
1504205167168	243595537696	268.0	0.0	0.0	-1.0	
1504205167185	243615679297	268.0	0.0	0.0	-1.0	
1504205167202	243635820899	268.0	0.0	0.0	-1.0	
1504205167221	243655962500	268.0	0.0	0.0	-1.0	
1504205167238	243676104102	268.0	0.0	0.0	-1.0	
1504205167273	243696245704	268.0	0.0	0.0	-1.0	
1504205167291	243716387305	268.0	0.0	0.0	-1.0	
1504205167308	243736528907	268.0	0.0	0.0	-1.0	
1504205167327	243756670508	268.0	0.0	0.0	-1.0	
1504205167344	243776812110	268.0	0.0	0.0	-1.0	
1504205167362	243796953711	268.0	0.0	0.0	-1.0	
1504205167379	243817095313	268.0	0.0	0.0	-1.0	
1504205167414	243837236914	268.0	0.0	0.0	-1.0	
1504205167432	243857378516	268.0	0.0	0.0	-1.0	
1504205167449	243877520118	268.0	0.0	0.0	-1.0	
1504205167467	243897661719	268.0	0.0	0.0	-1.0	
1504205167485	243917803321	268.0	0.0	0.0	-1.0	
1504205167503	243937944922	268.0	0.0	0.0	-1.0	
1504205167520	243958086524	268.0	0.0	0.0	-1.0	
1504205167555	243978228125	268.0	0.0	0.0	-1.0	
1504205167573	243998369727	268.0	0.0	0.0	-1.0	
1504205167592	244018511329	268.0	0.0	0.0	-1.0	
1504205167608	244038652930	268.0	0.0	0.0	-1.0	
1504205167625	244058794532	268.0	0.0	0.0	-1.0	
1504205167644	244078936133	268.0	0.0	0.0	-1.0	
1504205167661	244099077735	268.0	0.0	0.0	-1.0	
1504205167698	244119219336	268.0	0.0	0.0	-1.0	
1504205167714	244139360938	268.282470703125	-0.2824859619140625	0.0	-1.0	
1504205167732	244159502539	269.0	-1.0	0.0	-1.0	
1504205167750	244179644141	269.0	-1.0	0.0	-1.0	
1504205167767	244199785743	269.0	-1.0	0.0	-1.0	
1504205167785	244219927344	269.0	-1.0	0.0	-1.0	
1504205167802	244240068946	268.0	0.0	0.0	-1.0	
1504205167837	244260210547	268.0	0.0	0.0	-1.0	
1504205167855	244280352149	268.0	0.0	0.0	-1.0	
1504205167872	244300493750	268.0	0.0	0.0	-1.0	
1504205167890	244320635352	268.0	0.0	0.0	-1.0	
1504205167908	244340776954	268.0	0.0	0.0	-1.0	
1504205167925	244360918555	268.0	0.0	0.0	-1.0	
1504205167960	244381060157	268.0	0.0	0.0	-1.0	
1504205167977	244401201758	268.0	0.0	0.0	-1.0	
1504205167996	244421343360	268.0	0.0	0.0	-1.0	
1504205168014	244441484961	268.0	0.0	0.0	-1.0	
1504205168031	244461626563	268.0	0.0	0.0	-1.0	
1504205168049	244481768164	268.0	0.0	0.0	-1.0	
1504205168070	244501909766	268.0	0.0	0.0	-1.0	
1504205168102	244522051368	268.0	0.0	0.0	-1.0	
1504205168119	244542192969	268.0	0.0	0.0	-1.0	
1504205168138	244562334571	268.0	0.0	0.0	-1.0	
1504205168155	244582476172	268.0	0.0	0.0	-1.0	
1504205168173	244602617774	268.0	0.0	0.0	-1.0	
1504205168190	244622759375	268.0	0.0	0.0	-1.0	
1504205168207	244642900977	268.0	0.0	0.0	-1.0	
1504205168243	244663042579	268.0	0.0	0.0	-1.0	
1504205168260	244683184180	268.0	0.0	0.0	-1.0	
1504205168278	244703325782	268.0	0.0	0.0	-1.0	
1504205168296	244723467383	268.0	0.0	0.0	-1.0	
1504205168313	244743608985	268.0	0.0	0.0	-1.0	
1504205168332	244763750586	268.0	0.0	0.0	-1.0	
1504205168348	244783892188	268.0	0.0	0.0	-1.0	
1504205168385	244804033789	268.0	0.0	0.0	-1.0	
1504205168402	244824175391	268.0	0.0	0.0	-1.0	
1504205168419	244844316993	268.0	0.0	0.0	-1.0	
1504205168439	244864458594	268.0	0.0	0.0	-1.0	
1504205168455	244884600196	268.0	0.0	0.0	-1.0	
1504205168473	244904741797	268.0	0.0	0.0	-1.0	
1504205168490	244924883399	268.0	0.0	0.0	-1.0	
1504205168525	244945025000	268.0	0.0	0.0	-1.0	
1504205168543	244965166602	268.0	0.0	0.0	-1.0	
1504205168560	244985308204	268.0	0.0	0.0	-1.0	
1504205168578	245005449805	268.0	0.0	0.0	-1.0	
1504205168595	245025591407	268.0	0.0	0.0	-1.0	
1504205168612	245045733008	268.0	0.0	0.0	-1.0	
1504205168630	245065874610	268.0	0.0	0.0	-1.0	
1504205168666	245086016211	268.0	0.0	0.0	-1.0	
1504205168683	245106157813	268.0	0.0	0.0	-1.0	
1504205168701	245126299414	268.0	0.0	0.0	-1.0	
1504205168718	245146441016	268.0	0.0	0.0	-1.0	
1504205168736	245166582618	268.0	0.0	0.0	-1.0	
1504205168754	245186724219	268.7400207519531	0.0	0.0	-1.0	
1504205168772	245206865821	269.0	0.0	0.0	-1.0	
1504205168807	245227007422	268.0277099609375	0.0	0.0	-1.0	
1504205168824	245247149024	268.8287353515625	0.0	0.0	-1.0	
1504205168842	245267290625	268.0	0.0	0.0	-1.0	
1504205168861	245287432227	268.0	0.0	0.0	-1.0	
1504205168877	245307573829	268.0	0.0	0.0	-1.0	
1504205168894	245327715430	268.0	0.0	0.0	-1.0	
1504205168913	245347857032	268.8873291015625	0.0	0.0	-1.0	
1504205168948	245367998633	269.0	0.0	0.0	-1.0	
1504205168966	245388140235	269.0	0.0	0.0	-1.0	
1504205168983	245408281836	269.0	0.0	0.0	-1.0	
1504205169000	245428423438	269.0	0.0	0.0	-1.0	
1504205169019	245448565039	269.0	0.0	0.0	-1.0	
1504205169035	245468706641	269.0	0.0	0.0	-1.0	
1504205169053	245488848243	269.0	0.0	0.0	-1.0	
1504205169088	245508989844	269.0	0.0	0.0	-1.0	
1504205169106	245529131446	269.0	0.0	0.0	-1.0	
1504205169124	245549273047	269.0	0.0	0.0	-1.0	
1504205169141	245569414649	269.0	-0.46539306640625	0.0	-1.0	
1504205169159	245589556250	269.0	-1.0	0.0	-1.0	
1504205169178	245609697852	269.0	-1.0	0.0	-1.0	
1504205169195	245629839454	269.0	-1.0	0.0	-1.0	
1504205169230	245649981055	269.0	-0.9602203369140625	0.0	-1.0	
1504205169247	245670122657	269.0	0.0	0.0	-1.0	
1504205169265	245690264258	269.0	0.0	0.0	-1.0	
1504205169283	245710405860	269.0	0.0	0.0	-1.0	
1504205169299	245730547461	269.0	0.0	0.0	-1.0	
1504205169318	245750689063	269.0	0.0	0.0	-1.0	
1504205169336	245770830664	269.0	0.0	0.0	-1.0	
1504205169371	245790972266	269.0	0.0	0.0	-1.0	
1504205169388	245811113868	269.0	0.0	0.0	-1.0	
1504205169407	245831255469	269.0	0.0	0.0	-1.0	
1504205169424	245851397071	269.0	0.0	0.0	-1.0	
1504205169442	245871538672	269.0	0.0	0.0	-1.0	
1504205169459	245891680274	269.0	0.0	0.0	-1.0	
1504205169476	245911821875	269.0	0.0	0.0	-1.0	
1504205169511	245931963477	269.0	0.0	0.0	-1.0	
1504205169528	245952105079	269.0	0.0	0.0	-1.0	
1504205169547	245972246680	269.0	0.0	0.0	-1.0	
1504205169564	245992388282	269.0	0.0	0.0	-1.0	
1504205169581	246012529883	269.0	0.0	0.0	-1.0	
1504205169599	246032671485	268.2357177734375	0.0	0.0	-1.0	
1504205169617	246052813086	268.0	0.0	0.0	-1.0	
1504205169653	246072954688	268.05023193359375	0.0	0.0	-1.0	
1504205169670	246093096289	269.0	0.0	0.0	-1.0	
1504205169687	246113237891	269.0	0.0	0.0	-1.0	
1504205169707	246133379493	269.0	0.0	0.0	-1.0	
1504205169723	246153521094	268.3760986328125	0.0	0.0	-1.0	
1504205169740	246173662696	268.0	0.0	0.0	-1.0	
1504205169758	246193804297	268.0	0.0	0.0	-1.0	
1504205169793	246213945899	268.0	0.0	0.0	-1.0	
1504205169812	246234087500	268.0	0.0	0.0	-1.0	
1504205169829	246254229102	268.0	0.0	0.0	-1.0	
1504205169846	246274370704	268.0	0.0	0.0	-1.0	
1504205169865	246294512305	268.0	0.0	0.0	-1.0	
1504205169881	246314653907	268.771240234375	0.0	0.0	-1.0	
1504205169900	246334795508	269.0	0.0	0.0	-1.0	
1504205169935	246354937110	268.94110107421875	0.0	0.0	-1.0	
1504205169952	246375078711	268.0	0.0	0.0	-1.0	
1504205169970	246395220313	268.0	0.0	0.0	-1.0	
1504205169988	246415361914	268.0	0.0	0.0	-1.0	
1504205170005	246435503516	268.0	0.0	0.0	-1.0	
1504205170024	246455645118	268.0	0.0	0.0	-1.0	
1504205170041	246475786719	268.0	0.0	0.0	-1.0	
1504205170075	246495928321	269.0	0.0	0.0	-1.0	
1504205170093	246516069922	269.0	0.0	0.0	-1.0	
1504205170111	246536211524	269.0	0.0	0.0	-1.0	
1504205170129	246556353125	269.0	0.0	0.0	-1.0	
1504205170146	246576494727	269.0	0.0	0.0	-1.0	
1504205170163	246596636329	269.0	0.0	0.0	-1.0	
1504205170182	246616777930	269.0	0.0	0.0	-1.0	
1504205170217	246636919532	269.0	0.0	0.0	-1.0	
1504205170235	246657070566	269.0	0.0	0.0	-1.0	
1504205170252	246677212168	269.0	0.0	0.0	-1.0	
1504205170270	246697353769	269.0	0.0	0.0	-1.0	
1504205170288	246717495371	269.0	0.0	0.0	-1.0	
1504205170305	246737636972	269.0	0.0	0.0	-1.0	
1504205170322	246757778574	268.07281494140625	0.0	0.0	-1.0	
1504205170359	246777920176	268.0	0.0	0.0	-1.0	
1504205170375	246798061777	268.0	0.0	0.0	-1.0	
1504205170393	246818203379	268.0	0.0	0.0	-1.0	
1504205170410	246838344980	268.0	0.0	0.0	-1.0	
1504205170428	246858486582	268.0	0.0	0.0	-1.0	
1504205170449	246878628183	268.0	0.0	0.0	-1.0	
1504205170462	246898769785	268.0	0.0	0.0	-1.0	
1504205170498	246918911387	268.0	0.0	0.0	-1.0	
1504205170516	246939052988	268.0	0.0	0.0	-1.0	
1504205170533	246959194590	268.0	0.0	0.0	-1.0	
1504205170550	246979336191	268.0	0.0	0.0	-1.0	
1504205170568	246999477793	268.0	0.0	0.0	-1.0	
1504205170586	247019619394	268.0	0.0	0.0	-1.0	
1504205170604	247039760996	268.0	0.0	0.0	-1.0	
1504205170638	247059902597	268.0	0.0	0.0	-1.0	
1504205170656	247080044199	268.0	0.0	0.0	-1.0	
1504205170675	247100185801	268.0	0.0	0.0	-1.0	
1504205170692	247120327402	268.0	0.0	0.0	-1.0	
1504205170711	247140469004	268.0	0.0	0.0	-1.0	
1504205170727	247160610605	268.0	0.0	0.0	-1.0	
1504205170744	247180752207	268.0	0.0	0.0	-1.0	
1504205170780	247200893808	268.0	0.0	0.0	-1.0	
1504205170797	247221035410	268.0	0.0	0.0	-1.0	
1504205170816	247241177012	268.0	0.0	0.0	-1.0	
1504205170833	247261318613	268.0	0.0	0.0	-1.0	
1504205170850	247281460215	268.0	0.0	0.0	-1.0	
1504205170869	247301601816	268.0	0.0	0.0	-1.0	
1504205170885	247321743418	268.0	0.0	0.0	-1.0	
1504205170921	247341885019	268.0	0.0	0.0	-1.0	
1504205170938	247362026621	268.0	0.0	0.0	-1.0	
1504205170956	247382168222	268.0	0.0	0.0	-1.0	
1504205170974	247402309824	268.0	0.0	0.0	-1.0	
1504205170991	247422451426	268.0	0.0	0.0	-1.0	
1504205171009	247442593027	268.0	0.0	0.0	-1.0	
1504205171027	247462734629	268.0	0.0	0.0	-1.0	
1504205171062	247482876230	268.0	0.0	0.0	-1.0	
1504205171079	247503017832	268.0	0.0	0.0	-1.0	
1504205171097	247523159433	268.0	0.0	0.0	-1.0	
1504205171115	247543301035	268.0	0.0	0.0	-1.0	
1504205171133	247563442637	268.0	0.0	0.0	-1.0	
1504205171150	247583584238	268.0	0.0	0.0	-1.0	
1504205171168	247603725840	268.0	0.0	0.0	-1.0	
1504205171203	247623867441	268.0	0.0	0.0	-1.0	
1504205171221	247644009043	268.0	0.0	0.0	-1.0	
1504205171238	247664150644	268.0	0.0	0.0	-1.0	
1504205171256	247684292246	268.0	0.0	0.0	-1.0	
1504205171273	247704433847	268.0	0.0	0.0	-1.0	
1504205171292	247724575449	268.0	0.0	0.0	-1.0	
1504205171309	247744717051	268.0	0.0	0.0	-1.0	
1504205171344	247764858652	268.0	0.0	0.0	-1.0	
1504205171362	247785000254	268.0	0.0	0.0	-1.0	
1504205171380	247805141855	268.0	0.0	0.0	-1.0	
1504205171398	247825283457	268.0	0.0	0.0	-1.0	
1504205171414	247845425058	268.0	0.0	0.0	-1.0	
1504205171432	247865566660	268.0	0.0	0.0	-1.0	
1504205171449	247885708262	268.0	0.0	0.0	-1.0	
1504205171485	247905849863	268.0	0.0	0.0	-1.0	
1504205171502	247925991465	268.0	0.0	0.0	-1.0	
1504205171520	247946133066	268.0	0.0	0.0	-1.0	
1504205171538	247966274668	268.0	0.0	0.0	-1.0	
1504205171556	247986416269	268.0	0.0	0.0	-1.0	
1504205171573	248006557871	268.0	0.0	0.0	-1.0	
1504205171590	248026699472	268.0	0.0	0.0	-1.0	
1504205171626	248046841074	268.0	0.0	0.0	-1.0	
1504205171643	248066982676	268.0	0.0	0.0	-1.0	
1504205171661	248087124277	268.0	0.0	0.0	-1.0	
1504205171679	248107265879	268.0	0.0	0.0	-1.0	
1504205171696	248127407480	268.0	0.0	0.0	-1.0	
1504205171715	248147549082	268.0	0.0	0.0	-1.0	
1504205171732	248167690683	268.0	0.0	0.0	-1.0	
1504205171767	248187832285	268.0	0.0	0.0	-1.0	
1504205171784	248207973887	268.0	0.0	0.0	-1.0	
1504205171802	248228115488	268.0	0.0	0.0	-1.0	
1504205171821	248248257090	268.0	0.0	0.0	-1.0	
1504205171839	248268398691	268.0	0.0	0.0	-1.0	
1504205171856	248288540293	268.0	0.0	0.0	-1.0	
1504205171874	248308681894	268.0	0.0	0.0	-1.0	
1504205171908	248328823496	268.0	0.0	0.0	-1.0	
1504205171926	248348965097	268.0	0.0	0.0	-1.0	
1504205171943	248369106699	268.0	0.0	0.0	-1.0	
1504205171960	248389248301	268.0	0.0	0.0	-1.0	
1504205171979	248409389902	268.0	0.0	0.0	-1.0	
1504205171995	248429531504	268.83013916015625	0.0	0.0	-1.0	
1504205172014	248449673105	269.0	0.0	0.0	-1.0	
1504205172049	248469814707	269.0	0.0	0.0	-1.0	
1504205172067	248489956308	269.0	0.0	0.0	-1.0	
1504205172086	248510097910	269.0	0.0	0.0	-1.0	
1504205172101	248530239512	269.0	0.0	0.0	-1.0	
1504205172120	248550381113	269.0	0.0	0.0	-1.0	
1504205172137	248570522715	269.0	0.0	0.0	-1.0	
1504205172155	248590664316	269.0	0.0	0.0	-1.0	
1504205172191	248610805918	269.0	0.0	0.0	18.0	
1504205172209	248630947519	269.0	0.0	0.0	18.0	
1504205172225	248651089121	269.0	0.0	0.0	18.0	
1504205172246	248671230722	269.0	0.0	0.0	18.0	
1504205172266	248691372324	269.0	0.0	0.0	18.0	
1504205172283	248711513926	269.0	0.0	0.0	18.0	
1504205172301	248731655527	269.0	0.0	0.0	18.0	
1504205172332	248751797129	269.0	0.0	0.0	18.0	
1504205172349	248771938730	269.0	0.0	0.0	18.0	
1504205172367	248792080332	269.0	0.0	0.0	18.0	
1504205172385	248812221933	269.0	0.0	0.0	18.0	
1504205172404	248832363535	269.0	0.0	0.0	18.0	
1504205172420	248852505137	269.0	0.0	0.0	18.0	
1504205172437	248872646738	269.0	0.0	0.0	18.0	
1504205172473	248892788340	269.0	0.0	0.0	18.0	
1504205172491	248912929941	269.0	0.0	0.0	18.0	
1504205172508	248933071543	269.0	0.0	0.0	18.0	
1504205172526	248953213144	269.0	0.0	0.0	18.0	
1504205172544	248973354746	269.0	0.0	0.0	18.0	
1504205172563	248993496347	269.0	0.0	0.0	18.0	
1504205172579	249013637949	269.0	0.0	0.0	18.0	
1504205172615	249033779551	269.0	0.0	0.0	18.0	
1504205172632	249053921152	269.0	0.0	0.0	18.0	
1504205172649	249074062754	268.5805969238281	0.0	0.0	18.0	
1504205172667	249094204355	268.0	0.0	0.0	18.0	
1504205172684	249114345957	268.0	0.0	0.0	18.0	
1504205172702	249134487558	268.0	0.0	0.0	18.0	
1504205172721	249154629160	268.0	0.0	0.0	18.0	
1504205172755	249174770762	268.0	0.0	0.0	18.0	
1504205172774	249194912363	268.0	0.0	0.0	18.0	
1504205172789	249215053965	268.0	0.0	0.0	18.0	
1504205172807	249235195566	268.0	0.0	0.0	18.0	
1504205172826	249255337168	268.0	0.0	0.0	18.0	
1504205172842	249275478769	268.0	0.0	0.0	18.0	
1504205172860	249295620371	268.0	0.0	0.0	18.0	
1504205172895	249315761972	268.0	0.0	0.0	18.0	
1504205172913	249335903574	268.0	0.0	0.0	18.0	
1504205172933	249356045176	268.42633056640625	0.0	0.0	18.0	
1504205172949	249376186777	269.0	0.0	0.0	18.0	
1504205172967	249396328379	269.0	0.0	0.0	18.0	
1504205172986	249416469980	269.0	0.0	0.0	18.0	
1504205173002	249436611582	269.0	0.0	0.0	18.0	
1504205173037	249456753183	269.0	0.0	0.0	18.0	
1504205173054	249476894785	269.0	0.0	0.0	18.0	
1504205173071	249497036387	269.0	0.0	0.0	18.0	
1504205173089	249517177988	269.0	0.0	0.0	18.0	
1504205173107	249537319590	269.0	0.0	0.0	18.0	
1504205173124	249557461191	269.0	0.0	0.0	18.0	
1504205173160	249577602793	269.0	0.0	0.0	18.0	
1504205173178	249597744394	269.0	0.0	0.0	18.0	
1504205173195	249617885996	269.0	0.0	0.0	18.0	
1504205173213	249638027597	269.0	0.0	0.0	18.0	
1504205173230	249658169199	269.0	0.0	0.0	18.0	
1504205173250	249678310801	269.0	0.0	0.0	18.0	
1504205173266	249698452402	269.0	0.0	0.0	18.0	
1504205173301	249718594004	269.0	0.0	0.0	18.0	
1504205173319	249738735605	269.0	0.0	0.0	18.0	
1504205173337	249758877207	269.0	0.0	0.0	18.0	
1504205173355	249779018808	269.0	0.0	0.0	18.0	
1504205173372	249799160410	269.0	0.0	0.0	18.0	
1504205173390	249819302012	269.0	0.0	0.0	18.0	
1504205173408	249839443613	269.0	0.0	0.0	18.0	
1504205173442	249859585215	269.0	0.0	0.0	18.0	
1504205173460	249879726816	269.0	0.0	0.0	18.0	
1504205173478	249899868418	269.0	0.0	0.0	18.0	
1504205173495	249920010019	269.0	0.0	0.0	18.0	
1504205173513	249940151621	269.0	0.0	0.0	18.0	
1504205173530	249960293222	269.0	0.0	0.0	18.0	
1504205173548	249980434824	269.0	0.0	0.0	18.0	
1504205173583	250000576426	269.0	0.0	0.0	18.0	
1504205173600	250020718027	269.0	0.0	0.0	18.0	
1504205173619	250040859629	269.0	0.0	0.0	18.0	
1504205173636	250061001230	269.0	0.0	0.0	18.0	
1504205173653	250081142832	269.0	0.0	0.0	18.0	
1504205173672	250101284433	269.0	0.0	0.0	18.0	
1504205173689	250121426035	269.0	0.0	0.0	18.0	
1504205173730	250141567637	269.0	0.0	0.0	18.0	
1504205173742	250161709238	269.0	0.0	0.0	18.0	
1504205173759	250181850840	269.0	0.0	0.0	18.0	
1504205173779	250201992441	269.0	0.0	0.0	18.0	
1504205173794	250222134043	269.0	0.0	0.0	18.0	
1504205173812	250242275644	269.0	0.0	0.0	18.0	
1504205173831	250262417246	269.0	0.0	0.0	18.0	
1504205173865	250282558847	269.0	0.0	0.0	18.0	
1504205173883	250302700449	269.0	0.0	0.0	18.0	
1504205173907	250322842051	269.0	0.0	0.0	18.0	
1504205173918	250342983652	269.0	0.0	0.0	18.0	
1504205173936	250363125254	269.0	0.0	0.0	18.0	
1504205173953	250383266855	269.0	0.0	0.0	18.0	
1504205173971	250403408457	269.0	0.0	0.0	18.0	
1504205174006	250423550058	269.0	0.0	0.0	18.0	
1504205174023	250443691660	269.0	0.0	0.0	18.0	
1504205174042	250463833262	269.0	0.0	0.0	18.0	
1504205174058	250483974863	269.0	0.0	0.0	18.0	
1504205174076	250504116465	269.0	0.0	0.0	18.0	
1504205174095	250524258066	269.0	0.0	0.0	18.0	
1504205174112	250544399668	269.0	0.0	0.0	18.0	
1504205174148	250564541269	269.0	0.0	0.0	18.0	
1504205174165	250584682871	269.0	0.0	0.0	18.0	
1504205174182	250604824472	269.0	0.0	0.0	18.0	
1504205174199	250624966074	269.0	0.0	0.0	18.0	
1504205174217	250645107676	269.0	0.0	0.0	18.0	
1504205174235	250665249277	269.0	0.0	0.0	18.0	
1504205174254	250685390879	269.0	0.0	0.0	18.0	
1504205174288	250705532480	269.0	0.0	0.0	18.0	
1504205174305	250725674082	269.0	0.0	0.0	18.0	
1504205174323	250745815683	269.0	0.0	0.0	18.0	
1504205174341	250765957285	269.0	0.0	0.0	18.0	
1504205174359	250786098887	269.0	0.0	0.0	18.0	
1504205174376	250806240488	269.0	0.0	0.0	18.0	
1504205174394	250826382090	269.0	0.0	0.0	18.0	
1504205174429	250846523691	269.0	0.0	0.0	18.0	
1504205174447	250866665293	269.0	0.0	0.0	18.0	
1504205174464	250886806894	269.0	0.0	0.0	18.0	
1504205174482	250906948496	269.0	0.0	0.0	18.0	
1504205174499	250927090097	269.0	0.0	0.0	18.0	
1504205174518	250947231699	269.0	0.0	0.0	18.0	
1504205174534	250967373301	269.0	0.0	0.0	18.0	
1504205174569	250987514902	269.0	0.0	0.0	18.0	
1504205174587	251007656504	269.0	0.0	0.0	18.0	
1504205174605	251027798105	269.0	0.0	0.0	18.0	
1504205174624	251047939707	269.0	0.0	0.0	18.0	
1504205174641	251068081308	269.0	0.0	0.0	18.0	
1504205174661	251088222910	269.0	0.0	0.0	18.0	
1504205174677	251108364512	269.0	0.0	0.0	18.0	
1504205174711	251128506113	269.0	0.0	0.0	18.0	
1504205174728	251148647715	269.0	0.0	0.0	18.0	
1504205174746	251168789316	269.0	0.0	0.0	18.0	
1504205174764	251188930918	269.0	0.0	0.0	18.0	
1504205174782	251209072519	269.0	0.0	0.0	18.0	
1504205174799	251229214121	269.0	0.0	0.0	18.0	
1504205174818	251249355722	269.0	0.0	0.0	18.0	
1504205174852	251269497324	269.0	0.0	0.0	18.0	
1504205174870	251289638926	269.0	0.0	0.0	18.0	
1504205174888	251309780527	269.0	0.0	0.0	18.0	
1504205174905	251329922129	269.0	0.0	0.0	18.0	
1504205174923	251350063730	269.0	0.0	0.0	18.0	
1504205174942	251370205332	269.0	0.0	0.0	18.0	
1504205174958	251390346933	269.0	0.0	0.0	18.0	
1504205174995	251410488535	269.0	0.0	0.0	18.0	
1504205175011	251430630137	269.0	0.0	0.0	18.0	
1504205175028	251450771738	269.0	0.0	0.0	18.0	
1504205175046	251470913340	269.0	0.0	0.0	18.0	
1504205175063	251491054941	269.0	0.0	0.0	18.0	
1504205175081	251511196543	269.0	0.0	0.0	18.0	
1504205175100	251531338144	269.0	0.0	0.0	18.0	
1504205175134	251551479746	269.0	0.0	0.0	18.0	
1504205175153	251571621347	269.0	0.0	0.0	18.0	
1504205175169	251591762949	269.0	0.0	0.0	18.0	
1504205175187	251611904551	269.0	0.0	0.0	18.0	
1504205175204	251632046152	269.0	0.0	0.0	18.0	
1504205175222	251652187754	269.0	0.0	0.0	18.0	
1504205175240	251672329355	269.0	0.0	0.0	18.0	
1504205175275	251692470957	269.0	0.0	0.0	18.0	
1504205175292	251712612558	269.0	0.0	0.0	18.0	
1504205175310	251732754160	269.0	0.0	0.0	18.0	
1504205175329	251752895762	269.0	0.0	0.0	18.0	
1504205175346	251773037363	269.0	0.0	0.0	18.0	
1504205175365	251793178965	269.0	0.0	0.0	18.0	
1504205175381	251813320566	269.0	0.0	0.0	18.0	
1504205175418	251833462168	269.0	0.0	0.0	18.0	
1504205175434	251853603769	269.0	0.0	0.0	18.0	
1504205175452	251873745371	269.0	0.0	0.0	18.0	
1504205175470	251893886972	269.0	0.0	0.0	18.0	
1504205175487	251914028574	269.0	0.0	0.0	18.0	
1504205175504	251934170176	269.0	0.0	0.0	18.0	
1504205175523	251954311777	269.0	0.0	0.0	18.0	
1504205175558	251974453379	269.0	0.0	0.0	18.0	
1504205175575	251994594980	269.0	0.0	0.0	18.0	
1504205175594	252014736582	269.0	0.0	0.0	18.0	
1504205175610	252034878183	269.0	0.0	0.0	18.0	
1504205175629	252055019785	269.0	0.0	0.0	18.0	
1504205175645	252075161387	269.0	0.0	0.0	18.0	
1504205175663	252095302988	269.0	0.0	0.0	18.0	
1504205175698	252115444590	269.0	0.0	0.0	18.0	
1504205175716	252135586191	269.0	0.0	0.0	18.0	
1504205175735	252155727793	269.0	0.0	0.0	18.0	
1504205175751	252175869394	269.0	0.0	0.0	18.0	
1504205175769	252196010996	269.0	0.0	0.0	18.0	
1504205175788	252216152597	269.0	0.0	0.0	18.0	
1504205175804	252236294199	269.0	0.0	0.0	18.0	
1504205175838	252256435801	269.0	0.0	0.0	18.0	
1504205175856	252276577402	269.0	0.0	0.0	18.0	
1504205175874	252296719004	269.0	0.0	0.0	18.0	
1504205175892	252316860605	269.0	0.0	0.0	18.0	
1504205175910	252337002207	269.0	0.0	0.0	18.0	
1504205175929	252357143808	269.0	0.0	0.0	18.0	
1504205175946	252377285410	269.0	0.0	0.0	18.0	
1504205175980	252397427012	269.0	0.0	0.0	18.0	
1504205175997	252417568613	269.0	0.0	0.0	18.0	
1504205176015	252437710215	269.0	0.0	0.0	18.0	
1504205176033	252457851816	269.0	0.0	0.0	18.0	
1504205176051	252477993418	269.0	0.0	0.0	18.0	
1504205176068	252498135019	269.0	0.0	0.0	18.0	
1504205176086	252518276621	269.0	0.0	0.0	18.0	
1504205176121	252538418222	269.0	0.0	0.0	18.0	
1504205176139	252558559824	269.0	0.0	0.0	18.0	
1504205176156	252578701426	269.0	0.0	0.0	18.0	
1504205176173	252598843027	269.0	0.0	0.0	18.0	
1504205176192	252618984629	269.0	0.0	0.0	18.0	
1504205176210	252639126230	269.0	0.0	0.0	18.0	
1504205176227	252659267832	269.0	0.0	0.0	18.0	
