1501271315052	5405857779014	70.64273071289063	-25.0	-25.0	105.0	
1501271315068	5405877920616	71.0	-25.0	-25.0	105.0	
1501271315082	5405898062217	71.0	-25.0	-25.0	105.0	
1501271315106	5405918203819	71.0	-25.0	-25.0	105.0	
1501271315116	5405938345420	71.0	-25.0	-25.0	105.0	
1501271315127	5405958487022	71.0	-25.0	-25.0	105.0	
1501271315139	5405978628623	71.0	-25.0	-25.0	105.0	
1501271315151	5405998770225	71.0	-25.0	-25.0	105.0	
1501271315162	5406018911827	71.0	-25.0	-25.0	105.0	
1501271315175	5406039053428	71.80682373046875	-25.0	-25.0	105.0	
1501271315187	5406059195030	72.0	-25.0	-25.0	105.0	
