1501271300074	5390892551618	-0.0110321044921875	0.0127716064453125	-0.00927734375	2.0	
1501271300100	5390912693220	-4.8828125E-4	0.0231781005859375	-0.0196075439453125	2.0	
1501271300106	5390932834821	-0.01446533203125	0.0736083984375	-0.02813720703125	2.0	
1501271300117	5390952976423	-0.044708251953125	0.1373443603515625	-0.0287322998046875	2.0	
1501271300143	5390973118024	-0.0984039306640625	0.2111968994140625	-0.0621337890625	2.0	
1501271300153	5390993259626	-0.1881561279296875	0.253082275390625	-0.13348388671875	2.0	
1501271300163	5391013401227	-0.2334747314453125	0.2616729736328125	-0.1720733642578125	2.0	
1501271300192	5391033542829	-0.2445526123046875	0.2191619873046875	-0.1905670166015625	2.0	
1501271300212	5391053684431	-0.1899566650390625	0.187225341796875	-0.17572021484375	2.0	
1501271300219	5391073826032	-0.191802978515625	0.1739044189453125	-0.1717376708984375	2.0	
1501271300225	5391093967634	-0.211944580078125	0.1435394287109375	-0.2104339599609375	2.0	
1501271300243	5391114109235	-0.1760101318359375	0.09063720703125	-0.235137939453125	2.0	
1501271300261	5391134250837	-0.096954345703125	0.0924530029296875	-0.2349395751953125	2.0	
1501271300283	5391154392438	-0.1130218505859375	0.156951904296875	-0.195770263671875	2.0	
1501271300301	5391174534040	-0.17156982421875	0.118804931640625	-0.154693603515625	2.0	
1501271300334	5391194675642	-0.1181488037109375	0.067108154296875	-0.15338134765625	2.0	
1501271300350	5391214817243	0.007049560546875	0.108428955078125	-0.1059417724609375	2.0	
1501271300368	5391234958845	0.043914794921875	0.1216278076171875	-0.04412841796875	2.0	
1501271300387	5391255100446	0.0033111572265625	0.1109161376953125	-0.01495361328125	2.0	
1501271300404	5391275242048	-0.044769287109375	0.09564208984375	-0.0289764404296875	2.0	
1501271300422	5391295383649	-0.0288848876953125	0.05938720703125	-0.027740478515625	2.0	
1501271300439	5391315525251	0.026611328125	0.0230255126953125	0.0012359619140625	2.0	
1501271300457	5391335666852	0.030426025390625	0.0414886474609375	-0.0062255859375	2.0	
1501271300493	5391355808454	-0.0198211669921875	0.0397186279296875	0.0118255615234375	2.0	
1501271300511	5391375950056	-0.053375244140625	0.017486572265625	0.0140380859375	2.0	
1501271300533	5391396091657	-0.0411224365234375	-0.0275115966796875	0.008514404296875	2.0	
1501271300547	5391416233259	-0.02423095703125	-0.0465850830078125	-0.0118560791015625	2.0	
1501271300565	5391436374860	-0.0042724609375	-0.011962890625	-0.008514404296875	2.0	
1501271300582	5391456516462	-0.0029144287109375	-0.0158233642578125	0.0123748779296875	2.0	
1501271300601	5391476658063	0.0026397705078125	-0.052520751953125	0.03277587890625	2.0	
1501271300618	5391496799665	0.055145263671875	-0.0805511474609375	0.0561676025390625	2.0	
1501271300654	5391516941267	0.0574188232421875	-0.0774993896484375	0.040130615234375	2.0	
1501271300673	5391537082868	0.0809478759765625	-0.0209808349609375	0.0373992919921875	2.0	
1501271300690	5391557224470	0.15643310546875	0.02239990234375	0.0468597412109375	2.0	
1501271300707	5391577366071	0.245880126953125	0.099945068359375	0.0425872802734375	2.0	
1501271300725	5391597507673	0.2342376708984375	0.239654541015625	0.0293426513671875	2.0	
1501271300743	5391617649274	0.0634002685546875	0.37835693359375	-0.0079193115234375	2.0	
1501271300763	5391637790876	-0.0661163330078125	0.4746551513671875	-0.052154541015625	2.0	
1501271300783	5391657932477	-0.103302001953125	0.4929656982421875	-0.038238525390625	2.0	
1501271300814	5391678074079	-0.03912353515625	0.416656494140625	-0.006561279296875	2.0	
1501271300832	5391698215681	0.0365447998046875	0.3166656494140625	0.010589599609375	2.0	
1501271300850	5391718357282	0.0403900146484375	0.203643798828125	0.04266357421875	2.0	
1501271300868	5391738498884	0.034271240234375	0.0540924072265625	0.0352783203125	2.0	
1501271300886	5391758640485	0.0330963134765625	-0.112060546875	1.52587890625E-5	2.0	
1501271300904	5391778782087	0.0195465087890625	-0.2584686279296875	-0.038543701171875	2.0	
1501271300922	5391798923688	0.0348968505859375	-0.2660675048828125	-0.054412841796875	2.0	
1501271300940	5391819065290	0.0642852783203125	-0.2142791748046875	-0.0709686279296875	2.0	
1501271300978	5391839206892	0.0320587158203125	-0.241851806640625	-0.0657958984375	2.0	
1501271300993	5391859348493	0.041046142578125	-0.259368896484375	-0.03271484375	2.0	
1501271301013	5391879490095	0.082183837890625	-0.1958160400390625	-0.0104827880859375	2.0	
1501271301034	5391899631696	0.08489990234375	-0.0908966064453125	0.0427398681640625	2.0	
1501271301063	5391919773298	0.015167236328125	-0.0118408203125	0.089996337890625	2.0	
1501271301099	5391939914899	-0.0217132568359375	0.0138702392578125	0.082305908203125	2.0	
1501271301113	5391960056501	-0.0125274658203125	0.08367919921875	0.0341644287109375	2.0	
1501271301131	5391980198102	0.0147247314453125	0.0387115478515625	0.0097198486328125	2.0	
1501271301182	5392000339704	0.031005859375	-0.023223876953125	0.03173828125	2.0	
1501271301212	5392020481306	0.024566650390625	-0.0114898681640625	0.0242156982421875	2.0	
1501271301228	5392040622907	-0.0030670166015625	-0.0086669921875	0.0318145751953125	2.0	
1501271301238	5392060764509	-0.0111846923828125	-0.0512542724609375	0.049041748046875	2.0	
1501271301260	5392080906110	6.103515625E-5	-0.1157684326171875	0.048095703125	2.0	
1501271301265	5392101047712	-0.003265380859375	-0.137176513671875	0.0184783935546875	2.0	
1501271301275	5392121189313	0.0218353271484375	-0.124359130859375	-0.04852294921875	2.0	
1501271301338	5392141330915	0.020477294921875	-0.1333465576171875	-0.11285400390625	2.0	
1501271301357	5392161472517	0.0544586181640625	-0.3085784912109375	-0.085601806640625	2.0	
1501271301377	5392181614118	0.1365814208984375	-0.66632080078125	0.130523681640625	2.0	
1501271301406	5392201755720	0.2307586669921875	-0.6703948974609375	0.461212158203125	2.0	
1501271301434	5392221897321	0.2333984375	-0.5139007568359375	0.646575927734375	2.0	
1501271301461	5392242038923	0.1732940673828125	-0.223175048828125	0.4892425537109375	2.0	
1501271301467	5392262180524	0.3262786865234375	0.1441497802734375	0.1984405517578125	2.0	
1501271301485	5392282322126	0.3824310302734375	0.1661224365234375	0.0435028076171875	2.0	
1501271301528	5392302463727	0.422271728515625	0.21588134765625	0.0599212646484375	2.0	
1501271301587	5392322605329	0.387542724609375	0.117584228515625	0.004730224609375	2.0	
1501271301606	5392342746931	0.2531585693359375	0.02349853515625	0.028839111328125	2.0	
1501271301628	5392362888532	0.0229034423828125	-0.0689239501953125	-0.0767974853515625	2.0	
1501271301657	5392383030134	-0.1035003662109375	-0.327606201171875	-0.2481231689453125	2.0	
1501271301662	5392403171735	-0.0735015869140625	-0.4857635498046875	-0.2371978759765625	2.0	
1501271301680	5392423313337	0.008209228515625	-0.206878662109375	-0.07244873046875	2.0	
1501271301697	5392443454938	0.09515380859375	0.001373291015625	0.02349853515625	2.0	
1501271301728	5392463596540	0.1080169677734375	-0.043975830078125	0.0441741943359375	2.0	
1501271301767	5392483738142	0.0769805908203125	0.0159912109375	0.1128387451171875	2.0	
1501271301781	5392503879743	0.095489501953125	0.3018798828125	0.21197509765625	2.0	
1501271301793	5392524021345	0.0554962158203125	0.5628814697265625	0.2826385498046875	2.0	
1501271301798	5392544162946	-0.11651611328125	0.6319122314453125	0.220123291015625	2.0	
1501271301806	5392564304548	-0.2135467529296875	0.37274169921875	0.0184783935546875	2.0	
1501271301818	5392584446149	-0.2330169677734375	0.108612060546875	-0.1035614013671875	2.0	
1501271301836	5392604587751	-0.21142578125	-0.00262451171875	-0.1331787109375	2.0	
1501271301880	5392624729352	-0.224700927734375	0.2996063232421875	0.0081024169921875	2.0	
1501271301904	5392644870954	-0.23406982421875	0.43658447265625	0.1009063720703125	2.0	
1501271301921	5392665012556	-0.1792449951171875	0.41839599609375	-0.023040771484375	2.0	
1501271301930	5392685154157	-0.1033172607421875	0.0539398193359375	-0.057647705078125	2.0	
1501271301952	5392705295759	-0.12664794921875	-0.012420654296875	0.0323638916015625	2.0	
1501271301968	5392725437360	-0.0981292724609375	0.1632232666015625	0.0636138916015625	2.0	
1501271301984	5392745578962	0.1946258544921875	0.05291748046875	-0.0213775634765625	2.0	
1501271302003	5392765720563	0.432861328125	-0.3500823974609375	0.0054473876953125	2.0	
1501271302126	5392785862165	0.350006103515625	-0.542327880859375	-0.0217742919921875	2.0	
1501271302141	5392806003767	0.140411376953125	-0.3017578125	-0.1794281005859375	2.0	
1501271302153	5392826145368	-0.0595550537109375	-0.06170654296875	-0.3022308349609375	2.0	
1501271302167	5392846286970	-0.0962371826171875	-0.005401611328125	-0.3516082763671875	2.0	
1501271302197	5392866428571	0.0224609375	-0.30718994140625	-0.329833984375	2.0	
1501271302229	5392886570173	0.0866241455078125	-0.6796417236328125	-0.2515411376953125	2.0	
1501271302254	5392906711774	-0.063629150390625	-0.7646942138671875	-0.2036895751953125	2.0	
1501271302284	5392926853376	-0.200775146484375	-0.796051025390625	-0.196075439453125	2.0	
1501271302319	5392946994977	-0.2384490966796875	-0.867218017578125	-0.070770263671875	2.0	
1501271302338	5392967136579	-0.2671356201171875	-0.55303955078125	-0.0505523681640625	2.0	
1501271302342	5392987278181	-0.174774169921875	-0.41510009765625	-0.031646728515625	2.0	
1501271302351	5393007419782	-0.0515899658203125	-0.279144287109375	-0.0366363525390625	2.0	
1501271302373	5393027561384	-0.094146728515625	-0.1625823974609375	-0.026763916015625	2.0	
1501271302385	5393047702985	-0.150054931640625	0.01947021484375	3.0517578125E-5	2.0	
1501271302561	5393067844587	-0.190399169921875	0.090240478515625	0.0027008056640625	2.0	
1501271302579	5393087986188	-0.155731201171875	-0.128814697265625	-0.0116424560546875	2.0	
1501271302641	5393108127790	-0.134307861328125	-0.2469482421875	-0.0473480224609375	2.0	
1501271302660	5393128269392	-0.0929412841796875	-0.1596221923828125	-0.0668487548828125	2.0	
1501271302714	5393148410993	-0.0632781982421875	0.086578369140625	-0.05169677734375	2.0	
1501271302827	5393168552595	-2.593994140625E-4	0.2779998779296875	-0.0612640380859375	2.0	
1501271302847	5393188694196	0.0161895751953125	0.2657012939453125	-0.0312347412109375	2.0	
1501271302872	5393208835798	0.0217437744140625	0.111297607421875	-0.0135955810546875	2.0	
1501271302894	5393228977399	0.0558624267578125	0.0124053955078125	-0.0761260986328125	2.0	
1501271302978	5393249119001	0.059814453125	0.0792694091796875	-0.1582183837890625	2.0	
1501271303003	5393269260602	-0.0211334228515625	0.187652587890625	-0.27978515625	2.0	
1501271303033	5393289402204	-0.1232147216796875	0.144073486328125	-0.3030242919921875	2.0	
1501271303044	5393309543806	-0.10711669921875	0.00787353515625	-0.2867431640625	2.0	
1501271303079	5393329685407	-0.0767364501953125	-0.1132354736328125	-0.279754638671875	2.0	
1501271303124	5393349827009	-0.079193115234375	-0.1821441650390625	-0.262176513671875	2.0	
1501271303147	5393369968610	-0.15753173828125	-0.13824462890625	-0.1911468505859375	2.0	
1501271303166	5393390110212	-0.254974365234375	-0.1233673095703125	-0.0861663818359375	2.0	
1501271303217	5393410251813	-0.231658935546875	-0.2759246826171875	0.015228271484375	2.0	
1501271303253	5393430393415	-0.1040802001953125	-0.438232421875	0.09619140625	2.0	
1501271303284	5393450535017	-0.0170135498046875	-0.4083099365234375	0.151153564453125	2.0	
1501271303287	5393470676618	0.0275726318359375	-0.23870849609375	0.1985626220703125	2.0	
1501271303319	5393490818220	0.0935211181640625	-0.130523681640625	0.1977081298828125	2.0	
1501271303341	5393510959821	0.1463623046875	-0.17913818359375	0.1148681640625	2.0	
1501271303356	5393531101423	0.226287841796875	-0.301788330078125	-1.52587890625E-4	2.0	
1501271303381	5393551243024	0.2261505126953125	-0.193145751953125	0.010162353515625	2.0	
1501271303401	5393571384626	0.183868408203125	0.1168670654296875	0.0634002685546875	2.0	
1501271303417	5393591526227	0.1343231201171875	0.318145751953125	0.1207275390625	2.0	
1501271303532	5393611667829	0.154998779296875	0.315338134765625	0.14373779296875	2.0	
1501271303535	5393631809431	0.230865478515625	0.2717132568359375	0.1243743896484375	2.0	
1501271303544	5393651951032	0.2347869873046875	0.210174560546875	0.079437255859375	2.0	
1501271303551	5393672092634	0.1766357421875	0.103485107421875	0.04693603515625	2.0	
1501271303559	5393692234235	0.152435302734375	0.1142425537109375	0.06341552734375	2.0	
1501271303577	5393712375837	0.18035888671875	0.219879150390625	0.054107666015625	2.0	
1501271303610	5393732517438	0.2327728271484375	0.230499267578125	0.0042572021484375	2.0	
1501271303619	5393752659040	0.264892578125	0.138031005859375	-0.0435943603515625	2.0	
1501271303630	5393772800642	0.2236785888671875	0.091278076171875	-0.063812255859375	2.0	
1501271303633	5393792942243	0.1451416015625	0.0975189208984375	-0.0549468994140625	2.0	
1501271303641	5393813083845	0.0775909423828125	0.1147918701171875	-0.022674560546875	2.0	
1501271303649	5393833225446	0.0609588623046875	0.11553955078125	-0.010528564453125	2.0	
1501271303658	5393853367048	0.0433197021484375	0.044769287109375	-0.0290985107421875	2.0	
1501271303727	5393873508649	-0.0260772705078125	0.0134735107421875	-0.053497314453125	2.0	
1501271303755	5393893650251	-0.0672607421875	-0.014068603515625	-0.053955078125	2.0	
1501271303789	5393913791852	-0.0775909423828125	0.052001953125	-0.0749664306640625	2.0	
1501271303809	5393933933454	-0.06268310546875	0.1340484619140625	-0.077239990234375	2.0	
1501271303811	5393954075056	-0.013580322265625	0.188446044921875	-0.0429229736328125	2.0	
1501271303821	5393974216657	0.061370849609375	0.172119140625	0.018951416015625	2.0	
1501271303838	5393994358259	0.1535186767578125	0.1247711181640625	0.0593719482421875	2.0	
1501271303847	5394014499860	0.2117462158203125	0.0548095703125	0.0477447509765625	2.0	
1501271303865	5394034641462	0.1693878173828125	-0.0052490234375	-0.0646209716796875	2.0	
1501271303899	5394054783063	0.17236328125	0.1556549072265625	-0.0891571044921875	2.0	
1501271303918	5394074924665	0.2208404541015625	0.1908111572265625	-0.1033935546875	2.0	
1501271303921	5394095066267	0.2466278076171875	0.167755126953125	-0.1097412109375	2.0	
1501271303931	5394115207868	0.1562957763671875	0.117156982421875	-0.1116790771484375	2.0	
1501271303944	5394135349470	0.07586669921875	0.1046295166015625	-0.0794830322265625	2.0	
1501271303962	5394155491071	0.08837890625	0.117889404296875	-0.0376129150390625	2.0	
1501271303977	5394175632673	0.138763427734375	0.127777099609375	-0.00994873046875	2.0	
1501271303987	5394195774274	0.143798828125	0.1002197265625	-0.0308074951171875	2.0	
1501271304016	5394215915876	0.1061248779296875	0.090972900390625	-0.036224365234375	2.0	
1501271304032	5394236057477	0.0611724853515625	0.025848388671875	-0.0223388671875	2.0	
1501271304037	5394256199079	0.0321502685546875	0.036102294921875	-0.00885009765625	2.0	
1501271304069	5394276340681	0.0511932373046875	0.005126953125	-0.0224151611328125	2.0	
1501271304079	5394296482282	0.090545654296875	-0.0075836181640625	-0.0367431640625	2.0	
1501271304101	5394316623884	0.1016082763671875	0.0276336669921875	-0.011810302734375	2.0	
1501271304119	5394336765485	0.078216552734375	0.023193359375	0.0092315673828125	2.0	
1501271304148	5394356907087	0.0965728759765625	-0.0357818603515625	-0.01031494140625	2.0	
1501271304172	5394377048688	0.0720977783203125	-0.071044921875	-0.058441162109375	2.0	
1501271304221	5394397190290	0.037078857421875	-0.044189453125	-0.0619659423828125	2.0	
1501271304233	5394417331892	-0.0316619873046875	-0.089111328125	-0.047882080078125	2.0	
1501271304431	5394437473493	-0.0516357421875	-0.149017333984375	-0.0389251708984375	5.0	
1501271304439	5394457615095	-0.0476531982421875	-0.1186370849609375	-0.0059661865234375	5.0	
1501271304457	5394477756696	-0.07403564453125	-0.0353851318359375	-0.0321502685546875	5.0	
1501271304491	5394497898298	-0.083953857421875	-0.02978515625	-0.04925537109375	5.0	
1501271304549	5394518039899	0.002899169921875	-0.00421142578125	-0.018402099609375	5.0	
1501271304574	5394538181501	0.0889739990234375	0.005218505859375	-0.0316009521484375	5.0	
1501271304588	5394558323102	0.098785400390625	0.0359649658203125	-0.065521240234375	5.0	
1501271304596	5394578464704	0.0603485107421875	0.0223541259765625	-0.0914306640625	5.0	
1501271304639	5394598606306	0.039886474609375	0.0026092529296875	-0.1122894287109375	5.0	
1501271304652	5394618747907	0.0315399169921875	-0.0573883056640625	-0.118927001953125	5.0	
1501271304671	5394638889509	0.0387420654296875	-0.0747833251953125	-0.10186767578125	5.0	
1501271304704	5394659031110	1.678466796875E-4	-0.0755462646484375	-0.0861663818359375	5.0	
1501271304765	5394679172712	-0.0813751220703125	-0.0222930908203125	-0.0985107421875	5.0	
1501271304779	5394699314313	-0.1252288818359375	0.03753662109375	-0.1005096435546875	5.0	
1501271304792	5394719455915	-0.1123504638671875	0.004730224609375	-0.066864013671875	5.0	
1501271305034	5394739597517	-0.09906005859375	-0.12518310546875	-0.0676116943359375	5.0	
1501271305043	5394759739118	-0.08770751953125	-0.1961822509765625	-0.0592803955078125	5.0	
1501271305051	5394779880720	-0.0259857177734375	-0.1478729248046875	-0.005706787109375	5.0	
1501271305061	5394800022321	0.1240692138671875	-0.057708740234375	0.0199432373046875	5.0	
1501271305069	5394820163923	0.243804931640625	0.0397491455078125	0.0223236083984375	5.0	
1501271305085	5394840305524	0.24169921875	0.223175048828125	0.0500640869140625	5.0	
1501271305092	5394860447126	0.177734375	0.2930755615234375	0.08197021484375	5.0	
1501271305099	5394880588727	0.151153564453125	0.317230224609375	0.0976715087890625	5.0	
1501271305103	5394900730329	0.17327880859375	0.2664337158203125	0.09527587890625	5.0	
1501271305110	5394920871931	0.20751953125	0.223419189453125	0.10821533203125	5.0	
1501271305135	5394941013532	0.1910858154296875	0.2556610107421875	0.131500244140625	5.0	
1501271305155	5394961155134	0.104278564453125	0.3084259033203125	0.1427459716796875	5.0	
1501271305188	5394981296735	0.3724212646484375	0.0416107177734375	0.045379638671875	5.0	
1501271305228	5395001438337	0.259429931640625	-0.398101806640625	0.0081634521484375	5.0	
1501271305245	5395021579938	-3.35693359375E-4	-0.316131591796875	-0.08868408203125	5.0	
1501271305289	5395041721540	-0.184234619140625	0.0632476806640625	-0.243011474609375	5.0	
1501271305293	5395061863142	-0.2341156005859375	0.0959930419921875	-0.2384796142578125	5.0	
1501271305332	5395082004743	-0.1502532958984375	-0.25286865234375	-0.140716552734375	5.0	
1501271305346	5395102146345	-0.1627655029296875	-0.6024627685546875	-0.058349609375	5.0	
1501271305363	5395122287946	-0.20379638671875	-0.6295928955078125	-0.0771484375	5.0	
1501271305384	5395142429548	-0.1000823974609375	-0.4820709228515625	-0.1207122802734375	5.0	
1501271305409	5395162571149	-0.015533447265625	-0.190185546875	-0.06396484375	5.0	
1501271305419	5395182712751	0.029937744140625	0.003692626953125	-0.0149688720703125	5.0	
1501271305427	5395202854352	0.03839111328125	0.044921875	0.002899169921875	5.0	
1501271305431	5395222995954	3.204345703125E-4	0.04205322265625	-0.0124359130859375	5.0	
1501271305441	5395243137556	-0.0179443359375	0.069549560546875	-0.04888916015625	5.0	
1501271305451	5395263279157	0.017333984375	0.148193359375	-0.044830322265625	5.0	
1501271305460	5395283420759	0.0521087646484375	0.191650390625	-0.02734375	5.0	
1501271305471	5395303562360	0.074554443359375	0.1406097412109375	0.0191650390625	5.0	
1501271305490	5395323703962	0.0546112060546875	0.056121826171875	0.037261962890625	5.0	
1501271305501	5395343845563	0.0729827880859375	0.0118865966796875	0.0341644287109375	5.0	
1501271305512	5395363987165	0.0655670166015625	-0.01092529296875	0.056610107421875	5.0	
1501271305520	5395384128767	0.03765869140625	-0.0304718017578125	0.0843505859375	5.0	
1501271305534	5395404270368	0.0149078369140625	-0.02508544921875	0.11279296875	5.0	
1501271305570	5395424411970	-0.033416748046875	0.002197265625	0.1119384765625	5.0	
1501271305586	5395444553571	-0.0391693115234375	0.095794677734375	0.1029510498046875	5.0	
1501271305614	5395464695173	-0.060638427734375	0.12139892578125	0.080902099609375	5.0	
1501271305629	5395484836774	-0.062347412109375	0.058258056640625	0.082855224609375	5.0	
1501271305643	5395504978376	-0.1137542724609375	0.0741119384765625	0.1160888671875	5.0	
1501271305655	5395525119977	-0.1523284912109375	0.1350555419921875	0.1297454833984375	5.0	
1501271305660	5395545261579	-0.14697265625	0.1639404296875	0.137969970703125	5.0	
1501271305669	5395565403181	-0.099945068359375	0.1331329345703125	0.126617431640625	5.0	
1501271305677	5395585544782	-0.09271240234375	0.07794189453125	0.11370849609375	5.0	
1501271305690	5395605686384	-0.1103057861328125	0.0420074462890625	0.088592529296875	5.0	
1501271305723	5395625827985	-0.0980377197265625	0.0426788330078125	0.060699462890625	5.0	
1501271305741	5395645969587	-0.1001129150390625	0.06109619140625	0.02374267578125	5.0	
1501271305761	5395666109398	-0.1067047119140625	-0.0139007568359375	-0.0292510986328125	5.0	
1501271305771	5395686251000	-0.0905609130859375	-0.0390472412109375	-0.05377197265625	5.0	
1501271305775	5395706392602	-0.0511322021484375	-0.010284423828125	-0.03204345703125	5.0	
1501271305791	5395726534203	-0.0619659423828125	0.026763916015625	0.0101776123046875	5.0	
1501271305807	5395746675805	-0.0911865234375	0.0232086181640625	0.0472869873046875	5.0	
1501271305817	5395766817406	-0.134429931640625	0.0340576171875	0.0799407958984375	5.0	
1501271305835	5395786959008	-0.1095428466796875	0.02044677734375	0.093292236328125	5.0	
1501271305845	5395807100609	-0.03887939453125	0.050567626953125	0.107879638671875	5.0	
1501271305857	5395827242211	0.0311279296875	0.0981292724609375	0.12322998046875	5.0	
1501271305879	5395847383812	0.052398681640625	0.1376495361328125	0.131805419921875	5.0	
1501271305882	5395867525414	0.0181732177734375	0.12078857421875	0.137786865234375	5.0	
1501271305901	5395887667016	-0.02813720703125	0.0925750732421875	0.10589599609375	5.0	
1501271305909	5395907808617	-0.066162109375	0.082000732421875	0.0954742431640625	5.0	
1501271305917	5395927950219	-0.083465576171875	0.1141204833984375	0.039459228515625	5.0	
1501271305931	5395948091820	-0.0589752197265625	0.07379150390625	0.042724609375	5.0	
1501271305941	5395968233422	-0.02001953125	0.0232086181640625	0.0323638916015625	5.0	
1501271305950	5395988375023	-0.0039520263671875	-0.05224609375	0.028900146484375	5.0	
1501271305960	5396008516625	0.00347900390625	-0.0984039306640625	0.0124969482421875	5.0	
1501271305963	5396028658227	0.0038909912109375	-0.1158447265625	0.0190887451171875	5.0	
1501271305971	5396048799828	0.003631591796875	-0.13006591796875	-0.0044097900390625	5.0	
1501271305981	5396068941430	-0.00555419921875	-0.1759796142578125	-0.0523834228515625	5.0	
1501271305992	5396089083031	-0.0269775390625	-0.2654266357421875	-0.082244873046875	5.0	
1501271306008	5396109224633	-0.0270233154296875	-0.2680816650390625	-0.0946197509765625	5.0	
1501271306047	5396129366234	-0.035552978515625	-0.1237335205078125	-0.0826568603515625	5.0	
1501271306060	5396149507836	-0.0606842041015625	-0.0097808837890625	-0.020660400390625	5.0	
1501271306069	5396169649437	-0.0852813720703125	0.03558349609375	0.040863037109375	5.0	
1501271306073	5396189791039	-0.1184844970703125	0.0315093994140625	0.069671630859375	5.0	
1501271306086	5396209932641	-0.15594482421875	0.1246490478515625	0.1093597412109375	5.0	
1501271306099	5396230074242	-0.19781494140625	0.227447509765625	0.113983154296875	5.0	
1501271306112	5396250215844	-0.2443084716796875	0.265838623046875	0.1087188720703125	5.0	
1501271306131	5396270357445	-0.184173583984375	0.251861572265625	0.12615966796875	5.0	
1501271306149	5396290499047	-0.1378326416015625	0.1685791015625	0.1351776123046875	5.0	
1501271306159	5396310640648	-0.1168365478515625	0.03729248046875	0.1141204833984375	5.0	
1501271306166	5396330782250	-0.074371337890625	0.0373687744140625	0.078033447265625	5.0	
1501271306173	5396350923852	0.0032196044921875	0.09307861328125	0.0490875244140625	5.0	
1501271306183	5396371065453	0.0722808837890625	0.08343505859375	0.029083251953125	5.0	
1501271306192	5396391207055	0.117645263671875	0.007537841796875	0.0086822509765625	5.0	
1501271306234	5396411348656	0.138427734375	-0.0117340087890625	-0.004364013671875	5.0	
1501271306243	5396431490258	0.1170806884765625	-0.0192718505859375	-0.074615478515625	5.0	
1501271306253	5396451631859	0.142486572265625	-0.0377197265625	-0.1483612060546875	5.0	
1501271306263	5396471773461	0.1806640625	-0.044219970703125	-0.22802734375	5.0	
1501271306273	5396491915062	0.164581298828125	-0.136688232421875	-0.2416229248046875	5.0	
1501271306278	5396512056664	0.13690185546875	-0.2545623779296875	-0.22174072265625	5.0	
1501271306289	5396532198266	0.0958709716796875	-0.271881103515625	-0.20947265625	5.0	
1501271306298	5396552339867	0.0375518798828125	-0.1922760009765625	-0.197265625	5.0	
1501271306316	5396572481469	0.014312744140625	-0.07110595703125	-0.189483642578125	5.0	
1501271306324	5396592623070	-0.0240325927734375	0.0516510009765625	-0.1183013916015625	5.0	
1501271306340	5396612764672	-0.1097259521484375	0.092132568359375	-0.0333709716796875	5.0	
1501271306352	5396632906273	-0.172760009765625	0.0317535400390625	-0.016815185546875	5.0	
1501271306366	5396653047875	-0.1202239990234375	-0.143341064453125	-0.0489044189453125	5.0	
1501271306370	5396673189477	-0.0068817138671875	-0.3319854736328125	-0.095306396484375	5.0	
1501271306387	5396693331078	0.0622100830078125	-0.3627777099609375	-0.11895751953125	5.0	
1501271306394	5396713472680	0.0139923095703125	-0.2550506591796875	-0.1128997802734375	5.0	
1501271306411	5396733614281	-0.0915374755859375	-0.103302001953125	-0.0926971435546875	5.0	
1501271306453	5396753755883	-0.13568115234375	-0.0726318359375	-0.06109619140625	5.0	
1501271306468	5396773897484	-0.0848236083984375	-0.01873779296875	-0.0265045166015625	5.0	
1501271306479	5396794039086	-0.0270843505859375	0.111053466796875	-0.0325469970703125	5.0	
1501271306496	5396814180687	-0.0253143310546875	0.1707763671875	-0.069976806640625	5.0	
1501271306503	5396834322289	-0.0373382568359375	0.0813140869140625	-0.0856170654296875	5.0	
1501271306518	5396854463891	-0.0120849609375	-0.0293731689453125	-0.06768798828125	5.0	
1501271306527	5396874605492	0.016448974609375	-0.0736083984375	-0.0509490966796875	5.0	
1501271306549	5396894747094	-0.0213775634765625	-0.101043701171875	-0.094696044921875	5.0	
1501271306558	5396914888695	-0.0351715087890625	-0.196319580078125	-0.09881591796875	5.0	
1501271306568	5396935030297	0.0181121826171875	-0.1992950439453125	-0.0017242431640625	5.0	
1501271306576	5396955171898	0.0761871337890625	-0.121185302734375	0.06591796875	5.0	
1501271306585	5396975313500	0.0424957275390625	-0.04150390625	0.0264892578125	131.0	
1501271306589	5396995455102	-0.0043487548828125	0.0397796630859375	-0.0150909423828125	131.0	
1501271306894	5397015596703	0.0048065185546875	0.0129547119140625	-0.053131103515625	131.0	
1501271306906	5397035738305	0.08941650390625	-0.009857177734375	-0.0635833740234375	131.0	
1501271306936	5397055879906	0.17437744140625	-0.05938720703125	-0.067657470703125	131.0	
1501271306949	5397076021508	0.1628570556640625	-0.16192626953125	-0.026275634765625	131.0	
1501271306963	5397096163109	0.0839385986328125	-0.1356048583984375	0.01800537109375	131.0	
1501271306984	5397116304711	-0.09051513671875	-0.0374603271484375	0.0552978515625	131.0	
1501271307000	5397136446312	-0.256805419921875	0.009674072265625	0.0816650390625	131.0	
1501271307007	5397156587914	-0.338653564453125	0.0536956787109375	0.0935516357421875	131.0	
1501271307020	5397176729516	-0.3288421630859375	0.0765533447265625	0.0861968994140625	131.0	
1501271307035	5397196871117	-0.34552001953125	0.0241546630859375	0.0872344970703125	131.0	
1501271307055	5397217012719	-0.15850830078125	0.2538909912109375	0.02398681640625	131.0	
1501271307067	5397237154320	0.0084075927734375	0.1601715087890625	-0.13360595703125	131.0	
1501271307084	5397257295922	-0.050079345703125	-0.2466583251953125	-0.1680755615234375	131.0	
1501271307096	5397277437523	-0.0654449462890625	-0.4200286865234375	-0.202545166015625	131.0	
1501271307111	5397297579125	0.1833648681640625	-0.199127197265625	-0.21893310546875	131.0	
1501271307115	5397317720727	0.4517059326171875	-0.1033935546875	-0.1216583251953125	131.0	
1501271307128	5397337862328	0.4318084716796875	-0.363983154296875	-0.0126953125	131.0	
1501271307140	5397358003930	0.221466064453125	-0.3796234130859375	0.0534820556640625	131.0	
1501271307166	5397378145531	0.0764923095703125	-0.07861328125	0.0986328125	131.0	
1501271307183	5397398287133	0.0212860107421875	0.1053924560546875	0.13092041015625	131.0	
1501271307192	5397418428734	-0.0238189697265625	0.0474700927734375	0.1331024169921875	131.0	
1501271307203	5397438570336	-0.0193634033203125	0.0042572021484375	0.0988006591796875	131.0	
1501271307215	5397458711937	0.013519287109375	0.024658203125	0.038238525390625	131.0	
1501271307220	5397478853539	-0.009552001953125	0.0622711181640625	-0.0018463134765625	131.0	
1501271307231	5397498995141	-0.0342559814453125	0.0964508056640625	0.0054931640625	131.0	
1501271307248	5397519136742	-0.0660247802734375	0.16717529296875	4.57763671875E-5	131.0	
1501271307261	5397539278344	-0.0617523193359375	0.1450958251953125	0.00762939453125	131.0	
1501271307276	5397559419945	-0.0748138427734375	0.098052978515625	-0.0045013427734375	131.0	
1501271307285	5397579561547	-0.069976806640625	0.0975341796875	-9.002685546875E-4	131.0	
1501271307305	5397599703148	-0.0485687255859375	0.145904541015625	0.011444091796875	131.0	
1501271307321	5397619844750	-0.0387725830078125	0.1637420654296875	0.0308380126953125	131.0	
1501271307325	5397639986352	-0.0238037109375	0.133544921875	0.032928466796875	131.0	
1501271307338	5397660127953	-0.0209808349609375	0.0883636474609375	0.019561767578125	131.0	
1501271307362	5397680269555	-0.039520263671875	0.014923095703125	-0.00537109375	131.0	
1501271307371	5397700411156	-0.0433502197265625	0.0241241455078125	-0.00665283203125	131.0	
1501271307382	5397720552758	-0.0474395751953125	0.0676422119140625	5.18798828125E-4	131.0	
1501271307401	5397740694359	-0.061126708984375	0.0542449951171875	0.002716064453125	131.0	
1501271307418	5397760835961	-0.0523529052734375	0.0628509521484375	-8.697509765625E-4	131.0	
1501271307424	5397780977562	-0.0440673828125	0.1033782958984375	0.0140533447265625	131.0	
1501271307434	5397801119164	-0.0585174560546875	0.126983642578125	0.0420074462890625	131.0	
1501271307452	5397821260766	-0.080352783203125	0.1883087158203125	0.0907135009765625	131.0	
1501271307480	5397841402367	-0.124298095703125	0.224334716796875	0.1055908203125	131.0	
1501271307490	5397861543969	-0.0862579345703125	0.1744232177734375	0.0800323486328125	131.0	
1501271307509	5397881685570	-0.0335540771484375	0.083648681640625	0.0580596923828125	131.0	
1501271307519	5397901827172	0.0341339111328125	0.0598907470703125	0.046661376953125	131.0	
1501271307532	5397921968773	-0.0012664794921875	0.0800933837890625	0.0397186279296875	131.0	
1501271307536	5397942110375	-0.064361572265625	0.113037109375	0.0469207763671875	131.0	
1501271307551	5397962251977	-0.1060638427734375	0.1346893310546875	0.0429840087890625	131.0	
1501271307566	5397982393578	-0.121856689453125	0.070831298828125	-0.0021209716796875	131.0	
1501271307591	5398002535180	-0.096893310546875	0.040618896484375	6.866455078125E-4	131.0	
1501271307599	5398022676781	-0.0352783203125	0.0675811767578125	-0.0023345947265625	131.0	
1501271307628	5398042818383	0.026702880859375	0.0774993896484375	0.0156707763671875	131.0	
1501271307636	5398062959984	0.084320068359375	0.011199951171875	0.0350799560546875	131.0	
1501271307648	5398083101586	0.1032257080078125	0.004791259765625	0.0572967529296875	131.0	
1501271307652	5398103243187	0.063995361328125	0.0279998779296875	0.0704803466796875	131.0	
1501271307664	5398123384789	0.0395355224609375	0.0509033203125	0.054901123046875	131.0	
1501271307672	5398143526391	-0.0113067626953125	0.0360870361328125	0.0268402099609375	131.0	
1501271307704	5398163667992	-0.027252197265625	0.037139892578125	0.0062713623046875	131.0	
1501271307711	5398183809594	-8.544921875E-4	0.0733795166015625	-0.01739501953125	131.0	
1501271307720	5398203951195	0.031951904296875	0.1327667236328125	-0.0081634521484375	131.0	
1501271307742	5398224092797	0.0205078125	0.144073486328125	-0.0205230712890625	131.0	
1501271307784	5398244234398	-0.0123138427734375	0.1081390380859375	-0.0227508544921875	131.0	
1501271307792	5398264376000	-0.06195068359375	0.047149658203125	-0.009429931640625	131.0	
1501271307811	5398284517602	-0.0568084716796875	2.288818359375E-4	-0.0081787109375	131.0	
1501271307829	5398304659203	-6.256103515625E-4	0.0369873046875	0.013153076171875	131.0	
1501271307849	5398324800805	0.042694091796875	0.0630340576171875	0.0228271484375	131.0	
1501271307881	5398344942406	0.0403289794921875	0.03924560546875	0.016571044921875	131.0	
1501271307898	5398365084008	0.02911376953125	0.0149993896484375	-1.52587890625E-5	131.0	
1501271307912	5398385225609	0.0211334228515625	-0.0176239013671875	-0.0297393798828125	131.0	
1501271307929	5398405367211	-0.004425048828125	-0.05810546875	-0.03131103515625	131.0	
1501271307938	5398425508812	0.0014801025390625	-0.0650482177734375	-0.0168304443359375	131.0	
1501271307961	5398445650414	0.0248565673828125	-0.0272674560546875	0.0029449462890625	131.0	
1501271307974	5398465792016	0.0687255859375	0.0197296142578125	0.014801025390625	131.0	
1501271307995	5398485933617	0.05328369140625	-0.00335693359375	0.001068115234375	131.0	
1501271308007	5398506075219	0.0277099609375	-0.017181396484375	-0.001251220703125	131.0	
1501271308017	5398526216820	0.0236968994140625	-0.015167236328125	-0.00262451171875	131.0	
1501271308026	5398546358422	0.00860595703125	0.03814697265625	0.0032196044921875	131.0	
1501271308046	5398566500023	-0.0212860107421875	0.0742645263671875	-3.96728515625E-4	131.0	
1501271308057	5398586641625	-0.0220947265625	0.0806732177734375	-0.003204345703125	131.0	
1501271308071	5398606783227	-0.003265380859375	0.067840576171875	0.0153961181640625	131.0	
1501271308183	5398626924828	0.023345947265625	0.0426177978515625	0.0032501220703125	131.0	
1501271308203	5398647066430	0.0121307373046875	0.05267333984375	0.0089569091796875	131.0	
1501271308215	5398667208031	-9.002685546875E-4	0.0927581787109375	-0.007415771484375	131.0	
1501271308231	5398687349633	-0.004730224609375	0.089141845703125	-0.02484130859375	131.0	
1501271308248	5398707491234	0.0049896240234375	0.0482330322265625	-0.0249176025390625	131.0	
1501271308261	5398727632836	0.01922607421875	0.0436553955078125	-0.0267791748046875	131.0	
1501271308266	5398747774437	0.0168609619140625	0.0493927001953125	-0.0101470947265625	131.0	
1501271308278	5398767916039	0.00341796875	0.0192413330078125	-0.0186004638671875	131.0	
1501271308300	5398788057641	0.0303192138671875	0.0102386474609375	-0.0114288330078125	131.0	
1501271308308	5398808199242	0.0537109375	2.288818359375E-4	0.003082275390625	131.0	
1501271308322	5398828340844	0.0628204345703125	0.054779052734375	0.0187530517578125	131.0	
1501271308337	5398848482445	0.025634765625	0.120025634765625	0.0166473388671875	131.0	
1501271308353	5398868624047	-0.0255584716796875	0.15252685546875	0.0208740234375	131.0	
1501271308367	5398888765648	-0.03765869140625	0.1068878173828125	0.0287017822265625	131.0	
1501271308369	5398908907250	0.0023956298828125	0.0324554443359375	0.031097412109375	131.0	
1501271308385	5398929048852	0.0488739013671875	0.0523529052734375	0.0484466552734375	131.0	
1501271308397	5398949190453	0.0486602783203125	0.073089599609375	0.029693603515625	131.0	
1501271308427	5398969332055	-0.0111083984375	0.1049346923828125	0.02880859375	131.0	
1501271308441	5398989473656	-0.0353546142578125	0.071044921875	0.0403594970703125	131.0	
1501271308451	5399009615258	-0.0234222412109375	0.0666656494140625	0.0394287109375	131.0	
1501271308462	5399029756859	0.0344390869140625	0.0388336181640625	0.0275115966796875	131.0	
1501271308485	5399049898461	0.083770751953125	-0.0043792724609375	0.0126190185546875	131.0	
1501271308487	5399070040062	0.0496978759765625	-0.02886962890625	0.0136871337890625	131.0	
1501271308499	5399090181664	-0.0132904052734375	-0.0220184326171875	0.011932373046875	131.0	
1501271308548	5399110323266	-0.03082275390625	-0.0096282958984375	0.01397705078125	131.0	
1501271308570	5399130464867	-0.021759033203125	0.0092010498046875	0.01800537109375	131.0	
1501271308583	5399150606469	0.01141357421875	0.0175933837890625	0.0236053466796875	131.0	
1501271308592	5399170748070	0.00946044921875	0.0105133056640625	0.0132598876953125	131.0	
1501271308608	5399190889672	3.0517578125E-4	0.0104827880859375	6.256103515625E-4	131.0	
1501271308621	5399211031273	-0.0119171142578125	0.0088348388671875	0.0147552490234375	131.0	
1501271308627	5399231172875	-0.012969970703125	0.0357666015625	0.03662109375	131.0	
1501271308669	5399251314477	0.0176239013671875	0.0455780029296875	0.0363616943359375	131.0	
1501271308690	5399271456078	-0.0173492431640625	0.0674896240234375	0.0511627197265625	131.0	
1501271308709	5399291597680	-0.0323638916015625	0.0600738525390625	0.0407257080078125	131.0	
1501271308723	5399311739281	-0.0337371826171875	0.063201904296875	0.0468597412109375	131.0	
1501271308733	5399331880883	-0.0361328125	0.062591552734375	0.0401458740234375	131.0	
1501271308741	5399352022484	-0.0160064697265625	0.06170654296875	0.016632080078125	131.0	
1501271308747	5399372164086	0.0012359619140625	0.0448150634765625	-0.0078125	131.0	
1501271308756	5399392305687	0.0294342041015625	0.0183868408203125	-0.0120391845703125	131.0	
1501271308775	5399412447289	0.0558013916015625	0.0014495849609375	-0.018951416015625	131.0	
1501271308796	5399432588891	-0.00445556640625	0.0311737060546875	4.119873046875E-4	131.0	
1501271308822	5399452730492	-0.021514892578125	0.0455780029296875	0.0145721435546875	131.0	
1501271308854	5399472872094	-0.0325775146484375	0.04541015625	0.0102691650390625	131.0	
1501271308865	5399493013695	-0.01043701171875	0.021240234375	-0.005706787109375	131.0	
1501271308886	5399513155297	-0.006011962890625	-0.0218963623046875	-0.0076446533203125	131.0	
1501271308895	5399533296898	-0.0077362060546875	-0.0438995361328125	-1.220703125E-4	131.0	
1501271308905	5399553438500	-0.00286865234375	-0.0089569091796875	0.0204925537109375	131.0	
1501271308924	5399573580102	0.0337066650390625	0.0231475830078125	0.0192108154296875	131.0	
1501271308955	5399593721703	0.026123046875	0.0502471923828125	0.017425537109375	131.0	
1501271308970	5399613863305	0.021575927734375	0.0420989990234375	0.017120361328125	131.0	
1501271308996	5399634004906	0.01202392578125	0.0241851806640625	0.013397216796875	131.0	
1501271309026	5399654146508	0.005828857421875	-0.0053253173828125	0.0138702392578125	131.0	
1501271309051	5399674288109	0.0077056884765625	-0.01611328125	0.0102691650390625	131.0	
1501271309056	5399694429711	0.0197601318359375	-4.425048828125E-4	0.0074310302734375	131.0	
1501271309065	5399714571312	0.0319976806640625	0.0250091552734375	0.010955810546875	131.0	
1501271309118	5399734712914	0.0095062255859375	0.0359649658203125	-0.0011444091796875	131.0	
1501271309135	5399754854516	0.002685546875	0.00836181640625	-0.01092529296875	131.0	
1501271309159	5399774996117	0.001617431640625	0.00604248046875	-0.0139007568359375	131.0	
1501271309187	5399795137719	-0.00341796875	0.0124969482421875	-0.015380859375	131.0	
1501271309198	5399815279320	-0.0174560546875	0.034271240234375	-0.00836181640625	131.0	
1501271309216	5399835420922	-0.0185699462890625	0.0428466796875	-0.0015106201171875	131.0	
1501271309219	5399855562523	-0.025909423828125	0.0183868408203125	-0.0098724365234375	131.0	
1501271309235	5399875704125	-0.0022735595703125	-8.544921875E-4	-0.0041656494140625	131.0	
1501271309252	5399895845727	-0.0107879638671875	-0.00128173828125	-0.008758544921875	131.0	
1501271309264	5399915987328	0.0174407958984375	-0.0037841796875	-0.0175323486328125	131.0	
1501271309276	5399936128930	-0.0125885009765625	0.014862060546875	-0.01873779296875	131.0	
1501271309286	5399956270531	-0.0311126708984375	0.014434814453125	-0.0031585693359375	131.0	
1501271309298	5399976412133	-0.0468597412109375	0.0506591796875	0.0047149658203125	131.0	
1501271309302	5399996553734	-0.0532379150390625	0.0500946044921875	0.00457763671875	131.0	
1501271309313	5400016695336	-0.0438232421875	0.0196990966796875	0.005157470703125	131.0	
1501271309326	5400036836937	-0.0179901123046875	-0.0058135986328125	0.0042572021484375	131.0	
1501271309344	5400056978539	0.0233612060546875	-0.0182342529296875	9.765625E-4	131.0	
1501271309388	5400077120141	0.0377349853515625	0.014984130859375	-0.0043792724609375	131.0	
1501271309400	5400097261742	-0.015899658203125	0.0760345458984375	-0.022796630859375	131.0	
1501271309415	5400117403344	-0.0792388916015625	0.0590667724609375	-0.024658203125	131.0	
1501271309524	5400137544945	-0.0947113037109375	0.0271148681640625	-0.022125244140625	131.0	
1501271309536	5400157686547	-0.0655059814453125	0.0246429443359375	-0.035400390625	131.0	
1501271309557	5400177828148	-0.0345001220703125	0.02423095703125	-0.0232391357421875	131.0	
1501271309567	5400197969750	-0.0198516845703125	-0.0075225830078125	-0.0072021484375	131.0	
1501271309587	5400218111352	-0.0048980712890625	-0.0453338623046875	-0.00750732421875	131.0	
1501271309608	5400238252953	0.03485107421875	-0.026947021484375	0.0121307373046875	131.0	
1501271309628	5400258394555	0.042938232421875	0.042633056640625	0.035675048828125	131.0	
1501271309653	5400278536156	0.03179931640625	0.10595703125	0.042236328125	131.0	
1501271309664	5400298677758	0.0030059814453125	0.127197265625	0.04229736328125	131.0	
1501271309669	5400318819359	7.476806640625E-4	0.1177978515625	0.057098388671875	131.0	
1501271309682	5400338960961	0.031585693359375	0.190673828125	0.0919342041015625	131.0	
1501271309701	5400359102562	0.1298980712890625	0.4326324462890625	0.145843505859375	131.0	
1501271309727	5400379244164	0.243377685546875	0.724456787109375	0.201812744140625	131.0	
1501271309737	5400399385766	0.3181610107421875	0.982025146484375	0.1920166015625	131.0	
1501271309755	5400419527367	0.2518768310546875	0.8968963623046875	-0.035980224609375	131.0	
1501271309769	5400439668969	0.0401611328125	0.4771270751953125	-0.243896484375	131.0	
1501271309780	5400459810570	-0.2415313720703125	0.0588531494140625	-0.2260589599609375	131.0	
1501271309787	5400479952172	-0.54437255859375	-0.0591583251953125	0.0556488037109375	131.0	
1501271309795	5400500093773	-0.68817138671875	0.2346649169921875	0.4298553466796875	131.0	
1501271309805	5400520235375	-0.866729736328125	0.8533477783203125	0.8524322509765625	131.0	
1501271309836	5400540376977	-1.0230255126953125	0.8238067626953125	0.8507080078125	131.0	
1501271309846	5400560518578	-0.858551025390625	0.247833251953125	0.40203857421875	131.0	
1501271309857	5400580660180	-0.2551727294921875	-0.1161041259765625	0.1172637939453125	131.0	
1501271309870	5400600801781	0.2580718994140625	-0.2133026123046875	0.0861053466796875	131.0	
1501271309874	5400620943383	0.3472137451171875	-0.0404052734375	-0.12298583984375	131.0	
1501271309884	5400641084984	0.2881927490234375	0.071502685546875	-0.196563720703125	131.0	
1501271309897	5400661226586	0.16644287109375	0.1170501708984375	-0.139801025390625	131.0	
1501271309904	5400681368187	0.0614776611328125	0.1678924560546875	-0.07611083984375	131.0	
1501271309925	5400701509789	0.058074951171875	0.2061614990234375	-0.044036865234375	131.0	
1501271309941	5400721651391	0.15020751953125	0.1605987548828125	0.0061798095703125	131.0	
1501271309952	5400741792992	0.266510009765625	0.083282470703125	0.0742034912109375	131.0	
1501271309964	5400761934594	0.2486419677734375	0.043121337890625	0.1539764404296875	131.0	
1501271309973	5400782076195	0.1372222900390625	0.0530853271484375	0.2097015380859375	131.0	
1501271309983	5400802217797	0.0751800537109375	0.11572265625	0.2263946533203125	131.0	
1501271309993	5400822359398	0.0785064697265625	0.17645263671875	0.1968841552734375	131.0	
1501271310014	5400842501000	0.0425872802734375	0.2299652099609375	0.17437744140625	131.0	
1501271310022	5400862642602	-0.07342529296875	0.2235107421875	0.1419219970703125	131.0	
1501271310034	5400882784203	-0.1541290283203125	0.242950439453125	0.109161376953125	131.0	
1501271310044	5400902925805	-0.153839111328125	0.1884765625	0.0734100341796875	131.0	
1501271310055	5400923067406	-0.111053466796875	0.089508056640625	0.08984375	131.0	
1501271310066	5400943209008	-0.142974853515625	-0.013702392578125	0.1073150634765625	131.0	
1501271310084	5400963350609	-0.1623992919921875	-0.05908203125	0.086273193359375	131.0	
1501271310102	5400983492211	-0.09185791015625	-0.0055999755859375	0.060577392578125	131.0	
1501271310141	5401003633812	-0.0513153076171875	0.084625244140625	0.023956298828125	131.0	
1501271310157	5401023775414	-0.0921783447265625	0.1313323974609375	-0.030487060546875	131.0	
1501271310174	5401043917016	-0.07769775390625	0.0859375	-0.0216827392578125	131.0	
1501271310198	5401064058617	-0.0220947265625	0.026702880859375	0.02667236328125	131.0	
1501271310209	5401084200219	0.01605224609375	4.730224609375E-4	0.03564453125	131.0	
1501271310228	5401104341820	-0.0283355712890625	-7.32421875E-4	-0.0166168212890625	131.0	
1501271310247	5401124483422	-0.057891845703125	0.062103271484375	-0.0725555419921875	131.0	
1501271310263	5401144625023	-0.023406982421875	0.127716064453125	-0.06536865234375	131.0	
1501271310298	5401164766625	0.0754852294921875	0.1081695556640625	0.01531982421875	131.0	
1501271310316	5401184908227	0.1131744384765625	0.0586700439453125	0.068450927734375	131.0	
1501271310334	5401205049828	0.0950469970703125	0.072113037109375	0.0702362060546875	131.0	
1501271310352	5401225191430	0.052459716796875	0.0824737548828125	0.0310211181640625	131.0	
1501271310370	5401245333031	0.0179595947265625	0.0796356201171875	-9.613037109375E-4	131.0	
1501271310391	5401265474633	0.0295257568359375	0.02978515625	-0.00341796875	131.0	
1501271310411	5401285616234	0.04937744140625	-0.0267333984375	-0.0123138427734375	131.0	
1501271310423	5401305757836	0.085174560546875	-0.0241546630859375	-0.028900146484375	131.0	
1501271310459	5401325899437	0.057373046875	-0.008026123046875	-0.0489959716796875	131.0	
1501271310477	5401346041039	-0.01763916015625	-0.032745361328125	-0.0682373046875	131.0	
1501271310497	5401366182641	-0.086151123046875	-0.0373992919921875	-0.08251953125	131.0	
1501271310514	5401386324242	-0.093841552734375	-0.0180206298828125	-0.068359375	131.0	
1501271310535	5401406465844	-0.0335540771484375	0.0174560546875	-0.049072265625	131.0	
1501271310549	5401426607445	0.01080322265625	0.031951904296875	-0.012786865234375	131.0	
1501271310572	5401446749047	0.0083770751953125	-0.0528564453125	0.0386810302734375	131.0	
1501271310590	5401466890648	-0.0129852294921875	-0.089691162109375	0.04583740234375	131.0	
1501271310651	5401487032250	-0.0291900634765625	-0.072601318359375	0.0370025634765625	131.0	
1501271310665	5401507173852	-0.010650634765625	-0.02545166015625	0.039703369140625	131.0	
1501271310680	5401527315453	-0.0247650146484375	-0.0195770263671875	0.0058441162109375	131.0	
1501271310700	5401547457055	-0.059661865234375	-0.0274810791015625	-0.028900146484375	131.0	
1501271310705	5401567598656	-0.0258026123046875	-0.0030670166015625	-0.07025146484375	131.0	
1501271310713	5401587740258	-0.0367584228515625	-0.123870849609375	-0.0722808837890625	131.0	
1501271310728	5401607881859	-0.0973663330078125	-0.1797027587890625	-0.0750732421875	131.0	
1501271310746	5401628023461	-0.1491241455078125	-0.183135986328125	-0.05487060546875	131.0	
1501271310855	5401648165062	-0.0464935302734375	-0.2160797119140625	-0.004669189453125	131.0	
1501271310875	5401668306664	0.18646240234375	-0.2134246826171875	-0.025177001953125	131.0	
1501271310896	5401688448266	0.468048095703125	-0.2579498291015625	-0.1928253173828125	131.0	
1501271310907	5401708589867	0.6400909423828125	-0.198699951171875	-0.4331512451171875	131.0	
1501271310920	5401728731469	0.6085662841796875	-0.118896484375	-0.5390777587890625	131.0	
1501271310933	5401748873070	0.3648223876953125	-0.31396484375	-0.4481048583984375	131.0	
1501271310947	5401769014672	0.0808258056640625	-0.5194549560546875	-0.258453369140625	131.0	
1501271310957	5401789156273	0.0701751708984375	-0.4065399169921875	-0.1665191650390625	131.0	
1501271310984	5401809297875	0.116912841796875	-0.3171539306640625	-0.0385589599609375	131.0	
1501271311008	5401829439477	0.0765533447265625	-0.21295166015625	0.0442047119140625	131.0	
1501271311022	5401849581078	-0.0854949951171875	-0.00970458984375	0.0217742919921875	131.0	
1501271311028	5401869722680	-0.1801605224609375	0.0975341796875	-0.03424072265625	131.0	
1501271311059	5401889864281	-0.16522216796875	0.0323333740234375	-0.0365753173828125	131.0	
1501271311077	5401910005883	-0.11688232421875	-0.1206817626953125	0.00994873046875	131.0	
1501271311097	5401930147484	-0.156646728515625	-0.21307373046875	0.0590362548828125	131.0	
1501271311124	5401950289086	-0.205474853515625	-0.1699371337890625	0.083831787109375	131.0	
1501271311137	5401970430687	-0.2818756103515625	-0.030029296875	0.0530548095703125	131.0	
1501271311147	5401990572289	-0.258148193359375	0.044647216796875	0.00860595703125	131.0	
1501271311158	5402010713891	-0.1611785888671875	0.07391357421875	-0.0257110595703125	131.0	
1501271311165	5402030855492	-0.037353515625	0.0812225341796875	-0.0118408203125	131.0	
1501271311175	5402050997094	0.001953125	0.125396728515625	0.0119781494140625	131.0	
1501271311192	5402071138695	-0.0161895751953125	0.1599884033203125	0.014678955078125	131.0	
1501271311210	5402091280297	-0.0676422119140625	0.1409149169921875	0.0563201904296875	131.0	
1501271311246	5402111421898	-0.104766845703125	0.1233978271484375	0.019805908203125	131.0	
1501271311264	5402131563500	-0.0770111083984375	0.11688232421875	-0.03631591796875	131.0	
1501271311284	5402151705102	-0.0350189208984375	0.1051483154296875	-0.0841522216796875	131.0	
1501271311299	5402171846703	-0.0141754150390625	0.0655670166015625	-0.071441650390625	131.0	
1501271311317	5402191988305	-0.045074462890625	0.01116943359375	-0.0360107421875	131.0	
1501271311335	5402212129906	-0.0877227783203125	0.0252227783203125	-0.0205841064453125	131.0	
1501271311358	5402232271508	-0.1005401611328125	0.0654296875	-0.0204315185546875	131.0	
1501271311371	5402252413109	-0.09039306640625	0.02325439453125	-0.046875	131.0	
1501271311406	5402272554711	-0.005859375	-0.0606536865234375	-0.06939697265625	131.0	
1501271311427	5402292696312	0.092498779296875	-0.0795135498046875	-0.066009521484375	131.0	
1501271311445	5402312837914	0.1126708984375	-0.0816497802734375	-0.0303802490234375	131.0	
1501271311459	5402332979516	0.0563201904296875	-0.0813446044921875	-0.0124359130859375	131.0	
1501271311478	5402353121117	-0.0236358642578125	-0.03411865234375	0.0132598876953125	131.0	
1501271311495	5402373262719	-0.04974365234375	0.04620361328125	0.0601806640625	131.0	
1501271311513	5402393404320	-0.057861328125	0.0902252197265625	0.1057586669921875	131.0	
1501271311534	5402413545922	-0.0806884765625	0.044708251953125	0.1018829345703125	131.0	
1501271311567	5402433687523	-0.0731048583984375	0.07366943359375	0.0717926025390625	131.0	
1501271311592	5402453829125	-0.0489044189453125	0.090118408203125	-0.0303497314453125	131.0	
1501271311602	5402473970727	-0.027801513671875	0.0818634033203125	-0.1371002197265625	131.0	
1501271311621	5402494112328	-0.0601806640625	0.0633697509765625	-0.1614227294921875	131.0	
1501271311640	5402514253930	-0.1439056396484375	0.022430419921875	-0.1952667236328125	131.0	
1501271311656	5402534395531	-0.18621826171875	-0.0302276611328125	-0.3051300048828125	131.0	
1501271311678	5402554537133	-0.1537933349609375	-0.097412109375	-0.3990478515625	131.0	
1501271311695	5402574678734	-0.12652587890625	-0.1433868408203125	-0.50726318359375	131.0	
1501271311727	5402594820336	-0.230621337890625	-0.1697845458984375	-0.6631011962890625	131.0	
1501271311745	5402614961937	-0.458892822265625	-0.2275238037109375	-0.8275146484375	131.0	
1501271311763	5402635103539	-0.5369720458984375	-0.2709503173828125	-0.84722900390625	131.0	
1501271311781	5402655245141	-0.3426055908203125	-0.143768310546875	-0.7024688720703125	131.0	
1501271311799	5402675386742	-0.1092376708984375	0.005859375	-0.4648590087890625	131.0	
1501271311820	5402695528344	0.011993408203125	0.0601806640625	-0.22021484375	131.0	
1501271311836	5402715669945	0.0308837890625	-6.40869140625E-4	-0.031494140625	131.0	
1501271311853	5402735811547	0.024627685546875	-0.014862060546875	0.072723388671875	131.0	
1501271311890	5402755953148	-0.0285797119140625	0.0844573974609375	0.053680419921875	131.0	
1501271311914	5402776094750	-0.0958099365234375	0.1673126220703125	0.02081298828125	131.0	
1501271311971	5402796236352	-0.1402740478515625	0.180145263671875	0.0464019775390625	131.0	
1501271311975	5402816377953	-0.108734130859375	0.2497711181640625	0.1394195556640625	131.0	
1501271311985	5402836519555	-0.012176513671875	0.3747406005859375	0.2217559814453125	131.0	
1501271312000	5402856661156	0.1025543212890625	0.3091278076171875	0.260528564453125	131.0	
1501271312022	5402876802758	0.0897369384765625	0.112060546875	0.2431793212890625	131.0	
1501271312038	5402896944359	0.06396484375	-0.0676422119140625	0.2057037353515625	131.0	
1501271312066	5402917085961	0.0906829833984375	-0.0886077880859375	0.147430419921875	131.0	
1501271312081	5402937227562	0.1499481201171875	-0.0577850341796875	0.12835693359375	131.0	
1501271312087	5402957369164	0.1743927001953125	-0.0598602294921875	0.1331787109375	131.0	
1501271312114	5402977510766	0.17828369140625	-0.0843048095703125	0.1363067626953125	131.0	
1501271312128	5402997652367	0.1287841796875	-0.0668792724609375	0.1112823486328125	131.0	
1501271312149	5403017793969	0.022247314453125	-0.0322418212890625	0.0647735595703125	131.0	
1501271312163	5403037935570	-0.06475830078125	0.0139923095703125	0.0108489990234375	131.0	
1501271312196	5403058077172	-0.0861053466796875	0.015655517578125	-0.00213623046875	131.0	
1501271312210	5403078218773	-0.0689697265625	-0.004730224609375	-0.0022735595703125	131.0	
1501271312228	5403098360375	-0.0124664306640625	-0.00201416015625	0.0054168701171875	131.0	
1501271312248	5403118501977	0.049407958984375	0.0153045654296875	0.03045654296875	131.0	
1501271312265	5403138643578	0.043914794921875	0.0152435302734375	0.024658203125	131.0	
1501271312287	5403158785180	0.04180908203125	-0.01812744140625	0.0101165771484375	131.0	
1501271312311	5403178926781	-3.35693359375E-4	-0.013336181640625	-0.0060577392578125	131.0	
1501271312327	5403199068383	-0.011810302734375	0.0205230712890625	-0.0163421630859375	131.0	
1501271312357	5403219209984	-0.0529632568359375	-0.0179901123046875	0.013031005859375	131.0	
1501271312371	5403239351586	-0.0349884033203125	-0.076446533203125	0.0214385986328125	131.0	
1501271312389	5403259493187	0.0107421875	-0.0703125	0.0224761962890625	131.0	
1501271312406	5403279634789	-0.035308837890625	-0.010101318359375	-0.002349853515625	131.0	
1501271312424	5403299776391	-0.096466064453125	0.0093231201171875	-0.0359344482421875	131.0	
1501271312443	5403319917992	-0.0558319091796875	-0.0232086181640625	-0.06719970703125	131.0	
1501271312464	5403340059594	0.0431671142578125	-0.048736572265625	-0.0552520751953125	131.0	
1501271312478	5403360201195	0.0735931396484375	-0.032501220703125	-0.04119873046875	131.0	
1501271312514	5403380342797	0.0626678466796875	-0.0891265869140625	-0.023468017578125	131.0	
1501271312531	5403400484398	0.0166015625	-0.195037841796875	-6.40869140625E-4	131.0	
1501271312552	5403420626000	-0.013702392578125	-0.2617950439453125	0.0234832763671875	131.0	
1501271312567	5403440767602	-0.0688018798828125	-0.21942138671875	0.076080322265625	131.0	
1501271312585	5403460909203	-0.1336212158203125	-0.0622406005859375	0.19366455078125	131.0	
1501271312603	5403481050805	-0.1605224609375	0.1625518798828125	0.2910919189453125	131.0	
1501271312640	5403501192406	-0.179962158203125	0.228546142578125	0.2960662841796875	131.0	
1501271312661	5403521334008	-0.15313720703125	0.2088470458984375	0.2024688720703125	131.0	
1501271312698	5403541475609	-0.0475616455078125	0.16278076171875	0.04815673828125	131.0	
1501271312708	5403561617211	0.0050506591796875	0.021209716796875	-0.0756988525390625	131.0	
1501271312715	5403581758812	0.01898193359375	-0.033203125	-0.1272430419921875	131.0	
1501271312729	5403601900414	-0.013946533203125	-0.064208984375	-0.0820159912109375	131.0	
1501271312748	5403622042016	-0.0527191162109375	-0.0876922607421875	-0.01409912109375	131.0	
1501271312766	5403642183617	-0.073699951171875	-0.112060546875	-0.0288543701171875	131.0	
1501271312786	5403662325219	-0.0208892822265625	-0.0388031005859375	-0.0834808349609375	131.0	
1501271312801	5403682466820	0.031402587890625	0.0093994140625	-0.123382568359375	131.0	
1501271312856	5403702608422	0.077667236328125	0.002166748046875	-0.104461669921875	131.0	
1501271312868	5403722750023	0.104400634765625	-0.084075927734375	-0.066436767578125	131.0	
1501271312874	5403742891625	0.0720367431640625	-0.164154052734375	-0.0465545654296875	131.0	
1501271312894	5403763033227	0.038818359375	-0.1112518310546875	-0.071624755859375	131.0	
1501271312910	5403783174828	0.0438232421875	0.0113372802734375	-0.092041015625	131.0	
1501271312928	5403803316430	0.03857421875	0.041259765625	-0.08099365234375	131.0	
1501271312950	5403823458031	0.0466461181640625	0.01470947265625	-0.0550384521484375	131.0	
1501271312963	5403843599633	0.113677978515625	0.04925537109375	-0.03338623046875	131.0	
1501271312995	5403863741234	0.148406982421875	0.024505615234375	0.004425048828125	131.0	
1501271313015	5403883882836	0.1718902587890625	0.0703277587890625	0.0226898193359375	131.0	
1501271313031	5403904024437	0.1465301513671875	0.1624755859375	0.00750732421875	131.0	
1501271313049	5403924166039	0.105560302734375	0.20941162109375	-0.0509185791015625	131.0	
1501271313067	5403944307641	0.0511474609375	0.1545562744140625	-0.12982177734375	131.0	
1501271313085	5403964449242	0.0277557373046875	0.0569915771484375	-0.183258056640625	131.0	
1501271313103	5403984590844	-0.07208251953125	-0.00213623046875	-0.238311767578125	131.0	
1501271313120	5404004732445	-0.2458038330078125	-0.0265960693359375	-0.2524566650390625	131.0	
1501271313170	5404024874047	-0.268707275390625	0.0248565673828125	-0.19293212890625	131.0	
1501271313175	5404045015648	-0.121978759765625	0.0977630615234375	-0.0686187744140625	131.0	
1501271313199	5404065157250	0.0534515380859375	0.1226806640625	0.0679779052734375	131.0	
1501271313211	5404085298852	0.2225494384765625	0.0194091796875	0.16156005859375	131.0	
1501271313233	5404105440453	0.2746429443359375	-0.3040771484375	0.061370849609375	131.0	
1501271313256	5404125582055	0.097137451171875	-0.3671722412109375	-0.1940460205078125	131.0	
1501271313268	5404145723656	-0.031524658203125	-0.1265716552734375	-0.378753662109375	131.0	
1501271313303	5404165865258	0.0476226806640625	-0.0422210693359375	-0.4495086669921875	131.0	
1501271313322	5404186006859	0.0620880126953125	-0.0648956298828125	-0.3645782470703125	105.0	
1501271313349	5404206148461	-0.1703338623046875	-0.3952789306640625	-0.1932373046875	105.0	
1501271313366	5404226290062	-0.3329925537109375	-0.539093017578125	-0.0443878173828125	105.0	
1501271313384	5404246431664	-0.28082275390625	-0.322052001953125	0.0132904052734375	105.0	
1501271313398	5404266573266	-0.2237396240234375	0.01080322265625	-0.0227203369140625	105.0	
1501271313414	5404286714867	-0.231781005859375	0.1754608154296875	-0.0706634521484375	105.0	
1501271313429	5404306856469	-0.2217864990234375	0.1416473388671875	-0.0885009765625	105.0	
1501271313494	5404326998070	-0.1827239990234375	0.0055694580078125	-0.0714111328125	105.0	
1501271313504	5404347139672	-0.0763397216796875	-0.0709075927734375	-0.03900146484375	105.0	
1501271313508	5404367281273	-0.0461883544921875	-0.0324554443359375	-0.0016021728515625	105.0	
1501271313517	5404387422875	-0.0717620849609375	0.037200927734375	0.064727783203125	105.0	
1501271313533	5404407564477	-0.058502197265625	0.0542144775390625	0.117645263671875	105.0	
1501271313550	5404427706078	0.0113525390625	0.0406646728515625	0.1353912353515625	105.0	
1501271313583	5404447847680	0.061767578125	-0.00469970703125	0.0965118408203125	105.0	
1501271313599	5404467989281	0.080078125	0.02166748046875	0.023040771484375	105.0	
1501271313631	5404488130883	0.0896759033203125	0.0390625	-0.006103515625	105.0	
1501271313640	5404508272484	0.12322998046875	0.0305023193359375	0.0701446533203125	105.0	
1501271313656	5404528414086	0.17633056640625	0.00665283203125	0.1591033935546875	105.0	
1501271313674	5404548555687	0.1651611328125	-0.0324554443359375	0.2009124755859375	105.0	
1501271313692	5404568697289	0.10693359375	-0.013885498046875	0.193115234375	105.0	
1501271313710	5404588838891	0.034759521484375	0.0381927490234375	0.1497039794921875	105.0	
1501271313732	5404608980492	-0.0293121337890625	0.1014251708984375	0.083709716796875	105.0	
1501271313749	5404629122094	-0.099822998046875	0.1098785400390625	0.0301513671875	105.0	
1501271313782	5404649263695	-0.16943359375	0.0913238525390625	0.0174560546875	105.0	
1501271313800	5404669405297	-0.18280029296875	0.09393310546875	-0.00299072265625	105.0	
1501271313818	5404689546898	-0.079986572265625	0.1812591552734375	0.018524169921875	105.0	
1501271313837	5404709688500	0.0540313720703125	0.1649932861328125	0.0764007568359375	105.0	
1501271313858	5404729830102	0.1121673583984375	0.0749359130859375	0.1172332763671875	105.0	
1501271313873	5404749971703	0.13214111328125	0.067230224609375	0.0780792236328125	105.0	
1501271313889	5404770113305	0.11334228515625	0.020751953125	0.0452117919921875	105.0	
1501271313907	5404790254906	0.1517791748046875	-0.09002685546875	0.0888214111328125	105.0	
1501271313942	5404810396508	0.1868743896484375	-0.10052490234375	0.1280059814453125	105.0	
1501271313960	5404830538109	0.2735748291015625	-0.094390869140625	0.1561431884765625	105.0	
1501271313978	5404850679711	0.352752685546875	-0.0144500732421875	0.1408843994140625	105.0	
1501271314000	5404870821312	0.3924560546875	0.141357421875	0.0410003662109375	105.0	
1501271314019	5404890962914	0.3964691162109375	0.2292327880859375	-0.1488800048828125	105.0	
1501271314031	5404911104516	0.36456298828125	0.3026123046875	-0.374359130859375	105.0	
1501271314050	5404931246117	0.2709197998046875	0.3062286376953125	-0.5074462890625	105.0	
1501271314067	5404951387719	0.0546417236328125	0.330780029296875	-0.531402587890625	105.0	
1501271314103	5404971529320	-0.2912445068359375	0.3914337158203125	-0.4425201416015625	105.0	
1501271314121	5404991670922	-0.680419921875	0.3315887451171875	-0.309173583984375	105.0	
1501271314140	5405011812523	-0.85662841796875	0.3285980224609375	-0.112091064453125	105.0	
1501271314157	5405031954125	-0.781707763671875	0.4690399169921875	0.20684814453125	105.0	
1501271314174	5405052095727	-0.793304443359375	0.9037017822265625	0.4040985107421875	105.0	
1501271314192	5405072237328	-0.9033660888671875	1.0915069580078125	0.4135589599609375	105.0	
1501271314211	5405092378930	-0.990997314453125	1.0201416015625	0.197540283203125	105.0	
1501271314249	5405112520531	-0.8538055419921875	0.7837982177734375	-0.0917816162109375	105.0	
1501271314268	5405132662133	-0.4956512451171875	0.642608642578125	-0.1752166748046875	105.0	
1501271314283	5405152803734	-0.1772918701171875	0.603668212890625	-0.0203094482421875	105.0	
1501271314299	5405172945336	-0.0764923095703125	0.7453765869140625	0.1326904296875	105.0	
1501271314317	5405193086937	-0.1122589111328125	0.8108978271484375	0.1990509033203125	105.0	
1501271314341	5405213228539	-0.132080078125	0.7879791259765625	0.167724609375	105.0	
1501271314358	5405233370141	-0.0775299072265625	0.748748779296875	0.06787109375	105.0	
1501271314375	5405253511742	0.0808868408203125	0.7220458984375	0.06005859375	105.0	
1501271314408	5405273653344	0.2652435302734375	0.7080078125	0.1871185302734375	105.0	
1501271314426	5405293794945	0.3168487548828125	0.6265106201171875	0.2728118896484375	105.0	
1501271314442	5405313936547	0.2642059326171875	0.6096649169921875	0.2099761962890625	105.0	
1501271314460	5405334078148	0.1855010986328125	0.751373291015625	0.1891021728515625	105.0	
1501271314479	5405354219750	0.1498870849609375	1.01763916015625	0.2138671875	105.0	
1501271314499	5405374361352	0.107666015625	1.3299407958984375	0.081634521484375	105.0	
1501271314514	5405394502953	0.1443939208984375	1.091278076171875	0.1519317626953125	105.0	
1501271314531	5405414644555	0.2392578125	0.4943084716796875	0.21466064453125	105.0	
1501271314567	5405434786156	0.30499267578125	0.0057830810546875	0.01654052734375	105.0	
1501271314590	5405454927758	0.270660400390625	-0.0057220458984375	0.0301666259765625	105.0	
1501271314605	5405475069359	0.0748443603515625	0.2953948974609375	-0.0088653564453125	105.0	
1501271314621	5405495210961	-0.1474609375	0.118377685546875	-0.063507080078125	105.0	
1501271314639	5405515352562	0.1438140869140625	-0.3690948486328125	0.0106353759765625	105.0	
1501271314662	5405535494164	0.278289794921875	-0.916259765625	0.002471923828125	105.0	
1501271314686	5405555635766	-0.16900634765625	-1.3775634765625	-0.0796051025390625	105.0	
1501271314698	5405575777367	-0.6140289306640625	-1.70184326171875	-0.2353057861328125	105.0	
1501271314729	5405595918969	-0.5080413818359375	-1.467132568359375	-0.2934722900390625	105.0	
1501271314800	5405616060570	-0.388916015625	-0.91015625	-0.1956329345703125	105.0	
1501271314826	5405636202172	-0.175567626953125	-0.5857696533203125	0.01434326171875	105.0	
1501271314848	5405656343773	0.061279296875	-0.50225830078125	0.1805419921875	105.0	
1501271314867	5405676504600	0.064453125	-0.5189056396484375	0.210174560546875	105.0	
1501271314883	5405696646202	-0.008636474609375	-0.4708251953125	0.1038360595703125	105.0	
1501271314899	5405716787803	0.0160675048828125	-0.3751373291015625	0.0113677978515625	105.0	
1501271314932	5405736929405	0.0597991943359375	-0.1228485107421875	0.0281829833984375	105.0	
1501271314987	5405757071006	0.052825927734375	0.0213623046875	0.0249481201171875	105.0	
1501271315001	5405777212608	0.026885986328125	-0.0428314208984375	0.005126953125	105.0	
1501271315009	5405797354209	0.0647735595703125	-0.192596435546875	0.0106201171875	105.0	
1501271315019	5405817495811	0.0983734130859375	-0.2985076904296875	-0.0040435791015625	105.0	
1501271315031	5405837637412	0.106353759765625	-0.2615966796875	-0.0521697998046875	105.0	
